
# time = 0
0.0005 0.00314159
0.0015 0.00942464
0.0025 0.0157073
0.0035 0.0219894
0.0045 0.0282706
0.0055 0.0345506
0.0065 0.0408294
0.0075 0.0471065
0.0085 0.0533817
0.0095 0.0596548
0.0105 0.0659256
0.0115 0.0721938
0.0125 0.0784591
0.0135 0.0847213
0.0145 0.0909802
0.0155 0.0972355
0.0165 0.103487
0.0175 0.109734
0.0185 0.115977
0.0195 0.122216
0.0205 0.128449
0.0215 0.134678
0.0225 0.140901
0.0235 0.147119
0.0245 0.153331
0.0255 0.159537
0.0265 0.165736
0.0275 0.171929
0.0285 0.178115
0.0295 0.184294
0.0305 0.190466
0.0315 0.196631
0.0325 0.202787
0.0335 0.208936
0.0345 0.215076
0.0355 0.221208
0.0365 0.227331
0.0375 0.233445
0.0385 0.23955
0.0395 0.245646
0.0405 0.251732
0.0415 0.257807
0.0425 0.263873
0.0435 0.269928
0.0445 0.275973
0.0455 0.282007
0.0465 0.288029
0.0475 0.29404
0.0485 0.30004
0.0495 0.306028
0.0505 0.312003
0.0515 0.317967
0.0525 0.323917
0.0535 0.329855
0.0545 0.33578
0.0555 0.341692
0.0565 0.34759
0.0575 0.353475
0.0585 0.359345
0.0595 0.365202
0.0605 0.371044
0.0615 0.376871
0.0625 0.382683
0.0635 0.388481
0.0645 0.394263
0.0655 0.400029
0.0665 0.40578
0.0675 0.411514
0.0685 0.417233
0.0695 0.422935
0.0705 0.42862
0.0715 0.434288
0.0725 0.439939
0.0735 0.445573
0.0745 0.451189
0.0755 0.456787
0.0765 0.462368
0.0775 0.46793
0.0785 0.473473
0.0795 0.478998
0.0805 0.484504
0.0815 0.489991
0.0825 0.495459
0.0835 0.500907
0.0845 0.506335
0.0855 0.511743
0.0865 0.517131
0.0875 0.522499
0.0885 0.527846
0.0895 0.533172
0.0905 0.538477
0.0915 0.54376
0.0925 0.549023
0.0935 0.554263
0.0945 0.559482
0.0955 0.564679
0.0965 0.569853
0.0975 0.575005
0.0985 0.580134
0.0995 0.585241
0.1005 0.590324
0.1015 0.595384
0.1025 0.60042
0.1035 0.605433
0.1045 0.610422
0.1055 0.615386
0.1065 0.620327
0.1075 0.625243
0.1085 0.630134
0.1095 0.635
0.1105 0.639841
0.1115 0.644657
0.1125 0.649448
0.1135 0.654213
0.1145 0.658952
0.1155 0.663665
0.1165 0.668352
0.1175 0.673013
0.1185 0.677646
0.1195 0.682254
0.1205 0.686834
0.1215 0.691387
0.1225 0.695913
0.1235 0.700411
0.1245 0.704882
0.1255 0.709325
0.1265 0.71374
0.1275 0.718126
0.1285 0.722485
0.1295 0.726814
0.1305 0.731116
0.1315 0.735388
0.1325 0.739631
0.1335 0.743845
0.1345 0.74803
0.1355 0.752185
0.1365 0.75631
0.1375 0.760406
0.1385 0.764472
0.1395 0.768507
0.1405 0.772512
0.1415 0.776487
0.1425 0.78043
0.1435 0.784343
0.1445 0.788226
0.1455 0.792077
0.1465 0.795896
0.1475 0.799685
0.1485 0.803441
0.1495 0.807166
0.1505 0.81086
0.1515 0.814521
0.1525 0.81815
0.1535 0.821746
0.1545 0.825311
0.1555 0.828842
0.1565 0.832341
0.1575 0.835807
0.1585 0.83924
0.1595 0.84264
0.1605 0.846007
0.1615 0.84934
0.1625 0.85264
0.1635 0.855906
0.1645 0.859139
0.1655 0.862337
0.1665 0.865501
0.1675 0.868632
0.1685 0.871727
0.1695 0.874789
0.1705 0.877816
0.1715 0.880808
0.1725 0.883766
0.1735 0.886688
0.1745 0.889576
0.1755 0.892428
0.1765 0.895246
0.1775 0.898028
0.1785 0.900774
0.1795 0.903485
0.1805 0.90616
0.1815 0.9088
0.1825 0.911403
0.1835 0.913971
0.1845 0.916502
0.1855 0.918998
0.1865 0.921457
0.1875 0.92388
0.1885 0.926266
0.1895 0.928615
0.1905 0.930928
0.1915 0.933205
0.1925 0.935444
0.1935 0.937646
0.1945 0.939812
0.1955 0.94194
0.1965 0.944031
0.1975 0.946085
0.1985 0.948102
0.1995 0.950081
0.2005 0.952023
0.2015 0.953927
0.2025 0.955793
0.2035 0.957622
0.2045 0.959412
0.2055 0.961165
0.2065 0.96288
0.2075 0.964557
0.2085 0.966196
0.2095 0.967797
0.2105 0.96936
0.2115 0.970884
0.2125 0.97237
0.2135 0.973817
0.2145 0.975227
0.2155 0.976597
0.2165 0.977929
0.2175 0.979223
0.2185 0.980478
0.2195 0.981694
0.2205 0.982871
0.2215 0.98401
0.2225 0.985109
0.2235 0.98617
0.2245 0.987192
0.2255 0.988175
0.2265 0.989119
0.2275 0.990024
0.2285 0.990889
0.2295 0.991716
0.2305 0.992504
0.2315 0.993252
0.2325 0.993961
0.2335 0.994631
0.2345 0.995261
0.2355 0.995853
0.2365 0.996405
0.2375 0.996917
0.2385 0.997391
0.2395 0.997825
0.2405 0.998219
0.2415 0.998574
0.2425 0.99889
0.2435 0.999166
0.2445 0.999403
0.2455 0.9996
0.2465 0.999758
0.2475 0.999877
0.2485 0.999956
0.2495 0.999995
0.2505 0.999995
0.2515 0.999956
0.2525 0.999877
0.2535 0.999758
0.2545 0.9996
0.2555 0.999403
0.2565 0.999166
0.2575 0.99889
0.2585 0.998574
0.2595 0.998219
0.2605 0.997825
0.2615 0.997391
0.2625 0.996917
0.2635 0.996405
0.2645 0.995853
0.2655 0.995261
0.2665 0.994631
0.2675 0.993961
0.2685 0.993252
0.2695 0.992504
0.2705 0.991716
0.2715 0.990889
0.2725 0.990024
0.2735 0.989119
0.2745 0.988175
0.2755 0.987192
0.2765 0.98617
0.2775 0.985109
0.2785 0.98401
0.2795 0.982871
0.2805 0.981694
0.2815 0.980478
0.2825 0.979223
0.2835 0.977929
0.2845 0.976597
0.2855 0.975227
0.2865 0.973817
0.2875 0.97237
0.2885 0.970884
0.2895 0.96936
0.2905 0.967797
0.2915 0.966196
0.2925 0.964557
0.2935 0.96288
0.2945 0.961165
0.2955 0.959412
0.2965 0.957622
0.2975 0.955793
0.2985 0.953927
0.2995 0.952023
0.3005 0.950081
0.3015 0.948102
0.3025 0.946085
0.3035 0.944031
0.3045 0.94194
0.3055 0.939812
0.3065 0.937646
0.3075 0.935444
0.3085 0.933205
0.3095 0.930928
0.3105 0.928615
0.3115 0.926266
0.3125 0.92388
0.3135 0.921457
0.3145 0.918998
0.3155 0.916502
0.3165 0.913971
0.3175 0.911403
0.3185 0.9088
0.3195 0.90616
0.3205 0.903485
0.3215 0.900774
0.3225 0.898028
0.3235 0.895246
0.3245 0.892428
0.3255 0.889576
0.3265 0.886688
0.3275 0.883766
0.3285 0.880808
0.3295 0.877816
0.3305 0.874789
0.3315 0.871727
0.3325 0.868632
0.3335 0.865501
0.3345 0.862337
0.3355 0.859139
0.3365 0.855906
0.3375 0.85264
0.3385 0.84934
0.3395 0.846007
0.3405 0.84264
0.3415 0.83924
0.3425 0.835807
0.3435 0.832341
0.3445 0.828842
0.3455 0.825311
0.3465 0.821746
0.3475 0.81815
0.3485 0.814521
0.3495 0.81086
0.3505 0.807166
0.3515 0.803441
0.3525 0.799685
0.3535 0.795896
0.3545 0.792077
0.3555 0.788226
0.3565 0.784343
0.3575 0.78043
0.3585 0.776487
0.3595 0.772512
0.3605 0.768507
0.3615 0.764472
0.3625 0.760406
0.3635 0.75631
0.3645 0.752185
0.3655 0.74803
0.3665 0.743845
0.3675 0.739631
0.3685 0.735388
0.3695 0.731116
0.3705 0.726814
0.3715 0.722485
0.3725 0.718126
0.3735 0.71374
0.3745 0.709325
0.3755 0.704882
0.3765 0.700411
0.3775 0.695913
0.3785 0.691387
0.3795 0.686834
0.3805 0.682254
0.3815 0.677646
0.3825 0.673013
0.3835 0.668352
0.3845 0.663665
0.3855 0.658952
0.3865 0.654213
0.3875 0.649448
0.3885 0.644657
0.3895 0.639841
0.3905 0.635
0.3915 0.630134
0.3925 0.625243
0.3935 0.620327
0.3945 0.615386
0.3955 0.610422
0.3965 0.605433
0.3975 0.60042
0.3985 0.595384
0.3995 0.590324
0.4005 0.585241
0.4015 0.580134
0.4025 0.575005
0.4035 0.569853
0.4045 0.564679
0.4055 0.559482
0.4065 0.554263
0.4075 0.549023
0.4085 0.54376
0.4095 0.538477
0.4105 0.533172
0.4115 0.527846
0.4125 0.522499
0.4135 0.517131
0.4145 0.511743
0.4155 0.506335
0.4165 0.500907
0.4175 0.495459
0.4185 0.489991
0.4195 0.484504
0.4205 0.478998
0.4215 0.473473
0.4225 0.46793
0.4235 0.462368
0.4245 0.456787
0.4255 0.451189
0.4265 0.445573
0.4275 0.439939
0.4285 0.434288
0.4295 0.42862
0.4305 0.422935
0.4315 0.417233
0.4325 0.411514
0.4335 0.40578
0.4345 0.400029
0.4355 0.394263
0.4365 0.388481
0.4375 0.382683
0.4385 0.376871
0.4395 0.371044
0.4405 0.365202
0.4415 0.359345
0.4425 0.353475
0.4435 0.34759
0.4445 0.341692
0.4455 0.33578
0.4465 0.329855
0.4475 0.323917
0.4485 0.317967
0.4495 0.312003
0.4505 0.306028
0.4515 0.30004
0.4525 0.29404
0.4535 0.288029
0.4545 0.282007
0.4555 0.275973
0.4565 0.269928
0.4575 0.263873
0.4585 0.257807
0.4595 0.251732
0.4605 0.245646
0.4615 0.23955
0.4625 0.233445
0.4635 0.227331
0.4645 0.221208
0.4655 0.215076
0.4665 0.208936
0.4675 0.202787
0.4685 0.196631
0.4695 0.190466
0.4705 0.184294
0.4715 0.178115
0.4725 0.171929
0.4735 0.165736
0.4745 0.159537
0.4755 0.153331
0.4765 0.147119
0.4775 0.140901
0.4785 0.134678
0.4795 0.128449
0.4805 0.122216
0.4815 0.115977
0.4825 0.109734
0.4835 0.103487
0.4845 0.0972355
0.4855 0.0909802
0.4865 0.0847213
0.4875 0.0784591
0.4885 0.0721938
0.4895 0.0659256
0.4905 0.0596548
0.4915 0.0533817
0.4925 0.0471065
0.4935 0.0408294
0.4945 0.0345506
0.4955 0.0282706
0.4965 0.0219894
0.4975 0.0157073
0.4985 0.00942464
0.4995 0.00314159
0.5005 -0.00314159
0.5015 -0.00942464
0.5025 -0.0157073
0.5035 -0.0219894
0.5045 -0.0282706
0.5055 -0.0345506
0.5065 -0.0408294
0.5075 -0.0471065
0.5085 -0.0533817
0.5095 -0.0596548
0.5105 -0.0659256
0.5115 -0.0721938
0.5125 -0.0784591
0.5135 -0.0847213
0.5145 -0.0909802
0.5155 -0.0972355
0.5165 -0.103487
0.5175 -0.109734
0.5185 -0.115977
0.5195 -0.122216
0.5205 -0.128449
0.5215 -0.134678
0.5225 -0.140901
0.5235 -0.147119
0.5245 -0.153331
0.5255 -0.159537
0.5265 -0.165736
0.5275 -0.171929
0.5285 -0.178115
0.5295 -0.184294
0.5305 -0.190466
0.5315 -0.196631
0.5325 -0.202787
0.5335 -0.208936
0.5345 -0.215076
0.5355 -0.221208
0.5365 -0.227331
0.5375 -0.233445
0.5385 -0.23955
0.5395 -0.245646
0.5405 -0.251732
0.5415 -0.257807
0.5425 -0.263873
0.5435 -0.269928
0.5445 -0.275973
0.5455 -0.282007
0.5465 -0.288029
0.5475 -0.29404
0.5485 -0.30004
0.5495 -0.306028
0.5505 -0.312003
0.5515 -0.317967
0.5525 -0.323917
0.5535 -0.329855
0.5545 -0.33578
0.5555 -0.341692
0.5565 -0.34759
0.5575 -0.353475
0.5585 -0.359345
0.5595 -0.365202
0.5605 -0.371044
0.5615 -0.376871
0.5625 -0.382683
0.5635 -0.388481
0.5645 -0.394263
0.5655 -0.400029
0.5665 -0.40578
0.5675 -0.411514
0.5685 -0.417233
0.5695 -0.422935
0.5705 -0.42862
0.5715 -0.434288
0.5725 -0.439939
0.5735 -0.445573
0.5745 -0.451189
0.5755 -0.456787
0.5765 -0.462368
0.5775 -0.46793
0.5785 -0.473473
0.5795 -0.478998
0.5805 -0.484504
0.5815 -0.489991
0.5825 -0.495459
0.5835 -0.500907
0.5845 -0.506335
0.5855 -0.511743
0.5865 -0.517131
0.5875 -0.522499
0.5885 -0.527846
0.5895 -0.533172
0.5905 -0.538477
0.5915 -0.54376
0.5925 -0.549023
0.5935 -0.554263
0.5945 -0.559482
0.5955 -0.564679
0.5965 -0.569853
0.5975 -0.575005
0.5985 -0.580134
0.5995 -0.585241
0.6005 -0.590324
0.6015 -0.595384
0.6025 -0.60042
0.6035 -0.605433
0.6045 -0.610422
0.6055 -0.615386
0.6065 -0.620327
0.6075 -0.625243
0.6085 -0.630134
0.6095 -0.635
0.6105 -0.639841
0.6115 -0.644657
0.6125 -0.649448
0.6135 -0.654213
0.6145 -0.658952
0.6155 -0.663665
0.6165 -0.668352
0.6175 -0.673013
0.6185 -0.677646
0.6195 -0.682254
0.6205 -0.686834
0.6215 -0.691387
0.6225 -0.695913
0.6235 -0.700411
0.6245 -0.704882
0.6255 -0.709325
0.6265 -0.71374
0.6275 -0.718126
0.6285 -0.722485
0.6295 -0.726814
0.6305 -0.731116
0.6315 -0.735388
0.6325 -0.739631
0.6335 -0.743845
0.6345 -0.74803
0.6355 -0.752185
0.6365 -0.75631
0.6375 -0.760406
0.6385 -0.764472
0.6395 -0.768507
0.6405 -0.772512
0.6415 -0.776487
0.6425 -0.78043
0.6435 -0.784343
0.6445 -0.788226
0.6455 -0.792077
0.6465 -0.795896
0.6475 -0.799685
0.6485 -0.803441
0.6495 -0.807166
0.6505 -0.81086
0.6515 -0.814521
0.6525 -0.81815
0.6535 -0.821746
0.6545 -0.825311
0.6555 -0.828842
0.6565 -0.832341
0.6575 -0.835807
0.6585 -0.83924
0.6595 -0.84264
0.6605 -0.846007
0.6615 -0.84934
0.6625 -0.85264
0.6635 -0.855906
0.6645 -0.859139
0.6655 -0.862337
0.6665 -0.865501
0.6675 -0.868632
0.6685 -0.871727
0.6695 -0.874789
0.6705 -0.877816
0.6715 -0.880808
0.6725 -0.883766
0.6735 -0.886688
0.6745 -0.889576
0.6755 -0.892428
0.6765 -0.895246
0.6775 -0.898028
0.6785 -0.900774
0.6795 -0.903485
0.6805 -0.90616
0.6815 -0.9088
0.6825 -0.911403
0.6835 -0.913971
0.6845 -0.916502
0.6855 -0.918998
0.6865 -0.921457
0.6875 -0.92388
0.6885 -0.926266
0.6895 -0.928615
0.6905 -0.930928
0.6915 -0.933205
0.6925 -0.935444
0.6935 -0.937646
0.6945 -0.939812
0.6955 -0.94194
0.6965 -0.944031
0.6975 -0.946085
0.6985 -0.948102
0.6995 -0.950081
0.7005 -0.952023
0.7015 -0.953927
0.7025 -0.955793
0.7035 -0.957622
0.7045 -0.959412
0.7055 -0.961165
0.7065 -0.96288
0.7075 -0.964557
0.7085 -0.966196
0.7095 -0.967797
0.7105 -0.96936
0.7115 -0.970884
0.7125 -0.97237
0.7135 -0.973817
0.7145 -0.975227
0.7155 -0.976597
0.7165 -0.977929
0.7175 -0.979223
0.7185 -0.980478
0.7195 -0.981694
0.7205 -0.982871
0.7215 -0.98401
0.7225 -0.985109
0.7235 -0.98617
0.7245 -0.987192
0.7255 -0.988175
0.7265 -0.989119
0.7275 -0.990024
0.7285 -0.990889
0.7295 -0.991716
0.7305 -0.992504
0.7315 -0.993252
0.7325 -0.993961
0.7335 -0.994631
0.7345 -0.995261
0.7355 -0.995853
0.7365 -0.996405
0.7375 -0.996917
0.7385 -0.997391
0.7395 -0.997825
0.7405 -0.998219
0.7415 -0.998574
0.7425 -0.99889
0.7435 -0.999166
0.7445 -0.999403
0.7455 -0.9996
0.7465 -0.999758
0.7475 -0.999877
0.7485 -0.999956
0.7495 -0.999995
0.7505 -0.999995
0.7515 -0.999956
0.7525 -0.999877
0.7535 -0.999758
0.7545 -0.9996
0.7555 -0.999403
0.7565 -0.999166
0.7575 -0.99889
0.7585 -0.998574
0.7595 -0.998219
0.7605 -0.997825
0.7615 -0.997391
0.7625 -0.996917
0.7635 -0.996405
0.7645 -0.995853
0.7655 -0.995261
0.7665 -0.994631
0.7675 -0.993961
0.7685 -0.993252
0.7695 -0.992504
0.7705 -0.991716
0.7715 -0.990889
0.7725 -0.990024
0.7735 -0.989119
0.7745 -0.988175
0.7755 -0.987192
0.7765 -0.98617
0.7775 -0.985109
0.7785 -0.98401
0.7795 -0.982871
0.7805 -0.981694
0.7815 -0.980478
0.7825 -0.979223
0.7835 -0.977929
0.7845 -0.976597
0.7855 -0.975227
0.7865 -0.973817
0.7875 -0.97237
0.7885 -0.970884
0.7895 -0.96936
0.7905 -0.967797
0.7915 -0.966196
0.7925 -0.964557
0.7935 -0.96288
0.7945 -0.961165
0.7955 -0.959412
0.7965 -0.957622
0.7975 -0.955793
0.7985 -0.953927
0.7995 -0.952023
0.8005 -0.950081
0.8015 -0.948102
0.8025 -0.946085
0.8035 -0.944031
0.8045 -0.94194
0.8055 -0.939812
0.8065 -0.937646
0.8075 -0.935444
0.8085 -0.933205
0.8095 -0.930928
0.8105 -0.928615
0.8115 -0.926266
0.8125 -0.92388
0.8135 -0.921457
0.8145 -0.918998
0.8155 -0.916502
0.8165 -0.913971
0.8175 -0.911403
0.8185 -0.9088
0.8195 -0.90616
0.8205 -0.903485
0.8215 -0.900774
0.8225 -0.898028
0.8235 -0.895246
0.8245 -0.892428
0.8255 -0.889576
0.8265 -0.886688
0.8275 -0.883766
0.8285 -0.880808
0.8295 -0.877816
0.8305 -0.874789
0.8315 -0.871727
0.8325 -0.868632
0.8335 -0.865501
0.8345 -0.862337
0.8355 -0.859139
0.8365 -0.855906
0.8375 -0.85264
0.8385 -0.84934
0.8395 -0.846007
0.8405 -0.84264
0.8415 -0.83924
0.8425 -0.835807
0.8435 -0.832341
0.8445 -0.828842
0.8455 -0.825311
0.8465 -0.821746
0.8475 -0.81815
0.8485 -0.814521
0.8495 -0.81086
0.8505 -0.807166
0.8515 -0.803441
0.8525 -0.799685
0.8535 -0.795896
0.8545 -0.792077
0.8555 -0.788226
0.8565 -0.784343
0.8575 -0.78043
0.8585 -0.776487
0.8595 -0.772512
0.8605 -0.768507
0.8615 -0.764472
0.8625 -0.760406
0.8635 -0.75631
0.8645 -0.752185
0.8655 -0.74803
0.8665 -0.743845
0.8675 -0.739631
0.8685 -0.735388
0.8695 -0.731116
0.8705 -0.726814
0.8715 -0.722485
0.8725 -0.718126
0.8735 -0.71374
0.8745 -0.709325
0.8755 -0.704882
0.8765 -0.700411
0.8775 -0.695913
0.8785 -0.691387
0.8795 -0.686834
0.8805 -0.682254
0.8815 -0.677646
0.8825 -0.673013
0.8835 -0.668352
0.8845 -0.663665
0.8855 -0.658952
0.8865 -0.654213
0.8875 -0.649448
0.8885 -0.644657
0.8895 -0.639841
0.8905 -0.635
0.8915 -0.630134
0.8925 -0.625243
0.8935 -0.620327
0.8945 -0.615386
0.8955 -0.610422
0.8965 -0.605433
0.8975 -0.60042
0.8985 -0.595384
0.8995 -0.590324
0.9005 -0.585241
0.9015 -0.580134
0.9025 -0.575005
0.9035 -0.569853
0.9045 -0.564679
0.9055 -0.559482
0.9065 -0.554263
0.9075 -0.549023
0.9085 -0.54376
0.9095 -0.538477
0.9105 -0.533172
0.9115 -0.527846
0.9125 -0.522499
0.9135 -0.517131
0.9145 -0.511743
0.9155 -0.506335
0.9165 -0.500907
0.9175 -0.495459
0.9185 -0.489991
0.9195 -0.484504
0.9205 -0.478998
0.9215 -0.473473
0.9225 -0.46793
0.9235 -0.462368
0.9245 -0.456787
0.9255 -0.451189
0.9265 -0.445573
0.9275 -0.439939
0.9285 -0.434288
0.9295 -0.42862
0.9305 -0.422935
0.9315 -0.417233
0.9325 -0.411514
0.9335 -0.40578
0.9345 -0.400029
0.9355 -0.394263
0.9365 -0.388481
0.9375 -0.382683
0.9385 -0.376871
0.9395 -0.371044
0.9405 -0.365202
0.9415 -0.359345
0.9425 -0.353475
0.9435 -0.34759
0.9445 -0.341692
0.9455 -0.33578
0.9465 -0.329855
0.9475 -0.323917
0.9485 -0.317967
0.9495 -0.312003
0.9505 -0.306028
0.9515 -0.30004
0.9525 -0.29404
0.9535 -0.288029
0.9545 -0.282007
0.9555 -0.275973
0.9565 -0.269928
0.9575 -0.263873
0.9585 -0.257807
0.9595 -0.251732
0.9605 -0.245646
0.9615 -0.23955
0.9625 -0.233445
0.9635 -0.227331
0.9645 -0.221208
0.9655 -0.215076
0.9665 -0.208936
0.9675 -0.202787
0.9685 -0.196631
0.9695 -0.190466
0.9705 -0.184294
0.9715 -0.178115
0.9725 -0.171929
0.9735 -0.165736
0.9745 -0.159537
0.9755 -0.153331
0.9765 -0.147119
0.9775 -0.140901
0.9785 -0.134678
0.9795 -0.128449
0.9805 -0.122216
0.9815 -0.115977
0.9825 -0.109734
0.9835 -0.103487
0.9845 -0.0972355
0.9855 -0.0909802
0.9865 -0.0847213
0.9875 -0.0784591
0.9885 -0.0721938
0.9895 -0.0659256
0.9905 -0.0596548
0.9915 -0.0533817
0.9925 -0.0471065
0.9935 -0.0408294
0.9945 -0.0345506
0.9955 -0.0282706
0.9965 -0.0219894
0.9975 -0.0157073
0.9985 -0.00942464
0.9995 -0.00314159

# time = 0.25
0.0005 0.000181532
0.0015 -3.95538e-05
0.0025 -0.000585964
0.0035 -4.13034e-05
0.0045 -0.000104032
0.0055 -9.97615e-05
0.0065 -8.04781e-05
0.0075 -0.000271137
0.0085 0.00112468
0.0095 0.000893564
0.0105 0.000185397
0.0115 -0.000136848
0.0125 -0.00082033
0.0135 -0.000130277
0.0145 -0.000202783
0.0155 -0.000198093
0.0165 -0.000176242
0.0175 -0.000405198
0.0185 0.00154478
0.0195 0.00130841
0.0205 0.000188592
0.0215 -0.000233626
0.0225 -0.00105198
0.0235 -0.000218498
0.0245 -0.000300808
0.0255 -0.000295594
0.0265 -0.000271467
0.0275 -0.000537178
0.0285 0.00195766
0.0295 0.00171843
0.0305 0.000190639
0.0315 -0.000329766
0.0325 -0.00127787
0.0335 -0.000306344
0.0345 -0.000397514
0.0355 -0.000391996
0.0365 -0.000365401
0.0375 -0.000667789
0.0385 0.0023638
0.0395 0.00212388
0.0405 0.000193563
0.0415 -0.000426301
0.0425 -0.00150089
0.0435 -0.000392237
0.0445 -0.000492829
0.0455 -0.000486751
0.0465 -0.000458296
0.0475 -0.000794181
0.0485 0.00275649
0.0495 0.00251556
0.0505 0.000192727
0.0515 -0.000518506
0.0525 -0.00171327
0.0535 -0.000478001
0.0545 -0.00058592
0.0555 -0.00057971
0.0565 -0.000548822
0.0575 -0.000919693
0.0585 0.00314523
0.0595 0.00290849
0.0605 0.000197496
0.0615 -0.000613647
0.0625 -0.00192658
0.0635 -0.000559943
0.0645 -0.000677061
0.0655 -0.000670223
0.0665 -0.000638109
0.0675 -0.00103713
0.0685 0.00350603
0.0695 0.00326921
0.0705 0.000189384
0.0715 -0.000699275
0.0725 -0.00211661
0.0735 -0.000642921
0.0745 -0.000764997
0.0755 -0.000758225
0.0765 -0.000723681
0.0775 -0.00115692
0.0785 0.003875
0.0795 0.00366512
0.0805 0.000202424
0.0815 -0.000804874
0.0825 -0.00231934
0.0835 -0.00071866
0.0845 -0.000850422
0.0855 -0.000843147
0.0865 -0.000808241
0.0875 -0.0012611
0.0885 0.00418153
0.0895 0.00395812
0.0905 0.000177009
0.0915 -0.000872197
0.0925 -0.00247667
0.0935 -0.00079912
0.0945 -0.000931923
0.0955 -0.000924583
0.0965 -0.000887716
0.0975 -0.0013758
0.0985 0.0045417
0.0995 0.00438347
0.1005 0.000223942
0.1015 -0.000990458
0.1025 -0.00268266
0.1035 -0.00086816
0.1045 -0.00101
0.1055 -0.00100303
0.1065 -0.000966155
0.1075 -0.00145986
0.1085 0.00476013
0.1095 0.00455531
0.1105 0.000160468
0.1115 -0.00102017
0.1125 -0.00278023
0.1135 -0.000945523
0.1145 -0.0010845
0.1155 -0.00107566
0.1165 -0.00103919
0.1175 -0.00156715
0.1185 0.00514823
0.1195 0.00514908
0.1205 0.00025286
0.1215 -0.00122936
0.1225 -0.00297429
0.1235 -0.00100511
0.1245 -0.00115144
0.1255 -0.0011475
0.1265 -0.00110782
0.1275 -0.00162471
0.1285 0.00519945
0.1295 0.00499641
0.1305 4.76708e-05
0.1315 -0.00118665
0.1325 -0.00298723
0.1335 -0.00107302
0.1345 -0.0012198
0.1355 -0.00120783
0.1365 -0.00118175
0.1375 -0.00172759
0.1385 0.00560003
0.1395 0.00586378
0.1405 0.000367123
0.1415 -0.00148364
0.1425 -0.00325341
0.1435 -0.0011502
0.1445 -0.00127005
0.1455 -0.00127583
0.1465 -0.00123399
0.1475 -0.00178205
0.1485 0.00534814
0.1495 0.00522876
0.1505 0.000191496
0.1515 -0.00121711
0.1525 -0.00323704
0.1535 -0.00119897
0.1545 -0.00134065
0.1555 -0.00131791
0.1565 -0.00132586
0.1575 -0.00178471
0.1585 0.00603688
0.1595 0.00711292
0.1605 0.000654908
0.1615 -0.0018537
0.1625 -0.00320992
0.1635 -0.00132643
0.1645 -0.00135462
0.1655 -0.0013815
0.1665 -0.00131835
0.1675 -0.00183765
0.1685 0.00582744
0.1695 0.00545108
0.1705 -0.000730387
0.1715 -0.001654
0.1725 -0.00299699
0.1735 -0.00120016
0.1745 -0.00142131
0.1755 -0.0013985
0.1765 -0.00149949
0.1775 -0.00160023
0.1785 0.00563864
0.1795 0.00718835
0.1805 -0.000126911
0.1815 -0.00257413
0.1825 -0.00267155
0.1835 -0.00163463
0.1845 -0.00137942
0.1855 -0.00145981
0.1865 -0.00144994
0.1875 -0.00236341
0.1885 0.00410612
0.1895 0.00484256
0.1905 0.00183764
0.1915 -0.00150458
0.1925 -0.00498036
0.1935 -0.00147754
0.1945 -0.00149294
0.1955 -0.00149322
0.1965 -0.00184765
0.1975 -0.00094374
0.1985 0.00282791
0.1995 0.00870711
0.2005 0.00503566
0.2015 -0.000235685
0.2025 -0.0012768
0.2035 -0.00280203
0.2045 -0.00152046
0.2055 -0.00152074
0.2065 -0.00152097
0.2075 -0.00168254
0.2085 0.0126075
0.2095 0.0127594
0.2105 -0.00183813
0.2115 -0.00207949
0.2125 -0.00178219
0.2135 -0.00154162
0.2145 -0.00154197
0.2155 -0.00154226
0.2165 -0.00154249
0.2175 0.00412471
0.2185 0.000994131
0.2195 -0.00467954
0.2205 -0.0222624
0.2215 -0.00175217
0.2225 0.0189542
0.2235 -0.00155695
0.2245 -0.00155731
0.2255 -0.0015576
0.2265 -0.00155783
0.2275 -0.001558
0.2285 0.00102441
0.2295 0.00102114
0.2305 -0.00156489
0.2315 -0.00156545
0.2325 -0.00156595
0.2335 -0.00156638
0.2345 -0.00156675
0.2355 -0.00156706
0.2365 -0.00156731
0.2375 -0.00156749
0.2385 -0.0922455
0.2395 -0.0741918
0.2405 0.0345421
0.2415 0.0345462
0.2425 0.0345489
0.2435 0.0345503
0.2445 0.0345503
0.2455 0.0345489
0.2465 0.0345462
0.2475 0.0345421
0.2485 0.0345367
0.2495 0.0258983
0.2505 0.00863152
0.2515 6.93889e-15
0.2525 6.93889e-15
0.2535 0
0.2545 -6.93889e-15
0.2555 0
0.2565 -6.93889e-15
0.2575 -6.93889e-15
0.2585 -6.93889e-15
0.2595 -6.93889e-15
0.2605 6.93889e-15
0.2615 6.93889e-15
0.2625 -6.93889e-15
0.2635 -6.93889e-15
0.2645 0
0.2655 0
0.2665 0
0.2675 0
0.2685 6.93889e-15
0.2695 6.93889e-15
0.2705 -6.93889e-15
0.2715 -1.38778e-14
0.2725 -1.38778e-14
0.2735 -6.93889e-15
0.2745 0
0.2755 0
0.2765 0
0.2775 0
0.2785 0
0.2795 -6.93889e-15
0.2805 0
0.2815 6.93889e-15
0.2825 6.93889e-15
0.2835 6.93889e-15
0.2845 0
0.2855 0
0.2865 0
0.2875 -6.93889e-15
0.2885 0
0.2895 1.38778e-14
0.2905 0
0.2915 -6.93889e-15
0.2925 0
0.2935 0
0.2945 2.08167e-14
0.2955 1.38778e-14
0.2965 0
0.2975 6.93889e-15
0.2985 0
0.2995 0
0.3005 -6.93889e-15
0.3015 -6.93889e-15
0.3025 0
0.3035 0
0.3045 0
0.3055 6.93889e-15
0.3065 1.38778e-14
0.3075 0
0.3085 -6.93889e-15
0.3095 0
0.3105 0
0.3115 0
0.3125 -6.93889e-15
0.3135 -6.93889e-15
0.3145 6.93889e-15
0.3155 6.93889e-15
0.3165 6.93889e-15
0.3175 0
0.3185 -6.93889e-15
0.3195 0
0.3205 0
0.3215 6.93889e-15
0.3225 6.93889e-15
0.3235 -6.93889e-15
0.3245 -6.93889e-15
0.3255 6.93889e-15
0.3265 0
0.3275 -1.38778e-14
0.3285 0
0.3295 6.93889e-15
0.3305 0
0.3315 0
0.3325 -6.93889e-15
0.3335 -6.93889e-15
0.3345 -6.93889e-15
0.3355 -6.93889e-15
0.3365 6.93889e-15
0.3375 6.93889e-15
0.3385 0
0.3395 -6.93889e-15
0.3405 0
0.3415 6.93889e-15
0.3425 -3.46945e-15
0.3435 0
0.3445 6.93889e-15
0.3455 6.93889e-15
0.3465 0
0.3475 -1.04083e-14
0.3485 -3.46945e-15
0.3495 0
0.3505 -6.93889e-15
0.3515 3.46945e-15
0.3525 3.46945e-15
0.3535 0
0.3545 6.93889e-15
0.3555 -3.46945e-15
0.3565 0
0.3575 6.93889e-15
0.3585 3.46945e-15
0.3595 0
0.3605 0
0.3615 6.93889e-15
0.3625 3.46945e-15
0.3635 -3.46945e-15
0.3645 -3.46945e-15
0.3655 0
0.3665 0
0.3675 3.46945e-15
0.3685 3.46945e-15
0.3695 0
0.3705 0
0.3715 0
0.3725 3.46945e-15
0.3735 6.93889e-15
0.3745 1.04083e-14
0.3755 -6.93889e-15
0.3765 -1.38778e-14
0.3775 0
0.3785 3.46945e-15
0.3795 0
0.3805 -1.38778e-14
0.3815 -3.46945e-15
0.3825 6.93889e-15
0.3835 3.46945e-15
0.3845 -3.46945e-15
0.3855 -6.93889e-15
0.3865 3.46945e-15
0.3875 -3.46945e-15
0.3885 -6.93889e-15
0.3895 0
0.3905 6.93889e-15
0.3915 3.46945e-15
0.3925 0
0.3935 3.46945e-15
0.3945 1.04083e-14
0.3955 3.46945e-15
0.3965 0
0.3975 6.93889e-15
0.3985 -3.46945e-15
0.3995 -3.46945e-15
0.4005 3.46945e-15
0.4015 1.73472e-14
0.4025 1.38778e-14
0.4035 -3.46945e-15
0.4045 0
0.4055 6.93889e-15
0.4065 6.93889e-15
0.4075 0
0.4085 0
0.4095 3.46945e-15
0.4105 -3.46945e-15
0.4115 -6.93889e-15
0.4125 0
0.4135 6.93889e-15
0.4145 3.46945e-15
0.4155 6.93889e-15
0.4165 6.93889e-15
0.4175 0
0.4185 0
0.4195 3.46945e-15
0.4205 3.46945e-15
0.4215 3.46945e-15
0.4225 0
0.4235 -3.46945e-15
0.4245 -3.46945e-15
0.4255 -3.46945e-15
0.4265 -3.46945e-15
0.4275 -6.93889e-15
0.4285 -6.93889e-15
0.4295 -6.93889e-15
0.4305 -6.93889e-15
0.4315 -3.46945e-15
0.4325 0
0.4335 3.46945e-15
0.4345 0
0.4355 -5.20417e-15
0.4365 1.73472e-15
0.4375 3.46945e-15
0.4385 1.73472e-15
0.4395 5.20417e-15
0.4405 0
0.4415 -3.46945e-15
0.4425 -1.73472e-15
0.4435 -5.20417e-15
0.4445 -3.46945e-15
0.4455 1.73472e-15
0.4465 3.46945e-15
0.4475 5.20417e-15
0.4485 3.46945e-15
0.4495 -1.73472e-15
0.4505 -1.73472e-15
0.4515 -3.46945e-15
0.4525 0
0.4535 3.46945e-15
0.4545 3.46945e-15
0.4555 3.46945e-15
0.4565 0
0.4575 -3.46945e-15
0.4585 -7.80626e-15
0.4595 -4.33681e-15
0.4605 0
0.4615 0
0.4625 0
0.4635 -3.46945e-15
0.4645 0
0.4655 3.46945e-15
0.4665 0
0.4675 8.67362e-16
0.4685 8.67362e-16
0.4695 0
0.4705 0
0.4715 0
0.4725 0
0.4735 -1.73472e-15
0.4745 -1.73472e-15
0.4755 3.46945e-15
0.4765 1.04083e-14
0.4775 6.93889e-15
0.4785 0
0.4795 1.73472e-15
0.4805 1.73472e-15
0.4815 -3.46945e-15
0.4825 -1.73472e-15
0.4835 1.73472e-15
0.4845 0
0.4855 -8.67362e-16
0.4865 -8.67362e-16
0.4875 0
0.4885 0
0.4895 0
0.4905 0
0.4915 0
0.4925 0
0.4935 0
0.4945 3.46945e-15
0.4955 3.46945e-15
0.4965 1.73472e-15
0.4975 5.20417e-15
0.4985 3.46945e-15
0.4995 0
0.5005 -3.46945e-15
0.5015 -5.20417e-15
0.5025 -1.73472e-15
0.5035 -3.46945e-15
0.5045 -3.46945e-15
0.5055 0
0.5065 0
0.5075 0
0.5085 0
0.5095 0
0.5105 0
0.5115 0
0.5125 8.67362e-16
0.5135 8.67362e-16
0.5145 0
0.5155 -1.73472e-15
0.5165 1.73472e-15
0.5175 3.46945e-15
0.5185 -1.73472e-15
0.5195 -1.73472e-15
0.5205 0
0.5215 -6.93889e-15
0.5225 -1.04083e-14
0.5235 -3.46945e-15
0.5245 1.73472e-15
0.5255 1.73472e-15
0.5265 0
0.5275 0
0.5285 0
0.5295 0
0.5305 -8.67362e-16
0.5315 -8.67362e-16
0.5325 0
0.5335 -6.93889e-15
0.5345 -3.46945e-15
0.5355 3.46945e-15
0.5365 0
0.5375 0
0.5385 0
0.5395 4.33681e-15
0.5405 7.80626e-15
0.5415 3.46945e-15
0.5425 0
0.5435 -3.46945e-15
0.5445 -3.46945e-15
0.5455 -3.46945e-15
0.5465 0
0.5475 3.46945e-15
0.5485 1.73472e-15
0.5495 1.73472e-15
0.5505 -3.46945e-15
0.5515 -5.20417e-15
0.5525 -6.93889e-15
0.5535 -5.20417e-15
0.5545 3.46945e-15
0.5555 5.20417e-15
0.5565 1.73472e-15
0.5575 3.46945e-15
0.5585 0
0.5595 -5.20417e-15
0.5605 -1.73472e-15
0.5615 -3.46945e-15
0.5625 -1.73472e-15
0.5635 5.20417e-15
0.5645 6.93889e-15
0.5655 3.46945e-15
0.5665 0
0.5675 3.46945e-15
0.5685 6.93889e-15
0.5695 6.93889e-15
0.5705 6.93889e-15
0.5715 6.93889e-15
0.5725 3.46945e-15
0.5735 3.46945e-15
0.5745 3.46945e-15
0.5755 3.46945e-15
0.5765 0
0.5775 -3.46945e-15
0.5785 -3.46945e-15
0.5795 -3.46945e-15
0.5805 0
0.5815 0
0.5825 -6.93889e-15
0.5835 -6.93889e-15
0.5845 -3.46945e-15
0.5855 -6.93889e-15
0.5865 0
0.5875 6.93889e-15
0.5885 3.46945e-15
0.5895 -3.46945e-15
0.5905 0
0.5915 0
0.5925 -6.93889e-15
0.5935 -6.93889e-15
0.5945 0
0.5955 1.04083e-14
0.5965 -6.93889e-15
0.5975 -1.73472e-14
0.5985 -3.46945e-15
0.5995 3.46945e-15
0.6005 3.46945e-15
0.6015 -6.93889e-15
0.6025 0
0.6035 0
0.6045 -1.04083e-14
0.6055 -3.46945e-15
0.6065 0
0.6075 -6.93889e-15
0.6085 -6.93889e-15
0.6095 3.46945e-15
0.6105 1.04083e-14
0.6115 0
0.6125 -3.46945e-15
0.6135 1.04083e-14
0.6145 3.46945e-15
0.6155 -6.93889e-15
0.6165 -1.04083e-14
0.6175 6.93889e-15
0.6185 1.73472e-14
0.6195 0
0.6205 -3.46945e-15
0.6215 0
0.6225 1.04083e-14
0.6235 3.46945e-15
0.6245 -6.93889e-15
0.6255 -6.93889e-15
0.6265 -6.93889e-15
0.6275 3.46945e-15
0.6285 3.46945e-15
0.6295 0
0.6305 -3.46945e-15
0.6315 -3.46945e-15
0.6325 0
0.6335 0
0.6345 3.46945e-15
0.6355 3.46945e-15
0.6365 -3.46945e-15
0.6375 -6.93889e-15
0.6385 0
0.6395 0
0.6405 -3.46945e-15
0.6415 -6.93889e-15
0.6425 0
0.6435 3.46945e-15
0.6445 -6.93889e-15
0.6455 0
0.6465 -3.46945e-15
0.6475 -3.46945e-15
0.6485 6.93889e-15
0.6495 0
0.6505 3.46945e-15
0.6515 1.04083e-14
0.6525 -3.46945e-15
0.6535 -6.93889e-15
0.6545 -6.93889e-15
0.6555 0
0.6565 3.46945e-15
0.6575 -1.04083e-14
0.6585 0
0.6595 6.93889e-15
0.6605 0
0.6615 -6.93889e-15
0.6625 0
0.6635 6.93889e-15
0.6645 0
0.6655 6.93889e-15
0.6665 6.93889e-15
0.6675 0
0.6685 0
0.6695 -6.93889e-15
0.6705 0
0.6715 1.38778e-14
0.6725 0
0.6735 -6.93889e-15
0.6745 6.93889e-15
0.6755 6.93889e-15
0.6765 -6.93889e-15
0.6775 -6.93889e-15
0.6785 0
0.6795 0
0.6805 6.93889e-15
0.6815 0
0.6825 -6.93889e-15
0.6835 -6.93889e-15
0.6845 -6.93889e-15
0.6855 6.93889e-15
0.6865 6.93889e-15
0.6875 0
0.6885 0
0.6895 0
0.6905 6.93889e-15
0.6915 0
0.6925 -1.38778e-14
0.6935 -6.93889e-15
0.6945 0
0.6955 0
0.6965 0
0.6975 6.93889e-15
0.6985 0
0.6995 0
0.7005 6.93889e-15
0.7015 -6.93889e-15
0.7025 -6.93889e-15
0.7035 -1.38778e-14
0.7045 -1.38778e-14
0.7055 0
0.7065 0
0.7075 6.93889e-15
0.7085 0
0.7095 -1.38778e-14
0.7105 0
0.7115 6.93889e-15
0.7125 0
0.7135 0
0.7145 0
0.7155 -6.93889e-15
0.7165 -6.93889e-15
0.7175 -6.93889e-15
0.7185 0
0.7195 0
0.7205 0
0.7215 6.93889e-15
0.7225 0
0.7235 0
0.7245 0
0.7255 6.93889e-15
0.7265 1.38778e-14
0.7275 1.38778e-14
0.7285 0
0.7295 -6.93889e-15
0.7305 -6.93889e-15
0.7315 0
0.7325 6.93889e-15
0.7335 -6.93889e-15
0.7345 0
0.7355 1.38778e-14
0.7365 6.93889e-15
0.7375 -6.93889e-15
0.7385 -6.93889e-15
0.7395 6.93889e-15
0.7405 6.93889e-15
0.7415 0
0.7425 6.93889e-15
0.7435 6.93889e-15
0.7445 6.93889e-15
0.7455 0
0.7465 -6.93889e-15
0.7475 -6.93889e-15
0.7485 -6.93889e-15
0.7495 0
0.7505 6.93889e-15
0.7515 6.93889e-15
0.7525 6.93889e-15
0.7535 0
0.7545 -6.93889e-15
0.7555 -6.93889e-15
0.7565 -6.93889e-15
0.7575 0
0.7585 -6.93889e-15
0.7595 -6.93889e-15
0.7605 0.0828272
0.7615 0.0836111
0.7625 0.00156765
0.7635 0.00156706
0.7645 0.00156641
0.7655 0.0015657
0.7665 0.00156492
0.7675 0.00156409
0.7685 -0.000594691
0.7695 -0.00275242
0.7705 -0.00156077
0.7715 0.000594145
0.7725 0.00155791
0.7735 0.00155768
0.7745 0.00155739
0.7755 0.00155704
0.7765 0.00155662
0.7775 -0.0211133
0.7785 0.00606904
0.7795 0.0287385
0.7805 0.00252094
0.7815 -0.00261339
0.7825 -0.0035852
0.7835 0.00154226
0.7845 0.00154197
0.7855 0.00154162
0.7865 0.00154121
0.7875 0.00218636
0.7885 0.0015394
0.7895 0.000893098
0.7905 -0.0124225
0.7915 -0.0123713
0.7925 0.00158121
0.7935 0.00152074
0.7945 0.00152046
0.7955 0.00152011
0.7965 0.00293655
0.7975 0.000736622
0.7985 0.000100309
0.7995 -0.00287759
0.8005 -0.00820146
0.8015 -0.00373851
0.8025 0.00111224
0.8035 0.0018137
0.8045 0.00149294
0.8055 0.0014926
0.8065 0.00145185
0.8075 0.00506428
0.8085 0.00152922
0.8095 -0.00215872
0.8105 -0.0049122
0.8115 -0.00397327
0.8125 0.00233583
0.8135 0.00145605
0.8145 0.00145954
0.8155 0.00137065
0.8165 0.00168484
0.8175 0.00240131
0.8185 0.00292768
0.8195 0.000539441
0.8205 -0.00757635
0.8215 -0.00565966
0.8225 0.00168018
0.8235 0.00148452
0.8245 0.00140034
0.8255 0.00142257
0.8265 0.00119135
0.8275 0.00303665
0.8285 0.00160287
0.8295 0.000666968
0.8305 -0.0053946
0.8315 -0.00582364
0.8325 0.00182536
0.8335 0.00132065
0.8345 0.00138137
0.8355 0.00135009
0.8365 0.00134978
0.8375 0.00318425
0.8385 0.00176147
0.8395 -0.000455321
0.8405 -0.00699793
0.8415 -0.00613929
0.8425 0.00179681
0.8435 0.00131868
0.8445 0.00131875
0.8455 0.00134094
0.8465 0.00119496
0.8475 0.00324064
0.8485 0.00122981
0.8495 -0.000221992
0.8505 -0.0052453
0.8515 -0.00533305
0.8525 0.00178
0.8535 0.00123487
0.8545 0.00127572
0.8555 0.00126775
0.8565 0.00115467
0.8575 0.00322438
0.8585 0.00153754
0.8595 -0.000346475
0.8605 -0.00592997
0.8615 -0.0055862
0.8625 0.00173582
0.8635 0.00117987
0.8645 0.00120814
0.8655 0.00121976
0.8665 0.00107195
0.8675 0.00299113
0.8685 0.00117831
0.8695 -5.1638e-05
0.8705 -0.00498696
0.8715 -0.00520127
0.8725 0.00162333
0.8735 0.0011079
0.8745 0.00114736
0.8755 0.00115062
0.8765 0.00100732
0.8775 0.00297533
0.8785 0.00120895
0.8795 -0.000231602
0.8805 -0.00512526
0.8815 -0.00516275
0.8825 0.00156731
0.8835 0.00103826
0.8845 0.00107562
0.8855 0.0010843
0.8865 0.000944862
0.8875 0.00277978
0.8885 0.0010226
0.8895 -0.000164248
0.8905 -0.00455884
0.8915 -0.00475793
0.8925 0.00145969
0.8935 0.000966112
0.8945 0.00100287
0.8955 0.00100954
0.8965 0.000868157
0.8975 0.00267867
0.8985 0.000999684
0.8995 -0.000224976
0.9005 -0.00439535
0.9015 -0.00453774
0.9025 0.00137669
0.9035 0.000887456
0.9045 0.000924476
0.9055 0.000931733
0.9065 0.000798833
0.9075 0.00247697
0.9085 0.000870434
0.9095 -0.000177433
0.9105 -0.00395651
0.9115 -0.00418202
0.9125 0.00126085
0.9135 0.000808132
0.9145 0.000843002
0.9155 0.000850184
0.9165 0.000718714
0.9175 0.00231984
0.9185 0.000800612
0.9195 -0.000200043
0.9205 -0.00366049
0.9215 -0.00387732
0.9225 0.00115672
0.9235 0.000723489
0.9245 0.000758099
0.9255 0.000764827
0.9265 0.000642677
0.9275 0.00211631
0.9285 0.000699531
0.9295 -0.000190192
0.9305 -0.00326996
0.9315 -0.00350562
0.9325 0.00103707
0.9335 0.000638022
0.9345 0.000670102
0.9355 0.000676886
0.9365 0.000559756
0.9375 0.00192584
0.9385 0.000615148
0.9395 -0.000198322
0.9405 -0.00291071
0.9415 -0.00314434
0.9425 0.000919763
0.9435 0.000548734
0.9445 0.000579609
0.9455 0.000585791
0.9465 0.000477847
0.9475 0.00171321
0.9485 0.000518012
0.9495 -0.00019297
0.9505 -0.0025153
0.9515 -0.00275656
0.9525 0.000794101
0.9535 0.000458226
0.9545 0.000486662
0.9555 0.000492717
0.9565 0.000392143
0.9575 0.00150094
0.9585 0.000425349
0.9595 -0.000193404
0.9605 -0.00212302
0.9615 -0.00236418
0.9625 0.000667706
0.9635 0.000365335
0.9645 0.000391925
0.9655 0.000397427
0.9665 0.000306234
0.9675 0.00127775
0.9685 0.00032971
0.9695 -0.000190919
0.9705 -0.00171859
0.9715 -0.00195756
0.9725 0.000537146
0.9735 0.000271426
0.9745 0.00029554
0.9755 0.000300739
0.9765 0.000218412
0.9775 0.00105181
0.9785 0.000233832
0.9795 -0.000188884
0.9805 -0.00130883
0.9815 -0.00154458
0.9825 0.000405195
0.9835 0.000176215
0.9845 0.000198058
0.9855 0.000202739
0.9865 0.000130225
0.9875 0.000820301
0.9885 0.000136713
0.9895 -0.000185504
0.9905 -0.000893518
0.9915 -0.00112468
0.9925 0.00027112
0.9935 8.04647e-05
0.9945 9.9744e-05
0.9955 0.000104011
0.9965 4.12821e-05
0.9975 0.000585984
0.9985 3.93623e-05
0.9995 -0.000181538

# time = 0.5
0.0005 -0.00634886
0.0015 -0.0110211
0.0025 -0.0150898
0.0035 -0.0237141
0.0045 -0.029834
0.0055 -0.0361211
0.0065 -0.0424397
0.0075 -0.0481006
0.0085 -0.0632506
0.0095 -0.069425
0.0105 -0.0691139
0.0115 -0.0737871
0.0125 -0.0778759
0.0135 -0.0864403
0.0145 -0.0925409
0.0155 -0.0988017
0.0165 -0.105091
0.0175 -0.110734
0.0185 -0.125745
0.0195 -0.131898
0.0205 -0.131606
0.0215 -0.136262
0.0225 -0.140355
0.0235 -0.148825
0.0245 -0.154883
0.0255 -0.161092
0.0265 -0.167327
0.0275 -0.17293
0.0285 -0.187743
0.0295 -0.193851
0.0305 -0.193579
0.0315 -0.198199
0.0325 -0.20228
0.0335 -0.210623
0.0345 -0.216613
0.0355 -0.222747
0.0365 -0.228902
0.0375 -0.234443
0.0385 -0.249
0.0395 -0.255039
0.0405 -0.254788
0.0415 -0.259354
0.0425 -0.263406
0.0435 -0.271589
0.0445 -0.277489
0.0455 -0.283523
0.0465 -0.289575
0.0475 -0.295032
0.0485 -0.309275
0.0495 -0.31522
0.0505 -0.314991
0.0515 -0.319485
0.0525 -0.323493
0.0535 -0.331484
0.0545 -0.337269
0.0555 -0.34318
0.0565 -0.349104
0.0575 -0.354455
0.0585 -0.368328
0.0595 -0.374157
0.0605 -0.373952
0.0615 -0.378355
0.0625 -0.382303
0.0635 -0.39007
0.0645 -0.395718
0.0655 -0.401482
0.0665 -0.407256
0.0675 -0.412481
0.0685 -0.425929
0.0695 -0.431617
0.0705 -0.431436
0.0715 -0.435732
0.0725 -0.439605
0.0735 -0.447117
0.0745 -0.452606
0.0755 -0.4582
0.0765 -0.4638
0.0775 -0.468878
0.0785 -0.481848
0.0795 -0.487375
0.0805 -0.487218
0.0815 -0.49139
0.0825 -0.495172
0.0835 -0.5024
0.0845 -0.507707
0.0855 -0.51311
0.0865 -0.518514
0.0875 -0.523425
0.0885 -0.535866
0.0895 -0.541208
0.0905 -0.541077
0.0915 -0.545108
0.0925 -0.548784
0.0935 -0.5557
0.0945 -0.560805
0.0955 -0.565995
0.0965 -0.571182
0.0975 -0.575906
0.0985 -0.587768
0.0995 -0.592906
0.1005 -0.5928
0.1015 -0.596675
0.1025 -0.600231
0.1035 -0.606806
0.1045 -0.61169
0.1055 -0.616646
0.1065 -0.621596
0.1075 -0.626114
0.1085 -0.637352
0.1095 -0.642264
0.1105 -0.642185
0.1115 -0.645887
0.1125 -0.649308
0.1135 -0.655518
0.1145 -0.66016
0.1155 -0.664863
0.1165 -0.669556
0.1175 -0.673851
0.1185 -0.68442
0.1195 -0.689087
0.1205 -0.689034
0.1215 -0.69255
0.1225 -0.695824
0.1235 -0.701643
0.1245 -0.706025
0.1255 -0.710457
0.1265 -0.714874
0.1275 -0.718929
0.1285 -0.728786
0.1295 -0.733191
0.1305 -0.733165
0.1315 -0.73648
0.1325 -0.739593
0.1335 -0.744998
0.1345 -0.749104
0.1355 -0.753246
0.1365 -0.757371
0.1375 -0.761169
0.1385 -0.770277
0.1395 -0.774401
0.1405 -0.774401
0.1415 -0.777504
0.1425 -0.780443
0.1435 -0.785414
0.1445 -0.789226
0.1455 -0.793063
0.1465 -0.796878
0.1475 -0.800406
0.1485 -0.808728
0.1495 -0.812554
0.1505 -0.812582
0.1515 -0.815459
0.1525 -0.818213
0.1535 -0.82273
0.1545 -0.826234
0.1555 -0.82975
0.1565 -0.833241
0.1575 -0.836484
0.1585 -0.843987
0.1595 -0.847501
0.1605 -0.847556
0.1615 -0.850195
0.1625 -0.852755
0.1635 -0.856799
0.1645 -0.859981
0.1655 -0.863163
0.1665 -0.866315
0.1675 -0.86926
0.1685 -0.875915
0.1695 -0.879104
0.1705 -0.879185
0.1715 -0.881577
0.1725 -0.88393
0.1735 -0.887486
0.1745 -0.890334
0.1755 -0.893169
0.1765 -0.895971
0.1775 -0.898606
0.1785 -0.904386
0.1795 -0.907237
0.1805 -0.907344
0.1815 -0.909479
0.1825 -0.911617
0.1835 -0.914671
0.1845 -0.917173
0.1855 -0.91965
0.1865 -0.92209
0.1875 -0.924406
0.1885 -0.929288
0.1895 -0.931789
0.1905 -0.931922
0.1915 -0.933792
0.1925 -0.935707
0.1935 -0.938246
0.1945 -0.940392
0.1955 -0.942501
0.1965 -0.944571
0.1975 -0.946557
0.1985 -0.950523
0.1995 -0.952664
0.2005 -0.952822
0.2015 -0.954419
0.2025 -0.956104
0.2035 -0.958119
0.2045 -0.959901
0.2055 -0.961633
0.2065 -0.963323
0.2075 -0.964973
0.2085 -0.968006
0.2095 -0.96978
0.2105 -0.969962
0.2115 -0.97128
0.2125 -0.972727
0.2135 -0.97421
0.2145 -0.975621
0.2155 -0.97697
0.2165 -0.978274
0.2175 -0.97958
0.2185 -0.981669
0.2195 -0.983068
0.2205 -0.983274
0.2215 -0.984308
0.2225 -0.985511
0.2235 -0.986456
0.2245 -0.98749
0.2255 -0.988451
0.2265 -0.989364
0.2275 -0.990321
0.2285 -0.991458
0.2295 -0.992476
0.2305 -0.992706
0.2315 -0.993451
0.2325 -0.994406
0.2335 -0.99481
0.2345 -0.995463
0.2355 -0.996031
0.2365 -0.996549
0.2375 -0.997155
0.2385 -0.997335
0.2395 -0.997967
0.2405 -0.99822
0.2415 -0.998674
0.2425 -0.999377
0.2435 -0.999237
0.2445 -0.999506
0.2455 -0.99968
0.2465 -0.999802
0.2475 -1.00005
0.2485 -0.999275
0.2495 -0.99952
0.2505 -0.999794
0.2515 -0.999956
0.2525 -1.0004
0.2535 -0.999721
0.2545 -0.999606
0.2555 -0.999384
0.2565 -0.999108
0.2575 -0.999003
0.2585 -0.997272
0.2595 -0.997128
0.2605 -0.997422
0.2615 -0.997291
0.2625 -0.997481
0.2635 -0.996259
0.2645 -0.99576
0.2655 -0.995144
0.2665 -0.994472
0.2675 -0.994012
0.2685 -0.991333
0.2695 -0.990801
0.2705 -0.991114
0.2715 -0.99069
0.2725 -0.990623
0.2735 -0.988865
0.2745 -0.987984
0.2755 -0.986977
0.2765 -0.985911
0.2775 -0.985097
0.2785 -0.981483
0.2795 -0.980564
0.2805 -0.980895
0.2815 -0.98018
0.2825 -0.979854
0.2835 -0.97757
0.2845 -0.976309
0.2855 -0.974914
0.2865 -0.973459
0.2875 -0.972295
0.2885 -0.967758
0.2895 -0.966455
0.2905 -0.966803
0.2915 -0.965803
0.2925 -0.96522
0.2935 -0.962415
0.2945 -0.960782
0.2955 -0.959004
0.2965 -0.957166
0.2975 -0.955654
0.2985 -0.950218
0.2995 -0.948536
0.3005 -0.948899
0.3015 -0.947612
0.3025 -0.946772
0.3035 -0.943464
0.3045 -0.941462
0.3055 -0.939309
0.3065 -0.937094
0.3075 -0.935244
0.3085 -0.928921
0.3095 -0.926863
0.3105 -0.927243
0.3115 -0.925686
0.3125 -0.924595
0.3135 -0.920787
0.3145 -0.918427
0.3155 -0.915907
0.3165 -0.913325
0.3175 -0.911139
0.3185 -0.903974
0.3195 -0.901553
0.3205 -0.90194
0.3215 -0.9001
0.3225 -0.898753
0.3235 -0.89448
0.3245 -0.891767
0.3255 -0.88889
0.3265 -0.885951
0.3275 -0.883444
0.3285 -0.875437
0.3295 -0.872637
0.3305 -0.873056
0.3315 -0.870984
0.3325 -0.869386
0.3335 -0.864638
0.3345 -0.861588
0.3355 -0.858366
0.3365 -0.855081
0.3375 -0.852251
0.3385 -0.843492
0.3395 -0.840366
0.3405 -0.840763
0.3415 -0.838396
0.3425 -0.836551
0.3435 -0.831391
0.3445 -0.828008
0.3455 -0.824453
0.3465 -0.820836
0.3475 -0.817711
0.3485 -0.808148
0.3495 -0.80463
0.3505 -0.80508
0.3515 -0.802553
0.3525 -0.800473
0.3535 -0.794855
0.3545 -0.791161
0.3555 -0.787288
0.3565 -0.783353
0.3575 -0.779918
0.3585 -0.769739
0.3595 -0.765954
0.3605 -0.766329
0.3615 -0.763459
0.3625 -0.761138
0.3635 -0.755193
0.3645 -0.751192
0.3655 -0.747013
0.3665 -0.742777
0.3675 -0.739077
0.3685 -0.728103
0.3695 -0.723816
0.3705 -0.724397
0.3715 -0.721535
0.3725 -0.718907
0.3735 -0.712537
0.3745 -0.708255
0.3755 -0.703794
0.3765 -0.69927
0.3775 -0.695275
0.3785 -0.683911
0.3795 -0.679547
0.3805 -0.679902
0.3815 -0.676516
0.3825 -0.673669
0.3835 -0.667082
0.3845 -0.662528
0.3855 -0.65779
0.3865 -0.653012
0.3875 -0.64878
0.3885 -0.636649
0.3895 -0.631557
0.3905 -0.6322
0.3915 -0.629172
0.3925 -0.626038
0.3935 -0.619007
0.3945 -0.614174
0.3955 -0.609203
0.3965 -0.604161
0.3975 -0.599684
0.3985 -0.587506
0.3995 -0.582554
0.4005 -0.582496
0.4015 -0.578787
0.4025 -0.575666
0.4035 -0.568465
0.4045 -0.563421
0.4055 -0.558191
0.4065 -0.552969
0.4075 -0.548176
0.4085 -0.535082
0.4095 -0.528711
0.4105 -0.529854
0.4115 -0.527026
0.4125 -0.523025
0.4135 -0.515763
0.4145 -0.510394
0.4155 -0.505002
0.4165 -0.499501
0.4175 -0.494563
0.4185 -0.48142
0.4195 -0.4763
0.4205 -0.476966
0.4215 -0.472356
0.4225 -0.468146
0.4235 -0.460778
0.4245 -0.45541
0.4255 -0.44978
0.4265 -0.444256
0.4275 -0.438714
0.4285 -0.425815
0.4295 -0.418589
0.4305 -0.420211
0.4315 -0.416948
0.4325 -0.411319
0.4335 -0.404539
0.4345 -0.398525
0.4355 -0.392832
0.4365 -0.387032
0.4375 -0.382141
0.4385 -0.369851
0.4395 -0.36328
0.4405 -0.360436
0.4415 -0.357915
0.4425 -0.355513
0.4435 -0.346119
0.4445 -0.340229
0.4455 -0.334311
0.4465 -0.328734
0.4475 -0.321886
0.4485 -0.312157
0.4495 -0.300308
0.4505 -0.297998
0.4515 -0.297276
0.4525 -0.292312
0.4535 -0.28782
0.4545 -0.28051
0.4555 -0.274471
0.4565 -0.268422
0.4575 -0.262523
0.4585 -0.242162
0.4595 -0.235929
0.4605 -0.244436
0.4615 -0.238577
0.4625 -0.23217
0.4635 -0.225811
0.4645 -0.219684
0.4655 -0.213548
0.4665 -0.207404
0.4675 -0.195584
0.4685 -0.192554
0.4695 -0.19206
0.4705 -0.203467
0.4715 -0.176774
0.4725 -0.149878
0.4735 -0.164193
0.4745 -0.157991
0.4755 -0.151782
0.4765 -0.145568
0.4775 -0.139348
0.4785 -0.130539
0.4795 -0.124311
0.4805 -0.120661
0.4815 -0.114421
0.4825 -0.108177
0.4835 -0.101928
0.4845 -0.0956746
0.4855 -0.0894178
0.4865 -0.0831575
0.4875 -0.0768939
0.4885 -0.161305
0.4895 -0.136982
0.4905 -0.0219761
0.4915 -0.0156979
0.4925 -0.00941896
0.4935 -0.0031397
0.4945 0.0031397
0.4955 0.00941896
0.4965 0.0156979
0.4975 0.0219761
0.4985 0.0282535
0.4995 0.0258983
0.5005 0.0149146
0.5015 0.012566
0.5025 0.0188483
0.5035 0.02513
0.5045 0.0314106
0.5055 0.03769
0.5065 0.0439679
0.5075 0.0502441
0.5085 0.0565183
0.5095 0.0627902
0.5105 0.151887
0.5115 0.158938
0.5125 0.0831579
0.5135 0.0894178
0.5145 0.0956743
0.5155 0.101927
0.5165 0.108176
0.5175 0.11442
0.5185 0.118502
0.5195 0.12258
0.5205 0.130003
0.5215 0.138384
0.5225 0.145568
0.5235 0.151783
0.5245 0.157991
0.5255 0.164193
0.5265 0.170389
0.5275 0.153909
0.5285 0.187274
0.5295 0.216119
0.5305 0.196069
0.5315 0.197096
0.5325 0.202276
0.5335 0.213548
0.5345 0.219684
0.5355 0.225811
0.5365 0.231929
0.5375 0.238684
0.5385 0.244137
0.5395 0.249582
0.5405 0.242347
0.5415 0.248469
0.5425 0.268482
0.5435 0.274471
0.5445 0.28051
0.5455 0.286538
0.5465 0.293971
0.5475 0.297777
0.5485 0.303134
0.5495 0.306138
0.5505 0.306784
0.5515 0.317204
0.5525 0.327999
0.5535 0.334632
0.5545 0.340229
0.5555 0.346134
0.5565 0.351984
0.5575 0.361474
0.5585 0.363803
0.5595 0.365964
0.5605 0.369045
0.5615 0.375804
0.5625 0.387918
0.5635 0.392828
0.5645 0.398605
0.5655 0.404275
0.5665 0.410332
0.5675 0.416775
0.5685 0.423011
0.5695 0.426317
0.5705 0.423878
0.5715 0.431454
0.5725 0.444436
0.5735 0.449866
0.5745 0.455389
0.5755 0.461
0.5765 0.46634
0.5775 0.473738
0.5785 0.477839
0.5795 0.482418
0.5805 0.481853
0.5815 0.486901
0.5825 0.500008
0.5835 0.504941
0.5845 0.51042
0.5855 0.515787
0.5865 0.521165
0.5875 0.528356
0.5885 0.53227
0.5895 0.535369
0.5905 0.534121
0.5915 0.540252
0.5925 0.55344
0.5935 0.558192
0.5945 0.563399
0.5955 0.568607
0.5965 0.573624
0.5975 0.58081
0.5985 0.583917
0.5995 0.58756
0.6005 0.587609
0.6015 0.592569
0.6025 0.604707
0.6035 0.609162
0.6045 0.61418
0.6055 0.619124
0.6065 0.623939
0.6075 0.630913
0.6085 0.634105
0.6095 0.637074
0.6105 0.63632
0.6115 0.641467
0.6125 0.653566
0.6135 0.657762
0.6145 0.662517
0.6155 0.667228
0.6165 0.671754
0.6175 0.678321
0.6185 0.681128
0.6195 0.684492
0.6205 0.684123
0.6215 0.688449
0.6225 0.699785
0.6235 0.703754
0.6245 0.708251
0.6255 0.712683
0.6265 0.71694
0.6275 0.723281
0.6285 0.725859
0.6295 0.728733
0.6305 0.728126
0.6315 0.732347
0.6325 0.743305
0.6335 0.746976
0.6345 0.751183
0.6355 0.755332
0.6365 0.759303
0.6375 0.765219
0.6385 0.767512
0.6395 0.770345
0.6405 0.76994
0.6415 0.773701
0.6425 0.783847
0.6435 0.787251
0.6445 0.791154
0.6455 0.794996
0.6465 0.798659
0.6475 0.804242
0.6485 0.806304
0.6495 0.808788
0.6505 0.808295
0.6515 0.811797
0.6525 0.821325
0.6535 0.824416
0.6545 0.828001
0.6555 0.831524
0.6565 0.834873
0.6575 0.840001
0.6585 0.841811
0.6595 0.844146
0.6605 0.843717
0.6615 0.846808
0.6625 0.855534
0.6635 0.858331
0.6645 0.861581
0.6655 0.864769
0.6665 0.867785
0.6675 0.872499
0.6685 0.874059
0.6695 0.876102
0.6705 0.875651
0.6715 0.87841
0.6725 0.886384
0.6735 0.888856
0.6745 0.89176
0.6755 0.894602
0.6765 0.897279
0.6775 0.901517
0.6785 0.902829
0.6795 0.904632
0.6805 0.90421
0.6815 0.906596
0.6825 0.913724
0.6835 0.915875
0.6845 0.91842
0.6855 0.920904
0.6865 0.923228
0.6875 0.926998
0.6885 0.928056
0.6895 0.929574
0.6905 0.929156
0.6915 0.93118
0.6925 0.937465
0.6935 0.939278
0.6945 0.941456
0.6955 0.943572
0.6965 0.945536
0.6975 0.948807
0.6985 0.949609
0.6995 0.950859
0.7005 0.950459
0.7015 0.952103
0.7025 0.957501
0.7035 0.958975
0.7045 0.960776
0.7055 0.962516
0.7065 0.964111
0.7075 0.966878
0.7085 0.967422
0.7095 0.968385
0.7105 0.967999
0.7115 0.969263
0.7125 0.973761
0.7135 0.974887
0.7145 0.976304
0.7155 0.977661
0.7165 0.978882
0.7175 0.981128
0.7185 0.981415
0.7195 0.982091
0.7205 0.981722
0.7215 0.982602
0.7225 0.986177
0.7235 0.986953
0.7245 0.987979
0.7255 0.988948
0.7265 0.98979
0.7275 0.991508
0.7285 0.991537
0.7295 0.991921
0.7305 0.991569
0.7315 0.992062
0.7325 0.994701
0.7335 0.995122
0.7345 0.995755
0.7355 0.996331
0.7365 0.996791
0.7375 0.997974
0.7385 0.997744
0.7395 0.997836
0.7405 0.997503
0.7415 0.997607
0.7425 0.999299
0.7435 0.999365
0.7445 0.999601
0.7455 0.999783
0.7465 0.999859
0.7475 1.0005
0.7485 1.00001
0.7495 0.999814
0.7505 0.999501
0.7515 0.999216
0.7525 0.999954
0.7535 0.999664
0.7545 0.999503
0.7555 0.999289
0.7565 0.99898
0.7575 0.999081
0.7585 0.998339
0.7595 0.997845
0.7605 0.997553
0.7615 0.996881
0.7625 0.996662
0.7635 0.996017
0.7645 0.995459
0.7655 0.994852
0.7665 0.994159
0.7675 0.993717
0.7685 0.992723
0.7695 0.991938
0.7705 0.991669
0.7715 0.990612
0.7725 0.989436
0.7735 0.98844
0.7745 0.987488
0.7755 0.986488
0.7765 0.985415
0.7775 0.984431
0.7785 0.983189
0.7795 0.982117
0.7805 0.981871
0.7815 0.980434
0.7825 0.978306
0.7835 0.976961
0.7845 0.975618
0.7855 0.974231
0.7865 0.972782
0.7875 0.97126
0.7885 0.969775
0.7895 0.968419
0.7905 0.968198
0.7915 0.966386
0.7925 0.963315
0.7935 0.961627
0.7945 0.959899
0.7955 0.958129
0.7965 0.956309
0.7975 0.954256
0.7985 0.952534
0.7995 0.9509
0.8005 0.950704
0.8015 0.948525
0.8025 0.944522
0.8035 0.942498
0.8045 0.940391
0.8055 0.938246
0.8065 0.936063
0.8075 0.933486
0.8085 0.931534
0.8095 0.929628
0.8105 0.929458
0.8115 0.92692
0.8125 0.922001
0.8135 0.919649
0.8145 0.917172
0.8155 0.91466
0.8165 0.912122
0.8175 0.909032
0.8185 0.906857
0.8195 0.904687
0.8205 0.904544
0.8215 0.901657
0.8225 0.895842
0.8235 0.893171
0.8245 0.890334
0.8255 0.887464
0.8265 0.884581
0.8275 0.88099
0.8285 0.878602
0.8295 0.876175
0.8305 0.87606
0.8315 0.872836
0.8325 0.866147
0.8335 0.863168
0.8345 0.859982
0.8355 0.856766
0.8365 0.85355
0.8375 0.849472
0.8385 0.846879
0.8395 0.844206
0.8405 0.844118
0.8415 0.84057
0.8425 0.833034
0.8435 0.829759
0.8445 0.826235
0.8455 0.822686
0.8465 0.819149
0.8475 0.814601
0.8485 0.811814
0.8495 0.808905
0.8505 0.808845
0.8515 0.804987
0.8525 0.796633
0.8535 0.793074
0.8545 0.789228
0.8555 0.78536
0.8565 0.781516
0.8575 0.776515
0.8585 0.773545
0.8595 0.770412
0.8605 0.77038
0.8615 0.766226
0.8625 0.757089
0.8635 0.75326
0.8645 0.749106
0.8655 0.744934
0.8665 0.740799
0.8675 0.735364
0.8685 0.732223
0.8695 0.728878
0.8705 0.728875
0.8715 0.724442
0.8725 0.714556
0.8735 0.710473
0.8745 0.706028
0.8755 0.701569
0.8765 0.697158
0.8775 0.691312
0.8785 0.688011
0.8795 0.684468
0.8805 0.684493
0.8815 0.679799
0.8825 0.669204
0.8835 0.664883
0.8845 0.660164
0.8855 0.655434
0.8865 0.650766
0.8875 0.644531
0.8885 0.641084
0.8895 0.637356
0.8905 0.63741
0.8915 0.632473
0.8925 0.62121
0.8935 0.616668
0.8945 0.611694
0.8955 0.606713
0.8965 0.601806
0.8975 0.595206
0.8985 0.591627
0.8995 0.58773
0.9005 0.587811
0.9015 0.582651
0.9025 0.570765
0.9035 0.566019
0.9045 0.56081
0.9055 0.555598
0.9065 0.55047
0.9075 0.543533
0.9085 0.539835
0.9095 0.535783
0.9105 0.535893
0.9115 0.530529
0.9125 0.518067
0.9135 0.513137
0.9145 0.507712
0.9155 0.50229
0.9165 0.496962
0.9175 0.489714
0.9185 0.485913
0.9195 0.481722
0.9205 0.481859
0.9215 0.476314
0.9225 0.463325
0.9235 0.458229
0.9245 0.452611
0.9255 0.446999
0.9265 0.441493
0.9275 0.433963
0.9285 0.430073
0.9295 0.42576
0.9305 0.425924
0.9315 0.420218
0.9325 0.406754
0.9335 0.401513
0.9345 0.395724
0.9355 0.389944
0.9365 0.384281
0.9375 0.376499
0.9385 0.372536
0.9395 0.368118
0.9405 0.368308
0.9415 0.362465
0.9425 0.348578
0.9435 0.343213
0.9445 0.337275
0.9455 0.331351
0.9465 0.325553
0.9475 0.317549
0.9485 0.313528
0.9495 0.309023
0.9505 0.309238
0.9515 0.303281
0.9525 0.289026
0.9535 0.283558
0.9545 0.277495
0.9555 0.27145
0.9565 0.26554
0.9575 0.257346
0.9585 0.253283
0.9595 0.248708
0.9605 0.248948
0.9615 0.2429
0.9625 0.228334
0.9635 0.222784
0.9645 0.21662
0.9655 0.210477
0.9665 0.204479
0.9675 0.196127
0.9685 0.192039
0.9695 0.187412
0.9705 0.187676
0.9715 0.18156
0.9725 0.16674
0.9735 0.161131
0.9745 0.15489
0.9755 0.148674
0.9765 0.142611
0.9775 0.134135
0.9785 0.130037
0.9795 0.125376
0.9805 0.125662
0.9815 0.119504
0.9825 0.104489
0.9835 0.0988413
0.9845 0.0925486
0.9855 0.0862842
0.9865 0.0801802
0.9875 0.0716126
0.9885 0.0675209
0.9895 0.0628452
0.9905 0.0631532
0.9915 0.0569764
0.9925 0.0418246
0.9935 0.0361621
0.9945 0.029842
0.9955 0.0235537
0.9965 0.0174329
0.9975 0.00880789
0.9985 0.0047389
0.9995 6.65145e-05

# time = 0.75
0.0005 -0.000181341
0.0015 3.86833e-05
0.0025 0.000586577
0.0035 4.1219e-05
0.0045 0.000104041
0.0055 9.97745e-05
0.0065 8.04064e-05
0.0075 0.000271466
0.0085 -0.00112626
0.0095 -0.000892641
0.0105 -0.000185111
0.0115 0.000135608
0.0125 0.000821418
0.0135 0.00013004
0.0145 0.000202831
0.0155 0.00019809
0.0165 0.000176202
0.0175 0.000405518
0.0185 -0.00154677
0.0195 -0.00130748
0.0205 -0.000188151
0.0215 0.000231997
0.0225 0.00105302
0.0235 0.000218347
0.0245 0.00030082
0.0255 0.000295623
0.0265 0.000271303
0.0275 0.000537969
0.0285 -0.00196117
0.0295 -0.00171716
0.0305 -0.000190449
0.0315 0.000327471
0.0325 0.00128046
0.0335 0.000305793
0.0345 0.000397622
0.0355 0.000391989
0.0365 0.000365333
0.0375 0.000668298
0.0385 -0.00236783
0.0395 -0.00212007
0.0405 -0.000191995
0.0415 0.000421653
0.0425 0.00150285
0.0435 0.000392032
0.0445 0.000492855
0.0455 0.000486809
0.0465 0.000457921
0.0475 0.000795989
0.0485 -0.00276515
0.0495 -0.00251461
0.0505 -0.000192783
0.0515 0.00051417
0.0525 0.00171931
0.0535 0.000476724
0.0545 0.000586143
0.0555 0.000579707
0.0565 0.000548702
0.0575 0.000920539
0.0585 -0.00315156
0.0595 -0.00289922
0.0605 -0.00019281
0.0615 0.000604658
0.0625 0.00192899
0.0635 0.000559535
0.0645 0.000677117
0.0655 0.000670318
0.0665 0.000637318
0.0675 0.00104146
0.0685 -0.00352553
0.0695 -0.00327239
0.0705 -0.000192076
0.0715 0.00069276
0.0725 0.00213105
0.0735 0.000640137
0.0745 0.00076542
0.0755 0.000758283
0.0765 0.000723418
0.0775 0.00115826
0.0785 -0.00388558
0.0795 -0.00363265
0.0805 -0.000190585
0.0815 0.000778128
0.0825 0.0023247
0.0835 0.000718213
0.0845 0.000850701
0.0855 0.000843255
0.0865 0.000806663
0.0875 0.0012705
0.0885 -0.0042303
0.0895 -0.00397857
0.0905 -0.000188341
0.0915 0.000860425
0.0925 0.00250918
0.0935 0.000793454
0.0945 0.000932625
0.0955 0.0009249
0.0965 0.000886725
0.0975 0.00137772
0.0985 -0.00455832
0.0995 -0.00430879
0.1005 -0.000185354
0.1015 0.000939326
0.1025 0.00268375
0.1035 0.000865564
0.1045 0.00101087
0.1055 0.00100289
0.1065 0.000963287
0.1075 0.0014795
0.1085 -0.00486836
0.1095 -0.004622
0.1105 -0.000181635
0.1115 0.00101452
0.1125 0.00284773
0.1135 0.000934258
0.1145 0.00108512
0.1155 0.00107693
0.1165 0.00103605
0.1175 0.00157545
0.1185 -0.00515918
0.1195 -0.00491698
0.1205 -0.0001772
0.1215 0.00108571
0.1225 0.00300048
0.1235 0.000999265
0.1245 0.00115509
0.1255 0.00114672
0.1265 0.00110472
0.1275 0.00166518
0.1285 -0.00542964
0.1295 -0.00519254
0.1305 -0.000172065
0.1315 0.00115262
0.1325 0.00314138
0.1335 0.00106033
0.1345 0.00122051
0.1355 0.00121198
0.1365 0.00116903
0.1375 0.00174833
0.1385 -0.00567868
0.1395 -0.00544762
0.1405 -0.000166251
0.1415 0.00121497
0.1425 0.00326988
0.1435 0.00111721
0.1445 0.0012811
0.1455 0.00127245
0.1465 0.00122873
0.1475 0.00182459
0.1485 -0.0059053
0.1495 -0.0056812
0.1505 -0.000159781
0.1515 0.00127253
0.1525 0.00338548
0.1535 0.00116968
0.1545 0.00133664
0.1555 0.00132791
0.1565 0.00128358
0.1575 0.00189364
0.1585 -0.00610861
0.1595 -0.00589235
0.1605 -0.000152681
0.1615 0.00132507
0.1625 0.00348772
0.1635 0.00121753
0.1645 0.00138691
0.1655 0.00137813
0.1665 0.00133336
0.1675 0.00195523
0.1685 -0.00628782
0.1695 -0.00608025
0.1705 -0.000144978
0.1715 0.00137238
0.1725 0.0035762
0.1735 0.00126058
0.1745 0.0014317
0.1755 0.0014229
0.1765 0.00137788
0.1775 0.00200909
0.1785 -0.00644222
0.1795 -0.00624416
0.1805 -0.000136702
0.1815 0.00141428
0.1825 0.00365056
0.1835 0.00129865
0.1845 0.00147084
0.1855 0.00146206
0.1865 0.00141697
0.1875 0.00205503
0.1885 -0.00657118
0.1895 -0.00638342
0.1905 -0.000127887
0.1915 0.00145059
0.1925 0.00371051
0.1935 0.0013316
0.1945 0.00150418
0.1955 0.00149545
0.1965 0.00145046
0.1975 0.00209285
0.1985 -0.00667422
0.1995 -0.00649749
0.2005 -0.000118568
0.2015 0.00148118
0.2025 0.00375582
0.2035 0.00135929
0.2045 0.00153158
0.2055 0.00152294
0.2065 0.00147822
0.2075 0.00212242
0.2085 -0.00675091
0.2095 -0.00658592
0.2105 -0.000108781
0.2115 0.00150592
0.2125 0.00378631
0.2135 0.00138162
0.2145 0.00155293
0.2155 0.00154442
0.2165 0.00150016
0.2175 0.00214361
0.2185 -0.00680097
0.2195 -0.00664835
0.2205 -9.85639e-05
0.2215 0.00152472
0.2225 0.00380185
0.2235 0.0013985
0.2245 0.00156816
0.2255 0.0015598
0.2265 0.00151617
0.2275 0.00215634
0.2285 -0.00682418
0.2295 -0.00668455
0.2305 -8.79582e-05
0.2315 0.0015375
0.2325 0.0038024
0.2335 0.00140985
0.2345 0.0015772
0.2355 0.00156903
0.2365 0.0015262
0.2375 0.00216056
0.2385 -0.00682046
0.2395 -0.00669437
0.2405 -7.70053e-05
0.2415 0.00154421
0.2425 0.00378793
0.2435 0.00141565
0.2445 0.00158001
0.2455 0.00157207
0.2465 0.0015302
0.2475 0.00215626
0.2485 -0.00678982
0.2495 -0.00667776
0.2505 -6.57486e-05
0.2515 0.00154483
0.2525 0.00375851
0.2535 0.00141585
0.2545 0.00157659
0.2555 0.0015689
0.2565 0.00152817
0.2575 0.00214344
0.2585 -0.00673239
0.2595 -0.00663481
0.2605 0.0827729
0.2615 0.0851505
0.2625 0.00528192
0.2635 0.00297753
0.2645 0.00313336
0.2655 0.00312523
0.2665 0.00308503
0.2675 0.00368625
0.2685 -0.00724308
0.2695 -0.00931809
0.2705 -0.00160327
0.2715 0.00212195
0.2725 0.00521328
0.2735 0.00295721
0.2745 0.00310851
0.2755 0.00310106
0.2765 0.00306267
0.2775 -0.0190208
0.2785 -0.000469108
0.2795 0.0222679
0.2805 0.00249034
0.2815 -0.00110317
0.2825 -3.16964e-06
0.2835 0.00292531
0.2845 0.00307114
0.2855 0.00306403
0.2865 0.00302724
0.2875 0.00424097
0.2885 -0.0048627
0.2895 -0.00545692
0.2905 -0.012441
0.2915 -0.0108846
0.2925 0.00507577
0.2935 0.00288186
0.2945 0.00302164
0.2955 0.00301491
0.2965 0.00439671
0.2975 0.00274521
0.2985 -0.00614048
0.2995 -0.00908196
0.3005 -0.00820795
0.3015 -0.00228124
0.3025 0.00450553
0.3035 0.00314752
0.3045 0.00296022
0.3055 0.00295388
0.3065 0.00288039
0.3075 0.00701892
0.3085 -0.00452563
0.3095 -0.00819295
0.3105 -0.00490658
0.3115 -0.00255116
0.3125 0.00561448
0.3135 0.0027573
0.3145 0.00288712
0.3155 0.00279265
0.3165 0.0030761
0.3175 0.0042943
0.3185 -0.00291734
0.3195 -0.00530084
0.3205 -0.00755863
0.3215 -0.00427833
0.3225 0.00483123
0.3235 0.00274808
0.3245 0.00278259
0.3255 0.00279967
0.3265 0.00253984
0.3275 0.0048605
0.3285 -0.00400924
0.3295 -0.00495631
0.3305 -0.00536486
0.3315 -0.00448853
0.3325 0.00483639
0.3335 0.00254151
0.3345 0.00271283
0.3355 0.00267686
0.3365 0.00265019
0.3375 0.00493178
0.3385 -0.00359559
0.3395 -0.00583941
0.3405 -0.00695627
0.3415 -0.00485567
0.3425 0.00465593
0.3435 0.00249204
0.3445 0.00259416
0.3455 0.00261214
0.3465 0.00244216
0.3475 0.00490495
0.3485 -0.00385106
0.3495 -0.00534564
0.3505 -0.0051919
0.3515 -0.004106
0.3525 0.00447592
0.3535 0.00235609
0.3545 0.00249005
0.3555 0.00247836
0.3565 0.00234372
0.3575 0.0047989
0.3585 -0.00324709
0.3595 -0.00518946
0.3605 -0.00586504
0.3615 -0.00442055
0.3625 0.00425791
0.3635 0.00224452
0.3645 0.00235661
0.3655 0.00236502
0.3665 0.00219818
0.3675 0.00446965
0.3685 -0.00329119
0.3695 -0.00459485
0.3705 -0.00491075
0.3715 -0.00410162
0.3725 0.00396164
0.3735 0.0021118
0.3745 0.00222543
0.3755 0.002226
0.3765 0.00206627
0.3775 0.004352
0.3785 -0.00292778
0.3795 -0.00445711
0.3805 -0.00503808
0.3815 -0.00413344
0.3825 0.0037126
0.3835 0.00197743
0.3845 0.00207903
0.3855 0.00208555
0.3865 0.00193235
0.3875 0.00404918
0.3885 -0.00276504
0.3895 -0.00405537
0.3905 -0.00446102
0.3915 -0.00380304
0.3925 0.0034035
0.3935 0.00183685
0.3945 0.00192766
0.3955 0.00193271
0.3965 0.0017803
0.3975 0.00383579
0.3985 -0.00242393
0.3995 -0.00376636
0.4005 -0.00428729
0.4015 -0.00366102
0.4025 0.00311135
0.4035 0.00168632
0.4045 0.001767
0.4055 0.00177319
0.4065 0.00163202
0.4075 0.00351724
0.4085 -0.00217564
0.4095 -0.00335509
0.4105 -0.00383862
0.4115 -0.00338695
0.4125 0.00277952
0.4135 0.00153198
0.4145 0.00159994
0.4155 0.0016066
0.4165 0.00146966
0.4175 0.00323916
0.4185 -0.00185591
0.4195 -0.00300145
0.4205 -0.00353325
0.4215 -0.00316703
0.4225 0.00245341
0.4235 0.00136945
0.4245 0.00142646
0.4255 0.00143322
0.4265 0.00130842
0.4275 0.00291105
0.4285 -0.00155695
0.4295 -0.00260425
0.4305 -0.00313385
0.4315 -0.00288293
0.4325 0.00210666
0.4335 0.00120356
0.4345 0.00124724
0.4355 0.00125461
0.4365 0.00113766
0.4375 0.00259286
0.4385 -0.00123241
0.4395 -0.00221557
0.4405 -0.0027663
0.4415 -0.00261169
0.4425 0.00175805
0.4435 0.00103161
0.4445 0.00106326
0.4455 0.00107057
0.4465 0.000965639
0.4475 0.00224989
0.4485 -0.000913326
0.4495 -0.00180533
0.4505 -0.00236311
0.4515 -0.00231611
0.4525 0.00139777
0.4535 0.000856528
0.4545 0.000874911
0.4555 0.000882642
0.4565 0.000787896
0.4575 0.00190516
0.4585 -0.000584203
0.4595 -0.00139463
0.4605 -0.0019637
0.4615 -0.00201764
0.4625 0.00103442
0.4635 0.000677494
0.4645 0.000683238
0.4655 0.000690958
0.4665 0.000608381
0.4675 0.00154793
0.4685 -0.000254013
0.4695 -0.000976077
0.4705 -0.0015527
0.4715 -0.00170639
0.4725 0.000665444
0.4735 0.000496198
0.4745 0.000488774
0.4755 0.000496714
0.4765 0.000425767
0.4775 0.00118689
0.4785 7.81025e-05
0.4795 -0.000555179
0.4805 -0.00113712
0.4815 -0.00138967
0.4825 0.000294613
0.4835 0.000312726
0.4845 0.000292442
0.4855 0.000300392
0.4865 0.000241953
0.4875 0.000819765
0.4885 0.000409614
0.4895 -0.000130979
0.4905 -0.000716515
0.4915 -0.00106689
0.4925 -7.78302e-05
0.4935 0.000128129
0.4945 9.49242e-05
0.4955 0.000102944
0.4965 5.69643e-05
0.4975 0.000449808
0.4985 0.000739555
0.4995 0.000293204
0.5005 -0.000293039
0.5015 -0.000739801
0.5025 -0.000449799
0.5035 -5.69856e-05
0.5045 -0.000102964
0.5055 -9.49406e-05
0.5065 -0.000128143
0.5075 7.78182e-05
0.5085 0.0010669
0.5095 0.000716522
0.5105 0.000130855
0.5115 -0.000409722
0.5125 -0.000819783
0.5135 -0.000241989
0.5145 -0.000300416
0.5155 -0.000292454
0.5165 -0.000312728
0.5175 -0.000294596
0.5185 0.00138996
0.5195 0.00113669
0.5205 0.00055483
0.5215 -7.78554e-05
0.5225 -0.00118703
0.5235 -0.000425822
0.5245 -0.000496745
0.5255 -0.000488782
0.5265 -0.000496186
0.5275 -0.00066541
0.5285 0.00170655
0.5295 0.00155261
0.5305 0.000975836
0.5315 0.000253956
0.5325 -0.00154802
0.5335 -0.000608447
0.5345 -0.00069099
0.5355 -0.000683242
0.5365 -0.00067748
0.5375 -0.00103441
0.5385 0.00201735
0.5395 0.00196469
0.5405 0.00139486
0.5415 0.000583234
0.5425 -0.00190507
0.5435 -0.000787931
0.5445 -0.000882679
0.5455 -0.00087491
0.5465 -0.000856493
0.5475 -0.00139774
0.5485 0.00231619
0.5495 0.00236353
0.5505 0.00180513
0.5515 0.000912826
0.5525 -0.0022499
0.5535 -0.00096572
0.5545 -0.00107061
0.5555 -0.00106325
0.5565 -0.00103157
0.5575 -0.00175785
0.5585 0.00261278
0.5595 0.00276428
0.5605 0.00221479
0.5615 0.00123391
0.5625 -0.00259354
0.5635 -0.00113776
0.5645 -0.00125468
0.5655 -0.00124723
0.5665 -0.00120349
0.5675 -0.00210656
0.5685 0.00288355
0.5695 0.00313336
0.5705 0.00260351
0.5715 0.00155718
0.5725 -0.00291127
0.5735 -0.00130856
0.5745 -0.00143326
0.5755 -0.00142643
0.5765 -0.00136947
0.5775 -0.00245342
0.5785 0.00316496
0.5795 0.00353819
0.5805 0.00300391
0.5815 0.00185162
0.5825 -0.00323857
0.5835 -0.00146949
0.5845 -0.00160669
0.5855 -0.00159991
0.5865 -0.00153188
0.5875 -0.00277956
0.5885 0.00338675
0.5895 0.00384058
0.5905 0.00335475
0.5915 0.00217384
0.5925 -0.00351684
0.5935 -0.00163218
0.5945 -0.00177322
0.5955 -0.00176692
0.5965 -0.00168636
0.5975 -0.00311023
0.5985 0.00366531
0.5995 0.00427579
0.6005 0.00376542
0.6015 0.00243312
0.6025 -0.00383967
0.6035 -0.00178016
0.6045 -0.001933
0.6055 -0.00192761
0.6065 -0.00183664
0.6075 -0.00340342
0.6085 0.0038056
0.6095 0.00445792
0.6105 0.00405169
0.6115 0.00276744
0.6125 -0.00404952
0.6135 -0.00193287
0.6145 -0.00208556
0.6155 -0.00207884
0.6165 -0.00197809
0.6175 -0.00371216
0.6185 0.00411932
0.6195 0.00506236
0.6205 0.00447848
0.6215 0.00290732
0.6225 -0.00435084
0.6235 -0.0020639
0.6245 -0.00222661
0.6255 -0.00222532
0.6265 -0.00211143
0.6275 -0.00396271
0.6285 0.00410022
0.6295 0.00492071
0.6305 0.004591
0.6315 0.0032828
0.6325 -0.00446561
0.6335 -0.00219907
0.6345 -0.00236484
0.6355 -0.00235604
0.6365 -0.0022461
0.6375 -0.00424936
0.6385 0.00443482
0.6395 0.00579939
0.6405 0.00521023
0.6415 0.00330092
0.6425 -0.00482778
0.6435 -0.00233908
0.6445 -0.00248044
0.6455 -0.00248989
0.6465 -0.00235489
0.6475 -0.00447764
0.6485 0.00412156
0.6495 0.00517594
0.6505 0.00531528
0.6515 0.0038637
0.6525 -0.0049012
0.6535 -0.00244598
0.6545 -0.00261161
0.6555 -0.00259303
0.6565 -0.00249887
0.6575 -0.00464348
0.6585 0.00475376
0.6595 0.00707187
0.6605 0.00603913
0.6615 0.00350329
0.6625 -0.0049573
0.6635 -0.00262664
0.6645 -0.00268114
0.6655 -0.00271265
0.6665 -0.00253886
0.6675 -0.00484831
0.6685 0.00449285
0.6695 0.00542196
0.6705 0.00489304
0.6715 0.00395804
0.6725 -0.00482069
0.6735 -0.00254845
0.6745 -0.00279815
0.6755 -0.00278043
0.6765 -0.00276267
0.6775 -0.00475091
0.6785 0.00425784
0.6795 0.00717129
0.6805 0.00571352
0.6815 0.0032708
0.6825 -0.00456437
0.6835 -0.00302568
0.6845 -0.00280115
0.6855 -0.00288707
0.6865 -0.00275081
0.6875 -0.00564166
0.6885 0.00268457
0.6895 0.00483762
0.6905 0.00787203
0.6915 0.00455019
0.6925 -0.00693484
0.6935 -0.00290586
0.6945 -0.00295395
0.6955 -0.00296017
0.6965 -0.00318108
0.6975 -0.00433664
0.6985 0.00137122
0.6995 0.0087143
0.7005 0.0112402
0.7015 0.00600502
0.7025 -0.00328521
0.7035 -0.00426198
0.7045 -0.00301497
0.7055 -0.00302159
0.7065 -0.00288169
0.7075 -0.00517669
0.7085 0.0111214
0.7095 0.0127787
0.7105 0.00451205
0.7115 0.00432252
0.7125 -0.00383662
0.7135 -0.00302743
0.7145 -0.0030641
0.7155 -0.00307108
0.7165 -0.00292513
0.7175 0.000543101
0.7185 -0.000515492
0.7195 -0.0046482
0.7205 -0.0157916
0.7215 0.00478589
0.7225 0.0168619
0.7235 -0.00306277
0.7245 -0.00310104
0.7255 -0.00310837
0.7265 -0.00295694
0.7275 -0.00521294
0.7285 -0.000502789
0.7295 0.00106439
0.7305 0.00500093
0.7315 0.00508284
0.7325 -0.00368793
0.7335 -0.00308626
0.7345 -0.00312599
0.7355 -0.00313365
0.7365 -0.00297736
0.7375 -0.00528134
0.7385 -0.0937842
0.7395 -0.0741368
0.7405 0.0411771
0.7415 0.0412785
0.7425 0.0324057
0.7435 0.0330224
0.7445 0.0329817
0.7455 0.0329727
0.7465 0.0331308
0.7475 0.030784
0.7485 0.0329924
0.7495 0.0259648
0.7505 0.0153094
0.7515 0.00678973
0.7525 -0.00215607
0.7535 -0.00152997
0.7545 -0.00157177
0.7555 -0.00157966
0.7565 -0.00141522
0.7575 -0.0037875
0.7585 -0.00154359
0.7595 7.77745e-05
0.7605 0.00669453
0.7615 0.00682036
0.7625 -0.00216038
0.7635 -0.00152597
0.7645 -0.00156874
0.7655 -0.00157684
0.7665 -0.00140943
0.7675 -0.00380197
0.7685 -0.00153688
0.7695 8.87276e-05
0.7705 0.00668471
0.7715 0.00682408
0.7725 -0.00215616
0.7735 -0.00151594
0.7745 -0.00155951
0.7755 -0.00156781
0.7765 -0.00139808
0.7775 -0.00380143
0.7785 -0.0015241
0.7795 9.93305e-05
0.7805 0.00664851
0.7815 0.00680087
0.7825 -0.00214343
0.7835 -0.00149993
0.7845 -0.00154413
0.7855 -0.00155258
0.7865 -0.00138121
0.7875 -0.00378589
0.7885 -0.00150531
0.7895 0.000109541
0.7905 0.00658607
0.7915 0.00675082
0.7925 -0.00212224
0.7935 -0.001478
0.7945 -0.00152266
0.7955 -0.00153123
0.7965 -0.00135888
0.7975 -0.00375541
0.7985 -0.00148057
0.7995 0.00011932
0.8005 0.00649764
0.8015 0.00667412
0.8025 -0.00209268
0.8035 -0.00145024
0.8045 -0.00149517
0.8055 -0.00150384
0.8065 -0.0013312
0.8075 -0.00371011
0.8085 -0.00145
0.8095 0.000128628
0.8105 0.00638357
0.8115 0.00657109
0.8125 -0.00205485
0.8135 -0.00141675
0.8145 -0.00146179
0.8155 -0.00147051
0.8165 -0.00129826
0.8175 -0.00365017
0.8185 -0.0014137
0.8195 0.000137428
0.8205 0.00624431
0.8215 0.00644212
0.8225 -0.00200892
0.8235 -0.00137767
0.8245 -0.00142264
0.8255 -0.00143138
0.8265 -0.0012602
0.8275 -0.00357582
0.8285 -0.00137182
0.8295 0.000145685
0.8305 0.0060804
0.8315 0.00628773
0.8325 -0.00195506
0.8335 -0.00133316
0.8345 -0.00137787
0.8355 -0.0013866
0.8365 -0.00121716
0.8375 -0.00348735
0.8385 -0.00132452
0.8395 0.000153368
0.8405 0.00589249
0.8415 0.00610852
0.8425 -0.00189349
0.8435 -0.00128338
0.8445 -0.00132766
0.8455 -0.00133634
0.8465 -0.00116932
0.8475 -0.00338513
0.8485 -0.001272
0.8495 0.000160446
0.8505 0.00568133
0.8515 0.00590521
0.8525 -0.00182444
0.8535 -0.00122854
0.8545 -0.00127222
0.8555 -0.00128082
0.8565 -0.00111687
0.8575 -0.00326955
0.8585 -0.00121446
0.8595 0.00016689
0.8605 0.00544775
0.8615 0.00567859
0.8625 -0.00174819
0.8635 -0.00116885
0.8645 -0.00121175
0.8655 -0.00122023
0.8665 -0.00106
0.8675 -0.00314106
0.8685 -0.00115213
0.8695 0.000172675
0.8705 0.00519266
0.8715 0.00542956
0.8725 -0.00166504
0.8735 -0.00110455
0.8745 -0.0011465
0.8755 -0.00115484
0.8765 -0.000998957
0.8775 -0.00300017
0.8785 -0.00108525
0.8795 0.00017778
0.8805 0.00491709
0.8815 0.0051591
0.8825 -0.00157532
0.8835 -0.00103589
0.8845 -0.00107673
0.8855 -0.00108488
0.8865 -0.000933969
0.8875 -0.00284745
0.8885 -0.00101409
0.8895 0.000182182
0.8905 0.00462211
0.8915 0.00486828
0.8925 -0.00147938
0.8935 -0.00096314
0.8945 -0.00100271
0.8955 -0.00101064
0.8965 -0.000865295
0.8975 -0.00268349
0.8985 -0.000938922
0.8995 0.000185866
0.9005 0.00430889
0.9015 0.00455825
0.9025 -0.00137761
0.9035 -0.00088659
0.9045 -0.000924727
0.9055 -0.000932417
0.9065 -0.000793206
0.9075 -0.00250893
0.9085 -0.000860051
0.9095 0.000188816
0.9105 0.00397866
0.9115 0.00423023
0.9125 -0.0012704
0.9135 -0.00080654
0.9145 -0.000843098
0.9155 -0.000850511
0.9165 -0.000717986
0.9175 -0.00232448
0.9185 -0.000777786
0.9195 0.00019102
0.9205 0.00363273
0.9215 0.00388551
0.9225 -0.00115817
0.9235 -0.000723307
0.9245 -0.000758142
0.9255 -0.000765249
0.9265 -0.000639933
0.9275 -0.00213085
0.9285 -0.000692452
0.9295 0.000192471
0.9305 0.00327246
0.9315 0.00352546
0.9325 -0.00104137
0.9335 -0.00063722
0.9345 -0.000670193
0.9355 -0.000676967
0.9365 -0.000559355
0.9375 -0.00192882
0.9385 -0.000604384
0.9395 0.000193163
0.9405 0.00289928
0.9415 0.0031515
0.9425 -0.000920468
0.9435 -0.000548618
0.9445 -0.0005796
0.9455 -0.000586013
0.9465 -0.000476568
0.9475 -0.00171917
0.9485 -0.000513932
0.9495 0.000193092
0.9505 0.00251466
0.9515 0.0027651
0.9525 -0.000795929
0.9535 -0.000457851
0.9545 -0.000486719
0.9555 -0.000492746
0.9565 -0.000391902
0.9575 -0.00150273
0.9585 -0.000421451
0.9595 0.000192259
0.9605 0.00212011
0.9615 0.00236779
0.9625 -0.000668249
0.9635 -0.000365277
0.9645 -0.000391917
0.9655 -0.000397535
0.9665 -0.000305688
0.9675 -0.00128037
0.9685 -0.000327307
0.9695 0.000190667
0.9705 0.0017172
0.9715 0.00196113
0.9725 -0.000537932
0.9735 -0.000271261
0.9745 -0.000295568
0.9755 -0.000300755
0.9765 -0.000218268
0.9775 -0.00105295
0.9785 -0.000231871
0.9795 0.000188323
0.9805 0.00130751
0.9815 0.00154673
0.9825 -0.000405492
0.9835 -0.000176175
0.9845 -0.000198054
0.9855 -0.000202787
0.9865 -0.000129987
0.9875 -0.000821375
0.9885 -0.00013552
0.9895 0.000185235
0.9905 0.000892654
0.9915 0.00112623
0.9925 -0.000271451
0.9935 -8.03932e-05
0.9945 -9.97569e-05
0.9955 -0.00010402
0.9965 -4.11922e-05
0.9975 -0.000586561
0.9985 -3.86342e-05
0.9995 0.000181417

# time = 1
0.0005 0.0192971
0.0015 0.013179
0.0025 0.0150898
0.0035 0.0237141
0.0045 0.029834
0.0055 0.0361211
0.0065 0.0424397
0.0075 0.0481006
0.0085 0.0632506
0.0095 0.069425
0.0105 0.151941
0.0115 0.157398
0.0125 0.0794436
0.0135 0.0880074
0.0145 0.0941073
0.0155 0.100367
0.0165 0.106655
0.0175 0.112298
0.0185 0.12515
0.0195 0.129146
0.0205 0.130045
0.0215 0.136856
0.0225 0.141913
0.0235 0.150383
0.0245 0.15644
0.0255 0.162649
0.0265 0.168883
0.0275 0.151816
0.0285 0.193812
0.0295 0.222589
0.0305 0.1961
0.0315 0.195585
0.0325 0.198694
0.0335 0.212165
0.0345 0.218155
0.0355 0.224289
0.0365 0.230443
0.0375 0.23663
0.0385 0.25054
0.0395 0.255932
0.0405 0.242366
0.0415 0.246982
0.0425 0.264987
0.0435 0.27311
0.0445 0.279009
0.0455 0.285043
0.0465 0.292511
0.0475 0.295768
0.0485 0.309375
0.0495 0.312342
0.0505 0.30679
0.0515 0.315746
0.0525 0.324605
0.0535 0.333298
0.0545 0.338762
0.0555 0.344673
0.0565 0.350556
0.0575 0.35952
0.0585 0.369858
0.0595 0.371998
0.0605 0.36904
0.0615 0.374382
0.0625 0.384639
0.0635 0.391527
0.0645 0.397178
0.0655 0.402853
0.0665 0.408941
0.0675 0.414882
0.0685 0.428856
0.0695 0.432157
0.0705 0.42386
0.0715 0.430073
0.0725 0.441285
0.0735 0.448602
0.0745 0.454006
0.0755 0.459623
0.0765 0.464992
0.0775 0.471914
0.0785 0.483451
0.0795 0.488042
0.0805 0.481823
0.0815 0.485566
0.0825 0.496997
0.0835 0.503721
0.0845 0.509089
0.0855 0.51446
0.0865 0.519864
0.0875 0.526609
0.0885 0.537627
0.0895 0.540753
0.0905 0.534079
0.0915 0.538969
0.0925 0.550581
0.0935 0.557018
0.0945 0.562124
0.0955 0.567336
0.0965 0.572377
0.0975 0.579146
0.0985 0.588998
0.0995 0.592684
0.1005 0.587555
0.1015 0.591342
0.1025 0.602011
0.1035 0.608041
0.1045 0.612965
0.1055 0.617914
0.1065 0.62275
0.1075 0.629338
0.1085 0.638889
0.1095 0.641917
0.1105 0.636255
0.1115 0.640301
0.1125 0.651044
0.1135 0.656698
0.1145 0.661368
0.1155 0.666083
0.1165 0.670628
0.1175 0.676842
0.1185 0.685598
0.1195 0.689035
0.1205 0.684047
0.1215 0.687349
0.1225 0.697447
0.1235 0.702751
0.1245 0.707173
0.1255 0.711607
0.1265 0.715881
0.1275 0.721904
0.1285 0.729995
0.1295 0.732959
0.1305 0.728039
0.1315 0.731317
0.1325 0.74116
0.1335 0.746037
0.1345 0.75018
0.1355 0.754331
0.1365 0.758316
0.1375 0.763949
0.1385 0.771299
0.1395 0.774236
0.1405 0.769843
0.1415 0.772746
0.1425 0.781903
0.1435 0.78638
0.1445 0.790229
0.1455 0.794073
0.1465 0.797747
0.1475 0.803085
0.1485 0.809727
0.1495 0.812329
0.1505 0.808187
0.1515 0.810921
0.1525 0.81959
0.1535 0.823617
0.1545 0.827158
0.1555 0.830682
0.1565 0.83404
0.1575 0.838961
0.1585 0.844857
0.1595 0.847324
0.1605 0.843599
0.1615 0.846013
0.1625 0.854015
0.1635 0.857607
0.1645 0.860824
0.1655 0.864013
0.1665 0.867034
0.1675 0.87158
0.1685 0.876715
0.1695 0.878904
0.1705 0.875524
0.1715 0.877699
0.1725 0.885087
0.1735 0.88821
0.1745 0.891092
0.1755 0.893933
0.1765 0.896614
0.1775 0.900722
0.1785 0.905085
0.1795 0.907047
0.1805 0.904074
0.1815 0.905973
0.1825 0.912655
0.1835 0.915309
0.1845 0.917843
0.1855 0.920326
0.1865 0.92265
0.1875 0.926331
0.1885 0.929903
0.1895 0.931591
0.1905 0.929011
0.1915 0.930647
0.1925 0.936627
0.1935 0.938795
0.1945 0.940972
0.1955 0.943087
0.1965 0.945048
0.1975 0.94827
0.1985 0.951041
0.1995 0.952471
0.2005 0.950307
0.2015 0.951663
0.2025 0.956898
0.2035 0.958577
0.2045 0.960387
0.2055 0.962126
0.2065 0.963715
0.2075 0.966474
0.2085 0.968431
0.2095 0.969586
0.2105 0.967839
0.2115 0.968916
0.2125 0.973395
0.2135 0.974575
0.2145 0.976013
0.2155 0.977367
0.2165 0.97858
0.2175 0.980858
0.2185 0.981999
0.2195 0.982877
0.2205 0.981556
0.2215 0.98235
0.2225 0.986049
0.2235 0.986728
0.2245 0.987786
0.2255 0.988752
0.2265 0.989582
0.2275 0.991373
0.2285 0.991692
0.2295 0.992287
0.2305 0.991397
0.2315 0.991907
0.2325 0.994812
0.2335 0.994986
0.2345 0.995661
0.2355 0.996234
0.2365 0.996679
0.2375 0.997975
0.2385 0.997471
0.2395 0.997782
0.2405 0.997326
0.2415 0.997549
0.2425 0.999649
0.2435 0.999317
0.2445 0.999606
0.2455 0.999784
0.2465 0.999843
0.2475 1.00064
0.2485 0.999313
0.2495 0.999339
0.2505 0.999319
0.2515 0.999255
0.2525 1.00054
0.2535 0.999705
0.2545 0.999607
0.2555 0.999389
0.2565 0.999061
0.2575 0.999352
0.2585 0.997213
0.2595 0.996952
0.2605 0.997368
0.2615 0.997017
0.2625 0.997483
0.2635 0.996147
0.2645 0.995662
0.2655 0.99505
0.2665 0.994336
0.2675 0.994123
0.2685 0.991176
0.2695 0.990631
0.2705 0.991481
0.2715 0.990844
0.2725 0.990489
0.2735 0.988658
0.2745 0.987788
0.2755 0.986784
0.2765 0.985686
0.2775 0.984969
0.2785 0.981228
0.2795 0.980399
0.2805 0.98168
0.2815 0.980761
0.2825 0.979586
0.2835 0.977267
0.2845 0.976016
0.2855 0.974623
0.2865 0.973147
0.2875 0.971929
0.2885 0.967408
0.2895 0.966299
0.2905 0.968006
0.2915 0.966808
0.2925 0.964818
0.2935 0.962019
0.2945 0.960392
0.2955 0.958616
0.2965 0.956767
0.2975 0.955052
0.2985 0.949769
0.2995 0.948385
0.3005 0.950511
0.3015 0.949039
0.3025 0.946241
0.3035 0.942975
0.3045 0.940978
0.3055 0.938825
0.3065 0.936611
0.3075 0.934407
0.3085 0.928383
0.3095 0.926728
0.3105 0.929265
0.3115 0.927525
0.3125 0.92393
0.3135 0.920209
0.3145 0.91785
0.3155 0.91533
0.3165 0.912759
0.3175 0.910074
0.3185 0.903332
0.3195 0.901414
0.3205 0.904352
0.3215 0.90235
0.3225 0.897973
0.3235 0.893812
0.3245 0.891099
0.3255 0.888222
0.3265 0.885305
0.3275 0.882149
0.3285 0.874716
0.3295 0.872543
0.3305 0.875869
0.3315 0.873614
0.3325 0.868472
0.3335 0.863887
0.3345 0.860832
0.3355 0.857609
0.3365 0.854356
0.3375 0.850742
0.3385 0.842649
0.3395 0.840228
0.3405 0.84393
0.3415 0.84143
0.3425 0.835543
0.3435 0.830552
0.3445 0.827168
0.3455 0.823611
0.3465 0.820036
0.3475 0.815979
0.3485 0.807255
0.3495 0.804597
0.3505 0.80866
0.3515 0.805926
0.3525 0.799317
0.3535 0.79394
0.3545 0.790239
0.3555 0.786363
0.3565 0.78248
0.3575 0.777994
0.3585 0.768676
0.3595 0.76579
0.3605 0.770199
0.3615 0.767241
0.3625 0.759937
0.3635 0.754195
0.3645 0.750191
0.3655 0.746011
0.3665 0.741835
0.3675 0.73694
0.3685 0.727064
0.3695 0.723961
0.3705 0.728698
0.3715 0.725528
0.3725 0.717557
0.3735 0.711473
0.3745 0.707183
0.3755 0.702715
0.3765 0.698263
0.3775 0.692977
0.3785 0.682582
0.3795 0.679275
0.3805 0.684321
0.3815 0.680952
0.3825 0.672345
0.3835 0.665943
0.3845 0.661384
0.3855 0.656646
0.3865 0.651935
0.3875 0.646279
0.3885 0.635406
0.3895 0.631909
0.3905 0.637244
0.3915 0.633688
0.3925 0.62448
0.3935 0.617785
0.3945 0.612975
0.3955 0.607986
0.3965 0.603034
0.3975 0.597031
0.3985 0.585722
0.3995 0.582048
0.4005 0.587652
0.4015 0.583923
0.4025 0.574151
0.4035 0.567189
0.4045 0.562146
0.4055 0.556926
0.4065 0.551754
0.4075 0.545427
0.4085 0.533727
0.4095 0.529891
0.4105 0.53574
0.4115 0.531854
0.4125 0.521555
0.4135 0.514354
0.4145 0.509099
0.4155 0.503668
0.4165 0.498296
0.4175 0.491669
0.4185 0.479625
0.4195 0.475642
0.4205 0.481714
0.4215 0.477686
0.4225 0.466901
0.4235 0.45949
0.4245 0.454043
0.4255 0.448422
0.4265 0.442871
0.4275 0.435972
0.4285 0.423631
0.4295 0.419516
0.4305 0.425787
0.4315 0.421633
0.4325 0.410405
0.4335 0.402812
0.4345 0.397195
0.4355 0.391407
0.4365 0.385698
0.4375 0.378554
0.4385 0.365965
0.4395 0.361734
0.4405 0.36818
0.4415 0.363915
0.4425 0.352289
0.4435 0.344545
0.4445 0.338779
0.4455 0.332846
0.4465 0.327003
0.4475 0.319642
0.4485 0.306854
0.4495 0.302525
0.4505 0.30912
0.4515 0.304762
0.4525 0.292782
0.4535 0.284917
0.4545 0.279027
0.4555 0.272973
0.4565 0.267018
0.4575 0.259468
0.4585 0.246532
0.4595 0.242122
0.4605 0.248839
0.4615 0.244406
0.4625 0.23212
0.4635 0.224165
0.4645 0.218173
0.4655 0.212022
0.4665 0.205979
0.4675 0.198271
0.4685 0.185238
0.4695 0.180763
0.4705 0.187577
0.4715 0.183085
0.4725 0.170542
0.4735 0.162529
0.4745 0.156458
0.4755 0.150234
0.4765 0.144127
0.4775 0.136291
0.4785 0.123212
0.4795 0.118691
0.4805 0.125574
0.4815 0.121042
0.4825 0.108291
0.4835 0.100251
0.4845 0.0941258
0.4855 0.0878532
0.4865 0.0817064
0.4875 0.0737732
0.4885 0.0607005
0.4895 0.0561508
0.4905 0.0630762
0.4915 0.0585206
0.4925 0.0456126
0.4935 0.0375777
0.4945 0.031422
0.4955 0.0251258
0.4965 0.0189631
0.4975 0.0109641
0.4985 -0.00205092
0.4995 -0.00661125
0.5005 0.000329063
0.5015 -0.00423142
0.5025 -0.0172459
0.5035 -0.0252441
0.5045 -0.0314058
0.5055 -0.0377008
0.5065 -0.043855
0.5075 -0.0518881
0.5085 -0.0647942
0.5095 -0.0693472
0.5105 -0.0624194
0.5115 -0.0669667
0.5125 -0.0800363
0.5135 -0.0879663
0.5145 -0.0941096
0.5155 -0.100379
0.5165 -0.1065
0.5175 -0.114536
0.5185 -0.127282
0.5195 -0.13181
0.5205 -0.124922
0.5215 -0.129438
0.5225 -0.142511
0.5235 -0.150341
0.5245 -0.156442
0.5255 -0.16266
0.5265 -0.168725
0.5275 -0.176731
0.5285 -0.189267
0.5295 -0.193752
0.5305 -0.186931
0.5315 -0.191398
0.5325 -0.204423
0.5335 -0.212123
0.5345 -0.218157
0.5355 -0.2243
0.5365 -0.230283
0.5375 -0.238229
0.5385 -0.250505
0.5395 -0.254929
0.5405 -0.248202
0.5415 -0.252603
0.5425 -0.265528
0.5435 -0.273067
0.5445 -0.279011
0.5455 -0.285054
0.5465 -0.290933
0.5475 -0.298787
0.5485 -0.310755
0.5495 -0.315101
0.5505 -0.308494
0.5515 -0.312811
0.5525 -0.325586
0.5535 -0.332934
0.5545 -0.338764
0.5555 -0.344684
0.5565 -0.350435
0.5575 -0.358166
0.5585 -0.369778
0.5595 -0.374028
0.5605 -0.367568
0.5615 -0.371784
0.5625 -0.384358
0.5635 -0.391487
0.5645 -0.39718
0.5655 -0.402953
0.5665 -0.408554
0.5675 -0.416131
0.5685 -0.427342
0.5695 -0.43148
0.5705 -0.425192
0.5715 -0.42929
0.5725 -0.441614
0.5735 -0.448495
0.5745 -0.454029
0.5755 -0.459632
0.5765 -0.46506
0.5775 -0.472454
0.5785 -0.48322
0.5795 -0.487229
0.5805 -0.481138
0.5815 -0.485102
0.5825 -0.497127
0.5835 -0.503733
0.5845 -0.509085
0.5855 -0.514497
0.5865 -0.519732
0.5875 -0.526912
0.5885 -0.53719
0.5895 -0.541055
0.5905 -0.535184
0.5915 -0.539
0.5925 -0.550678
0.5935 -0.556983
0.5945 -0.562133
0.5955 -0.567331
0.5965 -0.572351
0.5975 -0.579291
0.5985 -0.58904
0.5995 -0.592746
0.6005 -0.587119
0.6015 -0.59077
0.6025 -0.602055
0.6035 -0.608035
0.6045 -0.612962
0.6055 -0.617927
0.6065 -0.622713
0.6075 -0.629383
0.6085 -0.638566
0.6095 -0.642097
0.6105 -0.636737
0.6115 -0.640209
0.6125 -0.651057
0.6135 -0.656687
0.6145 -0.661372
0.6155 -0.666084
0.6165 -0.670616
0.6175 -0.676992
0.6185 -0.685572
0.6195 -0.688914
0.6205 -0.683842
0.6215 -0.687121
0.6225 -0.697489
0.6235 -0.702747
0.6245 -0.707172
0.6255 -0.711612
0.6265 -0.715873
0.6275 -0.721929
0.6285 -0.729872
0.6295 -0.733013
0.6305 -0.728247
0.6315 -0.731321
0.6325 -0.741168
0.6335 -0.746034
0.6345 -0.750181
0.6355 -0.754331
0.6365 -0.758305
0.6375 -0.764017
0.6385 -0.771291
0.6395 -0.774218
0.6405 -0.769779
0.6415 -0.772635
0.6425 -0.781923
0.6435 -0.786377
0.6445 -0.790229
0.6455 -0.794074
0.6465 -0.797744
0.6475 -0.803089
0.6485 -0.809666
0.6495 -0.812369
0.6505 -0.808273
0.6515 -0.8109
0.6525 -0.819591
0.6535 -0.823616
0.6545 -0.827159
0.6555 -0.830683
0.6565 -0.834034
0.6575 -0.838993
0.6585 -0.844847
0.6595 -0.847313
0.6605 -0.843577
0.6615 -0.845965
0.6625 -0.854025
0.6635 -0.857605
0.6645 -0.860824
0.6655 -0.864013
0.6665 -0.867033
0.6675 -0.871585
0.6685 -0.876692
0.6695 -0.878913
0.6705 -0.875552
0.6715 -0.877691
0.6725 -0.885088
0.6735 -0.888209
0.6745 -0.891092
0.6755 -0.893934
0.6765 -0.896611
0.6775 -0.900737
0.6785 -0.905078
0.6795 -0.907044
0.6805 -0.904071
0.6815 -0.905953
0.6825 -0.912659
0.6835 -0.915308
0.6845 -0.917843
0.6855 -0.920327
0.6865 -0.92265
0.6875 -0.926334
0.6885 -0.929893
0.6895 -0.931596
0.6905 -0.929023
0.6915 -0.93064
0.6925 -0.936627
0.6935 -0.938795
0.6945 -0.940972
0.6955 -0.943087
0.6965 -0.945047
0.6975 -0.948276
0.6985 -0.951037
0.6995 -0.952471
0.7005 -0.950308
0.7015 -0.951654
0.7025 -0.9569
0.7035 -0.958577
0.7045 -0.960387
0.7055 -0.962126
0.7065 -0.963715
0.7075 -0.966475
0.7085 -0.968428
0.7095 -0.969587
0.7105 -0.967842
0.7115 -0.968913
0.7125 -0.973395
0.7135 -0.974575
0.7145 -0.976013
0.7155 -0.977367
0.7165 -0.97858
0.7175 -0.98086
0.7185 -0.981997
0.7195 -0.982877
0.7205 -0.981557
0.7215 -0.982347
0.7225 -0.986049
0.7235 -0.986728
0.7245 -0.987786
0.7255 -0.988752
0.7265 -0.989582
0.7275 -0.991374
0.7285 -0.99169
0.7295 -0.992288
0.7305 -0.991398
0.7315 -0.991905
0.7325 -0.994812
0.7335 -0.994986
0.7345 -0.995661
0.7355 -0.996234
0.7365 -0.996679
0.7375 -0.997976
0.7385 -0.99747
0.7395 -0.997782
0.7405 -0.997327
0.7415 -0.997548
0.7425 -0.999648
0.7435 -0.999317
0.7445 -0.999606
0.7455 -0.999784
0.7465 -0.999843
0.7475 -1.00064
0.7485 -0.999314
0.7495 -0.999339
0.7505 -0.99932
0.7515 -0.999254
0.7525 -1.00054
0.7535 -0.999705
0.7545 -0.999607
0.7555 -0.999389
0.7565 -0.999061
0.7575 -0.999353
0.7585 -0.997214
0.7595 -0.996951
0.7605 -0.997368
0.7615 -0.997017
0.7625 -0.997482
0.7635 -0.996147
0.7645 -0.995662
0.7655 -0.99505
0.7665 -0.994336
0.7675 -0.994123
0.7685 -0.991178
0.7695 -0.99063
0.7705 -0.991481
0.7715 -0.990845
0.7725 -0.990488
0.7735 -0.988658
0.7745 -0.987788
0.7755 -0.986783
0.7765 -0.985686
0.7775 -0.984969
0.7785 -0.981231
0.7795 -0.980398
0.7805 -0.98168
0.7815 -0.980763
0.7825 -0.979584
0.7835 -0.977268
0.7845 -0.976016
0.7855 -0.974623
0.7865 -0.973147
0.7875 -0.971928
0.7885 -0.967411
0.7895 -0.966295
0.7905 -0.968005
0.7915 -0.966812
0.7925 -0.964816
0.7935 -0.962019
0.7945 -0.960392
0.7955 -0.958616
0.7965 -0.956767
0.7975 -0.955051
0.7985 -0.949778
0.7995 -0.948384
0.8005 -0.950511
0.8015 -0.949043
0.8025 -0.946235
0.8035 -0.942976
0.8045 -0.940977
0.8055 -0.938825
0.8065 -0.936611
0.8075 -0.934406
0.8085 -0.928389
0.8095 -0.926719
0.8105 -0.92926
0.8115 -0.927534
0.8125 -0.923928
0.8135 -0.920209
0.8145 -0.91785
0.8155 -0.91533
0.8165 -0.91276
0.8175 -0.910069
0.8185 -0.903351
0.8195 -0.901418
0.8205 -0.904354
0.8215 -0.902356
0.8225 -0.897959
0.8235 -0.893814
0.8245 -0.891099
0.8255 -0.888222
0.8265 -0.885305
0.8275 -0.882147
0.8285 -0.874727
0.8295 -0.87251
0.8305 -0.875857
0.8315 -0.873641
0.8325 -0.868467
0.8335 -0.863887
0.8345 -0.860832
0.8355 -0.857609
0.8365 -0.854358
0.8375 -0.850733
0.8385 -0.842697
0.8395 -0.840248
0.8405 -0.843941
0.8415 -0.841442
0.8425 -0.835511
0.8435 -0.830558
0.8445 -0.827167
0.8455 -0.823611
0.8465 -0.820037
0.8475 -0.815977
0.8485 -0.807272
0.8495 -0.804522
0.8505 -0.808621
0.8515 -0.805977
0.8525 -0.799316
0.8535 -0.793943
0.8545 -0.790238
0.8555 -0.786363
0.8565 -0.782483
0.8575 -0.777975
0.8585 -0.768785
0.8595 -0.765857
0.8605 -0.77022
0.8615 -0.767247
0.8625 -0.759869
0.8635 -0.754206
0.8645 -0.750191
0.8655 -0.74601
0.8665 -0.741838
0.8675 -0.736932
0.8685 -0.727075
0.8695 -0.723729
0.8705 -0.728622
0.8715 -0.725672
0.8725 -0.717531
0.8735 -0.711478
0.8745 -0.70718
0.8755 -0.702716
0.8765 -0.698266
0.8775 -0.692937
0.8785 -0.682812
0.8795 -0.679472
0.8805 -0.684446
0.8815 -0.680986
0.8825 -0.672191
0.8835 -0.665956
0.8845 -0.661383
0.8855 -0.656642
0.8865 -0.651948
0.8875 -0.646259
0.8885 -0.635484
0.8895 -0.631493
0.8905 -0.637043
0.8915 -0.633956
0.8925 -0.624464
0.8935 -0.617818
0.8945 -0.612964
0.8955 -0.607989
0.8965 -0.60304
0.8975 -0.596989
0.8985 -0.586279
0.8995 -0.582501
0.9005 -0.58762
0.9015 -0.583868
0.9025 -0.574002
0.9035 -0.567218
0.9045 -0.56215
0.9055 -0.556916
0.9065 -0.551796
0.9075 -0.545318
0.9085 -0.533799
0.9095 -0.52867
0.9105 -0.535238
0.9115 -0.532383
0.9125 -0.521277
0.9135 -0.514463
0.9145 -0.509067
0.9155 -0.503671
0.9165 -0.49828
0.9175 -0.491552
0.9185 -0.480086
0.9195 -0.476271
0.9205 -0.48259
0.9215 -0.477968
0.9225 -0.466322
0.9235 -0.459429
0.9245 -0.454033
0.9255 -0.448398
0.9265 -0.442992
0.9275 -0.435563
0.9285 -0.424434
0.9295 -0.418572
0.9305 -0.426051
0.9315 -0.422793
0.9325 -0.409426
0.9335 -0.403148
0.9345 -0.397104
0.9355 -0.391404
0.9365 -0.385731
0.9375 -0.378862
0.9385 -0.36843
0.9395 -0.363275
0.9405 -0.36647
0.9415 -0.363969
0.9425 -0.353558
0.9435 -0.34469
0.9445 -0.338768
0.9455 -0.332844
0.9465 -0.327401
0.9475 -0.318493
0.9485 -0.3107
0.9495 -0.300316
0.9505 -0.304203
0.9515 -0.303517
0.9525 -0.290303
0.9535 -0.28636
0.9545 -0.279016
0.9555 -0.27297
0.9565 -0.267061
0.9575 -0.259029
0.9585 -0.240676
0.9595 -0.235949
0.9605 -0.250786
0.9615 -0.244979
0.9625 -0.230116
0.9635 -0.224325
0.9645 -0.218162
0.9655 -0.212019
0.9665 -0.206021
0.9675 -0.192003
0.9685 -0.191045
0.9695 -0.192091
0.9705 -0.209938
0.9715 -0.183312
0.9725 -0.147786
0.9735 -0.162687
0.9745 -0.156447
0.9755 -0.150232
0.9765 -0.144169
0.9775 -0.135693
0.9785 -0.129012
0.9795 -0.124355
0.9805 -0.127227
0.9815 -0.12107
0.9825 -0.106055
0.9835 -0.100408
0.9845 -0.0941154
0.9855 -0.0878512
0.9865 -0.0817475
0.9875 -0.0731801
0.9885 -0.159766
0.9895 -0.137037
0.9905 -0.0286111
0.9915 -0.0224302
0.9925 -0.00727571
0.9935 -0.00161176
0.9945 0.0047083
0.9955 0.0109952
0.9965 0.0171133
0.9975 0.0257342
0.9985 0.0297978
0.9995 0.0258318
