
# time = 0
0.0005 0.00314159
0.0015 0.00942464
0.0025 0.0157073
0.0035 0.0219894
0.0045 0.0282706
0.0055 0.0345506
0.0065 0.0408294
0.0075 0.0471065
0.0085 0.0533817
0.0095 0.0596548
0.0105 0.0659256
0.0115 0.0721938
0.0125 0.0784591
0.0135 0.0847213
0.0145 0.0909802
0.0155 0.0972355
0.0165 0.103487
0.0175 0.109734
0.0185 0.115977
0.0195 0.122216
0.0205 0.128449
0.0215 0.134678
0.0225 0.140901
0.0235 0.147119
0.0245 0.153331
0.0255 0.159537
0.0265 0.165736
0.0275 0.171929
0.0285 0.178115
0.0295 0.184294
0.0305 0.190466
0.0315 0.196631
0.0325 0.202787
0.0335 0.208936
0.0345 0.215076
0.0355 0.221208
0.0365 0.227331
0.0375 0.233445
0.0385 0.23955
0.0395 0.245646
0.0405 0.251732
0.0415 0.257807
0.0425 0.263873
0.0435 0.269928
0.0445 0.275973
0.0455 0.282007
0.0465 0.288029
0.0475 0.29404
0.0485 0.30004
0.0495 0.306028
0.0505 0.312003
0.0515 0.317967
0.0525 0.323917
0.0535 0.329855
0.0545 0.33578
0.0555 0.341692
0.0565 0.34759
0.0575 0.353475
0.0585 0.359345
0.0595 0.365202
0.0605 0.371044
0.0615 0.376871
0.0625 0.382683
0.0635 0.388481
0.0645 0.394263
0.0655 0.400029
0.0665 0.40578
0.0675 0.411514
0.0685 0.417233
0.0695 0.422935
0.0705 0.42862
0.0715 0.434288
0.0725 0.439939
0.0735 0.445573
0.0745 0.451189
0.0755 0.456787
0.0765 0.462368
0.0775 0.46793
0.0785 0.473473
0.0795 0.478998
0.0805 0.484504
0.0815 0.489991
0.0825 0.495459
0.0835 0.500907
0.0845 0.506335
0.0855 0.511743
0.0865 0.517131
0.0875 0.522499
0.0885 0.527846
0.0895 0.533172
0.0905 0.538477
0.0915 0.54376
0.0925 0.549023
0.0935 0.554263
0.0945 0.559482
0.0955 0.564679
0.0965 0.569853
0.0975 0.575005
0.0985 0.580134
0.0995 0.585241
0.1005 0.590324
0.1015 0.595384
0.1025 0.60042
0.1035 0.605433
0.1045 0.610422
0.1055 0.615386
0.1065 0.620327
0.1075 0.625243
0.1085 0.630134
0.1095 0.635
0.1105 0.639841
0.1115 0.644657
0.1125 0.649448
0.1135 0.654213
0.1145 0.658952
0.1155 0.663665
0.1165 0.668352
0.1175 0.673013
0.1185 0.677646
0.1195 0.682254
0.1205 0.686834
0.1215 0.691387
0.1225 0.695913
0.1235 0.700411
0.1245 0.704882
0.1255 0.709325
0.1265 0.71374
0.1275 0.718126
0.1285 0.722485
0.1295 0.726814
0.1305 0.731116
0.1315 0.735388
0.1325 0.739631
0.1335 0.743845
0.1345 0.74803
0.1355 0.752185
0.1365 0.75631
0.1375 0.760406
0.1385 0.764472
0.1395 0.768507
0.1405 0.772512
0.1415 0.776487
0.1425 0.78043
0.1435 0.784343
0.1445 0.788226
0.1455 0.792077
0.1465 0.795896
0.1475 0.799685
0.1485 0.803441
0.1495 0.807166
0.1505 0.81086
0.1515 0.814521
0.1525 0.81815
0.1535 0.821746
0.1545 0.825311
0.1555 0.828842
0.1565 0.832341
0.1575 0.835807
0.1585 0.83924
0.1595 0.84264
0.1605 0.846007
0.1615 0.84934
0.1625 0.85264
0.1635 0.855906
0.1645 0.859139
0.1655 0.862337
0.1665 0.865501
0.1675 0.868632
0.1685 0.871727
0.1695 0.874789
0.1705 0.877816
0.1715 0.880808
0.1725 0.883766
0.1735 0.886688
0.1745 0.889576
0.1755 0.892428
0.1765 0.895246
0.1775 0.898028
0.1785 0.900774
0.1795 0.903485
0.1805 0.90616
0.1815 0.9088
0.1825 0.911403
0.1835 0.913971
0.1845 0.916502
0.1855 0.918998
0.1865 0.921457
0.1875 0.92388
0.1885 0.926266
0.1895 0.928615
0.1905 0.930928
0.1915 0.933205
0.1925 0.935444
0.1935 0.937646
0.1945 0.939812
0.1955 0.94194
0.1965 0.944031
0.1975 0.946085
0.1985 0.948102
0.1995 0.950081
0.2005 0.952023
0.2015 0.953927
0.2025 0.955793
0.2035 0.957622
0.2045 0.959412
0.2055 0.961165
0.2065 0.96288
0.2075 0.964557
0.2085 0.966196
0.2095 0.967797
0.2105 0.96936
0.2115 0.970884
0.2125 0.97237
0.2135 0.973817
0.2145 0.975227
0.2155 0.976597
0.2165 0.977929
0.2175 0.979223
0.2185 0.980478
0.2195 0.981694
0.2205 0.982871
0.2215 0.98401
0.2225 0.985109
0.2235 0.98617
0.2245 0.987192
0.2255 0.988175
0.2265 0.989119
0.2275 0.990024
0.2285 0.990889
0.2295 0.991716
0.2305 0.992504
0.2315 0.993252
0.2325 0.993961
0.2335 0.994631
0.2345 0.995261
0.2355 0.995853
0.2365 0.996405
0.2375 0.996917
0.2385 0.997391
0.2395 0.997825
0.2405 0.998219
0.2415 0.998574
0.2425 0.99889
0.2435 0.999166
0.2445 0.999403
0.2455 0.9996
0.2465 0.999758
0.2475 0.999877
0.2485 0.999956
0.2495 0.999995
0.2505 0.999995
0.2515 0.999956
0.2525 0.999877
0.2535 0.999758
0.2545 0.9996
0.2555 0.999403
0.2565 0.999166
0.2575 0.99889
0.2585 0.998574
0.2595 0.998219
0.2605 0.997825
0.2615 0.997391
0.2625 0.996917
0.2635 0.996405
0.2645 0.995853
0.2655 0.995261
0.2665 0.994631
0.2675 0.993961
0.2685 0.993252
0.2695 0.992504
0.2705 0.991716
0.2715 0.990889
0.2725 0.990024
0.2735 0.989119
0.2745 0.988175
0.2755 0.987192
0.2765 0.98617
0.2775 0.985109
0.2785 0.98401
0.2795 0.982871
0.2805 0.981694
0.2815 0.980478
0.2825 0.979223
0.2835 0.977929
0.2845 0.976597
0.2855 0.975227
0.2865 0.973817
0.2875 0.97237
0.2885 0.970884
0.2895 0.96936
0.2905 0.967797
0.2915 0.966196
0.2925 0.964557
0.2935 0.96288
0.2945 0.961165
0.2955 0.959412
0.2965 0.957622
0.2975 0.955793
0.2985 0.953927
0.2995 0.952023
0.3005 0.950081
0.3015 0.948102
0.3025 0.946085
0.3035 0.944031
0.3045 0.94194
0.3055 0.939812
0.3065 0.937646
0.3075 0.935444
0.3085 0.933205
0.3095 0.930928
0.3105 0.928615
0.3115 0.926266
0.3125 0.92388
0.3135 0.921457
0.3145 0.918998
0.3155 0.916502
0.3165 0.913971
0.3175 0.911403
0.3185 0.9088
0.3195 0.90616
0.3205 0.903485
0.3215 0.900774
0.3225 0.898028
0.3235 0.895246
0.3245 0.892428
0.3255 0.889576
0.3265 0.886688
0.3275 0.883766
0.3285 0.880808
0.3295 0.877816
0.3305 0.874789
0.3315 0.871727
0.3325 0.868632
0.3335 0.865501
0.3345 0.862337
0.3355 0.859139
0.3365 0.855906
0.3375 0.85264
0.3385 0.84934
0.3395 0.846007
0.3405 0.84264
0.3415 0.83924
0.3425 0.835807
0.3435 0.832341
0.3445 0.828842
0.3455 0.825311
0.3465 0.821746
0.3475 0.81815
0.3485 0.814521
0.3495 0.81086
0.3505 0.807166
0.3515 0.803441
0.3525 0.799685
0.3535 0.795896
0.3545 0.792077
0.3555 0.788226
0.3565 0.784343
0.3575 0.78043
0.3585 0.776487
0.3595 0.772512
0.3605 0.768507
0.3615 0.764472
0.3625 0.760406
0.3635 0.75631
0.3645 0.752185
0.3655 0.74803
0.3665 0.743845
0.3675 0.739631
0.3685 0.735388
0.3695 0.731116
0.3705 0.726814
0.3715 0.722485
0.3725 0.718126
0.3735 0.71374
0.3745 0.709325
0.3755 0.704882
0.3765 0.700411
0.3775 0.695913
0.3785 0.691387
0.3795 0.686834
0.3805 0.682254
0.3815 0.677646
0.3825 0.673013
0.3835 0.668352
0.3845 0.663665
0.3855 0.658952
0.3865 0.654213
0.3875 0.649448
0.3885 0.644657
0.3895 0.639841
0.3905 0.635
0.3915 0.630134
0.3925 0.625243
0.3935 0.620327
0.3945 0.615386
0.3955 0.610422
0.3965 0.605433
0.3975 0.60042
0.3985 0.595384
0.3995 0.590324
0.4005 0.585241
0.4015 0.580134
0.4025 0.575005
0.4035 0.569853
0.4045 0.564679
0.4055 0.559482
0.4065 0.554263
0.4075 0.549023
0.4085 0.54376
0.4095 0.538477
0.4105 0.533172
0.4115 0.527846
0.4125 0.522499
0.4135 0.517131
0.4145 0.511743
0.4155 0.506335
0.4165 0.500907
0.4175 0.495459
0.4185 0.489991
0.4195 0.484504
0.4205 0.478998
0.4215 0.473473
0.4225 0.46793
0.4235 0.462368
0.4245 0.456787
0.4255 0.451189
0.4265 0.445573
0.4275 0.439939
0.4285 0.434288
0.4295 0.42862
0.4305 0.422935
0.4315 0.417233
0.4325 0.411514
0.4335 0.40578
0.4345 0.400029
0.4355 0.394263
0.4365 0.388481
0.4375 0.382683
0.4385 0.376871
0.4395 0.371044
0.4405 0.365202
0.4415 0.359345
0.4425 0.353475
0.4435 0.34759
0.4445 0.341692
0.4455 0.33578
0.4465 0.329855
0.4475 0.323917
0.4485 0.317967
0.4495 0.312003
0.4505 0.306028
0.4515 0.30004
0.4525 0.29404
0.4535 0.288029
0.4545 0.282007
0.4555 0.275973
0.4565 0.269928
0.4575 0.263873
0.4585 0.257807
0.4595 0.251732
0.4605 0.245646
0.4615 0.23955
0.4625 0.233445
0.4635 0.227331
0.4645 0.221208
0.4655 0.215076
0.4665 0.208936
0.4675 0.202787
0.4685 0.196631
0.4695 0.190466
0.4705 0.184294
0.4715 0.178115
0.4725 0.171929
0.4735 0.165736
0.4745 0.159537
0.4755 0.153331
0.4765 0.147119
0.4775 0.140901
0.4785 0.134678
0.4795 0.128449
0.4805 0.122216
0.4815 0.115977
0.4825 0.109734
0.4835 0.103487
0.4845 0.0972355
0.4855 0.0909802
0.4865 0.0847213
0.4875 0.0784591
0.4885 0.0721938
0.4895 0.0659256
0.4905 0.0596548
0.4915 0.0533817
0.4925 0.0471065
0.4935 0.0408294
0.4945 0.0345506
0.4955 0.0282706
0.4965 0.0219894
0.4975 0.0157073
0.4985 0.00942464
0.4995 0.00314159
0.5005 -0.00314159
0.5015 -0.00942464
0.5025 -0.0157073
0.5035 -0.0219894
0.5045 -0.0282706
0.5055 -0.0345506
0.5065 -0.0408294
0.5075 -0.0471065
0.5085 -0.0533817
0.5095 -0.0596548
0.5105 -0.0659256
0.5115 -0.0721938
0.5125 -0.0784591
0.5135 -0.0847213
0.5145 -0.0909802
0.5155 -0.0972355
0.5165 -0.103487
0.5175 -0.109734
0.5185 -0.115977
0.5195 -0.122216
0.5205 -0.128449
0.5215 -0.134678
0.5225 -0.140901
0.5235 -0.147119
0.5245 -0.153331
0.5255 -0.159537
0.5265 -0.165736
0.5275 -0.171929
0.5285 -0.178115
0.5295 -0.184294
0.5305 -0.190466
0.5315 -0.196631
0.5325 -0.202787
0.5335 -0.208936
0.5345 -0.215076
0.5355 -0.221208
0.5365 -0.227331
0.5375 -0.233445
0.5385 -0.23955
0.5395 -0.245646
0.5405 -0.251732
0.5415 -0.257807
0.5425 -0.263873
0.5435 -0.269928
0.5445 -0.275973
0.5455 -0.282007
0.5465 -0.288029
0.5475 -0.29404
0.5485 -0.30004
0.5495 -0.306028
0.5505 -0.312003
0.5515 -0.317967
0.5525 -0.323917
0.5535 -0.329855
0.5545 -0.33578
0.5555 -0.341692
0.5565 -0.34759
0.5575 -0.353475
0.5585 -0.359345
0.5595 -0.365202
0.5605 -0.371044
0.5615 -0.376871
0.5625 -0.382683
0.5635 -0.388481
0.5645 -0.394263
0.5655 -0.400029
0.5665 -0.40578
0.5675 -0.411514
0.5685 -0.417233
0.5695 -0.422935
0.5705 -0.42862
0.5715 -0.434288
0.5725 -0.439939
0.5735 -0.445573
0.5745 -0.451189
0.5755 -0.456787
0.5765 -0.462368
0.5775 -0.46793
0.5785 -0.473473
0.5795 -0.478998
0.5805 -0.484504
0.5815 -0.489991
0.5825 -0.495459
0.5835 -0.500907
0.5845 -0.506335
0.5855 -0.511743
0.5865 -0.517131
0.5875 -0.522499
0.5885 -0.527846
0.5895 -0.533172
0.5905 -0.538477
0.5915 -0.54376
0.5925 -0.549023
0.5935 -0.554263
0.5945 -0.559482
0.5955 -0.564679
0.5965 -0.569853
0.5975 -0.575005
0.5985 -0.580134
0.5995 -0.585241
0.6005 -0.590324
0.6015 -0.595384
0.6025 -0.60042
0.6035 -0.605433
0.6045 -0.610422
0.6055 -0.615386
0.6065 -0.620327
0.6075 -0.625243
0.6085 -0.630134
0.6095 -0.635
0.6105 -0.639841
0.6115 -0.644657
0.6125 -0.649448
0.6135 -0.654213
0.6145 -0.658952
0.6155 -0.663665
0.6165 -0.668352
0.6175 -0.673013
0.6185 -0.677646
0.6195 -0.682254
0.6205 -0.686834
0.6215 -0.691387
0.6225 -0.695913
0.6235 -0.700411
0.6245 -0.704882
0.6255 -0.709325
0.6265 -0.71374
0.6275 -0.718126
0.6285 -0.722485
0.6295 -0.726814
0.6305 -0.731116
0.6315 -0.735388
0.6325 -0.739631
0.6335 -0.743845
0.6345 -0.74803
0.6355 -0.752185
0.6365 -0.75631
0.6375 -0.760406
0.6385 -0.764472
0.6395 -0.768507
0.6405 -0.772512
0.6415 -0.776487
0.6425 -0.78043
0.6435 -0.784343
0.6445 -0.788226
0.6455 -0.792077
0.6465 -0.795896
0.6475 -0.799685
0.6485 -0.803441
0.6495 -0.807166
0.6505 -0.81086
0.6515 -0.814521
0.6525 -0.81815
0.6535 -0.821746
0.6545 -0.825311
0.6555 -0.828842
0.6565 -0.832341
0.6575 -0.835807
0.6585 -0.83924
0.6595 -0.84264
0.6605 -0.846007
0.6615 -0.84934
0.6625 -0.85264
0.6635 -0.855906
0.6645 -0.859139
0.6655 -0.862337
0.6665 -0.865501
0.6675 -0.868632
0.6685 -0.871727
0.6695 -0.874789
0.6705 -0.877816
0.6715 -0.880808
0.6725 -0.883766
0.6735 -0.886688
0.6745 -0.889576
0.6755 -0.892428
0.6765 -0.895246
0.6775 -0.898028
0.6785 -0.900774
0.6795 -0.903485
0.6805 -0.90616
0.6815 -0.9088
0.6825 -0.911403
0.6835 -0.913971
0.6845 -0.916502
0.6855 -0.918998
0.6865 -0.921457
0.6875 -0.92388
0.6885 -0.926266
0.6895 -0.928615
0.6905 -0.930928
0.6915 -0.933205
0.6925 -0.935444
0.6935 -0.937646
0.6945 -0.939812
0.6955 -0.94194
0.6965 -0.944031
0.6975 -0.946085
0.6985 -0.948102
0.6995 -0.950081
0.7005 -0.952023
0.7015 -0.953927
0.7025 -0.955793
0.7035 -0.957622
0.7045 -0.959412
0.7055 -0.961165
0.7065 -0.96288
0.7075 -0.964557
0.7085 -0.966196
0.7095 -0.967797
0.7105 -0.96936
0.7115 -0.970884
0.7125 -0.97237
0.7135 -0.973817
0.7145 -0.975227
0.7155 -0.976597
0.7165 -0.977929
0.7175 -0.979223
0.7185 -0.980478
0.7195 -0.981694
0.7205 -0.982871
0.7215 -0.98401
0.7225 -0.985109
0.7235 -0.98617
0.7245 -0.987192
0.7255 -0.988175
0.7265 -0.989119
0.7275 -0.990024
0.7285 -0.990889
0.7295 -0.991716
0.7305 -0.992504
0.7315 -0.993252
0.7325 -0.993961
0.7335 -0.994631
0.7345 -0.995261
0.7355 -0.995853
0.7365 -0.996405
0.7375 -0.996917
0.7385 -0.997391
0.7395 -0.997825
0.7405 -0.998219
0.7415 -0.998574
0.7425 -0.99889
0.7435 -0.999166
0.7445 -0.999403
0.7455 -0.9996
0.7465 -0.999758
0.7475 -0.999877
0.7485 -0.999956
0.7495 -0.999995
0.7505 -0.999995
0.7515 -0.999956
0.7525 -0.999877
0.7535 -0.999758
0.7545 -0.9996
0.7555 -0.999403
0.7565 -0.999166
0.7575 -0.99889
0.7585 -0.998574
0.7595 -0.998219
0.7605 -0.997825
0.7615 -0.997391
0.7625 -0.996917
0.7635 -0.996405
0.7645 -0.995853
0.7655 -0.995261
0.7665 -0.994631
0.7675 -0.993961
0.7685 -0.993252
0.7695 -0.992504
0.7705 -0.991716
0.7715 -0.990889
0.7725 -0.990024
0.7735 -0.989119
0.7745 -0.988175
0.7755 -0.987192
0.7765 -0.98617
0.7775 -0.985109
0.7785 -0.98401
0.7795 -0.982871
0.7805 -0.981694
0.7815 -0.980478
0.7825 -0.979223
0.7835 -0.977929
0.7845 -0.976597
0.7855 -0.975227
0.7865 -0.973817
0.7875 -0.97237
0.7885 -0.970884
0.7895 -0.96936
0.7905 -0.967797
0.7915 -0.966196
0.7925 -0.964557
0.7935 -0.96288
0.7945 -0.961165
0.7955 -0.959412
0.7965 -0.957622
0.7975 -0.955793
0.7985 -0.953927
0.7995 -0.952023
0.8005 -0.950081
0.8015 -0.948102
0.8025 -0.946085
0.8035 -0.944031
0.8045 -0.94194
0.8055 -0.939812
0.8065 -0.937646
0.8075 -0.935444
0.8085 -0.933205
0.8095 -0.930928
0.8105 -0.928615
0.8115 -0.926266
0.8125 -0.92388
0.8135 -0.921457
0.8145 -0.918998
0.8155 -0.916502
0.8165 -0.913971
0.8175 -0.911403
0.8185 -0.9088
0.8195 -0.90616
0.8205 -0.903485
0.8215 -0.900774
0.8225 -0.898028
0.8235 -0.895246
0.8245 -0.892428
0.8255 -0.889576
0.8265 -0.886688
0.8275 -0.883766
0.8285 -0.880808
0.8295 -0.877816
0.8305 -0.874789
0.8315 -0.871727
0.8325 -0.868632
0.8335 -0.865501
0.8345 -0.862337
0.8355 -0.859139
0.8365 -0.855906
0.8375 -0.85264
0.8385 -0.84934
0.8395 -0.846007
0.8405 -0.84264
0.8415 -0.83924
0.8425 -0.835807
0.8435 -0.832341
0.8445 -0.828842
0.8455 -0.825311
0.8465 -0.821746
0.8475 -0.81815
0.8485 -0.814521
0.8495 -0.81086
0.8505 -0.807166
0.8515 -0.803441
0.8525 -0.799685
0.8535 -0.795896
0.8545 -0.792077
0.8555 -0.788226
0.8565 -0.784343
0.8575 -0.78043
0.8585 -0.776487
0.8595 -0.772512
0.8605 -0.768507
0.8615 -0.764472
0.8625 -0.760406
0.8635 -0.75631
0.8645 -0.752185
0.8655 -0.74803
0.8665 -0.743845
0.8675 -0.739631
0.8685 -0.735388
0.8695 -0.731116
0.8705 -0.726814
0.8715 -0.722485
0.8725 -0.718126
0.8735 -0.71374
0.8745 -0.709325
0.8755 -0.704882
0.8765 -0.700411
0.8775 -0.695913
0.8785 -0.691387
0.8795 -0.686834
0.8805 -0.682254
0.8815 -0.677646
0.8825 -0.673013
0.8835 -0.668352
0.8845 -0.663665
0.8855 -0.658952
0.8865 -0.654213
0.8875 -0.649448
0.8885 -0.644657
0.8895 -0.639841
0.8905 -0.635
0.8915 -0.630134
0.8925 -0.625243
0.8935 -0.620327
0.8945 -0.615386
0.8955 -0.610422
0.8965 -0.605433
0.8975 -0.60042
0.8985 -0.595384
0.8995 -0.590324
0.9005 -0.585241
0.9015 -0.580134
0.9025 -0.575005
0.9035 -0.569853
0.9045 -0.564679
0.9055 -0.559482
0.9065 -0.554263
0.9075 -0.549023
0.9085 -0.54376
0.9095 -0.538477
0.9105 -0.533172
0.9115 -0.527846
0.9125 -0.522499
0.9135 -0.517131
0.9145 -0.511743
0.9155 -0.506335
0.9165 -0.500907
0.9175 -0.495459
0.9185 -0.489991
0.9195 -0.484504
0.9205 -0.478998
0.9215 -0.473473
0.9225 -0.46793
0.9235 -0.462368
0.9245 -0.456787
0.9255 -0.451189
0.9265 -0.445573
0.9275 -0.439939
0.9285 -0.434288
0.9295 -0.42862
0.9305 -0.422935
0.9315 -0.417233
0.9325 -0.411514
0.9335 -0.40578
0.9345 -0.400029
0.9355 -0.394263
0.9365 -0.388481
0.9375 -0.382683
0.9385 -0.376871
0.9395 -0.371044
0.9405 -0.365202
0.9415 -0.359345
0.9425 -0.353475
0.9435 -0.34759
0.9445 -0.341692
0.9455 -0.33578
0.9465 -0.329855
0.9475 -0.323917
0.9485 -0.317967
0.9495 -0.312003
0.9505 -0.306028
0.9515 -0.30004
0.9525 -0.29404
0.9535 -0.288029
0.9545 -0.282007
0.9555 -0.275973
0.9565 -0.269928
0.9575 -0.263873
0.9585 -0.257807
0.9595 -0.251732
0.9605 -0.245646
0.9615 -0.23955
0.9625 -0.233445
0.9635 -0.227331
0.9645 -0.221208
0.9655 -0.215076
0.9665 -0.208936
0.9675 -0.202787
0.9685 -0.196631
0.9695 -0.190466
0.9705 -0.184294
0.9715 -0.178115
0.9725 -0.171929
0.9735 -0.165736
0.9745 -0.159537
0.9755 -0.153331
0.9765 -0.147119
0.9775 -0.140901
0.9785 -0.134678
0.9795 -0.128449
0.9805 -0.122216
0.9815 -0.115977
0.9825 -0.109734
0.9835 -0.103487
0.9845 -0.0972355
0.9855 -0.0909802
0.9865 -0.0847213
0.9875 -0.0784591
0.9885 -0.0721938
0.9895 -0.0659256
0.9905 -0.0596548
0.9915 -0.0533817
0.9925 -0.0471065
0.9935 -0.0408294
0.9945 -0.0345506
0.9955 -0.0282706
0.9965 -0.0219894
0.9975 -0.0157073
0.9985 -0.00942464
0.9995 -0.00314159

# time = 0.25
0.0005 1.06794e-05
0.0015 3.44996e-05
0.0025 1.05593e-05
0.0035 2.43108e-05
0.0045 2.03123e-05
0.0055 2.06986e-05
0.0065 2.28079e-05
0.0075 2.03667e-05
0.0085 2.26801e-05
0.0095 2.09227e-05
0.0105 2.21031e-05
0.0115 2.13965e-05
0.0125 2.17246e-05
0.0135 2.15959e-05
0.0145 2.15748e-05
0.0155 2.16159e-05
0.0165 2.15336e-05
0.0175 2.15714e-05
0.0185 2.15147e-05
0.0195 2.15185e-05
0.0205 2.14873e-05
0.0215 2.14705e-05
0.0225 2.14488e-05
0.0235 2.14248e-05
0.0245 2.14033e-05
0.0255 2.13776e-05
0.0265 2.13537e-05
0.0275 2.13272e-05
0.0285 2.13008e-05
0.0295 2.12732e-05
0.0305 2.12448e-05
0.0315 2.12157e-05
0.0325 2.11856e-05
0.0335 2.11547e-05
0.0345 2.1123e-05
0.0355 2.10905e-05
0.0365 2.10571e-05
0.0375 2.10228e-05
0.0385 2.09878e-05
0.0395 2.09519e-05
0.0405 2.09152e-05
0.0415 2.08777e-05
0.0425 2.08394e-05
0.0435 2.08002e-05
0.0445 2.07602e-05
0.0455 2.07194e-05
0.0465 2.06777e-05
0.0475 2.06353e-05
0.0485 2.0592e-05
0.0495 2.0548e-05
0.0505 2.05031e-05
0.0515 2.04574e-05
0.0525 2.04109e-05
0.0535 2.03636e-05
0.0545 2.03154e-05
0.0555 2.02665e-05
0.0565 2.02168e-05
0.0575 2.01663e-05
0.0585 2.0115e-05
0.0595 2.00629e-05
0.0605 2.001e-05
0.0615 1.99563e-05
0.0625 1.99018e-05
0.0635 1.98466e-05
0.0645 1.97905e-05
0.0655 1.97337e-05
0.0665 1.96761e-05
0.0675 1.96177e-05
0.0685 1.95586e-05
0.0695 1.94986e-05
0.0705 1.94379e-05
0.0715 1.93765e-05
0.0725 1.93142e-05
0.0735 1.92513e-05
0.0745 1.91875e-05
0.0755 1.9123e-05
0.0765 1.90577e-05
0.0775 1.89917e-05
0.0785 1.89249e-05
0.0795 1.88574e-05
0.0805 1.87892e-05
0.0815 1.87202e-05
0.0825 1.86504e-05
0.0835 1.858e-05
0.0845 1.85088e-05
0.0855 1.84368e-05
0.0865 1.83642e-05
0.0875 1.82908e-05
0.0885 1.82166e-05
0.0895 1.81418e-05
0.0905 1.80663e-05
0.0915 1.799e-05
0.0925 1.7913e-05
0.0935 1.78353e-05
0.0945 1.7757e-05
0.0955 1.76779e-05
0.0965 1.75981e-05
0.0975 1.75176e-05
0.0985 1.74365e-05
0.0995 1.73546e-05
0.1005 1.72721e-05
0.1015 1.71888e-05
0.1025 1.71049e-05
0.1035 1.70203e-05
0.1045 1.69351e-05
0.1055 1.68492e-05
0.1065 1.67626e-05
0.1075 1.66753e-05
0.1085 1.65874e-05
0.1095 1.64989e-05
0.1105 1.64097e-05
0.1115 1.63198e-05
0.1125 1.62293e-05
0.1135 1.61382e-05
0.1145 1.60464e-05
0.1155 1.5954e-05
0.1165 1.58609e-05
0.1175 1.57673e-05
0.1185 1.5673e-05
0.1195 1.55781e-05
0.1205 1.54825e-05
0.1215 1.53864e-05
0.1225 1.52897e-05
0.1235 1.51923e-05
0.1245 1.50944e-05
0.1255 1.49958e-05
0.1265 1.48967e-05
0.1275 1.4797e-05
0.1285 1.46966e-05
0.1295 1.45958e-05
0.1305 1.44943e-05
0.1315 1.43923e-05
0.1325 1.42897e-05
0.1335 1.41865e-05
0.1345 1.40828e-05
0.1355 1.39785e-05
0.1365 1.38736e-05
0.1375 1.37682e-05
0.1385 1.36623e-05
0.1395 1.35559e-05
0.1405 1.34488e-05
0.1415 1.33413e-05
0.1425 1.32333e-05
0.1435 1.31247e-05
0.1445 1.30156e-05
0.1455 1.29059e-05
0.1465 1.27958e-05
0.1475 1.26852e-05
0.1485 1.25741e-05
0.1495 1.24625e-05
0.1505 1.23503e-05
0.1515 1.22377e-05
0.1525 1.21246e-05
0.1535 1.20111e-05
0.1545 1.1897e-05
0.1555 1.17825e-05
0.1565 1.16675e-05
0.1575 1.15521e-05
0.1585 1.14362e-05
0.1595 1.13199e-05
0.1605 1.12032e-05
0.1615 1.1086e-05
0.1625 1.09682e-05
0.1635 1.08499e-05
0.1645 1.07312e-05
0.1655 1.06122e-05
0.1665 1.04929e-05
0.1675 1.03734e-05
0.1685 1.02536e-05
0.1695 1.01334e-05
0.1705 1.00128e-05
0.1715 9.8912e-06
0.1725 9.76835e-06
0.1735 9.6445e-06
0.1745 9.52063e-06
0.1755 9.39763e-06
0.1765 9.27573e-06
0.1775 9.1547e-06
0.1785 9.03437e-06
0.1795 8.91383e-06
0.1805 8.79042e-06
0.1815 8.66083e-06
0.1825 8.5246e-06
0.1835 8.38622e-06
0.1845 8.25254e-06
0.1855 8.12834e-06
0.1865 8.01567e-06
0.1875 7.91546e-06
0.1885 7.82374e-06
0.1895 7.72345e-06
0.1905 7.58705e-06
0.1915 7.3984e-06
0.1925 7.17441e-06
0.1935 6.95769e-06
0.1945 6.78858e-06
0.1955 6.69689e-06
0.1965 6.71652e-06
0.1975 6.86216e-06
0.1985 7.04613e-06
0.1995 7.0468e-06
0.2005 6.65289e-06
0.2015 5.88327e-06
0.2025 5.00526e-06
0.2035 4.30663e-06
0.2045 3.97806e-06
0.2055 4.32634e-06
0.2065 5.83391e-06
0.2075 8.45949e-06
0.2085 1.07634e-05
0.2095 1.04428e-05
0.2105 6.48653e-06
0.2115 5.07214e-07
0.2125 -4.85971e-06
0.2135 -8.3434e-06
0.2145 -9.0569e-06
0.2155 -3.30926e-06
0.2165 1.3595e-05
0.2175 3.83989e-05
0.2185 5.46354e-05
0.2195 4.3089e-05
0.2205 1.00697e-06
0.2215 -5.26848e-05
0.2225 -9.4196e-05
0.2235 -0.000110731
0.2245 -9.14504e-05
0.2255 -1.04723e-05
0.2265 0.000153078
0.2275 0.000353061
0.2285 0.000443163
0.2295 0.00025324
0.2305 -0.000245179
0.2315 -0.000826424
0.2325 -0.00109325
0.2335 -0.000742145
0.2345 0.000177122
0.2355 0.0012236
0.2365 0.001805
0.2375 0.00153831
0.2385 0.000484622
0.2395 -0.000890412
0.2405 -0.00198463
0.2415 -0.00237189
0.2425 -0.0019777
0.2435 -0.00105116
0.2445 5.90438e-06
0.2455 0.000832097
0.2465 0.00122479
0.2475 0.00115389
0.2485 0.000778154
0.2495 0.00086285
0.2505 0.00166011
0.2515 0.00248516
0.2525 0.00289201
0.2535 0.00266394
0.2545 0.00177446
0.2555 0.000468886
0.2565 -0.000788145
0.2575 -0.00151089
0.2585 -0.00144854
0.2595 -0.000741148
0.2605 0.000149592
0.2615 0.000717289
0.2625 0.000719194
0.2635 0.000298091
0.2645 -0.000168225
0.2655 -0.000364268
0.2665 -0.000243566
0.2675 2.4416e-06
0.2685 0.000150109
0.2695 0.00012461
0.2705 1.28572e-05
0.2715 -6.07436e-05
0.2725 -5.13324e-05
0.2735 -2.6984e-06
0.2745 2.53788e-05
0.2755 1.72762e-05
0.2765 -2.58611e-06
0.2775 -1.00054e-05
0.2785 -4.07157e-06
0.2795 2.69391e-06
0.2805 3.16482e-06
0.2815 1.89797e-07
0.2825 -1.32631e-06
0.2835 -6.03758e-07
0.2845 3.4299e-07
0.2855 3.69355e-07
0.2865 -2.25068e-08
0.2875 -1.54506e-07
0.2885 -3.32117e-08
0.2895 5.11223e-08
0.2905 2.41806e-08
0.2915 -1.39025e-08
0.2925 -1.13572e-08
0.2935 3.06524e-09
0.2945 4.41386e-09
0.2955 -4.93348e-10
0.2965 -1.53896e-09
0.2975 2.7256e-11
0.2985 5.01849e-10
0.2995 1.7035e-11
0.3005 -1.56895e-10
0.3015 -7.64666e-12
0.3025 4.75869e-11
0.3035 1.32533e-12
0.3045 -1.39541e-11
0.3055 4.30211e-13
0.3065 3.96905e-12
0.3075 -4.23273e-13
0.3085 -1.01308e-12
0.3095 2.42861e-13
0.3105 2.32453e-13
0.3115 -1.14492e-13
0.3125 -8.32667e-14
0.3135 1.73472e-14
0.3145 1.38778e-14
0.3155 6.93889e-15
0.3165 2.42861e-14
0.3175 6.93889e-15
0.3185 -1.04083e-14
0.3195 -6.93889e-15
0.3205 0
0.3215 3.46945e-15
0.3225 0
0.3235 -2.42861e-14
0.3245 -2.08167e-14
0.3255 1.38778e-14
0.3265 2.08167e-14
0.3275 0
0.3285 -1.73472e-14
0.3295 -3.46945e-15
0.3305 6.93889e-15
0.3315 3.46945e-15
0.3325 -6.93889e-15
0.3335 -2.77556e-14
0.3345 -2.08167e-14
0.3355 0
0.3365 6.93889e-15
0.3375 1.38778e-14
0.3385 1.38778e-14
0.3395 -1.38778e-14
0.3405 -1.73472e-14
0.3415 0
0.3425 -3.46945e-15
0.3435 2.08167e-14
0.3445 4.51028e-14
0.3455 2.77556e-14
0.3465 -1.38778e-14
0.3475 -2.77556e-14
0.3485 -3.46945e-14
0.3495 -3.46945e-14
0.3505 1.04083e-14
0.3515 3.1225e-14
0.3525 3.81639e-14
0.3535 2.77556e-14
0.3545 -1.38778e-14
0.3555 -1.04083e-14
0.3565 0
0.3575 3.46945e-15
0.3585 2.08167e-14
0.3595 2.77556e-14
0.3605 3.1225e-14
0.3615 1.38778e-14
0.3625 6.93889e-15
0.3635 3.46945e-15
0.3645 -3.46945e-14
0.3655 -3.46945e-14
0.3665 -2.08167e-14
0.3675 -6.93889e-15
0.3685 6.93889e-15
0.3695 -1.38778e-14
0.3705 0
0.3715 3.46945e-15
0.3725 -2.08167e-14
0.3735 -3.46945e-15
0.3745 1.04083e-14
0.3755 6.93889e-15
0.3765 1.38778e-14
0.3775 -6.93889e-15
0.3785 -2.77556e-14
0.3795 -1.04083e-14
0.3805 3.46945e-15
0.3815 0
0.3825 1.38778e-14
0.3835 2.42861e-14
0.3845 3.46945e-14
0.3855 3.46945e-14
0.3865 1.04083e-14
0.3875 3.46945e-15
0.3885 -3.46945e-15
0.3895 -1.73472e-14
0.3905 -2.77556e-14
0.3915 -1.04083e-14
0.3925 1.38778e-14
0.3935 1.38778e-14
0.3945 3.46945e-15
0.3955 1.38778e-14
0.3965 1.04083e-14
0.3975 -2.77556e-14
0.3985 -3.46945e-14
0.3995 -6.93889e-15
0.4005 1.04083e-14
0.4015 0
0.4025 0
0.4035 3.1225e-14
0.4045 2.42861e-14
0.4055 -1.04083e-14
0.4065 -2.08167e-14
0.4075 -1.04083e-14
0.4085 1.38778e-14
0.4095 3.64292e-14
0.4105 1.9082e-14
0.4115 -5.20417e-15
0.4125 -6.93889e-15
0.4135 0
0.4145 3.46945e-15
0.4155 5.20417e-15
0.4165 5.20417e-15
0.4175 -2.25514e-14
0.4185 -2.25514e-14
0.4195 5.20417e-15
0.4205 1.56125e-14
0.4215 8.67362e-15
0.4225 -6.93889e-15
0.4235 -6.93889e-15
0.4245 -1.56125e-14
0.4255 -2.25514e-14
0.4265 -2.25514e-14
0.4275 -2.42861e-14
0.4285 -1.9082e-14
0.4295 -2.77556e-14
0.4305 -1.56125e-14
0.4315 1.38778e-14
0.4325 2.25514e-14
0.4335 2.25514e-14
0.4345 1.9082e-14
0.4355 6.93889e-15
0.4365 0
0.4375 8.67362e-15
0.4385 1.38778e-14
0.4395 8.67362e-15
0.4405 6.93889e-15
0.4415 0
0.4425 0
0.4435 1.04083e-14
0.4445 1.38778e-14
0.4455 -3.46945e-15
0.4465 -2.08167e-14
0.4475 -2.08167e-14
0.4485 -1.56125e-14
0.4495 -8.67362e-15
0.4505 1.56125e-14
0.4515 2.25514e-14
0.4525 -3.46945e-15
0.4535 -2.08167e-14
0.4545 -2.77556e-14
0.4555 -1.73472e-14
0.4565 -3.46945e-15
0.4575 3.46945e-15
0.4585 1.04083e-14
0.4595 1.38778e-14
0.4605 1.21431e-14
0.4615 3.46945e-15
0.4625 1.73472e-15
0.4635 8.67362e-15
0.4645 6.93889e-15
0.4655 -1.73472e-15
0.4665 -6.93889e-15
0.4675 -5.20417e-15
0.4685 -6.93889e-15
0.4695 -8.67362e-15
0.4705 -5.20417e-15
0.4715 -6.93889e-15
0.4725 -1.04083e-14
0.4735 -1.21431e-14
0.4745 -3.46945e-15
0.4755 8.67362e-15
0.4765 3.46945e-15
0.4775 0
0.4785 6.93889e-15
0.4795 1.38778e-14
0.4805 1.73472e-14
0.4815 1.73472e-14
0.4825 1.56125e-14
0.4835 5.20417e-15
0.4845 -1.04083e-14
0.4855 -2.08167e-14
0.4865 -1.73472e-14
0.4875 1.73472e-15
0.4885 1.21431e-14
0.4895 5.20417e-15
0.4905 -1.04083e-14
0.4915 -8.67362e-15
0.4925 3.46945e-15
0.4935 3.46945e-15
0.4945 -3.46945e-15
0.4955 -1.04083e-14
0.4965 -8.67362e-15
0.4975 -3.46945e-15
0.4985 1.73472e-15
0.4995 0
0.5005 -1.73472e-15
0.5015 3.46945e-15
0.5025 8.67362e-15
0.5035 1.04083e-14
0.5045 3.46945e-15
0.5055 -3.46945e-15
0.5065 -3.46945e-15
0.5075 8.67362e-15
0.5085 1.04083e-14
0.5095 -5.20417e-15
0.5105 -1.21431e-14
0.5115 0
0.5125 1.73472e-14
0.5135 1.9082e-14
0.5145 1.04083e-14
0.5155 -5.20417e-15
0.5165 -1.38778e-14
0.5175 -1.56125e-14
0.5185 -1.56125e-14
0.5195 -1.56125e-14
0.5205 -1.56125e-14
0.5215 -6.93889e-15
0.5225 -3.46945e-15
0.5235 0
0.5245 1.9082e-14
0.5255 2.42861e-14
0.5265 1.04083e-14
0.5275 -1.73472e-15
0.5285 -5.20417e-15
0.5295 1.73472e-15
0.5305 6.93889e-15
0.5315 1.21431e-14
0.5325 1.56125e-14
0.5335 3.46945e-15
0.5345 -1.38778e-14
0.5355 -1.9082e-14
0.5365 -8.67362e-15
0.5375 -5.20417e-15
0.5385 -1.38778e-14
0.5395 -1.56125e-14
0.5405 -1.04083e-14
0.5415 -6.93889e-15
0.5425 0
0.5435 1.38778e-14
0.5445 2.42861e-14
0.5455 3.1225e-14
0.5465 1.73472e-14
0.5475 -1.21431e-14
0.5485 -2.25514e-14
0.5495 -2.94903e-14
0.5505 -2.25514e-14
0.5515 -3.46945e-15
0.5525 1.04083e-14
0.5535 1.38778e-14
0.5545 3.46945e-15
0.5555 6.93889e-15
0.5565 1.38778e-14
0.5575 3.46945e-15
0.5585 6.93889e-15
0.5595 1.9082e-14
0.5605 2.77556e-14
0.5615 1.56125e-14
0.5625 -1.73472e-14
0.5635 -3.1225e-14
0.5645 -3.29597e-14
0.5655 -1.56125e-14
0.5665 1.56125e-14
0.5675 3.1225e-14
0.5685 1.9082e-14
0.5695 -1.04083e-14
0.5705 -1.9082e-14
0.5715 -3.46945e-15
0.5725 1.73472e-15
0.5735 1.21431e-14
0.5745 3.29597e-14
0.5755 3.1225e-14
0.5765 1.73472e-14
0.5775 1.73472e-15
0.5785 -8.67362e-15
0.5795 -2.25514e-14
0.5805 -2.94903e-14
0.5815 -1.73472e-14
0.5825 -3.46945e-15
0.5835 -6.93889e-15
0.5845 -1.38778e-14
0.5855 -1.21431e-14
0.5865 -6.93889e-15
0.5875 6.93889e-15
0.5885 6.93889e-15
0.5895 -1.73472e-15
0.5905 0
0.5915 3.1225e-14
0.5925 4.51028e-14
0.5935 2.42861e-14
0.5945 -1.38778e-14
0.5955 -3.46945e-14
0.5965 -1.73472e-14
0.5975 -1.04083e-14
0.5985 -1.38778e-14
0.5995 1.04083e-14
0.6005 4.16334e-14
0.6015 2.77556e-14
0.6025 -3.46945e-15
0.6035 -6.93889e-15
0.6045 0
0.6055 -6.93889e-15
0.6065 -1.04083e-14
0.6075 -3.46945e-15
0.6085 1.04083e-14
0.6095 1.38778e-14
0.6105 3.46945e-15
0.6115 0
0.6125 -6.93889e-15
0.6135 -3.1225e-14
0.6145 -3.1225e-14
0.6155 -2.08167e-14
0.6165 -1.38778e-14
0.6175 -3.46945e-15
0.6185 3.46945e-15
0.6195 2.08167e-14
0.6205 2.77556e-14
0.6215 3.46945e-15
0.6225 -1.38778e-14
0.6235 -1.38778e-14
0.6245 -1.04083e-14
0.6255 6.93889e-15
0.6265 6.93889e-15
0.6275 -1.38778e-14
0.6285 3.46945e-15
0.6295 2.08167e-14
0.6305 -3.46945e-15
0.6315 1.04083e-14
0.6325 2.77556e-14
0.6335 3.81639e-14
0.6345 3.81639e-14
0.6355 -3.46945e-15
0.6365 -1.73472e-14
0.6375 -2.08167e-14
0.6385 -3.1225e-14
0.6395 -2.77556e-14
0.6405 -1.38778e-14
0.6415 3.46945e-15
0.6425 0
0.6435 3.46945e-15
0.6445 6.93889e-15
0.6455 -3.1225e-14
0.6465 -4.16334e-14
0.6475 -2.42861e-14
0.6485 0
0.6495 3.81639e-14
0.6505 3.46945e-14
0.6515 2.77556e-14
0.6525 1.38778e-14
0.6535 -2.77556e-14
0.6545 -4.51028e-14
0.6555 -1.73472e-14
0.6565 0
0.6575 -3.46945e-15
0.6585 1.38778e-14
0.6595 6.93889e-15
0.6605 -1.04083e-14
0.6615 -1.73472e-14
0.6625 -2.08167e-14
0.6635 -3.46945e-15
0.6645 1.73472e-14
0.6655 2.42861e-14
0.6665 2.08167e-14
0.6675 1.38778e-14
0.6685 3.46945e-15
0.6695 6.93889e-15
0.6705 0
0.6715 -2.08167e-14
0.6725 -2.77556e-14
0.6735 -3.46945e-15
0.6745 3.46945e-14
0.6755 2.42861e-14
0.6765 0
0.6775 -3.46945e-15
0.6785 0
0.6795 6.93889e-15
0.6805 1.04083e-14
0.6815 -6.93889e-15
0.6825 -2.08167e-14
0.6835 -1.04083e-14
0.6845 -6.93889e-15
0.6855 2.08167e-14
0.6865 4.85723e-14
0.6875 1.73472e-14
0.6885 0
0.6895 0
0.6905 -1.38778e-14
0.6915 -4.85723e-14
0.6925 -5.55112e-14
0.6935 -3.46945e-14
0.6945 -1.38778e-14
0.6955 -6.93889e-15
0.6965 -2.77556e-14
0.6975 0
0.6985 7.63278e-14
0.6995 1.38778e-14
0.7005 -2.35922e-13
0.7015 2.77556e-14
0.7025 8.8124e-13
0.7035 -8.32667e-14
0.7045 -3.05311e-12
0.7055 1.04083e-13
0.7065 1.03181e-11
0.7075 1.79717e-12
0.7085 -3.28348e-11
0.7095 -1.69101e-11
0.7105 9.49449e-11
0.7115 9.4702e-11
0.7125 -2.34326e-10
0.7135 -4.10824e-10
0.7145 4.13843e-10
0.7155 1.43803e-09
0.7165 -7.99638e-11
0.7175 -3.95169e-09
0.7185 -3.12177e-09
0.7195 7.48365e-09
0.7205 1.50441e-08
0.7215 -3.74337e-09
0.7225 -4.08463e-08
0.7235 -3.56682e-08
0.7245 5.57921e-08
0.7255 1.49046e-07
0.7265 5.72513e-08
0.7275 -2.59423e-07
0.7285 -4.69859e-07
0.7295 -8.67589e-08
0.7305 8.69574e-07
0.7315 1.45077e-06
0.7325 4.12094e-07
0.7335 -2.26565e-06
0.7345 -4.41769e-06
0.7355 -2.84273e-06
0.7365 3.62983e-06
0.7375 1.15649e-05
0.7385 1.37153e-05
0.7395 3.80748e-06
0.7405 -1.74739e-05
0.7415 -3.98076e-05
0.7425 -4.67176e-05
0.7435 -2.40945e-05
0.7445 3.07692e-05
0.7455 0.000104624
0.7465 0.000170582
0.7475 0.000196114
0.7485 0.000154884
0.7495 0.000198883
0.7505 0.000466771
0.7515 0.000883211
0.7525 0.00138463
0.7535 0.00193056
0.7545 0.0024421
0.7555 0.00280254
0.7565 0.00287777
0.7575 0.00256085
0.7585 0.00183037
0.7595 0.000795948
0.7605 -0.000302249
0.7615 -0.00115971
0.7625 -0.00152504
0.7635 -0.00131668
0.7645 -0.000673032
0.7655 0.000102765
0.7665 0.000683098
0.7675 0.000867167
0.7685 0.000659649
0.7695 0.000237699
0.7705 -0.000164306
0.7715 -0.000378173
0.7725 -0.000366037
0.7735 -0.000204045
0.7745 -1.34284e-05
0.7755 0.000111553
0.7765 0.000140509
0.7775 9.93112e-05
0.7785 3.55284e-05
0.7795 -1.48052e-05
0.7805 -3.97416e-05
0.7815 -4.37904e-05
0.7825 -3.49378e-05
0.7835 -1.91006e-05
0.7845 -1.97183e-06
0.7855 9.80553e-06
0.7865 1.19503e-05
0.7875 5.95866e-06
0.7885 -2.42432e-06
0.7895 -8.21026e-06
0.7905 -1.0191e-05
0.7915 -9.76569e-06
0.7925 -8.36144e-06
0.7935 -6.57393e-06
0.7945 -4.8667e-06
0.7955 -3.92954e-06
0.7965 -4.14149e-06
0.7975 -5.14817e-06
0.7985 -6.21908e-06
0.7995 -6.88186e-06
0.8005 -7.12013e-06
0.8015 -7.12322e-06
0.8025 -7.03394e-06
0.8035 -6.92373e-06
0.8045 -6.8628e-06
0.8055 -6.91855e-06
0.8065 -7.0991e-06
0.8075 -7.34233e-06
0.8085 -7.57074e-06
0.8095 -7.74639e-06
0.8105 -7.87609e-06
0.8115 -7.98234e-06
0.8125 -8.08119e-06
0.8135 -8.18153e-06
0.8145 -8.29093e-06
0.8155 -8.41466e-06
0.8165 -8.55094e-06
0.8175 -8.69146e-06
0.8185 -8.82783e-06
0.8195 -8.95705e-06
0.8205 -9.08106e-06
0.8215 -9.20287e-06
0.8225 -9.32415e-06
0.8235 -9.4456e-06
0.8245 -9.56791e-06
0.8255 -9.6916e-06
0.8265 -9.81628e-06
0.8275 -9.9408e-06
0.8285 -1.00642e-05
0.8295 -1.01863e-05
0.8305 -1.03076e-05
0.8315 -1.04284e-05
0.8325 -1.05489e-05
0.8335 -1.0669e-05
0.8345 -1.07888e-05
0.8355 -1.09084e-05
0.8365 -1.10277e-05
0.8375 -1.11466e-05
0.8385 -1.12649e-05
0.8395 -1.13827e-05
0.8405 -1.15e-05
0.8415 -1.16168e-05
0.8425 -1.17332e-05
0.8435 -1.18491e-05
0.8445 -1.19646e-05
0.8455 -1.20796e-05
0.8465 -1.21942e-05
0.8475 -1.23083e-05
0.8485 -1.24219e-05
0.8495 -1.2535e-05
0.8505 -1.26476e-05
0.8515 -1.27597e-05
0.8525 -1.28712e-05
0.8535 -1.29823e-05
0.8545 -1.30929e-05
0.8555 -1.32029e-05
0.8565 -1.33125e-05
0.8575 -1.34215e-05
0.8585 -1.353e-05
0.8595 -1.36379e-05
0.8605 -1.37453e-05
0.8615 -1.38522e-05
0.8625 -1.39585e-05
0.8635 -1.40642e-05
0.8645 -1.41695e-05
0.8655 -1.42741e-05
0.8665 -1.43782e-05
0.8675 -1.44817e-05
0.8685 -1.45847e-05
0.8695 -1.4687e-05
0.8705 -1.47888e-05
0.8715 -1.489e-05
0.8725 -1.49906e-05
0.8735 -1.50907e-05
0.8745 -1.51901e-05
0.8755 -1.52889e-05
0.8765 -1.53872e-05
0.8775 -1.54848e-05
0.8785 -1.55818e-05
0.8795 -1.56782e-05
0.8805 -1.5774e-05
0.8815 -1.58691e-05
0.8825 -1.59636e-05
0.8835 -1.60575e-05
0.8845 -1.61508e-05
0.8855 -1.62434e-05
0.8865 -1.63354e-05
0.8875 -1.64267e-05
0.8885 -1.65174e-05
0.8895 -1.66075e-05
0.8905 -1.66969e-05
0.8915 -1.67856e-05
0.8925 -1.68736e-05
0.8935 -1.6961e-05
0.8945 -1.70478e-05
0.8955 -1.71338e-05
0.8965 -1.72192e-05
0.8975 -1.73039e-05
0.8985 -1.73879e-05
0.8995 -1.74712e-05
0.9005 -1.75538e-05
0.9015 -1.76358e-05
0.9025 -1.7717e-05
0.9035 -1.77976e-05
0.9045 -1.78774e-05
0.9055 -1.79566e-05
0.9065 -1.8035e-05
0.9075 -1.81127e-05
0.9085 -1.81897e-05
0.9095 -1.8266e-05
0.9105 -1.83416e-05
0.9115 -1.84164e-05
0.9125 -1.84905e-05
0.9135 -1.85639e-05
0.9145 -1.86365e-05
0.9155 -1.87085e-05
0.9165 -1.87796e-05
0.9175 -1.88501e-05
0.9185 -1.89198e-05
0.9195 -1.89887e-05
0.9205 -1.90569e-05
0.9215 -1.91243e-05
0.9225 -1.9191e-05
0.9235 -1.9257e-05
0.9245 -1.93221e-05
0.9255 -1.93865e-05
0.9265 -1.94502e-05
0.9275 -1.9513e-05
0.9285 -1.95751e-05
0.9295 -1.96365e-05
0.9305 -1.9697e-05
0.9315 -1.97568e-05
0.9325 -1.98158e-05
0.9335 -1.9874e-05
0.9345 -1.99314e-05
0.9355 -1.99881e-05
0.9365 -2.00439e-05
0.9375 -2.0099e-05
0.9385 -2.01533e-05
0.9395 -2.02067e-05
0.9405 -2.02594e-05
0.9415 -2.03113e-05
0.9425 -2.03624e-05
0.9435 -2.04126e-05
0.9445 -2.04621e-05
0.9455 -2.05107e-05
0.9465 -2.05586e-05
0.9475 -2.06056e-05
0.9485 -2.06518e-05
0.9495 -2.06973e-05
0.9505 -2.07418e-05
0.9515 -2.07856e-05
0.9525 -2.08286e-05
0.9535 -2.08707e-05
0.9545 -2.0912e-05
0.9555 -2.09525e-05
0.9565 -2.09921e-05
0.9575 -2.10309e-05
0.9585 -2.10689e-05
0.9595 -2.11061e-05
0.9605 -2.11424e-05
0.9615 -2.11779e-05
0.9625 -2.12126e-05
0.9635 -2.12464e-05
0.9645 -2.12794e-05
0.9655 -2.13115e-05
0.9665 -2.13428e-05
0.9675 -2.13732e-05
0.9685 -2.14029e-05
0.9695 -2.14316e-05
0.9705 -2.14595e-05
0.9715 -2.14867e-05
0.9725 -2.15126e-05
0.9735 -2.15386e-05
0.9745 -2.15621e-05
0.9755 -2.15874e-05
0.9765 -2.16082e-05
0.9775 -2.1632e-05
0.9785 -2.16527e-05
0.9795 -2.16697e-05
0.9805 -2.16996e-05
0.9815 -2.16959e-05
0.9825 -2.17521e-05
0.9835 -2.17117e-05
0.9845 -2.17995e-05
0.9855 -2.17451e-05
0.9865 -2.17872e-05
0.9875 -2.18831e-05
0.9885 -2.15899e-05
0.9895 -2.22662e-05
0.9905 -2.10551e-05
0.9915 -2.29278e-05
0.9925 -2.02171e-05
0.9935 -2.32593e-05
0.9945 -1.95624e-05
0.9955 -2.08683e-05
0.9965 -2.32538e-05
0.9975 -8.70239e-06
0.9985 -3.84746e-05
0.9995 -1.79457e-05

# time = 0.5
0.0005 -0.00207683
0.0015 -0.00654276
0.0025 -0.0104343
0.0035 -0.0171877
0.0045 -0.0256961
0.0055 -0.0329624
0.0065 -0.0420915
0.0075 -0.0508357
0.0085 -0.0578683
0.0095 -0.065362
0.0105 -0.0714262
0.0115 -0.0766625
0.0125 -0.082342
0.0135 -0.0874364
0.0145 -0.0931651
0.0155 -0.099567
0.0165 -0.105826
0.0175 -0.112665
0.0185 -0.119389
0.0195 -0.125616
0.0205 -0.131962
0.0215 -0.137981
0.0225 -0.143889
0.0235 -0.150113
0.0245 -0.156254
0.0255 -0.16252
0.0265 -0.168896
0.0275 -0.175058
0.0285 -0.181257
0.0295 -0.187425
0.0305 -0.193491
0.0315 -0.199679
0.0325 -0.205845
0.0335 -0.211976
0.0345 -0.218163
0.0355 -0.224272
0.0365 -0.23037
0.0375 -0.236499
0.0385 -0.242576
0.0395 -0.248674
0.0405 -0.254771
0.0415 -0.260825
0.0425 -0.266894
0.0435 -0.272945
0.0445 -0.278972
0.0455 -0.285012
0.0465 -0.291025
0.0475 -0.297026
0.0485 -0.303028
0.0495 -0.309003
0.0505 -0.314973
0.0515 -0.320934
0.0525 -0.326873
0.0535 -0.332807
0.0545 -0.338727
0.0555 -0.344628
0.0565 -0.350522
0.0575 -0.356399
0.0585 -0.362261
0.0595 -0.368112
0.0605 -0.373945
0.0615 -0.379764
0.0625 -0.385571
0.0635 -0.391359
0.0645 -0.397133
0.0655 -0.402892
0.0665 -0.408634
0.0675 -0.414361
0.0685 -0.420071
0.0695 -0.425764
0.0705 -0.431441
0.0715 -0.4371
0.0725 -0.442742
0.0735 -0.448368
0.0745 -0.453974
0.0755 -0.459564
0.0765 -0.465135
0.0775 -0.470687
0.0785 -0.476222
0.0795 -0.481737
0.0805 -0.487233
0.0815 -0.49271
0.0825 -0.498168
0.0835 -0.503606
0.0845 -0.509024
0.0855 -0.514422
0.0865 -0.5198
0.0875 -0.525157
0.0885 -0.530493
0.0895 -0.535809
0.0905 -0.541103
0.0915 -0.546376
0.0925 -0.551627
0.0935 -0.556857
0.0945 -0.562065
0.0955 -0.56725
0.0965 -0.572413
0.0975 -0.577553
0.0985 -0.582671
0.0995 -0.587766
0.1005 -0.592837
0.1015 -0.597885
0.1025 -0.60291
0.1035 -0.60791
0.1045 -0.612887
0.1055 -0.617839
0.1065 -0.622767
0.1075 -0.627671
0.1085 -0.63255
0.1095 -0.637403
0.1105 -0.642232
0.1115 -0.647035
0.1125 -0.651813
0.1135 -0.656564
0.1145 -0.66129
0.1155 -0.66599
0.1165 -0.670664
0.1175 -0.675311
0.1185 -0.679932
0.1195 -0.684525
0.1205 -0.689092
0.1215 -0.693631
0.1225 -0.698143
0.1235 -0.702628
0.1245 -0.707084
0.1255 -0.711513
0.1265 -0.715914
0.1275 -0.720286
0.1285 -0.72463
0.1295 -0.728946
0.1305 -0.733232
0.1315 -0.73749
0.1325 -0.741718
0.1335 -0.745918
0.1345 -0.750087
0.1355 -0.754228
0.1365 -0.758338
0.1375 -0.762419
0.1385 -0.766469
0.1395 -0.770489
0.1405 -0.774479
0.1415 -0.778438
0.1425 -0.782366
0.1435 -0.786264
0.1445 -0.79013
0.1455 -0.793966
0.1465 -0.79777
0.1475 -0.801542
0.1485 -0.805283
0.1495 -0.808992
0.1505 -0.812669
0.1515 -0.816314
0.1525 -0.819927
0.1535 -0.823507
0.1545 -0.827055
0.1555 -0.83057
0.1565 -0.834053
0.1575 -0.837502
0.1585 -0.840919
0.1595 -0.844302
0.1605 -0.847652
0.1615 -0.850968
0.1625 -0.854251
0.1635 -0.857501
0.1645 -0.860716
0.1655 -0.863897
0.1665 -0.867044
0.1675 -0.870157
0.1685 -0.873236
0.1695 -0.87628
0.1705 -0.87929
0.1715 -0.882265
0.1725 -0.885205
0.1735 -0.88811
0.1745 -0.89098
0.1755 -0.893814
0.1765 -0.896614
0.1775 -0.899378
0.1785 -0.902107
0.1795 -0.9048
0.1805 -0.907457
0.1815 -0.910079
0.1825 -0.912664
0.1835 -0.915214
0.1845 -0.917727
0.1855 -0.920204
0.1865 -0.922645
0.1875 -0.92505
0.1885 -0.927418
0.1895 -0.929749
0.1905 -0.932043
0.1915 -0.934301
0.1925 -0.936522
0.1935 -0.938706
0.1945 -0.940853
0.1955 -0.942963
0.1965 -0.945035
0.1975 -0.94707
0.1985 -0.949068
0.1995 -0.951028
0.2005 -0.952951
0.2015 -0.954836
0.2025 -0.956684
0.2035 -0.958494
0.2045 -0.960265
0.2055 -0.961999
0.2065 -0.963695
0.2075 -0.965353
0.2085 -0.966973
0.2095 -0.968555
0.2105 -0.970098
0.2115 -0.971603
0.2125 -0.97307
0.2135 -0.974498
0.2145 -0.975888
0.2155 -0.97724
0.2165 -0.978552
0.2175 -0.979827
0.2185 -0.981062
0.2195 -0.982259
0.2205 -0.983417
0.2215 -0.984536
0.2225 -0.985616
0.2235 -0.986657
0.2245 -0.98766
0.2255 -0.988623
0.2265 -0.989548
0.2275 -0.990433
0.2285 -0.991279
0.2295 -0.992086
0.2305 -0.992854
0.2315 -0.993583
0.2325 -0.994272
0.2335 -0.994922
0.2345 -0.995533
0.2355 -0.996105
0.2365 -0.996638
0.2375 -0.997131
0.2385 -0.997585
0.2395 -0.998
0.2405 -0.998375
0.2415 -0.998712
0.2425 -0.999011
0.2435 -0.999272
0.2445 -0.999497
0.2455 -0.999688
0.2465 -0.99985
0.2475 -0.999988
0.2485 -1.00011
0.2495 -1.00017
0.2505 -1.00012
0.2515 -0.999994
0.2525 -0.999855
0.2535 -0.999692
0.2545 -0.9995
0.2555 -0.999274
0.2565 -0.999012
0.2575 -0.998713
0.2585 -0.998376
0.2595 -0.998001
0.2605 -0.997586
0.2615 -0.997132
0.2625 -0.996639
0.2635 -0.996107
0.2645 -0.995535
0.2655 -0.994924
0.2665 -0.994274
0.2675 -0.993585
0.2685 -0.992856
0.2695 -0.992088
0.2705 -0.991281
0.2715 -0.990435
0.2725 -0.989549
0.2735 -0.988625
0.2745 -0.987662
0.2755 -0.986659
0.2765 -0.985618
0.2775 -0.984538
0.2785 -0.983418
0.2795 -0.982261
0.2805 -0.981064
0.2815 -0.979828
0.2825 -0.978554
0.2835 -0.977241
0.2845 -0.97589
0.2855 -0.9745
0.2865 -0.973072
0.2875 -0.971605
0.2885 -0.9701
0.2895 -0.968557
0.2905 -0.966975
0.2915 -0.965355
0.2925 -0.963697
0.2935 -0.962001
0.2945 -0.960267
0.2955 -0.958495
0.2965 -0.956686
0.2975 -0.954838
0.2985 -0.952953
0.2995 -0.95103
0.3005 -0.94907
0.3015 -0.947072
0.3025 -0.945037
0.3035 -0.942964
0.3045 -0.940855
0.3055 -0.938708
0.3065 -0.936524
0.3075 -0.934303
0.3085 -0.932045
0.3095 -0.929751
0.3105 -0.927419
0.3115 -0.925052
0.3125 -0.922647
0.3135 -0.920206
0.3145 -0.917729
0.3155 -0.915216
0.3165 -0.912666
0.3175 -0.910081
0.3185 -0.907459
0.3195 -0.904802
0.3205 -0.902109
0.3215 -0.89938
0.3225 -0.896616
0.3235 -0.893816
0.3245 -0.890982
0.3255 -0.888112
0.3265 -0.885206
0.3275 -0.882266
0.3285 -0.879292
0.3295 -0.876282
0.3305 -0.873238
0.3315 -0.870159
0.3325 -0.867046
0.3335 -0.863899
0.3345 -0.860718
0.3355 -0.857502
0.3365 -0.854253
0.3375 -0.85097
0.3385 -0.847654
0.3395 -0.844304
0.3405 -0.840921
0.3415 -0.837504
0.3425 -0.834055
0.3435 -0.830572
0.3445 -0.827057
0.3455 -0.823509
0.3465 -0.819929
0.3475 -0.816316
0.3485 -0.812671
0.3495 -0.808994
0.3505 -0.805285
0.3515 -0.801544
0.3525 -0.797772
0.3535 -0.793968
0.3545 -0.790132
0.3555 -0.786266
0.3565 -0.782368
0.3575 -0.77844
0.3585 -0.774481
0.3595 -0.770491
0.3605 -0.766471
0.3615 -0.76242
0.3625 -0.75834
0.3635 -0.754229
0.3645 -0.750089
0.3655 -0.745919
0.3665 -0.74172
0.3675 -0.737492
0.3685 -0.733234
0.3695 -0.728947
0.3705 -0.724632
0.3715 -0.720288
0.3725 -0.715915
0.3735 -0.711515
0.3745 -0.707086
0.3755 -0.702629
0.3765 -0.698145
0.3775 -0.693633
0.3785 -0.689093
0.3795 -0.684527
0.3805 -0.679933
0.3815 -0.675313
0.3825 -0.670666
0.3835 -0.665992
0.3845 -0.661292
0.3855 -0.656566
0.3865 -0.651814
0.3875 -0.647037
0.3885 -0.642233
0.3895 -0.637405
0.3905 -0.632551
0.3915 -0.627673
0.3925 -0.622769
0.3935 -0.617841
0.3945 -0.612889
0.3955 -0.607912
0.3965 -0.602911
0.3975 -0.597887
0.3985 -0.592839
0.3995 -0.587767
0.4005 -0.582673
0.4015 -0.577555
0.4025 -0.572415
0.4035 -0.567252
0.4045 -0.562066
0.4055 -0.556859
0.4065 -0.551629
0.4075 -0.546377
0.4085 -0.541105
0.4095 -0.53581
0.4105 -0.530495
0.4115 -0.525158
0.4125 -0.519801
0.4135 -0.514423
0.4145 -0.509026
0.4155 -0.503607
0.4165 -0.498169
0.4175 -0.492712
0.4185 -0.487235
0.4195 -0.481738
0.4205 -0.476223
0.4215 -0.470689
0.4225 -0.465136
0.4235 -0.459565
0.4245 -0.453976
0.4255 -0.448369
0.4265 -0.442744
0.4275 -0.437102
0.4285 -0.431442
0.4295 -0.425765
0.4305 -0.420072
0.4315 -0.414362
0.4325 -0.408636
0.4335 -0.402893
0.4345 -0.397135
0.4355 -0.391361
0.4365 -0.385571
0.4375 -0.379766
0.4385 -0.373947
0.4395 -0.368112
0.4405 -0.362264
0.4415 -0.3564
0.4425 -0.350523
0.4435 -0.344631
0.4445 -0.338726
0.4455 -0.332807
0.4465 -0.326875
0.4475 -0.320931
0.4485 -0.314975
0.4495 -0.309007
0.4505 -0.303028
0.4515 -0.297036
0.4525 -0.29103
0.4535 -0.285009
0.4545 -0.278975
0.4555 -0.272933
0.4565 -0.266883
0.4575 -0.260825
0.4585 -0.254759
0.4595 -0.248688
0.4605 -0.242614
0.4615 -0.236532
0.4625 -0.230426
0.4635 -0.224275
0.4645 -0.218077
0.4655 -0.211862
0.4665 -0.205693
0.4675 -0.199624
0.4685 -0.193652
0.4695 -0.187691
0.4705 -0.1816
0.4715 -0.175269
0.4725 -0.168706
0.4735 -0.162074
0.4745 -0.155624
0.4755 -0.149563
0.4765 -0.143914
0.4775 -0.138468
0.4785 -0.132855
0.4795 -0.126721
0.4805 -0.119913
0.4815 -0.112579
0.4825 -0.105133
0.4835 -0.0980922
0.4845 -0.0918588
0.4855 -0.0865513
0.4865 -0.0819426
0.4875 -0.0775317
0.4885 -0.0727091
0.4895 -0.066951
0.4905 -0.0599745
0.4915 -0.0518095
0.4925 -0.0427816
0.4935 -0.0334247
0.4945 -0.0243618
0.4955 -0.0161926
0.4965 -0.00941219
0.4975 -0.00436955
0.4985 -0.00126012
0.4995 0.000635462
0.5005 0.00320733
0.5015 0.00758549
0.5025 0.0136397
0.5035 0.0210023
0.5045 0.0291873
0.5055 0.0376441
0.5065 0.0458419
0.5075 0.0533663
0.5085 0.0600016
0.5095 0.0657713
0.5105 0.0709155
0.5115 0.0758106
0.5125 0.0808513
0.5135 0.0863358
0.5145 0.0923909
0.5155 0.0989592
0.5165 0.105847
0.5175 0.112807
0.5185 0.119621
0.5195 0.126155
0.5205 0.132377
0.5215 0.13835
0.5225 0.14419
0.5235 0.150036
0.5245 0.156005
0.5255 0.16216
0.5265 0.16849
0.5275 0.174917
0.5285 0.18133
0.5295 0.187634
0.5305 0.193791
0.5315 0.199835
0.5325 0.205842
0.5335 0.211886
0.5345 0.218003
0.5355 0.224178
0.5365 0.230367
0.5375 0.236528
0.5385 0.242642
0.5395 0.248717
0.5405 0.254773
0.5415 0.260826
0.5425 0.266879
0.5435 0.27293
0.5445 0.278974
0.5455 0.285006
0.5465 0.291026
0.5475 0.297034
0.5485 0.303028
0.5495 0.309009
0.5505 0.314977
0.5515 0.320932
0.5525 0.326875
0.5535 0.332806
0.5545 0.338725
0.5555 0.344631
0.5565 0.350523
0.5575 0.3564
0.5585 0.362264
0.5595 0.368112
0.5605 0.373947
0.5615 0.379766
0.5625 0.385571
0.5635 0.391361
0.5645 0.397135
0.5655 0.402893
0.5665 0.408636
0.5675 0.414362
0.5685 0.420072
0.5695 0.425765
0.5705 0.431442
0.5715 0.437102
0.5725 0.442744
0.5735 0.448369
0.5745 0.453976
0.5755 0.459565
0.5765 0.465136
0.5775 0.470689
0.5785 0.476223
0.5795 0.481738
0.5805 0.487235
0.5815 0.492712
0.5825 0.498169
0.5835 0.503607
0.5845 0.509025
0.5855 0.514423
0.5865 0.519801
0.5875 0.525158
0.5885 0.530495
0.5895 0.53581
0.5905 0.541104
0.5915 0.546377
0.5925 0.551629
0.5935 0.556858
0.5945 0.562066
0.5955 0.567252
0.5965 0.572415
0.5975 0.577555
0.5985 0.582673
0.5995 0.587767
0.6005 0.592839
0.6015 0.597887
0.6025 0.602911
0.6035 0.607912
0.6045 0.612888
0.6055 0.617841
0.6065 0.622769
0.6075 0.627672
0.6085 0.632551
0.6095 0.637405
0.6105 0.642233
0.6115 0.647037
0.6125 0.651814
0.6135 0.656566
0.6145 0.661292
0.6155 0.665992
0.6165 0.670666
0.6175 0.675313
0.6185 0.679933
0.6195 0.684527
0.6205 0.689093
0.6215 0.693633
0.6225 0.698145
0.6235 0.702629
0.6245 0.707086
0.6255 0.711515
0.6265 0.715915
0.6275 0.720288
0.6285 0.724632
0.6295 0.728947
0.6305 0.733234
0.6315 0.737492
0.6325 0.74172
0.6335 0.745919
0.6345 0.750089
0.6355 0.754229
0.6365 0.75834
0.6375 0.76242
0.6385 0.766471
0.6395 0.770491
0.6405 0.774481
0.6415 0.77844
0.6425 0.782368
0.6435 0.786266
0.6445 0.790132
0.6455 0.793967
0.6465 0.797771
0.6475 0.801544
0.6485 0.805285
0.6495 0.808994
0.6505 0.812671
0.6515 0.816316
0.6525 0.819929
0.6535 0.823509
0.6545 0.827057
0.6555 0.830572
0.6565 0.834055
0.6575 0.837504
0.6585 0.840921
0.6595 0.844304
0.6605 0.847654
0.6615 0.85097
0.6625 0.854253
0.6635 0.857502
0.6645 0.860718
0.6655 0.863899
0.6665 0.867046
0.6675 0.870159
0.6685 0.873238
0.6695 0.876282
0.6705 0.879291
0.6715 0.882266
0.6725 0.885206
0.6735 0.888111
0.6745 0.890981
0.6755 0.893816
0.6765 0.896616
0.6775 0.89938
0.6785 0.902109
0.6795 0.904802
0.6805 0.907459
0.6815 0.91008
0.6825 0.912666
0.6835 0.915216
0.6845 0.917729
0.6855 0.920206
0.6865 0.922647
0.6875 0.925051
0.6885 0.927419
0.6895 0.929751
0.6905 0.932045
0.6915 0.934303
0.6925 0.936524
0.6935 0.938708
0.6945 0.940855
0.6955 0.942964
0.6965 0.945037
0.6975 0.947072
0.6985 0.94907
0.6995 0.95103
0.7005 0.952953
0.7015 0.954838
0.7025 0.956686
0.7035 0.958495
0.7045 0.960267
0.7055 0.962001
0.7065 0.963697
0.7075 0.965355
0.7085 0.966975
0.7095 0.968556
0.7105 0.9701
0.7115 0.971605
0.7125 0.973072
0.7135 0.9745
0.7145 0.97589
0.7155 0.977241
0.7165 0.978554
0.7175 0.979828
0.7185 0.981064
0.7195 0.98226
0.7205 0.983418
0.7215 0.984537
0.7225 0.985618
0.7235 0.986659
0.7245 0.987661
0.7255 0.988625
0.7265 0.989549
0.7275 0.990434
0.7285 0.991281
0.7295 0.992088
0.7305 0.992856
0.7315 0.993584
0.7325 0.994274
0.7335 0.994924
0.7345 0.995535
0.7355 0.996107
0.7365 0.996639
0.7375 0.997132
0.7385 0.997586
0.7395 0.998001
0.7405 0.998376
0.7415 0.998713
0.7425 0.999012
0.7435 0.999274
0.7445 0.999499
0.7455 0.999692
0.7465 0.999855
0.7475 0.999993
0.7485 1.00011
0.7495 1.00017
0.7505 1.00011
0.7515 0.999989
0.7525 0.99985
0.7535 0.999688
0.7545 0.999496
0.7555 0.99927
0.7565 0.99901
0.7575 0.998711
0.7585 0.998375
0.7595 0.997999
0.7605 0.997584
0.7615 0.99713
0.7625 0.996637
0.7635 0.996105
0.7645 0.995533
0.7655 0.994922
0.7665 0.994272
0.7675 0.993582
0.7685 0.992854
0.7695 0.992086
0.7705 0.991279
0.7715 0.990432
0.7725 0.989547
0.7735 0.988623
0.7745 0.987659
0.7755 0.986657
0.7765 0.985616
0.7775 0.984535
0.7785 0.983416
0.7795 0.982258
0.7805 0.981062
0.7815 0.979826
0.7825 0.978552
0.7835 0.977239
0.7845 0.975888
0.7855 0.974498
0.7865 0.97307
0.7875 0.971603
0.7885 0.970098
0.7895 0.968554
0.7905 0.966973
0.7915 0.965353
0.7925 0.963695
0.7935 0.961999
0.7945 0.960265
0.7955 0.958493
0.7965 0.956683
0.7975 0.954836
0.7985 0.952951
0.7995 0.951028
0.8005 0.949068
0.8015 0.94707
0.8025 0.945035
0.8035 0.942962
0.8045 0.940852
0.8055 0.938706
0.8065 0.936522
0.8075 0.934301
0.8085 0.932043
0.8095 0.929748
0.8105 0.927417
0.8115 0.925049
0.8125 0.922645
0.8135 0.920204
0.8145 0.917727
0.8155 0.915213
0.8165 0.912664
0.8175 0.910078
0.8185 0.907457
0.8195 0.904799
0.8205 0.902106
0.8215 0.899378
0.8225 0.896614
0.8235 0.893814
0.8245 0.890979
0.8255 0.888109
0.8265 0.885204
0.8275 0.882264
0.8285 0.879289
0.8295 0.87628
0.8305 0.873236
0.8315 0.870157
0.8325 0.867044
0.8335 0.863897
0.8345 0.860715
0.8355 0.8575
0.8365 0.854251
0.8375 0.850968
0.8385 0.847652
0.8395 0.844302
0.8405 0.840918
0.8415 0.837502
0.8425 0.834052
0.8435 0.83057
0.8445 0.827055
0.8455 0.823507
0.8465 0.819926
0.8475 0.816314
0.8485 0.812669
0.8495 0.808992
0.8505 0.805283
0.8515 0.801542
0.8525 0.797769
0.8535 0.793965
0.8545 0.79013
0.8555 0.786264
0.8565 0.782366
0.8575 0.778438
0.8585 0.774479
0.8595 0.770489
0.8605 0.766469
0.8615 0.762418
0.8625 0.758338
0.8635 0.754227
0.8645 0.750087
0.8655 0.745917
0.8665 0.741718
0.8675 0.737489
0.8685 0.733232
0.8695 0.728945
0.8705 0.72463
0.8715 0.720286
0.8725 0.715913
0.8735 0.711513
0.8745 0.707084
0.8755 0.702627
0.8765 0.698143
0.8775 0.693631
0.8785 0.689091
0.8795 0.684525
0.8805 0.679931
0.8815 0.675311
0.8825 0.670664
0.8835 0.66599
0.8845 0.66129
0.8855 0.656564
0.8865 0.651812
0.8875 0.647035
0.8885 0.642231
0.8895 0.637403
0.8905 0.632549
0.8915 0.627671
0.8925 0.622767
0.8935 0.617839
0.8945 0.612887
0.8955 0.60791
0.8965 0.602909
0.8975 0.597885
0.8985 0.592837
0.8995 0.587765
0.9005 0.582671
0.9015 0.577553
0.9025 0.572413
0.9035 0.56725
0.9045 0.562064
0.9055 0.556857
0.9065 0.551627
0.9075 0.546376
0.9085 0.541103
0.9095 0.535808
0.9105 0.530493
0.9115 0.525156
0.9125 0.519799
0.9135 0.514422
0.9145 0.509024
0.9155 0.503606
0.9165 0.498168
0.9175 0.49271
0.9185 0.487233
0.9195 0.481737
0.9205 0.476221
0.9215 0.470687
0.9225 0.465134
0.9235 0.459564
0.9245 0.453974
0.9255 0.448367
0.9265 0.442743
0.9275 0.4371
0.9285 0.43144
0.9295 0.425764
0.9305 0.42007
0.9315 0.414361
0.9325 0.408634
0.9335 0.402891
0.9345 0.397134
0.9355 0.391359
0.9365 0.385569
0.9375 0.379766
0.9385 0.373945
0.9395 0.36811
0.9405 0.362263
0.9415 0.356397
0.9425 0.350521
0.9435 0.344631
0.9445 0.338723
0.9455 0.332808
0.9465 0.326875
0.9475 0.320929
0.9485 0.314977
0.9495 0.309003
0.9505 0.303022
0.9515 0.297034
0.9525 0.29102
0.9535 0.285008
0.9545 0.278983
0.9555 0.272933
0.9565 0.266897
0.9575 0.260835
0.9585 0.254753
0.9595 0.248687
0.9605 0.24258
0.9615 0.236477
0.9625 0.230397
0.9635 0.224261
0.9645 0.218145
0.9655 0.212013
0.9665 0.20581
0.9675 0.199682
0.9685 0.193533
0.9695 0.187362
0.9705 0.181291
0.9715 0.175083
0.9725 0.168816
0.9735 0.1626
0.9745 0.156232
0.9755 0.15005
0.9765 0.144023
0.9775 0.137872
0.9785 0.131939
0.9795 0.125774
0.9805 0.119182
0.9815 0.112736
0.9825 0.105972
0.9835 0.0993117
0.9845 0.0933982
0.9855 0.0874266
0.9865 0.0820797
0.9875 0.0770641
0.9885 0.0710723
0.9895 0.0652776
0.9905 0.0584365
0.9915 0.0500969
0.9925 0.0424423
0.9935 0.0335325
0.9945 0.0246244
0.9955 0.017949
0.9965 0.0107548
0.9975 0.00543672
0.9985 0.00309811
0.9995 6.71141e-05

# time = 0.75
0.0005 -9.99329e-06
0.0015 -3.29052e-05
0.0025 -7.91682e-06
0.0035 -2.28041e-05
0.0045 -1.87706e-05
0.0055 -1.97707e-05
0.0065 -2.21416e-05
0.0075 -1.99146e-05
0.0085 -2.24197e-05
0.0095 -2.07533e-05
0.0105 -2.20066e-05
0.0115 -2.13418e-05
0.0125 -2.16932e-05
0.0135 -2.15792e-05
0.0145 -2.15659e-05
0.0155 -2.16112e-05
0.0165 -2.15312e-05
0.0175 -2.15702e-05
0.0185 -2.15141e-05
0.0195 -2.15183e-05
0.0205 -2.14872e-05
0.0215 -2.14704e-05
0.0225 -2.14488e-05
0.0235 -2.14248e-05
0.0245 -2.14033e-05
0.0255 -2.13776e-05
0.0265 -2.13537e-05
0.0275 -2.13272e-05
0.0285 -2.13008e-05
0.0295 -2.12732e-05
0.0305 -2.12448e-05
0.0315 -2.12157e-05
0.0325 -2.11856e-05
0.0335 -2.11547e-05
0.0345 -2.1123e-05
0.0355 -2.10904e-05
0.0365 -2.1057e-05
0.0375 -2.10228e-05
0.0385 -2.09878e-05
0.0395 -2.09519e-05
0.0405 -2.09152e-05
0.0415 -2.08777e-05
0.0425 -2.08393e-05
0.0435 -2.08002e-05
0.0445 -2.07602e-05
0.0455 -2.07194e-05
0.0465 -2.06777e-05
0.0475 -2.06353e-05
0.0485 -2.0592e-05
0.0495 -2.05479e-05
0.0505 -2.0503e-05
0.0515 -2.04573e-05
0.0525 -2.04108e-05
0.0535 -2.03635e-05
0.0545 -2.03154e-05
0.0555 -2.02665e-05
0.0565 -2.02168e-05
0.0575 -2.01663e-05
0.0585 -2.0115e-05
0.0595 -2.00629e-05
0.0605 -2.001e-05
0.0615 -1.99563e-05
0.0625 -1.99018e-05
0.0635 -1.98465e-05
0.0645 -1.97905e-05
0.0655 -1.97337e-05
0.0665 -1.96761e-05
0.0675 -1.96177e-05
0.0685 -1.95585e-05
0.0695 -1.94986e-05
0.0705 -1.94379e-05
0.0715 -1.93764e-05
0.0725 -1.93142e-05
0.0735 -1.92512e-05
0.0745 -1.91875e-05
0.0755 -1.9123e-05
0.0765 -1.90577e-05
0.0775 -1.89917e-05
0.0785 -1.89249e-05
0.0795 -1.88574e-05
0.0805 -1.87891e-05
0.0815 -1.87201e-05
0.0825 -1.86504e-05
0.0835 -1.85799e-05
0.0845 -1.85087e-05
0.0855 -1.84368e-05
0.0865 -1.83641e-05
0.0875 -1.82907e-05
0.0885 -1.82166e-05
0.0895 -1.81418e-05
0.0905 -1.80662e-05
0.0915 -1.799e-05
0.0925 -1.7913e-05
0.0935 -1.78353e-05
0.0945 -1.77569e-05
0.0955 -1.76778e-05
0.0965 -1.75981e-05
0.0975 -1.75176e-05
0.0985 -1.74364e-05
0.0995 -1.73546e-05
0.1005 -1.7272e-05
0.1015 -1.71888e-05
0.1025 -1.71049e-05
0.1035 -1.70203e-05
0.1045 -1.69351e-05
0.1055 -1.68491e-05
0.1065 -1.67625e-05
0.1075 -1.66753e-05
0.1085 -1.65874e-05
0.1095 -1.64988e-05
0.1105 -1.64096e-05
0.1115 -1.63198e-05
0.1125 -1.62293e-05
0.1135 -1.61381e-05
0.1145 -1.60463e-05
0.1155 -1.59539e-05
0.1165 -1.58609e-05
0.1175 -1.57672e-05
0.1185 -1.56729e-05
0.1195 -1.5578e-05
0.1205 -1.54825e-05
0.1215 -1.53863e-05
0.1225 -1.52896e-05
0.1235 -1.51923e-05
0.1245 -1.50943e-05
0.1255 -1.49958e-05
0.1265 -1.48966e-05
0.1275 -1.47969e-05
0.1285 -1.46966e-05
0.1295 -1.45957e-05
0.1305 -1.44942e-05
0.1315 -1.43922e-05
0.1325 -1.42896e-05
0.1335 -1.41864e-05
0.1345 -1.40827e-05
0.1355 -1.39784e-05
0.1365 -1.38736e-05
0.1375 -1.37682e-05
0.1385 -1.36623e-05
0.1395 -1.35558e-05
0.1405 -1.34488e-05
0.1415 -1.33413e-05
0.1425 -1.32332e-05
0.1435 -1.31246e-05
0.1445 -1.30155e-05
0.1455 -1.29059e-05
0.1465 -1.27958e-05
0.1475 -1.26852e-05
0.1485 -1.2574e-05
0.1495 -1.24624e-05
0.1505 -1.23502e-05
0.1515 -1.22376e-05
0.1525 -1.21246e-05
0.1535 -1.2011e-05
0.1545 -1.1897e-05
0.1555 -1.17825e-05
0.1565 -1.16675e-05
0.1575 -1.15521e-05
0.1585 -1.14361e-05
0.1595 -1.13196e-05
0.1605 -1.12028e-05
0.1615 -1.10856e-05
0.1625 -1.09681e-05
0.1635 -1.08502e-05
0.1645 -1.07318e-05
0.1655 -1.06131e-05
0.1665 -1.04936e-05
0.1675 -1.03733e-05
0.1685 -1.02522e-05
0.1695 -1.01311e-05
0.1705 -1.00103e-05
0.1715 -9.88959e-06
0.1725 -9.76856e-06
0.1735 -9.64753e-06
0.1745 -9.52718e-06
0.1755 -9.40651e-06
0.1765 -9.28219e-06
0.1775 -9.15162e-06
0.1785 -9.01747e-06
0.1795 -8.88775e-06
0.1805 -8.7692e-06
0.1815 -8.65985e-06
0.1825 -8.5495e-06
0.1835 -8.42878e-06
0.1845 -8.29757e-06
0.1855 -8.1633e-06
0.1865 -8.03053e-06
0.1875 -7.89293e-06
0.1885 -7.73677e-06
0.1895 -7.55726e-06
0.1905 -7.38026e-06
0.1915 -7.27014e-06
0.1925 -7.29509e-06
0.1935 -7.44391e-06
0.1945 -7.55422e-06
0.1955 -7.36025e-06
0.1965 -6.7005e-06
0.1975 -5.7501e-06
0.1985 -5.03458e-06
0.1995 -5.11652e-06
0.2005 -6.14893e-06
0.2015 -7.65371e-06
0.2025 -8.71909e-06
0.2035 -8.4886e-06
0.2045 -6.66013e-06
0.2055 -3.77635e-06
0.2065 -1.1503e-06
0.2075 -2.94764e-07
0.2085 -1.97923e-06
0.2095 -5.53669e-06
0.2105 -9.1598e-06
0.2115 -1.11372e-05
0.2125 -1.0927e-05
0.2135 -9.02218e-06
0.2145 -5.94416e-06
0.2155 -1.75507e-06
0.2165 3.28829e-06
0.2175 7.95869e-06
0.2185 1.03672e-05
0.2195 8.96544e-06
0.2205 2.88203e-06
0.2215 -8.45276e-06
0.2225 -2.47527e-05
0.2235 -4.26826e-05
0.2245 -5.42628e-05
0.2255 -4.90324e-05
0.2265 -1.99961e-05
0.2275 3.05744e-05
0.2285 8.96098e-05
0.2295 0.000136538
0.2305 0.000149097
0.2315 0.000110024
0.2325 1.46466e-05
0.2335 -0.000121893
0.2345 -0.000262668
0.2355 -0.000357783
0.2365 -0.000363747
0.2375 -0.000264519
0.2385 -8.16288e-05
0.2395 0.000133802
0.2405 0.000323162
0.2415 0.000444197
0.2425 0.000484212
0.2435 0.000457833
0.2445 0.000393521
0.2455 0.000317844
0.2465 0.000245254
0.2475 0.000176373
0.2485 0.00010404
0.2495 9.98879e-05
0.2505 0.000213786
0.2515 0.000399613
0.2525 0.000646835
0.2535 0.000968277
0.2545 0.00135746
0.2555 0.00177652
0.2565 0.0021528
0.2575 0.00239093
0.2585 0.00240069
0.2595 0.00213133
0.2605 0.00159701
0.2615 0.000879746
0.2625 0.000107033
0.2635 -0.000584924
0.2645 -0.00108514
0.2655 -0.00132664
0.2665 -0.00129023
0.2675 -0.00100216
0.2685 -0.000532343
0.2695 1.02845e-05
0.2705 0.000494476
0.2715 0.000799392
0.2725 0.000853638
0.2735 0.000661912
0.2745 0.000304306
0.2755 -9.27002e-05
0.2765 -0.000401003
0.2775 -0.00053354
0.2785 -0.00047018
0.2795 -0.000259232
0.2805 5.04356e-06
0.2815 0.000220567
0.2825 0.000316461
0.2835 0.000277073
0.2845 0.000141489
0.2855 -1.9603e-05
0.2865 -0.000137511
0.2875 -0.000173722
0.2885 -0.000130959
0.2895 -4.45625e-05
0.2905 3.90442e-05
0.2915 8.49807e-05
0.2925 8.29897e-05
0.2935 4.65412e-05
0.2945 1.08472e-06
0.2955 -3.06578e-05
0.2965 -3.85604e-05
0.2975 -2.64124e-05
0.2985 -6.14173e-06
0.2995 1.0324e-05
0.3005 1.68026e-05
0.3015 1.39677e-05
0.3025 6.65415e-06
0.3035 -2.45825e-08
0.3045 -3.30813e-06
0.3055 -3.21174e-06
0.3065 -1.33588e-06
0.3075 6.5285e-07
0.3085 1.88939e-06
0.3095 2.32297e-06
0.3105 2.27064e-06
0.3115 2.01534e-06
0.3125 1.68536e-06
0.3135 1.33827e-06
0.3145 1.05378e-06
0.3155 9.26488e-07
0.3165 9.93964e-07
0.3175 1.19585e-06
0.3185 1.41086e-06
0.3195 1.53687e-06
0.3205 1.54608e-06
0.3215 1.47978e-06
0.3225 1.40177e-06
0.3235 1.35458e-06
0.3245 1.34618e-06
0.3255 1.36323e-06
0.3265 1.38966e-06
0.3275 1.41568e-06
0.3285 1.43672e-06
0.3295 1.45031e-06
0.3305 1.45562e-06
0.3315 1.45467e-06
0.3325 1.45195e-06
0.3335 1.45186e-06
0.3345 1.45625e-06
0.3355 1.4641e-06
0.3365 1.47312e-06
0.3375 1.48151e-06
0.3385 1.48862e-06
0.3395 1.49457e-06
0.3405 1.49969e-06
0.3415 1.50437e-06
0.3425 1.509e-06
0.3435 1.51392e-06
0.3445 1.51925e-06
0.3455 1.52488e-06
0.3465 1.53055e-06
0.3475 1.53606e-06
0.3485 1.54134e-06
0.3495 1.54642e-06
0.3505 1.55137e-06
0.3515 1.55623e-06
0.3525 1.56106e-06
0.3535 1.56587e-06
0.3545 1.57067e-06
0.3555 1.57545e-06
0.3565 1.58016e-06
0.3575 1.5848e-06
0.3585 1.58935e-06
0.3595 1.59382e-06
0.3605 1.59823e-06
0.3615 1.60257e-06
0.3625 1.60686e-06
0.3635 1.61108e-06
0.3645 1.61525e-06
0.3655 1.61936e-06
0.3665 1.6234e-06
0.3675 1.62738e-06
0.3685 1.63129e-06
0.3695 1.63514e-06
0.3705 1.63891e-06
0.3715 1.64263e-06
0.3725 1.64628e-06
0.3735 1.64987e-06
0.3745 1.65339e-06
0.3755 1.65684e-06
0.3765 1.66024e-06
0.3775 1.66356e-06
0.3785 1.66682e-06
0.3795 1.67001e-06
0.3805 1.67314e-06
0.3815 1.6762e-06
0.3825 1.6792e-06
0.3835 1.68213e-06
0.3845 1.68499e-06
0.3855 1.68779e-06
0.3865 1.69052e-06
0.3875 1.69318e-06
0.3885 1.69577e-06
0.3895 1.6983e-06
0.3905 1.70077e-06
0.3915 1.70316e-06
0.3925 1.70549e-06
0.3935 1.70775e-06
0.3945 1.70994e-06
0.3955 1.71207e-06
0.3965 1.71412e-06
0.3975 1.71611e-06
0.3985 1.71804e-06
0.3995 1.71989e-06
0.4005 1.72168e-06
0.4015 1.7234e-06
0.4025 1.72505e-06
0.4035 1.72663e-06
0.4045 1.72814e-06
0.4055 1.72959e-06
0.4065 1.73097e-06
0.4075 1.73228e-06
0.4085 1.73352e-06
0.4095 1.73469e-06
0.4105 1.7358e-06
0.4115 1.73683e-06
0.4125 1.7378e-06
0.4135 1.7387e-06
0.4145 1.73953e-06
0.4155 1.74029e-06
0.4165 1.74098e-06
0.4175 1.7416e-06
0.4185 1.74216e-06
0.4195 1.74265e-06
0.4205 1.74306e-06
0.4215 1.74341e-06
0.4225 1.74369e-06
0.4235 1.7439e-06
0.4245 1.74405e-06
0.4255 1.74412e-06
0.4265 1.74412e-06
0.4275 1.74406e-06
0.4285 1.74392e-06
0.4295 1.74372e-06
0.4305 1.74345e-06
0.4315 1.74311e-06
0.4325 1.7427e-06
0.4335 1.74223e-06
0.4345 1.74168e-06
0.4355 1.74107e-06
0.4365 1.74038e-06
0.4375 1.73963e-06
0.4385 1.73881e-06
0.4395 1.73792e-06
0.4405 1.73696e-06
0.4415 1.73593e-06
0.4425 1.73484e-06
0.4435 1.73367e-06
0.4445 1.73244e-06
0.4455 1.73114e-06
0.4465 1.72977e-06
0.4475 1.72834e-06
0.4485 1.72683e-06
0.4495 1.72525e-06
0.4505 1.7236e-06
0.4515 1.72189e-06
0.4525 1.72011e-06
0.4535 1.71828e-06
0.4545 1.71637e-06
0.4555 1.7144e-06
0.4565 1.71236e-06
0.4575 1.71024e-06
0.4585 1.70802e-06
0.4595 1.70573e-06
0.4605 1.70336e-06
0.4615 1.70094e-06
0.4625 1.6985e-06
0.4635 1.69605e-06
0.4645 1.69357e-06
0.4655 1.69101e-06
0.4665 1.68831e-06
0.4675 1.68539e-06
0.4685 1.68221e-06
0.4695 1.6788e-06
0.4705 1.67528e-06
0.4715 1.67187e-06
0.4725 1.66875e-06
0.4735 1.66598e-06
0.4745 1.66333e-06
0.4755 1.66024e-06
0.4765 1.65583e-06
0.4775 1.64913e-06
0.4785 1.63946e-06
0.4795 1.62677e-06
0.4805 1.61175e-06
0.4815 1.59562e-06
0.4825 1.57933e-06
0.4835 1.56246e-06
0.4845 1.54228e-06
0.4855 1.51366e-06
0.4865 1.47051e-06
0.4875 1.40931e-06
0.4885 1.33391e-06
0.4895 1.26052e-06
0.4905 1.22039e-06
0.4915 1.25782e-06
0.4925 1.42197e-06
0.4935 1.75311e-06
0.4945 2.2663e-06
0.4955 2.93772e-06
0.4965 3.69895e-06
0.4975 4.44185e-06
0.4985 4.41384e-06
0.4995 2.0522e-07
0.5005 -4.29507e-06
0.5015 -4.81955e-06
0.5025 -4.42615e-06
0.5035 -3.89075e-06
0.5045 -3.32505e-06
0.5055 -2.81958e-06
0.5065 -2.43139e-06
0.5075 -2.18014e-06
0.5085 -2.05354e-06
0.5095 -2.01932e-06
0.5105 -2.03899e-06
0.5115 -2.07911e-06
0.5125 -2.11755e-06
0.5135 -2.14451e-06
0.5145 -2.15969e-06
0.5155 -2.16783e-06
0.5165 -2.17453e-06
0.5175 -2.18359e-06
0.5185 -2.19615e-06
0.5195 -2.21111e-06
0.5205 -2.22637e-06
0.5215 -2.2399e-06
0.5225 -2.2505e-06
0.5235 -2.25798e-06
0.5245 -2.26292e-06
0.5255 -2.26626e-06
0.5265 -2.26891e-06
0.5275 -2.27148e-06
0.5285 -2.27423e-06
0.5295 -2.27714e-06
0.5305 -2.28004e-06
0.5315 -2.28277e-06
0.5325 -2.2852e-06
0.5335 -2.28731e-06
0.5345 -2.28917e-06
0.5355 -2.29085e-06
0.5365 -2.29242e-06
0.5375 -2.29394e-06
0.5385 -2.29542e-06
0.5395 -2.29685e-06
0.5405 -2.29821e-06
0.5415 -2.29947e-06
0.5425 -2.30063e-06
0.5435 -2.30167e-06
0.5445 -2.30261e-06
0.5455 -2.30345e-06
0.5465 -2.3042e-06
0.5475 -2.30487e-06
0.5485 -2.30545e-06
0.5495 -2.30594e-06
0.5505 -2.30634e-06
0.5515 -2.30665e-06
0.5525 -2.30687e-06
0.5535 -2.307e-06
0.5545 -2.30703e-06
0.5555 -2.30697e-06
0.5565 -2.30682e-06
0.5575 -2.30658e-06
0.5585 -2.30625e-06
0.5595 -2.30583e-06
0.5605 -2.30532e-06
0.5615 -2.30472e-06
0.5625 -2.30403e-06
0.5635 -2.30324e-06
0.5645 -2.30236e-06
0.5655 -2.3014e-06
0.5665 -2.30034e-06
0.5675 -2.29919e-06
0.5685 -2.29795e-06
0.5695 -2.29662e-06
0.5705 -2.2952e-06
0.5715 -2.29369e-06
0.5725 -2.29209e-06
0.5735 -2.2904e-06
0.5745 -2.28861e-06
0.5755 -2.28674e-06
0.5765 -2.28478e-06
0.5775 -2.28272e-06
0.5785 -2.28058e-06
0.5795 -2.27835e-06
0.5805 -2.27602e-06
0.5815 -2.27361e-06
0.5825 -2.2711e-06
0.5835 -2.26851e-06
0.5845 -2.26583e-06
0.5855 -2.26306e-06
0.5865 -2.2602e-06
0.5875 -2.25725e-06
0.5885 -2.25421e-06
0.5895 -2.25108e-06
0.5905 -2.24786e-06
0.5915 -2.24455e-06
0.5925 -2.24116e-06
0.5935 -2.23768e-06
0.5945 -2.2341e-06
0.5955 -2.23044e-06
0.5965 -2.2267e-06
0.5975 -2.22286e-06
0.5985 -2.21894e-06
0.5995 -2.21493e-06
0.6005 -2.21083e-06
0.6015 -2.20664e-06
0.6025 -2.20237e-06
0.6035 -2.19801e-06
0.6045 -2.19356e-06
0.6055 -2.18903e-06
0.6065 -2.18441e-06
0.6075 -2.1797e-06
0.6085 -2.17491e-06
0.6095 -2.17003e-06
0.6105 -2.16507e-06
0.6115 -2.16002e-06
0.6125 -2.15489e-06
0.6135 -2.14967e-06
0.6145 -2.14436e-06
0.6155 -2.13897e-06
0.6165 -2.1335e-06
0.6175 -2.12794e-06
0.6185 -2.1223e-06
0.6195 -2.11657e-06
0.6205 -2.11077e-06
0.6215 -2.10487e-06
0.6225 -2.0989e-06
0.6235 -2.09284e-06
0.6245 -2.0867e-06
0.6255 -2.08048e-06
0.6265 -2.07417e-06
0.6275 -2.06778e-06
0.6285 -2.06131e-06
0.6295 -2.05477e-06
0.6305 -2.04814e-06
0.6315 -2.04142e-06
0.6325 -2.03463e-06
0.6335 -2.02776e-06
0.6345 -2.0208e-06
0.6355 -2.01376e-06
0.6365 -2.00664e-06
0.6375 -1.99945e-06
0.6385 -1.99219e-06
0.6395 -1.98486e-06
0.6405 -1.97744e-06
0.6415 -1.96994e-06
0.6425 -1.96235e-06
0.6435 -1.95466e-06
0.6445 -1.94688e-06
0.6455 -1.93903e-06
0.6465 -1.93113e-06
0.6475 -1.92319e-06
0.6485 -1.91524e-06
0.6495 -1.90725e-06
0.6505 -1.89916e-06
0.6515 -1.89089e-06
0.6525 -1.88239e-06
0.6535 -1.8737e-06
0.6545 -1.86488e-06
0.6555 -1.85608e-06
0.6565 -1.84743e-06
0.6575 -1.83913e-06
0.6585 -1.83124e-06
0.6595 -1.82353e-06
0.6605 -1.81532e-06
0.6615 -1.80584e-06
0.6625 -1.79488e-06
0.6635 -1.78305e-06
0.6645 -1.7715e-06
0.6655 -1.76124e-06
0.6665 -1.75305e-06
0.6675 -1.74776e-06
0.6685 -1.74587e-06
0.6695 -1.74553e-06
0.6705 -1.74094e-06
0.6715 -1.72463e-06
0.6725 -1.69409e-06
0.6735 -1.65726e-06
0.6745 -1.62956e-06
0.6755 -1.62335e-06
0.6765 -1.63994e-06
0.6775 -1.67313e-06
0.6785 -1.71737e-06
0.6795 -1.76365e-06
0.6805 -1.78102e-06
0.6815 -1.71208e-06
0.6825 -1.51501e-06
0.6835 -1.23777e-06
0.6845 -1.0476e-06
0.6855 -1.14305e-06
0.6865 -1.57936e-06
0.6875 -2.15928e-06
0.6885 -2.53421e-06
0.6895 -2.47288e-06
0.6905 -2.04357e-06
0.6915 -1.47829e-06
0.6925 -8.19703e-07
0.6935 1.97267e-07
0.6945 1.66573e-06
0.6955 2.71641e-06
0.6965 1.38671e-06
0.6975 -4.01791e-06
0.6985 -1.25109e-05
0.6995 -1.89739e-05
0.7005 -1.59677e-05
0.7015 8.76981e-07
0.7025 2.69206e-05
0.7035 4.71634e-05
0.7045 4.29734e-05
0.7055 4.99586e-06
0.7065 -5.55294e-05
0.7075 -0.00010644
0.7085 -0.000109481
0.7095 -4.45056e-05
0.7105 7.11354e-05
0.7115 0.000182519
0.7125 0.00022125
0.7135 0.000143814
0.7145 -3.67114e-05
0.7155 -0.000245972
0.7165 -0.000377992
0.7175 -0.000347307
0.7185 -0.000137403
0.7195 0.000181159
0.7205 0.000475004
0.7215 0.000605036
0.7225 0.000490184
0.7235 0.000148427
0.7245 -0.000303853
0.7255 -0.000694992
0.7265 -0.000866367
0.7275 -0.000737209
0.7285 -0.000337583
0.7295 0.000204809
0.7305 0.000716165
0.7315 0.00104051
0.7325 0.00108726
0.7335 0.000847394
0.7345 0.000382066
0.7355 -0.000201793
0.7365 -0.000776926
0.7375 -0.00121932
0.7385 -0.00143184
0.7395 -0.00136693
0.7405 -0.00104101
0.7415 -0.000532123
0.7425 4.19367e-05
0.7435 0.000557693
0.7445 0.00091907
0.7455 0.00107728
0.7465 0.00103257
0.7475 0.000821205
0.7485 0.000499155
0.7495 0.000386059
0.7505 0.00068144
0.7515 0.00111789
0.7525 0.00148668
0.7535 0.00172551
0.7545 0.00177851
0.7555 0.00161485
0.7565 0.00124323
0.7575 0.000716571
0.7585 0.000123803
0.7595 -0.000429136
0.7605 -0.000842902
0.7615 -0.00104585
0.7625 -0.00100834
0.7635 -0.000749459
0.7645 -0.00033679
0.7655 0.000122911
0.7665 0.00050559
0.7675 0.000704538
0.7685 0.000668493
0.7695 0.000425413
0.7705 7.57725e-05
0.7715 -0.000246505
0.7725 -0.000428683
0.7735 -0.000423023
0.7745 -0.000259776
0.7755 -2.64021e-05
0.7765 0.000174128
0.7775 0.000266566
0.7785 0.000231104
0.7795 0.000105655
0.7805 -3.74353e-05
0.7815 -0.000129185
0.7825 -0.000137078
0.7835 -7.59567e-05
0.7845 7.74523e-06
0.7855 6.64938e-05
0.7865 7.71553e-05
0.7875 4.77254e-05
0.7885 5.32665e-06
0.7895 -2.34775e-05
0.7905 -2.71498e-05
0.7915 -1.15674e-05
0.7925 8.12302e-06
0.7935 1.89946e-05
0.7945 1.75476e-05
0.7955 9.15676e-06
0.7965 1.93835e-06
0.7975 4.84376e-07
0.7985 3.81056e-06
0.7995 7.83988e-06
0.8005 9.35934e-06
0.8015 8.11657e-06
0.8025 6.05512e-06
0.8035 5.13986e-06
0.8045 5.85197e-06
0.8055 7.28258e-06
0.8065 8.25183e-06
0.8075 8.28418e-06
0.8085 7.74651e-06
0.8095 7.30594e-06
0.8105 7.33264e-06
0.8115 7.72224e-06
0.8125 8.14105e-06
0.8135 8.36468e-06
0.8145 8.41028e-06
0.8155 8.4268e-06
0.8165 8.51955e-06
0.8175 8.68019e-06
0.8185 8.84265e-06
0.8195 8.96757e-06
0.8205 9.06838e-06
0.8215 9.17758e-06
0.8225 9.30807e-06
0.8235 9.44803e-06
0.8245 9.58116e-06
0.8255 9.70308e-06
0.8265 9.82008e-06
0.8275 9.93889e-06
0.8285 1.00609e-05
0.8295 1.0184e-05
0.8305 1.03062e-05
0.8315 1.04276e-05
0.8325 1.05485e-05
0.8335 1.06693e-05
0.8345 1.07896e-05
0.8355 1.09092e-05
0.8365 1.10281e-05
0.8375 1.11465e-05
0.8385 1.12645e-05
0.8395 1.13823e-05
0.8405 1.14997e-05
0.8415 1.16167e-05
0.8425 1.17332e-05
0.8435 1.18492e-05
0.8445 1.19646e-05
0.8455 1.20797e-05
0.8465 1.21942e-05
0.8475 1.23082e-05
0.8485 1.24218e-05
0.8495 1.25349e-05
0.8505 1.26475e-05
0.8515 1.27596e-05
0.8525 1.28712e-05
0.8535 1.29823e-05
0.8545 1.30928e-05
0.8555 1.32029e-05
0.8565 1.33124e-05
0.8575 1.34214e-05
0.8585 1.35299e-05
0.8595 1.36378e-05
0.8605 1.37453e-05
0.8615 1.38521e-05
0.8625 1.39584e-05
0.8635 1.40642e-05
0.8645 1.41694e-05
0.8655 1.42741e-05
0.8665 1.43781e-05
0.8675 1.44817e-05
0.8685 1.45846e-05
0.8695 1.4687e-05
0.8705 1.47888e-05
0.8715 1.489e-05
0.8725 1.49906e-05
0.8735 1.50906e-05
0.8745 1.51901e-05
0.8755 1.52889e-05
0.8765 1.53871e-05
0.8775 1.54847e-05
0.8785 1.55817e-05
0.8795 1.56781e-05
0.8805 1.57739e-05
0.8815 1.58691e-05
0.8825 1.59636e-05
0.8835 1.60575e-05
0.8845 1.61508e-05
0.8855 1.62434e-05
0.8865 1.63354e-05
0.8875 1.64267e-05
0.8885 1.65174e-05
0.8895 1.66074e-05
0.8905 1.66968e-05
0.8915 1.67855e-05
0.8925 1.68736e-05
0.8935 1.6961e-05
0.8945 1.70477e-05
0.8955 1.71338e-05
0.8965 1.72191e-05
0.8975 1.73038e-05
0.8985 1.73878e-05
0.8995 1.74712e-05
0.9005 1.75538e-05
0.9015 1.76357e-05
0.9025 1.7717e-05
0.9035 1.77975e-05
0.9045 1.78774e-05
0.9055 1.79565e-05
0.9065 1.8035e-05
0.9075 1.81127e-05
0.9085 1.81897e-05
0.9095 1.8266e-05
0.9105 1.83415e-05
0.9115 1.84164e-05
0.9125 1.84905e-05
0.9135 1.85639e-05
0.9145 1.86365e-05
0.9155 1.87084e-05
0.9165 1.87796e-05
0.9175 1.885e-05
0.9185 1.89197e-05
0.9195 1.89887e-05
0.9205 1.90569e-05
0.9215 1.91243e-05
0.9225 1.9191e-05
0.9235 1.92569e-05
0.9245 1.93221e-05
0.9255 1.93865e-05
0.9265 1.94501e-05
0.9275 1.9513e-05
0.9285 1.95751e-05
0.9295 1.96364e-05
0.9305 1.9697e-05
0.9315 1.97568e-05
0.9325 1.98158e-05
0.9335 1.9874e-05
0.9345 1.99314e-05
0.9355 1.99881e-05
0.9365 2.00439e-05
0.9375 2.0099e-05
0.9385 2.01532e-05
0.9395 2.02067e-05
0.9405 2.02594e-05
0.9415 2.03113e-05
0.9425 2.03623e-05
0.9435 2.04126e-05
0.9445 2.04621e-05
0.9455 2.05107e-05
0.9465 2.05586e-05
0.9475 2.06056e-05
0.9485 2.06518e-05
0.9495 2.06972e-05
0.9505 2.07418e-05
0.9515 2.07856e-05
0.9525 2.08285e-05
0.9535 2.08707e-05
0.9545 2.0912e-05
0.9555 2.09525e-05
0.9565 2.09921e-05
0.9575 2.10309e-05
0.9585 2.10689e-05
0.9595 2.11061e-05
0.9605 2.11424e-05
0.9615 2.11779e-05
0.9625 2.12125e-05
0.9635 2.12464e-05
0.9645 2.12794e-05
0.9655 2.13115e-05
0.9665 2.13428e-05
0.9675 2.13732e-05
0.9685 2.14029e-05
0.9695 2.14316e-05
0.9705 2.14595e-05
0.9715 2.14867e-05
0.9725 2.15126e-05
0.9735 2.15386e-05
0.9745 2.15621e-05
0.9755 2.15873e-05
0.9765 2.16082e-05
0.9775 2.16319e-05
0.9785 2.16526e-05
0.9795 2.16694e-05
0.9805 2.1699e-05
0.9815 2.16947e-05
0.9825 2.17497e-05
0.9835 2.1707e-05
0.9845 2.17904e-05
0.9855 2.1728e-05
0.9865 2.17563e-05
0.9875 2.18261e-05
0.9885 2.14931e-05
0.9895 2.21011e-05
0.9905 2.07712e-05
0.9915 2.25126e-05
0.9925 1.95202e-05
0.9935 2.22645e-05
0.9945 1.8664e-05
0.9955 1.84366e-05
0.9965 2.10999e-05
0.9975 6.51236e-06
0.9985 3.88111e-05
0.9995 2.25882e-05

# time = 1
0.0005 0.00255933
0.0015 0.0069025
0.0025 0.0104687
0.0035 0.0168447
0.0045 0.0247288
0.0055 0.0315107
0.0065 0.0405739
0.0075 0.0494902
0.0085 0.0570985
0.0095 0.0656412
0.0105 0.0728184
0.0115 0.0788954
0.0125 0.0850544
0.0135 0.0900059
0.0145 0.0948531
0.0155 0.0999788
0.0165 0.104949
0.0175 0.110776
0.0185 0.117075
0.0195 0.123618
0.0205 0.130829
0.0215 0.137889
0.0225 0.14471
0.0235 0.151462
0.0245 0.15761
0.0255 0.163458
0.0265 0.169233
0.0275 0.174831
0.0285 0.180649
0.0295 0.186701
0.0305 0.192897
0.0315 0.199354
0.0325 0.205816
0.0335 0.212189
0.0345 0.218507
0.0355 0.22461
0.0365 0.23059
0.0375 0.236553
0.0385 0.242476
0.0395 0.24848
0.0405 0.254568
0.0415 0.260685
0.0425 0.266853
0.0435 0.272991
0.0445 0.279065
0.0455 0.285104
0.0465 0.291079
0.0475 0.297025
0.0485 0.302982
0.0495 0.308939
0.0505 0.314915
0.0515 0.320902
0.0525 0.326869
0.0535 0.332822
0.0545 0.338745
0.0555 0.344636
0.0565 0.350515
0.0575 0.35638
0.0585 0.362237
0.0595 0.368091
0.0605 0.37393
0.0615 0.379756
0.0625 0.385565
0.0635 0.391353
0.0645 0.397124
0.0655 0.402881
0.0665 0.40862
0.0675 0.414348
0.0685 0.420058
0.0695 0.425752
0.0705 0.43143
0.0715 0.437089
0.0725 0.44273
0.0735 0.448356
0.0745 0.453962
0.0755 0.459551
0.0765 0.465122
0.0775 0.470675
0.0785 0.476209
0.0795 0.481724
0.0805 0.48722
0.0815 0.492697
0.0825 0.498155
0.0835 0.503593
0.0845 0.509011
0.0855 0.514408
0.0865 0.519786
0.0875 0.525143
0.0885 0.530479
0.0895 0.535795
0.0905 0.541089
0.0915 0.546362
0.0925 0.551613
0.0935 0.556843
0.0945 0.56205
0.0955 0.567235
0.0965 0.572398
0.0975 0.577539
0.0985 0.582656
0.0995 0.587751
0.1005 0.592822
0.1015 0.59787
0.1025 0.602894
0.1035 0.607895
0.1045 0.612871
0.1055 0.617824
0.1065 0.622752
0.1075 0.627655
0.1085 0.632534
0.1095 0.637387
0.1105 0.642216
0.1115 0.647019
0.1125 0.651796
0.1135 0.656548
0.1145 0.661274
0.1155 0.665974
0.1165 0.670647
0.1175 0.675294
0.1185 0.679915
0.1195 0.684508
0.1205 0.689075
0.1215 0.693614
0.1225 0.698126
0.1235 0.70261
0.1245 0.707067
0.1255 0.711496
0.1265 0.715896
0.1275 0.720269
0.1285 0.724612
0.1295 0.728928
0.1305 0.733214
0.1315 0.737472
0.1325 0.7417
0.1335 0.7459
0.1345 0.750069
0.1355 0.754209
0.1365 0.75832
0.1375 0.7624
0.1385 0.76645
0.1395 0.770471
0.1405 0.77446
0.1415 0.778419
0.1425 0.782348
0.1435 0.786245
0.1445 0.790111
0.1455 0.793947
0.1465 0.797751
0.1475 0.801523
0.1485 0.805264
0.1495 0.808973
0.1505 0.81265
0.1515 0.816295
0.1525 0.819907
0.1535 0.823488
0.1545 0.827036
0.1555 0.830551
0.1565 0.834033
0.1575 0.837483
0.1585 0.840899
0.1595 0.844282
0.1605 0.847632
0.1615 0.850948
0.1625 0.854231
0.1635 0.85748
0.1645 0.860696
0.1655 0.863877
0.1665 0.867024
0.1675 0.870137
0.1685 0.873216
0.1695 0.87626
0.1705 0.879269
0.1715 0.882244
0.1725 0.885184
0.1735 0.888089
0.1745 0.890959
0.1755 0.893794
0.1765 0.896593
0.1775 0.899357
0.1785 0.902086
0.1795 0.904779
0.1805 0.907436
0.1815 0.910058
0.1825 0.912643
0.1835 0.915193
0.1845 0.917706
0.1855 0.920183
0.1865 0.922624
0.1875 0.925028
0.1885 0.927396
0.1895 0.929727
0.1905 0.932022
0.1915 0.93428
0.1925 0.936501
0.1935 0.938685
0.1945 0.940831
0.1955 0.942941
0.1965 0.945014
0.1975 0.947049
0.1985 0.949046
0.1995 0.951007
0.2005 0.95293
0.2015 0.954815
0.2025 0.956662
0.2035 0.958472
0.2045 0.960244
0.2055 0.961978
0.2065 0.963674
0.2075 0.965331
0.2085 0.966951
0.2095 0.968533
0.2105 0.970076
0.2115 0.971581
0.2125 0.973048
0.2135 0.974476
0.2145 0.975866
0.2155 0.977218
0.2165 0.97853
0.2175 0.979805
0.2185 0.98104
0.2195 0.982237
0.2205 0.983395
0.2215 0.984514
0.2225 0.985594
0.2235 0.986635
0.2245 0.987638
0.2255 0.988601
0.2265 0.989525
0.2275 0.990411
0.2285 0.991257
0.2295 0.992064
0.2305 0.992832
0.2315 0.993561
0.2325 0.99425
0.2335 0.994901
0.2345 0.995512
0.2355 0.996084
0.2365 0.996617
0.2375 0.997111
0.2385 0.997566
0.2395 0.997983
0.2405 0.998362
0.2415 0.998702
0.2425 0.999006
0.2435 0.999275
0.2445 0.99951
0.2455 0.999715
0.2465 0.999895
0.2475 1.00005
0.2485 1.0002
0.2495 1.00027
0.2505 1.0002
0.2515 1.00006
0.2525 0.9999
0.2535 0.999719
0.2545 0.999512
0.2555 0.999275
0.2565 0.999005
0.2575 0.998701
0.2585 0.99836
0.2595 0.997981
0.2605 0.997565
0.2615 0.99711
0.2625 0.996616
0.2635 0.996083
0.2645 0.995511
0.2655 0.9949
0.2665 0.99425
0.2675 0.99356
0.2685 0.992832
0.2695 0.992064
0.2705 0.991257
0.2715 0.99041
0.2725 0.989525
0.2735 0.988601
0.2745 0.987637
0.2755 0.986635
0.2765 0.985594
0.2775 0.984513
0.2785 0.983394
0.2795 0.982236
0.2805 0.98104
0.2815 0.979804
0.2825 0.97853
0.2835 0.977217
0.2845 0.975866
0.2855 0.974476
0.2865 0.973048
0.2875 0.971581
0.2885 0.970076
0.2895 0.968533
0.2905 0.966951
0.2915 0.965331
0.2925 0.963673
0.2935 0.961977
0.2945 0.960243
0.2955 0.958472
0.2965 0.956662
0.2975 0.954814
0.2985 0.952929
0.2995 0.951006
0.3005 0.949046
0.3015 0.947048
0.3025 0.945013
0.3035 0.942941
0.3045 0.940831
0.3055 0.938684
0.3065 0.9365
0.3075 0.934279
0.3085 0.932022
0.3095 0.929727
0.3105 0.927396
0.3115 0.925028
0.3125 0.922624
0.3135 0.920183
0.3145 0.917706
0.3155 0.915192
0.3165 0.912643
0.3175 0.910057
0.3185 0.907436
0.3195 0.904779
0.3205 0.902086
0.3215 0.899357
0.3225 0.896593
0.3235 0.893793
0.3245 0.890959
0.3255 0.888089
0.3265 0.885184
0.3275 0.882244
0.3285 0.879269
0.3295 0.876259
0.3305 0.873215
0.3315 0.870137
0.3325 0.867024
0.3335 0.863877
0.3345 0.860695
0.3355 0.85748
0.3365 0.854231
0.3375 0.850948
0.3385 0.847632
0.3395 0.844282
0.3405 0.840899
0.3415 0.837482
0.3425 0.834033
0.3435 0.83055
0.3445 0.827035
0.3455 0.823487
0.3465 0.819907
0.3475 0.816294
0.3485 0.812649
0.3495 0.808972
0.3505 0.805263
0.3515 0.801523
0.3525 0.79775
0.3535 0.793946
0.3545 0.790111
0.3555 0.786245
0.3565 0.782347
0.3575 0.778419
0.3585 0.77446
0.3595 0.77047
0.3605 0.76645
0.3615 0.7624
0.3625 0.75832
0.3635 0.754209
0.3645 0.750069
0.3655 0.745899
0.3665 0.7417
0.3675 0.737472
0.3685 0.733214
0.3695 0.728928
0.3705 0.724612
0.3715 0.720268
0.3725 0.715896
0.3735 0.711495
0.3745 0.707067
0.3755 0.70261
0.3765 0.698126
0.3775 0.693614
0.3785 0.689074
0.3795 0.684508
0.3805 0.679914
0.3815 0.675294
0.3825 0.670647
0.3835 0.665974
0.3845 0.661274
0.3855 0.656548
0.3865 0.651796
0.3875 0.647018
0.3885 0.642215
0.3895 0.637387
0.3905 0.632533
0.3915 0.627655
0.3925 0.622751
0.3935 0.617823
0.3945 0.612871
0.3955 0.607895
0.3965 0.602894
0.3975 0.59787
0.3985 0.592822
0.3995 0.58775
0.4005 0.582656
0.4015 0.577538
0.4025 0.572398
0.4035 0.567235
0.4045 0.56205
0.4055 0.556842
0.4065 0.551613
0.4075 0.546362
0.4085 0.541089
0.4095 0.535794
0.4105 0.530479
0.4115 0.525143
0.4125 0.519786
0.4135 0.514408
0.4145 0.50901
0.4155 0.503592
0.4165 0.498155
0.4175 0.492697
0.4185 0.48722
0.4195 0.481724
0.4205 0.476209
0.4215 0.470675
0.4225 0.465122
0.4235 0.459551
0.4245 0.453962
0.4255 0.448355
0.4265 0.44273
0.4275 0.437088
0.4285 0.431428
0.4295 0.425752
0.4305 0.420059
0.4315 0.414349
0.4325 0.408623
0.4335 0.402881
0.4345 0.397122
0.4355 0.391348
0.4365 0.385558
0.4375 0.379754
0.4385 0.373936
0.4395 0.368102
0.4405 0.362252
0.4415 0.356386
0.4425 0.350507
0.4435 0.344616
0.4445 0.338714
0.4455 0.332802
0.4465 0.326875
0.4475 0.320931
0.4485 0.314966
0.4495 0.308985
0.4505 0.302993
0.4515 0.297
0.4525 0.291009
0.4535 0.285018
0.4545 0.279012
0.4555 0.272978
0.4565 0.266906
0.4575 0.260801
0.4585 0.254683
0.4595 0.248578
0.4605 0.242508
0.4615 0.236477
0.4625 0.23046
0.4635 0.224418
0.4645 0.218305
0.4655 0.212098
0.4665 0.205807
0.4675 0.199481
0.4685 0.193195
0.4695 0.18702
0.4705 0.180989
0.4715 0.17508
0.4725 0.169211
0.4735 0.163266
0.4745 0.15713
0.4755 0.150738
0.4765 0.144097
0.4775 0.137303
0.4785 0.130513
0.4795 0.123908
0.4805 0.117643
0.4815 0.111797
0.4825 0.106349
0.4835 0.101171
0.4845 0.0960506
0.4855 0.0907309
0.4865 0.0849623
0.4875 0.0785526
0.4885 0.0714069
0.4895 0.0635479
0.4905 0.0551174
0.4915 0.0463571
0.4925 0.0375771
0.4935 0.0291173
0.4945 0.02131
0.4955 0.0144495
0.4965 0.00877223
0.4975 0.00444905
0.4985 0.00158959
0.4995 6.24348e-08
0.5005 -0.00158915
0.5015 -0.00444722
0.5025 -0.00876687
0.5035 -0.0144373
0.5045 -0.0212871
0.5055 -0.0290804
0.5065 -0.0375252
0.5075 -0.0462932
0.5085 -0.0550494
0.5095 -0.0634882
0.5105 -0.0713694
0.5115 -0.0785493
0.5125 -0.0849982
0.5135 -0.0908012
0.5145 -0.09614
0.5155 -0.101257
0.5165 -0.106409
0.5175 -0.111815
0.5185 -0.117615
0.5195 -0.123846
0.5205 -0.130437
0.5215 -0.137238
0.5225 -0.144061
0.5235 -0.150737
0.5245 -0.157159
0.5255 -0.16331
0.5265 -0.169255
0.5275 -0.175109
0.5285 -0.180999
0.5295 -0.187012
0.5305 -0.193176
0.5315 -0.199459
0.5325 -0.205788
0.5335 -0.212088
0.5345 -0.218305
0.5355 -0.224425
0.5365 -0.230472
0.5375 -0.236489
0.5385 -0.242517
0.5395 -0.248581
0.5405 -0.25468
0.5415 -0.260794
0.5425 -0.266898
0.5435 -0.272973
0.5445 -0.279011
0.5455 -0.285021
0.5465 -0.291014
0.5475 -0.297004
0.5485 -0.302995
0.5495 -0.308984
0.5505 -0.314964
0.5515 -0.320928
0.5525 -0.326874
0.5535 -0.332802
0.5545 -0.338715
0.5555 -0.344617
0.5565 -0.350508
0.5575 -0.356387
0.5585 -0.362252
0.5595 -0.368101
0.5605 -0.373935
0.5615 -0.379754
0.5625 -0.385559
0.5635 -0.391348
0.5645 -0.397122
0.5655 -0.402881
0.5665 -0.408623
0.5675 -0.414349
0.5685 -0.420059
0.5695 -0.425752
0.5705 -0.431429
0.5715 -0.437088
0.5725 -0.442731
0.5735 -0.448355
0.5745 -0.453962
0.5755 -0.459551
0.5765 -0.465122
0.5775 -0.470675
0.5785 -0.476209
0.5795 -0.481724
0.5805 -0.48722
0.5815 -0.492697
0.5825 -0.498155
0.5835 -0.503593
0.5845 -0.509011
0.5855 -0.514408
0.5865 -0.519786
0.5875 -0.525143
0.5885 -0.530479
0.5895 -0.535795
0.5905 -0.541089
0.5915 -0.546362
0.5925 -0.551613
0.5935 -0.556842
0.5945 -0.56205
0.5955 -0.567235
0.5965 -0.572398
0.5975 -0.577539
0.5985 -0.582656
0.5995 -0.587751
0.6005 -0.592822
0.6015 -0.59787
0.6025 -0.602894
0.6035 -0.607895
0.6045 -0.612871
0.6055 -0.617824
0.6065 -0.622752
0.6075 -0.627655
0.6085 -0.632534
0.6095 -0.637387
0.6105 -0.642216
0.6115 -0.647019
0.6125 -0.651796
0.6135 -0.656548
0.6145 -0.661274
0.6155 -0.665974
0.6165 -0.670647
0.6175 -0.675294
0.6185 -0.679915
0.6195 -0.684508
0.6205 -0.689075
0.6215 -0.693614
0.6225 -0.698126
0.6235 -0.70261
0.6245 -0.707067
0.6255 -0.711496
0.6265 -0.715896
0.6275 -0.720269
0.6285 -0.724612
0.6295 -0.728928
0.6305 -0.733214
0.6315 -0.737472
0.6325 -0.7417
0.6335 -0.7459
0.6345 -0.750069
0.6355 -0.754209
0.6365 -0.75832
0.6375 -0.7624
0.6385 -0.76645
0.6395 -0.770471
0.6405 -0.77446
0.6415 -0.778419
0.6425 -0.782348
0.6435 -0.786245
0.6445 -0.790111
0.6455 -0.793947
0.6465 -0.797751
0.6475 -0.801523
0.6485 -0.805264
0.6495 -0.808973
0.6505 -0.81265
0.6515 -0.816295
0.6525 -0.819907
0.6535 -0.823488
0.6545 -0.827036
0.6555 -0.830551
0.6565 -0.834033
0.6575 -0.837483
0.6585 -0.840899
0.6595 -0.844282
0.6605 -0.847632
0.6615 -0.850948
0.6625 -0.854231
0.6635 -0.85748
0.6645 -0.860696
0.6655 -0.863877
0.6665 -0.867024
0.6675 -0.870137
0.6685 -0.873216
0.6695 -0.87626
0.6705 -0.879269
0.6715 -0.882244
0.6725 -0.885184
0.6735 -0.888089
0.6745 -0.890959
0.6755 -0.893794
0.6765 -0.896593
0.6775 -0.899357
0.6785 -0.902086
0.6795 -0.904779
0.6805 -0.907436
0.6815 -0.910058
0.6825 -0.912643
0.6835 -0.915193
0.6845 -0.917706
0.6855 -0.920183
0.6865 -0.922624
0.6875 -0.925028
0.6885 -0.927396
0.6895 -0.929727
0.6905 -0.932022
0.6915 -0.93428
0.6925 -0.936501
0.6935 -0.938685
0.6945 -0.940831
0.6955 -0.942941
0.6965 -0.945014
0.6975 -0.947049
0.6985 -0.949046
0.6995 -0.951007
0.7005 -0.95293
0.7015 -0.954815
0.7025 -0.956662
0.7035 -0.958472
0.7045 -0.960244
0.7055 -0.961978
0.7065 -0.963674
0.7075 -0.965331
0.7085 -0.966951
0.7095 -0.968533
0.7105 -0.970076
0.7115 -0.971581
0.7125 -0.973048
0.7135 -0.974476
0.7145 -0.975866
0.7155 -0.977218
0.7165 -0.97853
0.7175 -0.979805
0.7185 -0.98104
0.7195 -0.982237
0.7205 -0.983395
0.7215 -0.984514
0.7225 -0.985594
0.7235 -0.986635
0.7245 -0.987638
0.7255 -0.988601
0.7265 -0.989525
0.7275 -0.990411
0.7285 -0.991257
0.7295 -0.992064
0.7305 -0.992832
0.7315 -0.993561
0.7325 -0.99425
0.7335 -0.994901
0.7345 -0.995512
0.7355 -0.996084
0.7365 -0.996617
0.7375 -0.99711
0.7385 -0.997565
0.7395 -0.997982
0.7405 -0.99836
0.7415 -0.998701
0.7425 -0.999006
0.7435 -0.999275
0.7445 -0.999512
0.7455 -0.999719
0.7465 -0.9999
0.7475 -1.00006
0.7485 -1.0002
0.7495 -1.00027
0.7505 -1.0002
0.7515 -1.00005
0.7525 -0.999895
0.7535 -0.999715
0.7545 -0.999509
0.7555 -0.999273
0.7565 -0.999005
0.7575 -0.998701
0.7585 -0.998361
0.7595 -0.997983
0.7605 -0.997566
0.7615 -0.997111
0.7625 -0.996617
0.7635 -0.996084
0.7645 -0.995512
0.7655 -0.9949
0.7665 -0.99425
0.7675 -0.993561
0.7685 -0.992832
0.7695 -0.992064
0.7705 -0.991257
0.7715 -0.990411
0.7725 -0.989525
0.7735 -0.988601
0.7745 -0.987637
0.7755 -0.986635
0.7765 -0.985594
0.7775 -0.984513
0.7785 -0.983394
0.7795 -0.982236
0.7805 -0.98104
0.7815 -0.979804
0.7825 -0.97853
0.7835 -0.977217
0.7845 -0.975866
0.7855 -0.974476
0.7865 -0.973048
0.7875 -0.971581
0.7885 -0.970076
0.7895 -0.968533
0.7905 -0.966951
0.7915 -0.965331
0.7925 -0.963673
0.7935 -0.961977
0.7945 -0.960243
0.7955 -0.958472
0.7965 -0.956662
0.7975 -0.954814
0.7985 -0.952929
0.7995 -0.951006
0.8005 -0.949046
0.8015 -0.947048
0.8025 -0.945013
0.8035 -0.942941
0.8045 -0.940831
0.8055 -0.938684
0.8065 -0.9365
0.8075 -0.934279
0.8085 -0.932022
0.8095 -0.929727
0.8105 -0.927396
0.8115 -0.925028
0.8125 -0.922624
0.8135 -0.920183
0.8145 -0.917706
0.8155 -0.915192
0.8165 -0.912643
0.8175 -0.910057
0.8185 -0.907436
0.8195 -0.904779
0.8205 -0.902086
0.8215 -0.899357
0.8225 -0.896593
0.8235 -0.893793
0.8245 -0.890959
0.8255 -0.888089
0.8265 -0.885184
0.8275 -0.882244
0.8285 -0.879269
0.8295 -0.876259
0.8305 -0.873215
0.8315 -0.870137
0.8325 -0.867024
0.8335 -0.863877
0.8345 -0.860695
0.8355 -0.85748
0.8365 -0.854231
0.8375 -0.850948
0.8385 -0.847632
0.8395 -0.844282
0.8405 -0.840899
0.8415 -0.837482
0.8425 -0.834033
0.8435 -0.83055
0.8445 -0.827035
0.8455 -0.823487
0.8465 -0.819907
0.8475 -0.816294
0.8485 -0.812649
0.8495 -0.808972
0.8505 -0.805263
0.8515 -0.801523
0.8525 -0.79775
0.8535 -0.793946
0.8545 -0.790111
0.8555 -0.786245
0.8565 -0.782347
0.8575 -0.778419
0.8585 -0.77446
0.8595 -0.77047
0.8605 -0.76645
0.8615 -0.7624
0.8625 -0.75832
0.8635 -0.754209
0.8645 -0.750069
0.8655 -0.745899
0.8665 -0.7417
0.8675 -0.737472
0.8685 -0.733214
0.8695 -0.728928
0.8705 -0.724612
0.8715 -0.720268
0.8725 -0.715896
0.8735 -0.711495
0.8745 -0.707067
0.8755 -0.70261
0.8765 -0.698126
0.8775 -0.693614
0.8785 -0.689074
0.8795 -0.684508
0.8805 -0.679914
0.8815 -0.675294
0.8825 -0.670647
0.8835 -0.665974
0.8845 -0.661274
0.8855 -0.656548
0.8865 -0.651796
0.8875 -0.647018
0.8885 -0.642215
0.8895 -0.637387
0.8905 -0.632533
0.8915 -0.627655
0.8925 -0.622751
0.8935 -0.617823
0.8945 -0.612871
0.8955 -0.607895
0.8965 -0.602894
0.8975 -0.59787
0.8985 -0.592822
0.8995 -0.58775
0.9005 -0.582656
0.9015 -0.577538
0.9025 -0.572398
0.9035 -0.567235
0.9045 -0.56205
0.9055 -0.556842
0.9065 -0.551613
0.9075 -0.546362
0.9085 -0.541089
0.9095 -0.535794
0.9105 -0.530479
0.9115 -0.525143
0.9125 -0.519786
0.9135 -0.514408
0.9145 -0.50901
0.9155 -0.503592
0.9165 -0.498154
0.9175 -0.492697
0.9185 -0.48722
0.9195 -0.481724
0.9205 -0.476209
0.9215 -0.470675
0.9225 -0.465122
0.9235 -0.459551
0.9245 -0.453962
0.9255 -0.448355
0.9265 -0.442731
0.9275 -0.437088
0.9285 -0.431429
0.9295 -0.425752
0.9305 -0.420059
0.9315 -0.414349
0.9325 -0.408622
0.9335 -0.402878
0.9345 -0.397121
0.9355 -0.391348
0.9365 -0.385562
0.9375 -0.379762
0.9385 -0.37394
0.9395 -0.368101
0.9405 -0.362243
0.9415 -0.356368
0.9425 -0.350493
0.9435 -0.344616
0.9445 -0.338733
0.9455 -0.33284
0.9465 -0.32691
0.9475 -0.320938
0.9485 -0.314938
0.9495 -0.308915
0.9505 -0.302917
0.9515 -0.296966
0.9525 -0.291036
0.9535 -0.285121
0.9545 -0.279155
0.9555 -0.273079
0.9565 -0.266921
0.9575 -0.260686
0.9585 -0.254461
0.9595 -0.248365
0.9605 -0.242377
0.9615 -0.236519
0.9625 -0.230717
0.9635 -0.224761
0.9645 -0.218631
0.9655 -0.212269
0.9665 -0.205677
0.9675 -0.199123
0.9685 -0.192683
0.9695 -0.186509
0.9705 -0.180767
0.9715 -0.175156
0.9725 -0.169617
0.9735 -0.163999
0.9745 -0.157808
0.9755 -0.151231
0.9765 -0.144302
0.9775 -0.136935
0.9785 -0.129829
0.9795 -0.123036
0.9805 -0.116648
0.9815 -0.111233
0.9825 -0.106129
0.9835 -0.101367
0.9845 -0.0969753
0.9855 -0.091677
0.9865 -0.0860851
0.9875 -0.079821
0.9885 -0.0718508
0.9895 -0.0639455
0.9905 -0.0551479
0.9915 -0.0453334
0.9925 -0.0369947
0.9935 -0.0281466
0.9945 -0.0197643
0.9955 -0.0140174
0.9965 -0.0080809
0.9975 -0.00380024
0.9985 -0.00225238
0.9995 0.000327255
