
# time = 0
0.0005 0
0.0015 0
0.0025 0
0.0035 0
0.0045 0
0.0055 0
0.0065 0
0.0075 0
0.0085 0
0.0095 0
0.0105 0
0.0115 0
0.0125 0
0.0135 0
0.0145 0
0.0155 0
0.0165 0
0.0175 0
0.0185 0
0.0195 0
0.0205 0
0.0215 0
0.0225 0
0.0235 0
0.0245 0
0.0255 0
0.0265 0
0.0275 0
0.0285 0
0.0295 0
0.0305 0
0.0315 0
0.0325 0
0.0335 0
0.0345 0
0.0355 0
0.0365 0
0.0375 0
0.0385 0
0.0395 0
0.0405 0
0.0415 0
0.0425 0
0.0435 0
0.0445 0
0.0455 0
0.0465 0
0.0475 0
0.0485 0
0.0495 0
0.0505 0
0.0515 0
0.0525 0
0.0535 0
0.0545 0
0.0555 0
0.0565 0
0.0575 0
0.0585 0
0.0595 0
0.0605 0
0.0615 0
0.0625 0
0.0635 0
0.0645 0
0.0655 0
0.0665 0
0.0675 0
0.0685 0
0.0695 0
0.0705 0
0.0715 0
0.0725 0
0.0735 0
0.0745 0
0.0755 0
0.0765 0
0.0775 0
0.0785 0
0.0795 0
0.0805 0
0.0815 0
0.0825 0
0.0835 0
0.0845 0
0.0855 0
0.0865 0
0.0875 0
0.0885 0
0.0895 0
0.0905 0
0.0915 0
0.0925 0
0.0935 0
0.0945 0
0.0955 0
0.0965 0
0.0975 0
0.0985 0
0.0995 0
0.1005 0
0.1015 0
0.1025 0
0.1035 0
0.1045 0
0.1055 0
0.1065 0
0.1075 0
0.1085 0
0.1095 0
0.1105 0
0.1115 0
0.1125 0
0.1135 0
0.1145 0
0.1155 0
0.1165 0
0.1175 0
0.1185 0
0.1195 0
0.1205 0
0.1215 0
0.1225 0
0.1235 0
0.1245 0
0.1255 0
0.1265 0
0.1275 0
0.1285 0
0.1295 0
0.1305 0
0.1315 0
0.1325 0
0.1335 0
0.1345 0
0.1355 0
0.1365 0
0.1375 0
0.1385 0
0.1395 0
0.1405 0
0.1415 0
0.1425 0
0.1435 0
0.1445 0
0.1455 0
0.1465 0
0.1475 0
0.1485 0
0.1495 0
0.1505 0
0.1515 0
0.1525 0
0.1535 0
0.1545 0
0.1555 0
0.1565 0
0.1575 0
0.1585 0
0.1595 0
0.1605 0
0.1615 0
0.1625 0
0.1635 0
0.1645 0
0.1655 0
0.1665 0
0.1675 0
0.1685 0
0.1695 0
0.1705 0
0.1715 0
0.1725 0
0.1735 0
0.1745 0
0.1755 0
0.1765 0
0.1775 0
0.1785 0
0.1795 0
0.1805 0
0.1815 0
0.1825 0
0.1835 0
0.1845 0
0.1855 0
0.1865 0
0.1875 0
0.1885 0
0.1895 0
0.1905 0
0.1915 0
0.1925 0
0.1935 0
0.1945 0
0.1955 0
0.1965 0
0.1975 0
0.1985 0
0.1995 0
0.2005 0
0.2015 0
0.2025 0
0.2035 0
0.2045 0
0.2055 0
0.2065 0
0.2075 0
0.2085 0
0.2095 0
0.2105 0
0.2115 0
0.2125 0
0.2135 0
0.2145 0
0.2155 0
0.2165 0
0.2175 0
0.2185 0
0.2195 0
0.2205 0
0.2215 0
0.2225 0
0.2235 0
0.2245 0
0.2255 0
0.2265 0
0.2275 0
0.2285 0
0.2295 0
0.2305 0
0.2315 0
0.2325 0
0.2335 0
0.2345 0
0.2355 0
0.2365 0
0.2375 0
0.2385 0
0.2395 0
0.2405 0
0.2415 0
0.2425 0
0.2435 0
0.2445 0
0.2455 0
0.2465 0
0.2475 0
0.2485 0
0.2495 0
0.2505 0
0.2515 0
0.2525 0
0.2535 0
0.2545 0
0.2555 0
0.2565 0
0.2575 0
0.2585 0
0.2595 0
0.2605 0
0.2615 0
0.2625 0
0.2635 0
0.2645 0
0.2655 0
0.2665 0
0.2675 0
0.2685 0
0.2695 0
0.2705 0
0.2715 0
0.2725 0
0.2735 0
0.2745 0
0.2755 0
0.2765 0
0.2775 0
0.2785 0
0.2795 0
0.2805 0
0.2815 0
0.2825 0
0.2835 0
0.2845 0
0.2855 0
0.2865 0
0.2875 0
0.2885 0
0.2895 0
0.2905 0
0.2915 0
0.2925 0
0.2935 0
0.2945 0
0.2955 0
0.2965 0
0.2975 0
0.2985 0
0.2995 0
0.3005 0
0.3015 0
0.3025 0
0.3035 0
0.3045 0
0.3055 0
0.3065 0
0.3075 0
0.3085 0
0.3095 0
0.3105 0
0.3115 0
0.3125 0
0.3135 0
0.3145 0
0.3155 0
0.3165 0
0.3175 0
0.3185 0
0.3195 0
0.3205 0
0.3215 0
0.3225 0
0.3235 0
0.3245 0
0.3255 0
0.3265 0
0.3275 0
0.3285 0
0.3295 0
0.3305 0
0.3315 0
0.3325 0
0.3335 0
0.3345 0
0.3355 0
0.3365 0
0.3375 0
0.3385 0
0.3395 0
0.3405 0
0.3415 0
0.3425 0
0.3435 0
0.3445 0
0.3455 0
0.3465 0
0.3475 0
0.3485 0
0.3495 0
0.3505 0
0.3515 0
0.3525 0
0.3535 0
0.3545 0
0.3555 0
0.3565 0
0.3575 0
0.3585 0
0.3595 0
0.3605 0
0.3615 0
0.3625 0
0.3635 0
0.3645 0
0.3655 0
0.3665 0
0.3675 0
0.3685 0
0.3695 0
0.3705 0
0.3715 0
0.3725 0
0.3735 0
0.3745 0
0.3755 0
0.3765 0
0.3775 0
0.3785 0
0.3795 0
0.3805 0
0.3815 0
0.3825 0
0.3835 0
0.3845 0
0.3855 0
0.3865 0
0.3875 0
0.3885 0
0.3895 0
0.3905 0
0.3915 0
0.3925 0
0.3935 0
0.3945 0
0.3955 0
0.3965 0
0.3975 0
0.3985 0
0.3995 0
0.4005 1
0.4015 1
0.4025 1
0.4035 1
0.4045 1
0.4055 1
0.4065 1
0.4075 1
0.4085 1
0.4095 1
0.4105 1
0.4115 1
0.4125 1
0.4135 1
0.4145 1
0.4155 1
0.4165 1
0.4175 1
0.4185 1
0.4195 1
0.4205 1
0.4215 1
0.4225 1
0.4235 1
0.4245 1
0.4255 1
0.4265 1
0.4275 1
0.4285 1
0.4295 1
0.4305 1
0.4315 1
0.4325 1
0.4335 1
0.4345 1
0.4355 1
0.4365 1
0.4375 1
0.4385 1
0.4395 1
0.4405 1
0.4415 1
0.4425 1
0.4435 1
0.4445 1
0.4455 1
0.4465 1
0.4475 1
0.4485 1
0.4495 1
0.4505 1
0.4515 1
0.4525 1
0.4535 1
0.4545 1
0.4555 1
0.4565 1
0.4575 1
0.4585 1
0.4595 1
0.4605 1
0.4615 1
0.4625 1
0.4635 1
0.4645 1
0.4655 1
0.4665 1
0.4675 1
0.4685 1
0.4695 1
0.4705 1
0.4715 1
0.4725 1
0.4735 1
0.4745 1
0.4755 1
0.4765 1
0.4775 1
0.4785 1
0.4795 1
0.4805 1
0.4815 1
0.4825 1
0.4835 1
0.4845 1
0.4855 1
0.4865 1
0.4875 1
0.4885 1
0.4895 1
0.4905 1
0.4915 1
0.4925 1
0.4935 1
0.4945 1
0.4955 1
0.4965 1
0.4975 1
0.4985 1
0.4995 1
0.5005 1
0.5015 1
0.5025 1
0.5035 1
0.5045 1
0.5055 1
0.5065 1
0.5075 1
0.5085 1
0.5095 1
0.5105 1
0.5115 1
0.5125 1
0.5135 1
0.5145 1
0.5155 1
0.5165 1
0.5175 1
0.5185 1
0.5195 1
0.5205 1
0.5215 1
0.5225 1
0.5235 1
0.5245 1
0.5255 1
0.5265 1
0.5275 1
0.5285 1
0.5295 1
0.5305 1
0.5315 1
0.5325 1
0.5335 1
0.5345 1
0.5355 1
0.5365 1
0.5375 1
0.5385 1
0.5395 1
0.5405 1
0.5415 1
0.5425 1
0.5435 1
0.5445 1
0.5455 1
0.5465 1
0.5475 1
0.5485 1
0.5495 1
0.5505 1
0.5515 1
0.5525 1
0.5535 1
0.5545 1
0.5555 1
0.5565 1
0.5575 1
0.5585 1
0.5595 1
0.5605 1
0.5615 1
0.5625 1
0.5635 1
0.5645 1
0.5655 1
0.5665 1
0.5675 1
0.5685 1
0.5695 1
0.5705 1
0.5715 1
0.5725 1
0.5735 1
0.5745 1
0.5755 1
0.5765 1
0.5775 1
0.5785 1
0.5795 1
0.5805 1
0.5815 1
0.5825 1
0.5835 1
0.5845 1
0.5855 1
0.5865 1
0.5875 1
0.5885 1
0.5895 1
0.5905 1
0.5915 1
0.5925 1
0.5935 1
0.5945 1
0.5955 1
0.5965 1
0.5975 1
0.5985 1
0.5995 1
0.6005 0
0.6015 0
0.6025 0
0.6035 0
0.6045 0
0.6055 0
0.6065 0
0.6075 0
0.6085 0
0.6095 0
0.6105 0
0.6115 0
0.6125 0
0.6135 0
0.6145 0
0.6155 0
0.6165 0
0.6175 0
0.6185 0
0.6195 0
0.6205 0
0.6215 0
0.6225 0
0.6235 0
0.6245 0
0.6255 0
0.6265 0
0.6275 0
0.6285 0
0.6295 0
0.6305 0
0.6315 0
0.6325 0
0.6335 0
0.6345 0
0.6355 0
0.6365 0
0.6375 0
0.6385 0
0.6395 0
0.6405 0
0.6415 0
0.6425 0
0.6435 0
0.6445 0
0.6455 0
0.6465 0
0.6475 0
0.6485 0
0.6495 0
0.6505 0
0.6515 0
0.6525 0
0.6535 0
0.6545 0
0.6555 0
0.6565 0
0.6575 0
0.6585 0
0.6595 0
0.6605 0
0.6615 0
0.6625 0
0.6635 0
0.6645 0
0.6655 0
0.6665 0
0.6675 0
0.6685 0
0.6695 0
0.6705 0
0.6715 0
0.6725 0
0.6735 0
0.6745 0
0.6755 0
0.6765 0
0.6775 0
0.6785 0
0.6795 0
0.6805 0
0.6815 0
0.6825 0
0.6835 0
0.6845 0
0.6855 0
0.6865 0
0.6875 0
0.6885 0
0.6895 0
0.6905 0
0.6915 0
0.6925 0
0.6935 0
0.6945 0
0.6955 0
0.6965 0
0.6975 0
0.6985 0
0.6995 0
0.7005 0
0.7015 0
0.7025 0
0.7035 0
0.7045 0
0.7055 0
0.7065 0
0.7075 0
0.7085 0
0.7095 0
0.7105 0
0.7115 0
0.7125 0
0.7135 0
0.7145 0
0.7155 0
0.7165 0
0.7175 0
0.7185 0
0.7195 0
0.7205 0
0.7215 0
0.7225 0
0.7235 0
0.7245 0
0.7255 0
0.7265 0
0.7275 0
0.7285 0
0.7295 0
0.7305 0
0.7315 0
0.7325 0
0.7335 0
0.7345 0
0.7355 0
0.7365 0
0.7375 0
0.7385 0
0.7395 0
0.7405 0
0.7415 0
0.7425 0
0.7435 0
0.7445 0
0.7455 0
0.7465 0
0.7475 0
0.7485 0
0.7495 0
0.7505 0
0.7515 0
0.7525 0
0.7535 0
0.7545 0
0.7555 0
0.7565 0
0.7575 0
0.7585 0
0.7595 0
0.7605 0
0.7615 0
0.7625 0
0.7635 0
0.7645 0
0.7655 0
0.7665 0
0.7675 0
0.7685 0
0.7695 0
0.7705 0
0.7715 0
0.7725 0
0.7735 0
0.7745 0
0.7755 0
0.7765 0
0.7775 0
0.7785 0
0.7795 0
0.7805 0
0.7815 0
0.7825 0
0.7835 0
0.7845 0
0.7855 0
0.7865 0
0.7875 0
0.7885 0
0.7895 0
0.7905 0
0.7915 0
0.7925 0
0.7935 0
0.7945 0
0.7955 0
0.7965 0
0.7975 0
0.7985 0
0.7995 0
0.8005 0
0.8015 0
0.8025 0
0.8035 0
0.8045 0
0.8055 0
0.8065 0
0.8075 0
0.8085 0
0.8095 0
0.8105 0
0.8115 0
0.8125 0
0.8135 0
0.8145 0
0.8155 0
0.8165 0
0.8175 0
0.8185 0
0.8195 0
0.8205 0
0.8215 0
0.8225 0
0.8235 0
0.8245 0
0.8255 0
0.8265 0
0.8275 0
0.8285 0
0.8295 0
0.8305 0
0.8315 0
0.8325 0
0.8335 0
0.8345 0
0.8355 0
0.8365 0
0.8375 0
0.8385 0
0.8395 0
0.8405 0
0.8415 0
0.8425 0
0.8435 0
0.8445 0
0.8455 0
0.8465 0
0.8475 0
0.8485 0
0.8495 0
0.8505 0
0.8515 0
0.8525 0
0.8535 0
0.8545 0
0.8555 0
0.8565 0
0.8575 0
0.8585 0
0.8595 0
0.8605 0
0.8615 0
0.8625 0
0.8635 0
0.8645 0
0.8655 0
0.8665 0
0.8675 0
0.8685 0
0.8695 0
0.8705 0
0.8715 0
0.8725 0
0.8735 0
0.8745 0
0.8755 0
0.8765 0
0.8775 0
0.8785 0
0.8795 0
0.8805 0
0.8815 0
0.8825 0
0.8835 0
0.8845 0
0.8855 0
0.8865 0
0.8875 0
0.8885 0
0.8895 0
0.8905 0
0.8915 0
0.8925 0
0.8935 0
0.8945 0
0.8955 0
0.8965 0
0.8975 0
0.8985 0
0.8995 0
0.9005 0
0.9015 0
0.9025 0
0.9035 0
0.9045 0
0.9055 0
0.9065 0
0.9075 0
0.9085 0
0.9095 0
0.9105 0
0.9115 0
0.9125 0
0.9135 0
0.9145 0
0.9155 0
0.9165 0
0.9175 0
0.9185 0
0.9195 0
0.9205 0
0.9215 0
0.9225 0
0.9235 0
0.9245 0
0.9255 0
0.9265 0
0.9275 0
0.9285 0
0.9295 0
0.9305 0
0.9315 0
0.9325 0
0.9335 0
0.9345 0
0.9355 0
0.9365 0
0.9375 0
0.9385 0
0.9395 0
0.9405 0
0.9415 0
0.9425 0
0.9435 0
0.9445 0
0.9455 0
0.9465 0
0.9475 0
0.9485 0
0.9495 0
0.9505 0
0.9515 0
0.9525 0
0.9535 0
0.9545 0
0.9555 0
0.9565 0
0.9575 0
0.9585 0
0.9595 0
0.9605 0
0.9615 0
0.9625 0
0.9635 0
0.9645 0
0.9655 0
0.9665 0
0.9675 0
0.9685 0
0.9695 0
0.9705 0
0.9715 0
0.9725 0
0.9735 0
0.9745 0
0.9755 0
0.9765 0
0.9775 0
0.9785 0
0.9795 0
0.9805 0
0.9815 0
0.9825 0
0.9835 0
0.9845 0
0.9855 0
0.9865 0
0.9875 0
0.9885 0
0.9895 0
0.9905 0
0.9915 0
0.9925 0
0.9935 0
0.9945 0
0.9955 0
0.9965 0
0.9975 0
0.9985 0
0.9995 0

# time = 0.25
0.0005 0
0.0015 0
0.0025 0
0.0035 0
0.0045 0
0.0055 0
0.0065 0
0.0075 0
0.0085 0
0.0095 0
0.0105 0
0.0115 0
0.0125 0
0.0135 0
0.0145 0
0.0155 0
0.0165 0
0.0175 0
0.0185 0
0.0195 0
0.0205 0
0.0215 0
0.0225 0
0.0235 0
0.0245 0
0.0255 0
0.0265 0
0.0275 0
0.0285 0
0.0295 0
0.0305 0
0.0315 0
0.0325 0
0.0335 0
0.0345 0
0.0355 0
0.0365 0
0.0375 0
0.0385 0
0.0395 0
0.0405 0
0.0415 0
0.0425 0
0.0435 0
0.0445 0
0.0455 0
0.0465 0
0.0475 0
0.0485 0
0.0495 0
0.0505 0
0.0515 0
0.0525 0
0.0535 0
0.0545 0
0.0555 0
0.0565 0
0.0575 0
0.0585 0
0.0595 0
0.0605 0
0.0615 0
0.0625 0
0.0635 0
0.0645 0
0.0655 0
0.0665 0
0.0675 0
0.0685 0
0.0695 0
0.0705 0
0.0715 0
0.0725 0
0.0735 0
0.0745 0
0.0755 0
0.0765 0
0.0775 0
0.0785 0
0.0795 0
0.0805 0
0.0815 0
0.0825 0
0.0835 0
0.0845 0
0.0855 0
0.0865 0
0.0875 0
0.0885 0
0.0895 0
0.0905 0
0.0915 0
0.0925 0
0.0935 0
0.0945 0
0.0955 0
0.0965 0
0.0975 0
0.0985 0
0.0995 0
0.1005 0
0.1015 0
0.1025 0
0.1035 0
0.1045 0
0.1055 0
0.1065 0
0.1075 0
0.1085 0
0.1095 0
0.1105 0
0.1115 0
0.1125 0
0.1135 0
0.1145 0
0.1155 0
0.1165 0
0.1175 0
0.1185 0
0.1195 0
0.1205 0
0.1215 0
0.1225 0
0.1235 0
0.1245 0
0.1255 0
0.1265 0
0.1275 0
0.1285 0
0.1295 0
0.1305 0
0.1315 0
0.1325 0
0.1335 0
0.1345 0
0.1355 0
0.1365 0
0.1375 0
0.1385 0
0.1395 7.56076e-10
0.1405 3.18392e-08
0.1415 6.34768e-07
0.1425 7.96227e-06
0.1435 7.0431e-05
0.1445 0.000466646
0.1455 0.00240071
0.1465 0.00980925
0.1475 0.0322876
0.1485 0.0863355
0.1495 0.188348
0.1505 0.335636
0.1515 0.487883
0.1525 0.558637
0.1535 0.537341
0.1545 0.508869
0.1555 0.501644
0.1565 0.500236
0.1575 0.500026
0.1585 0.500002
0.1595 0.5
0.1605 0.5
0.1615 0.5
0.1625 0.5
0.1635 0.5
0.1645 0.5
0.1655 0.5
0.1665 0.5
0.1675 0.5
0.1685 0.5
0.1695 0.5
0.1705 0.5
0.1715 0.5
0.1725 0.5
0.1735 0.5
0.1745 0.5
0.1755 0.5
0.1765 0.5
0.1775 0.5
0.1785 0.5
0.1795 0.5
0.1805 0.5
0.1815 0.5
0.1825 0.5
0.1835 0.5
0.1845 0.5
0.1855 0.5
0.1865 0.5
0.1875 0.5
0.1885 0.5
0.1895 0.5
0.1905 0.5
0.1915 0.5
0.1925 0.5
0.1935 0.5
0.1945 0.5
0.1955 0.5
0.1965 0.5
0.1975 0.5
0.1985 0.5
0.1995 0.5
0.2005 0.5
0.2015 0.5
0.2025 0.5
0.2035 0.5
0.2045 0.5
0.2055 0.5
0.2065 0.5
0.2075 0.5
0.2085 0.5
0.2095 0.5
0.2105 0.5
0.2115 0.5
0.2125 0.5
0.2135 0.5
0.2145 0.5
0.2155 0.5
0.2165 0.5
0.2175 0.5
0.2185 0.5
0.2195 0.5
0.2205 0.5
0.2215 0.5
0.2225 0.5
0.2235 0.5
0.2245 0.5
0.2255 0.5
0.2265 0.5
0.2275 0.5
0.2285 0.5
0.2295 0.5
0.2305 0.5
0.2315 0.5
0.2325 0.5
0.2335 0.5
0.2345 0.5
0.2355 0.5
0.2365 0.5
0.2375 0.5
0.2385 0.5
0.2395 0.5
0.2405 0.5
0.2415 0.5
0.2425 0.5
0.2435 0.5
0.2445 0.5
0.2455 0.5
0.2465 0.5
0.2475 0.5
0.2485 0.5
0.2495 0.5
0.2505 0.5
0.2515 0.5
0.2525 0.5
0.2535 0.5
0.2545 0.5
0.2555 0.5
0.2565 0.5
0.2575 0.5
0.2585 0.5
0.2595 0.5
0.2605 0.5
0.2615 0.5
0.2625 0.5
0.2635 0.5
0.2645 0.5
0.2655 0.5
0.2665 0.5
0.2675 0.5
0.2685 0.5
0.2695 0.5
0.2705 0.5
0.2715 0.5
0.2725 0.5
0.2735 0.5
0.2745 0.5
0.2755 0.5
0.2765 0.5
0.2775 0.5
0.2785 0.5
0.2795 0.5
0.2805 0.5
0.2815 0.5
0.2825 0.5
0.2835 0.5
0.2845 0.5
0.2855 0.5
0.2865 0.5
0.2875 0.5
0.2885 0.5
0.2895 0.5
0.2905 0.5
0.2915 0.5
0.2925 0.5
0.2935 0.5
0.2945 0.5
0.2955 0.5
0.2965 0.5
0.2975 0.5
0.2985 0.5
0.2995 0.5
0.3005 0.5
0.3015 0.5
0.3025 0.5
0.3035 0.5
0.3045 0.5
0.3055 0.5
0.3065 0.5
0.3075 0.5
0.3085 0.5
0.3095 0.5
0.3105 0.5
0.3115 0.5
0.3125 0.5
0.3135 0.5
0.3145 0.5
0.3155 0.5
0.3165 0.5
0.3175 0.5
0.3185 0.5
0.3195 0.5
0.3205 0.5
0.3215 0.5
0.3225 0.5
0.3235 0.5
0.3245 0.5
0.3255 0.5
0.3265 0.5
0.3275 0.5
0.3285 0.5
0.3295 0.5
0.3305 0.5
0.3315 0.5
0.3325 0.5
0.3335 0.5
0.3345 0.5
0.3355 0.5
0.3365 0.5
0.3375 0.5
0.3385 0.5
0.3395 0.5
0.3405 0.500002
0.3415 0.500026
0.3425 0.500236
0.3435 0.501644
0.3445 0.508869
0.3455 0.537341
0.3465 0.558637
0.3475 0.487883
0.3485 0.335636
0.3495 0.188348
0.3505 0.0863355
0.3515 0.0322876
0.3525 0.00980925
0.3535 0.00240071
0.3545 0.000466646
0.3555 7.0431e-05
0.3565 7.96227e-06
0.3575 6.34768e-07
0.3585 3.18392e-08
0.3595 7.56076e-10
0.3605 0
0.3615 0
0.3625 0
0.3635 0
0.3645 0
0.3655 0
0.3665 0
0.3675 0
0.3685 0
0.3695 0
0.3705 0
0.3715 0
0.3725 0
0.3735 0
0.3745 0
0.3755 0
0.3765 0
0.3775 0
0.3785 0
0.3795 0
0.3805 0
0.3815 0
0.3825 0
0.3835 0
0.3845 0
0.3855 0
0.3865 0
0.3875 0
0.3885 0
0.3895 0
0.3905 0
0.3915 0
0.3925 0
0.3935 0
0.3945 0
0.3955 0
0.3965 0
0.3975 0
0.3985 0
0.3995 0
0.4005 0
0.4015 0
0.4025 0
0.4035 0
0.4045 0
0.4055 0
0.4065 0
0.4075 0
0.4085 0
0.4095 0
0.4105 0
0.4115 0
0.4125 0
0.4135 0
0.4145 0
0.4155 0
0.4165 0
0.4175 0
0.4185 0
0.4195 0
0.4205 0
0.4215 0
0.4225 0
0.4235 0
0.4245 0
0.4255 0
0.4265 0
0.4275 0
0.4285 0
0.4295 0
0.4305 0
0.4315 0
0.4325 0
0.4335 0
0.4345 0
0.4355 0
0.4365 0
0.4375 0
0.4385 0
0.4395 0
0.4405 0
0.4415 0
0.4425 0
0.4435 0
0.4445 0
0.4455 0
0.4465 0
0.4475 0
0.4485 0
0.4495 0
0.4505 0
0.4515 0
0.4525 0
0.4535 0
0.4545 0
0.4555 0
0.4565 0
0.4575 0
0.4585 0
0.4595 0
0.4605 0
0.4615 0
0.4625 0
0.4635 0
0.4645 0
0.4655 0
0.4665 0
0.4675 0
0.4685 0
0.4695 0
0.4705 0
0.4715 0
0.4725 0
0.4735 0
0.4745 0
0.4755 0
0.4765 0
0.4775 0
0.4785 0
0.4795 0
0.4805 0
0.4815 0
0.4825 0
0.4835 0
0.4845 0
0.4855 0
0.4865 0
0.4875 0
0.4885 0
0.4895 0
0.4905 0
0.4915 0
0.4925 0
0.4935 0
0.4945 0
0.4955 0
0.4965 0
0.4975 0
0.4985 0
0.4995 0
0.5005 0
0.5015 0
0.5025 0
0.5035 0
0.5045 0
0.5055 0
0.5065 0
0.5075 0
0.5085 0
0.5095 0
0.5105 0
0.5115 0
0.5125 0
0.5135 0
0.5145 0
0.5155 0
0.5165 0
0.5175 0
0.5185 0
0.5195 0
0.5205 0
0.5215 0
0.5225 0
0.5235 0
0.5245 0
0.5255 0
0.5265 0
0.5275 0
0.5285 0
0.5295 0
0.5305 0
0.5315 0
0.5325 0
0.5335 0
0.5345 0
0.5355 0
0.5365 0
0.5375 0
0.5385 0
0.5395 0
0.5405 0
0.5415 0
0.5425 0
0.5435 0
0.5445 0
0.5455 0
0.5465 0
0.5475 0
0.5485 0
0.5495 0
0.5505 0
0.5515 0
0.5525 0
0.5535 0
0.5545 0
0.5555 0
0.5565 0
0.5575 0
0.5585 0
0.5595 0
0.5605 0
0.5615 0
0.5625 0
0.5635 0
0.5645 0
0.5655 0
0.5665 0
0.5675 0
0.5685 0
0.5695 0
0.5705 0
0.5715 0
0.5725 0
0.5735 0
0.5745 0
0.5755 0
0.5765 0
0.5775 0
0.5785 0
0.5795 0
0.5805 0
0.5815 0
0.5825 0
0.5835 0
0.5845 0
0.5855 0
0.5865 0
0.5875 0
0.5885 0
0.5895 0
0.5905 0
0.5915 0
0.5925 0
0.5935 0
0.5945 0
0.5955 0
0.5965 0
0.5975 0
0.5985 0
0.5995 0
0.6005 0
0.6015 0
0.6025 0
0.6035 0
0.6045 0
0.6055 0
0.6065 0
0.6075 0
0.6085 0
0.6095 0
0.6105 0
0.6115 0
0.6125 0
0.6135 0
0.6145 0
0.6155 0
0.6165 0
0.6175 0
0.6185 0
0.6195 0
0.6205 0
0.6215 0
0.6225 0
0.6235 0
0.6245 0
0.6255 0
0.6265 0
0.6275 0
0.6285 0
0.6295 0
0.6305 0
0.6315 0
0.6325 0
0.6335 0
0.6345 0
0.6355 0
0.6365 0
0.6375 0
0.6385 0
0.6395 7.56076e-10
0.6405 3.18392e-08
0.6415 6.34768e-07
0.6425 7.96227e-06
0.6435 7.0431e-05
0.6445 0.000466646
0.6455 0.00240071
0.6465 0.00980925
0.6475 0.0322876
0.6485 0.0863355
0.6495 0.188348
0.6505 0.335636
0.6515 0.487883
0.6525 0.558637
0.6535 0.537341
0.6545 0.508869
0.6555 0.501644
0.6565 0.500236
0.6575 0.500026
0.6585 0.500002
0.6595 0.5
0.6605 0.5
0.6615 0.5
0.6625 0.5
0.6635 0.5
0.6645 0.5
0.6655 0.5
0.6665 0.5
0.6675 0.5
0.6685 0.5
0.6695 0.5
0.6705 0.5
0.6715 0.5
0.6725 0.5
0.6735 0.5
0.6745 0.5
0.6755 0.5
0.6765 0.5
0.6775 0.5
0.6785 0.5
0.6795 0.5
0.6805 0.5
0.6815 0.5
0.6825 0.5
0.6835 0.5
0.6845 0.5
0.6855 0.5
0.6865 0.5
0.6875 0.5
0.6885 0.5
0.6895 0.5
0.6905 0.5
0.6915 0.5
0.6925 0.5
0.6935 0.5
0.6945 0.5
0.6955 0.5
0.6965 0.5
0.6975 0.5
0.6985 0.5
0.6995 0.5
0.7005 0.5
0.7015 0.5
0.7025 0.5
0.7035 0.5
0.7045 0.5
0.7055 0.5
0.7065 0.5
0.7075 0.5
0.7085 0.5
0.7095 0.5
0.7105 0.5
0.7115 0.5
0.7125 0.5
0.7135 0.5
0.7145 0.5
0.7155 0.5
0.7165 0.5
0.7175 0.5
0.7185 0.5
0.7195 0.5
0.7205 0.5
0.7215 0.5
0.7225 0.5
0.7235 0.5
0.7245 0.5
0.7255 0.5
0.7265 0.5
0.7275 0.5
0.7285 0.5
0.7295 0.5
0.7305 0.5
0.7315 0.5
0.7325 0.5
0.7335 0.5
0.7345 0.5
0.7355 0.5
0.7365 0.5
0.7375 0.5
0.7385 0.5
0.7395 0.5
0.7405 0.5
0.7415 0.5
0.7425 0.5
0.7435 0.5
0.7445 0.5
0.7455 0.5
0.7465 0.5
0.7475 0.5
0.7485 0.5
0.7495 0.5
0.7505 0.5
0.7515 0.5
0.7525 0.5
0.7535 0.5
0.7545 0.5
0.7555 0.5
0.7565 0.5
0.7575 0.5
0.7585 0.5
0.7595 0.5
0.7605 0.5
0.7615 0.5
0.7625 0.5
0.7635 0.5
0.7645 0.5
0.7655 0.5
0.7665 0.5
0.7675 0.5
0.7685 0.5
0.7695 0.5
0.7705 0.5
0.7715 0.5
0.7725 0.5
0.7735 0.5
0.7745 0.5
0.7755 0.5
0.7765 0.5
0.7775 0.5
0.7785 0.5
0.7795 0.5
0.7805 0.5
0.7815 0.5
0.7825 0.5
0.7835 0.5
0.7845 0.5
0.7855 0.5
0.7865 0.5
0.7875 0.5
0.7885 0.5
0.7895 0.5
0.7905 0.5
0.7915 0.5
0.7925 0.5
0.7935 0.5
0.7945 0.5
0.7955 0.5
0.7965 0.5
0.7975 0.5
0.7985 0.5
0.7995 0.5
0.8005 0.5
0.8015 0.5
0.8025 0.5
0.8035 0.5
0.8045 0.5
0.8055 0.5
0.8065 0.5
0.8075 0.5
0.8085 0.5
0.8095 0.5
0.8105 0.5
0.8115 0.5
0.8125 0.5
0.8135 0.5
0.8145 0.5
0.8155 0.5
0.8165 0.5
0.8175 0.5
0.8185 0.5
0.8195 0.5
0.8205 0.5
0.8215 0.5
0.8225 0.5
0.8235 0.5
0.8245 0.5
0.8255 0.5
0.8265 0.5
0.8275 0.5
0.8285 0.5
0.8295 0.5
0.8305 0.5
0.8315 0.5
0.8325 0.5
0.8335 0.5
0.8345 0.5
0.8355 0.5
0.8365 0.5
0.8375 0.5
0.8385 0.5
0.8395 0.5
0.8405 0.500002
0.8415 0.500026
0.8425 0.500236
0.8435 0.501644
0.8445 0.508869
0.8455 0.537341
0.8465 0.558637
0.8475 0.487883
0.8485 0.335636
0.8495 0.188348
0.8505 0.0863355
0.8515 0.0322876
0.8525 0.00980925
0.8535 0.00240071
0.8545 0.000466646
0.8555 7.0431e-05
0.8565 7.96227e-06
0.8575 6.34768e-07
0.8585 3.18392e-08
0.8595 7.56076e-10
0.8605 0
0.8615 0
0.8625 0
0.8635 0
0.8645 0
0.8655 0
0.8665 0
0.8675 0
0.8685 0
0.8695 0
0.8705 0
0.8715 0
0.8725 0
0.8735 0
0.8745 0
0.8755 0
0.8765 0
0.8775 0
0.8785 0
0.8795 0
0.8805 0
0.8815 0
0.8825 0
0.8835 0
0.8845 0
0.8855 0
0.8865 0
0.8875 0
0.8885 0
0.8895 0
0.8905 0
0.8915 0
0.8925 0
0.8935 0
0.8945 0
0.8955 0
0.8965 0
0.8975 0
0.8985 0
0.8995 0
0.9005 0
0.9015 0
0.9025 0
0.9035 0
0.9045 0
0.9055 0
0.9065 0
0.9075 0
0.9085 0
0.9095 0
0.9105 0
0.9115 0
0.9125 0
0.9135 0
0.9145 0
0.9155 0
0.9165 0
0.9175 0
0.9185 0
0.9195 0
0.9205 0
0.9215 0
0.9225 0
0.9235 0
0.9245 0
0.9255 0
0.9265 0
0.9275 0
0.9285 0
0.9295 0
0.9305 0
0.9315 0
0.9325 0
0.9335 0
0.9345 0
0.9355 0
0.9365 0
0.9375 0
0.9385 0
0.9395 0
0.9405 0
0.9415 0
0.9425 0
0.9435 0
0.9445 0
0.9455 0
0.9465 0
0.9475 0
0.9485 0
0.9495 0
0.9505 0
0.9515 0
0.9525 0
0.9535 0
0.9545 0
0.9555 0
0.9565 0
0.9575 0
0.9585 0
0.9595 0
0.9605 0
0.9615 0
0.9625 0
0.9635 0
0.9645 0
0.9655 0
0.9665 0
0.9675 0
0.9685 0
0.9695 0
0.9705 0
0.9715 0
0.9725 0
0.9735 0
0.9745 0
0.9755 0
0.9765 0
0.9775 0
0.9785 0
0.9795 0
0.9805 0
0.9815 0
0.9825 0
0.9835 0
0.9845 0
0.9855 0
0.9865 0
0.9875 0
0.9885 0
0.9895 0
0.9905 0
0.9915 0
0.9925 0
0.9935 0
0.9945 0
0.9955 0
0.9965 0
0.9975 0
0.9985 0
0.9995 0

# time = 0.5
0.0005 0.999846
0.0015 0.999947
0.0025 1.00007
0.0035 1.00004
0.0045 0.999991
0.0055 0.999996
0.0065 1
0.0075 1
0.0085 0.999997
0.0095 0.99999
0.0105 1.00003
0.0115 1.0001
0.0125 1.00011
0.0135 1.00003
0.0145 0.999925
0.0155 0.999926
0.0165 1
0.0175 1.00002
0.0185 0.999998
0.0195 0.999995
0.0205 0.999989
0.0215 0.999987
0.0225 1.00009
0.0235 1.00003
0.0245 0.999645
0.0255 0.999407
0.0265 0.99966
0.0275 1.00015
0.0285 1.00023
0.0295 1.00003
0.0305 0.999981
0.0315 0.999986
0.0325 0.999995
0.0335 0.999994
0.0345 1.00002
0.0355 1.0002
0.0365 1.00043
0.0375 1.00039
0.0385 1.00013
0.0395 0.99993
0.0405 0.999885
0.0415 0.999987
0.0425 1.00003
0.0435 0.999942
0.0445 0.999904
0.0455 0.999989
0.0465 1.00026
0.0475 1.00091
0.0485 1.00023
0.0495 0.997828
0.0505 0.996373
0.0515 0.997113
0.0525 0.999742
0.0535 1.00152
0.0545 1.00096
0.0555 1.00015
0.0565 0.999942
0.0575 0.999934
0.0585 1.00001
0.0595 1.00019
0.0605 1.00055
0.0615 1.00058
0.0625 1.00014
0.0635 0.999921
0.0645 1.00012
0.0655 1.00031
0.0665 1.00007
0.0675 0.999633
0.0685 0.999458
0.0695 0.99995
0.0705 1.00183
0.0715 1.00545
0.0725 1.0048
0.0735 0.995159
0.0745 0.982733
0.0755 0.974957
0.0765 0.973395
0.0775 0.978229
0.0785 0.990856
0.0795 1.00469
0.0805 1.00695
0.0815 1.00229
0.0825 1.00079
0.0835 1.00055
0.0845 0.999578
0.0855 0.998192
0.0865 0.997637
0.0875 0.998195
0.0885 0.999578
0.0895 1.00046
0.0905 1.00058
0.0915 1.00159
0.0925 1.00604
0.0935 1.02058
0.0945 1.0632
0.0955 1.12686
0.0965 1.07826
0.0975 0.87115
0.0985 0.618619
0.0995 0.390819
0.1005 0.219804
0.1015 0.10995
0.1025 0.0489152
0.1035 0.0193857
0.1045 0.00685629
0.1055 0.00216534
0.1065 0.000610153
0.1075 0.000153111
0.1085 3.41193e-05
0.1095 6.72553e-06
0.1105 1.16665e-06
0.1115 1.76897e-07
0.1125 2.32404e-08
0.1135 2.61533e-09
0.1145 2.48405e-10
0.1155 1.95469e-11
0.1165 1.24206e-12
0.1175 6.245e-14
0.1185 6.93889e-15
0.1195 0
0.1205 0
0.1215 0
0.1225 0
0.1235 0
0.1245 0
0.1255 0
0.1265 0
0.1275 0
0.1285 0
0.1295 0
0.1305 0
0.1315 0
0.1325 0
0.1335 0
0.1345 0
0.1355 0
0.1365 0
0.1375 0
0.1385 0
0.1395 0
0.1405 0
0.1415 0
0.1425 0
0.1435 0
0.1445 0
0.1455 0
0.1465 0
0.1475 0
0.1485 0
0.1495 0
0.1505 0
0.1515 0
0.1525 0
0.1535 0
0.1545 0
0.1555 0
0.1565 0
0.1575 0
0.1585 0
0.1595 0
0.1605 0
0.1615 0
0.1625 0
0.1635 0
0.1645 0
0.1655 0
0.1665 0
0.1675 0
0.1685 0
0.1695 0
0.1705 0
0.1715 0
0.1725 0
0.1735 0
0.1745 0
0.1755 0
0.1765 0
0.1775 0
0.1785 0
0.1795 0
0.1805 0
0.1815 0
0.1825 0
0.1835 0
0.1845 0
0.1855 0
0.1865 0
0.1875 0
0.1885 0
0.1895 0
0.1905 0
0.1915 0
0.1925 0
0.1935 0
0.1945 0
0.1955 0
0.1965 0
0.1975 0
0.1985 0
0.1995 0
0.2005 0
0.2015 0
0.2025 0
0.2035 0
0.2045 0
0.2055 0
0.2065 0
0.2075 0
0.2085 0
0.2095 0
0.2105 0
0.2115 0
0.2125 0
0.2135 0
0.2145 0
0.2155 0
0.2165 0
0.2175 0
0.2185 0
0.2195 0
0.2205 0
0.2215 0
0.2225 0
0.2235 0
0.2245 0
0.2255 0
0.2265 0
0.2275 0
0.2285 0
0.2295 0
0.2305 0
0.2315 0
0.2325 0
0.2335 0
0.2345 0
0.2355 0
0.2365 0
0.2375 0
0.2385 0
0.2395 0
0.2405 0
0.2415 0
0.2425 0
0.2435 0
0.2445 0
0.2455 0
0.2465 0
0.2475 0
0.2485 0
0.2495 0
0.2505 0
0.2515 0
0.2525 0
0.2535 0
0.2545 0
0.2555 0
0.2565 0
0.2575 0
0.2585 0
0.2595 0
0.2605 0
0.2615 0
0.2625 0
0.2635 0
0.2645 0
0.2655 0
0.2665 0
0.2675 0
0.2685 0
0.2695 0
0.2705 0
0.2715 0
0.2725 0
0.2735 0
0.2745 0
0.2755 0
0.2765 0
0.2775 0
0.2785 0
0.2795 0
0.2805 0
0.2815 0
0.2825 0
0.2835 0
0.2845 0
0.2855 0
0.2865 0
0.2875 0
0.2885 0
0.2895 0
0.2905 0
0.2915 0
0.2925 0
0.2935 0
0.2945 0
0.2955 0
0.2965 0
0.2975 0
0.2985 0
0.2995 0
0.3005 0
0.3015 0
0.3025 0
0.3035 0
0.3045 0
0.3055 0
0.3065 0
0.3075 0
0.3085 0
0.3095 0
0.3105 0
0.3115 0
0.3125 0
0.3135 0
0.3145 0
0.3155 0
0.3165 0
0.3175 0
0.3185 0
0.3195 0
0.3205 0
0.3215 0
0.3225 0
0.3235 0
0.3245 0
0.3255 0
0.3265 0
0.3275 0
0.3285 0
0.3295 0
0.3305 0
0.3315 0
0.3325 0
0.3335 0
0.3345 0
0.3355 0
0.3365 0
0.3375 0
0.3385 0
0.3395 0
0.3405 0
0.3415 0
0.3425 0
0.3435 0
0.3445 0
0.3455 0
0.3465 0
0.3475 0
0.3485 0
0.3495 0
0.3505 0
0.3515 0
0.3525 0
0.3535 0
0.3545 0
0.3555 0
0.3565 0
0.3575 0
0.3585 0
0.3595 0
0.3605 0
0.3615 0
0.3625 0
0.3635 0
0.3645 0
0.3655 0
0.3665 0
0.3675 0
0.3685 0
0.3695 0
0.3705 0
0.3715 0
0.3725 0
0.3735 0
0.3745 0
0.3755 0
0.3765 0
0.3775 0
0.3785 0
0.3795 0
0.3805 0
0.3815 0
0.3825 0
0.3835 0
0.3845 0
0.3855 0
0.3865 0
0.3875 0
0.3885 0
0.3895 0
0.3905 0
0.3915 0
0.3925 0
0.3935 0
0.3945 0
0.3955 0
0.3965 0
0.3975 0
0.3985 0
0.3995 0
0.4005 0
0.4015 0
0.4025 0
0.4035 0
0.4045 0
0.4055 0
0.4065 0
0.4075 0
0.4085 0
0.4095 0
0.4105 0
0.4115 0
0.4125 0
0.4135 0
0.4145 0
0.4155 0
0.4165 0
0.4175 0
0.4185 0
0.4195 0
0.4205 0
0.4215 0
0.4225 0
0.4235 0
0.4245 0
0.4255 0
0.4265 0
0.4275 0
0.4285 0
0.4295 0
0.4305 0
0.4315 0
0.4325 0
0.4335 0
0.4345 0
0.4355 0
0.4365 0
0.4375 0
0.4385 0
0.4395 0
0.4405 0
0.4415 0
0.4425 0
0.4435 0
0.4445 0
0.4455 0
0.4465 0
0.4475 0
0.4485 0
0.4495 0
0.4505 0
0.4515 0
0.4525 0
0.4535 0
0.4545 0
0.4555 0
0.4565 0
0.4575 0
0.4585 0
0.4595 0
0.4605 0
0.4615 0
0.4625 0
0.4635 0
0.4645 0
0.4655 0
0.4665 0
0.4675 0
0.4685 0
0.4695 0
0.4705 0
0.4715 0
0.4725 0
0.4735 0
0.4745 0
0.4755 0
0.4765 0
0.4775 0
0.4785 0
0.4795 0
0.4805 0
0.4815 0
0.4825 0
0.4835 0
0.4845 0
0.4855 0
0.4865 0
0.4875 0
0.4885 0
0.4895 0
0.4905 0
0.4915 0
0.4925 0
0.4935 0
0.4945 0
0.4955 0
0.4965 0
0.4975 0
0.4985 0
0.4995 0
0.5005 0
0.5015 0
0.5025 0
0.5035 0
0.5045 0
0.5055 0
0.5065 0
0.5075 0
0.5085 0
0.5095 0
0.5105 0
0.5115 0
0.5125 0
0.5135 0
0.5145 0
0.5155 0
0.5165 0
0.5175 0
0.5185 0
0.5195 0
0.5205 0
0.5215 0
0.5225 0
0.5235 0
0.5245 0
0.5255 0
0.5265 0
0.5275 0
0.5285 0
0.5295 0
0.5305 0
0.5315 0
0.5325 0
0.5335 0
0.5345 0
0.5355 0
0.5365 0
0.5375 0
0.5385 0
0.5395 0
0.5405 0
0.5415 0
0.5425 0
0.5435 0
0.5445 0
0.5455 0
0.5465 0
0.5475 0
0.5485 0
0.5495 0
0.5505 0
0.5515 0
0.5525 0
0.5535 0
0.5545 0
0.5555 0
0.5565 0
0.5575 0
0.5585 0
0.5595 0
0.5605 0
0.5615 0
0.5625 0
0.5635 0
0.5645 0
0.5655 0
0.5665 0
0.5675 0
0.5685 0
0.5695 0
0.5705 0
0.5715 0
0.5725 0
0.5735 0
0.5745 0
0.5755 0
0.5765 0
0.5775 0
0.5785 0
0.5795 0
0.5805 0
0.5815 0
0.5825 0
0.5835 0
0.5845 0
0.5855 0
0.5865 0
0.5875 0
0.5885 0
0.5895 0
0.5905 0
0.5915 0
0.5925 0
0.5935 0
0.5945 0
0.5955 0
0.5965 0
0.5975 0
0.5985 0
0.5995 0
0.6005 0
0.6015 0
0.6025 0
0.6035 0
0.6045 0
0.6055 0
0.6065 0
0.6075 0
0.6085 0
0.6095 0
0.6105 0
0.6115 0
0.6125 0
0.6135 0
0.6145 0
0.6155 0
0.6165 0
0.6175 0
0.6185 0
0.6195 0
0.6205 0
0.6215 0
0.6225 0
0.6235 0
0.6245 0
0.6255 0
0.6265 0
0.6275 0
0.6285 0
0.6295 0
0.6305 0
0.6315 0
0.6325 0
0.6335 0
0.6345 0
0.6355 0
0.6365 0
0.6375 0
0.6385 0
0.6395 0
0.6405 0
0.6415 0
0.6425 0
0.6435 0
0.6445 0
0.6455 0
0.6465 0
0.6475 0
0.6485 0
0.6495 0
0.6505 0
0.6515 0
0.6525 0
0.6535 0
0.6545 0
0.6555 0
0.6565 0
0.6575 0
0.6585 0
0.6595 0
0.6605 0
0.6615 0
0.6625 0
0.6635 0
0.6645 0
0.6655 0
0.6665 0
0.6675 0
0.6685 0
0.6695 0
0.6705 0
0.6715 0
0.6725 0
0.6735 0
0.6745 0
0.6755 0
0.6765 0
0.6775 0
0.6785 0
0.6795 0
0.6805 0
0.6815 0
0.6825 0
0.6835 0
0.6845 0
0.6855 0
0.6865 0
0.6875 0
0.6885 0
0.6895 0
0.6905 0
0.6915 0
0.6925 0
0.6935 0
0.6945 0
0.6955 0
0.6965 0
0.6975 0
0.6985 0
0.6995 0
0.7005 0
0.7015 0
0.7025 0
0.7035 0
0.7045 0
0.7055 0
0.7065 0
0.7075 0
0.7085 0
0.7095 0
0.7105 0
0.7115 0
0.7125 0
0.7135 0
0.7145 0
0.7155 0
0.7165 0
0.7175 0
0.7185 0
0.7195 0
0.7205 0
0.7215 0
0.7225 0
0.7235 0
0.7245 0
0.7255 0
0.7265 0
0.7275 0
0.7285 0
0.7295 0
0.7305 0
0.7315 0
0.7325 0
0.7335 0
0.7345 0
0.7355 0
0.7365 0
0.7375 0
0.7385 0
0.7395 0
0.7405 0
0.7415 0
0.7425 0
0.7435 0
0.7445 0
0.7455 0
0.7465 0
0.7475 0
0.7485 0
0.7495 0
0.7505 0
0.7515 0
0.7525 0
0.7535 0
0.7545 0
0.7555 0
0.7565 0
0.7575 0
0.7585 0
0.7595 0
0.7605 0
0.7615 0
0.7625 0
0.7635 0
0.7645 0
0.7655 0
0.7665 0
0.7675 0
0.7685 0
0.7695 0
0.7705 0
0.7715 0
0.7725 0
0.7735 0
0.7745 0
0.7755 0
0.7765 0
0.7775 0
0.7785 0
0.7795 0
0.7805 0
0.7815 0
0.7825 0
0.7835 0
0.7845 0
0.7855 0
0.7865 0
0.7875 0
0.7885 0
0.7895 0
0.7905 0
0.7915 0
0.7925 0
0.7935 0
0.7945 0
0.7955 0
0.7965 0
0.7975 0
0.7985 0
0.7995 0
0.8005 0
0.8015 0
0.8025 0
0.8035 0
0.8045 0
0.8055 0
0.8065 0
0.8075 0
0.8085 0
0.8095 0
0.8105 0
0.8115 0
0.8125 0
0.8135 0
0.8145 0
0.8155 0
0.8165 0
0.8175 0
0.8185 0
0.8195 0
0.8205 0
0.8215 0
0.8225 0
0.8235 0
0.8245 0
0.8255 0
0.8265 0
0.8275 0
0.8285 0
0.8295 0
0.8305 0
0.8315 0
0.8325 0
0.8335 0
0.8345 0
0.8355 0
0.8365 0
0.8375 0
0.8385 0
0.8395 0
0.8405 0
0.8415 0
0.8425 0
0.8435 0
0.8445 0
0.8455 0
0.8465 0
0.8475 0
0.8485 0
0.8495 0
0.8505 0
0.8515 0
0.8525 0
0.8535 0
0.8545 0
0.8555 0
0.8565 0
0.8575 0
0.8585 0
0.8595 0
0.8605 0
0.8615 0
0.8625 0
0.8635 0
0.8645 0
0.8655 0
0.8665 0
0.8675 0
0.8685 0
0.8695 0
0.8705 0
0.8715 0
0.8725 0
0.8735 0
0.8745 0
0.8755 0
0.8765 0
0.8775 0
0.8785 0
0.8795 0
0.8805 0
0.8815 5.55112e-14
0.8825 1.24206e-12
0.8835 1.95191e-11
0.8845 2.4649e-10
0.8855 2.59599e-09
0.8865 2.31394e-08
0.8875 1.76577e-07
0.8885 1.16602e-06
0.8895 6.72478e-06
0.8905 3.41189e-05
0.8915 0.000153111
0.8925 0.000610153
0.8935 0.00216534
0.8945 0.00685629
0.8955 0.0193896
0.8965 0.048975
0.8975 0.110332
0.8985 0.221056
0.8995 0.392728
0.9005 0.618303
0.9015 0.864908
0.9025 1.0695
0.9035 1.12474
0.9045 1.06527
0.9055 1.02098
0.9065 1.00608
0.9075 1.00159
0.9085 1.00037
0.9095 1.00008
0.9105 1.00007
0.9115 1.00038
0.9125 1.00135
0.9135 1.00205
0.9145 1.00138
0.9155 1.00057
0.9165 1.00061
0.9175 1.00205
0.9185 1.00657
0.9195 1.00587
0.9205 0.992844
0.9215 0.978153
0.9225 0.971362
0.9235 0.971951
0.9245 0.979997
0.9255 0.995779
0.9265 1.00936
0.9275 1.00918
0.9285 1.00276
0.9295 1.00004
0.9305 0.999454
0.9315 0.999674
0.9325 1.00001
0.9335 0.999918
0.9345 0.999678
0.9355 0.99986
0.9365 1.00011
0.9375 0.999742
0.9385 0.999256
0.9395 0.999385
0.9405 0.999866
0.9415 1.00005
0.9425 0.999971
0.9435 1.00014
0.9445 1.00059
0.9455 1.00075
0.9465 0.999739
0.9475 0.998037
0.9485 0.997104
0.9495 0.997716
0.9505 0.999965
0.9515 1.00142
0.9525 1.00069
0.9535 0.999929
0.9545 0.999856
0.9555 0.999938
0.9565 1.00001
0.9575 1.00003
0.9585 1.00006
0.9595 1.00008
0.9605 1.00005
0.9615 0.999895
0.9625 0.999614
0.9635 0.999497
0.9645 0.999736
0.9655 1.00004
0.9665 1.00006
0.9675 0.999983
0.9685 0.999989
0.9695 1.00002
0.9705 1.0001
0.9715 1.00015
0.9725 0.999848
0.9735 0.999445
0.9745 0.999533
0.9755 1.00013
0.9765 1.00037
0.9775 1.00007
0.9785 0.999955
0.9795 0.999988
0.9805 1.00001
0.9815 1
0.9825 0.999999
0.9835 1.00001
0.9845 1.00005
0.9855 1.00005
0.9865 0.999992
0.9875 0.999914
0.9885 0.999868
0.9895 0.999963
0.9905 1.00003
0.9915 1
0.9925 0.999996
0.9935 1
0.9945 0.999999
0.9955 0.999999
0.9965 1.00003
0.9975 0.999988
0.9985 0.999903
0.9995 0.999934

# time = 0.75
0.0005 1.14268e-06
0.0015 6.37734e-07
0.0025 -2.61316e-07
0.0035 -1.40642e-07
0.0045 7.44647e-08
0.0055 3.76295e-08
0.0065 -6.15855e-09
0.0075 -1.41992e-09
0.0085 6.64847e-08
0.0095 1.20457e-07
0.0105 7.0193e-08
0.0115 -2.54591e-07
0.0125 -1.47495e-06
0.0135 -1.55498e-06
0.0145 2.54873e-07
0.0155 8.16692e-07
0.0165 2.23903e-07
0.0175 2.39743e-08
0.0185 5.83271e-09
0.0195 -2.91583e-08
0.0205 2.90424e-08
0.0215 1.0898e-07
0.0225 -8.42329e-07
0.0235 -2.22412e-06
0.0245 6.51455e-07
0.0255 5.15173e-06
0.0265 2.56624e-06
0.0275 -2.33586e-06
0.0285 -1.92302e-06
0.0295 -3.77932e-08
0.0305 1.7015e-07
0.0315 -2.76993e-08
0.0325 -8.23633e-08
0.0335 -1.34128e-07
0.0345 -8.52114e-07
0.0355 -4.49887e-06
0.0365 -5.56058e-06
0.0375 9.65901e-07
0.0385 5.09255e-06
0.0395 1.92856e-06
0.0405 -1.23651e-06
0.0415 -1.10801e-06
0.0425 -3.29902e-07
0.0435 -1.6716e-07
0.0445 -7.24953e-08
0.0455 5.54003e-07
0.0465 7.80551e-07
0.0475 -6.0604e-07
0.0485 1.65067e-06
0.0495 2.19122e-05
0.0505 4.55843e-05
0.0515 3.10006e-05
0.0525 6.25872e-07
0.0535 -6.14126e-06
0.0545 -1.63278e-06
0.0555 6.17356e-07
0.0565 4.53447e-07
0.0575 6.17097e-07
0.0585 1.99668e-06
0.0595 6.46908e-06
0.0605 1.19646e-05
0.0615 5.11628e-06
0.0625 -1.80038e-05
0.0635 -2.36302e-05
0.0645 -1.99508e-06
0.0655 1.51387e-05
0.0665 1.28182e-05
0.0675 4.23803e-06
0.0685 1.39417e-06
0.0695 1.18907e-06
0.0705 2.05157e-06
0.0715 -3.34009e-06
0.0725 -2.52947e-05
0.0735 -2.4084e-05
0.0745 4.41399e-05
0.0755 0.0001042
0.0765 5.94725e-05
0.0775 -2.39926e-05
0.0785 -3.89683e-05
0.0795 -1.23543e-05
0.0805 1.50786e-06
0.0815 1.74151e-06
0.0825 -2.23119e-06
0.0835 -1.50017e-05
0.0845 -6.10046e-05
0.0855 -0.000146859
0.0865 -0.000133686
0.0875 -2.89048e-05
0.0885 7.69621e-06
0.0895 -4.23406e-05
0.0905 -9.22894e-05
0.0915 -5.86392e-05
0.0925 -9.28744e-06
0.0935 1.62115e-06
0.0945 -4.44526e-06
0.0955 -2.77676e-05
0.0965 -0.000104286
0.0975 -0.000155964
0.0985 3.89715e-05
0.0995 0.000815425
0.1005 0.00177157
0.1015 0.00142723
0.1025 0.000333849
0.1035 -0.000206831
0.1045 -0.000278412
0.1055 -0.000132041
0.1065 -4.6099e-05
0.1075 -3.97868e-06
0.1085 5.89088e-05
0.1095 0.000270671
0.1105 0.000756801
0.1115 0.00100682
0.1125 0.000628883
0.1135 0.000222665
0.1145 0.000123686
0.1155 0.000119549
0.1165 6.84327e-05
0.1175 -2.41593e-05
0.1185 -0.000194738
0.1195 -0.000570575
0.1205 -0.000870963
0.1215 -0.000551995
0.1225 0.000258319
0.1235 0.00192075
0.1245 0.00528439
0.1255 0.0098544
0.1265 0.0123005
0.1275 0.0101387
0.1285 0.00597529
0.1295 0.00268565
0.1305 0.000806339
0.1315 8.6715e-05
0.1325 -0.000132712
0.1335 -0.000214184
0.1345 -0.000345633
0.1355 -0.000786795
0.1365 -0.00110553
0.1375 -0.000778082
0.1385 -0.00031496
0.1395 -0.000166069
0.1405 -0.000252216
0.1415 -0.000735519
0.1425 -0.00134551
0.1435 -0.000704423
0.1445 0.00257473
0.1455 0.0122782
0.1465 0.0343041
0.1475 0.0715564
0.1485 0.122678
0.1495 0.18595
0.1505 0.264456
0.1515 0.361829
0.1525 0.46899
0.1535 0.553788
0.1545 0.565693
0.1555 0.532605
0.1565 0.512955
0.1575 0.504813
0.1585 0.501648
0.1595 0.500518
0.1605 0.50015
0.1615 0.50004
0.1625 0.50001
0.1635 0.500002
0.1645 0.5
0.1655 0.5
0.1665 0.5
0.1675 0.5
0.1685 0.5
0.1695 0.5
0.1705 0.5
0.1715 0.5
0.1725 0.5
0.1735 0.499999
0.1745 0.499999
0.1755 0.499999
0.1765 0.5
0.1775 0.5
0.1785 0.5
0.1795 0.5
0.1805 0.5
0.1815 0.5
0.1825 0.5
0.1835 0.5
0.1845 0.5
0.1855 0.500001
0.1865 0.500002
0.1875 0.500001
0.1885 0.5
0.1895 0.499999
0.1905 0.499999
0.1915 0.5
0.1925 0.5
0.1935 0.5
0.1945 0.5
0.1955 0.500001
0.1965 0.5
0.1975 0.499998
0.1985 0.499997
0.1995 0.499996
0.2005 0.499996
0.2015 0.499998
0.2025 0.5
0.2035 0.500002
0.2045 0.500001
0.2055 0.5
0.2065 0.5
0.2075 0.5
0.2085 0.5
0.2095 0.500001
0.2105 0.500004
0.2115 0.500007
0.2125 0.500005
0.2135 0.500001
0.2145 0.499998
0.2155 0.499997
0.2165 0.499998
0.2175 0.5
0.2185 0.500001
0.2195 0.500002
0.2205 0.500003
0.2215 0.500001
0.2225 0.499995
0.2235 0.499989
0.2245 0.499986
0.2255 0.499986
0.2265 0.499991
0.2275 0.499999
0.2285 0.500006
0.2295 0.500004
0.2305 0.500001
0.2315 0.5
0.2325 0.500001
0.2335 0.500002
0.2345 0.500006
0.2355 0.500015
0.2365 0.500024
0.2375 0.500018
0.2385 0.500003
0.2395 0.499994
0.2405 0.499992
0.2415 0.499994
0.2425 0.499999
0.2435 0.500003
0.2445 0.500006
0.2455 0.500012
0.2465 0.500014
0.2475 0.49999
0.2485 0.499954
0.2495 0.499932
0.2505 0.499929
0.2515 0.499944
0.2525 0.49998
0.2535 0.500021
0.2545 0.500027
0.2555 0.50001
0.2565 0.500002
0.2575 0.500001
0.2585 0.500004
0.2595 0.500016
0.2605 0.500045
0.2615 0.500073
0.2625 0.500054
0.2635 0.500005
0.2645 0.499976
0.2655 0.499968
0.2665 0.499973
0.2675 0.49999
0.2685 0.500009
0.2695 0.500024
0.2705 0.500057
0.2715 0.500068
0.2725 0.499965
0.2735 0.499806
0.2745 0.499706
0.2755 0.499684
0.2765 0.499734
0.2775 0.499876
0.2785 0.500064
0.2795 0.500127
0.2805 0.500061
0.2815 0.500015
0.2825 0.500009
0.2835 0.500028
0.2845 0.500086
0.2855 0.500202
0.2865 0.500312
0.2875 0.500267
0.2885 0.500116
0.2895 0.500015
0.2905 0.499975
0.2915 0.499966
0.2925 0.499971
0.2935 0.499996
0.2945 0.50009
0.2955 0.500406
0.2965 0.50067
0.2975 0.500082
0.2985 0.498904
0.2995 0.498076
0.3005 0.497802
0.3015 0.497997
0.3025 0.49877
0.3035 0.500076
0.3045 0.500955
0.3055 0.500734
0.3065 0.500247
0.3075 0.500097
0.3085 0.500103
0.3095 0.500211
0.3105 0.500356
0.3115 0.50035
0.3125 0.50025
0.3135 0.500216
0.3145 0.500162
0.3155 0.500036
0.3165 0.499931
0.3175 0.499939
0.3185 0.500243
0.3195 0.501438
0.3205 0.504481
0.3215 0.505422
0.3225 0.499356
0.3235 0.489946
0.3245 0.482779
0.3255 0.47937
0.3265 0.478924
0.3275 0.481175
0.3285 0.487181
0.3295 0.49642
0.3305 0.505005
0.3315 0.506493
0.3325 0.502943
0.3335 0.500466
0.3345 0.49917
0.3355 0.498572
0.3365 0.498411
0.3375 0.498533
0.3385 0.499003
0.3395 0.499883
0.3405 0.501154
0.3415 0.503276
0.3425 0.508284
0.3435 0.521352
0.3445 0.551055
0.3455 0.56502
0.3465 0.512691
0.3475 0.410968
0.3485 0.301016
0.3495 0.201704
0.3505 0.123871
0.3515 0.0698295
0.3525 0.0361815
0.3535 0.017251
0.3545 0.00757703
0.3555 0.00306882
0.3565 0.00114708
0.3575 0.000395933
0.3585 0.000126233
0.3595 3.71708e-05
0.3605 1.01043e-05
0.3615 2.53341e-06
0.3625 5.85142e-07
0.3635 1.24296e-07
0.3645 2.42323e-08
0.3655 4.32489e-09
0.3665 7.04485e-10
0.3675 1.04344e-10
0.3685 1.39784e-11
0.3695 1.68962e-12
0.3705 1.8735e-13
0.3715 1.73472e-14
0.3725 0
0.3735 0
0.3745 0
0.3755 0
0.3765 0
0.3775 0
0.3785 0
0.3795 0
0.3805 0
0.3815 0
0.3825 0
0.3835 0
0.3845 0
0.3855 0
0.3865 0
0.3875 0
0.3885 0
0.3895 0
0.3905 0
0.3915 0
0.3925 0
0.3935 0
0.3945 0
0.3955 0
0.3965 0
0.3975 0
0.3985 0
0.3995 0
0.4005 0
0.4015 0
0.4025 0
0.4035 0
0.4045 0
0.4055 0
0.4065 0
0.4075 0
0.4085 0
0.4095 0
0.4105 0
0.4115 0
0.4125 0
0.4135 0
0.4145 0
0.4155 0
0.4165 0
0.4175 0
0.4185 0
0.4195 0
0.4205 0
0.4215 0
0.4225 0
0.4235 0
0.4245 0
0.4255 0
0.4265 0
0.4275 0
0.4285 0
0.4295 0
0.4305 0
0.4315 0
0.4325 0
0.4335 0
0.4345 0
0.4355 0
0.4365 0
0.4375 0
0.4385 0
0.4395 0
0.4405 0
0.4415 0
0.4425 0
0.4435 0
0.4445 0
0.4455 0
0.4465 0
0.4475 0
0.4485 0
0.4495 0
0.4505 0
0.4515 0
0.4525 0
0.4535 0
0.4545 0
0.4555 0
0.4565 0
0.4575 0
0.4585 0
0.4595 0
0.4605 0
0.4615 0
0.4625 0
0.4635 0
0.4645 0
0.4655 0
0.4665 0
0.4675 0
0.4685 0
0.4695 0
0.4705 0
0.4715 0
0.4725 0
0.4735 0
0.4745 0
0.4755 0
0.4765 0
0.4775 0
0.4785 0
0.4795 0
0.4805 0
0.4815 0
0.4825 0
0.4835 0
0.4845 0
0.4855 0
0.4865 0
0.4875 0
0.4885 0
0.4895 0
0.4905 0
0.4915 0
0.4925 0
0.4935 0
0.4945 0
0.4955 0
0.4965 0
0.4975 0
0.4985 0
0.4995 0
0.5005 0
0.5015 0
0.5025 0
0.5035 0
0.5045 0
0.5055 0
0.5065 0
0.5075 0
0.5085 0
0.5095 0
0.5105 0
0.5115 0
0.5125 0
0.5135 0
0.5145 0
0.5155 0
0.5165 0
0.5175 0
0.5185 0
0.5195 0
0.5205 0
0.5215 0
0.5225 0
0.5235 0
0.5245 0
0.5255 0
0.5265 0
0.5275 0
0.5285 0
0.5295 0
0.5305 0
0.5315 0
0.5325 0
0.5335 0
0.5345 0
0.5355 0
0.5365 0
0.5375 0
0.5385 0
0.5395 0
0.5405 0
0.5415 0
0.5425 0
0.5435 0
0.5445 0
0.5455 0
0.5465 0
0.5475 0
0.5485 0
0.5495 0
0.5505 0
0.5515 0
0.5525 0
0.5535 0
0.5545 0
0.5555 0
0.5565 0
0.5575 0
0.5585 0
0.5595 0
0.5605 0
0.5615 0
0.5625 0
0.5635 0
0.5645 0
0.5655 0
0.5665 0
0.5675 0
0.5685 0
0.5695 0
0.5705 0
0.5715 0
0.5725 0
0.5735 0
0.5745 0
0.5755 0
0.5765 0
0.5775 0
0.5785 0
0.5795 0
0.5805 0
0.5815 0
0.5825 0
0.5835 0
0.5845 0
0.5855 0
0.5865 0
0.5875 0
0.5885 0
0.5895 0
0.5905 0
0.5915 0
0.5925 0
0.5935 0
0.5945 0
0.5955 0
0.5965 0
0.5975 0
0.5985 0
0.5995 0
0.6005 0
0.6015 0
0.6025 0
0.6035 0
0.6045 0
0.6055 0
0.6065 0
0.6075 0
0.6085 0
0.6095 0
0.6105 0
0.6115 0
0.6125 0
0.6135 0
0.6145 0
0.6155 0
0.6165 0
0.6175 0
0.6185 0
0.6195 0
0.6205 0
0.6215 0
0.6225 0
0.6235 0
0.6245 0
0.6255 0
0.6265 3.46945e-15
0.6275 1.73472e-14
0.6285 1.76942e-13
0.6295 1.6688e-12
0.6305 1.39055e-11
0.6315 1.03945e-10
0.6325 7.02684e-10
0.6335 4.31799e-09
0.6345 2.42099e-08
0.6355 1.24235e-07
0.6365 5.85002e-07
0.6375 2.53316e-06
0.6385 1.01041e-05
0.6395 3.71738e-05
0.6405 0.000126264
0.6415 0.00039616
0.6425 0.00114839
0.6435 0.00307493
0.6445 0.00760047
0.6455 0.0173245
0.6465 0.0363669
0.6475 0.0701926
0.6485 0.124364
0.6495 0.201939
0.6505 0.300112
0.6515 0.407891
0.6525 0.507199
0.6535 0.561202
0.6545 0.550961
0.6555 0.521881
0.6565 0.508177
0.6575 0.502815
0.6585 0.500939
0.6595 0.500415
0.6605 0.500366
0.6615 0.500559
0.6625 0.50097
0.6635 0.501371
0.6645 0.501502
0.6655 0.501662
0.6665 0.502826
0.6675 0.50596
0.6685 0.505673
0.6695 0.497669
0.6705 0.487405
0.6715 0.480332
0.6725 0.477506
0.6735 0.477817
0.6745 0.48154
0.6755 0.48986
0.6765 0.501256
0.6775 0.508283
0.6785 0.50636
0.6795 0.502171
0.6805 0.500476
0.6815 0.49996
0.6825 0.499855
0.6835 0.499871
0.6845 0.499938
0.6855 0.499918
0.6865 0.499766
0.6875 0.499622
0.6885 0.499556
0.6895 0.499567
0.6905 0.499666
0.6915 0.499882
0.6925 0.500206
0.6935 0.500639
0.6945 0.500684
0.6955 0.499937
0.6965 0.498962
0.6975 0.498363
0.6985 0.498199
0.6995 0.498406
0.7005 0.499093
0.7015 0.500163
0.7025 0.500757
0.7035 0.500486
0.7045 0.500112
0.7055 0.5
0.7065 0.499992
0.7075 0.500038
0.7085 0.500119
0.7095 0.500092
0.7105 0.499932
0.7115 0.499781
0.7125 0.499702
0.7135 0.499687
0.7145 0.49973
0.7155 0.499839
0.7165 0.499981
0.7175 0.500076
0.7185 0.500103
0.7195 0.500117
0.7205 0.500061
0.7215 0.499906
0.7225 0.499772
0.7235 0.499723
0.7245 0.499753
0.7255 0.499878
0.7265 0.500072
0.7275 0.500153
0.7285 0.500084
0.7295 0.500021
0.7305 0.500005
0.7315 0.500005
0.7325 0.500014
0.7335 0.500034
0.7345 0.500039
0.7355 0.500007
0.7365 0.499963
0.7375 0.499938
0.7385 0.499933
0.7395 0.499943
0.7405 0.499971
0.7415 0.500005
0.7425 0.500017
0.7435 0.500014
0.7445 0.500014
0.7455 0.500006
0.7465 0.499984
0.7475 0.499968
0.7485 0.499964
0.7495 0.499973
0.7505 0.5
0.7515 0.500029
0.7525 0.500028
0.7535 0.50001
0.7545 0.500002
0.7555 0.5
0.7565 0.500001
0.7575 0.500003
0.7585 0.500007
0.7595 0.500011
0.7605 0.500004
0.7615 0.499989
0.7625 0.499979
0.7635 0.499977
0.7645 0.49998
0.7655 0.49999
0.7665 0.500002
0.7675 0.500005
0.7685 0.500003
0.7695 0.500003
0.7705 0.500001
0.7715 0.499996
0.7725 0.499993
0.7735 0.499992
0.7745 0.499995
0.7755 0.500003
0.7765 0.500009
0.7775 0.500007
0.7785 0.500002
0.7795 0.5
0.7805 0.5
0.7815 0.5
0.7825 0.500001
0.7835 0.500002
0.7845 0.500003
0.7855 0.500001
0.7865 0.499997
0.7875 0.499994
0.7885 0.499994
0.7895 0.499995
0.7905 0.499998
0.7915 0.500001
0.7925 0.500001
0.7935 0.500001
0.7945 0.5
0.7955 0.5
0.7965 0.499999
0.7975 0.499999
0.7985 0.499999
0.7995 0.5
0.8005 0.500002
0.8015 0.500003
0.8025 0.500002
0.8035 0.5
0.8045 0.5
0.8055 0.5
0.8065 0.5
0.8075 0.5
0.8085 0.5
0.8095 0.500001
0.8105 0.500001
0.8115 0.499999
0.8125 0.499998
0.8135 0.499998
0.8145 0.499999
0.8155 0.499999
0.8165 0.5
0.8175 0.5
0.8185 0.5
0.8195 0.5
0.8205 0.5
0.8215 0.5
0.8225 0.5
0.8235 0.5
0.8245 0.5
0.8255 0.500001
0.8265 0.500001
0.8275 0.5
0.8285 0.5
0.8295 0.5
0.8305 0.5
0.8315 0.5
0.8325 0.5
0.8335 0.5
0.8345 0.500001
0.8355 0.500002
0.8365 0.50001
0.8375 0.500039
0.8385 0.500148
0.8395 0.500517
0.8405 0.501648
0.8415 0.504814
0.8425 0.512916
0.8435 0.532081
0.8445 0.565408
0.8455 0.556322
0.8465 0.47122
0.8475 0.358464
0.8485 0.25803
0.8495 0.181917
0.8505 0.122491
0.8515 0.0730204
0.8525 0.0354727
0.8535 0.0127693
0.8545 0.00270028
0.8555 -0.000678253
0.8565 -0.00134445
0.8575 -0.000752283
0.8585 -0.000238987
0.8595 -5.84557e-05
0.8605 4.75367e-05
0.8615 0.000274253
0.8625 0.000785563
0.8635 0.00109905
0.8645 0.000706465
0.8655 0.000168331
0.8665 -3.02571e-05
0.8675 7.61827e-05
0.8685 0.000754448
0.8695 0.00253334
0.8705 0.00564642
0.8715 0.00971792
0.8725 0.0145023
0.8735 0.0156752
0.8745 0.00971714
0.8755 0.00260058
0.8765 -0.00152797
0.8775 -0.00293876
0.8785 -0.00191897
0.8795 -0.00069217
0.8805 -0.000213988
0.8815 -4.76028e-05
0.8825 -1.49112e-05
0.8835 -4.26289e-05
0.8845 -8.85739e-05
0.8855 -0.000115768
0.8865 -0.00022289
0.8875 -0.000629948
0.8885 -0.00100368
0.8895 -0.00074713
0.8905 -0.000268658
0.8915 -8.50645e-05
0.8925 -6.63901e-05
0.8935 -7.494e-05
0.8945 -4.08789e-05
0.8955 3.59941e-05
0.8965 0.000213622
0.8975 0.000634113
0.8985 0.000880661
0.8995 0.000491136
0.9005 -5.83217e-05
0.9015 -0.000283265
0.9025 -0.000179025
0.9035 -1.31318e-05
0.9045 2.72482e-05
0.9055 2.17103e-05
0.9065 1.29519e-05
0.9075 2.1773e-05
0.9085 6.53025e-05
0.9095 9.26074e-05
0.9105 4.0963e-05
0.9115 -8.13767e-06
0.9125 2.87269e-05
0.9135 0.000133263
0.9145 0.000147093
0.9155 6.29046e-05
0.9165 1.6936e-05
0.9175 2.79349e-06
0.9185 -2.0385e-06
0.9195 -6.61031e-06
0.9205 -1.74573e-05
0.9215 -1.35747e-05
0.9225 5.53709e-05
0.9235 0.000219325
0.9245 0.000246631
0.9255 8.13038e-05
0.9265 -2.63379e-05
0.9275 -2.83354e-05
0.9285 -1.7379e-06
0.9295 3.14822e-06
0.9305 3.72401e-07
0.9315 -1.1526e-06
0.9325 -3.74944e-06
0.9335 -1.28557e-05
0.9345 -1.55981e-05
0.9355 1.90635e-06
0.9365 2.36565e-05
0.9375 1.79998e-05
0.9385 -5.15631e-06
0.9395 -1.20308e-05
0.9405 -6.37476e-06
0.9415 -1.87798e-06
0.9425 -6.53356e-07
0.9435 -5.68813e-08
0.9445 1.87774e-07
0.9455 -1.74954e-06
0.9465 -5.08963e-06
0.9475 2.95579e-07
0.9485 1.79199e-05
0.9495 1.64907e-05
0.9505 -8.55378e-06
0.9515 -1.72123e-05
0.9525 -6.54859e-06
0.9535 6.36594e-07
0.9545 6.54877e-07
0.9555 -3.91339e-08
0.9565 5.56548e-08
0.9575 3.66308e-07
0.9585 1.10223e-06
0.9595 1.20387e-06
0.9605 -1.92337e-06
0.9615 -5.08752e-06
0.9625 -9.65116e-07
0.9635 5.56007e-06
0.9645 4.49145e-06
0.9655 8.5842e-07
0.9665 1.45403e-07
0.9675 4.63647e-08
0.9685 2.75497e-08
0.9695 1.53112e-07
0.9705 6.81933e-08
0.9715 -3.90884e-07
0.9725 6.82782e-07
0.9735 5.36547e-06
0.9745 6.0429e-06
0.9755 9.47239e-07
0.9765 -1.15986e-06
0.9775 -9.52406e-08
0.9785 4.28317e-07
0.9795 7.37097e-08
0.9805 -4.55932e-08
0.9815 -1.61063e-08
0.9825 -1.41831e-08
0.9835 -2.25852e-07
0.9845 -8.18442e-07
0.9855 -2.53853e-07
0.9865 1.55535e-06
0.9875 1.47506e-06
0.9885 2.54587e-07
0.9895 -7.07695e-08
0.9905 -1.20072e-07
0.9915 -6.37699e-08
0.9925 -5.2307e-09
0.9935 -8.12837e-09
0.9945 1.49236e-08
0.9955 2.27722e-08
0.9965 -2.56274e-07
0.9975 -3.63541e-07
0.9985 8.03675e-07
0.9995 1.17446e-06

# time = 1
0.0005 3.19189e-13
0.0015 -2.22045e-13
0.0025 -3.33067e-13
0.0035 -5.55112e-14
0.0045 2.77556e-14
0.0055 1.38778e-14
0.0065 0
0.0075 0
0.0085 1.38778e-14
0.0095 8.32667e-14
0.0105 -2.77556e-13
0.0115 -1.19349e-12
0.0125 -1.05471e-12
0.0135 1.38778e-14
0.0145 5.55112e-13
0.0155 3.60822e-13
0.0165 1.38778e-14
0.0175 -1.38778e-14
0.0185 0
0.0195 0
0.0205 -1.38778e-14
0.0215 -8.32667e-14
0.0225 1.11022e-13
0.0235 1.40166e-12
0.0245 2.2482e-12
0.0255 1.05471e-12
0.0265 -5.68989e-13
0.0275 -8.88178e-13
0.0285 -2.77556e-13
0.0295 4.16334e-14
0.0305 1.38778e-14
0.0315 -1.38778e-14
0.0325 0
0.0335 8.32667e-14
0.0345 2.77556e-14
0.0355 -1.16573e-12
0.0365 -3.67761e-12
0.0375 -3.35842e-12
0.0385 -2.91434e-13
0.0395 1.48492e-12
0.0405 1.19349e-12
0.0415 1.80411e-13
0.0425 -4.16334e-14
0.0435 0
0.0445 1.38778e-14
0.0455 -6.93889e-14
0.0465 -1.249e-13
0.0475 7.77156e-13
0.0485 4.57967e-12
0.0495 7.02216e-12
0.0505 3.48332e-12
0.0515 -1.41553e-12
0.0525 -2.80331e-12
0.0535 -1.31839e-12
0.0545 -8.32667e-14
0.0555 5.55112e-14
0.0565 0
0.0575 4.16334e-14
0.0585 1.52656e-13
0.0595 -5.13478e-13
0.0605 -4.89886e-12
0.0615 -1.19627e-11
0.0625 -9.89486e-12
0.0635 -9.4369e-13
0.0645 4.21885e-12
0.0655 3.81639e-12
0.0665 8.46545e-13
0.0675 -6.93889e-14
0.0685 -5.55112e-14
0.0695 -2.77556e-14
0.0705 -2.08167e-13
0.0715 1.38778e-13
0.0725 4.03844e-12
0.0735 1.64035e-11
0.0745 2.37865e-11
0.0755 1.26843e-11
0.0765 -2.01228e-12
0.0775 -7.63278e-12
0.0785 -4.84335e-12
0.0795 -7.91034e-13
0.0805 6.93889e-14
0.0815 6.93889e-14
0.0825 2.77556e-13
0.0835 3.88578e-13
0.0845 -2.34535e-12
0.0855 -1.55709e-11
0.0865 -3.81223e-11
0.0875 -3.42365e-11
0.0885 -7.10543e-12
0.0895 1.18794e-11
0.0905 1.40443e-11
0.0915 4.89886e-12
0.0925 6.38378e-13
0.0935 0
0.0945 -1.80411e-13
0.0955 -3.60822e-13
0.0965 1.79023e-12
0.0975 1.56541e-11
0.0985 5.38042e-11
0.0995 7.28306e-11
0.1005 3.7359e-11
0.1015 -6.98053e-12
0.1025 -2.64649e-11
0.1035 -1.86379e-11
0.1045 -4.06619e-12
0.1055 -4.16334e-14
0.1065 3.33067e-13
0.1075 1.52656e-13
0.1085 -2.16493e-12
0.1095 -1.84158e-11
0.1105 -7.41351e-11
0.1115 -1.37418e-10
0.1125 -1.05346e-10
0.1135 -1.99285e-11
0.1145 3.24046e-11
0.1155 3.78586e-11
0.1165 1.29619e-11
0.1175 1.249e-12
0.1185 -9.57567e-13
0.1195 -1.54043e-12
0.1205 -7.91034e-13
0.1215 9.50628e-12
0.1225 5.81341e-11
0.1235 1.905e-10
0.1245 2.96624e-10
0.1255 2.02283e-10
0.1265 3.88994e-11
0.1275 -5.36932e-11
0.1285 -6.86257e-11
0.1295 -2.81442e-11
0.1305 -5.03764e-12
0.1315 8.88178e-13
0.1325 4.30211e-12
0.1335 -8.32667e-14
0.1345 -3.98431e-11
0.1355 -1.8012e-10
0.1365 -3.81417e-10
0.1375 -3.27599e-10
0.1385 -7.16788e-11
0.1395 1.249e-10
0.1405 1.81299e-10
0.1415 9.38e-11
0.1425 2.26485e-11
0.1435 3.89966e-12
0.1445 2.44249e-12
0.1455 1.36696e-11
0.1465 7.38715e-11
0.1475 2.82774e-10
0.1485 7.21548e-10
0.1495 8.84334e-10
0.1505 4.60076e-10
0.1515 7.46625e-12
0.1525 -2.21739e-10
0.1535 -2.08236e-10
0.1545 -6.21586e-11
0.1555 -1.95677e-12
0.1565 6.8695e-12
0.1575 -7.86871e-12
0.1585 -8.34888e-11
0.1595 -3.76629e-10
0.1605 -1.14619e-09
0.1615 -1.97867e-09
0.1625 -1.61697e-09
0.1635 -5.34683e-10
0.1645 9.31755e-11
0.1655 3.07976e-10
0.1665 2.0145e-10
0.1675 4.17166e-11
0.1685 -1.09218e-11
0.1695 -4.49779e-11
0.1705 -4.70735e-11
0.1715 4.75453e-11
0.1725 4.75564e-10
0.1735 1.77755e-09
0.1745 3.92754e-09
0.1755 3.9581e-09
0.1765 1.6087e-09
0.1775 -1.71044e-10
0.1785 -9.79605e-10
0.1795 -8.02067e-10
0.1805 -2.44679e-10
0.1815 -3.09475e-11
0.1825 4.81559e-12
0.1835 -1.24623e-10
0.1845 -7.32303e-10
0.1855 -2.31701e-09
0.1865 -3.22059e-09
0.1875 -1.71922e-09
0.1885 6.14342e-10
0.1895 2.79562e-09
0.1905 3.04845e-09
0.1915 1.39659e-09
0.1925 3.92242e-10
0.1935 1.07733e-10
0.1945 1.70114e-10
0.1955 6.52645e-10
0.1965 2.14871e-09
0.1975 5.853e-09
0.1985 1.31317e-08
0.1995 1.80011e-08
0.2005 1.291e-08
0.2015 4.5198e-09
0.2025 3.77379e-10
0.2035 -8.71886e-10
0.2045 -6.06903e-10
0.2055 1.50172e-10
0.2065 4.26256e-10
0.2075 1.06179e-10
0.2085 -1.22329e-09
0.2095 -5.57891e-09
0.2105 -1.66383e-08
0.2115 -3.42803e-08
0.2125 -3.74436e-08
0.2135 -2.0151e-08
0.2145 -4.88529e-09
0.2155 2.38247e-09
0.2165 4.57816e-09
0.2175 2.63917e-09
0.2185 4.12045e-10
0.2195 -1.13272e-09
0.2205 -4.62293e-09
0.2215 -7.25639e-09
0.2225 -2.49123e-09
0.2235 1.45726e-08
0.2245 5.24942e-08
0.2255 7.34625e-08
0.2265 4.19368e-08
0.2275 3.14895e-09
0.2285 -1.91265e-08
0.2295 -2.21581e-08
0.2305 -9.9209e-09
0.2315 -4.08913e-09
0.2325 -4.73248e-09
0.2335 -1.30319e-08
0.2345 -3.56403e-08
0.2355 -5.01152e-08
0.2365 -2.7881e-08
0.2375 1.27106e-08
0.2385 6.2332e-08
0.2395 8.22814e-08
0.2405 4.86283e-08
0.2415 1.46549e-08
0.2425 1.95023e-09
0.2435 3.39312e-11
0.2445 4.61525e-09
0.2455 2.12175e-08
0.2465 6.37538e-08
0.2475 1.59222e-07
0.2485 3.47292e-07
0.2495 6.12168e-07
0.2505 6.4825e-07
0.2515 3.87252e-07
0.2525 1.5018e-07
0.2535 3.98403e-08
0.2545 7.22657e-09
0.2555 5.28434e-09
0.2565 1.86699e-08
0.2575 3.33724e-08
0.2585 1.95641e-08
0.2595 -3.46975e-08
0.2605 -1.81041e-07
0.2615 -5.0637e-07
0.2625 -7.69115e-07
0.2635 -5.71498e-07
0.2645 -1.79511e-07
0.2655 5.32479e-08
0.2665 1.78757e-07
0.2675 1.51875e-07
0.2685 4.65837e-08
0.2695 -2.46613e-08
0.2705 -1.48726e-07
0.2715 -3.31941e-07
0.2725 -2.64274e-07
0.2735 1.02981e-07
0.2745 7.92266e-07
0.2755 1.34111e-06
0.2765 9.01767e-07
0.2775 1.36608e-07
0.2785 -3.4352e-07
0.2795 -4.85294e-07
0.2805 -3.02434e-07
0.2815 -2.00699e-07
0.2825 -3.24172e-07
0.2835 -8.3292e-07
0.2845 -1.91447e-06
0.2855 -2.41258e-06
0.2865 -1.38683e-06
0.2875 -1.24503e-07
0.2885 7.66462e-07
0.2895 9.47261e-07
0.2905 3.58293e-07
0.2915 -1.32303e-07
0.2925 -3.2258e-07
0.2935 -1.93887e-07
0.2945 4.39515e-08
0.2955 3.96881e-07
0.2965 1.3418e-06
0.2975 3.83572e-06
0.2985 9.63698e-06
0.2995 2.03248e-05
0.3005 2.72276e-05
0.3015 2.03732e-05
0.3025 8.85837e-06
0.3035 2.56956e-06
0.3045 3.02827e-07
0.3055 -9.06524e-08
0.3065 3.0669e-07
0.3075 1.57579e-06
0.3085 3.93932e-06
0.3095 4.68184e-06
0.3105 2.14069e-06
0.3115 -1.63756e-06
0.3125 -6.31337e-06
0.3135 -6.77372e-06
0.3145 -2.18491e-06
0.3155 2.37956e-06
0.3165 6.6874e-06
0.3175 6.72344e-06
0.3185 2.88456e-06
0.3195 7.26323e-08
0.3205 -3.01486e-06
0.3215 -4.80354e-06
0.3225 -1.41785e-06
0.3235 8.63727e-06
0.3245 3.00431e-05
0.3255 4.47338e-05
0.3265 3.00094e-05
0.3275 7.681e-06
0.3285 -4.21743e-06
0.3295 -9.8224e-06
0.3305 -9.05079e-06
0.3315 -7.83562e-06
0.3325 -1.34202e-05
0.3335 -3.13982e-05
0.3345 -6.61514e-05
0.3355 -9.6402e-05
0.3365 -8.66261e-05
0.3375 -5.80893e-05
0.3385 -4.62864e-05
0.3395 -4.83224e-05
0.3405 -5.0402e-05
0.3415 -3.95057e-05
0.3425 -2.55885e-05
0.3435 -2.16742e-05
0.3445 -3.08254e-05
0.3455 -3.51033e-05
0.3465 -8.80046e-06
0.3475 7.41478e-05
0.3485 0.000297324
0.3495 0.000746671
0.3505 0.0011484
0.3515 0.000965976
0.3525 0.000438532
0.3535 0.00011032
0.3545 -3.90548e-05
0.3555 -9.28649e-05
0.3565 -5.40144e-05
0.3575 1.94944e-05
0.3585 0.000125165
0.3595 0.000324224
0.3605 0.000606721
0.3615 0.000747667
0.3625 0.000595109
0.3635 0.000361937
0.3645 0.000196258
0.3655 7.94709e-05
0.3665 4.06296e-06
0.3675 -8.61995e-05
0.3685 -0.000284076
0.3695 -0.000473355
0.3705 -0.000330959
0.3715 5.13912e-05
0.3725 0.000743573
0.3735 0.00228574
0.3745 0.0049774
0.3755 0.00878197
0.3765 0.011203
0.3775 0.0094348
0.3785 0.00574242
0.3795 0.00301084
0.3805 0.00133114
0.3815 0.000452013
0.3825 7.03976e-05
0.3835 -0.000142193
0.3845 -0.000415738
0.3855 -0.000735795
0.3865 -0.000827873
0.3875 -0.00063322
0.3885 -0.000445175
0.3895 -0.000367296
0.3905 -0.000192054
0.3915 0.000564256
0.3925 0.0024518
0.3935 0.00705246
0.3945 0.0178422
0.3955 0.0401294
0.3965 0.0810681
0.3975 0.148485
0.3985 0.24871
0.3995 0.384184
0.4005 0.551471
0.4015 0.739595
0.4025 0.928477
0.4035 1.08445
0.4045 1.13388
0.4055 1.08623
0.4065 1.0381
0.4075 1.01578
0.4085 1.00624
0.4095 1.00251
0.4105 1.00122
0.4115 1.00086
0.4125 1.0009
0.4135 1.00123
0.4145 1.00184
0.4155 1.00296
0.4165 1.00534
0.4175 1.00627
0.4185 1.00163
0.4195 0.993582
0.4205 0.986526
0.4215 0.982206
0.4225 0.980596
0.4235 0.98083
0.4245 0.983125
0.4255 0.988446
0.4265 0.996509
0.4275 1.00474
0.4285 1.00723
0.4295 1.0042
0.4305 1.00155
0.4315 1.00046
0.4325 1.00009
0.4335 0.999983
0.4345 0.999917
0.4355 0.999821
0.4365 0.999719
0.4375 0.999651
0.4385 0.999628
0.4395 0.999644
0.4405 0.999726
0.4415 0.99993
0.4425 1.00032
0.4435 1.00063
0.4445 1.00032
0.4455 0.999565
0.4465 0.998955
0.4475 0.998641
0.4485 0.998565
0.4495 0.998672
0.4505 0.999032
0.4515 0.999669
0.4525 1.00037
0.4535 1.00058
0.4545 1.00032
0.4555 1.00013
0.4565 1.00007
0.4575 1.00009
0.4585 1.00009
0.4595 1.00001
0.4605 0.999889
0.4615 0.999799
0.4625 0.999753
0.4635 0.999742
0.4645 0.99976
0.4655 0.999818
0.4665 0.999921
0.4675 1.00006
0.4685 1.00016
0.4695 1.00012
0.4705 0.999988
0.4715 0.999872
0.4725 0.999806
0.4735 0.999785
0.4745 0.999799
0.4755 0.999857
0.4765 0.999966
0.4775 1.00008
0.4785 1.00011
0.4795 1.00006
0.4805 1.00003
0.4815 1.00002
0.4825 1.00003
0.4835 1.00004
0.4845 1.00003
0.4855 1
0.4865 0.999982
0.4875 0.999963
0.4885 0.999951
0.4895 0.999949
0.4905 0.99996
0.4915 0.999983
0.4925 1.00001
0.4935 1.00003
0.4945 1.00003
0.4955 1.00001
0.4965 0.999981
0.4975 0.999949
0.4985 0.999929
0.4995 0.999925
0.5005 0.999937
0.5015 0.999963
0.5025 0.999992
0.5035 1.00001
0.5045 1.00003
0.5055 1.00002
0.5065 1.00001
0.5075 1.00001
0.5085 1.00002
0.5095 1.00003
0.5105 1.00004
0.5115 1.00004
0.5125 1.00002
0.5135 0.999987
0.5145 0.999971
0.5155 0.999968
0.5165 0.999977
0.5175 0.999994
0.5185 1.00002
0.5195 1.00006
0.5205 1.00007
0.5215 1
0.5225 0.999887
0.5235 0.999798
0.5245 0.999755
0.5255 0.999751
0.5265 0.999781
0.5275 0.999854
0.5285 0.999967
0.5295 1.00008
0.5305 1.0001
0.5315 1.00006
0.5325 1.00005
0.5335 1.00006
0.5345 1.0001
0.5355 1.00019
0.5365 1.00025
0.5375 1.00021
0.5385 1.00011
0.5395 1.00003
0.5405 0.999998
0.5415 0.999992
0.5425 1.00001
0.5435 1.00009
0.5445 1.00031
0.5455 1.00056
0.5465 1.00029
0.5475 0.999503
0.5485 0.998782
0.5495 0.998376
0.5505 0.99826
0.5515 0.998363
0.5525 0.998763
0.5535 0.999515
0.5545 1.0004
0.5555 1.00078
0.5565 1.00053
0.5575 1.00028
0.5585 1.00021
0.5595 1.00022
0.5605 1.00027
0.5615 1.00033
0.5625 1.0003
0.5635 1.00019
0.5645 1.0001
0.5655 1.00006
0.5665 1.00011
0.5675 1.00035
0.5685 1.00115
0.5695 1.00324
0.5705 1.00524
0.5715 1.00255
0.5725 0.995455
0.5735 0.98856
0.5745 0.983931
0.5755 0.981886
0.5765 0.981644
0.5775 0.98302
0.5785 0.986834
0.5795 0.993313
0.5805 1.00116
0.5815 1.00596
0.5825 1.00466
0.5835 1.00138
0.5845 0.999675
0.5855 0.998978
0.5865 0.998815
0.5875 0.998992
0.5885 0.999704
0.5895 1.00158
0.5905 1.00597
0.5915 1.016
0.5925 1.03855
0.5935 1.08693
0.5945 1.13675
0.5955 1.08865
0.5965 0.930114
0.5975 0.738273
0.5985 0.549225
0.5995 0.382649
0.6005 0.248258
0.6015 0.148711
0.6025 0.0814721
0.6035 0.0404403
0.6045 0.0180006
0.6055 0.00709705
0.6065 0.00244265
0.6075 0.000557724
0.6085 -3.86733e-05
0.6095 -9.69821e-07
0.6105 0.000106859
0.6115 0.000317248
0.6125 0.000652394
0.6135 0.000777128
0.6145 0.000564698
0.6155 0.000364518
0.6165 0.000346324
0.6175 0.000571349
0.6185 0.00130012
0.6195 0.00289503
0.6205 0.00570695
0.6215 0.00998104
0.6225 0.0139715
0.6235 0.012711
0.6245 0.00723994
0.6255 0.00284074
0.6265 0.000508602
0.6275 -0.000756512
0.6285 -0.00144272
0.6295 -0.00111787
0.6305 -0.000484255
0.6315 -0.000192981
0.6325 -9.2687e-05
0.6335 -7.43775e-05
0.6345 -9.81936e-05
0.6355 -0.000176898
0.6365 -0.000334594
0.6375 -0.000580217
0.6385 -0.000735793
0.6395 -0.000604917
0.6405 -0.000363169
0.6415 -0.000202167
0.6425 -9.95905e-05
0.6435 -3.26402e-05
0.6445 1.6772e-05
0.6455 0.000102286
0.6465 0.000282194
0.6475 0.000532989
0.6485 0.000557489
0.6495 0.000302362
0.6505 8.37139e-05
0.6515 -2.89404e-05
0.6525 -8.36325e-05
0.6535 -6.53875e-05
0.6545 -1.85279e-05
0.6555 3.81915e-06
0.6565 2.11747e-05
0.6575 4.03449e-05
0.6585 5.39506e-05
0.6595 5.30647e-05
0.6605 4.52483e-05
0.6615 4.46659e-05
0.6625 5.70996e-05
0.6635 8.64631e-05
0.6645 9.79714e-05
0.6655 6.84888e-05
0.6665 3.18204e-05
0.6675 1.03593e-05
0.6685 1.38376e-06
0.6695 -8.42295e-08
0.6705 5.67948e-06
0.6715 2.74461e-05
0.6725 7.74618e-05
0.6735 0.000146347
0.6745 0.000149879
0.6755 8.2591e-05
0.6765 2.93755e-05
0.6775 5.86931e-06
0.6785 -1.76642e-06
0.6795 -3.25343e-06
0.6805 -2.52934e-06
0.6815 -3.02867e-06
0.6825 -5.69545e-06
0.6835 -6.3e-06
0.6845 -2.65957e-06
0.6855 2.02173e-06
0.6865 6.64473e-06
0.6875 6.24959e-06
0.6885 1.60901e-06
0.6895 -2.16183e-06
0.6905 -4.50624e-06
0.6915 -3.67622e-06
0.6925 -1.79691e-06
0.6935 -1.20711e-06
0.6945 -8.8722e-07
0.6955 -2.52468e-07
0.6965 9.85379e-07
0.6975 3.87334e-06
0.6985 5.72355e-06
0.6995 3.24528e-06
0.7005 -7.05728e-07
0.7015 -4.51577e-06
0.7025 -5.67801e-06
0.7035 -3.15082e-06
0.7045 -9.80671e-07
0.7055 -1.36097e-07
0.7065 2.42709e-07
0.7075 3.64444e-07
0.7085 1.2456e-07
0.7095 -3.75994e-07
0.7105 -9.57155e-07
0.7115 -7.65739e-07
0.7125 1.25579e-07
0.7135 1.3844e-06
0.7145 2.40294e-06
0.7155 1.91842e-06
0.7165 8.58666e-07
0.7175 3.26898e-07
0.7185 1.42293e-07
0.7195 1.23992e-07
0.7205 2.59466e-07
0.7215 7.30882e-07
0.7225 1.79981e-06
0.7235 3.22508e-06
0.7245 3.18037e-06
0.7255 1.70561e-06
0.7265 6.43155e-07
0.7275 1.99154e-07
0.7285 7.54894e-08
0.7295 3.86563e-08
0.7305 7.17621e-09
0.7315 -4.44133e-08
0.7325 -1.49978e-07
0.7335 -1.80609e-07
0.7345 -5.45543e-08
0.7355 1.80044e-07
0.7365 5.7223e-07
0.7375 7.69573e-07
0.7385 5.06127e-07
0.7395 1.80043e-07
0.7405 3.43538e-08
0.7415 -1.61857e-08
0.7425 -3.07752e-08
0.7435 -3.02351e-08
0.7445 -3.64366e-08
0.7455 -2.79097e-08
0.7465 1.31678e-08
0.7475 1.0892e-07
0.7485 1.79659e-07
0.7495 9.88863e-08
0.7505 -6.21142e-08
0.7515 -2.33582e-07
0.7525 -2.55596e-07
0.7535 -1.24003e-07
0.7545 -3.85048e-08
0.7555 -7.87039e-09
0.7565 -6.3808e-10
0.7575 -2.36319e-09
0.7585 -1.49676e-08
0.7595 -4.86216e-08
0.7605 -8.21124e-08
0.7615 -6.22752e-08
0.7625 -1.2697e-08
0.7635 2.79576e-08
0.7645 5.0071e-08
0.7655 3.54748e-08
0.7665 1.29744e-08
0.7675 4.5647e-09
0.7685 2.99966e-09
0.7695 4.83494e-09
0.7705 1.1434e-08
0.7715 2.67455e-08
0.7725 5.17021e-08
0.7735 5.74156e-08
0.7745 3.19207e-08
0.7755 7.83704e-09
0.7765 -2.32948e-09
0.7775 -3.27277e-09
0.7785 1.6713e-10
0.7795 2.28016e-09
0.7805 1.65765e-09
0.7815 -1.88377e-10
0.7825 -2.59294e-09
0.7835 -4.58027e-09
0.7845 -2.36312e-09
0.7855 4.8959e-09
0.7865 2.01416e-08
0.7875 3.74418e-08
0.7885 3.42969e-08
0.7895 1.66377e-08
0.7905 5.56277e-09
0.7915 1.22976e-09
0.7925 -9.29812e-13
0.7935 -4.74391e-10
0.7945 -8.31286e-10
0.7955 -4.95541e-10
0.7965 1.19426e-09
0.7975 5.68037e-09
0.7985 8.40036e-09
0.7995 4.07677e-09
0.8005 -3.49571e-09
0.8015 -9.9917e-09
0.8025 -9.27253e-09
0.8035 -3.74677e-09
0.8045 -9.89014e-10
0.8055 -2.07168e-10
0.8065 -1.18183e-10
0.8075 -4.08097e-10
0.8085 -1.40568e-09
0.8095 -3.04368e-09
0.8105 -2.79102e-09
0.8115 -6.14772e-10
0.8125 1.71913e-09
0.8135 3.2221e-09
0.8145 2.31783e-09
0.8155 7.29666e-10
0.8165 1.21257e-10
0.8175 -6.73073e-12
0.8185 1.73681e-11
0.8195 1.39333e-10
0.8205 4.61742e-10
0.8215 1.14253e-09
0.8225 1.34411e-09
0.8235 5.17066e-10
0.8245 -7.93164e-10
0.8255 -2.20905e-09
0.8265 -2.13914e-09
0.8275 -8.50535e-10
0.8285 -1.56583e-10
0.8295 4.69139e-11
0.8305 6.27623e-11
0.8315 1.62578e-11
0.8325 -4.17721e-11
0.8335 -2.00694e-10
0.8345 -3.06991e-10
0.8355 -9.32449e-11
0.8365 5.34413e-10
0.8375 1.61712e-09
0.8385 1.97931e-09
0.8395 1.14661e-09
0.8405 3.76234e-10
0.8415 8.33084e-11
0.8425 9.67976e-12
0.8435 -4.42701e-12
0.8445 -3.12944e-12
0.8455 2.48343e-11
0.8465 1.37654e-10
0.8475 3.56125e-10
0.8485 3.16421e-10
0.8495 -3.10446e-11
0.8505 -5.01231e-10
0.8515 -6.99073e-10
0.8525 -3.92353e-10
0.8535 -1.0509e-10
0.8545 -1.66256e-11
0.8555 -1.54043e-12
0.8565 -4.06619e-12
0.8575 -2.35159e-11
0.8585 -9.38832e-11
0.8595 -1.80904e-10
0.8605 -1.24838e-10
0.8615 7.16788e-11
0.8625 3.27648e-10
0.8635 3.8148e-10
0.8645 1.80175e-10
0.8655 3.97946e-11
0.8665 -1.04083e-13
0.8675 -4.31599e-12
0.8685 -8.53484e-13
0.8695 3.3723e-12
0.8705 1.90889e-11
0.8715 6.36921e-11
0.8725 7.97487e-11
0.8735 1.63827e-11
0.8745 -1.18704e-10
0.8755 -2.50286e-10
0.8765 -2.07993e-10
0.8775 -7.29972e-11
0.8785 -1.22194e-11
0.8795 1.41553e-12
0.8805 2.06779e-12
0.8815 9.57567e-13
0.8825 -1.2837e-12
0.8835 -1.29133e-11
0.8845 -3.78239e-11
0.8855 -3.24046e-11
0.8865 1.99285e-11
0.8875 1.05374e-10
0.8885 1.37439e-10
0.8895 7.41143e-11
0.8905 1.83881e-11
0.8915 2.13024e-12
0.8925 -1.59595e-13
0.8935 -2.15106e-13
0.8945 8.32667e-14
0.8955 3.1572e-12
0.8965 1.60635e-11
0.8975 2.8387e-11
0.8985 1.48909e-11
0.8995 -2.43347e-11
0.9005 -6.40668e-11
0.9015 -5.59761e-11
0.9025 -1.83256e-11
0.9035 -2.27596e-12
0.9045 4.30211e-13
0.9055 2.22045e-13
0.9065 -6.93889e-15
0.9075 -6.38378e-13
0.9085 -4.89886e-12
0.9095 -1.40443e-11
0.9105 -1.18863e-11
0.9115 7.09849e-12
0.9125 3.42157e-11
0.9135 3.81223e-11
0.9145 1.55778e-11
0.9155 2.34535e-12
0.9165 -3.88578e-13
0.9175 -2.63678e-13
0.9185 -3.46945e-14
0.9195 -6.93889e-14
0.9205 6.45317e-13
0.9215 4.44783e-12
0.9225 8.0283e-12
0.9235 3.42781e-12
0.9245 -1.0561e-11
0.9255 -2.27388e-11
0.9265 -1.70558e-11
0.9275 -4.39926e-12
0.9285 -1.31839e-13
0.9295 2.28983e-13
0.9305 0
0.9315 6.245e-14
0.9325 6.245e-14
0.9335 -8.67362e-13
0.9345 -3.79557e-12
0.9355 -4.21191e-12
0.9365 9.57567e-13
0.9375 9.92262e-12
0.9385 1.19557e-11
0.9395 4.88498e-12
0.9405 4.996e-13
0.9415 -1.66533e-13
0.9425 -2.08167e-14
0.9435 1.38778e-14
0.9445 -5.55112e-14
0.9455 8.32667e-14
0.9465 1.249e-12
0.9475 2.76862e-12
0.9485 1.55431e-12
0.9495 -3.11556e-12
0.9505 -6.82787e-12
0.9515 -4.68375e-12
0.9525 -8.18789e-13
0.9535 1.31839e-13
0.9545 6.93889e-14
0.9555 -6.93889e-15
0.9565 1.38778e-14
0.9575 3.46945e-14
0.9585 -1.94289e-13
0.9595 -1.21431e-12
0.9605 -1.47798e-12
0.9615 3.1225e-13
0.9625 3.35149e-12
0.9635 3.68455e-12
0.9645 1.1588e-12
0.9655 -4.85723e-14
0.9665 -7.63278e-14
0.9675 6.93889e-15
0.9685 0
0.9695 -1.38778e-14
0.9705 -2.77556e-14
0.9715 2.63678e-13
0.9725 8.95117e-13
0.9735 6.245e-13
0.9745 -9.92262e-13
0.9755 -2.2482e-12
0.9765 -1.42941e-12
0.9775 -1.04083e-13
0.9785 8.32667e-14
0.9795 0
0.9805 -6.93889e-15
0.9815 0
0.9825 2.08167e-14
0.9835 6.93889e-15
0.9845 -3.46945e-13
0.9855 -5.55112e-13
0.9865 -6.93889e-15
0.9875 1.05471e-12
0.9885 1.19349e-12
0.9895 2.77556e-13
0.9905 -9.02056e-14
0.9915 -6.93889e-15
0.9925 6.93889e-15
0.9935 0
0.9945 -6.93889e-15
0.9955 -2.08167e-14
0.9965 4.16334e-14
0.9975 3.19189e-13
0.9985 2.498e-13
0.9995 -2.91434e-13
