
# time = 0
0.0005 0
0.0015 0
0.0025 0
0.0035 0
0.0045 0
0.0055 0
0.0065 0
0.0075 0
0.0085 0
0.0095 0
0.0105 0
0.0115 0
0.0125 0
0.0135 0
0.0145 0
0.0155 0
0.0165 0
0.0175 0
0.0185 0
0.0195 0
0.0205 0
0.0215 0
0.0225 0
0.0235 0
0.0245 0
0.0255 0
0.0265 0
0.0275 0
0.0285 0
0.0295 0
0.0305 0
0.0315 0
0.0325 0
0.0335 0
0.0345 0
0.0355 0
0.0365 0
0.0375 0
0.0385 0
0.0395 0
0.0405 0
0.0415 0
0.0425 0
0.0435 0
0.0445 0
0.0455 0
0.0465 0
0.0475 0
0.0485 0
0.0495 0
0.0505 0
0.0515 0
0.0525 0
0.0535 0
0.0545 0
0.0555 0
0.0565 0
0.0575 0
0.0585 0
0.0595 0
0.0605 0
0.0615 0
0.0625 0
0.0635 0
0.0645 0
0.0655 0
0.0665 0
0.0675 0
0.0685 0
0.0695 0
0.0705 0
0.0715 0
0.0725 0
0.0735 0
0.0745 0
0.0755 0
0.0765 0
0.0775 0
0.0785 0
0.0795 0
0.0805 0
0.0815 0
0.0825 0
0.0835 0
0.0845 0
0.0855 0
0.0865 0
0.0875 0
0.0885 0
0.0895 0
0.0905 0
0.0915 0
0.0925 0
0.0935 0
0.0945 0
0.0955 0
0.0965 0
0.0975 0
0.0985 0
0.0995 0
0.1005 0
0.1015 0
0.1025 0
0.1035 0
0.1045 0
0.1055 0
0.1065 0
0.1075 0
0.1085 0
0.1095 0
0.1105 0
0.1115 0
0.1125 0
0.1135 0
0.1145 0
0.1155 0
0.1165 0
0.1175 0
0.1185 0
0.1195 0
0.1205 0
0.1215 0
0.1225 0
0.1235 0
0.1245 0
0.1255 0
0.1265 0
0.1275 0
0.1285 0
0.1295 0
0.1305 0
0.1315 0
0.1325 0
0.1335 0
0.1345 0
0.1355 0
0.1365 0
0.1375 0
0.1385 0
0.1395 0
0.1405 0
0.1415 0
0.1425 0
0.1435 0
0.1445 0
0.1455 0
0.1465 0
0.1475 0
0.1485 0
0.1495 0
0.1505 0
0.1515 0
0.1525 0
0.1535 0
0.1545 0
0.1555 0
0.1565 0
0.1575 0
0.1585 0
0.1595 0
0.1605 0
0.1615 0
0.1625 0
0.1635 0
0.1645 0
0.1655 0
0.1665 0
0.1675 0
0.1685 0
0.1695 0
0.1705 0
0.1715 0
0.1725 0
0.1735 0
0.1745 0
0.1755 0
0.1765 0
0.1775 0
0.1785 0
0.1795 0
0.1805 0
0.1815 0
0.1825 0
0.1835 0
0.1845 0
0.1855 0
0.1865 0
0.1875 0
0.1885 0
0.1895 0
0.1905 0
0.1915 0
0.1925 0
0.1935 0
0.1945 0
0.1955 0
0.1965 0
0.1975 0
0.1985 0
0.1995 0
0.2005 0
0.2015 0
0.2025 0
0.2035 0
0.2045 0
0.2055 0
0.2065 0
0.2075 0
0.2085 0
0.2095 0
0.2105 0
0.2115 0
0.2125 0
0.2135 0
0.2145 0
0.2155 0
0.2165 0
0.2175 0
0.2185 0
0.2195 0
0.2205 0
0.2215 0
0.2225 0
0.2235 0
0.2245 0
0.2255 0
0.2265 0
0.2275 0
0.2285 0
0.2295 0
0.2305 0
0.2315 0
0.2325 0
0.2335 0
0.2345 0
0.2355 0
0.2365 0
0.2375 0
0.2385 0
0.2395 0
0.2405 0
0.2415 0
0.2425 0
0.2435 0
0.2445 0
0.2455 0
0.2465 0
0.2475 0
0.2485 0
0.2495 0
0.2505 0
0.2515 0
0.2525 0
0.2535 0
0.2545 0
0.2555 0
0.2565 0
0.2575 0
0.2585 0
0.2595 0
0.2605 0
0.2615 0
0.2625 0
0.2635 0
0.2645 0
0.2655 0
0.2665 0
0.2675 0
0.2685 0
0.2695 0
0.2705 0
0.2715 0
0.2725 0
0.2735 0
0.2745 0
0.2755 0
0.2765 0
0.2775 0
0.2785 0
0.2795 0
0.2805 0
0.2815 0
0.2825 0
0.2835 0
0.2845 0
0.2855 0
0.2865 0
0.2875 0
0.2885 0
0.2895 0
0.2905 0
0.2915 0
0.2925 0
0.2935 0
0.2945 0
0.2955 0
0.2965 0
0.2975 0
0.2985 0
0.2995 0
0.3005 0
0.3015 0
0.3025 0
0.3035 0
0.3045 0
0.3055 0
0.3065 0
0.3075 0
0.3085 0
0.3095 0
0.3105 0
0.3115 0
0.3125 0
0.3135 0
0.3145 0
0.3155 0
0.3165 0
0.3175 0
0.3185 0
0.3195 0
0.3205 0
0.3215 0
0.3225 0
0.3235 0
0.3245 0
0.3255 0
0.3265 0
0.3275 0
0.3285 0
0.3295 0
0.3305 0
0.3315 0
0.3325 0
0.3335 0
0.3345 0
0.3355 0
0.3365 0
0.3375 0
0.3385 0
0.3395 0
0.3405 0
0.3415 0
0.3425 0
0.3435 0
0.3445 0
0.3455 0
0.3465 0
0.3475 0
0.3485 0
0.3495 0
0.3505 0
0.3515 0
0.3525 0
0.3535 0
0.3545 0
0.3555 0
0.3565 0
0.3575 0
0.3585 0
0.3595 0
0.3605 0
0.3615 0
0.3625 0
0.3635 0
0.3645 0
0.3655 0
0.3665 0
0.3675 0
0.3685 0
0.3695 0
0.3705 0
0.3715 0
0.3725 0
0.3735 0
0.3745 0
0.3755 0
0.3765 0
0.3775 0
0.3785 0
0.3795 0
0.3805 0
0.3815 0
0.3825 0
0.3835 0
0.3845 0
0.3855 0
0.3865 0
0.3875 0
0.3885 0
0.3895 0
0.3905 0
0.3915 0
0.3925 0
0.3935 0
0.3945 0
0.3955 0
0.3965 0
0.3975 0
0.3985 0
0.3995 0
0.4005 1
0.4015 1
0.4025 1
0.4035 1
0.4045 1
0.4055 1
0.4065 1
0.4075 1
0.4085 1
0.4095 1
0.4105 1
0.4115 1
0.4125 1
0.4135 1
0.4145 1
0.4155 1
0.4165 1
0.4175 1
0.4185 1
0.4195 1
0.4205 1
0.4215 1
0.4225 1
0.4235 1
0.4245 1
0.4255 1
0.4265 1
0.4275 1
0.4285 1
0.4295 1
0.4305 1
0.4315 1
0.4325 1
0.4335 1
0.4345 1
0.4355 1
0.4365 1
0.4375 1
0.4385 1
0.4395 1
0.4405 1
0.4415 1
0.4425 1
0.4435 1
0.4445 1
0.4455 1
0.4465 1
0.4475 1
0.4485 1
0.4495 1
0.4505 1
0.4515 1
0.4525 1
0.4535 1
0.4545 1
0.4555 1
0.4565 1
0.4575 1
0.4585 1
0.4595 1
0.4605 1
0.4615 1
0.4625 1
0.4635 1
0.4645 1
0.4655 1
0.4665 1
0.4675 1
0.4685 1
0.4695 1
0.4705 1
0.4715 1
0.4725 1
0.4735 1
0.4745 1
0.4755 1
0.4765 1
0.4775 1
0.4785 1
0.4795 1
0.4805 1
0.4815 1
0.4825 1
0.4835 1
0.4845 1
0.4855 1
0.4865 1
0.4875 1
0.4885 1
0.4895 1
0.4905 1
0.4915 1
0.4925 1
0.4935 1
0.4945 1
0.4955 1
0.4965 1
0.4975 1
0.4985 1
0.4995 1
0.5005 1
0.5015 1
0.5025 1
0.5035 1
0.5045 1
0.5055 1
0.5065 1
0.5075 1
0.5085 1
0.5095 1
0.5105 1
0.5115 1
0.5125 1
0.5135 1
0.5145 1
0.5155 1
0.5165 1
0.5175 1
0.5185 1
0.5195 1
0.5205 1
0.5215 1
0.5225 1
0.5235 1
0.5245 1
0.5255 1
0.5265 1
0.5275 1
0.5285 1
0.5295 1
0.5305 1
0.5315 1
0.5325 1
0.5335 1
0.5345 1
0.5355 1
0.5365 1
0.5375 1
0.5385 1
0.5395 1
0.5405 1
0.5415 1
0.5425 1
0.5435 1
0.5445 1
0.5455 1
0.5465 1
0.5475 1
0.5485 1
0.5495 1
0.5505 1
0.5515 1
0.5525 1
0.5535 1
0.5545 1
0.5555 1
0.5565 1
0.5575 1
0.5585 1
0.5595 1
0.5605 1
0.5615 1
0.5625 1
0.5635 1
0.5645 1
0.5655 1
0.5665 1
0.5675 1
0.5685 1
0.5695 1
0.5705 1
0.5715 1
0.5725 1
0.5735 1
0.5745 1
0.5755 1
0.5765 1
0.5775 1
0.5785 1
0.5795 1
0.5805 1
0.5815 1
0.5825 1
0.5835 1
0.5845 1
0.5855 1
0.5865 1
0.5875 1
0.5885 1
0.5895 1
0.5905 1
0.5915 1
0.5925 1
0.5935 1
0.5945 1
0.5955 1
0.5965 1
0.5975 1
0.5985 1
0.5995 1
0.6005 0
0.6015 0
0.6025 0
0.6035 0
0.6045 0
0.6055 0
0.6065 0
0.6075 0
0.6085 0
0.6095 0
0.6105 0
0.6115 0
0.6125 0
0.6135 0
0.6145 0
0.6155 0
0.6165 0
0.6175 0
0.6185 0
0.6195 0
0.6205 0
0.6215 0
0.6225 0
0.6235 0
0.6245 0
0.6255 0
0.6265 0
0.6275 0
0.6285 0
0.6295 0
0.6305 0
0.6315 0
0.6325 0
0.6335 0
0.6345 0
0.6355 0
0.6365 0
0.6375 0
0.6385 0
0.6395 0
0.6405 0
0.6415 0
0.6425 0
0.6435 0
0.6445 0
0.6455 0
0.6465 0
0.6475 0
0.6485 0
0.6495 0
0.6505 0
0.6515 0
0.6525 0
0.6535 0
0.6545 0
0.6555 0
0.6565 0
0.6575 0
0.6585 0
0.6595 0
0.6605 0
0.6615 0
0.6625 0
0.6635 0
0.6645 0
0.6655 0
0.6665 0
0.6675 0
0.6685 0
0.6695 0
0.6705 0
0.6715 0
0.6725 0
0.6735 0
0.6745 0
0.6755 0
0.6765 0
0.6775 0
0.6785 0
0.6795 0
0.6805 0
0.6815 0
0.6825 0
0.6835 0
0.6845 0
0.6855 0
0.6865 0
0.6875 0
0.6885 0
0.6895 0
0.6905 0
0.6915 0
0.6925 0
0.6935 0
0.6945 0
0.6955 0
0.6965 0
0.6975 0
0.6985 0
0.6995 0
0.7005 0
0.7015 0
0.7025 0
0.7035 0
0.7045 0
0.7055 0
0.7065 0
0.7075 0
0.7085 0
0.7095 0
0.7105 0
0.7115 0
0.7125 0
0.7135 0
0.7145 0
0.7155 0
0.7165 0
0.7175 0
0.7185 0
0.7195 0
0.7205 0
0.7215 0
0.7225 0
0.7235 0
0.7245 0
0.7255 0
0.7265 0
0.7275 0
0.7285 0
0.7295 0
0.7305 0
0.7315 0
0.7325 0
0.7335 0
0.7345 0
0.7355 0
0.7365 0
0.7375 0
0.7385 0
0.7395 0
0.7405 0
0.7415 0
0.7425 0
0.7435 0
0.7445 0
0.7455 0
0.7465 0
0.7475 0
0.7485 0
0.7495 0
0.7505 0
0.7515 0
0.7525 0
0.7535 0
0.7545 0
0.7555 0
0.7565 0
0.7575 0
0.7585 0
0.7595 0
0.7605 0
0.7615 0
0.7625 0
0.7635 0
0.7645 0
0.7655 0
0.7665 0
0.7675 0
0.7685 0
0.7695 0
0.7705 0
0.7715 0
0.7725 0
0.7735 0
0.7745 0
0.7755 0
0.7765 0
0.7775 0
0.7785 0
0.7795 0
0.7805 0
0.7815 0
0.7825 0
0.7835 0
0.7845 0
0.7855 0
0.7865 0
0.7875 0
0.7885 0
0.7895 0
0.7905 0
0.7915 0
0.7925 0
0.7935 0
0.7945 0
0.7955 0
0.7965 0
0.7975 0
0.7985 0
0.7995 0
0.8005 0
0.8015 0
0.8025 0
0.8035 0
0.8045 0
0.8055 0
0.8065 0
0.8075 0
0.8085 0
0.8095 0
0.8105 0
0.8115 0
0.8125 0
0.8135 0
0.8145 0
0.8155 0
0.8165 0
0.8175 0
0.8185 0
0.8195 0
0.8205 0
0.8215 0
0.8225 0
0.8235 0
0.8245 0
0.8255 0
0.8265 0
0.8275 0
0.8285 0
0.8295 0
0.8305 0
0.8315 0
0.8325 0
0.8335 0
0.8345 0
0.8355 0
0.8365 0
0.8375 0
0.8385 0
0.8395 0
0.8405 0
0.8415 0
0.8425 0
0.8435 0
0.8445 0
0.8455 0
0.8465 0
0.8475 0
0.8485 0
0.8495 0
0.8505 0
0.8515 0
0.8525 0
0.8535 0
0.8545 0
0.8555 0
0.8565 0
0.8575 0
0.8585 0
0.8595 0
0.8605 0
0.8615 0
0.8625 0
0.8635 0
0.8645 0
0.8655 0
0.8665 0
0.8675 0
0.8685 0
0.8695 0
0.8705 0
0.8715 0
0.8725 0
0.8735 0
0.8745 0
0.8755 0
0.8765 0
0.8775 0
0.8785 0
0.8795 0
0.8805 0
0.8815 0
0.8825 0
0.8835 0
0.8845 0
0.8855 0
0.8865 0
0.8875 0
0.8885 0
0.8895 0
0.8905 0
0.8915 0
0.8925 0
0.8935 0
0.8945 0
0.8955 0
0.8965 0
0.8975 0
0.8985 0
0.8995 0
0.9005 0
0.9015 0
0.9025 0
0.9035 0
0.9045 0
0.9055 0
0.9065 0
0.9075 0
0.9085 0
0.9095 0
0.9105 0
0.9115 0
0.9125 0
0.9135 0
0.9145 0
0.9155 0
0.9165 0
0.9175 0
0.9185 0
0.9195 0
0.9205 0
0.9215 0
0.9225 0
0.9235 0
0.9245 0
0.9255 0
0.9265 0
0.9275 0
0.9285 0
0.9295 0
0.9305 0
0.9315 0
0.9325 0
0.9335 0
0.9345 0
0.9355 0
0.9365 0
0.9375 0
0.9385 0
0.9395 0
0.9405 0
0.9415 0
0.9425 0
0.9435 0
0.9445 0
0.9455 0
0.9465 0
0.9475 0
0.9485 0
0.9495 0
0.9505 0
0.9515 0
0.9525 0
0.9535 0
0.9545 0
0.9555 0
0.9565 0
0.9575 0
0.9585 0
0.9595 0
0.9605 0
0.9615 0
0.9625 0
0.9635 0
0.9645 0
0.9655 0
0.9665 0
0.9675 0
0.9685 0
0.9695 0
0.9705 0
0.9715 0
0.9725 0
0.9735 0
0.9745 0
0.9755 0
0.9765 0
0.9775 0
0.9785 0
0.9795 0
0.9805 0
0.9815 0
0.9825 0
0.9835 0
0.9845 0
0.9855 0
0.9865 0
0.9875 0
0.9885 0
0.9895 0
0.9905 0
0.9915 0
0.9925 0
0.9935 0
0.9945 0
0.9955 0
0.9965 0
0.9975 0
0.9985 0
0.9995 0

# time = 0.25
0.0005 0
0.0015 0
0.0025 0
0.0035 0
0.0045 0
0.0055 0
0.0065 0
0.0075 0
0.0085 0
0.0095 0
0.0105 0
0.0115 0
0.0125 0
0.0135 0
0.0145 0
0.0155 0
0.0165 0
0.0175 0
0.0185 0
0.0195 0
0.0205 0
0.0215 0
0.0225 0
0.0235 0
0.0245 0
0.0255 0
0.0265 0
0.0275 0
0.0285 0
0.0295 0
0.0305 0
0.0315 0
0.0325 0
0.0335 0
0.0345 0
0.0355 0
0.0365 0
0.0375 0
0.0385 0
0.0395 0
0.0405 0
0.0415 0
0.0425 0
0.0435 0
0.0445 0
0.0455 0
0.0465 0
0.0475 0
0.0485 0
0.0495 0
0.0505 0
0.0515 0
0.0525 0
0.0535 0
0.0545 0
0.0555 0
0.0565 0
0.0575 0
0.0585 0
0.0595 0
0.0605 0
0.0615 0
0.0625 0
0.0635 0
0.0645 0
0.0655 0
0.0665 0
0.0675 0
0.0685 0
0.0695 0
0.0705 0
0.0715 0
0.0725 0
0.0735 0
0.0745 0
0.0755 0
0.0765 0
0.0775 0
0.0785 0
0.0795 0
0.0805 0
0.0815 0
0.0825 0
0.0835 0
0.0845 0
0.0855 0
0.0865 0
0.0875 0
0.0885 0
0.0895 0
0.0905 0
0.0915 0
0.0925 0
0.0935 0
0.0945 0
0.0955 0
0.0965 0
0.0975 0
0.0985 0
0.0995 0
0.1005 0
0.1015 0
0.1025 0
0.1035 0
0.1045 0
0.1055 0
0.1065 0
0.1075 0
0.1085 0
0.1095 0
0.1105 0
0.1115 0
0.1125 0
0.1135 0
0.1145 0
0.1155 0
0.1165 0
0.1175 0
0.1185 0
0.1195 0
0.1205 0
0.1215 0
0.1225 0
0.1235 0
0.1245 0
0.1255 0
0.1265 0
0.1275 0
0.1285 0
0.1295 0
0.1305 0
0.1315 0
0.1325 0
0.1335 0
0.1345 0
0.1355 0
0.1365 0
0.1375 0
0.1385 0
0.1395 0
0.1405 0
0.1415 0
0.1425 0
0.1435 0
0.1445 0
0.1455 0
0.1465 0
0.1475 0
0.1485 0
0.1495 0.25
0.1505 0.5
0.1515 0.5
0.1525 0.5
0.1535 0.5
0.1545 0.5
0.1555 0.5
0.1565 0.5
0.1575 0.5
0.1585 0.5
0.1595 0.5
0.1605 0.5
0.1615 0.5
0.1625 0.5
0.1635 0.5
0.1645 0.5
0.1655 0.5
0.1665 0.5
0.1675 0.5
0.1685 0.5
0.1695 0.5
0.1705 0.5
0.1715 0.5
0.1725 0.5
0.1735 0.5
0.1745 0.5
0.1755 0.5
0.1765 0.5
0.1775 0.5
0.1785 0.5
0.1795 0.5
0.1805 0.5
0.1815 0.5
0.1825 0.5
0.1835 0.5
0.1845 0.5
0.1855 0.5
0.1865 0.5
0.1875 0.5
0.1885 0.5
0.1895 0.5
0.1905 0.5
0.1915 0.5
0.1925 0.5
0.1935 0.5
0.1945 0.5
0.1955 0.5
0.1965 0.5
0.1975 0.5
0.1985 0.5
0.1995 0.5
0.2005 0.5
0.2015 0.5
0.2025 0.5
0.2035 0.5
0.2045 0.5
0.2055 0.5
0.2065 0.5
0.2075 0.5
0.2085 0.5
0.2095 0.5
0.2105 0.5
0.2115 0.5
0.2125 0.5
0.2135 0.5
0.2145 0.5
0.2155 0.5
0.2165 0.5
0.2175 0.5
0.2185 0.5
0.2195 0.5
0.2205 0.5
0.2215 0.5
0.2225 0.5
0.2235 0.5
0.2245 0.5
0.2255 0.5
0.2265 0.5
0.2275 0.5
0.2285 0.5
0.2295 0.5
0.2305 0.5
0.2315 0.5
0.2325 0.5
0.2335 0.5
0.2345 0.5
0.2355 0.5
0.2365 0.5
0.2375 0.5
0.2385 0.5
0.2395 0.5
0.2405 0.5
0.2415 0.5
0.2425 0.5
0.2435 0.5
0.2445 0.5
0.2455 0.5
0.2465 0.5
0.2475 0.5
0.2485 0.5
0.2495 0.5
0.2505 0.5
0.2515 0.5
0.2525 0.5
0.2535 0.5
0.2545 0.5
0.2555 0.5
0.2565 0.5
0.2575 0.5
0.2585 0.5
0.2595 0.5
0.2605 0.5
0.2615 0.5
0.2625 0.5
0.2635 0.5
0.2645 0.5
0.2655 0.5
0.2665 0.5
0.2675 0.5
0.2685 0.5
0.2695 0.5
0.2705 0.5
0.2715 0.5
0.2725 0.5
0.2735 0.5
0.2745 0.5
0.2755 0.5
0.2765 0.5
0.2775 0.5
0.2785 0.5
0.2795 0.5
0.2805 0.5
0.2815 0.5
0.2825 0.5
0.2835 0.5
0.2845 0.5
0.2855 0.5
0.2865 0.5
0.2875 0.5
0.2885 0.5
0.2895 0.5
0.2905 0.5
0.2915 0.5
0.2925 0.5
0.2935 0.5
0.2945 0.5
0.2955 0.5
0.2965 0.5
0.2975 0.5
0.2985 0.5
0.2995 0.5
0.3005 0.5
0.3015 0.5
0.3025 0.5
0.3035 0.5
0.3045 0.5
0.3055 0.5
0.3065 0.5
0.3075 0.5
0.3085 0.5
0.3095 0.5
0.3105 0.5
0.3115 0.5
0.3125 0.5
0.3135 0.5
0.3145 0.5
0.3155 0.5
0.3165 0.5
0.3175 0.5
0.3185 0.5
0.3195 0.5
0.3205 0.5
0.3215 0.5
0.3225 0.5
0.3235 0.5
0.3245 0.5
0.3255 0.5
0.3265 0.5
0.3275 0.5
0.3285 0.5
0.3295 0.5
0.3305 0.5
0.3315 0.5
0.3325 0.5
0.3335 0.5
0.3345 0.5
0.3355 0.5
0.3365 0.5
0.3375 0.5
0.3385 0.5
0.3395 0.5
0.3405 0.5
0.3415 0.5
0.3425 0.5
0.3435 0.5
0.3445 0.5
0.3455 0.5
0.3465 0.5
0.3475 0.5
0.3485 0.5
0.3495 0.25
0.3505 0
0.3515 0
0.3525 0
0.3535 0
0.3545 0
0.3555 0
0.3565 0
0.3575 0
0.3585 0
0.3595 0
0.3605 0
0.3615 0
0.3625 0
0.3635 0
0.3645 0
0.3655 0
0.3665 0
0.3675 0
0.3685 0
0.3695 0
0.3705 0
0.3715 0
0.3725 0
0.3735 0
0.3745 0
0.3755 0
0.3765 0
0.3775 0
0.3785 0
0.3795 0
0.3805 0
0.3815 0
0.3825 0
0.3835 0
0.3845 0
0.3855 0
0.3865 0
0.3875 0
0.3885 0
0.3895 0
0.3905 0
0.3915 0
0.3925 0
0.3935 0
0.3945 0
0.3955 0
0.3965 0
0.3975 0
0.3985 0
0.3995 0
0.4005 0
0.4015 0
0.4025 0
0.4035 0
0.4045 0
0.4055 0
0.4065 0
0.4075 0
0.4085 0
0.4095 0
0.4105 0
0.4115 0
0.4125 0
0.4135 0
0.4145 0
0.4155 0
0.4165 0
0.4175 0
0.4185 0
0.4195 0
0.4205 0
0.4215 0
0.4225 0
0.4235 0
0.4245 0
0.4255 0
0.4265 0
0.4275 0
0.4285 0
0.4295 0
0.4305 0
0.4315 0
0.4325 0
0.4335 0
0.4345 0
0.4355 0
0.4365 0
0.4375 0
0.4385 0
0.4395 0
0.4405 0
0.4415 0
0.4425 0
0.4435 0
0.4445 0
0.4455 0
0.4465 0
0.4475 0
0.4485 0
0.4495 0
0.4505 0
0.4515 0
0.4525 0
0.4535 0
0.4545 0
0.4555 0
0.4565 0
0.4575 0
0.4585 0
0.4595 0
0.4605 0
0.4615 0
0.4625 0
0.4635 0
0.4645 0
0.4655 0
0.4665 0
0.4675 0
0.4685 0
0.4695 0
0.4705 0
0.4715 0
0.4725 0
0.4735 0
0.4745 0
0.4755 0
0.4765 0
0.4775 0
0.4785 0
0.4795 0
0.4805 0
0.4815 0
0.4825 0
0.4835 0
0.4845 0
0.4855 0
0.4865 0
0.4875 0
0.4885 0
0.4895 0
0.4905 0
0.4915 0
0.4925 0
0.4935 0
0.4945 0
0.4955 0
0.4965 0
0.4975 0
0.4985 0
0.4995 0
0.5005 0
0.5015 0
0.5025 0
0.5035 0
0.5045 0
0.5055 0
0.5065 0
0.5075 0
0.5085 0
0.5095 0
0.5105 0
0.5115 0
0.5125 0
0.5135 0
0.5145 0
0.5155 0
0.5165 0
0.5175 0
0.5185 0
0.5195 0
0.5205 0
0.5215 0
0.5225 0
0.5235 0
0.5245 0
0.5255 0
0.5265 0
0.5275 0
0.5285 0
0.5295 0
0.5305 0
0.5315 0
0.5325 0
0.5335 0
0.5345 0
0.5355 0
0.5365 0
0.5375 0
0.5385 0
0.5395 0
0.5405 0
0.5415 0
0.5425 0
0.5435 0
0.5445 0
0.5455 0
0.5465 0
0.5475 0
0.5485 0
0.5495 0
0.5505 0
0.5515 0
0.5525 0
0.5535 0
0.5545 0
0.5555 0
0.5565 0
0.5575 0
0.5585 0
0.5595 0
0.5605 0
0.5615 0
0.5625 0
0.5635 0
0.5645 0
0.5655 0
0.5665 0
0.5675 0
0.5685 0
0.5695 0
0.5705 0
0.5715 0
0.5725 0
0.5735 0
0.5745 0
0.5755 0
0.5765 0
0.5775 0
0.5785 0
0.5795 0
0.5805 0
0.5815 0
0.5825 0
0.5835 0
0.5845 0
0.5855 0
0.5865 0
0.5875 0
0.5885 0
0.5895 0
0.5905 0
0.5915 0
0.5925 0
0.5935 0
0.5945 0
0.5955 0
0.5965 0
0.5975 0
0.5985 0
0.5995 0
0.6005 0
0.6015 0
0.6025 0
0.6035 0
0.6045 0
0.6055 0
0.6065 0
0.6075 0
0.6085 0
0.6095 0
0.6105 0
0.6115 0
0.6125 0
0.6135 0
0.6145 0
0.6155 0
0.6165 0
0.6175 0
0.6185 0
0.6195 0
0.6205 0
0.6215 0
0.6225 0
0.6235 0
0.6245 0
0.6255 0
0.6265 0
0.6275 0
0.6285 0
0.6295 0
0.6305 0
0.6315 0
0.6325 0
0.6335 0
0.6345 0
0.6355 0
0.6365 0
0.6375 0
0.6385 0
0.6395 0
0.6405 0
0.6415 0
0.6425 0
0.6435 0
0.6445 0
0.6455 0
0.6465 0
0.6475 0
0.6485 0
0.6495 0.25
0.6505 0.5
0.6515 0.5
0.6525 0.5
0.6535 0.5
0.6545 0.5
0.6555 0.5
0.6565 0.5
0.6575 0.5
0.6585 0.5
0.6595 0.5
0.6605 0.5
0.6615 0.5
0.6625 0.5
0.6635 0.5
0.6645 0.5
0.6655 0.5
0.6665 0.5
0.6675 0.5
0.6685 0.5
0.6695 0.5
0.6705 0.5
0.6715 0.5
0.6725 0.5
0.6735 0.5
0.6745 0.5
0.6755 0.5
0.6765 0.5
0.6775 0.5
0.6785 0.5
0.6795 0.5
0.6805 0.5
0.6815 0.5
0.6825 0.5
0.6835 0.5
0.6845 0.5
0.6855 0.5
0.6865 0.5
0.6875 0.5
0.6885 0.5
0.6895 0.5
0.6905 0.5
0.6915 0.5
0.6925 0.5
0.6935 0.5
0.6945 0.5
0.6955 0.5
0.6965 0.5
0.6975 0.5
0.6985 0.5
0.6995 0.5
0.7005 0.5
0.7015 0.5
0.7025 0.5
0.7035 0.5
0.7045 0.5
0.7055 0.5
0.7065 0.5
0.7075 0.5
0.7085 0.5
0.7095 0.5
0.7105 0.5
0.7115 0.5
0.7125 0.5
0.7135 0.5
0.7145 0.5
0.7155 0.5
0.7165 0.5
0.7175 0.5
0.7185 0.5
0.7195 0.5
0.7205 0.5
0.7215 0.5
0.7225 0.5
0.7235 0.5
0.7245 0.5
0.7255 0.5
0.7265 0.5
0.7275 0.5
0.7285 0.5
0.7295 0.5
0.7305 0.5
0.7315 0.5
0.7325 0.5
0.7335 0.5
0.7345 0.5
0.7355 0.5
0.7365 0.5
0.7375 0.5
0.7385 0.5
0.7395 0.5
0.7405 0.5
0.7415 0.5
0.7425 0.5
0.7435 0.5
0.7445 0.5
0.7455 0.5
0.7465 0.5
0.7475 0.5
0.7485 0.5
0.7495 0.5
0.7505 0.5
0.7515 0.5
0.7525 0.5
0.7535 0.5
0.7545 0.5
0.7555 0.5
0.7565 0.5
0.7575 0.5
0.7585 0.5
0.7595 0.5
0.7605 0.5
0.7615 0.5
0.7625 0.5
0.7635 0.5
0.7645 0.5
0.7655 0.5
0.7665 0.5
0.7675 0.5
0.7685 0.5
0.7695 0.5
0.7705 0.5
0.7715 0.5
0.7725 0.5
0.7735 0.5
0.7745 0.5
0.7755 0.5
0.7765 0.5
0.7775 0.5
0.7785 0.5
0.7795 0.5
0.7805 0.5
0.7815 0.5
0.7825 0.5
0.7835 0.5
0.7845 0.5
0.7855 0.5
0.7865 0.5
0.7875 0.5
0.7885 0.5
0.7895 0.5
0.7905 0.5
0.7915 0.5
0.7925 0.5
0.7935 0.5
0.7945 0.5
0.7955 0.5
0.7965 0.5
0.7975 0.5
0.7985 0.5
0.7995 0.5
0.8005 0.5
0.8015 0.5
0.8025 0.5
0.8035 0.5
0.8045 0.5
0.8055 0.5
0.8065 0.5
0.8075 0.5
0.8085 0.5
0.8095 0.5
0.8105 0.5
0.8115 0.5
0.8125 0.5
0.8135 0.5
0.8145 0.5
0.8155 0.5
0.8165 0.5
0.8175 0.5
0.8185 0.5
0.8195 0.5
0.8205 0.5
0.8215 0.5
0.8225 0.5
0.8235 0.5
0.8245 0.5
0.8255 0.5
0.8265 0.5
0.8275 0.5
0.8285 0.5
0.8295 0.5
0.8305 0.5
0.8315 0.5
0.8325 0.5
0.8335 0.5
0.8345 0.5
0.8355 0.5
0.8365 0.5
0.8375 0.5
0.8385 0.5
0.8395 0.5
0.8405 0.5
0.8415 0.5
0.8425 0.5
0.8435 0.5
0.8445 0.5
0.8455 0.5
0.8465 0.5
0.8475 0.5
0.8485 0.5
0.8495 0.25
0.8505 0
0.8515 0
0.8525 0
0.8535 0
0.8545 0
0.8555 0
0.8565 0
0.8575 0
0.8585 0
0.8595 0
0.8605 0
0.8615 0
0.8625 0
0.8635 0
0.8645 0
0.8655 0
0.8665 0
0.8675 0
0.8685 0
0.8695 0
0.8705 0
0.8715 0
0.8725 0
0.8735 0
0.8745 0
0.8755 0
0.8765 0
0.8775 0
0.8785 0
0.8795 0
0.8805 0
0.8815 0
0.8825 0
0.8835 0
0.8845 0
0.8855 0
0.8865 0
0.8875 0
0.8885 0
0.8895 0
0.8905 0
0.8915 0
0.8925 0
0.8935 0
0.8945 0
0.8955 0
0.8965 0
0.8975 0
0.8985 0
0.8995 0
0.9005 0
0.9015 0
0.9025 0
0.9035 0
0.9045 0
0.9055 0
0.9065 0
0.9075 0
0.9085 0
0.9095 0
0.9105 0
0.9115 0
0.9125 0
0.9135 0
0.9145 0
0.9155 0
0.9165 0
0.9175 0
0.9185 0
0.9195 0
0.9205 0
0.9215 0
0.9225 0
0.9235 0
0.9245 0
0.9255 0
0.9265 0
0.9275 0
0.9285 0
0.9295 0
0.9305 0
0.9315 0
0.9325 0
0.9335 0
0.9345 0
0.9355 0
0.9365 0
0.9375 0
0.9385 0
0.9395 0
0.9405 0
0.9415 0
0.9425 0
0.9435 0
0.9445 0
0.9455 0
0.9465 0
0.9475 0
0.9485 0
0.9495 0
0.9505 0
0.9515 0
0.9525 0
0.9535 0
0.9545 0
0.9555 0
0.9565 0
0.9575 0
0.9585 0
0.9595 0
0.9605 0
0.9615 0
0.9625 0
0.9635 0
0.9645 0
0.9655 0
0.9665 0
0.9675 0
0.9685 0
0.9695 0
0.9705 0
0.9715 0
0.9725 0
0.9735 0
0.9745 0
0.9755 0
0.9765 0
0.9775 0
0.9785 0
0.9795 0
0.9805 0
0.9815 0
0.9825 0
0.9835 0
0.9845 0
0.9855 0
0.9865 0
0.9875 0
0.9885 0
0.9895 0
0.9905 0
0.9915 0
0.9925 0
0.9935 0
0.9945 0
0.9955 0
0.9965 0
0.9975 0
0.9985 0
0.9995 0

# time = 0.5
0.0005 0.982422
0.0015 0.995605
0.0025 1.00684
0.0035 1.00049
0.0045 1
0.0055 1
0.0065 1
0.0075 1
0.0085 1
0.0095 1
0.0105 1
0.0115 1
0.0125 1
0.0135 1
0.0145 1
0.0155 1
0.0165 1
0.0175 1
0.0185 1
0.0195 1
0.0205 1
0.0215 1
0.0225 1.00049
0.0235 1.00098
0.0245 1.00049
0.0255 0.998047
0.0265 1
0.0275 1.00195
0.0285 1
0.0295 1
0.0305 1
0.0315 1
0.0325 1
0.0335 1
0.0345 1
0.0355 1
0.0365 1
0.0375 1
0.0385 1
0.0395 1
0.0405 1
0.0415 1
0.0425 1
0.0435 1
0.0445 1
0.0455 1
0.0465 1
0.0475 1.00098
0.0485 1.01074
0.0495 0.962891
0.0505 0.960938
0.0515 1
0.0525 0.992188
0.0535 1
0.0545 1
0.0555 1
0.0565 1
0.0575 1
0.0585 1
0.0595 1
0.0605 1
0.0615 1
0.0625 1
0.0635 1
0.0645 1
0.0655 1
0.0665 1
0.0675 1
0.0685 1
0.0695 1
0.0705 1
0.0715 1
0.0725 1
0.0735 0.992188
0.0745 0.992188
0.0755 1
0.0765 1
0.0775 1
0.0785 1
0.0795 1
0.0805 1
0.0815 1
0.0825 1
0.0835 1
0.0845 1
0.0855 1
0.0865 1
0.0875 1
0.0885 1
0.0895 1
0.0905 1
0.0915 1
0.0925 1
0.0935 1
0.0945 1
0.0955 1
0.0965 1
0.0975 1
0.0985 0.984375
0.0995 0.546875
0.1005 0.0625
0.1015 0
0.1025 0
0.1035 0
0.1045 0
0.1055 0
0.1065 0
0.1075 0
0.1085 0
0.1095 0
0.1105 0
0.1115 0
0.1125 0
0.1135 0
0.1145 0
0.1155 0
0.1165 0
0.1175 0
0.1185 0
0.1195 0
0.1205 0
0.1215 0
0.1225 0
0.1235 0
0.1245 0
0.1255 0
0.1265 0
0.1275 0
0.1285 0
0.1295 0
0.1305 0
0.1315 0
0.1325 0
0.1335 0
0.1345 0
0.1355 0
0.1365 0
0.1375 0
0.1385 0
0.1395 0
0.1405 0
0.1415 0
0.1425 0
0.1435 0
0.1445 0
0.1455 0
0.1465 0
0.1475 0
0.1485 0
0.1495 0
0.1505 0
0.1515 0
0.1525 0
0.1535 0
0.1545 0
0.1555 0
0.1565 0
0.1575 0
0.1585 0
0.1595 0
0.1605 0
0.1615 0
0.1625 0
0.1635 0
0.1645 0
0.1655 0
0.1665 0
0.1675 0
0.1685 0
0.1695 0
0.1705 0
0.1715 0
0.1725 0
0.1735 0
0.1745 0
0.1755 0
0.1765 0
0.1775 0
0.1785 0
0.1795 0
0.1805 0
0.1815 0
0.1825 0
0.1835 0
0.1845 0
0.1855 0
0.1865 0
0.1875 0
0.1885 0
0.1895 0
0.1905 0
0.1915 0
0.1925 0
0.1935 0
0.1945 0
0.1955 0
0.1965 0
0.1975 0
0.1985 0
0.1995 0
0.2005 0
0.2015 0
0.2025 0
0.2035 0
0.2045 0
0.2055 0
0.2065 0
0.2075 0
0.2085 0
0.2095 0
0.2105 0
0.2115 0
0.2125 0
0.2135 0
0.2145 0
0.2155 0
0.2165 0
0.2175 0
0.2185 0
0.2195 0
0.2205 0
0.2215 0
0.2225 0
0.2235 0
0.2245 0
0.2255 0
0.2265 0
0.2275 0
0.2285 0
0.2295 0
0.2305 0
0.2315 0
0.2325 0
0.2335 0
0.2345 0
0.2355 0
0.2365 0
0.2375 0
0.2385 0
0.2395 0
0.2405 0
0.2415 0
0.2425 0
0.2435 0
0.2445 0
0.2455 0
0.2465 0
0.2475 0
0.2485 0
0.2495 0
0.2505 0
0.2515 0
0.2525 0
0.2535 0
0.2545 0
0.2555 0
0.2565 0
0.2575 0
0.2585 0
0.2595 0
0.2605 0
0.2615 0
0.2625 0
0.2635 0
0.2645 0
0.2655 0
0.2665 0
0.2675 0
0.2685 0
0.2695 0
0.2705 0
0.2715 0
0.2725 0
0.2735 0
0.2745 0
0.2755 0
0.2765 0
0.2775 0
0.2785 0
0.2795 0
0.2805 0
0.2815 0
0.2825 0
0.2835 0
0.2845 0
0.2855 0
0.2865 0
0.2875 0
0.2885 0
0.2895 0
0.2905 0
0.2915 0
0.2925 0
0.2935 0
0.2945 0
0.2955 0
0.2965 0
0.2975 0
0.2985 0
0.2995 0
0.3005 0
0.3015 0
0.3025 0
0.3035 0
0.3045 0
0.3055 0
0.3065 0
0.3075 0
0.3085 0
0.3095 0
0.3105 0
0.3115 0
0.3125 0
0.3135 0
0.3145 0
0.3155 0
0.3165 0
0.3175 0
0.3185 0
0.3195 0
0.3205 0
0.3215 0
0.3225 0
0.3235 0
0.3245 0
0.3255 0
0.3265 0
0.3275 0
0.3285 0
0.3295 0
0.3305 0
0.3315 0
0.3325 0
0.3335 0
0.3345 0
0.3355 0
0.3365 0
0.3375 0
0.3385 0
0.3395 0
0.3405 0
0.3415 0
0.3425 0
0.3435 0
0.3445 0
0.3455 0
0.3465 0
0.3475 0
0.3485 0
0.3495 0
0.3505 0
0.3515 0
0.3525 0
0.3535 0
0.3545 0
0.3555 0
0.3565 0
0.3575 0
0.3585 0
0.3595 0
0.3605 0
0.3615 0
0.3625 0
0.3635 0
0.3645 0
0.3655 0
0.3665 0
0.3675 0
0.3685 0
0.3695 0
0.3705 0
0.3715 0
0.3725 0
0.3735 0
0.3745 0
0.3755 0
0.3765 0
0.3775 0
0.3785 0
0.3795 0
0.3805 0
0.3815 0
0.3825 0
0.3835 0
0.3845 0
0.3855 0
0.3865 0
0.3875 0
0.3885 0
0.3895 0
0.3905 0
0.3915 0
0.3925 0
0.3935 0
0.3945 0
0.3955 0
0.3965 0
0.3975 0
0.3985 0
0.3995 0
0.4005 0
0.4015 0
0.4025 0
0.4035 0
0.4045 0
0.4055 0
0.4065 0
0.4075 0
0.4085 0
0.4095 0
0.4105 0
0.4115 0
0.4125 0
0.4135 0
0.4145 0
0.4155 0
0.4165 0
0.4175 0
0.4185 0
0.4195 0
0.4205 0
0.4215 0
0.4225 0
0.4235 0
0.4245 0
0.4255 0
0.4265 0
0.4275 0
0.4285 0
0.4295 0
0.4305 0
0.4315 0
0.4325 0
0.4335 0
0.4345 0
0.4355 0
0.4365 0
0.4375 0
0.4385 0
0.4395 0
0.4405 0
0.4415 0
0.4425 0
0.4435 0
0.4445 0
0.4455 0
0.4465 0
0.4475 0
0.4485 0
0.4495 0
0.4505 0
0.4515 0
0.4525 0
0.4535 0
0.4545 0
0.4555 0
0.4565 0
0.4575 0
0.4585 0
0.4595 0
0.4605 0
0.4615 0
0.4625 0
0.4635 0
0.4645 0
0.4655 0
0.4665 0
0.4675 0
0.4685 0
0.4695 0
0.4705 0
0.4715 0
0.4725 0
0.4735 0
0.4745 0
0.4755 0
0.4765 0
0.4775 0
0.4785 0
0.4795 0
0.4805 0
0.4815 0
0.4825 0
0.4835 0
0.4845 0
0.4855 0
0.4865 0
0.4875 0
0.4885 0
0.4895 0
0.4905 0
0.4915 0
0.4925 0
0.4935 0
0.4945 0
0.4955 0
0.4965 0
0.4975 0
0.4985 0
0.4995 0
0.5005 0
0.5015 0
0.5025 0
0.5035 0
0.5045 0
0.5055 0
0.5065 0
0.5075 0
0.5085 0
0.5095 0
0.5105 0
0.5115 0
0.5125 0
0.5135 0
0.5145 0
0.5155 0
0.5165 0
0.5175 0
0.5185 0
0.5195 0
0.5205 0
0.5215 0
0.5225 0
0.5235 0
0.5245 0
0.5255 0
0.5265 0
0.5275 0
0.5285 0
0.5295 0
0.5305 0
0.5315 0
0.5325 0
0.5335 0
0.5345 0
0.5355 0
0.5365 0
0.5375 0
0.5385 0
0.5395 0
0.5405 0
0.5415 0
0.5425 0
0.5435 0
0.5445 0
0.5455 0
0.5465 0
0.5475 0
0.5485 0
0.5495 0
0.5505 0
0.5515 0
0.5525 0
0.5535 0
0.5545 0
0.5555 0
0.5565 0
0.5575 0
0.5585 0
0.5595 0
0.5605 0
0.5615 0
0.5625 0
0.5635 0
0.5645 0
0.5655 0
0.5665 0
0.5675 0
0.5685 0
0.5695 0
0.5705 0
0.5715 0
0.5725 0
0.5735 0
0.5745 0
0.5755 0
0.5765 0
0.5775 0
0.5785 0
0.5795 0
0.5805 0
0.5815 0
0.5825 0
0.5835 0
0.5845 0
0.5855 0
0.5865 0
0.5875 0
0.5885 0
0.5895 0
0.5905 0
0.5915 0
0.5925 0
0.5935 0
0.5945 0
0.5955 0
0.5965 0
0.5975 0
0.5985 0
0.5995 0
0.6005 0
0.6015 0
0.6025 0
0.6035 0
0.6045 0
0.6055 0
0.6065 0
0.6075 0
0.6085 0
0.6095 0
0.6105 0
0.6115 0
0.6125 0
0.6135 0
0.6145 0
0.6155 0
0.6165 0
0.6175 0
0.6185 0
0.6195 0
0.6205 0
0.6215 0
0.6225 0
0.6235 0
0.6245 0
0.6255 0
0.6265 0
0.6275 0
0.6285 0
0.6295 0
0.6305 0
0.6315 0
0.6325 0
0.6335 0
0.6345 0
0.6355 0
0.6365 0
0.6375 0
0.6385 0
0.6395 0
0.6405 0
0.6415 0
0.6425 0
0.6435 0
0.6445 0
0.6455 0
0.6465 0
0.6475 0
0.6485 0
0.6495 0
0.6505 0
0.6515 0
0.6525 0
0.6535 0
0.6545 0
0.6555 0
0.6565 0
0.6575 0
0.6585 0
0.6595 0
0.6605 0
0.6615 0
0.6625 0
0.6635 0
0.6645 0
0.6655 0
0.6665 0
0.6675 0
0.6685 0
0.6695 0
0.6705 0
0.6715 0
0.6725 0
0.6735 0
0.6745 0
0.6755 0
0.6765 0
0.6775 0
0.6785 0
0.6795 0
0.6805 0
0.6815 0
0.6825 0
0.6835 0
0.6845 0
0.6855 0
0.6865 0
0.6875 0
0.6885 0
0.6895 0
0.6905 0
0.6915 0
0.6925 0
0.6935 0
0.6945 0
0.6955 0
0.6965 0
0.6975 0
0.6985 0
0.6995 0
0.7005 0
0.7015 0
0.7025 0
0.7035 0
0.7045 0
0.7055 0
0.7065 0
0.7075 0
0.7085 0
0.7095 0
0.7105 0
0.7115 0
0.7125 0
0.7135 0
0.7145 0
0.7155 0
0.7165 0
0.7175 0
0.7185 0
0.7195 0
0.7205 0
0.7215 0
0.7225 0
0.7235 0
0.7245 0
0.7255 0
0.7265 0
0.7275 0
0.7285 0
0.7295 0
0.7305 0
0.7315 0
0.7325 0
0.7335 0
0.7345 0
0.7355 0
0.7365 0
0.7375 0
0.7385 0
0.7395 0
0.7405 0
0.7415 0
0.7425 0
0.7435 0
0.7445 0
0.7455 0
0.7465 0
0.7475 0
0.7485 0
0.7495 0
0.7505 0
0.7515 0
0.7525 0
0.7535 0
0.7545 0
0.7555 0
0.7565 0
0.7575 0
0.7585 0
0.7595 0
0.7605 0
0.7615 0
0.7625 0
0.7635 0
0.7645 0
0.7655 0
0.7665 0
0.7675 0
0.7685 0
0.7695 0
0.7705 0
0.7715 0
0.7725 0
0.7735 0
0.7745 0
0.7755 0
0.7765 0
0.7775 0
0.7785 0
0.7795 0
0.7805 0
0.7815 0
0.7825 0
0.7835 0
0.7845 0
0.7855 0
0.7865 0
0.7875 0
0.7885 0
0.7895 0
0.7905 0
0.7915 0
0.7925 0
0.7935 0
0.7945 0
0.7955 0
0.7965 0
0.7975 0
0.7985 0
0.7995 0
0.8005 0
0.8015 0
0.8025 0
0.8035 0
0.8045 0
0.8055 0
0.8065 0
0.8075 0
0.8085 0
0.8095 0
0.8105 0
0.8115 0
0.8125 0
0.8135 0
0.8145 0
0.8155 0
0.8165 0
0.8175 0
0.8185 0
0.8195 0
0.8205 0
0.8215 0
0.8225 0
0.8235 0
0.8245 0
0.8255 0
0.8265 0
0.8275 0
0.8285 0
0.8295 0
0.8305 0
0.8315 0
0.8325 0
0.8335 0
0.8345 0
0.8355 0
0.8365 0
0.8375 0
0.8385 0
0.8395 0
0.8405 0
0.8415 0
0.8425 0
0.8435 0
0.8445 0
0.8455 0
0.8465 0
0.8475 0
0.8485 0
0.8495 0
0.8505 0
0.8515 0
0.8525 0
0.8535 0
0.8545 0
0.8555 0
0.8565 0
0.8575 0
0.8585 0
0.8595 0
0.8605 0
0.8615 0
0.8625 0
0.8635 0
0.8645 0
0.8655 0
0.8665 0
0.8675 0
0.8685 0
0.8695 0
0.8705 0
0.8715 0
0.8725 0
0.8735 0
0.8745 0
0.8755 0
0.8765 0
0.8775 0
0.8785 0
0.8795 0
0.8805 0
0.8815 0
0.8825 0
0.8835 0
0.8845 0
0.8855 0
0.8865 0
0.8875 0
0.8885 0
0.8895 0
0.8905 0
0.8915 0
0.8925 0
0.8935 0
0.8945 0
0.8955 0
0.8965 0
0.8975 0
0.8985 0.0625
0.8995 0.5625
0.9005 0.96875
0.9015 0.96875
0.9025 1
0.9035 1
0.9045 1
0.9055 1
0.9065 1
0.9075 1
0.9085 1
0.9095 1
0.9105 1
0.9115 1
0.9125 1
0.9135 1
0.9145 1
0.9155 1
0.9165 1
0.9175 1
0.9185 1
0.9195 1
0.9205 1
0.9215 1
0.9225 1
0.9235 1
0.9245 1
0.9255 1.00781
0.9265 1.00781
0.9275 1
0.9285 1
0.9295 1
0.9305 1
0.9315 1
0.9325 1
0.9335 1
0.9345 1
0.9355 1
0.9365 1
0.9375 1
0.9385 1
0.9395 1
0.9405 1
0.9415 1
0.9425 1
0.9435 1
0.9445 1
0.9455 1
0.9465 1
0.9475 0.996094
0.9485 0.953125
0.9495 0.941406
0.9505 1.01172
0.9515 1.0293
0.9525 1.00195
0.9535 1
0.9545 1
0.9555 1
0.9565 1
0.9575 1
0.9585 1
0.9595 1
0.9605 1
0.9615 1
0.9625 1
0.9635 1
0.9645 1
0.9655 1
0.9665 1
0.9675 1
0.9685 1
0.9695 1
0.9705 1
0.9715 1
0.9725 0.998047
0.9735 1
0.9745 1.00195
0.9755 0.999512
0.9765 0.999023
0.9775 0.999512
0.9785 1
0.9795 1
0.9805 1
0.9815 1
0.9825 1
0.9835 1
0.9845 1
0.9855 1
0.9865 1
0.9875 1
0.9885 1
0.9895 1
0.9905 1
0.9915 1
0.9925 1
0.9935 1
0.9945 1
0.9955 1
0.9965 1.00024
0.9975 1.00244
0.9985 0.988037
0.9995 0.999512

# time = 0.75
0.0005 0.00367447
0.0015 -0.00366846
0.0025 -0.000255624
0.0035 0.000360813
0.0045 3.15942e-05
0.0055 -3.05474e-07
0.0065 3.53903e-08
0.0075 -1.86264e-09
0.0085 -4.65655e-10
0.0095 0
0.0105 0
0.0115 0
0.0125 0
0.0135 0
0.0145 0
0.0155 0
0.0165 0
0.0175 -4.65669e-10
0.0185 3.72528e-09
0.0195 5.58794e-08
0.0205 -6.51926e-07
0.0215 3.55933e-05
0.0225 -2.43522e-05
0.0235 -0.00439997
0.0245 -0.00493255
0.0255 -0.00059949
0.0265 -0.000106262
0.0275 4.25931e-05
0.0285 0.000140002
0.0295 -2.37115e-06
0.0305 2.36556e-07
0.0315 1.30385e-08
0.0325 -1.86265e-09
0.0335 0
0.0345 0
0.0355 0
0.0365 0
0.0375 0
0.0385 0
0.0395 0
0.0405 0
0.0415 0
0.0425 -9.31324e-10
0.0435 -9.31318e-10
0.0445 9.59262e-08
0.0455 -8.20495e-07
0.0465 6.22002e-05
0.0475 0.000533204
0.0485 -0.00365367
0.0495 0.00272484
0.0505 0.0174928
0.0515 0.00437444
0.0525 -0.00677143
0.0535 -0.000497274
0.0545 3.8743e-06
0.0555 -4.84288e-07
0.0565 4.47035e-08
0.0575 7.45058e-09
0.0585 0
0.0595 0
0.0605 0
0.0615 0
0.0625 0
0.0635 0
0.0645 0
0.0655 0
0.0665 0
0.0675 0
0.0685 7.45058e-09
0.0695 -4.47035e-08
0.0705 -9.90927e-07
0.0715 8.49366e-06
0.0725 -0.000551514
0.0735 -0.000721887
0.0745 -0.000296839
0.0755 0.00210112
0.0765 2.70307e-05
0.0775 -0.0021762
0.0785 2.98619e-05
0.0795 -4.11272e-06
0.0805 -1.49012e-07
0.0815 2.98023e-08
0.0825 0
0.0835 0
0.0845 0
0.0855 0
0.0865 0
0.0875 0
0.0885 0
0.0895 0
0.0905 0
0.0915 0
0.0925 0
0.0935 1.49012e-08
0.0945 4.47035e-08
0.0955 -1.46031e-06
0.0965 1.01626e-05
0.0975 -0.000973418
0.0985 -0.0104883
0.0995 0.0362012
0.1005 0.0384815
0.1015 0.000685215
0.1025 0.0078522
0.1035 -4.91142e-05
0.1045 5.96046e-06
0.1055 -9.53674e-07
0.1065 -1.19209e-07
0.1075 0
0.1085 0
0.1095 0
0.1105 0
0.1115 0
0.1125 0
0.1135 0
0.1145 0
0.1155 0
0.1165 0
0.1175 0
0.1185 0
0.1195 -1.19209e-07
0.1205 4.76837e-07
0.1215 1.69277e-05
0.1225 -0.00010252
0.1235 0.00860226
0.1245 0.00849414
0.1255 8.96454e-05
0.1265 -9.15527e-05
0.1275 -0.000340939
0.1285 6.91414e-05
0.1295 1.43051e-06
0.1305 -4.76837e-07
0.1315 0
0.1325 0
0.1335 0
0.1345 0
0.1355 0
0.1365 0
0.1375 0
0.1385 0
0.1395 0
0.1405 0
0.1415 0
0.1425 0
0.1435 0
0.1445 -2.38419e-07
0.1455 -1.19209e-06
0.1465 2.12193e-05
0.1475 -0.000118971
0.1485 0.0153155
0.1495 0.202518
0.1505 0.43615
0.1515 0.499813
0.1525 0.500648
0.1535 0.499941
0.1545 0.500019
0.1555 0.500002
0.1565 0.5
0.1575 0.5
0.1585 0.5
0.1595 0.5
0.1605 0.5
0.1615 0.5
0.1625 0.5
0.1635 0.5
0.1645 0.5
0.1655 0.5
0.1665 0.5
0.1675 0.5
0.1685 0.5
0.1695 0.5
0.1705 0.500002
0.1715 0.499996
0.1725 0.49972
0.1735 0.501083
0.1745 0.50145
0.1755 0.501091
0.1765 0.499886
0.1775 0.498871
0.1785 0.499992
0.1795 0.500008
0.1805 0.5
0.1815 0.5
0.1825 0.5
0.1835 0.5
0.1845 0.5
0.1855 0.5
0.1865 0.5
0.1875 0.5
0.1885 0.5
0.1895 0.5
0.1905 0.5
0.1915 0.5
0.1925 0.5
0.1935 0.5
0.1945 0.5
0.1955 0.500004
0.1965 0.500027
0.1975 0.49971
0.1985 0.501297
0.1995 0.494652
0.2005 0.496246
0.2015 0.503784
0.2025 0.500244
0.2035 0.499634
0.2045 0.499969
0.2055 0.5
0.2065 0.5
0.2075 0.5
0.2085 0.5
0.2095 0.5
0.2105 0.5
0.2115 0.5
0.2125 0.5
0.2135 0.5
0.2145 0.5
0.2155 0.5
0.2165 0.5
0.2175 0.5
0.2185 0.5
0.2195 0.5
0.2205 0.5
0.2215 0.499969
0.2225 0.5
0.2235 0.504517
0.2245 0.504974
0.2255 0.50061
0.2265 0.500122
0.2275 0.499878
0.2285 0.499878
0.2295 0.5
0.2305 0.5
0.2315 0.5
0.2325 0.5
0.2335 0.5
0.2345 0.5
0.2355 0.5
0.2365 0.5
0.2375 0.5
0.2385 0.5
0.2395 0.5
0.2405 0.5
0.2415 0.5
0.2425 0.5
0.2435 0.5
0.2445 0.5
0.2455 0.5
0.2465 0.499939
0.2475 0.499451
0.2485 0.503601
0.2495 0.497253
0.2505 0.482422
0.2515 0.495605
0.2525 0.506836
0.2535 0.500488
0.2545 0.5
0.2555 0.5
0.2565 0.5
0.2575 0.5
0.2585 0.5
0.2595 0.5
0.2605 0.5
0.2615 0.5
0.2625 0.5
0.2635 0.5
0.2645 0.5
0.2655 0.5
0.2665 0.5
0.2675 0.5
0.2685 0.5
0.2695 0.5
0.2705 0.5
0.2715 0.5
0.2725 0.500488
0.2735 0.500977
0.2745 0.500488
0.2755 0.498047
0.2765 0.5
0.2775 0.501953
0.2785 0.5
0.2795 0.5
0.2805 0.5
0.2815 0.5
0.2825 0.5
0.2835 0.5
0.2845 0.5
0.2855 0.5
0.2865 0.5
0.2875 0.5
0.2885 0.5
0.2895 0.5
0.2905 0.5
0.2915 0.5
0.2925 0.5
0.2935 0.5
0.2945 0.5
0.2955 0.5
0.2965 0.5
0.2975 0.500977
0.2985 0.510742
0.2995 0.462891
0.3005 0.460938
0.3015 0.5
0.3025 0.492188
0.3035 0.5
0.3045 0.5
0.3055 0.5
0.3065 0.5
0.3075 0.5
0.3085 0.5
0.3095 0.5
0.3105 0.5
0.3115 0.5
0.3125 0.5
0.3135 0.5
0.3145 0.5
0.3155 0.5
0.3165 0.5
0.3175 0.5
0.3185 0.5
0.3195 0.5
0.3205 0.5
0.3215 0.5
0.3225 0.5
0.3235 0.492188
0.3245 0.492188
0.3255 0.5
0.3265 0.5
0.3275 0.5
0.3285 0.5
0.3295 0.5
0.3305 0.5
0.3315 0.5
0.3325 0.5
0.3335 0.5
0.3345 0.5
0.3355 0.5
0.3365 0.5
0.3375 0.5
0.3385 0.5
0.3395 0.5
0.3405 0.5
0.3415 0.5
0.3425 0.5
0.3435 0.5
0.3445 0.5
0.3455 0.5
0.3465 0.5
0.3475 0.5
0.3485 0.484375
0.3495 0.296875
0.3505 0.0625
0.3515 0
0.3525 0
0.3535 0
0.3545 0
0.3555 0
0.3565 0
0.3575 0
0.3585 0
0.3595 0
0.3605 0
0.3615 0
0.3625 0
0.3635 0
0.3645 0
0.3655 0
0.3665 0
0.3675 0
0.3685 0
0.3695 0
0.3705 0
0.3715 0
0.3725 0
0.3735 0
0.3745 0
0.3755 0
0.3765 0
0.3775 0
0.3785 0
0.3795 0
0.3805 0
0.3815 0
0.3825 0
0.3835 0
0.3845 0
0.3855 0
0.3865 0
0.3875 0
0.3885 0
0.3895 0
0.3905 0
0.3915 0
0.3925 0
0.3935 0
0.3945 0
0.3955 0
0.3965 0
0.3975 0
0.3985 0
0.3995 0
0.4005 0
0.4015 0
0.4025 0
0.4035 0
0.4045 0
0.4055 0
0.4065 0
0.4075 0
0.4085 0
0.4095 0
0.4105 0
0.4115 0
0.4125 0
0.4135 0
0.4145 0
0.4155 0
0.4165 0
0.4175 0
0.4185 0
0.4195 0
0.4205 0
0.4215 0
0.4225 0
0.4235 0
0.4245 0
0.4255 0
0.4265 0
0.4275 0
0.4285 0
0.4295 0
0.4305 0
0.4315 0
0.4325 0
0.4335 0
0.4345 0
0.4355 0
0.4365 0
0.4375 0
0.4385 0
0.4395 0
0.4405 0
0.4415 0
0.4425 0
0.4435 0
0.4445 0
0.4455 0
0.4465 0
0.4475 0
0.4485 0
0.4495 0
0.4505 0
0.4515 0
0.4525 0
0.4535 0
0.4545 0
0.4555 0
0.4565 0
0.4575 0
0.4585 0
0.4595 0
0.4605 0
0.4615 0
0.4625 0
0.4635 0
0.4645 0
0.4655 0
0.4665 0
0.4675 0
0.4685 0
0.4695 0
0.4705 0
0.4715 0
0.4725 0
0.4735 0
0.4745 0
0.4755 0
0.4765 0
0.4775 0
0.4785 0
0.4795 0
0.4805 0
0.4815 0
0.4825 0
0.4835 0
0.4845 0
0.4855 0
0.4865 0
0.4875 0
0.4885 0
0.4895 0
0.4905 0
0.4915 0
0.4925 0
0.4935 0
0.4945 0
0.4955 0
0.4965 0
0.4975 0
0.4985 0
0.4995 0
0.5005 0
0.5015 0
0.5025 0
0.5035 0
0.5045 0
0.5055 0
0.5065 0
0.5075 0
0.5085 0
0.5095 0
0.5105 0
0.5115 0
0.5125 0
0.5135 0
0.5145 0
0.5155 0
0.5165 0
0.5175 0
0.5185 0
0.5195 0
0.5205 0
0.5215 0
0.5225 0
0.5235 0
0.5245 0
0.5255 0
0.5265 0
0.5275 0
0.5285 0
0.5295 0
0.5305 0
0.5315 0
0.5325 0
0.5335 0
0.5345 0
0.5355 0
0.5365 0
0.5375 0
0.5385 0
0.5395 0
0.5405 0
0.5415 0
0.5425 0
0.5435 0
0.5445 0
0.5455 0
0.5465 0
0.5475 0
0.5485 0
0.5495 0
0.5505 0
0.5515 0
0.5525 0
0.5535 0
0.5545 0
0.5555 0
0.5565 0
0.5575 0
0.5585 0
0.5595 0
0.5605 0
0.5615 0
0.5625 0
0.5635 0
0.5645 0
0.5655 0
0.5665 0
0.5675 0
0.5685 0
0.5695 0
0.5705 0
0.5715 0
0.5725 0
0.5735 0
0.5745 0
0.5755 0
0.5765 0
0.5775 0
0.5785 0
0.5795 0
0.5805 0
0.5815 0
0.5825 0
0.5835 0
0.5845 0
0.5855 0
0.5865 0
0.5875 0
0.5885 0
0.5895 0
0.5905 0
0.5915 0
0.5925 0
0.5935 0
0.5945 0
0.5955 0
0.5965 0
0.5975 0
0.5985 0
0.5995 0
0.6005 0
0.6015 0
0.6025 0
0.6035 0
0.6045 0
0.6055 0
0.6065 0
0.6075 0
0.6085 0
0.6095 0
0.6105 0
0.6115 0
0.6125 0
0.6135 0
0.6145 0
0.6155 0
0.6165 0
0.6175 0
0.6185 0
0.6195 0
0.6205 0
0.6215 0
0.6225 0
0.6235 0
0.6245 0
0.6255 0
0.6265 0
0.6275 0
0.6285 0
0.6295 0
0.6305 0
0.6315 0
0.6325 0
0.6335 0
0.6345 0
0.6355 0
0.6365 0
0.6375 0
0.6385 0
0.6395 0
0.6405 0
0.6415 0
0.6425 0
0.6435 0
0.6445 0
0.6455 0
0.6465 0
0.6475 0
0.6485 0.0625
0.6495 0.3125
0.6505 0.46875
0.6515 0.46875
0.6525 0.5
0.6535 0.5
0.6545 0.5
0.6555 0.5
0.6565 0.5
0.6575 0.5
0.6585 0.5
0.6595 0.5
0.6605 0.5
0.6615 0.5
0.6625 0.5
0.6635 0.5
0.6645 0.5
0.6655 0.5
0.6665 0.5
0.6675 0.5
0.6685 0.5
0.6695 0.5
0.6705 0.5
0.6715 0.5
0.6725 0.5
0.6735 0.5
0.6745 0.5
0.6755 0.507813
0.6765 0.507813
0.6775 0.5
0.6785 0.5
0.6795 0.5
0.6805 0.5
0.6815 0.5
0.6825 0.5
0.6835 0.5
0.6845 0.5
0.6855 0.5
0.6865 0.5
0.6875 0.5
0.6885 0.5
0.6895 0.5
0.6905 0.5
0.6915 0.5
0.6925 0.5
0.6935 0.5
0.6945 0.5
0.6955 0.5
0.6965 0.5
0.6975 0.496094
0.6985 0.453125
0.6995 0.441406
0.7005 0.511719
0.7015 0.529297
0.7025 0.501953
0.7035 0.5
0.7045 0.5
0.7055 0.5
0.7065 0.5
0.7075 0.5
0.7085 0.5
0.7095 0.5
0.7105 0.5
0.7115 0.5
0.7125 0.5
0.7135 0.5
0.7145 0.5
0.7155 0.5
0.7165 0.5
0.7175 0.5
0.7185 0.5
0.7195 0.5
0.7205 0.5
0.7215 0.5
0.7225 0.498047
0.7235 0.5
0.7245 0.501953
0.7255 0.499512
0.7265 0.499023
0.7275 0.499512
0.7285 0.5
0.7295 0.5
0.7305 0.5
0.7315 0.5
0.7325 0.5
0.7335 0.5
0.7345 0.5
0.7355 0.5
0.7365 0.5
0.7375 0.5
0.7385 0.5
0.7395 0.5
0.7405 0.5
0.7415 0.5
0.7425 0.5
0.7435 0.5
0.7445 0.5
0.7455 0.5
0.7465 0.500244
0.7475 0.502441
0.7485 0.488037
0.7495 0.499512
0.7505 0.514526
0.7515 0.49939
0.7525 0.498413
0.7535 0.499878
0.7545 0.5
0.7555 0.5
0.7565 0.5
0.7575 0.5
0.7585 0.5
0.7595 0.5
0.7605 0.5
0.7615 0.5
0.7625 0.5
0.7635 0.5
0.7645 0.5
0.7655 0.5
0.7665 0.5
0.7675 0.5
0.7685 0.5
0.7695 0.5
0.7705 0.5
0.7715 0.500122
0.7725 0.500122
0.7735 0.499878
0.7745 0.49939
0.7755 0.495026
0.7765 0.495483
0.7775 0.5
0.7785 0.500031
0.7795 0.5
0.7805 0.5
0.7815 0.5
0.7825 0.5
0.7835 0.5
0.7845 0.5
0.7855 0.5
0.7865 0.5
0.7875 0.5
0.7885 0.5
0.7895 0.5
0.7905 0.5
0.7915 0.5
0.7925 0.5
0.7935 0.5
0.7945 0.5
0.7955 0.499985
0.7965 0.499878
0.7975 0.501038
0.7985 0.498413
0.7995 0.496292
0.8005 0.501694
0.8015 0.502441
0.8025 0.499847
0.8035 0.500084
0.8045 0.500008
0.8055 0.5
0.8065 0.5
0.8075 0.5
0.8085 0.5
0.8095 0.5
0.8105 0.5
0.8115 0.5
0.8125 0.5
0.8135 0.5
0.8145 0.5
0.8155 0.5
0.8165 0.5
0.8175 0.5
0.8185 0.5
0.8195 0.5
0.8205 0.499992
0.8215 0.500008
0.8225 0.501129
0.8235 0.500114
0.8245 0.498909
0.8255 0.49855
0.8265 0.498917
0.8275 0.50028
0.8285 0.500004
0.8295 0.499998
0.8305 0.5
0.8315 0.5
0.8325 0.5
0.8335 0.5
0.8345 0.5
0.8355 0.5
0.8365 0.5
0.8375 0.5
0.8385 0.5
0.8395 0.5
0.8405 0.5
0.8415 0.5
0.8425 0.5
0.8435 0.5
0.8445 0.500001
0.8455 0.500006
0.8465 0.499921
0.8475 0.500397
0.8485 0.435839
0.8495 0.187899
0.8505 0.0339727
0.8515 0.0312319
0.8525 -0.000176907
0.8535 1.95503e-05
0.8545 -4.29153e-06
0.8555 -4.76837e-07
0.8565 0
0.8575 0
0.8585 0
0.8595 0
0.8605 0
0.8615 0
0.8625 0
0.8635 0
0.8645 0
0.8655 0
0.8665 0
0.8675 0
0.8685 0
0.8695 4.76837e-07
0.8705 -1.43051e-06
0.8715 -6.91414e-05
0.8725 0.000340939
0.8735 9.15527e-05
0.8745 -8.96454e-05
0.8755 -0.00849414
0.8765 -0.00860226
0.8775 0.00010252
0.8785 -1.69277e-05
0.8795 -4.76837e-07
0.8805 1.19209e-07
0.8815 0
0.8825 0
0.8835 0
0.8845 0
0.8855 0
0.8865 0
0.8875 0
0.8885 0
0.8895 0
0.8905 0
0.8915 0
0.8925 0
0.8935 -5.96047e-08
0.8945 -2.38419e-07
0.8955 5.60284e-06
0.8965 -3.50475e-05
0.8975 0.00385863
0.8985 0.0468006
0.8995 0.0584079
0.9005 -0.0115633
0.9015 -0.029061
0.9025 -0.00197533
0.9035 1.37687e-05
0.9045 -1.72853e-06
0.9055 2.08616e-07
0.9065 2.98023e-08
0.9075 0
0.9085 0
0.9095 0
0.9105 0
0.9115 0
0.9125 0
0.9135 0
0.9145 0
0.9155 0
0.9165 0
0.9175 0
0.9185 -2.98023e-08
0.9195 1.49012e-07
0.9205 4.11272e-06
0.9215 -2.98619e-05
0.9225 0.0021762
0.9235 -2.70307e-05
0.9245 -0.00210112
0.9255 0.000296839
0.9265 0.000721887
0.9275 0.000551514
0.9285 -8.49366e-06
0.9295 9.90927e-07
0.9305 4.47035e-08
0.9315 -7.45058e-09
0.9325 0
0.9335 0
0.9345 0
0.9355 0
0.9365 0
0.9375 0
0.9385 0
0.9395 0
0.9405 0
0.9415 0
0.9425 3.7253e-09
0.9435 7.45058e-09
0.9445 -3.76254e-07
0.9455 2.90573e-06
0.9465 -0.000245895
0.9475 -0.00237871
0.9485 0.0116724
0.9495 0.000570074
0.9505 -0.0141278
0.9515 0.000546044
0.9525 0.00156854
0.9535 0.000125287
0.9545 -1.08965e-06
0.9555 1.32248e-07
0.9565 -9.31322e-09
0.9575 -1.86265e-09
0.9585 0
0.9595 0
0.9605 0
0.9615 0
0.9625 0
0.9635 0
0.9645 0
0.9655 0
0.9665 0
0.9675 1.86265e-09
0.9685 -1.30385e-08
0.9695 -2.36556e-07
0.9705 2.37115e-06
0.9715 -0.000140002
0.9725 -4.25931e-05
0.9735 0.000106262
0.9745 0.00059949
0.9755 0.00493255
0.9765 0.00439997
0.9775 2.43522e-05
0.9785 -3.55933e-05
0.9795 6.51926e-07
0.9805 -5.58794e-08
0.9815 -3.72528e-09
0.9825 4.65669e-10
0.9835 0
0.9845 0
0.9855 0
0.9865 0
0.9875 0
0.9885 0
0.9895 0
0.9905 0
0.9915 -2.32828e-10
0.9925 0
0.9935 2.42144e-08
0.9945 -2.29105e-07
0.9955 1.57552e-05
0.9965 0.000117751
0.9975 -0.00104672
0.9985 0.00159463
0.9995 0.00369199

# time = 1
0.0005 5.34032e-07
0.0015 6.54068e-06
0.0025 -3.09673e-06
0.0035 1.69492e-07
0.0045 -5.0131e-07
0.0055 1.0855e-07
0.0065 -2.32605e-08
0.0075 2.28649e-09
0.0085 -2.53686e-11
0.0095 -3.46945e-11
0.0105 6.66134e-13
0.0115 -2.77556e-14
0.0125 -1.38778e-14
0.0135 0
0.0145 6.93889e-15
0.0155 9.36751e-13
0.0165 -4.20428e-11
0.0175 3.96183e-10
0.0185 2.35159e-09
0.0195 -4.41865e-08
0.0205 3.87153e-07
0.0215 -2.1314e-06
0.0225 1.03622e-05
0.0235 -4.28334e-05
0.0245 -3.79112e-06
0.0255 -8.24574e-06
0.0265 -1.72083e-05
0.0275 3.43057e-05
0.0285 -7.1429e-06
0.0295 1.38269e-06
0.0305 -1.65919e-07
0.0315 1.08267e-08
0.0325 1.42032e-09
0.0335 -1.6441e-10
0.0345 3.747e-12
0.0355 -2.77556e-14
0.0365 -3.46945e-14
0.0375 1.38778e-14
0.0385 -6.93889e-15
0.0395 -6.93889e-14
0.0405 1.63064e-12
0.0415 -7.11792e-11
0.0425 1.30833e-10
0.0435 5.78695e-09
0.0445 -6.17321e-08
0.0455 1.74106e-07
0.0465 -1.12209e-06
0.0475 -1.50788e-06
0.0485 -6.17941e-05
0.0495 0.000130582
0.0505 7.78756e-05
0.0515 -0.000111882
0.0525 9.43163e-06
0.0535 5.52282e-06
0.0545 -1.09788e-06
0.0555 3.02389e-07
0.0565 -3.41464e-08
0.0575 1.48651e-09
0.0585 5.35599e-10
0.0595 -9.37445e-12
0.0605 5.6205e-13
0.0615 2.77556e-14
0.0625 -6.93889e-15
0.0635 -6.93889e-15
0.0645 1.11022e-13
0.0655 2.01228e-13
0.0665 -1.47798e-11
0.0675 6.42882e-10
0.0685 -5.03837e-09
0.0695 -4.8345e-08
0.0705 6.15333e-07
0.0715 -4.91543e-06
0.0725 2.36562e-05
0.0735 -0.000113567
0.0745 -4.47334e-05
0.0755 -1.17504e-05
0.0765 -1.27476e-05
0.0775 7.72132e-05
0.0785 -1.74114e-05
0.0795 2.25031e-06
0.0805 -2.1102e-07
0.0815 -1.76398e-08
0.0825 2.51364e-09
0.0835 -5.78843e-11
0.0845 1.22125e-12
0.0855 4.16334e-13
0.0865 -2.77556e-14
0.0875 0
0.0885 -1.38778e-14
0.0895 9.71445e-14
0.0905 1.17961e-12
0.0915 -2.38282e-11
0.0925 1.09004e-09
0.0935 1.10516e-10
0.0945 -9.34602e-08
0.0955 8.00683e-07
0.0965 -1.09086e-06
0.0975 1.4971e-05
0.0985 5.51591e-05
0.0995 2.70114e-05
0.1005 8.67504e-05
0.1015 1.84638e-05
0.1025 -6.57315e-05
0.1035 9.39154e-06
0.1045 -3.85047e-06
0.1055 4.73618e-07
0.1065 -4.05109e-08
0.1075 -8.29789e-09
0.1085 1.30972e-10
0.1095 -9.65894e-12
0.1105 -2.35922e-13
0.1115 1.11022e-13
0.1125 0
0.1135 0
0.1145 1.11022e-13
0.1155 -1.58207e-12
0.1165 -6.48093e-12
0.1175 2.25098e-10
0.1185 -9.82947e-09
0.1195 6.07299e-08
0.1205 9.0481e-07
0.1215 -8.09643e-06
0.1225 6.15493e-05
0.1235 -0.000247303
0.1245 -0.000196313
0.1255 -0.000149311
0.1265 -2.10045e-05
0.1275 0.000217635
0.1285 -2.8562e-05
0.1295 3.82371e-06
0.1305 2.0447e-07
0.1315 -3.84493e-08
0.1325 8.68562e-10
0.1335 -3.18287e-11
0.1345 -5.91194e-12
0.1355 4.51028e-13
0.1365 0
0.1375 0
0.1385 0
0.1395 2.35922e-13
0.1405 -1.13798e-12
0.1415 -2.13787e-11
0.1425 3.397e-10
0.1435 -1.67399e-08
0.1445 -3.55878e-08
0.1455 1.44093e-06
0.1465 -9.89349e-06
0.1475 -3.77408e-06
0.1485 -0.000237191
0.1495 0.000889272
0.1505 0.000571193
0.1515 -0.000664973
0.1525 -4.65382e-05
0.1535 4.89178e-05
0.1545 -5.89083e-06
0.1555 9.08047e-07
0.1565 1.29045e-07
0.1575 -1.7826e-09
0.1585 1.56437e-10
0.1595 0
0.1605 -1.81799e-12
0.1615 0
0.1625 0
0.1635 0
0.1645 0
0.1655 -1.81799e-12
0.1665 2.18228e-11
0.1675 1.49158e-10
0.1685 -3.32511e-09
0.1695 1.50472e-07
0.1705 -6.67409e-07
0.1715 -1.59622e-05
0.1725 9.82858e-05
0.1735 -0.000772254
0.1745 -0.000688236
0.1755 -9.09906e-05
0.1765 0.000102025
0.1775 0.000327214
0.1785 -6.59293e-05
0.1795 -2.08037e-06
0.1805 5.89265e-07
0.1815 -1.26238e-08
0.1825 6.76667e-10
0.1835 8.00401e-11
0.1845 -7.27196e-12
0.1855 0
0.1865 0
0.1875 0
0.1885 0
0.1895 0
0.1905 -3.63598e-12
0.1915 1.09079e-11
0.1925 3.67428e-10
0.1935 -4.71118e-09
0.1945 2.58049e-07
0.1955 1.09021e-06
0.1965 -2.11325e-05
0.1975 0.000114941
0.1985 0.000311399
0.1995 0.000623047
0.2005 0.00135023
0.2015 0.000180139
0.2025 -0.000645895
0.2035 5.91035e-05
0.2045 -1.85824e-05
0.2055 -2.01503e-06
0.2065 2.36323e-08
0.2075 -2.41561e-09
0.2085 5.82173e-11
0.2095 2.91017e-11
0.2105 0
0.2115 0
0.2125 0
0.2135 0
0.2145 0
0.2155 0
0.2165 2.91017e-11
0.2175 -2.91045e-10
0.2185 -2.9977e-09
0.2195 4.74975e-08
0.2205 -2.30956e-06
0.2215 6.01192e-06
0.2225 0.000269729
0.2235 -0.00103913
0.2245 -0.00144723
0.2255 -0.00108326
0.2265 0.000133145
0.2275 0.0010939
0.2285 1.49864e-05
0.2295 -9.0613e-06
0.2305 1.76951e-07
0.2315 -1.30385e-08
0.2325 -1.04774e-09
0.2335 1.16421e-10
0.2345 0
0.2355 0
0.2365 0
0.2375 0
0.2385 0
0.2395 0
0.2405 0
0.2415 5.82034e-11
0.2425 -5.82034e-11
0.2435 -6.05359e-09
0.2445 6.33299e-08
0.2455 -3.99607e-06
0.2465 -2.54989e-05
0.2475 0.000291117
0.2485 -0.00123132
0.2495 0.00521456
0.2505 0.00367447
0.2515 -0.00366846
0.2525 -0.000255624
0.2535 0.000360813
0.2545 3.15942e-05
0.2555 -3.05474e-07
0.2565 3.53903e-08
0.2575 -1.86264e-09
0.2585 -4.65655e-10
0.2595 0
0.2605 0
0.2615 0
0.2625 0
0.2635 0
0.2645 0
0.2655 0
0.2665 0
0.2675 -4.65669e-10
0.2685 3.72528e-09
0.2695 5.58794e-08
0.2705 -6.51926e-07
0.2715 3.55933e-05
0.2725 -2.43522e-05
0.2735 -0.00439997
0.2745 -0.00493255
0.2755 -0.00059949
0.2765 -0.000106262
0.2775 4.25931e-05
0.2785 0.000140002
0.2795 -2.37115e-06
0.2805 2.36556e-07
0.2815 1.30385e-08
0.2825 -1.86265e-09
0.2835 0
0.2845 0
0.2855 0
0.2865 0
0.2875 0
0.2885 0
0.2895 0
0.2905 0
0.2915 0
0.2925 -9.31324e-10
0.2935 -9.31318e-10
0.2945 9.59262e-08
0.2955 -8.20495e-07
0.2965 6.22002e-05
0.2975 0.000533204
0.2985 -0.00365367
0.2995 0.00272484
0.3005 0.0174928
0.3015 0.00437444
0.3025 -0.00677143
0.3035 -0.000497274
0.3045 3.8743e-06
0.3055 -4.84288e-07
0.3065 4.47035e-08
0.3075 7.45058e-09
0.3085 0
0.3095 0
0.3105 0
0.3115 0
0.3125 0
0.3135 0
0.3145 0
0.3155 0
0.3165 0
0.3175 0
0.3185 7.45058e-09
0.3195 -4.47035e-08
0.3205 -9.90927e-07
0.3215 8.49366e-06
0.3225 -0.000551514
0.3235 -0.000721887
0.3245 -0.000296839
0.3255 0.00210112
0.3265 2.70307e-05
0.3275 -0.0021762
0.3285 2.98619e-05
0.3295 -4.11272e-06
0.3305 -1.49012e-07
0.3315 2.98023e-08
0.3325 0
0.3335 0
0.3345 0
0.3355 0
0.3365 0
0.3375 0
0.3385 0
0.3395 0
0.3405 0
0.3415 0
0.3425 0
0.3435 1.49012e-08
0.3445 4.47035e-08
0.3455 -1.46031e-06
0.3465 1.01626e-05
0.3475 -0.000973418
0.3485 -0.0104883
0.3495 0.0362012
0.3505 0.0384815
0.3515 0.000685215
0.3525 0.0078522
0.3535 -4.91142e-05
0.3545 5.96046e-06
0.3555 -9.53674e-07
0.3565 -1.19209e-07
0.3575 0
0.3585 0
0.3595 0
0.3605 0
0.3615 0
0.3625 0
0.3635 0
0.3645 0
0.3655 0
0.3665 0
0.3675 0
0.3685 0
0.3695 -1.19209e-07
0.3705 4.76837e-07
0.3715 1.69277e-05
0.3725 -0.00010252
0.3735 0.00860226
0.3745 0.00849414
0.3755 8.96454e-05
0.3765 -9.15527e-05
0.3775 -0.000340939
0.3785 6.91414e-05
0.3795 1.43051e-06
0.3805 -4.76837e-07
0.3815 0
0.3825 0
0.3835 0
0.3845 0
0.3855 0
0.3865 0
0.3875 0
0.3885 0
0.3895 0
0.3905 0
0.3915 0
0.3925 0
0.3935 0
0.3945 -2.38419e-07
0.3955 -1.19209e-06
0.3965 2.12193e-05
0.3975 -0.000118971
0.3985 0.0778155
0.3995 0.515018
0.4005 0.9049
0.4015 0.968563
0.4025 1.00065
0.4035 0.999941
0.4045 1.00002
0.4055 1
0.4065 1
0.4075 1
0.4085 1
0.4095 1
0.4105 1
0.4115 1
0.4125 1
0.4135 1
0.4145 1
0.4155 1
0.4165 1
0.4175 1
0.4185 1
0.4195 1
0.4205 1
0.4215 0.999996
0.4225 0.99972
0.4235 1.00108
0.4245 1.00145
0.4255 1.0089
0.4265 1.0077
0.4275 0.998871
0.4285 0.999992
0.4295 1.00001
0.4305 1
0.4315 1
0.4325 1
0.4335 1
0.4345 1
0.4355 1
0.4365 1
0.4375 1
0.4385 1
0.4395 1
0.4405 1
0.4415 1
0.4425 1
0.4435 1
0.4445 1
0.4455 1
0.4465 1.00003
0.4475 0.995804
0.4485 0.954422
0.4495 0.936058
0.4505 1.00797
0.4515 1.03308
0.4525 1.0022
0.4535 0.999634
0.4545 0.999969
0.4555 1
0.4565 1
0.4575 1
0.4585 1
0.4595 1
0.4605 1
0.4615 1
0.4625 1
0.4635 1
0.4645 1
0.4655 1
0.4665 1
0.4675 1
0.4685 1
0.4695 1
0.4705 1
0.4715 0.999969
0.4725 0.998047
0.4735 1.00452
0.4745 1.00693
0.4755 1.00012
0.4765 0.999146
0.4775 0.99939
0.4785 0.999878
0.4795 1
0.4805 1
0.4815 1
0.4825 1
0.4835 1
0.4845 1
0.4855 1
0.4865 1
0.4875 1
0.4885 1
0.4895 1
0.4905 1
0.4915 1
0.4925 1
0.4935 1
0.4945 1
0.4955 1
0.4965 1.00018
0.4975 1.00189
0.4985 0.991638
0.4995 0.996765
0.5005 0.996948
0.5015 0.994995
0.5025 1.00525
0.5035 1.00037
0.5045 1
0.5055 1
0.5065 1
0.5075 1
0.5085 1
0.5095 1
0.5105 1
0.5115 1
0.5125 1
0.5135 1
0.5145 1
0.5155 1
0.5165 1
0.5175 1
0.5185 1
0.5195 1
0.5205 1
0.5215 1.00012
0.5225 1.00061
0.5235 1.00085
0.5245 0.999878
0.5255 0.993073
0.5265 0.995483
0.5275 1.00195
0.5285 1.00003
0.5295 1
0.5305 1
0.5315 1
0.5325 1
0.5335 1
0.5345 1
0.5355 1
0.5365 1
0.5375 1
0.5385 1
0.5395 1
0.5405 1
0.5415 1
0.5425 1
0.5435 1
0.5445 1
0.5455 0.999985
0.5465 0.999878
0.5475 1.00201
0.5485 1.00916
0.5495 0.959183
0.5505 0.962631
0.5515 1.00244
0.5525 0.992035
0.5535 1.00008
0.5545 1.00001
0.5555 1
0.5565 1
0.5575 1
0.5585 1
0.5595 1
0.5605 1
0.5615 1
0.5625 1
0.5635 1
0.5645 1
0.5655 1
0.5665 1
0.5675 1
0.5685 1
0.5695 1
0.5705 0.999992
0.5715 1.00001
0.5725 1.00113
0.5735 0.992302
0.5745 0.991096
0.5755 0.99855
0.5765 0.998917
0.5775 1.00028
0.5785 1
0.5795 0.999998
0.5805 1
0.5815 1
0.5825 1
0.5835 1
0.5845 1
0.5855 1
0.5865 1
0.5875 1
0.5885 1
0.5895 1
0.5905 1
0.5915 1
0.5925 1
0.5935 1
0.5945 1
0.5955 1.00001
0.5965 0.999921
0.5975 1.0004
0.5985 0.920214
0.5995 0.484774
0.6005 0.0964727
0.6015 0.0312319
0.6025 -0.000176907
0.6035 1.95503e-05
0.6045 -4.29153e-06
0.6055 -4.76837e-07
0.6065 0
0.6075 0
0.6085 0
0.6095 0
0.6105 0
0.6115 0
0.6125 0
0.6135 0
0.6145 0
0.6155 0
0.6165 0
0.6175 0
0.6185 0
0.6195 4.76837e-07
0.6205 -1.43051e-06
0.6215 -6.91414e-05
0.6225 0.000340939
0.6235 9.15527e-05
0.6245 -8.96454e-05
0.6255 -0.00849414
0.6265 -0.00860226
0.6275 0.00010252
0.6285 -1.69277e-05
0.6295 -4.76837e-07
0.6305 1.19209e-07
0.6315 0
0.6325 0
0.6335 0
0.6345 0
0.6355 0
0.6365 0
0.6375 0
0.6385 0
0.6395 0
0.6405 0
0.6415 0
0.6425 0
0.6435 -5.96047e-08
0.6445 -2.38419e-07
0.6455 5.60284e-06
0.6465 -3.50475e-05
0.6475 0.00385863
0.6485 0.0468006
0.6495 0.0584079
0.6505 -0.0115633
0.6515 -0.029061
0.6525 -0.00197533
0.6535 1.37687e-05
0.6545 -1.72853e-06
0.6555 2.08616e-07
0.6565 2.98023e-08
0.6575 0
0.6585 0
0.6595 0
0.6605 0
0.6615 0
0.6625 0
0.6635 0
0.6645 0
0.6655 0
0.6665 0
0.6675 0
0.6685 -2.98023e-08
0.6695 1.49012e-07
0.6705 4.11272e-06
0.6715 -2.98619e-05
0.6725 0.0021762
0.6735 -2.70307e-05
0.6745 -0.00210112
0.6755 0.000296839
0.6765 0.000721887
0.6775 0.000551514
0.6785 -8.49366e-06
0.6795 9.90927e-07
0.6805 4.47035e-08
0.6815 -7.45058e-09
0.6825 0
0.6835 0
0.6845 0
0.6855 0
0.6865 0
0.6875 0
0.6885 0
0.6895 0
0.6905 0
0.6915 0
0.6925 3.7253e-09
0.6935 7.45058e-09
0.6945 -3.76254e-07
0.6955 2.90573e-06
0.6965 -0.000245895
0.6975 -0.00237871
0.6985 0.0116724
0.6995 0.000570074
0.7005 -0.0141278
0.7015 0.000546044
0.7025 0.00156854
0.7035 0.000125287
0.7045 -1.08965e-06
0.7055 1.32248e-07
0.7065 -9.31322e-09
0.7075 -1.86265e-09
0.7085 0
0.7095 0
0.7105 0
0.7115 0
0.7125 0
0.7135 0
0.7145 0
0.7155 0
0.7165 0
0.7175 1.86265e-09
0.7185 -1.30385e-08
0.7195 -2.36556e-07
0.7205 2.37115e-06
0.7215 -0.000140002
0.7225 -4.25931e-05
0.7235 0.000106262
0.7245 0.00059949
0.7255 0.00493255
0.7265 0.00439997
0.7275 2.43522e-05
0.7285 -3.55933e-05
0.7295 6.51926e-07
0.7305 -5.58794e-08
0.7315 -3.72528e-09
0.7325 4.65669e-10
0.7335 0
0.7345 0
0.7355 0
0.7365 0
0.7375 0
0.7385 0
0.7395 0
0.7405 0
0.7415 -2.32828e-10
0.7425 0
0.7435 2.42144e-08
0.7445 -2.29105e-07
0.7455 1.57552e-05
0.7465 0.000117751
0.7475 -0.00104672
0.7485 0.00159463
0.7495 0.00369199
0.7505 -0.00170892
0.7515 -0.00242947
0.7525 0.000154109
0.7535 -8.23047e-05
0.7545 -7.97492e-06
0.7555 8.5216e-08
0.7565 -9.31322e-09
0.7575 3.49248e-10
0.7585 1.16407e-10
0.7595 0
0.7605 0
0.7615 0
0.7625 0
0.7635 0
0.7645 0
0.7655 0
0.7665 -1.16421e-10
0.7675 1.04775e-09
0.7685 1.30385e-08
0.7695 -1.76951e-07
0.7705 9.0613e-06
0.7715 -1.49864e-05
0.7725 -0.0010939
0.7735 -0.000133145
0.7745 0.00108326
0.7755 0.00144723
0.7765 0.00103913
0.7775 -0.000269729
0.7785 -6.01192e-06
0.7795 2.30956e-06
0.7805 -4.74975e-08
0.7815 2.9977e-09
0.7825 2.91045e-10
0.7835 -2.91017e-11
0.7845 0
0.7855 0
0.7865 0
0.7875 0
0.7885 0
0.7895 0
0.7905 1.45439e-11
0.7915 -2.91017e-11
0.7925 -1.49884e-09
0.7935 1.73459e-08
0.7945 -1.01485e-06
0.7955 -5.37571e-06
0.7965 7.91541e-05
0.7975 -0.000380609
0.7985 0.00161147
0.7995 -0.000385023
0.8005 -0.0026698
0.8015 -9.90303e-06
0.8025 0.00017625
0.8035 -1.94215e-05
0.8045 4.14185e-06
0.8055 5.09666e-07
0.8065 -6.51197e-09
0.8075 6.18464e-10
0.8085 -7.27196e-12
0.8095 -7.27196e-12
0.8105 0
0.8115 0
0.8125 0
0.8135 0
0.8145 0
0.8155 7.27196e-12
0.8165 -8.00332e-11
0.8175 -6.76667e-10
0.8185 1.26238e-08
0.8195 -5.89265e-07
0.8205 2.08037e-06
0.8215 6.59293e-05
0.8225 -0.000327214
0.8235 -0.000102025
0.8245 9.09906e-05
0.8255 0.000688236
0.8265 0.000772254
0.8275 -9.82858e-05
0.8285 1.59622e-05
0.8295 6.67409e-07
0.8305 -1.50472e-07
0.8315 3.3251e-09
0.8325 -1.49145e-10
0.8335 -2.18159e-11
0.8345 1.81799e-12
0.8355 0
0.8365 0
0.8375 0
0.8385 0
0.8395 -9.15934e-13
0.8405 3.63598e-12
0.8415 8.9137e-11
0.8425 -1.26965e-09
0.8435 6.56901e-08
0.8445 2.08041e-07
0.8455 -5.55567e-06
0.8465 3.40183e-05
0.8475 4.91146e-05
0.8485 7.7912e-05
0.8495 0.000181795
0.8505 -0.000165207
0.8515 -0.000239062
0.8525 2.3864e-05
0.8535 -1.37022e-05
0.8545 1.69972e-06
0.8555 -1.94751e-07
0.8565 -3.27068e-08
0.8575 4.84765e-10
0.8585 -3.91076e-11
0.8595 -4.71845e-13
0.8605 4.44089e-13
0.8615 0
0.8625 0
0.8635 0
0.8645 -4.44089e-13
0.8655 5.91194e-12
0.8665 3.18356e-11
0.8675 -8.68569e-10
0.8685 3.84493e-08
0.8695 -2.0447e-07
0.8705 -3.82371e-06
0.8715 2.8562e-05
0.8725 -0.000217635
0.8735 2.10045e-05
0.8745 0.000149311
0.8755 0.000196313
0.8765 0.000247303
0.8775 -6.15493e-05
0.8785 8.09643e-06
0.8795 -9.0481e-07
0.8805 -6.07299e-08
0.8815 9.82947e-09
0.8825 -2.25098e-10
0.8835 6.46705e-12
0.8845 1.58207e-12
0.8855 -1.11022e-13
0.8865 0
0.8875 0
0.8885 5.55112e-14
0.8895 -3.33067e-13
0.8905 -5.05151e-12
0.8915 9.02611e-11
0.8925 -4.26992e-09
0.8935 -4.71197e-09
0.8945 3.69129e-07
0.8955 -2.8336e-06
0.8965 1.52985e-06
0.8975 -5.83542e-05
0.8985 0.000281616
0.8995 -7.95198e-05
0.9005 -0.000391022
0.9015 5.65073e-05
0.9025 1.87808e-05
0.9035 -3.3105e-06
0.9045 1.08102e-06
0.9055 -1.28532e-07
0.9065 8.05325e-09
0.9075 2.10723e-09
0.9085 -3.51663e-11
0.9095 2.34535e-12
0.9105 9.71445e-14
0.9115 -2.77556e-14
0.9125 0
0.9135 2.77556e-14
0.9145 -4.30211e-13
0.9155 -1.23512e-12
0.9165 5.78981e-11
0.9175 -2.51363e-09
0.9185 1.76398e-08
0.9195 2.1102e-07
0.9205 -2.25031e-06
0.9215 1.74114e-05
0.9225 -7.72132e-05
0.9235 1.27476e-05
0.9245 1.17504e-05
0.9255 4.47334e-05
0.9265 0.000113567
0.9275 -2.36562e-05
0.9285 4.91543e-06
0.9295 -6.15333e-07
0.9305 4.8345e-08
0.9315 5.03837e-09
0.9325 -6.42875e-10
0.9335 1.47798e-11
0.9345 -2.08167e-13
0.9355 -1.11022e-13
0.9365 1.38778e-14
0.9375 -1.38778e-14
0.9385 2.77556e-14
0.9395 2.77556e-13
0.9405 -6.25888e-12
0.9415 2.78458e-10
0.9425 -2.44874e-10
0.9435 -2.33927e-08
0.9445 2.23536e-07
0.9455 -4.72887e-07
0.9465 4.01547e-06
0.9475 1.0047e-05
0.9485 -7.03691e-06
0.9495 1.49347e-05
0.9505 1.27986e-05
0.9515 -1.33641e-05
0.9525 -9.77204e-07
0.9535 -1.65517e-06
0.9545 3.50067e-07
0.9555 -8.41337e-08
0.9565 8.90821e-09
0.9575 -2.37727e-10
0.9585 -1.36252e-10
0.9595 2.498e-12
0.9605 -1.38778e-13
0.9615 -1.38778e-14
0.9625 1.38778e-14
0.9635 2.77556e-14
0.9645 1.38778e-14
0.9655 -3.747e-12
0.9665 1.6441e-10
0.9675 -1.42032e-09
0.9685 -1.08267e-08
0.9695 1.65919e-07
0.9705 -1.38269e-06
0.9715 7.1429e-06
0.9725 -3.43057e-05
0.9735 1.72083e-05
0.9745 8.24574e-06
0.9755 3.79112e-06
0.9765 4.28334e-05
0.9775 -1.03622e-05
0.9785 2.1314e-06
0.9795 -3.87153e-07
0.9805 4.41865e-08
0.9815 -2.35158e-09
0.9825 -3.96183e-10
0.9835 4.20358e-11
0.9845 -9.4369e-13
0.9855 0
0.9865 1.38778e-14
0.9875 0
0.9885 -2.77556e-14
0.9895 4.16334e-13
0.9905 -1.81938e-11
0.9915 5.05151e-11
0.9925 1.41404e-09
0.9935 -1.68798e-08
0.9945 5.89594e-08
0.9955 -3.24049e-07
0.9965 -9.64488e-08
0.9975 -1.50716e-05
0.9985 4.8094e-05
0.9995 -1.31765e-05
