
# time = 0.25
0.0005 -0.783117
0.0015 -0.779203
0.0025 -0.775259
0.0035 -0.771283
0.0045 -0.767277
0.0055 -0.763241
0.0065 -0.759175
0.0075 -0.755079
0.0085 -0.750953
0.0095 -0.746797
0.0105 -0.742612
0.0115 -0.738398
0.0125 -0.734154
0.0135 -0.729882
0.0145 -0.72558
0.0155 -0.72125
0.0165 -0.716892
0.0175 -0.712505
0.0185 -0.70809
0.0195 -0.703647
0.0205 -0.699176
0.0215 -0.694678
0.0225 -0.690152
0.0235 -0.685599
0.0245 -0.681019
0.0255 -0.676412
0.0265 -0.671779
0.0275 -0.667119
0.0285 -0.662432
0.0295 -0.65772
0.0305 -0.652981
0.0315 -0.648217
0.0325 -0.643427
0.0335 -0.638611
0.0345 -0.633771
0.0355 -0.628905
0.0365 -0.624015
0.0375 -0.6191
0.0385 -0.61416
0.0395 -0.609197
0.0405 -0.604209
0.0415 -0.599197
0.0425 -0.594162
0.0435 -0.589103
0.0445 -0.584021
0.0455 -0.578916
0.0465 -0.573788
0.0475 -0.568638
0.0485 -0.563465
0.0495 -0.558269
0.0505 -0.553052
0.0515 -0.547813
0.0525 -0.542552
0.0535 -0.53727
0.0545 -0.531967
0.0555 -0.526642
0.0565 -0.521297
0.0575 -0.515931
0.0585 -0.510545
0.0595 -0.505139
0.0605 -0.499713
0.0615 -0.494267
0.0625 -0.488801
0.0635 -0.483317
0.0645 -0.477813
0.0655 -0.47229
0.0665 -0.466749
0.0675 -0.461189
0.0685 -0.455611
0.0695 -0.450015
0.0705 -0.444401
0.0715 -0.43877
0.0725 -0.433121
0.0735 -0.427456
0.0745 -0.421773
0.0755 -0.416074
0.0765 -0.410358
0.0775 -0.404626
0.0785 -0.398879
0.0795 -0.393115
0.0805 -0.387336
0.0815 -0.381542
0.0825 -0.375732
0.0835 -0.369908
0.0845 -0.364069
0.0855 -0.358216
0.0865 -0.352348
0.0875 -0.346467
0.0885 -0.340572
0.0895 -0.334664
0.0905 -0.328742
0.0915 -0.322807
0.0925 -0.31686
0.0935 -0.3109
0.0945 -0.304928
0.0955 -0.298944
0.0965 -0.292948
0.0975 -0.28694
0.0985 -0.280921
0.0995 -0.274891
0.1005 -0.26885
0.1015 -0.262799
0.1025 -0.256737
0.1035 -0.250665
0.1045 -0.244583
0.1055 -0.238492
0.1065 -0.232391
0.1075 -0.226281
0.1085 -0.220162
0.1095 -0.214034
0.1105 -0.207898
0.1115 -0.201754
0.1125 -0.195601
0.1135 -0.189441
0.1145 -0.183274
0.1155 -0.177099
0.1165 -0.170917
0.1175 -0.164729
0.1185 -0.158534
0.1195 -0.152332
0.1205 -0.146125
0.1215 -0.139912
0.1225 -0.133693
0.1235 -0.12747
0.1245 -0.121241
0.1255 -0.115007
0.1265 -0.108769
0.1275 -0.102526
0.1285 -0.0962798
0.1295 -0.0900294
0.1305 -0.0837755
0.1315 -0.0775183
0.1325 -0.071258
0.1335 -0.0649949
0.1345 -0.0587293
0.1355 -0.0524613
0.1365 -0.0461912
0.1375 -0.0399194
0.1385 -0.0336459
0.1395 -0.0273712
0.1405 -0.0210953
0.1415 -0.0148186
0.1425 -0.00854133
0.1435 -0.00226372
0.1445 0.00401398
0.1455 0.0102915
0.1465 0.0165687
0.1475 0.0228451
0.1485 0.0291207
0.1495 0.0353952
0.1505 0.0416682
0.1515 0.0479396
0.1525 0.0542091
0.1535 0.0604764
0.1545 0.0667414
0.1555 0.0730037
0.1565 0.0792632
0.1575 0.0855195
0.1585 0.0917724
0.1595 0.0980218
0.1605 0.104267
0.1615 0.110509
0.1625 0.116746
0.1635 0.122978
0.1645 0.129205
0.1655 0.135428
0.1665 0.141645
0.1675 0.147856
0.1685 0.154062
0.1695 0.160262
0.1705 0.166455
0.1715 0.172641
0.1725 0.178821
0.1735 0.184994
0.1745 0.19116
0.1755 0.197317
0.1765 0.203468
0.1775 0.20961
0.1785 0.215744
0.1795 0.221869
0.1805 0.227985
0.1815 0.234093
0.1825 0.240191
0.1835 0.24628
0.1845 0.252359
0.1855 0.258428
0.1865 0.264487
0.1875 0.270536
0.1885 0.276574
0.1895 0.2826
0.1905 0.288616
0.1915 0.294621
0.1925 0.300613
0.1935 0.306594
0.1945 0.312563
0.1955 0.318519
0.1965 0.324463
0.1975 0.330394
0.1985 0.336312
0.1995 0.342217
0.2005 0.348108
0.2015 0.353986
0.2025 0.359849
0.2035 0.365698
0.2045 0.371533
0.2055 0.377353
0.2065 0.383159
0.2075 0.388949
0.2085 0.394723
0.2095 0.400483
0.2105 0.406226
0.2115 0.411953
0.2125 0.417665
0.2135 0.423359
0.2145 0.429037
0.2155 0.434698
0.2165 0.440342
0.2175 0.445968
0.2185 0.451577
0.2195 0.457168
0.2205 0.462741
0.2215 0.468296
0.2225 0.473832
0.2235 0.479349
0.2245 0.484848
0.2255 0.490327
0.2265 0.495787
0.2275 0.501228
0.2285 0.506648
0.2295 0.512049
0.2305 0.517429
0.2315 0.52279
0.2325 0.528129
0.2335 0.533447
0.2345 0.538745
0.2355 0.544021
0.2365 0.549276
0.2375 0.554509
0.2385 0.55972
0.2395 0.564909
0.2405 0.570076
0.2415 0.57522
0.2425 0.580342
0.2435 0.58544
0.2445 0.590516
0.2455 0.595568
0.2465 0.600597
0.2475 0.605602
0.2485 0.610583
0.2495 0.61554
0.2505 0.620473
0.2515 0.625381
0.2525 0.630264
0.2535 0.635123
0.2545 0.639957
0.2555 0.644765
0.2565 0.649548
0.2575 0.654305
0.2585 0.659036
0.2595 0.663742
0.2605 0.668421
0.2615 0.673073
0.2625 0.6777
0.2635 0.682299
0.2645 0.686872
0.2655 0.691417
0.2665 0.695935
0.2675 0.700426
0.2685 0.704888
0.2695 0.709324
0.2705 0.713731
0.2715 0.71811
0.2725 0.72246
0.2735 0.726782
0.2745 0.731076
0.2755 0.73534
0.2765 0.739576
0.2775 0.743782
0.2785 0.747959
0.2795 0.752106
0.2805 0.756224
0.2815 0.760312
0.2825 0.76437
0.2835 0.768397
0.2845 0.772395
0.2855 0.776361
0.2865 0.780298
0.2875 0.784203
0.2885 0.788077
0.2895 0.791921
0.2905 0.795733
0.2915 0.799513
0.2925 0.803262
0.2935 0.80698
0.2945 0.810665
0.2955 0.814319
0.2965 0.81794
0.2975 0.821529
0.2985 0.825086
0.2995 0.82861
0.3005 0.832101
0.3015 0.83556
0.3025 0.838985
0.3035 0.842378
0.3045 0.845737
0.3055 0.849062
0.3065 0.852355
0.3075 0.855613
0.3085 0.858838
0.3095 0.862029
0.3105 0.865186
0.3115 0.868308
0.3125 0.871397
0.3135 0.874451
0.3145 0.87747
0.3155 0.880455
0.3165 0.883405
0.3175 0.88632
0.3185 0.889201
0.3195 0.892046
0.3205 0.894856
0.3215 0.89763
0.3225 0.900369
0.3235 0.903073
0.3245 0.905741
0.3255 0.908373
0.3265 0.910969
0.3275 0.91353
0.3285 0.916054
0.3295 0.918542
0.3305 0.920994
0.3315 0.92341
0.3325 0.925789
0.3335 0.928131
0.3345 0.930437
0.3355 0.932706
0.3365 0.934938
0.3375 0.937134
0.3385 0.939292
0.3395 0.941413
0.3405 0.943498
0.3415 0.945545
0.3425 0.947554
0.3435 0.949526
0.3445 0.951461
0.3455 0.953358
0.3465 0.955218
0.3475 0.957039
0.3485 0.958823
0.3495 0.96057
0.3505 0.962278
0.3515 0.963948
0.3525 0.96558
0.3535 0.967174
0.3545 0.96873
0.3555 0.970248
0.3565 0.971727
0.3575 0.973168
0.3585 0.974571
0.3595 0.975935
0.3605 0.97726
0.3615 0.978547
0.3625 0.979795
0.3635 0.981005
0.3645 0.982176
0.3655 0.983308
0.3665 0.984402
0.3675 0.985456
0.3685 0.986472
0.3695 0.987448
0.3705 0.988386
0.3715 0.989284
0.3725 0.990144
0.3735 0.990964
0.3745 0.991746
0.3755 0.992488
0.3765 0.993191
0.3775 0.993855
0.3785 0.994479
0.3795 0.995065
0.3805 0.995611
0.3815 0.996117
0.3825 0.996585
0.3835 0.997013
0.3845 0.997402
0.3855 0.997751
0.3865 0.998061
0.3875 0.998331
0.3885 0.998562
0.3895 0.998754
0.3905 0.998906
0.3915 0.999019
0.3925 0.999093
0.3935 0.999127
0.3945 0.999121
0.3955 0.999076
0.3965 0.998992
0.3975 0.998868
0.3985 0.998705
0.3995 0.998502
0.4005 0.99826
0.4015 0.997978
0.4025 0.997657
0.4035 0.997297
0.4045 0.996898
0.4055 0.996458
0.4065 0.99598
0.4075 0.995462
0.4085 0.994905
0.4095 0.994309
0.4105 0.993674
0.4115 0.992999
0.4125 0.992285
0.4135 0.991532
0.4145 0.99074
0.4155 0.989908
0.4165 0.989038
0.4175 0.988128
0.4185 0.98718
0.4195 0.986192
0.4205 0.985166
0.4215 0.984101
0.4225 0.982996
0.4235 0.981853
0.4245 0.980672
0.4255 0.979451
0.4265 0.978192
0.4275 0.976894
0.4285 0.975558
0.4295 0.974183
0.4305 0.97277
0.4315 0.971318
0.4325 0.969828
0.4335 0.9683
0.4345 0.966734
0.4355 0.965129
0.4365 0.963486
0.4375 0.961805
0.4385 0.960087
0.4395 0.95833
0.4405 0.956535
0.4415 0.954703
0.4425 0.952833
0.4435 0.950925
0.4445 0.94898
0.4455 0.946998
0.4465 0.944978
0.4475 0.94292
0.4485 0.940826
0.4495 0.938694
0.4505 0.936525
0.4515 0.93432
0.4525 0.932077
0.4535 0.929798
0.4545 0.927482
0.4555 0.925129
0.4565 0.92274
0.4575 0.920314
0.4585 0.917852
0.4595 0.915354
0.4605 0.912819
0.4615 0.910249
0.4625 0.907643
0.4635 0.905001
0.4645 0.902323
0.4655 0.899609
0.4665 0.89686
0.4675 0.894076
0.4685 0.891256
0.4695 0.888401
0.4705 0.885511
0.4715 0.882586
0.4725 0.879626
0.4735 0.876632
0.4745 0.873603
0.4755 0.870539
0.4765 0.867441
0.4775 0.864309
0.4785 0.861143
0.4795 0.857942
0.4805 0.854708
0.4815 0.85144
0.4825 0.848138
0.4835 0.844803
0.4845 0.841435
0.4855 0.838033
0.4865 0.834599
0.4875 0.831131
0.4885 0.827631
0.4895 0.824097
0.4905 0.820532
0.4915 0.816934
0.4925 0.813303
0.4935 0.809641
0.4945 0.805947
0.4955 0.80222
0.4965 0.798462
0.4975 0.794673
0.4985 0.790852
0.4995 0.787
0.5005 0.783117
0.5015 0.779203
0.5025 0.775259
0.5035 0.771283
0.5045 0.767277
0.5055 0.763241
0.5065 0.759175
0.5075 0.755079
0.5085 0.750953
0.5095 0.746797
0.5105 0.742612
0.5115 0.738398
0.5125 0.734154
0.5135 0.729882
0.5145 0.72558
0.5155 0.72125
0.5165 0.716892
0.5175 0.712505
0.5185 0.70809
0.5195 0.703647
0.5205 0.699176
0.5215 0.694678
0.5225 0.690152
0.5235 0.685599
0.5245 0.681019
0.5255 0.676412
0.5265 0.671779
0.5275 0.667119
0.5285 0.662432
0.5295 0.65772
0.5305 0.652981
0.5315 0.648217
0.5325 0.643427
0.5335 0.638611
0.5345 0.633771
0.5355 0.628905
0.5365 0.624015
0.5375 0.6191
0.5385 0.61416
0.5395 0.609197
0.5405 0.604209
0.5415 0.599197
0.5425 0.594162
0.5435 0.589103
0.5445 0.584021
0.5455 0.578916
0.5465 0.573788
0.5475 0.568638
0.5485 0.563465
0.5495 0.558269
0.5505 0.553052
0.5515 0.547813
0.5525 0.542552
0.5535 0.53727
0.5545 0.531967
0.5555 0.526642
0.5565 0.521297
0.5575 0.515931
0.5585 0.510545
0.5595 0.505139
0.5605 0.499713
0.5615 0.494267
0.5625 0.488801
0.5635 0.483317
0.5645 0.477813
0.5655 0.47229
0.5665 0.466749
0.5675 0.461189
0.5685 0.455611
0.5695 0.450015
0.5705 0.444401
0.5715 0.43877
0.5725 0.433121
0.5735 0.427456
0.5745 0.421773
0.5755 0.416074
0.5765 0.410358
0.5775 0.404626
0.5785 0.398879
0.5795 0.393115
0.5805 0.387336
0.5815 0.381542
0.5825 0.375732
0.5835 0.369908
0.5845 0.364069
0.5855 0.358216
0.5865 0.352348
0.5875 0.346467
0.5885 0.340572
0.5895 0.334664
0.5905 0.328742
0.5915 0.322807
0.5925 0.31686
0.5935 0.3109
0.5945 0.304928
0.5955 0.298944
0.5965 0.292948
0.5975 0.28694
0.5985 0.280921
0.5995 0.274891
0.6005 0.26885
0.6015 0.262799
0.6025 0.256737
0.6035 0.250665
0.6045 0.244583
0.6055 0.238492
0.6065 0.232391
0.6075 0.226281
0.6085 0.220162
0.6095 0.214034
0.6105 0.207898
0.6115 0.201754
0.6125 0.195601
0.6135 0.189441
0.6145 0.183274
0.6155 0.177099
0.6165 0.170917
0.6175 0.164729
0.6185 0.158534
0.6195 0.152332
0.6205 0.146125
0.6215 0.139912
0.6225 0.133693
0.6235 0.12747
0.6245 0.121241
0.6255 0.115007
0.6265 0.108769
0.6275 0.102526
0.6285 0.0962798
0.6295 0.0900294
0.6305 0.0837755
0.6315 0.0775183
0.6325 0.071258
0.6335 0.0649949
0.6345 0.0587293
0.6355 0.0524613
0.6365 0.0461912
0.6375 0.0399194
0.6385 0.0336459
0.6395 0.0273712
0.6405 0.0210953
0.6415 0.0148186
0.6425 0.00854133
0.6435 0.00226372
0.6445 -0.00401398
0.6455 -0.0102915
0.6465 -0.0165687
0.6475 -0.0228451
0.6485 -0.0291207
0.6495 -0.0353952
0.6505 -0.0416682
0.6515 -0.0479396
0.6525 -0.0542091
0.6535 -0.0604764
0.6545 -0.0667414
0.6555 -0.0730037
0.6565 -0.0792632
0.6575 -0.0855195
0.6585 -0.0917724
0.6595 -0.0980218
0.6605 -0.104267
0.6615 -0.110509
0.6625 -0.116746
0.6635 -0.122978
0.6645 -0.129205
0.6655 -0.135428
0.6665 -0.141645
0.6675 -0.147856
0.6685 -0.154062
0.6695 -0.160262
0.6705 -0.166455
0.6715 -0.172641
0.6725 -0.178821
0.6735 -0.184994
0.6745 -0.19116
0.6755 -0.197317
0.6765 -0.203468
0.6775 -0.20961
0.6785 -0.215744
0.6795 -0.221869
0.6805 -0.227985
0.6815 -0.234093
0.6825 -0.240191
0.6835 -0.24628
0.6845 -0.252359
0.6855 -0.258428
0.6865 -0.264487
0.6875 -0.270536
0.6885 -0.276574
0.6895 -0.2826
0.6905 -0.288616
0.6915 -0.294621
0.6925 -0.300613
0.6935 -0.306594
0.6945 -0.312563
0.6955 -0.318519
0.6965 -0.324463
0.6975 -0.330394
0.6985 -0.336312
0.6995 -0.342217
0.7005 -0.348108
0.7015 -0.353986
0.7025 -0.359849
0.7035 -0.365698
0.7045 -0.371533
0.7055 -0.377353
0.7065 -0.383159
0.7075 -0.388949
0.7085 -0.394723
0.7095 -0.400483
0.7105 -0.406226
0.7115 -0.411953
0.7125 -0.417665
0.7135 -0.423359
0.7145 -0.429037
0.7155 -0.434698
0.7165 -0.440342
0.7175 -0.445968
0.7185 -0.451577
0.7195 -0.457168
0.7205 -0.462741
0.7215 -0.468296
0.7225 -0.473832
0.7235 -0.479349
0.7245 -0.484848
0.7255 -0.490327
0.7265 -0.495787
0.7275 -0.501228
0.7285 -0.506648
0.7295 -0.512049
0.7305 -0.517429
0.7315 -0.52279
0.7325 -0.528129
0.7335 -0.533447
0.7345 -0.538745
0.7355 -0.544021
0.7365 -0.549276
0.7375 -0.554509
0.7385 -0.55972
0.7395 -0.564909
0.7405 -0.570076
0.7415 -0.57522
0.7425 -0.580342
0.7435 -0.58544
0.7445 -0.590516
0.7455 -0.595568
0.7465 -0.600597
0.7475 -0.605602
0.7485 -0.610583
0.7495 -0.61554
0.7505 -0.620473
0.7515 -0.625381
0.7525 -0.630264
0.7535 -0.635123
0.7545 -0.639957
0.7555 -0.644765
0.7565 -0.649548
0.7575 -0.654305
0.7585 -0.659036
0.7595 -0.663742
0.7605 -0.668421
0.7615 -0.673073
0.7625 -0.6777
0.7635 -0.682299
0.7645 -0.686872
0.7655 -0.691417
0.7665 -0.695935
0.7675 -0.700426
0.7685 -0.704888
0.7695 -0.709324
0.7705 -0.713731
0.7715 -0.71811
0.7725 -0.72246
0.7735 -0.726782
0.7745 -0.731076
0.7755 -0.73534
0.7765 -0.739576
0.7775 -0.743782
0.7785 -0.747959
0.7795 -0.752106
0.7805 -0.756224
0.7815 -0.760312
0.7825 -0.76437
0.7835 -0.768397
0.7845 -0.772395
0.7855 -0.776361
0.7865 -0.780298
0.7875 -0.784203
0.7885 -0.788077
0.7895 -0.791921
0.7905 -0.795733
0.7915 -0.799513
0.7925 -0.803262
0.7935 -0.80698
0.7945 -0.810665
0.7955 -0.814319
0.7965 -0.81794
0.7975 -0.821529
0.7985 -0.825086
0.7995 -0.82861
0.8005 -0.832101
0.8015 -0.83556
0.8025 -0.838985
0.8035 -0.842378
0.8045 -0.845737
0.8055 -0.849062
0.8065 -0.852355
0.8075 -0.855613
0.8085 -0.858838
0.8095 -0.862029
0.8105 -0.865186
0.8115 -0.868308
0.8125 -0.871397
0.8135 -0.874451
0.8145 -0.87747
0.8155 -0.880455
0.8165 -0.883405
0.8175 -0.88632
0.8185 -0.889201
0.8195 -0.892046
0.8205 -0.894856
0.8215 -0.89763
0.8225 -0.900369
0.8235 -0.903073
0.8245 -0.905741
0.8255 -0.908373
0.8265 -0.910969
0.8275 -0.91353
0.8285 -0.916054
0.8295 -0.918542
0.8305 -0.920994
0.8315 -0.92341
0.8325 -0.925789
0.8335 -0.928131
0.8345 -0.930437
0.8355 -0.932706
0.8365 -0.934938
0.8375 -0.937134
0.8385 -0.939292
0.8395 -0.941413
0.8405 -0.943498
0.8415 -0.945545
0.8425 -0.947554
0.8435 -0.949526
0.8445 -0.951461
0.8455 -0.953358
0.8465 -0.955218
0.8475 -0.957039
0.8485 -0.958823
0.8495 -0.96057
0.8505 -0.962278
0.8515 -0.963948
0.8525 -0.96558
0.8535 -0.967174
0.8545 -0.96873
0.8555 -0.970248
0.8565 -0.971727
0.8575 -0.973168
0.8585 -0.974571
0.8595 -0.975935
0.8605 -0.97726
0.8615 -0.978547
0.8625 -0.979795
0.8635 -0.981005
0.8645 -0.982176
0.8655 -0.983308
0.8665 -0.984402
0.8675 -0.985456
0.8685 -0.986472
0.8695 -0.987448
0.8705 -0.988386
0.8715 -0.989284
0.8725 -0.990144
0.8735 -0.990964
0.8745 -0.991746
0.8755 -0.992488
0.8765 -0.993191
0.8775 -0.993855
0.8785 -0.994479
0.8795 -0.995065
0.8805 -0.995611
0.8815 -0.996117
0.8825 -0.996585
0.8835 -0.997013
0.8845 -0.997402
0.8855 -0.997751
0.8865 -0.998061
0.8875 -0.998331
0.8885 -0.998562
0.8895 -0.998754
0.8905 -0.998906
0.8915 -0.999019
0.8925 -0.999093
0.8935 -0.999127
0.8945 -0.999121
0.8955 -0.999076
0.8965 -0.998992
0.8975 -0.998868
0.8985 -0.998705
0.8995 -0.998502
0.9005 -0.99826
0.9015 -0.997978
0.9025 -0.997657
0.9035 -0.997297
0.9045 -0.996898
0.9055 -0.996458
0.9065 -0.99598
0.9075 -0.995462
0.9085 -0.994905
0.9095 -0.994309
0.9105 -0.993674
0.9115 -0.992999
0.9125 -0.992285
0.9135 -0.991532
0.9145 -0.99074
0.9155 -0.989908
0.9165 -0.989038
0.9175 -0.988128
0.9185 -0.98718
0.9195 -0.986192
0.9205 -0.985166
0.9215 -0.984101
0.9225 -0.982996
0.9235 -0.981853
0.9245 -0.980672
0.9255 -0.979451
0.9265 -0.978192
0.9275 -0.976894
0.9285 -0.975558
0.9295 -0.974183
0.9305 -0.97277
0.9315 -0.971318
0.9325 -0.969828
0.9335 -0.9683
0.9345 -0.966734
0.9355 -0.965129
0.9365 -0.963486
0.9375 -0.961805
0.9385 -0.960087
0.9395 -0.95833
0.9405 -0.956535
0.9415 -0.954703
0.9425 -0.952833
0.9435 -0.950925
0.9445 -0.94898
0.9455 -0.946998
0.9465 -0.944978
0.9475 -0.94292
0.9485 -0.940826
0.9495 -0.938694
0.9505 -0.936525
0.9515 -0.93432
0.9525 -0.932077
0.9535 -0.929798
0.9545 -0.927482
0.9555 -0.925129
0.9565 -0.92274
0.9575 -0.920314
0.9585 -0.917852
0.9595 -0.915354
0.9605 -0.912819
0.9615 -0.910249
0.9625 -0.907643
0.9635 -0.905001
0.9645 -0.902323
0.9655 -0.899609
0.9665 -0.89686
0.9675 -0.894076
0.9685 -0.891256
0.9695 -0.888401
0.9705 -0.885511
0.9715 -0.882586
0.9725 -0.879626
0.9735 -0.876632
0.9745 -0.873603
0.9755 -0.870539
0.9765 -0.867441
0.9775 -0.864309
0.9785 -0.861143
0.9795 -0.857942
0.9805 -0.854708
0.9815 -0.85144
0.9825 -0.848138
0.9835 -0.844803
0.9845 -0.841435
0.9855 -0.838033
0.9865 -0.834599
0.9875 -0.831131
0.9885 -0.827631
0.9895 -0.824097
0.9905 -0.820532
0.9915 -0.816934
0.9925 -0.813303
0.9935 -0.809641
0.9945 -0.805947
0.9955 -0.80222
0.9965 -0.798462
0.9975 -0.794673
0.9985 -0.790852
0.9995 -0.787
