
# time = 0.25
0.0005 -0.0578967
0.0015 -0.0574322
0.0025 -0.0569654
0.0035 -0.0564964
0.0045 -0.0560251
0.0055 -0.0555517
0.0065 -0.055076
0.0075 -0.0545982
0.0085 -0.0541182
0.0095 -0.0536361
0.0105 -0.0531518
0.0115 -0.0526655
0.0125 -0.052177
0.0135 -0.0516866
0.0145 -0.051194
0.0155 -0.0506995
0.0165 -0.050203
0.0175 -0.0497044
0.0185 -0.0492039
0.0195 -0.0487015
0.0205 -0.0481972
0.0215 -0.0476909
0.0225 -0.0471828
0.0235 -0.0466728
0.0245 -0.0461609
0.0255 -0.0456472
0.0265 -0.0451318
0.0275 -0.0446145
0.0285 -0.0440955
0.0295 -0.0435748
0.0305 -0.0430523
0.0315 -0.0425281
0.0325 -0.0420023
0.0335 -0.0414748
0.0345 -0.0409456
0.0355 -0.0404148
0.0365 -0.0398825
0.0375 -0.0393485
0.0385 -0.0388131
0.0395 -0.038276
0.0405 -0.0377375
0.0415 -0.0371975
0.0425 -0.036656
0.0435 -0.0361131
0.0445 -0.0355687
0.0455 -0.0350229
0.0465 -0.0344758
0.0475 -0.0339273
0.0485 -0.0333774
0.0495 -0.0328263
0.0505 -0.0322738
0.0515 -0.0317201
0.0525 -0.0311651
0.0535 -0.0306089
0.0545 -0.0300514
0.0555 -0.0294928
0.0565 -0.028933
0.0575 -0.0283721
0.0585 -0.0278101
0.0595 -0.0272469
0.0605 -0.0266827
0.0615 -0.0261175
0.0625 -0.0255512
0.0635 -0.0249839
0.0645 -0.0244156
0.0655 -0.0238463
0.0665 -0.0232761
0.0675 -0.022705
0.0685 -0.022133
0.0695 -0.0215601
0.0705 -0.0209863
0.0715 -0.0204118
0.0725 -0.0198364
0.0735 -0.0192602
0.0745 -0.0186833
0.0755 -0.0181057
0.0765 -0.0175273
0.0775 -0.0169482
0.0785 -0.0163685
0.0795 -0.0157881
0.0805 -0.0152071
0.0815 -0.0146255
0.0825 -0.0140434
0.0835 -0.0134606
0.0845 -0.0128774
0.0855 -0.0122936
0.0865 -0.0117093
0.0875 -0.0111246
0.0885 -0.0105395
0.0895 -0.00995389
0.0905 -0.00936792
0.0915 -0.00878158
0.0925 -0.0081949
0.0935 -0.00760789
0.0945 -0.00702058
0.0955 -0.006433
0.0965 -0.00584516
0.0975 -0.00525709
0.0985 -0.00466881
0.0995 -0.00408035
0.1005 -0.00349173
0.1015 -0.00290297
0.1025 -0.00231409
0.1035 -0.00172512
0.1045 -0.00113609
0.1055 -0.00054701
0.1065 4.20907e-05
0.1075 0.00063119
0.1085 0.00122026
0.1095 0.00180929
0.1105 0.00239825
0.1115 0.00298711
0.1125 0.00357585
0.1135 0.00416445
0.1145 0.00475289
0.1155 0.00534113
0.1165 0.00592917
0.1175 0.00651698
0.1185 0.00710452
0.1195 0.00769179
0.1205 0.00827875
0.1215 0.00886539
0.1225 0.00945167
0.1235 0.0100376
0.1245 0.0106231
0.1255 0.0112082
0.1265 0.0117929
0.1275 0.012377
0.1285 0.0129607
0.1295 0.0135439
0.1305 0.0141266
0.1315 0.0147087
0.1325 0.0152902
0.1335 0.0158711
0.1345 0.0164514
0.1355 0.017031
0.1365 0.01761
0.1375 0.0181883
0.1385 0.0187658
0.1395 0.0193426
0.1405 0.0199187
0.1415 0.0204939
0.1425 0.0210684
0.1435 0.021642
0.1445 0.0222148
0.1455 0.0227867
0.1465 0.0233576
0.1475 0.0239277
0.1485 0.0244968
0.1495 0.025065
0.1505 0.0256321
0.1515 0.0261983
0.1525 0.0267634
0.1535 0.0273275
0.1545 0.0278905
0.1555 0.0284523
0.1565 0.0290131
0.1575 0.0295727
0.1585 0.0301312
0.1595 0.0306884
0.1605 0.0312445
0.1615 0.0317993
0.1625 0.0323528
0.1635 0.0329051
0.1645 0.0334561
0.1655 0.0340057
0.1665 0.0345541
0.1675 0.035101
0.1685 0.0356466
0.1695 0.0361907
0.1705 0.0367335
0.1715 0.0372747
0.1725 0.0378146
0.1735 0.0383529
0.1745 0.0388897
0.1755 0.0394249
0.1765 0.0399587
0.1775 0.0404908
0.1785 0.0410213
0.1795 0.0415502
0.1805 0.0420775
0.1815 0.0426031
0.1825 0.043127
0.1835 0.0436493
0.1845 0.0441698
0.1855 0.0446885
0.1865 0.0452055
0.1875 0.0457208
0.1885 0.0462342
0.1895 0.0467457
0.1905 0.0472555
0.1915 0.0477634
0.1925 0.0482693
0.1935 0.0487734
0.1945 0.0492756
0.1955 0.0497758
0.1965 0.050274
0.1975 0.0507703
0.1985 0.0512645
0.1995 0.0517568
0.2005 0.052247
0.2015 0.0527351
0.2025 0.0532211
0.2035 0.0537051
0.2045 0.0541869
0.2055 0.0546666
0.2065 0.0551441
0.2075 0.0556195
0.2085 0.0560926
0.2095 0.0565635
0.2105 0.0570322
0.2115 0.0574987
0.2125 0.0579629
0.2135 0.0584248
0.2145 0.0588844
0.2155 0.0593416
0.2165 0.0597966
0.2175 0.0602491
0.2185 0.0606993
0.2195 0.0611471
0.2205 0.0615925
0.2215 0.0620354
0.2225 0.0624759
0.2235 0.0629139
0.2245 0.0633495
0.2255 0.0637825
0.2265 0.064213
0.2275 0.064641
0.2285 0.0650664
0.2295 0.0654893
0.2305 0.0659096
0.2315 0.0663273
0.2325 0.0667423
0.2335 0.0671547
0.2345 0.0675645
0.2355 0.0679716
0.2365 0.0683761
0.2375 0.0687778
0.2385 0.0691768
0.2395 0.0695731
0.2405 0.0699666
0.2415 0.0703574
0.2425 0.0707454
0.2435 0.0711306
0.2445 0.0715129
0.2455 0.0718925
0.2465 0.0722692
0.2475 0.0726431
0.2485 0.0730141
0.2495 0.0733823
0.2505 0.0737475
0.2515 0.0741098
0.2525 0.0744692
0.2535 0.0748256
0.2545 0.0751791
0.2555 0.0755297
0.2565 0.0758772
0.2575 0.0762218
0.2585 0.0765633
0.2595 0.0769018
0.2605 0.0772373
0.2615 0.0775698
0.2625 0.0778991
0.2635 0.0782254
0.2645 0.0785486
0.2655 0.0788688
0.2665 0.0791857
0.2675 0.0794996
0.2685 0.0798103
0.2695 0.0801179
0.2705 0.0804223
0.2715 0.0807236
0.2725 0.0810216
0.2735 0.0813165
0.2745 0.0816081
0.2755 0.0818966
0.2765 0.0821818
0.2775 0.0824637
0.2785 0.0827424
0.2795 0.0830178
0.2805 0.08329
0.2815 0.0835588
0.2825 0.0838244
0.2835 0.0840866
0.2845 0.0843456
0.2855 0.0846012
0.2865 0.0848534
0.2875 0.0851024
0.2885 0.0853479
0.2895 0.0855901
0.2905 0.0858289
0.2915 0.0860643
0.2925 0.0862963
0.2935 0.0865249
0.2945 0.0867501
0.2955 0.0869719
0.2965 0.0871902
0.2975 0.0874051
0.2985 0.0876166
0.2995 0.0878246
0.3005 0.0880291
0.3015 0.0882301
0.3025 0.0884277
0.3035 0.0886218
0.3045 0.0888123
0.3055 0.0889994
0.3065 0.0891829
0.3075 0.089363
0.3085 0.0895395
0.3095 0.0897124
0.3105 0.0898819
0.3115 0.0900477
0.3125 0.0902101
0.3135 0.0903688
0.3145 0.090524
0.3155 0.0906756
0.3165 0.0908237
0.3175 0.0909681
0.3185 0.091109
0.3195 0.0912463
0.3205 0.0913799
0.3215 0.09151
0.3225 0.0916364
0.3235 0.0917593
0.3245 0.0918785
0.3255 0.091994
0.3265 0.092106
0.3275 0.0922143
0.3285 0.092319
0.3295 0.09242
0.3305 0.0925174
0.3315 0.0926111
0.3325 0.0927011
0.3335 0.0927876
0.3345 0.0928703
0.3355 0.0929494
0.3365 0.0930248
0.3375 0.0930965
0.3385 0.0931646
0.3395 0.093229
0.3405 0.0932897
0.3415 0.0933467
0.3425 0.0934
0.3435 0.0934497
0.3445 0.0934956
0.3455 0.0935379
0.3465 0.0935765
0.3475 0.0936113
0.3485 0.0936425
0.3495 0.09367
0.3505 0.0936938
0.3515 0.0937139
0.3525 0.0937303
0.3535 0.093743
0.3545 0.0937519
0.3555 0.0937572
0.3565 0.0937588
0.3575 0.0937567
0.3585 0.0937509
0.3595 0.0937414
0.3605 0.0937282
0.3615 0.0937112
0.3625 0.0936906
0.3635 0.0936663
0.3645 0.0936383
0.3655 0.0936066
0.3665 0.0935712
0.3675 0.0935321
0.3685 0.0934893
0.3695 0.0934428
0.3705 0.0933926
0.3715 0.0933388
0.3725 0.0932812
0.3735 0.09322
0.3745 0.0931551
0.3755 0.0930865
0.3765 0.0930142
0.3775 0.0929383
0.3785 0.0928587
0.3795 0.0927754
0.3805 0.0926885
0.3815 0.0925979
0.3825 0.0925037
0.3835 0.0924058
0.3845 0.0923042
0.3855 0.092199
0.3865 0.0920902
0.3875 0.0919777
0.3885 0.0918617
0.3895 0.0917419
0.3905 0.0916186
0.3915 0.0914916
0.3925 0.0913611
0.3935 0.0912269
0.3945 0.0910891
0.3955 0.0909477
0.3965 0.0908028
0.3975 0.0906542
0.3985 0.0905021
0.3995 0.0903464
0.4005 0.0901871
0.4015 0.0900243
0.4025 0.0898579
0.4035 0.0896879
0.4045 0.0895145
0.4055 0.0893375
0.4065 0.0891569
0.4075 0.0889729
0.4085 0.0887853
0.4095 0.0885942
0.4105 0.0883997
0.4115 0.0882016
0.4125 0.0880001
0.4135 0.0877951
0.4145 0.0875866
0.4155 0.0873746
0.4165 0.0871593
0.4175 0.0869404
0.4185 0.0867182
0.4195 0.0864925
0.4205 0.0862634
0.4215 0.0860309
0.4225 0.085795
0.4235 0.0855557
0.4245 0.085313
0.4255 0.085067
0.4265 0.0848176
0.4275 0.0845649
0.4285 0.0843088
0.4295 0.0840494
0.4305 0.0837866
0.4315 0.0835206
0.4325 0.0832513
0.4335 0.0829787
0.4345 0.0827028
0.4355 0.0824236
0.4365 0.0821412
0.4375 0.0818556
0.4385 0.0815667
0.4395 0.0812746
0.4405 0.0809792
0.4415 0.0806807
0.4425 0.080379
0.4435 0.0800742
0.4445 0.0797661
0.4455 0.079455
0.4465 0.0791406
0.4475 0.0788232
0.4485 0.0785026
0.4495 0.078179
0.4505 0.0778523
0.4515 0.0775224
0.4525 0.0771896
0.4535 0.0768537
0.4545 0.0765147
0.4555 0.0761727
0.4565 0.0758277
0.4575 0.0754798
0.4585 0.0751288
0.4595 0.0747749
0.4605 0.074418
0.4615 0.0740582
0.4625 0.0736955
0.4635 0.0733298
0.4645 0.0729613
0.4655 0.0725899
0.4665 0.0722156
0.4675 0.0718384
0.4685 0.0714585
0.4695 0.0710757
0.4705 0.0706901
0.4715 0.0703017
0.4725 0.0699105
0.4735 0.0695166
0.4745 0.0691199
0.4755 0.0687205
0.4765 0.0683184
0.4775 0.0679136
0.4785 0.0675061
0.4795 0.067096
0.4805 0.0666832
0.4815 0.0662677
0.4825 0.0658497
0.4835 0.065429
0.4845 0.0650058
0.4855 0.06458
0.4865 0.0641516
0.4875 0.0637208
0.4885 0.0632874
0.4895 0.0628515
0.4905 0.0624131
0.4915 0.0619722
0.4925 0.061529
0.4935 0.0610832
0.4945 0.0606351
0.4955 0.0601846
0.4965 0.0597317
0.4975 0.0592764
0.4985 0.0588188
0.4995 0.0583589
0.5005 0.0578967
0.5015 0.0574322
0.5025 0.0569654
0.5035 0.0564964
0.5045 0.0560251
0.5055 0.0555517
0.5065 0.055076
0.5075 0.0545982
0.5085 0.0541182
0.5095 0.0536361
0.5105 0.0531518
0.5115 0.0526655
0.5125 0.052177
0.5135 0.0516866
0.5145 0.051194
0.5155 0.0506995
0.5165 0.050203
0.5175 0.0497044
0.5185 0.0492039
0.5195 0.0487015
0.5205 0.0481972
0.5215 0.0476909
0.5225 0.0471828
0.5235 0.0466728
0.5245 0.0461609
0.5255 0.0456472
0.5265 0.0451318
0.5275 0.0446145
0.5285 0.0440955
0.5295 0.0435748
0.5305 0.0430523
0.5315 0.0425281
0.5325 0.0420023
0.5335 0.0414748
0.5345 0.0409456
0.5355 0.0404148
0.5365 0.0398825
0.5375 0.0393485
0.5385 0.0388131
0.5395 0.038276
0.5405 0.0377375
0.5415 0.0371975
0.5425 0.036656
0.5435 0.0361131
0.5445 0.0355687
0.5455 0.0350229
0.5465 0.0344758
0.5475 0.0339273
0.5485 0.0333774
0.5495 0.0328263
0.5505 0.0322738
0.5515 0.0317201
0.5525 0.0311651
0.5535 0.0306089
0.5545 0.0300514
0.5555 0.0294928
0.5565 0.028933
0.5575 0.0283721
0.5585 0.0278101
0.5595 0.0272469
0.5605 0.0266827
0.5615 0.0261175
0.5625 0.0255512
0.5635 0.0249839
0.5645 0.0244156
0.5655 0.0238463
0.5665 0.0232761
0.5675 0.022705
0.5685 0.022133
0.5695 0.0215601
0.5705 0.0209863
0.5715 0.0204118
0.5725 0.0198364
0.5735 0.0192602
0.5745 0.0186833
0.5755 0.0181057
0.5765 0.0175273
0.5775 0.0169482
0.5785 0.0163685
0.5795 0.0157881
0.5805 0.0152071
0.5815 0.0146255
0.5825 0.0140434
0.5835 0.0134606
0.5845 0.0128774
0.5855 0.0122936
0.5865 0.0117093
0.5875 0.0111246
0.5885 0.0105395
0.5895 0.00995389
0.5905 0.00936792
0.5915 0.00878158
0.5925 0.0081949
0.5935 0.00760789
0.5945 0.00702058
0.5955 0.006433
0.5965 0.00584516
0.5975 0.00525709
0.5985 0.00466881
0.5995 0.00408035
0.6005 0.00349173
0.6015 0.00290297
0.6025 0.00231409
0.6035 0.00172512
0.6045 0.00113609
0.6055 0.00054701
0.6065 -4.20907e-05
0.6075 -0.00063119
0.6085 -0.00122026
0.6095 -0.00180929
0.6105 -0.00239825
0.6115 -0.00298711
0.6125 -0.00357585
0.6135 -0.00416445
0.6145 -0.00475289
0.6155 -0.00534113
0.6165 -0.00592917
0.6175 -0.00651698
0.6185 -0.00710452
0.6195 -0.00769179
0.6205 -0.00827875
0.6215 -0.00886539
0.6225 -0.00945167
0.6235 -0.0100376
0.6245 -0.0106231
0.6255 -0.0112082
0.6265 -0.0117929
0.6275 -0.012377
0.6285 -0.0129607
0.6295 -0.0135439
0.6305 -0.0141266
0.6315 -0.0147087
0.6325 -0.0152902
0.6335 -0.0158711
0.6345 -0.0164514
0.6355 -0.017031
0.6365 -0.01761
0.6375 -0.0181883
0.6385 -0.0187658
0.6395 -0.0193426
0.6405 -0.0199187
0.6415 -0.0204939
0.6425 -0.0210684
0.6435 -0.021642
0.6445 -0.0222148
0.6455 -0.0227867
0.6465 -0.0233576
0.6475 -0.0239277
0.6485 -0.0244968
0.6495 -0.025065
0.6505 -0.0256321
0.6515 -0.0261983
0.6525 -0.0267634
0.6535 -0.0273275
0.6545 -0.0278905
0.6555 -0.0284523
0.6565 -0.0290131
0.6575 -0.0295727
0.6585 -0.0301312
0.6595 -0.0306884
0.6605 -0.0312445
0.6615 -0.0317993
0.6625 -0.0323528
0.6635 -0.0329051
0.6645 -0.0334561
0.6655 -0.0340057
0.6665 -0.0345541
0.6675 -0.035101
0.6685 -0.0356466
0.6695 -0.0361907
0.6705 -0.0367335
0.6715 -0.0372747
0.6725 -0.0378146
0.6735 -0.0383529
0.6745 -0.0388897
0.6755 -0.0394249
0.6765 -0.0399587
0.6775 -0.0404908
0.6785 -0.0410213
0.6795 -0.0415502
0.6805 -0.0420775
0.6815 -0.0426031
0.6825 -0.043127
0.6835 -0.0436493
0.6845 -0.0441698
0.6855 -0.0446885
0.6865 -0.0452055
0.6875 -0.0457208
0.6885 -0.0462342
0.6895 -0.0467457
0.6905 -0.0472555
0.6915 -0.0477634
0.6925 -0.0482693
0.6935 -0.0487734
0.6945 -0.0492756
0.6955 -0.0497758
0.6965 -0.050274
0.6975 -0.0507703
0.6985 -0.0512645
0.6995 -0.0517568
0.7005 -0.052247
0.7015 -0.0527351
0.7025 -0.0532211
0.7035 -0.0537051
0.7045 -0.0541869
0.7055 -0.0546666
0.7065 -0.0551441
0.7075 -0.0556195
0.7085 -0.0560926
0.7095 -0.0565635
0.7105 -0.0570322
0.7115 -0.0574987
0.7125 -0.0579629
0.7135 -0.0584248
0.7145 -0.0588844
0.7155 -0.0593416
0.7165 -0.0597966
0.7175 -0.0602491
0.7185 -0.0606993
0.7195 -0.0611471
0.7205 -0.0615925
0.7215 -0.0620354
0.7225 -0.0624759
0.7235 -0.0629139
0.7245 -0.0633495
0.7255 -0.0637825
0.7265 -0.064213
0.7275 -0.064641
0.7285 -0.0650664
0.7295 -0.0654893
0.7305 -0.0659096
0.7315 -0.0663273
0.7325 -0.0667423
0.7335 -0.0671547
0.7345 -0.0675645
0.7355 -0.0679716
0.7365 -0.0683761
0.7375 -0.0687778
0.7385 -0.0691768
0.7395 -0.0695731
0.7405 -0.0699666
0.7415 -0.0703574
0.7425 -0.0707454
0.7435 -0.0711306
0.7445 -0.0715129
0.7455 -0.0718925
0.7465 -0.0722692
0.7475 -0.0726431
0.7485 -0.0730141
0.7495 -0.0733823
0.7505 -0.0737475
0.7515 -0.0741098
0.7525 -0.0744692
0.7535 -0.0748256
0.7545 -0.0751791
0.7555 -0.0755297
0.7565 -0.0758772
0.7575 -0.0762218
0.7585 -0.0765633
0.7595 -0.0769018
0.7605 -0.0772373
0.7615 -0.0775698
0.7625 -0.0778991
0.7635 -0.0782254
0.7645 -0.0785486
0.7655 -0.0788688
0.7665 -0.0791857
0.7675 -0.0794996
0.7685 -0.0798103
0.7695 -0.0801179
0.7705 -0.0804223
0.7715 -0.0807236
0.7725 -0.0810216
0.7735 -0.0813165
0.7745 -0.0816081
0.7755 -0.0818966
0.7765 -0.0821818
0.7775 -0.0824637
0.7785 -0.0827424
0.7795 -0.0830178
0.7805 -0.08329
0.7815 -0.0835588
0.7825 -0.0838244
0.7835 -0.0840866
0.7845 -0.0843456
0.7855 -0.0846012
0.7865 -0.0848534
0.7875 -0.0851024
0.7885 -0.0853479
0.7895 -0.0855901
0.7905 -0.0858289
0.7915 -0.0860643
0.7925 -0.0862963
0.7935 -0.0865249
0.7945 -0.0867501
0.7955 -0.0869719
0.7965 -0.0871902
0.7975 -0.0874051
0.7985 -0.0876166
0.7995 -0.0878246
0.8005 -0.0880291
0.8015 -0.0882301
0.8025 -0.0884277
0.8035 -0.0886218
0.8045 -0.0888123
0.8055 -0.0889994
0.8065 -0.0891829
0.8075 -0.089363
0.8085 -0.0895395
0.8095 -0.0897124
0.8105 -0.0898819
0.8115 -0.0900477
0.8125 -0.0902101
0.8135 -0.0903688
0.8145 -0.090524
0.8155 -0.0906756
0.8165 -0.0908237
0.8175 -0.0909681
0.8185 -0.091109
0.8195 -0.0912463
0.8205 -0.0913799
0.8215 -0.09151
0.8225 -0.0916364
0.8235 -0.0917593
0.8245 -0.0918785
0.8255 -0.091994
0.8265 -0.092106
0.8275 -0.0922143
0.8285 -0.092319
0.8295 -0.09242
0.8305 -0.0925174
0.8315 -0.0926111
0.8325 -0.0927011
0.8335 -0.0927876
0.8345 -0.0928703
0.8355 -0.0929494
0.8365 -0.0930248
0.8375 -0.0930965
0.8385 -0.0931646
0.8395 -0.093229
0.8405 -0.0932897
0.8415 -0.0933467
0.8425 -0.0934
0.8435 -0.0934497
0.8445 -0.0934956
0.8455 -0.0935379
0.8465 -0.0935765
0.8475 -0.0936113
0.8485 -0.0936425
0.8495 -0.09367
0.8505 -0.0936938
0.8515 -0.0937139
0.8525 -0.0937303
0.8535 -0.093743
0.8545 -0.0937519
0.8555 -0.0937572
0.8565 -0.0937588
0.8575 -0.0937567
0.8585 -0.0937509
0.8595 -0.0937414
0.8605 -0.0937282
0.8615 -0.0937112
0.8625 -0.0936906
0.8635 -0.0936663
0.8645 -0.0936383
0.8655 -0.0936066
0.8665 -0.0935712
0.8675 -0.0935321
0.8685 -0.0934893
0.8695 -0.0934428
0.8705 -0.0933926
0.8715 -0.0933388
0.8725 -0.0932812
0.8735 -0.09322
0.8745 -0.0931551
0.8755 -0.0930865
0.8765 -0.0930142
0.8775 -0.0929383
0.8785 -0.0928587
0.8795 -0.0927754
0.8805 -0.0926885
0.8815 -0.0925979
0.8825 -0.0925037
0.8835 -0.0924058
0.8845 -0.0923042
0.8855 -0.092199
0.8865 -0.0920902
0.8875 -0.0919777
0.8885 -0.0918617
0.8895 -0.0917419
0.8905 -0.0916186
0.8915 -0.0914916
0.8925 -0.0913611
0.8935 -0.0912269
0.8945 -0.0910891
0.8955 -0.0909477
0.8965 -0.0908028
0.8975 -0.0906542
0.8985 -0.0905021
0.8995 -0.0903464
0.9005 -0.0901871
0.9015 -0.0900243
0.9025 -0.0898579
0.9035 -0.0896879
0.9045 -0.0895145
0.9055 -0.0893375
0.9065 -0.0891569
0.9075 -0.0889729
0.9085 -0.0887853
0.9095 -0.0885942
0.9105 -0.0883997
0.9115 -0.0882016
0.9125 -0.0880001
0.9135 -0.0877951
0.9145 -0.0875866
0.9155 -0.0873746
0.9165 -0.0871593
0.9175 -0.0869404
0.9185 -0.0867182
0.9195 -0.0864925
0.9205 -0.0862634
0.9215 -0.0860309
0.9225 -0.085795
0.9235 -0.0855557
0.9245 -0.085313
0.9255 -0.085067
0.9265 -0.0848176
0.9275 -0.0845649
0.9285 -0.0843088
0.9295 -0.0840494
0.9305 -0.0837866
0.9315 -0.0835206
0.9325 -0.0832513
0.9335 -0.0829787
0.9345 -0.0827028
0.9355 -0.0824236
0.9365 -0.0821412
0.9375 -0.0818556
0.9385 -0.0815667
0.9395 -0.0812746
0.9405 -0.0809792
0.9415 -0.0806807
0.9425 -0.080379
0.9435 -0.0800742
0.9445 -0.0797661
0.9455 -0.079455
0.9465 -0.0791406
0.9475 -0.0788232
0.9485 -0.0785026
0.9495 -0.078179
0.9505 -0.0778523
0.9515 -0.0775224
0.9525 -0.0771896
0.9535 -0.0768537
0.9545 -0.0765147
0.9555 -0.0761727
0.9565 -0.0758277
0.9575 -0.0754798
0.9585 -0.0751288
0.9595 -0.0747749
0.9605 -0.074418
0.9615 -0.0740582
0.9625 -0.0736955
0.9635 -0.0733298
0.9645 -0.0729613
0.9655 -0.0725899
0.9665 -0.0722156
0.9675 -0.0718384
0.9685 -0.0714585
0.9695 -0.0710757
0.9705 -0.0706901
0.9715 -0.0703017
0.9725 -0.0699105
0.9735 -0.0695166
0.9745 -0.0691199
0.9755 -0.0687205
0.9765 -0.0683184
0.9775 -0.0679136
0.9785 -0.0675061
0.9795 -0.067096
0.9805 -0.0666832
0.9815 -0.0662677
0.9825 -0.0658497
0.9835 -0.065429
0.9845 -0.0650058
0.9855 -0.06458
0.9865 -0.0641516
0.9875 -0.0637208
0.9885 -0.0632874
0.9895 -0.0628515
0.9905 -0.0624131
0.9915 -0.0619722
0.9925 -0.061529
0.9935 -0.0610832
0.9945 -0.0606351
0.9955 -0.0601846
0.9965 -0.0597317
0.9975 -0.0592764
0.9985 -0.0588188
0.9995 -0.0583589
