
# time = 0.5
0.0005 -0.985416
0.0015 -0.98611
0.0025 -0.986765
0.0035 -0.987382
0.0045 -0.987959
0.0055 -0.988498
0.0065 -0.988997
0.0075 -0.989458
0.0085 -0.989879
0.0095 -0.990261
0.0105 -0.990605
0.0115 -0.990909
0.0125 -0.991174
0.0135 -0.991399
0.0145 -0.991586
0.0155 -0.991734
0.0165 -0.991842
0.0175 -0.991911
0.0185 -0.991941
0.0195 -0.991932
0.0205 -0.991884
0.0215 -0.991797
0.0225 -0.99167
0.0235 -0.991504
0.0245 -0.9913
0.0255 -0.991056
0.0265 -0.990772
0.0275 -0.99045
0.0285 -0.990089
0.0295 -0.989689
0.0305 -0.989249
0.0315 -0.988771
0.0325 -0.988253
0.0335 -0.987696
0.0345 -0.987101
0.0355 -0.986466
0.0365 -0.985793
0.0375 -0.98508
0.0385 -0.984329
0.0395 -0.983539
0.0405 -0.98271
0.0415 -0.981842
0.0425 -0.980936
0.0435 -0.97999
0.0445 -0.979006
0.0455 -0.977984
0.0465 -0.976923
0.0475 -0.975823
0.0485 -0.974685
0.0495 -0.973508
0.0505 -0.972293
0.0515 -0.971039
0.0525 -0.969747
0.0535 -0.968417
0.0545 -0.967048
0.0555 -0.965642
0.0565 -0.964197
0.0575 -0.962714
0.0585 -0.961193
0.0595 -0.959635
0.0605 -0.958038
0.0615 -0.956403
0.0625 -0.954731
0.0635 -0.953021
0.0645 -0.951274
0.0655 -0.949489
0.0665 -0.947666
0.0675 -0.945806
0.0685 -0.943909
0.0695 -0.941974
0.0705 -0.940002
0.0715 -0.937994
0.0725 -0.935948
0.0735 -0.933865
0.0745 -0.931745
0.0755 -0.929588
0.0765 -0.927395
0.0775 -0.925165
0.0785 -0.922899
0.0795 -0.920596
0.0805 -0.918257
0.0815 -0.915882
0.0825 -0.91347
0.0835 -0.911023
0.0845 -0.908539
0.0855 -0.90602
0.0865 -0.903464
0.0875 -0.900873
0.0885 -0.898247
0.0895 -0.895585
0.0905 -0.892888
0.0915 -0.890155
0.0925 -0.887388
0.0935 -0.884585
0.0945 -0.881747
0.0955 -0.878875
0.0965 -0.875968
0.0975 -0.873026
0.0985 -0.87005
0.0995 -0.86704
0.1005 -0.863995
0.1015 -0.860916
0.1025 -0.857803
0.1035 -0.854656
0.1045 -0.851476
0.1055 -0.848262
0.1065 -0.845014
0.1075 -0.841734
0.1085 -0.838419
0.1095 -0.835072
0.1105 -0.831692
0.1115 -0.828279
0.1125 -0.824833
0.1135 -0.821355
0.1145 -0.817844
0.1155 -0.814301
0.1165 -0.810726
0.1175 -0.807119
0.1185 -0.80348
0.1195 -0.799809
0.1205 -0.796107
0.1215 -0.792373
0.1225 -0.788608
0.1235 -0.784812
0.1245 -0.780985
0.1255 -0.777127
0.1265 -0.773238
0.1275 -0.769319
0.1285 -0.765369
0.1295 -0.76139
0.1305 -0.75738
0.1315 -0.75334
0.1325 -0.749271
0.1335 -0.745172
0.1345 -0.741043
0.1355 -0.736885
0.1365 -0.732699
0.1375 -0.728483
0.1385 -0.724238
0.1395 -0.719965
0.1405 -0.715664
0.1415 -0.711334
0.1425 -0.706976
0.1435 -0.70259
0.1445 -0.698177
0.1455 -0.693736
0.1465 -0.689267
0.1475 -0.684772
0.1485 -0.680249
0.1495 -0.675699
0.1505 -0.671123
0.1515 -0.666521
0.1525 -0.661891
0.1535 -0.657236
0.1545 -0.652555
0.1555 -0.647848
0.1565 -0.643116
0.1575 -0.638358
0.1585 -0.633575
0.1595 -0.628767
0.1605 -0.623934
0.1615 -0.619077
0.1625 -0.614195
0.1635 -0.609289
0.1645 -0.604358
0.1655 -0.599404
0.1665 -0.594426
0.1675 -0.589425
0.1685 -0.584401
0.1695 -0.579353
0.1705 -0.574283
0.1715 -0.56919
0.1725 -0.564074
0.1735 -0.558936
0.1745 -0.553776
0.1755 -0.548594
0.1765 -0.543391
0.1775 -0.538166
0.1785 -0.53292
0.1795 -0.527653
0.1805 -0.522365
0.1815 -0.517056
0.1825 -0.511727
0.1835 -0.506378
0.1845 -0.501009
0.1855 -0.49562
0.1865 -0.490211
0.1875 -0.484783
0.1885 -0.479336
0.1895 -0.47387
0.1905 -0.468385
0.1915 -0.462882
0.1925 -0.457361
0.1935 -0.451821
0.1945 -0.446264
0.1955 -0.440689
0.1965 -0.435096
0.1975 -0.429487
0.1985 -0.42386
0.1995 -0.418217
0.2005 -0.412557
0.2015 -0.406881
0.2025 -0.401189
0.2035 -0.395481
0.2045 -0.389758
0.2055 -0.384019
0.2065 -0.378265
0.2075 -0.372496
0.2085 -0.366712
0.2095 -0.360914
0.2105 -0.355101
0.2115 -0.349275
0.2125 -0.343435
0.2135 -0.337581
0.2145 -0.331714
0.2155 -0.325833
0.2165 -0.31994
0.2175 -0.314034
0.2185 -0.308116
0.2195 -0.302186
0.2205 -0.296244
0.2215 -0.29029
0.2225 -0.284324
0.2235 -0.278348
0.2245 -0.27236
0.2255 -0.266362
0.2265 -0.260353
0.2275 -0.254334
0.2285 -0.248305
0.2295 -0.242266
0.2305 -0.236217
0.2315 -0.230159
0.2325 -0.224092
0.2335 -0.218016
0.2345 -0.211932
0.2355 -0.205839
0.2365 -0.199738
0.2375 -0.193629
0.2385 -0.187513
0.2395 -0.181389
0.2405 -0.175258
0.2415 -0.16912
0.2425 -0.162976
0.2435 -0.156825
0.2445 -0.150667
0.2455 -0.144504
0.2465 -0.138335
0.2475 -0.132161
0.2485 -0.125981
0.2495 -0.119797
0.2505 -0.113608
0.2515 -0.107414
0.2525 -0.101216
0.2535 -0.0950139
0.2545 -0.0888081
0.2555 -0.0825989
0.2565 -0.0763864
0.2575 -0.0701709
0.2585 -0.0639526
0.2595 -0.0577318
0.2605 -0.0515087
0.2615 -0.0452835
0.2625 -0.0390566
0.2635 -0.0328282
0.2645 -0.0265984
0.2655 -0.0203676
0.2665 -0.014136
0.2675 -0.00790385
0.2685 -0.00167137
0.2695 0.00456117
0.2705 0.0107935
0.2715 0.0170255
0.2725 0.0232567
0.2735 0.0294871
0.2745 0.0357163
0.2755 0.041944
0.2765 0.0481702
0.2775 0.0543944
0.2785 0.0606164
0.2795 0.0668361
0.2805 0.0730532
0.2815 0.0792673
0.2825 0.0854783
0.2835 0.091686
0.2845 0.09789
0.2855 0.10409
0.2865 0.110286
0.2875 0.116478
0.2885 0.122665
0.2895 0.128847
0.2905 0.135024
0.2915 0.141196
0.2925 0.147363
0.2935 0.153523
0.2945 0.159677
0.2955 0.165826
0.2965 0.171967
0.2975 0.178102
0.2985 0.18423
0.2995 0.19035
0.3005 0.196463
0.3015 0.202568
0.3025 0.208665
0.3035 0.214754
0.3045 0.220835
0.3055 0.226906
0.3065 0.232969
0.3075 0.239023
0.3085 0.245067
0.3095 0.251101
0.3105 0.257126
0.3115 0.26314
0.3125 0.269144
0.3135 0.275138
0.3145 0.28112
0.3155 0.287092
0.3165 0.293052
0.3175 0.299
0.3185 0.304937
0.3195 0.310862
0.3205 0.316774
0.3215 0.322674
0.3225 0.328561
0.3235 0.334436
0.3245 0.340297
0.3255 0.346144
0.3265 0.351978
0.3275 0.357798
0.3285 0.363604
0.3295 0.369396
0.3305 0.375172
0.3315 0.380935
0.3325 0.386682
0.3335 0.392414
0.3345 0.39813
0.3355 0.40383
0.3365 0.409515
0.3375 0.415184
0.3385 0.420836
0.3395 0.426471
0.3405 0.43209
0.3415 0.437692
0.3425 0.443276
0.3435 0.448843
0.3445 0.454392
0.3455 0.459923
0.3465 0.465436
0.3475 0.470931
0.3485 0.476407
0.3495 0.481864
0.3505 0.487302
0.3515 0.492721
0.3525 0.498121
0.3535 0.503501
0.3545 0.508861
0.3555 0.514201
0.3565 0.51952
0.3575 0.524819
0.3585 0.530098
0.3595 0.535355
0.3605 0.540591
0.3615 0.545806
0.3625 0.551
0.3635 0.556171
0.3645 0.561321
0.3655 0.566449
0.3665 0.571554
0.3675 0.576636
0.3685 0.581696
0.3695 0.586733
0.3705 0.591747
0.3715 0.596737
0.3725 0.601704
0.3735 0.606647
0.3745 0.611566
0.3755 0.616461
0.3765 0.621332
0.3775 0.626178
0.3785 0.630999
0.3795 0.635796
0.3805 0.640567
0.3815 0.645313
0.3825 0.650034
0.3835 0.654729
0.3845 0.659398
0.3855 0.664041
0.3865 0.668658
0.3875 0.673248
0.3885 0.677812
0.3895 0.682349
0.3905 0.68686
0.3915 0.691343
0.3925 0.695798
0.3935 0.700227
0.3945 0.704627
0.3955 0.709
0.3965 0.713345
0.3975 0.717662
0.3985 0.72195
0.3995 0.72621
0.4005 0.730441
0.4015 0.734643
0.4025 0.738817
0.4035 0.742961
0.4045 0.747076
0.4055 0.751161
0.4065 0.755217
0.4075 0.759243
0.4085 0.763239
0.4095 0.767204
0.4105 0.77114
0.4115 0.775045
0.4125 0.778919
0.4135 0.782763
0.4145 0.786576
0.4155 0.790358
0.4165 0.794108
0.4175 0.797827
0.4185 0.801515
0.4195 0.805171
0.4205 0.808795
0.4215 0.812388
0.4225 0.815948
0.4235 0.819476
0.4245 0.822972
0.4255 0.826435
0.4265 0.829865
0.4275 0.833263
0.4285 0.836628
0.4295 0.83996
0.4305 0.843259
0.4315 0.846524
0.4325 0.849756
0.4335 0.852955
0.4345 0.85612
0.4355 0.859251
0.4365 0.862348
0.4375 0.865411
0.4385 0.86844
0.4395 0.871434
0.4405 0.874394
0.4415 0.87732
0.4425 0.880211
0.4435 0.883067
0.4445 0.885889
0.4455 0.888675
0.4465 0.891427
0.4475 0.894143
0.4485 0.896824
0.4495 0.899469
0.4505 0.902079
0.4515 0.904654
0.4525 0.907192
0.4535 0.909695
0.4545 0.912162
0.4555 0.914593
0.4565 0.916988
0.4575 0.919346
0.4585 0.921668
0.4595 0.923954
0.4605 0.926204
0.4615 0.928417
0.4625 0.930593
0.4635 0.932732
0.4645 0.934835
0.4655 0.936901
0.4665 0.93893
0.4675 0.940921
0.4685 0.942876
0.4695 0.944793
0.4705 0.946673
0.4715 0.948516
0.4725 0.950321
0.4735 0.952089
0.4745 0.953819
0.4755 0.955511
0.4765 0.957166
0.4775 0.958783
0.4785 0.960362
0.4795 0.961903
0.4805 0.963406
0.4815 0.964872
0.4825 0.966299
0.4835 0.967688
0.4845 0.969038
0.4855 0.970351
0.4865 0.971625
0.4875 0.972861
0.4885 0.974058
0.4895 0.975217
0.4905 0.976338
0.4915 0.977419
0.4925 0.978463
0.4935 0.979467
0.4945 0.980433
0.4955 0.981361
0.4965 0.982249
0.4975 0.983099
0.4985 0.98391
0.4995 0.984682
0.5005 0.985416
0.5015 0.98611
0.5025 0.986765
0.5035 0.987382
0.5045 0.987959
0.5055 0.988498
0.5065 0.988997
0.5075 0.989458
0.5085 0.989879
0.5095 0.990261
0.5105 0.990605
0.5115 0.990909
0.5125 0.991174
0.5135 0.991399
0.5145 0.991586
0.5155 0.991734
0.5165 0.991842
0.5175 0.991911
0.5185 0.991941
0.5195 0.991932
0.5205 0.991884
0.5215 0.991797
0.5225 0.99167
0.5235 0.991504
0.5245 0.9913
0.5255 0.991056
0.5265 0.990772
0.5275 0.99045
0.5285 0.990089
0.5295 0.989689
0.5305 0.989249
0.5315 0.988771
0.5325 0.988253
0.5335 0.987696
0.5345 0.987101
0.5355 0.986466
0.5365 0.985793
0.5375 0.98508
0.5385 0.984329
0.5395 0.983539
0.5405 0.98271
0.5415 0.981842
0.5425 0.980936
0.5435 0.97999
0.5445 0.979006
0.5455 0.977984
0.5465 0.976923
0.5475 0.975823
0.5485 0.974685
0.5495 0.973508
0.5505 0.972293
0.5515 0.971039
0.5525 0.969747
0.5535 0.968417
0.5545 0.967048
0.5555 0.965642
0.5565 0.964197
0.5575 0.962714
0.5585 0.961193
0.5595 0.959635
0.5605 0.958038
0.5615 0.956403
0.5625 0.954731
0.5635 0.953021
0.5645 0.951274
0.5655 0.949489
0.5665 0.947666
0.5675 0.945806
0.5685 0.943909
0.5695 0.941974
0.5705 0.940002
0.5715 0.937994
0.5725 0.935948
0.5735 0.933865
0.5745 0.931745
0.5755 0.929588
0.5765 0.927395
0.5775 0.925165
0.5785 0.922899
0.5795 0.920596
0.5805 0.918257
0.5815 0.915882
0.5825 0.91347
0.5835 0.911023
0.5845 0.908539
0.5855 0.90602
0.5865 0.903464
0.5875 0.900873
0.5885 0.898247
0.5895 0.895585
0.5905 0.892888
0.5915 0.890155
0.5925 0.887388
0.5935 0.884585
0.5945 0.881747
0.5955 0.878875
0.5965 0.875968
0.5975 0.873026
0.5985 0.87005
0.5995 0.86704
0.6005 0.863995
0.6015 0.860916
0.6025 0.857803
0.6035 0.854656
0.6045 0.851476
0.6055 0.848262
0.6065 0.845014
0.6075 0.841734
0.6085 0.838419
0.6095 0.835072
0.6105 0.831692
0.6115 0.828279
0.6125 0.824833
0.6135 0.821355
0.6145 0.817844
0.6155 0.814301
0.6165 0.810726
0.6175 0.807119
0.6185 0.80348
0.6195 0.799809
0.6205 0.796107
0.6215 0.792373
0.6225 0.788608
0.6235 0.784812
0.6245 0.780985
0.6255 0.777127
0.6265 0.773238
0.6275 0.769319
0.6285 0.765369
0.6295 0.76139
0.6305 0.75738
0.6315 0.75334
0.6325 0.749271
0.6335 0.745172
0.6345 0.741043
0.6355 0.736885
0.6365 0.732699
0.6375 0.728483
0.6385 0.724238
0.6395 0.719965
0.6405 0.715664
0.6415 0.711334
0.6425 0.706976
0.6435 0.70259
0.6445 0.698177
0.6455 0.693736
0.6465 0.689267
0.6475 0.684772
0.6485 0.680249
0.6495 0.675699
0.6505 0.671123
0.6515 0.666521
0.6525 0.661891
0.6535 0.657236
0.6545 0.652555
0.6555 0.647848
0.6565 0.643116
0.6575 0.638358
0.6585 0.633575
0.6595 0.628767
0.6605 0.623934
0.6615 0.619077
0.6625 0.614195
0.6635 0.609289
0.6645 0.604358
0.6655 0.599404
0.6665 0.594426
0.6675 0.589425
0.6685 0.584401
0.6695 0.579353
0.6705 0.574283
0.6715 0.56919
0.6725 0.564074
0.6735 0.558936
0.6745 0.553776
0.6755 0.548594
0.6765 0.543391
0.6775 0.538166
0.6785 0.53292
0.6795 0.527653
0.6805 0.522365
0.6815 0.517056
0.6825 0.511727
0.6835 0.506378
0.6845 0.501009
0.6855 0.49562
0.6865 0.490211
0.6875 0.484783
0.6885 0.479336
0.6895 0.47387
0.6905 0.468385
0.6915 0.462882
0.6925 0.457361
0.6935 0.451821
0.6945 0.446264
0.6955 0.440689
0.6965 0.435096
0.6975 0.429487
0.6985 0.42386
0.6995 0.418217
0.7005 0.412557
0.7015 0.406881
0.7025 0.401189
0.7035 0.395481
0.7045 0.389758
0.7055 0.384019
0.7065 0.378265
0.7075 0.372496
0.7085 0.366712
0.7095 0.360914
0.7105 0.355101
0.7115 0.349275
0.7125 0.343435
0.7135 0.337581
0.7145 0.331714
0.7155 0.325833
0.7165 0.31994
0.7175 0.314034
0.7185 0.308116
0.7195 0.302186
0.7205 0.296244
0.7215 0.29029
0.7225 0.284324
0.7235 0.278348
0.7245 0.27236
0.7255 0.266362
0.7265 0.260353
0.7275 0.254334
0.7285 0.248305
0.7295 0.242266
0.7305 0.236217
0.7315 0.230159
0.7325 0.224092
0.7335 0.218016
0.7345 0.211932
0.7355 0.205839
0.7365 0.199738
0.7375 0.193629
0.7385 0.187513
0.7395 0.181389
0.7405 0.175258
0.7415 0.16912
0.7425 0.162976
0.7435 0.156825
0.7445 0.150667
0.7455 0.144504
0.7465 0.138335
0.7475 0.132161
0.7485 0.125981
0.7495 0.119797
0.7505 0.113608
0.7515 0.107414
0.7525 0.101216
0.7535 0.0950139
0.7545 0.0888081
0.7555 0.0825989
0.7565 0.0763864
0.7575 0.0701709
0.7585 0.0639526
0.7595 0.0577318
0.7605 0.0515087
0.7615 0.0452835
0.7625 0.0390566
0.7635 0.0328282
0.7645 0.0265984
0.7655 0.0203676
0.7665 0.014136
0.7675 0.00790385
0.7685 0.00167137
0.7695 -0.00456117
0.7705 -0.0107935
0.7715 -0.0170255
0.7725 -0.0232567
0.7735 -0.0294871
0.7745 -0.0357163
0.7755 -0.041944
0.7765 -0.0481702
0.7775 -0.0543944
0.7785 -0.0606164
0.7795 -0.0668361
0.7805 -0.0730532
0.7815 -0.0792673
0.7825 -0.0854783
0.7835 -0.091686
0.7845 -0.09789
0.7855 -0.10409
0.7865 -0.110286
0.7875 -0.116478
0.7885 -0.122665
0.7895 -0.128847
0.7905 -0.135024
0.7915 -0.141196
0.7925 -0.147363
0.7935 -0.153523
0.7945 -0.159677
0.7955 -0.165826
0.7965 -0.171967
0.7975 -0.178102
0.7985 -0.18423
0.7995 -0.19035
0.8005 -0.196463
0.8015 -0.202568
0.8025 -0.208665
0.8035 -0.214754
0.8045 -0.220835
0.8055 -0.226906
0.8065 -0.232969
0.8075 -0.239023
0.8085 -0.245067
0.8095 -0.251101
0.8105 -0.257126
0.8115 -0.26314
0.8125 -0.269144
0.8135 -0.275138
0.8145 -0.28112
0.8155 -0.287092
0.8165 -0.293052
0.8175 -0.299
0.8185 -0.304937
0.8195 -0.310862
0.8205 -0.316774
0.8215 -0.322674
0.8225 -0.328561
0.8235 -0.334436
0.8245 -0.340297
0.8255 -0.346144
0.8265 -0.351978
0.8275 -0.357798
0.8285 -0.363604
0.8295 -0.369396
0.8305 -0.375172
0.8315 -0.380935
0.8325 -0.386682
0.8335 -0.392414
0.8345 -0.39813
0.8355 -0.40383
0.8365 -0.409515
0.8375 -0.415184
0.8385 -0.420836
0.8395 -0.426471
0.8405 -0.43209
0.8415 -0.437692
0.8425 -0.443276
0.8435 -0.448843
0.8445 -0.454392
0.8455 -0.459923
0.8465 -0.465436
0.8475 -0.470931
0.8485 -0.476407
0.8495 -0.481864
0.8505 -0.487302
0.8515 -0.492721
0.8525 -0.498121
0.8535 -0.503501
0.8545 -0.508861
0.8555 -0.514201
0.8565 -0.51952
0.8575 -0.524819
0.8585 -0.530098
0.8595 -0.535355
0.8605 -0.540591
0.8615 -0.545806
0.8625 -0.551
0.8635 -0.556171
0.8645 -0.561321
0.8655 -0.566449
0.8665 -0.571554
0.8675 -0.576636
0.8685 -0.581696
0.8695 -0.586733
0.8705 -0.591747
0.8715 -0.596737
0.8725 -0.601704
0.8735 -0.606647
0.8745 -0.611566
0.8755 -0.616461
0.8765 -0.621332
0.8775 -0.626178
0.8785 -0.630999
0.8795 -0.635796
0.8805 -0.640567
0.8815 -0.645313
0.8825 -0.650034
0.8835 -0.654729
0.8845 -0.659398
0.8855 -0.664041
0.8865 -0.668658
0.8875 -0.673248
0.8885 -0.677812
0.8895 -0.682349
0.8905 -0.68686
0.8915 -0.691343
0.8925 -0.695798
0.8935 -0.700227
0.8945 -0.704627
0.8955 -0.709
0.8965 -0.713345
0.8975 -0.717662
0.8985 -0.72195
0.8995 -0.72621
0.9005 -0.730441
0.9015 -0.734643
0.9025 -0.738817
0.9035 -0.742961
0.9045 -0.747076
0.9055 -0.751161
0.9065 -0.755217
0.9075 -0.759243
0.9085 -0.763239
0.9095 -0.767204
0.9105 -0.77114
0.9115 -0.775045
0.9125 -0.778919
0.9135 -0.782763
0.9145 -0.786576
0.9155 -0.790358
0.9165 -0.794108
0.9175 -0.797827
0.9185 -0.801515
0.9195 -0.805171
0.9205 -0.808795
0.9215 -0.812388
0.9225 -0.815948
0.9235 -0.819476
0.9245 -0.822972
0.9255 -0.826435
0.9265 -0.829865
0.9275 -0.833263
0.9285 -0.836628
0.9295 -0.83996
0.9305 -0.843259
0.9315 -0.846524
0.9325 -0.849756
0.9335 -0.852955
0.9345 -0.85612
0.9355 -0.859251
0.9365 -0.862348
0.9375 -0.865411
0.9385 -0.86844
0.9395 -0.871434
0.9405 -0.874394
0.9415 -0.87732
0.9425 -0.880211
0.9435 -0.883067
0.9445 -0.885889
0.9455 -0.888675
0.9465 -0.891427
0.9475 -0.894143
0.9485 -0.896824
0.9495 -0.899469
0.9505 -0.902079
0.9515 -0.904654
0.9525 -0.907192
0.9535 -0.909695
0.9545 -0.912162
0.9555 -0.914593
0.9565 -0.916988
0.9575 -0.919346
0.9585 -0.921668
0.9595 -0.923954
0.9605 -0.926204
0.9615 -0.928417
0.9625 -0.930593
0.9635 -0.932732
0.9645 -0.934835
0.9655 -0.936901
0.9665 -0.93893
0.9675 -0.940921
0.9685 -0.942876
0.9695 -0.944793
0.9705 -0.946673
0.9715 -0.948516
0.9725 -0.950321
0.9735 -0.952089
0.9745 -0.953819
0.9755 -0.955511
0.9765 -0.957166
0.9775 -0.958783
0.9785 -0.960362
0.9795 -0.961903
0.9805 -0.963406
0.9815 -0.964872
0.9825 -0.966299
0.9835 -0.967688
0.9845 -0.969038
0.9855 -0.970351
0.9865 -0.971625
0.9875 -0.972861
0.9885 -0.974058
0.9895 -0.975217
0.9905 -0.976338
0.9915 -0.977419
0.9925 -0.978463
0.9935 -0.979467
0.9945 -0.980433
0.9955 -0.981361
0.9965 -0.982249
0.9975 -0.983099
0.9985 -0.98391
0.9995 -0.984682
