
# time = 0.5
0.0005 -0.0109876
0.0015 -0.0159179
0.0025 -0.0208475
0.0035 -0.0257763
0.0045 -0.0307041
0.0055 -0.0356307
0.0065 -0.0405558
0.0075 -0.0454794
0.0085 -0.0504012
0.0095 -0.055321
0.0105 -0.0602386
0.0115 -0.0651538
0.0125 -0.0700665
0.0135 -0.0749763
0.0145 -0.0798833
0.0155 -0.084787
0.0165 -0.0896875
0.0175 -0.0945844
0.0185 -0.0994775
0.0195 -0.104367
0.0205 -0.109252
0.0215 -0.114133
0.0225 -0.119009
0.0235 -0.123881
0.0245 -0.128747
0.0255 -0.133609
0.0265 -0.138465
0.0275 -0.143316
0.0285 -0.148161
0.0295 -0.153001
0.0305 -0.157834
0.0315 -0.162661
0.0325 -0.167482
0.0335 -0.172296
0.0345 -0.177103
0.0355 -0.181903
0.0365 -0.186696
0.0375 -0.191482
0.0385 -0.19626
0.0395 -0.201031
0.0405 -0.205793
0.0415 -0.210547
0.0425 -0.215294
0.0435 -0.220031
0.0445 -0.22476
0.0455 -0.22948
0.0465 -0.234191
0.0475 -0.238892
0.0485 -0.243585
0.0495 -0.248267
0.0505 -0.25294
0.0515 -0.257603
0.0525 -0.262256
0.0535 -0.266898
0.0545 -0.27153
0.0555 -0.276151
0.0565 -0.280761
0.0575 -0.28536
0.0585 -0.289948
0.0595 -0.294524
0.0605 -0.299089
0.0615 -0.303642
0.0625 -0.308183
0.0635 -0.312712
0.0645 -0.317228
0.0655 -0.321732
0.0665 -0.326223
0.0675 -0.330701
0.0685 -0.335167
0.0695 -0.339619
0.0705 -0.344057
0.0715 -0.348482
0.0725 -0.352894
0.0735 -0.357291
0.0745 -0.361674
0.0755 -0.366043
0.0765 -0.370398
0.0775 -0.374738
0.0785 -0.379063
0.0795 -0.383373
0.0805 -0.387668
0.0815 -0.391948
0.0825 -0.396212
0.0835 -0.40046
0.0845 -0.404693
0.0855 -0.40891
0.0865 -0.413111
0.0875 -0.417295
0.0885 -0.421463
0.0895 -0.425614
0.0905 -0.429749
0.0915 -0.433866
0.0925 -0.437966
0.0935 -0.442049
0.0945 -0.446115
0.0955 -0.450163
0.0965 -0.454193
0.0975 -0.458205
0.0985 -0.4622
0.0995 -0.466176
0.1005 -0.470133
0.1015 -0.474072
0.1025 -0.477992
0.1035 -0.481894
0.1045 -0.485776
0.1055 -0.489639
0.1065 -0.493483
0.1075 -0.497308
0.1085 -0.501112
0.1095 -0.504897
0.1105 -0.508662
0.1115 -0.512407
0.1125 -0.516132
0.1135 -0.519836
0.1145 -0.52352
0.1155 -0.527183
0.1165 -0.530826
0.1175 -0.534447
0.1185 -0.538047
0.1195 -0.541626
0.1205 -0.545184
0.1215 -0.54872
0.1225 -0.552235
0.1235 -0.555727
0.1245 -0.559198
0.1255 -0.562647
0.1265 -0.566073
0.1275 -0.569477
0.1285 -0.572859
0.1295 -0.576218
0.1305 -0.579554
0.1315 -0.582868
0.1325 -0.586158
0.1335 -0.589425
0.1345 -0.592669
0.1355 -0.59589
0.1365 -0.599087
0.1375 -0.60226
0.1385 -0.60541
0.1395 -0.608536
0.1405 -0.611637
0.1415 -0.614715
0.1425 -0.617768
0.1435 -0.620797
0.1445 -0.623801
0.1455 -0.626781
0.1465 -0.629736
0.1475 -0.632666
0.1485 -0.635571
0.1495 -0.638451
0.1505 -0.641306
0.1515 -0.644136
0.1525 -0.64694
0.1535 -0.649719
0.1545 -0.652471
0.1555 -0.655199
0.1565 -0.6579
0.1575 -0.660575
0.1585 -0.663225
0.1595 -0.665848
0.1605 -0.668444
0.1615 -0.671015
0.1625 -0.673559
0.1635 -0.676076
0.1645 -0.678567
0.1655 -0.68103
0.1665 -0.683467
0.1675 -0.685877
0.1685 -0.68826
0.1695 -0.690616
0.1705 -0.692944
0.1715 -0.695246
0.1725 -0.697519
0.1735 -0.699765
0.1745 -0.701984
0.1755 -0.704175
0.1765 -0.706338
0.1775 -0.708473
0.1785 -0.71058
0.1795 -0.712659
0.1805 -0.71471
0.1815 -0.716733
0.1825 -0.718727
0.1835 -0.720693
0.1845 -0.722631
0.1855 -0.72454
0.1865 -0.72642
0.1875 -0.728272
0.1885 -0.730095
0.1895 -0.731889
0.1905 -0.733655
0.1915 -0.735391
0.1925 -0.737098
0.1935 -0.738776
0.1945 -0.740426
0.1955 -0.742045
0.1965 -0.743636
0.1975 -0.745197
0.1985 -0.746729
0.1995 -0.748231
0.2005 -0.749704
0.2015 -0.751147
0.2025 -0.75256
0.2035 -0.753944
0.2045 -0.755298
0.2055 -0.756622
0.2065 -0.757917
0.2075 -0.759181
0.2085 -0.760416
0.2095 -0.76162
0.2105 -0.762794
0.2115 -0.763939
0.2125 -0.765053
0.2135 -0.766137
0.2145 -0.76719
0.2155 -0.768214
0.2165 -0.769207
0.2175 -0.770169
0.2185 -0.771101
0.2195 -0.772003
0.2205 -0.772875
0.2215 -0.773715
0.2225 -0.774526
0.2235 -0.775305
0.2245 -0.776054
0.2255 -0.776773
0.2265 -0.777461
0.2275 -0.778118
0.2285 -0.778744
0.2295 -0.77934
0.2305 -0.779905
0.2315 -0.780439
0.2325 -0.780942
0.2335 -0.781414
0.2345 -0.781856
0.2355 -0.782267
0.2365 -0.782646
0.2375 -0.782995
0.2385 -0.783313
0.2395 -0.7836
0.2405 -0.783857
0.2415 -0.784082
0.2425 -0.784276
0.2435 -0.784439
0.2445 -0.784572
0.2455 -0.784673
0.2465 -0.784743
0.2475 -0.784783
0.2485 -0.784791
0.2495 -0.784769
0.2505 -0.784715
0.2515 -0.784631
0.2525 -0.784515
0.2535 -0.784369
0.2545 -0.784191
0.2555 -0.783983
0.2565 -0.783744
0.2575 -0.783473
0.2585 -0.783172
0.2595 -0.78284
0.2605 -0.782477
0.2615 -0.782083
0.2625 -0.781658
0.2635 -0.781202
0.2645 -0.780716
0.2655 -0.780199
0.2665 -0.77965
0.2675 -0.779072
0.2685 -0.778462
0.2695 -0.777821
0.2705 -0.77715
0.2715 -0.776449
0.2725 -0.775716
0.2735 -0.774953
0.2745 -0.774159
0.2755 -0.773335
0.2765 -0.77248
0.2775 -0.771595
0.2785 -0.77068
0.2795 -0.769733
0.2805 -0.768757
0.2815 -0.76775
0.2825 -0.766713
0.2835 -0.765645
0.2845 -0.764548
0.2855 -0.76342
0.2865 -0.762262
0.2875 -0.761074
0.2885 -0.759856
0.2895 -0.758607
0.2905 -0.757329
0.2915 -0.756021
0.2925 -0.754684
0.2935 -0.753316
0.2945 -0.751919
0.2955 -0.750492
0.2965 -0.749035
0.2975 -0.747549
0.2985 -0.746033
0.2995 -0.744488
0.3005 -0.742913
0.3015 -0.741309
0.3025 -0.739676
0.3035 -0.738014
0.3045 -0.736322
0.3055 -0.734602
0.3065 -0.732852
0.3075 -0.731073
0.3085 -0.729266
0.3095 -0.72743
0.3105 -0.725565
0.3115 -0.723671
0.3125 -0.721749
0.3135 -0.719799
0.3145 -0.71782
0.3155 -0.715812
0.3165 -0.713777
0.3175 -0.711713
0.3185 -0.709621
0.3195 -0.707501
0.3205 -0.705353
0.3215 -0.703178
0.3225 -0.700974
0.3235 -0.698743
0.3245 -0.696484
0.3255 -0.694198
0.3265 -0.691884
0.3275 -0.689544
0.3285 -0.687175
0.3295 -0.68478
0.3305 -0.682358
0.3315 -0.679909
0.3325 -0.677433
0.3335 -0.67493
0.3345 -0.6724
0.3355 -0.669844
0.3365 -0.667262
0.3375 -0.664653
0.3385 -0.662018
0.3395 -0.659357
0.3405 -0.65667
0.3415 -0.653956
0.3425 -0.651217
0.3435 -0.648453
0.3445 -0.645662
0.3455 -0.642847
0.3465 -0.640006
0.3475 -0.637139
0.3485 -0.634248
0.3495 -0.631331
0.3505 -0.62839
0.3515 -0.625423
0.3525 -0.622432
0.3535 -0.619417
0.3545 -0.616377
0.3555 -0.613312
0.3565 -0.610224
0.3575 -0.607111
0.3585 -0.603974
0.3595 -0.600814
0.3605 -0.59763
0.3615 -0.594422
0.3625 -0.591191
0.3635 -0.587936
0.3645 -0.584658
0.3655 -0.581357
0.3665 -0.578033
0.3675 -0.574687
0.3685 -0.571317
0.3695 -0.567926
0.3705 -0.564511
0.3715 -0.561075
0.3725 -0.557616
0.3735 -0.554135
0.3745 -0.550632
0.3755 -0.547108
0.3765 -0.543562
0.3775 -0.539995
0.3785 -0.536406
0.3795 -0.532796
0.3805 -0.529165
0.3815 -0.525513
0.3825 -0.52184
0.3835 -0.518147
0.3845 -0.514434
0.3855 -0.5107
0.3865 -0.506945
0.3875 -0.503171
0.3885 -0.499377
0.3895 -0.495564
0.3905 -0.49173
0.3915 -0.487877
0.3925 -0.484006
0.3935 -0.480114
0.3945 -0.476204
0.3955 -0.472276
0.3965 -0.468328
0.3975 -0.464362
0.3985 -0.460378
0.3995 -0.456375
0.4005 -0.452355
0.4015 -0.448317
0.4025 -0.44426
0.4035 -0.440187
0.4045 -0.436096
0.4055 -0.431988
0.4065 -0.427863
0.4075 -0.42372
0.4085 -0.419562
0.4095 -0.415386
0.4105 -0.411194
0.4115 -0.406986
0.4125 -0.402762
0.4135 -0.398522
0.4145 -0.394266
0.4155 -0.389995
0.4165 -0.385708
0.4175 -0.381406
0.4185 -0.377089
0.4195 -0.372758
0.4205 -0.368411
0.4215 -0.36405
0.4225 -0.359674
0.4235 -0.355285
0.4245 -0.350881
0.4255 -0.346463
0.4265 -0.342032
0.4275 -0.337587
0.4285 -0.333129
0.4295 -0.328658
0.4305 -0.324174
0.4315 -0.319677
0.4325 -0.315167
0.4335 -0.310645
0.4345 -0.306111
0.4355 -0.301564
0.4365 -0.297006
0.4375 -0.292436
0.4385 -0.287854
0.4395 -0.283261
0.4405 -0.278657
0.4415 -0.274042
0.4425 -0.269416
0.4435 -0.264779
0.4445 -0.260132
0.4455 -0.255475
0.4465 -0.250807
0.4475 -0.24613
0.4485 -0.241443
0.4495 -0.236746
0.4505 -0.232041
0.4515 -0.227325
0.4525 -0.222601
0.4535 -0.217869
0.4545 -0.213127
0.4555 -0.208377
0.4565 -0.203619
0.4575 -0.198853
0.4585 -0.194079
0.4595 -0.189297
0.4605 -0.184508
0.4615 -0.179712
0.4625 -0.174908
0.4635 -0.170098
0.4645 -0.165281
0.4655 -0.160457
0.4665 -0.155627
0.4675 -0.150791
0.4685 -0.145949
0.4695 -0.141101
0.4705 -0.136248
0.4715 -0.131389
0.4725 -0.126525
0.4735 -0.121656
0.4745 -0.116783
0.4755 -0.111904
0.4765 -0.107021
0.4775 -0.102134
0.4785 -0.0972434
0.4795 -0.0923485
0.4805 -0.0874499
0.4815 -0.082548
0.4825 -0.0776427
0.4835 -0.0727344
0.4845 -0.0678232
0.4855 -0.0629094
0.4865 -0.0579931
0.4875 -0.0530744
0.4885 -0.0481537
0.4895 -0.0432311
0.4905 -0.0383068
0.4915 -0.0333809
0.4925 -0.0284538
0.4935 -0.0235255
0.4945 -0.0185963
0.4955 -0.0136663
0.4965 -0.00873585
0.4975 -0.00380502
0.4985 0.00112596
0.4995 0.00605689
0.5005 0.0109876
0.5015 0.0159179
0.5025 0.0208475
0.5035 0.0257763
0.5045 0.0307041
0.5055 0.0356307
0.5065 0.0405558
0.5075 0.0454794
0.5085 0.0504012
0.5095 0.055321
0.5105 0.0602386
0.5115 0.0651538
0.5125 0.0700665
0.5135 0.0749763
0.5145 0.0798833
0.5155 0.084787
0.5165 0.0896875
0.5175 0.0945844
0.5185 0.0994775
0.5195 0.104367
0.5205 0.109252
0.5215 0.114133
0.5225 0.119009
0.5235 0.123881
0.5245 0.128747
0.5255 0.133609
0.5265 0.138465
0.5275 0.143316
0.5285 0.148161
0.5295 0.153001
0.5305 0.157834
0.5315 0.162661
0.5325 0.167482
0.5335 0.172296
0.5345 0.177103
0.5355 0.181903
0.5365 0.186696
0.5375 0.191482
0.5385 0.19626
0.5395 0.201031
0.5405 0.205793
0.5415 0.210547
0.5425 0.215294
0.5435 0.220031
0.5445 0.22476
0.5455 0.22948
0.5465 0.234191
0.5475 0.238892
0.5485 0.243585
0.5495 0.248267
0.5505 0.25294
0.5515 0.257603
0.5525 0.262256
0.5535 0.266898
0.5545 0.27153
0.5555 0.276151
0.5565 0.280761
0.5575 0.28536
0.5585 0.289948
0.5595 0.294524
0.5605 0.299089
0.5615 0.303642
0.5625 0.308183
0.5635 0.312712
0.5645 0.317228
0.5655 0.321732
0.5665 0.326223
0.5675 0.330701
0.5685 0.335167
0.5695 0.339619
0.5705 0.344057
0.5715 0.348482
0.5725 0.352894
0.5735 0.357291
0.5745 0.361674
0.5755 0.366043
0.5765 0.370398
0.5775 0.374738
0.5785 0.379063
0.5795 0.383373
0.5805 0.387668
0.5815 0.391948
0.5825 0.396212
0.5835 0.40046
0.5845 0.404693
0.5855 0.40891
0.5865 0.413111
0.5875 0.417295
0.5885 0.421463
0.5895 0.425614
0.5905 0.429749
0.5915 0.433866
0.5925 0.437966
0.5935 0.442049
0.5945 0.446115
0.5955 0.450163
0.5965 0.454193
0.5975 0.458205
0.5985 0.4622
0.5995 0.466176
0.6005 0.470133
0.6015 0.474072
0.6025 0.477992
0.6035 0.481894
0.6045 0.485776
0.6055 0.489639
0.6065 0.493483
0.6075 0.497308
0.6085 0.501112
0.6095 0.504897
0.6105 0.508662
0.6115 0.512407
0.6125 0.516132
0.6135 0.519836
0.6145 0.52352
0.6155 0.527183
0.6165 0.530826
0.6175 0.534447
0.6185 0.538047
0.6195 0.541626
0.6205 0.545184
0.6215 0.54872
0.6225 0.552235
0.6235 0.555727
0.6245 0.559198
0.6255 0.562647
0.6265 0.566073
0.6275 0.569477
0.6285 0.572859
0.6295 0.576218
0.6305 0.579554
0.6315 0.582868
0.6325 0.586158
0.6335 0.589425
0.6345 0.592669
0.6355 0.59589
0.6365 0.599087
0.6375 0.60226
0.6385 0.60541
0.6395 0.608536
0.6405 0.611637
0.6415 0.614715
0.6425 0.617768
0.6435 0.620797
0.6445 0.623801
0.6455 0.626781
0.6465 0.629736
0.6475 0.632666
0.6485 0.635571
0.6495 0.638451
0.6505 0.641306
0.6515 0.644136
0.6525 0.64694
0.6535 0.649719
0.6545 0.652471
0.6555 0.655199
0.6565 0.6579
0.6575 0.660575
0.6585 0.663225
0.6595 0.665848
0.6605 0.668444
0.6615 0.671015
0.6625 0.673559
0.6635 0.676076
0.6645 0.678567
0.6655 0.68103
0.6665 0.683467
0.6675 0.685877
0.6685 0.68826
0.6695 0.690616
0.6705 0.692944
0.6715 0.695246
0.6725 0.697519
0.6735 0.699765
0.6745 0.701984
0.6755 0.704175
0.6765 0.706338
0.6775 0.708473
0.6785 0.71058
0.6795 0.712659
0.6805 0.71471
0.6815 0.716733
0.6825 0.718727
0.6835 0.720693
0.6845 0.722631
0.6855 0.72454
0.6865 0.72642
0.6875 0.728272
0.6885 0.730095
0.6895 0.731889
0.6905 0.733655
0.6915 0.735391
0.6925 0.737098
0.6935 0.738776
0.6945 0.740426
0.6955 0.742045
0.6965 0.743636
0.6975 0.745197
0.6985 0.746729
0.6995 0.748231
0.7005 0.749704
0.7015 0.751147
0.7025 0.75256
0.7035 0.753944
0.7045 0.755298
0.7055 0.756622
0.7065 0.757917
0.7075 0.759181
0.7085 0.760416
0.7095 0.76162
0.7105 0.762794
0.7115 0.763939
0.7125 0.765053
0.7135 0.766137
0.7145 0.76719
0.7155 0.768214
0.7165 0.769207
0.7175 0.770169
0.7185 0.771101
0.7195 0.772003
0.7205 0.772875
0.7215 0.773715
0.7225 0.774526
0.7235 0.775305
0.7245 0.776054
0.7255 0.776773
0.7265 0.777461
0.7275 0.778118
0.7285 0.778744
0.7295 0.77934
0.7305 0.779905
0.7315 0.780439
0.7325 0.780942
0.7335 0.781414
0.7345 0.781856
0.7355 0.782267
0.7365 0.782646
0.7375 0.782995
0.7385 0.783313
0.7395 0.7836
0.7405 0.783857
0.7415 0.784082
0.7425 0.784276
0.7435 0.784439
0.7445 0.784572
0.7455 0.784673
0.7465 0.784743
0.7475 0.784783
0.7485 0.784791
0.7495 0.784769
0.7505 0.784715
0.7515 0.784631
0.7525 0.784515
0.7535 0.784369
0.7545 0.784191
0.7555 0.783983
0.7565 0.783744
0.7575 0.783473
0.7585 0.783172
0.7595 0.78284
0.7605 0.782477
0.7615 0.782083
0.7625 0.781658
0.7635 0.781202
0.7645 0.780716
0.7655 0.780199
0.7665 0.77965
0.7675 0.779072
0.7685 0.778462
0.7695 0.777821
0.7705 0.77715
0.7715 0.776449
0.7725 0.775716
0.7735 0.774953
0.7745 0.774159
0.7755 0.773335
0.7765 0.77248
0.7775 0.771595
0.7785 0.77068
0.7795 0.769733
0.7805 0.768757
0.7815 0.76775
0.7825 0.766713
0.7835 0.765645
0.7845 0.764548
0.7855 0.76342
0.7865 0.762262
0.7875 0.761074
0.7885 0.759856
0.7895 0.758607
0.7905 0.757329
0.7915 0.756021
0.7925 0.754684
0.7935 0.753316
0.7945 0.751919
0.7955 0.750492
0.7965 0.749035
0.7975 0.747549
0.7985 0.746033
0.7995 0.744488
0.8005 0.742913
0.8015 0.741309
0.8025 0.739676
0.8035 0.738014
0.8045 0.736322
0.8055 0.734602
0.8065 0.732852
0.8075 0.731073
0.8085 0.729266
0.8095 0.72743
0.8105 0.725565
0.8115 0.723671
0.8125 0.721749
0.8135 0.719799
0.8145 0.71782
0.8155 0.715812
0.8165 0.713777
0.8175 0.711713
0.8185 0.709621
0.8195 0.707501
0.8205 0.705353
0.8215 0.703178
0.8225 0.700974
0.8235 0.698743
0.8245 0.696484
0.8255 0.694198
0.8265 0.691884
0.8275 0.689544
0.8285 0.687175
0.8295 0.68478
0.8305 0.682358
0.8315 0.679909
0.8325 0.677433
0.8335 0.67493
0.8345 0.6724
0.8355 0.669844
0.8365 0.667262
0.8375 0.664653
0.8385 0.662018
0.8395 0.659357
0.8405 0.65667
0.8415 0.653956
0.8425 0.651217
0.8435 0.648453
0.8445 0.645662
0.8455 0.642847
0.8465 0.640006
0.8475 0.637139
0.8485 0.634248
0.8495 0.631331
0.8505 0.62839
0.8515 0.625423
0.8525 0.622432
0.8535 0.619417
0.8545 0.616377
0.8555 0.613312
0.8565 0.610224
0.8575 0.607111
0.8585 0.603974
0.8595 0.600814
0.8605 0.59763
0.8615 0.594422
0.8625 0.591191
0.8635 0.587936
0.8645 0.584658
0.8655 0.581357
0.8665 0.578033
0.8675 0.574687
0.8685 0.571317
0.8695 0.567926
0.8705 0.564511
0.8715 0.561075
0.8725 0.557616
0.8735 0.554135
0.8745 0.550632
0.8755 0.547108
0.8765 0.543562
0.8775 0.539995
0.8785 0.536406
0.8795 0.532796
0.8805 0.529165
0.8815 0.525513
0.8825 0.52184
0.8835 0.518147
0.8845 0.514434
0.8855 0.5107
0.8865 0.506945
0.8875 0.503171
0.8885 0.499377
0.8895 0.495564
0.8905 0.49173
0.8915 0.487877
0.8925 0.484006
0.8935 0.480114
0.8945 0.476204
0.8955 0.472276
0.8965 0.468328
0.8975 0.464362
0.8985 0.460378
0.8995 0.456375
0.9005 0.452355
0.9015 0.448317
0.9025 0.44426
0.9035 0.440187
0.9045 0.436096
0.9055 0.431988
0.9065 0.427863
0.9075 0.42372
0.9085 0.419562
0.9095 0.415386
0.9105 0.411194
0.9115 0.406986
0.9125 0.402762
0.9135 0.398522
0.9145 0.394266
0.9155 0.389995
0.9165 0.385708
0.9175 0.381406
0.9185 0.377089
0.9195 0.372758
0.9205 0.368411
0.9215 0.36405
0.9225 0.359674
0.9235 0.355285
0.9245 0.350881
0.9255 0.346463
0.9265 0.342032
0.9275 0.337587
0.9285 0.333129
0.9295 0.328658
0.9305 0.324174
0.9315 0.319677
0.9325 0.315167
0.9335 0.310645
0.9345 0.306111
0.9355 0.301564
0.9365 0.297006
0.9375 0.292436
0.9385 0.287854
0.9395 0.283261
0.9405 0.278657
0.9415 0.274042
0.9425 0.269416
0.9435 0.264779
0.9445 0.260132
0.9455 0.255475
0.9465 0.250807
0.9475 0.24613
0.9485 0.241443
0.9495 0.236746
0.9505 0.232041
0.9515 0.227325
0.9525 0.222601
0.9535 0.217869
0.9545 0.213127
0.9555 0.208377
0.9565 0.203619
0.9575 0.198853
0.9585 0.194079
0.9595 0.189297
0.9605 0.184508
0.9615 0.179712
0.9625 0.174908
0.9635 0.170098
0.9645 0.165281
0.9655 0.160457
0.9665 0.155627
0.9675 0.150791
0.9685 0.145949
0.9695 0.141101
0.9705 0.136248
0.9715 0.131389
0.9725 0.126525
0.9735 0.121656
0.9745 0.116783
0.9755 0.111904
0.9765 0.107021
0.9775 0.102134
0.9785 0.0972434
0.9795 0.0923485
0.9805 0.0874499
0.9815 0.082548
0.9825 0.0776427
0.9835 0.0727344
0.9845 0.0678232
0.9855 0.0629094
0.9865 0.0579931
0.9875 0.0530744
0.9885 0.0481537
0.9895 0.0432311
0.9905 0.0383068
0.9915 0.0333809
0.9925 0.0284538
0.9935 0.0235255
0.9945 0.0185963
0.9955 0.0136663
0.9965 0.00873585
0.9975 0.00380502
0.9985 -0.00112596
0.9995 -0.00605689
