
# time = 0.75
0.0005 0.131844
0.0015 0.13144
0.0025 0.131032
0.0035 0.130618
0.0045 0.130199
0.0055 0.129774
0.0065 0.129345
0.0075 0.128911
0.0085 0.128471
0.0095 0.128026
0.0105 0.127577
0.0115 0.127122
0.0125 0.126662
0.0135 0.126198
0.0145 0.125728
0.0155 0.125253
0.0165 0.124774
0.0175 0.124289
0.0185 0.1238
0.0195 0.123305
0.0205 0.122806
0.0215 0.122302
0.0225 0.121793
0.0235 0.12128
0.0245 0.120761
0.0255 0.120238
0.0265 0.11971
0.0275 0.119177
0.0285 0.11864
0.0295 0.118098
0.0305 0.117551
0.0315 0.117
0.0325 0.116444
0.0335 0.115883
0.0345 0.115318
0.0355 0.114748
0.0365 0.114174
0.0375 0.113595
0.0385 0.113012
0.0395 0.112424
0.0405 0.111832
0.0415 0.111235
0.0425 0.110634
0.0435 0.110029
0.0445 0.109419
0.0455 0.108805
0.0465 0.108187
0.0475 0.107564
0.0485 0.106938
0.0495 0.106307
0.0505 0.105671
0.0515 0.105032
0.0525 0.104388
0.0535 0.103741
0.0545 0.103089
0.0555 0.102433
0.0565 0.101773
0.0575 0.101109
0.0585 0.100441
0.0595 0.0997696
0.0605 0.0990938
0.0615 0.0984141
0.0625 0.0977305
0.0635 0.097043
0.0645 0.0963518
0.0655 0.0956567
0.0665 0.0949578
0.0675 0.0942552
0.0685 0.0935489
0.0695 0.0928389
0.0705 0.0921252
0.0715 0.0914078
0.0725 0.0906869
0.0735 0.0899624
0.0745 0.0892343
0.0755 0.0885027
0.0765 0.0877677
0.0775 0.0870291
0.0785 0.0862871
0.0795 0.0855417
0.0805 0.084793
0.0815 0.0840409
0.0825 0.0832854
0.0835 0.0825267
0.0845 0.0817647
0.0855 0.0809995
0.0865 0.0802311
0.0875 0.0794596
0.0885 0.0786849
0.0895 0.077907
0.0905 0.0771262
0.0915 0.0763422
0.0925 0.0755553
0.0935 0.0747653
0.0945 0.0739725
0.0955 0.0731767
0.0965 0.072378
0.0975 0.0715764
0.0985 0.070772
0.0995 0.0699649
0.1005 0.0691549
0.1015 0.0683423
0.1025 0.0675269
0.1035 0.0667089
0.1045 0.0658882
0.1055 0.065065
0.1065 0.0642392
0.1075 0.0634108
0.1085 0.0625799
0.1095 0.0617466
0.1105 0.0609108
0.1115 0.0600726
0.1125 0.0592321
0.1135 0.0583892
0.1145 0.057544
0.1155 0.0566965
0.1165 0.0558468
0.1175 0.0549949
0.1185 0.0541408
0.1195 0.0532846
0.1205 0.0524263
0.1215 0.0515659
0.1225 0.0507035
0.1235 0.049839
0.1245 0.0489727
0.1255 0.0481043
0.1265 0.0472341
0.1275 0.046362
0.1285 0.0454881
0.1295 0.0446124
0.1305 0.0437349
0.1315 0.0428557
0.1325 0.0419748
0.1335 0.0410922
0.1345 0.040208
0.1355 0.0393223
0.1365 0.0384349
0.1375 0.0375461
0.1385 0.0366558
0.1395 0.035764
0.1405 0.0348709
0.1415 0.0339763
0.1425 0.0330804
0.1435 0.0321832
0.1445 0.0312847
0.1455 0.030385
0.1465 0.0294841
0.1475 0.028582
0.1485 0.0276788
0.1495 0.0267746
0.1505 0.0258692
0.1515 0.0249628
0.1525 0.0240555
0.1535 0.0231472
0.1545 0.022238
0.1555 0.0213279
0.1565 0.0204169
0.1575 0.0195052
0.1585 0.0185927
0.1595 0.0176794
0.1605 0.0167655
0.1615 0.0158509
0.1625 0.0149356
0.1635 0.0140198
0.1645 0.0131034
0.1655 0.0121865
0.1665 0.0112692
0.1675 0.0103513
0.1685 0.00943311
0.1695 0.00851451
0.1705 0.00759557
0.1715 0.00667633
0.1725 0.00575683
0.1735 0.0048371
0.1745 0.00391718
0.1755 0.00299711
0.1765 0.00207692
0.1775 0.00115664
0.1785 0.000236323
0.1795 -0.000684007
0.1805 -0.00160431
0.1815 -0.00252455
0.1825 -0.00344469
0.1835 -0.00436469
0.1845 -0.00528452
0.1855 -0.00620414
0.1865 -0.00712352
0.1875 -0.00804262
0.1885 -0.0089614
0.1895 -0.00987982
0.1905 -0.0107979
0.1915 -0.0117155
0.1925 -0.0126326
0.1935 -0.0135493
0.1945 -0.0144654
0.1955 -0.0153809
0.1965 -0.0162958
0.1975 -0.0172101
0.1985 -0.0181237
0.1995 -0.0190366
0.2005 -0.0199488
0.2015 -0.0208601
0.2025 -0.0217707
0.2035 -0.0226804
0.2045 -0.0235891
0.2055 -0.024497
0.2065 -0.0254039
0.2075 -0.0263097
0.2085 -0.0272146
0.2095 -0.0281183
0.2105 -0.029021
0.2115 -0.0299225
0.2125 -0.0308228
0.2135 -0.0317219
0.2145 -0.0326198
0.2155 -0.0335164
0.2165 -0.0344116
0.2175 -0.0353055
0.2185 -0.036198
0.2195 -0.0370891
0.2205 -0.0379787
0.2215 -0.0388668
0.2225 -0.0397533
0.2235 -0.0406383
0.2245 -0.0415217
0.2255 -0.0424035
0.2265 -0.0432836
0.2275 -0.0441619
0.2285 -0.0450386
0.2295 -0.0459134
0.2305 -0.0467865
0.2315 -0.0476576
0.2325 -0.048527
0.2335 -0.0493943
0.2345 -0.0502598
0.2355 -0.0511232
0.2365 -0.0519847
0.2375 -0.0528441
0.2385 -0.0537014
0.2395 -0.0545566
0.2405 -0.0554096
0.2415 -0.0562604
0.2425 -0.0571091
0.2435 -0.0579554
0.2445 -0.0587995
0.2455 -0.0596413
0.2465 -0.0604807
0.2475 -0.0613177
0.2485 -0.0621523
0.2495 -0.0629844
0.2505 -0.0638141
0.2515 -0.0646412
0.2525 -0.0654658
0.2535 -0.0662878
0.2545 -0.0671072
0.2555 -0.0679239
0.2565 -0.0687379
0.2575 -0.0695493
0.2585 -0.0703579
0.2595 -0.0711637
0.2605 -0.0719667
0.2615 -0.0727668
0.2625 -0.0735641
0.2635 -0.0743585
0.2645 -0.07515
0.2655 -0.0759385
0.2665 -0.0767239
0.2675 -0.0775064
0.2685 -0.0782858
0.2695 -0.0790621
0.2705 -0.0798353
0.2715 -0.0806053
0.2725 -0.0813722
0.2735 -0.0821358
0.2745 -0.0828962
0.2755 -0.0836533
0.2765 -0.0844071
0.2775 -0.0851576
0.2785 -0.0859048
0.2795 -0.0866485
0.2805 -0.0873888
0.2815 -0.0881257
0.2825 -0.0888591
0.2835 -0.0895889
0.2845 -0.0903153
0.2855 -0.0910381
0.2865 -0.0917572
0.2875 -0.0924728
0.2885 -0.0931847
0.2895 -0.0938929
0.2905 -0.0945975
0.2915 -0.0952982
0.2925 -0.0959953
0.2935 -0.0966885
0.2945 -0.0973779
0.2955 -0.0980635
0.2965 -0.0987452
0.2975 -0.099423
0.2985 -0.100097
0.2995 -0.100767
0.3005 -0.101433
0.3015 -0.102095
0.3025 -0.102753
0.3035 -0.103406
0.3045 -0.104056
0.3055 -0.104702
0.3065 -0.105343
0.3075 -0.105981
0.3085 -0.106614
0.3095 -0.107243
0.3105 -0.107868
0.3115 -0.108488
0.3125 -0.109104
0.3135 -0.109716
0.3145 -0.110324
0.3155 -0.110927
0.3165 -0.111526
0.3175 -0.11212
0.3185 -0.11271
0.3195 -0.113296
0.3205 -0.113877
0.3215 -0.114454
0.3225 -0.115026
0.3235 -0.115593
0.3245 -0.116156
0.3255 -0.116715
0.3265 -0.117268
0.3275 -0.117818
0.3285 -0.118362
0.3295 -0.118902
0.3305 -0.119437
0.3315 -0.119967
0.3325 -0.120493
0.3335 -0.121014
0.3345 -0.12153
0.3355 -0.122041
0.3365 -0.122548
0.3375 -0.12305
0.3385 -0.123546
0.3395 -0.124038
0.3405 -0.124525
0.3415 -0.125008
0.3425 -0.125485
0.3435 -0.125957
0.3445 -0.126424
0.3455 -0.126887
0.3465 -0.127344
0.3475 -0.127796
0.3485 -0.128243
0.3495 -0.128685
0.3505 -0.129123
0.3515 -0.129554
0.3525 -0.129981
0.3535 -0.130403
0.3545 -0.13082
0.3555 -0.131231
0.3565 -0.131637
0.3575 -0.132038
0.3585 -0.132434
0.3595 -0.132825
0.3605 -0.13321
0.3615 -0.13359
0.3625 -0.133965
0.3635 -0.134334
0.3645 -0.134699
0.3655 -0.135058
0.3665 -0.135411
0.3675 -0.135759
0.3685 -0.136102
0.3695 -0.13644
0.3705 -0.136772
0.3715 -0.137098
0.3725 -0.13742
0.3735 -0.137736
0.3745 -0.138046
0.3755 -0.138351
0.3765 -0.138651
0.3775 -0.138945
0.3785 -0.139233
0.3795 -0.139516
0.3805 -0.139794
0.3815 -0.140066
0.3825 -0.140332
0.3835 -0.140593
0.3845 -0.140849
0.3855 -0.141099
0.3865 -0.141343
0.3875 -0.141582
0.3885 -0.141815
0.3895 -0.142042
0.3905 -0.142264
0.3915 -0.14248
0.3925 -0.142691
0.3935 -0.142896
0.3945 -0.143095
0.3955 -0.143289
0.3965 -0.143477
0.3975 -0.14366
0.3985 -0.143836
0.3995 -0.144007
0.4005 -0.144173
0.4015 -0.144333
0.4025 -0.144487
0.4035 -0.144635
0.4045 -0.144777
0.4055 -0.144914
0.4065 -0.145045
0.4075 -0.145171
0.4085 -0.145291
0.4095 -0.145405
0.4105 -0.145513
0.4115 -0.145615
0.4125 -0.145712
0.4135 -0.145803
0.4145 -0.145888
0.4155 -0.145968
0.4165 -0.146041
0.4175 -0.146109
0.4185 -0.146171
0.4195 -0.146228
0.4205 -0.146278
0.4215 -0.146323
0.4225 -0.146362
0.4235 -0.146395
0.4245 -0.146423
0.4255 -0.146445
0.4265 -0.146461
0.4275 -0.146471
0.4285 -0.146475
0.4295 -0.146474
0.4305 -0.146467
0.4315 -0.146454
0.4325 -0.146435
0.4335 -0.14641
0.4345 -0.14638
0.4355 -0.146344
0.4365 -0.146302
0.4375 -0.146254
0.4385 -0.146201
0.4395 -0.146142
0.4405 -0.146077
0.4415 -0.146006
0.4425 -0.14593
0.4435 -0.145847
0.4445 -0.145759
0.4455 -0.145666
0.4465 -0.145566
0.4475 -0.145461
0.4485 -0.14535
0.4495 -0.145233
0.4505 -0.145111
0.4515 -0.144982
0.4525 -0.144848
0.4535 -0.144709
0.4545 -0.144563
0.4555 -0.144412
0.4565 -0.144256
0.4575 -0.144093
0.4585 -0.143925
0.4595 -0.143751
0.4605 -0.143572
0.4615 -0.143386
0.4625 -0.143196
0.4635 -0.142999
0.4645 -0.142797
0.4655 -0.142589
0.4665 -0.142376
0.4675 -0.142157
0.4685 -0.141932
0.4695 -0.141702
0.4705 -0.141466
0.4715 -0.141225
0.4725 -0.140978
0.4735 -0.140725
0.4745 -0.140467
0.4755 -0.140203
0.4765 -0.139934
0.4775 -0.139659
0.4785 -0.139379
0.4795 -0.139093
0.4805 -0.138802
0.4815 -0.138506
0.4825 -0.138203
0.4835 -0.137896
0.4845 -0.137583
0.4855 -0.137264
0.4865 -0.13694
0.4875 -0.136611
0.4885 -0.136276
0.4895 -0.135936
0.4905 -0.135591
0.4915 -0.13524
0.4925 -0.134884
0.4935 -0.134522
0.4945 -0.134155
0.4955 -0.133783
0.4965 -0.133406
0.4975 -0.133023
0.4985 -0.132635
0.4995 -0.132242
0.5005 -0.131844
0.5015 -0.13144
0.5025 -0.131032
0.5035 -0.130618
0.5045 -0.130199
0.5055 -0.129774
0.5065 -0.129345
0.5075 -0.128911
0.5085 -0.128471
0.5095 -0.128026
0.5105 -0.127577
0.5115 -0.127122
0.5125 -0.126662
0.5135 -0.126198
0.5145 -0.125728
0.5155 -0.125253
0.5165 -0.124774
0.5175 -0.124289
0.5185 -0.1238
0.5195 -0.123305
0.5205 -0.122806
0.5215 -0.122302
0.5225 -0.121793
0.5235 -0.12128
0.5245 -0.120761
0.5255 -0.120238
0.5265 -0.11971
0.5275 -0.119177
0.5285 -0.11864
0.5295 -0.118098
0.5305 -0.117551
0.5315 -0.117
0.5325 -0.116444
0.5335 -0.115883
0.5345 -0.115318
0.5355 -0.114748
0.5365 -0.114174
0.5375 -0.113595
0.5385 -0.113012
0.5395 -0.112424
0.5405 -0.111832
0.5415 -0.111235
0.5425 -0.110634
0.5435 -0.110029
0.5445 -0.109419
0.5455 -0.108805
0.5465 -0.108187
0.5475 -0.107564
0.5485 -0.106938
0.5495 -0.106307
0.5505 -0.105671
0.5515 -0.105032
0.5525 -0.104388
0.5535 -0.103741
0.5545 -0.103089
0.5555 -0.102433
0.5565 -0.101773
0.5575 -0.101109
0.5585 -0.100441
0.5595 -0.0997696
0.5605 -0.0990938
0.5615 -0.0984141
0.5625 -0.0977305
0.5635 -0.097043
0.5645 -0.0963518
0.5655 -0.0956567
0.5665 -0.0949578
0.5675 -0.0942552
0.5685 -0.0935489
0.5695 -0.0928389
0.5705 -0.0921252
0.5715 -0.0914078
0.5725 -0.0906869
0.5735 -0.0899624
0.5745 -0.0892343
0.5755 -0.0885027
0.5765 -0.0877677
0.5775 -0.0870291
0.5785 -0.0862871
0.5795 -0.0855417
0.5805 -0.084793
0.5815 -0.0840409
0.5825 -0.0832854
0.5835 -0.0825267
0.5845 -0.0817647
0.5855 -0.0809995
0.5865 -0.0802311
0.5875 -0.0794596
0.5885 -0.0786849
0.5895 -0.077907
0.5905 -0.0771262
0.5915 -0.0763422
0.5925 -0.0755553
0.5935 -0.0747653
0.5945 -0.0739725
0.5955 -0.0731767
0.5965 -0.072378
0.5975 -0.0715764
0.5985 -0.070772
0.5995 -0.0699649
0.6005 -0.0691549
0.6015 -0.0683423
0.6025 -0.0675269
0.6035 -0.0667089
0.6045 -0.0658882
0.6055 -0.065065
0.6065 -0.0642392
0.6075 -0.0634108
0.6085 -0.0625799
0.6095 -0.0617466
0.6105 -0.0609108
0.6115 -0.0600726
0.6125 -0.0592321
0.6135 -0.0583892
0.6145 -0.057544
0.6155 -0.0566965
0.6165 -0.0558468
0.6175 -0.0549949
0.6185 -0.0541408
0.6195 -0.0532846
0.6205 -0.0524263
0.6215 -0.0515659
0.6225 -0.0507035
0.6235 -0.049839
0.6245 -0.0489727
0.6255 -0.0481043
0.6265 -0.0472341
0.6275 -0.046362
0.6285 -0.0454881
0.6295 -0.0446124
0.6305 -0.0437349
0.6315 -0.0428557
0.6325 -0.0419748
0.6335 -0.0410922
0.6345 -0.040208
0.6355 -0.0393223
0.6365 -0.0384349
0.6375 -0.0375461
0.6385 -0.0366558
0.6395 -0.035764
0.6405 -0.0348709
0.6415 -0.0339763
0.6425 -0.0330804
0.6435 -0.0321832
0.6445 -0.0312847
0.6455 -0.030385
0.6465 -0.0294841
0.6475 -0.028582
0.6485 -0.0276788
0.6495 -0.0267746
0.6505 -0.0258692
0.6515 -0.0249628
0.6525 -0.0240555
0.6535 -0.0231472
0.6545 -0.022238
0.6555 -0.0213279
0.6565 -0.0204169
0.6575 -0.0195052
0.6585 -0.0185927
0.6595 -0.0176794
0.6605 -0.0167655
0.6615 -0.0158509
0.6625 -0.0149356
0.6635 -0.0140198
0.6645 -0.0131034
0.6655 -0.0121865
0.6665 -0.0112692
0.6675 -0.0103513
0.6685 -0.00943311
0.6695 -0.00851451
0.6705 -0.00759557
0.6715 -0.00667633
0.6725 -0.00575683
0.6735 -0.0048371
0.6745 -0.00391718
0.6755 -0.00299711
0.6765 -0.00207692
0.6775 -0.00115664
0.6785 -0.000236323
0.6795 0.000684007
0.6805 0.00160431
0.6815 0.00252455
0.6825 0.00344469
0.6835 0.00436469
0.6845 0.00528452
0.6855 0.00620414
0.6865 0.00712352
0.6875 0.00804262
0.6885 0.0089614
0.6895 0.00987982
0.6905 0.0107979
0.6915 0.0117155
0.6925 0.0126326
0.6935 0.0135493
0.6945 0.0144654
0.6955 0.0153809
0.6965 0.0162958
0.6975 0.0172101
0.6985 0.0181237
0.6995 0.0190366
0.7005 0.0199488
0.7015 0.0208601
0.7025 0.0217707
0.7035 0.0226804
0.7045 0.0235891
0.7055 0.024497
0.7065 0.0254039
0.7075 0.0263097
0.7085 0.0272146
0.7095 0.0281183
0.7105 0.029021
0.7115 0.0299225
0.7125 0.0308228
0.7135 0.0317219
0.7145 0.0326198
0.7155 0.0335164
0.7165 0.0344116
0.7175 0.0353055
0.7185 0.036198
0.7195 0.0370891
0.7205 0.0379787
0.7215 0.0388668
0.7225 0.0397533
0.7235 0.0406383
0.7245 0.0415217
0.7255 0.0424035
0.7265 0.0432836
0.7275 0.0441619
0.7285 0.0450386
0.7295 0.0459134
0.7305 0.0467865
0.7315 0.0476576
0.7325 0.048527
0.7335 0.0493943
0.7345 0.0502598
0.7355 0.0511232
0.7365 0.0519847
0.7375 0.0528441
0.7385 0.0537014
0.7395 0.0545566
0.7405 0.0554096
0.7415 0.0562604
0.7425 0.0571091
0.7435 0.0579554
0.7445 0.0587995
0.7455 0.0596413
0.7465 0.0604807
0.7475 0.0613177
0.7485 0.0621523
0.7495 0.0629844
0.7505 0.0638141
0.7515 0.0646412
0.7525 0.0654658
0.7535 0.0662878
0.7545 0.0671072
0.7555 0.0679239
0.7565 0.0687379
0.7575 0.0695493
0.7585 0.0703579
0.7595 0.0711637
0.7605 0.0719667
0.7615 0.0727668
0.7625 0.0735641
0.7635 0.0743585
0.7645 0.07515
0.7655 0.0759385
0.7665 0.0767239
0.7675 0.0775064
0.7685 0.0782858
0.7695 0.0790621
0.7705 0.0798353
0.7715 0.0806053
0.7725 0.0813722
0.7735 0.0821358
0.7745 0.0828962
0.7755 0.0836533
0.7765 0.0844071
0.7775 0.0851576
0.7785 0.0859048
0.7795 0.0866485
0.7805 0.0873888
0.7815 0.0881257
0.7825 0.0888591
0.7835 0.0895889
0.7845 0.0903153
0.7855 0.0910381
0.7865 0.0917572
0.7875 0.0924728
0.7885 0.0931847
0.7895 0.0938929
0.7905 0.0945975
0.7915 0.0952982
0.7925 0.0959953
0.7935 0.0966885
0.7945 0.0973779
0.7955 0.0980635
0.7965 0.0987452
0.7975 0.099423
0.7985 0.100097
0.7995 0.100767
0.8005 0.101433
0.8015 0.102095
0.8025 0.102753
0.8035 0.103406
0.8045 0.104056
0.8055 0.104702
0.8065 0.105343
0.8075 0.105981
0.8085 0.106614
0.8095 0.107243
0.8105 0.107868
0.8115 0.108488
0.8125 0.109104
0.8135 0.109716
0.8145 0.110324
0.8155 0.110927
0.8165 0.111526
0.8175 0.11212
0.8185 0.11271
0.8195 0.113296
0.8205 0.113877
0.8215 0.114454
0.8225 0.115026
0.8235 0.115593
0.8245 0.116156
0.8255 0.116715
0.8265 0.117268
0.8275 0.117818
0.8285 0.118362
0.8295 0.118902
0.8305 0.119437
0.8315 0.119967
0.8325 0.120493
0.8335 0.121014
0.8345 0.12153
0.8355 0.122041
0.8365 0.122548
0.8375 0.12305
0.8385 0.123546
0.8395 0.124038
0.8405 0.124525
0.8415 0.125008
0.8425 0.125485
0.8435 0.125957
0.8445 0.126424
0.8455 0.126887
0.8465 0.127344
0.8475 0.127796
0.8485 0.128243
0.8495 0.128685
0.8505 0.129123
0.8515 0.129554
0.8525 0.129981
0.8535 0.130403
0.8545 0.13082
0.8555 0.131231
0.8565 0.131637
0.8575 0.132038
0.8585 0.132434
0.8595 0.132825
0.8605 0.13321
0.8615 0.13359
0.8625 0.133965
0.8635 0.134334
0.8645 0.134699
0.8655 0.135058
0.8665 0.135411
0.8675 0.135759
0.8685 0.136102
0.8695 0.13644
0.8705 0.136772
0.8715 0.137098
0.8725 0.13742
0.8735 0.137736
0.8745 0.138046
0.8755 0.138351
0.8765 0.138651
0.8775 0.138945
0.8785 0.139233
0.8795 0.139516
0.8805 0.139794
0.8815 0.140066
0.8825 0.140332
0.8835 0.140593
0.8845 0.140849
0.8855 0.141099
0.8865 0.141343
0.8875 0.141582
0.8885 0.141815
0.8895 0.142042
0.8905 0.142264
0.8915 0.14248
0.8925 0.142691
0.8935 0.142896
0.8945 0.143095
0.8955 0.143289
0.8965 0.143477
0.8975 0.14366
0.8985 0.143836
0.8995 0.144007
0.9005 0.144173
0.9015 0.144333
0.9025 0.144487
0.9035 0.144635
0.9045 0.144777
0.9055 0.144914
0.9065 0.145045
0.9075 0.145171
0.9085 0.145291
0.9095 0.145405
0.9105 0.145513
0.9115 0.145615
0.9125 0.145712
0.9135 0.145803
0.9145 0.145888
0.9155 0.145968
0.9165 0.146041
0.9175 0.146109
0.9185 0.146171
0.9195 0.146228
0.9205 0.146278
0.9215 0.146323
0.9225 0.146362
0.9235 0.146395
0.9245 0.146423
0.9255 0.146445
0.9265 0.146461
0.9275 0.146471
0.9285 0.146475
0.9295 0.146474
0.9305 0.146467
0.9315 0.146454
0.9325 0.146435
0.9335 0.14641
0.9345 0.14638
0.9355 0.146344
0.9365 0.146302
0.9375 0.146254
0.9385 0.146201
0.9395 0.146142
0.9405 0.146077
0.9415 0.146006
0.9425 0.14593
0.9435 0.145847
0.9445 0.145759
0.9455 0.145666
0.9465 0.145566
0.9475 0.145461
0.9485 0.14535
0.9495 0.145233
0.9505 0.145111
0.9515 0.144982
0.9525 0.144848
0.9535 0.144709
0.9545 0.144563
0.9555 0.144412
0.9565 0.144256
0.9575 0.144093
0.9585 0.143925
0.9595 0.143751
0.9605 0.143572
0.9615 0.143386
0.9625 0.143196
0.9635 0.142999
0.9645 0.142797
0.9655 0.142589
0.9665 0.142376
0.9675 0.142157
0.9685 0.141932
0.9695 0.141702
0.9705 0.141466
0.9715 0.141225
0.9725 0.140978
0.9735 0.140725
0.9745 0.140467
0.9755 0.140203
0.9765 0.139934
0.9775 0.139659
0.9785 0.139379
0.9795 0.139093
0.9805 0.138802
0.9815 0.138506
0.9825 0.138203
0.9835 0.137896
0.9845 0.137583
0.9855 0.137264
0.9865 0.13694
0.9875 0.136611
0.9885 0.136276
0.9895 0.135936
0.9905 0.135591
0.9915 0.13524
0.9925 0.134884
0.9935 0.134522
0.9945 0.134155
0.9955 0.133783
0.9965 0.133406
0.9975 0.133023
0.9985 0.132635
0.9995 0.132242
