
# time = 0.7488
0.0005 0.131597
0.0015 0.13116
0.0025 0.130717
0.0035 0.130269
0.0045 0.129816
0.0055 0.129357
0.0065 0.128894
0.0075 0.128426
0.0085 0.127952
0.0095 0.127474
0.0105 0.12699
0.0115 0.126501
0.0125 0.126008
0.0135 0.125509
0.0145 0.125006
0.0155 0.124497
0.0165 0.123984
0.0175 0.123466
0.0185 0.122942
0.0195 0.122414
0.0205 0.121882
0.0215 0.121344
0.0225 0.120801
0.0235 0.120254
0.0245 0.119702
0.0255 0.119146
0.0265 0.118584
0.0275 0.118018
0.0285 0.117447
0.0295 0.116872
0.0305 0.116292
0.0315 0.115707
0.0325 0.115118
0.0335 0.114525
0.0345 0.113926
0.0355 0.113324
0.0365 0.112717
0.0375 0.112105
0.0385 0.111489
0.0395 0.110868
0.0405 0.110244
0.0415 0.109614
0.0425 0.108981
0.0435 0.108343
0.0445 0.107701
0.0455 0.107055
0.0465 0.106404
0.0475 0.105749
0.0485 0.10509
0.0495 0.104427
0.0505 0.10376
0.0515 0.103089
0.0525 0.102413
0.0535 0.101734
0.0545 0.10105
0.0555 0.100363
0.0565 0.0996716
0.0575 0.0989763
0.0585 0.0982771
0.0595 0.097574
0.0605 0.096867
0.0615 0.0961562
0.0625 0.0954416
0.0635 0.0947233
0.0645 0.0940012
0.0655 0.0932754
0.0665 0.0925459
0.0675 0.0918127
0.0685 0.091076
0.0695 0.0903356
0.0705 0.0895917
0.0715 0.0888442
0.0725 0.0880932
0.0735 0.0873388
0.0745 0.0865809
0.0755 0.0858196
0.0765 0.0850549
0.0775 0.0842868
0.0785 0.0835154
0.0795 0.0827407
0.0805 0.0819628
0.0815 0.0811816
0.0825 0.0803972
0.0835 0.0796096
0.0845 0.0788189
0.0855 0.0780251
0.0865 0.0772282
0.0875 0.0764282
0.0885 0.0756253
0.0895 0.0748193
0.0905 0.0740104
0.0915 0.0731986
0.0925 0.0723839
0.0935 0.0715663
0.0945 0.0707459
0.0955 0.0699227
0.0965 0.0690967
0.0975 0.068268
0.0985 0.0674367
0.0995 0.0666026
0.1005 0.065766
0.1015 0.0649267
0.1025 0.0640849
0.1035 0.0632405
0.1045 0.0623936
0.1055 0.0615443
0.1065 0.0606926
0.1075 0.0598384
0.1085 0.0589819
0.1095 0.0581231
0.1105 0.057262
0.1115 0.0563986
0.1125 0.0555329
0.1135 0.0546651
0.1145 0.0537952
0.1155 0.0529231
0.1165 0.0520489
0.1175 0.0511727
0.1185 0.0502944
0.1195 0.0494142
0.1205 0.048532
0.1215 0.0476479
0.1225 0.0467619
0.1235 0.045874
0.1245 0.0449844
0.1255 0.044093
0.1265 0.0431998
0.1275 0.0423049
0.1285 0.0414084
0.1295 0.0405102
0.1305 0.0396105
0.1315 0.0387091
0.1325 0.0378063
0.1335 0.0369019
0.1345 0.0359961
0.1355 0.0350888
0.1365 0.0341802
0.1375 0.0332703
0.1385 0.032359
0.1395 0.0314464
0.1405 0.0305326
0.1415 0.0296176
0.1425 0.0287014
0.1435 0.0277841
0.1445 0.0268657
0.1455 0.0259462
0.1465 0.0250258
0.1475 0.0241043
0.1485 0.0231818
0.1495 0.0222585
0.1505 0.0213343
0.1515 0.0204092
0.1525 0.0194833
0.1535 0.0185567
0.1545 0.0176293
0.1555 0.0167012
0.1565 0.0157725
0.1575 0.0148432
0.1585 0.0139132
0.1595 0.0129827
0.1605 0.0120517
0.1615 0.0111203
0.1625 0.0101883
0.1635 0.00925602
0.1645 0.00832334
0.1655 0.00739033
0.1665 0.00645703
0.1675 0.00552347
0.1685 0.00458969
0.1695 0.00365574
0.1705 0.00272163
0.1715 0.00178742
0.1725 0.000853144
0.1735 -8.1169e-05
0.1745 -0.00101548
0.1755 -0.00194975
0.1765 -0.00288394
0.1775 -0.00381802
0.1785 -0.00475195
0.1795 -0.00568569
0.1805 -0.00661921
0.1815 -0.00755246
0.1825 -0.00848542
0.1835 -0.00941804
0.1845 -0.0103503
0.1855 -0.0112821
0.1865 -0.0122135
0.1875 -0.0131444
0.1885 -0.0140748
0.1895 -0.0150047
0.1905 -0.0159339
0.1915 -0.0168625
0.1925 -0.0177905
0.1935 -0.0187177
0.1945 -0.0196443
0.1955 -0.02057
0.1965 -0.0214949
0.1975 -0.022419
0.1985 -0.0233422
0.1995 -0.0242645
0.2005 -0.0251858
0.2015 -0.0261061
0.2025 -0.0270254
0.2035 -0.0279436
0.2045 -0.0288607
0.2055 -0.0297767
0.2065 -0.0306915
0.2075 -0.0316051
0.2085 -0.0325174
0.2095 -0.0334285
0.2105 -0.0343382
0.2115 -0.0352466
0.2125 -0.0361536
0.2135 -0.0370591
0.2145 -0.0379632
0.2155 -0.0388658
0.2165 -0.0397669
0.2175 -0.0406664
0.2185 -0.0415643
0.2195 -0.0424605
0.2205 -0.0433551
0.2215 -0.044248
0.2225 -0.0451391
0.2235 -0.0460284
0.2245 -0.046916
0.2255 -0.0478016
0.2265 -0.0486854
0.2275 -0.0495672
0.2285 -0.0504471
0.2295 -0.0513251
0.2305 -0.0522009
0.2315 -0.0530748
0.2325 -0.0539465
0.2335 -0.0548161
0.2345 -0.0556835
0.2355 -0.0565487
0.2365 -0.0574117
0.2375 -0.0582725
0.2385 -0.0591309
0.2395 -0.059987
0.2405 -0.0608407
0.2415 -0.0616921
0.2425 -0.062541
0.2435 -0.0633874
0.2445 -0.0642313
0.2455 -0.0650727
0.2465 -0.0659115
0.2475 -0.0667477
0.2485 -0.0675813
0.2495 -0.0684122
0.2505 -0.0692404
0.2515 -0.0700659
0.2525 -0.0708886
0.2535 -0.0717085
0.2545 -0.0725256
0.2555 -0.0733398
0.2565 -0.0741512
0.2575 -0.0749596
0.2585 -0.075765
0.2595 -0.0765674
0.2605 -0.0773669
0.2615 -0.0781632
0.2625 -0.0789565
0.2635 -0.0797467
0.2645 -0.0805337
0.2655 -0.0813175
0.2665 -0.0820982
0.2675 -0.0828756
0.2685 -0.0836497
0.2695 -0.0844205
0.2705 -0.085188
0.2715 -0.0859521
0.2725 -0.0867128
0.2735 -0.0874701
0.2745 -0.088224
0.2755 -0.0889743
0.2765 -0.0897212
0.2775 -0.0904645
0.2785 -0.0912042
0.2795 -0.0919404
0.2805 -0.0926729
0.2815 -0.0934017
0.2825 -0.0941269
0.2835 -0.0948483
0.2845 -0.095566
0.2855 -0.09628
0.2865 -0.0969901
0.2875 -0.0976964
0.2885 -0.0983988
0.2895 -0.0990974
0.2905 -0.099792
0.2915 -0.100483
0.2925 -0.101169
0.2935 -0.101852
0.2945 -0.102531
0.2955 -0.103206
0.2965 -0.103876
0.2975 -0.104543
0.2985 -0.105205
0.2995 -0.105863
0.3005 -0.106517
0.3015 -0.107167
0.3025 -0.107813
0.3035 -0.108454
0.3045 -0.109091
0.3055 -0.109724
0.3065 -0.110352
0.3075 -0.110976
0.3085 -0.111596
0.3095 -0.112211
0.3105 -0.112822
0.3115 -0.113429
0.3125 -0.114031
0.3135 -0.114628
0.3145 -0.115221
0.3155 -0.115809
0.3165 -0.116393
0.3175 -0.116972
0.3185 -0.117547
0.3195 -0.118117
0.3205 -0.118682
0.3215 -0.119243
0.3225 -0.119798
0.3235 -0.12035
0.3245 -0.120896
0.3255 -0.121438
0.3265 -0.121974
0.3275 -0.122506
0.3285 -0.123034
0.3295 -0.123556
0.3305 -0.124073
0.3315 -0.124586
0.3325 -0.125093
0.3335 -0.125596
0.3345 -0.126094
0.3355 -0.126587
0.3365 -0.127074
0.3375 -0.127557
0.3385 -0.128035
0.3395 -0.128507
0.3405 -0.128975
0.3415 -0.129437
0.3425 -0.129895
0.3435 -0.130347
0.3445 -0.130794
0.3455 -0.131236
0.3465 -0.131673
0.3475 -0.132104
0.3485 -0.132531
0.3495 -0.132952
0.3505 -0.133368
0.3515 -0.133778
0.3525 -0.134184
0.3535 -0.134584
0.3545 -0.134978
0.3555 -0.135368
0.3565 -0.135752
0.3575 -0.13613
0.3585 -0.136504
0.3595 -0.136871
0.3605 -0.137234
0.3615 -0.137591
0.3625 -0.137943
0.3635 -0.138289
0.3645 -0.13863
0.3655 -0.138965
0.3665 -0.139295
0.3675 -0.139619
0.3685 -0.139938
0.3695 -0.140251
0.3705 -0.140559
0.3715 -0.140861
0.3725 -0.141157
0.3735 -0.141448
0.3745 -0.141734
0.3755 -0.142014
0.3765 -0.142288
0.3775 -0.142557
0.3785 -0.14282
0.3795 -0.143077
0.3805 -0.143329
0.3815 -0.143575
0.3825 -0.143815
0.3835 -0.14405
0.3845 -0.144279
0.3855 -0.144502
0.3865 -0.14472
0.3875 -0.144932
0.3885 -0.145138
0.3895 -0.145338
0.3905 -0.145533
0.3915 -0.145722
0.3925 -0.145905
0.3935 -0.146083
0.3945 -0.146254
0.3955 -0.14642
0.3965 -0.14658
0.3975 -0.146735
0.3985 -0.146883
0.3995 -0.147026
0.4005 -0.147163
0.4015 -0.147294
0.4025 -0.147419
0.4035 -0.147539
0.4045 -0.147653
0.4055 -0.14776
0.4065 -0.147862
0.4075 -0.147959
0.4085 -0.148049
0.4095 -0.148134
0.4105 -0.148212
0.4115 -0.148285
0.4125 -0.148352
0.4135 -0.148413
0.4145 -0.148468
0.4155 -0.148518
0.4165 -0.148561
0.4175 -0.148599
0.4185 -0.14863
0.4195 -0.148656
0.4205 -0.148676
0.4215 -0.148691
0.4225 -0.148699
0.4235 -0.148701
0.4245 -0.148698
0.4255 -0.148689
0.4265 -0.148673
0.4275 -0.148652
0.4285 -0.148625
0.4295 -0.148593
0.4305 -0.148554
0.4315 -0.148509
0.4325 -0.148459
0.4335 -0.148403
0.4345 -0.148341
0.4355 -0.148273
0.4365 -0.148199
0.4375 -0.148119
0.4385 -0.148034
0.4395 -0.147942
0.4405 -0.147845
0.4415 -0.147742
0.4425 -0.147633
0.4435 -0.147519
0.4445 -0.147398
0.4455 -0.147272
0.4465 -0.14714
0.4475 -0.147002
0.4485 -0.146858
0.4495 -0.146708
0.4505 -0.146553
0.4515 -0.146392
0.4525 -0.146225
0.4535 -0.146052
0.4545 -0.145874
0.4555 -0.14569
0.4565 -0.1455
0.4575 -0.145304
0.4585 -0.145102
0.4595 -0.144895
0.4605 -0.144682
0.4615 -0.144464
0.4625 -0.144239
0.4635 -0.144009
0.4645 -0.143774
0.4655 -0.143532
0.4665 -0.143285
0.4675 -0.143033
0.4685 -0.142774
0.4695 -0.14251
0.4705 -0.142241
0.4715 -0.141966
0.4725 -0.141685
0.4735 -0.141398
0.4745 -0.141106
0.4755 -0.140809
0.4765 -0.140506
0.4775 -0.140197
0.4785 -0.139883
0.4795 -0.139563
0.4805 -0.139238
0.4815 -0.138907
0.4825 -0.138571
0.4835 -0.138229
0.4845 -0.137882
0.4855 -0.137529
0.4865 -0.137171
0.4875 -0.136808
0.4885 -0.136439
0.4895 -0.136065
0.4905 -0.135685
0.4915 -0.1353
0.4925 -0.13491
0.4935 -0.134514
0.4945 -0.134113
0.4955 -0.133707
0.4965 -0.133296
0.4975 -0.132879
0.4985 -0.132457
0.4995 -0.13203
0.5005 -0.131597
0.5015 -0.13116
0.5025 -0.130717
0.5035 -0.130269
0.5045 -0.129816
0.5055 -0.129357
0.5065 -0.128894
0.5075 -0.128426
0.5085 -0.127952
0.5095 -0.127474
0.5105 -0.12699
0.5115 -0.126501
0.5125 -0.126008
0.5135 -0.125509
0.5145 -0.125006
0.5155 -0.124497
0.5165 -0.123984
0.5175 -0.123466
0.5185 -0.122942
0.5195 -0.122414
0.5205 -0.121882
0.5215 -0.121344
0.5225 -0.120801
0.5235 -0.120254
0.5245 -0.119702
0.5255 -0.119146
0.5265 -0.118584
0.5275 -0.118018
0.5285 -0.117447
0.5295 -0.116872
0.5305 -0.116292
0.5315 -0.115707
0.5325 -0.115118
0.5335 -0.114525
0.5345 -0.113926
0.5355 -0.113324
0.5365 -0.112717
0.5375 -0.112105
0.5385 -0.111489
0.5395 -0.110868
0.5405 -0.110244
0.5415 -0.109614
0.5425 -0.108981
0.5435 -0.108343
0.5445 -0.107701
0.5455 -0.107055
0.5465 -0.106404
0.5475 -0.105749
0.5485 -0.10509
0.5495 -0.104427
0.5505 -0.10376
0.5515 -0.103089
0.5525 -0.102413
0.5535 -0.101734
0.5545 -0.10105
0.5555 -0.100363
0.5565 -0.0996716
0.5575 -0.0989763
0.5585 -0.0982771
0.5595 -0.097574
0.5605 -0.096867
0.5615 -0.0961562
0.5625 -0.0954416
0.5635 -0.0947233
0.5645 -0.0940012
0.5655 -0.0932754
0.5665 -0.0925459
0.5675 -0.0918127
0.5685 -0.091076
0.5695 -0.0903356
0.5705 -0.0895917
0.5715 -0.0888442
0.5725 -0.0880932
0.5735 -0.0873388
0.5745 -0.0865809
0.5755 -0.0858196
0.5765 -0.0850549
0.5775 -0.0842868
0.5785 -0.0835154
0.5795 -0.0827407
0.5805 -0.0819628
0.5815 -0.0811816
0.5825 -0.0803972
0.5835 -0.0796096
0.5845 -0.0788189
0.5855 -0.0780251
0.5865 -0.0772282
0.5875 -0.0764282
0.5885 -0.0756253
0.5895 -0.0748193
0.5905 -0.0740104
0.5915 -0.0731986
0.5925 -0.0723839
0.5935 -0.0715663
0.5945 -0.0707459
0.5955 -0.0699227
0.5965 -0.0690967
0.5975 -0.068268
0.5985 -0.0674367
0.5995 -0.0666026
0.6005 -0.065766
0.6015 -0.0649267
0.6025 -0.0640849
0.6035 -0.0632405
0.6045 -0.0623936
0.6055 -0.0615443
0.6065 -0.0606926
0.6075 -0.0598384
0.6085 -0.0589819
0.6095 -0.0581231
0.6105 -0.057262
0.6115 -0.0563986
0.6125 -0.0555329
0.6135 -0.0546651
0.6145 -0.0537952
0.6155 -0.0529231
0.6165 -0.0520489
0.6175 -0.0511727
0.6185 -0.0502944
0.6195 -0.0494142
0.6205 -0.048532
0.6215 -0.0476479
0.6225 -0.0467619
0.6235 -0.045874
0.6245 -0.0449844
0.6255 -0.044093
0.6265 -0.0431998
0.6275 -0.0423049
0.6285 -0.0414084
0.6295 -0.0405102
0.6305 -0.0396105
0.6315 -0.0387091
0.6325 -0.0378063
0.6335 -0.0369019
0.6345 -0.0359961
0.6355 -0.0350888
0.6365 -0.0341802
0.6375 -0.0332703
0.6385 -0.032359
0.6395 -0.0314464
0.6405 -0.0305326
0.6415 -0.0296176
0.6425 -0.0287014
0.6435 -0.0277841
0.6445 -0.0268657
0.6455 -0.0259462
0.6465 -0.0250258
0.6475 -0.0241043
0.6485 -0.0231818
0.6495 -0.0222585
0.6505 -0.0213343
0.6515 -0.0204092
0.6525 -0.0194833
0.6535 -0.0185567
0.6545 -0.0176293
0.6555 -0.0167012
0.6565 -0.0157725
0.6575 -0.0148432
0.6585 -0.0139132
0.6595 -0.0129827
0.6605 -0.0120517
0.6615 -0.0111203
0.6625 -0.0101883
0.6635 -0.00925602
0.6645 -0.00832334
0.6655 -0.00739033
0.6665 -0.00645703
0.6675 -0.00552347
0.6685 -0.00458969
0.6695 -0.00365574
0.6705 -0.00272163
0.6715 -0.00178742
0.6725 -0.000853144
0.6735 8.1169e-05
0.6745 0.00101548
0.6755 0.00194975
0.6765 0.00288394
0.6775 0.00381802
0.6785 0.00475195
0.6795 0.00568569
0.6805 0.00661921
0.6815 0.00755246
0.6825 0.00848542
0.6835 0.00941804
0.6845 0.0103503
0.6855 0.0112821
0.6865 0.0122135
0.6875 0.0131444
0.6885 0.0140748
0.6895 0.0150047
0.6905 0.0159339
0.6915 0.0168625
0.6925 0.0177905
0.6935 0.0187177
0.6945 0.0196443
0.6955 0.02057
0.6965 0.0214949
0.6975 0.022419
0.6985 0.0233422
0.6995 0.0242645
0.7005 0.0251858
0.7015 0.0261061
0.7025 0.0270254
0.7035 0.0279436
0.7045 0.0288607
0.7055 0.0297767
0.7065 0.0306915
0.7075 0.0316051
0.7085 0.0325174
0.7095 0.0334285
0.7105 0.0343382
0.7115 0.0352466
0.7125 0.0361536
0.7135 0.0370591
0.7145 0.0379632
0.7155 0.0388658
0.7165 0.0397669
0.7175 0.0406664
0.7185 0.0415643
0.7195 0.0424605
0.7205 0.0433551
0.7215 0.044248
0.7225 0.0451391
0.7235 0.0460284
0.7245 0.046916
0.7255 0.0478016
0.7265 0.0486854
0.7275 0.0495672
0.7285 0.0504471
0.7295 0.0513251
0.7305 0.0522009
0.7315 0.0530748
0.7325 0.0539465
0.7335 0.0548161
0.7345 0.0556835
0.7355 0.0565487
0.7365 0.0574117
0.7375 0.0582725
0.7385 0.0591309
0.7395 0.059987
0.7405 0.0608407
0.7415 0.0616921
0.7425 0.062541
0.7435 0.0633874
0.7445 0.0642313
0.7455 0.0650727
0.7465 0.0659115
0.7475 0.0667477
0.7485 0.0675813
0.7495 0.0684122
0.7505 0.0692404
0.7515 0.0700659
0.7525 0.0708886
0.7535 0.0717085
0.7545 0.0725256
0.7555 0.0733398
0.7565 0.0741512
0.7575 0.0749596
0.7585 0.075765
0.7595 0.0765674
0.7605 0.0773669
0.7615 0.0781632
0.7625 0.0789565
0.7635 0.0797467
0.7645 0.0805337
0.7655 0.0813175
0.7665 0.0820982
0.7675 0.0828756
0.7685 0.0836497
0.7695 0.0844205
0.7705 0.085188
0.7715 0.0859521
0.7725 0.0867128
0.7735 0.0874701
0.7745 0.088224
0.7755 0.0889743
0.7765 0.0897212
0.7775 0.0904645
0.7785 0.0912042
0.7795 0.0919404
0.7805 0.0926729
0.7815 0.0934017
0.7825 0.0941269
0.7835 0.0948483
0.7845 0.095566
0.7855 0.09628
0.7865 0.0969901
0.7875 0.0976964
0.7885 0.0983988
0.7895 0.0990974
0.7905 0.099792
0.7915 0.100483
0.7925 0.101169
0.7935 0.101852
0.7945 0.102531
0.7955 0.103206
0.7965 0.103876
0.7975 0.104543
0.7985 0.105205
0.7995 0.105863
0.8005 0.106517
0.8015 0.107167
0.8025 0.107813
0.8035 0.108454
0.8045 0.109091
0.8055 0.109724
0.8065 0.110352
0.8075 0.110976
0.8085 0.111596
0.8095 0.112211
0.8105 0.112822
0.8115 0.113429
0.8125 0.114031
0.8135 0.114628
0.8145 0.115221
0.8155 0.115809
0.8165 0.116393
0.8175 0.116972
0.8185 0.117547
0.8195 0.118117
0.8205 0.118682
0.8215 0.119243
0.8225 0.119798
0.8235 0.12035
0.8245 0.120896
0.8255 0.121438
0.8265 0.121974
0.8275 0.122506
0.8285 0.123034
0.8295 0.123556
0.8305 0.124073
0.8315 0.124586
0.8325 0.125093
0.8335 0.125596
0.8345 0.126094
0.8355 0.126587
0.8365 0.127074
0.8375 0.127557
0.8385 0.128035
0.8395 0.128507
0.8405 0.128975
0.8415 0.129437
0.8425 0.129895
0.8435 0.130347
0.8445 0.130794
0.8455 0.131236
0.8465 0.131673
0.8475 0.132104
0.8485 0.132531
0.8495 0.132952
0.8505 0.133368
0.8515 0.133778
0.8525 0.134184
0.8535 0.134584
0.8545 0.134978
0.8555 0.135368
0.8565 0.135752
0.8575 0.13613
0.8585 0.136504
0.8595 0.136871
0.8605 0.137234
0.8615 0.137591
0.8625 0.137943
0.8635 0.138289
0.8645 0.13863
0.8655 0.138965
0.8665 0.139295
0.8675 0.139619
0.8685 0.139938
0.8695 0.140251
0.8705 0.140559
0.8715 0.140861
0.8725 0.141157
0.8735 0.141448
0.8745 0.141734
0.8755 0.142014
0.8765 0.142288
0.8775 0.142557
0.8785 0.14282
0.8795 0.143077
0.8805 0.143329
0.8815 0.143575
0.8825 0.143815
0.8835 0.14405
0.8845 0.144279
0.8855 0.144502
0.8865 0.14472
0.8875 0.144932
0.8885 0.145138
0.8895 0.145338
0.8905 0.145533
0.8915 0.145722
0.8925 0.145905
0.8935 0.146083
0.8945 0.146254
0.8955 0.14642
0.8965 0.14658
0.8975 0.146735
0.8985 0.146883
0.8995 0.147026
0.9005 0.147163
0.9015 0.147294
0.9025 0.147419
0.9035 0.147539
0.9045 0.147653
0.9055 0.14776
0.9065 0.147862
0.9075 0.147959
0.9085 0.148049
0.9095 0.148134
0.9105 0.148212
0.9115 0.148285
0.9125 0.148352
0.9135 0.148413
0.9145 0.148468
0.9155 0.148518
0.9165 0.148561
0.9175 0.148599
0.9185 0.14863
0.9195 0.148656
0.9205 0.148676
0.9215 0.148691
0.9225 0.148699
0.9235 0.148701
0.9245 0.148698
0.9255 0.148689
0.9265 0.148673
0.9275 0.148652
0.9285 0.148625
0.9295 0.148593
0.9305 0.148554
0.9315 0.148509
0.9325 0.148459
0.9335 0.148403
0.9345 0.148341
0.9355 0.148273
0.9365 0.148199
0.9375 0.148119
0.9385 0.148034
0.9395 0.147942
0.9405 0.147845
0.9415 0.147742
0.9425 0.147633
0.9435 0.147519
0.9445 0.147398
0.9455 0.147272
0.9465 0.14714
0.9475 0.147002
0.9485 0.146858
0.9495 0.146708
0.9505 0.146553
0.9515 0.146392
0.9525 0.146225
0.9535 0.146052
0.9545 0.145874
0.9555 0.14569
0.9565 0.1455
0.9575 0.145304
0.9585 0.145102
0.9595 0.144895
0.9605 0.144682
0.9615 0.144464
0.9625 0.144239
0.9635 0.144009
0.9645 0.143774
0.9655 0.143532
0.9665 0.143285
0.9675 0.143033
0.9685 0.142774
0.9695 0.14251
0.9705 0.142241
0.9715 0.141966
0.9725 0.141685
0.9735 0.141398
0.9745 0.141106
0.9755 0.140809
0.9765 0.140506
0.9775 0.140197
0.9785 0.139883
0.9795 0.139563
0.9805 0.139238
0.9815 0.138907
0.9825 0.138571
0.9835 0.138229
0.9845 0.137882
0.9855 0.137529
0.9865 0.137171
0.9875 0.136808
0.9885 0.136439
0.9895 0.136065
0.9905 0.135685
0.9915 0.1353
0.9925 0.13491
0.9935 0.134514
0.9945 0.134113
0.9955 0.133707
0.9965 0.133296
0.9975 0.132879
0.9985 0.132457
0.9995 0.13203
