
# time = 0.9984
0.0005 0.0180594
0.0015 0.0219867
0.0025 0.0259131
0.0035 0.0298385
0.0045 0.0337628
0.0055 0.0376857
0.0065 0.0416071
0.0075 0.0455268
0.0085 0.0494448
0.0095 0.0533608
0.0105 0.0572747
0.0115 0.0611864
0.0125 0.0650956
0.0135 0.0690023
0.0145 0.0729062
0.0155 0.0768073
0.0165 0.0807053
0.0175 0.0846002
0.0185 0.0884917
0.0195 0.0923797
0.0205 0.0962641
0.0215 0.100145
0.0225 0.104021
0.0235 0.107894
0.0245 0.111762
0.0255 0.115626
0.0265 0.119485
0.0275 0.12334
0.0285 0.127189
0.0295 0.131034
0.0305 0.134873
0.0315 0.138708
0.0325 0.142536
0.0335 0.146359
0.0345 0.150177
0.0355 0.153988
0.0365 0.157793
0.0375 0.161592
0.0385 0.165385
0.0395 0.169171
0.0405 0.172951
0.0415 0.176723
0.0425 0.180489
0.0435 0.184247
0.0445 0.187999
0.0455 0.191742
0.0465 0.195479
0.0475 0.199207
0.0485 0.202928
0.0495 0.206641
0.0505 0.210345
0.0515 0.214041
0.0525 0.217729
0.0535 0.221408
0.0545 0.225079
0.0555 0.22874
0.0565 0.232393
0.0575 0.236036
0.0585 0.23967
0.0595 0.243295
0.0605 0.24691
0.0615 0.250515
0.0625 0.25411
0.0635 0.257695
0.0645 0.26127
0.0655 0.264835
0.0665 0.26839
0.0675 0.271933
0.0685 0.275466
0.0695 0.278988
0.0705 0.2825
0.0715 0.286
0.0725 0.289488
0.0735 0.292965
0.0745 0.296431
0.0755 0.299885
0.0765 0.303327
0.0775 0.306757
0.0785 0.310175
0.0795 0.313581
0.0805 0.316975
0.0815 0.320356
0.0825 0.323724
0.0835 0.327079
0.0845 0.330422
0.0855 0.333751
0.0865 0.337068
0.0875 0.340371
0.0885 0.34366
0.0895 0.346936
0.0905 0.350199
0.0915 0.353447
0.0925 0.356682
0.0935 0.359902
0.0945 0.363109
0.0955 0.366301
0.0965 0.369478
0.0975 0.372641
0.0985 0.375789
0.0995 0.378922
0.1005 0.382041
0.1015 0.385144
0.1025 0.388232
0.1035 0.391305
0.1045 0.394362
0.1055 0.397404
0.1065 0.40043
0.1075 0.40344
0.1085 0.406435
0.1095 0.409413
0.1105 0.412375
0.1115 0.415321
0.1125 0.41825
0.1135 0.421163
0.1145 0.42406
0.1155 0.426939
0.1165 0.429802
0.1175 0.432648
0.1185 0.435476
0.1195 0.438288
0.1205 0.441082
0.1215 0.443859
0.1225 0.446618
0.1235 0.44936
0.1245 0.452084
0.1255 0.45479
0.1265 0.457478
0.1275 0.460148
0.1285 0.462799
0.1295 0.465433
0.1305 0.468048
0.1315 0.470645
0.1325 0.473223
0.1335 0.475782
0.1345 0.478323
0.1355 0.480845
0.1365 0.483348
0.1375 0.485831
0.1385 0.488296
0.1395 0.490741
0.1405 0.493167
0.1415 0.495574
0.1425 0.49796
0.1435 0.500328
0.1445 0.502675
0.1455 0.505003
0.1465 0.50731
0.1475 0.509598
0.1485 0.511865
0.1495 0.514113
0.1505 0.51634
0.1515 0.518546
0.1525 0.520733
0.1535 0.522898
0.1545 0.525043
0.1555 0.527167
0.1565 0.529271
0.1575 0.531353
0.1585 0.533415
0.1595 0.535455
0.1605 0.537475
0.1615 0.539473
0.1625 0.54145
0.1635 0.543405
0.1645 0.545339
0.1655 0.547252
0.1665 0.549142
0.1675 0.551012
0.1685 0.552859
0.1695 0.554685
0.1705 0.556488
0.1715 0.55827
0.1725 0.56003
0.1735 0.561767
0.1745 0.563483
0.1755 0.565176
0.1765 0.566847
0.1775 0.568495
0.1785 0.570121
0.1795 0.571725
0.1805 0.573306
0.1815 0.574864
0.1825 0.5764
0.1835 0.577913
0.1845 0.579403
0.1855 0.58087
0.1865 0.582314
0.1875 0.583735
0.1885 0.585134
0.1895 0.586509
0.1905 0.587861
0.1915 0.58919
0.1925 0.590495
0.1935 0.591777
0.1945 0.593036
0.1955 0.594271
0.1965 0.595483
0.1975 0.596672
0.1985 0.597837
0.1995 0.598978
0.2005 0.600096
0.2015 0.60119
0.2025 0.60226
0.2035 0.603306
0.2045 0.604329
0.2055 0.605328
0.2065 0.606303
0.2075 0.607254
0.2085 0.60818
0.2095 0.609083
0.2105 0.609962
0.2115 0.610817
0.2125 0.611648
0.2135 0.612454
0.2145 0.613237
0.2155 0.613995
0.2165 0.614729
0.2175 0.615439
0.2185 0.616124
0.2195 0.616785
0.2205 0.617422
0.2215 0.618034
0.2225 0.618622
0.2235 0.619185
0.2245 0.619725
0.2255 0.620239
0.2265 0.620729
0.2275 0.621195
0.2285 0.621636
0.2295 0.622052
0.2305 0.622444
0.2315 0.622812
0.2325 0.623155
0.2335 0.623473
0.2345 0.623766
0.2355 0.624035
0.2365 0.62428
0.2375 0.624499
0.2385 0.624694
0.2395 0.624865
0.2405 0.625011
0.2415 0.625132
0.2425 0.625228
0.2435 0.6253
0.2445 0.625347
0.2455 0.625369
0.2465 0.625367
0.2475 0.625339
0.2485 0.625288
0.2495 0.625211
0.2505 0.62511
0.2515 0.624984
0.2525 0.624834
0.2535 0.624659
0.2545 0.624459
0.2555 0.624234
0.2565 0.623985
0.2575 0.623712
0.2585 0.623413
0.2595 0.62309
0.2605 0.622743
0.2615 0.62237
0.2625 0.621974
0.2635 0.621552
0.2645 0.621107
0.2655 0.620636
0.2665 0.620141
0.2675 0.619622
0.2685 0.619078
0.2695 0.61851
0.2705 0.617918
0.2715 0.6173
0.2725 0.616659
0.2735 0.615993
0.2745 0.615303
0.2755 0.614589
0.2765 0.61385
0.2775 0.613087
0.2785 0.6123
0.2795 0.611489
0.2805 0.610654
0.2815 0.609794
0.2825 0.608911
0.2835 0.608003
0.2845 0.607071
0.2855 0.606116
0.2865 0.605136
0.2875 0.604133
0.2885 0.603106
0.2895 0.602055
0.2905 0.60098
0.2915 0.599881
0.2925 0.598759
0.2935 0.597613
0.2945 0.596444
0.2955 0.595251
0.2965 0.594034
0.2975 0.592794
0.2985 0.591531
0.2995 0.590244
0.3005 0.588934
0.3015 0.587601
0.3025 0.586245
0.3035 0.584865
0.3045 0.583462
0.3055 0.582037
0.3065 0.580588
0.3075 0.579116
0.3085 0.577622
0.3095 0.576105
0.3105 0.574565
0.3115 0.573002
0.3125 0.571417
0.3135 0.569809
0.3145 0.568178
0.3155 0.566525
0.3165 0.56485
0.3175 0.563153
0.3185 0.561433
0.3195 0.559691
0.3205 0.557927
0.3215 0.556141
0.3225 0.554333
0.3235 0.552503
0.3245 0.550652
0.3255 0.548778
0.3265 0.546883
0.3275 0.544967
0.3285 0.543029
0.3295 0.541069
0.3305 0.539088
0.3315 0.537086
0.3325 0.535062
0.3335 0.533018
0.3345 0.530952
0.3355 0.528866
0.3365 0.526758
0.3375 0.52463
0.3385 0.522481
0.3395 0.520311
0.3405 0.518121
0.3415 0.515911
0.3425 0.51368
0.3435 0.511428
0.3445 0.509157
0.3455 0.506866
0.3465 0.504554
0.3475 0.502223
0.3485 0.499871
0.3495 0.4975
0.3505 0.49511
0.3515 0.492699
0.3525 0.49027
0.3535 0.487821
0.3545 0.485353
0.3555 0.482865
0.3565 0.480359
0.3575 0.477833
0.3585 0.475289
0.3595 0.472726
0.3605 0.470144
0.3615 0.467544
0.3625 0.464925
0.3635 0.462288
0.3645 0.459633
0.3655 0.456959
0.3665 0.454268
0.3675 0.451558
0.3685 0.448831
0.3695 0.446086
0.3705 0.443323
0.3715 0.440543
0.3725 0.437746
0.3735 0.434931
0.3745 0.432099
0.3755 0.42925
0.3765 0.426384
0.3775 0.423501
0.3785 0.420601
0.3795 0.417685
0.3805 0.414753
0.3815 0.411804
0.3825 0.408838
0.3835 0.405857
0.3845 0.40286
0.3855 0.399846
0.3865 0.396817
0.3875 0.393772
0.3885 0.390712
0.3895 0.387636
0.3905 0.384545
0.3915 0.381439
0.3925 0.378318
0.3935 0.375181
0.3945 0.37203
0.3955 0.368865
0.3965 0.365684
0.3975 0.36249
0.3985 0.359281
0.3995 0.356057
0.4005 0.35282
0.4015 0.349569
0.4025 0.346304
0.4035 0.343025
0.4045 0.339733
0.4055 0.336427
0.4065 0.333109
0.4075 0.329776
0.4085 0.326431
0.4095 0.323073
0.4105 0.319703
0.4115 0.316319
0.4125 0.312924
0.4135 0.309515
0.4145 0.306095
0.4155 0.302662
0.4165 0.299218
0.4175 0.295762
0.4185 0.292294
0.4195 0.288814
0.4205 0.285324
0.4215 0.281821
0.4225 0.278308
0.4235 0.274784
0.4245 0.271249
0.4255 0.267703
0.4265 0.264147
0.4275 0.26058
0.4285 0.257003
0.4295 0.253416
0.4305 0.249818
0.4315 0.246211
0.4325 0.242594
0.4335 0.238968
0.4345 0.235332
0.4355 0.231687
0.4365 0.228033
0.4375 0.22437
0.4385 0.220697
0.4395 0.217017
0.4405 0.213327
0.4415 0.209629
0.4425 0.205923
0.4435 0.202209
0.4445 0.198487
0.4455 0.194757
0.4465 0.191019
0.4475 0.187274
0.4485 0.183521
0.4495 0.179761
0.4505 0.175994
0.4515 0.17222
0.4525 0.168439
0.4535 0.164652
0.4545 0.160858
0.4555 0.157058
0.4565 0.153251
0.4575 0.149439
0.4585 0.14562
0.4595 0.141796
0.4605 0.137967
0.4615 0.134131
0.4625 0.130291
0.4635 0.126445
0.4645 0.122595
0.4655 0.118739
0.4665 0.114879
0.4675 0.111014
0.4685 0.107145
0.4695 0.103272
0.4705 0.0993944
0.4715 0.0955131
0.4725 0.091628
0.4735 0.0877394
0.4745 0.0838472
0.4755 0.0799517
0.4765 0.0760531
0.4775 0.0721515
0.4785 0.068247
0.4795 0.0643398
0.4805 0.0604301
0.4815 0.056518
0.4825 0.0526036
0.4835 0.0486872
0.4845 0.0447689
0.4855 0.0408488
0.4865 0.0369271
0.4875 0.0330039
0.4885 0.0290795
0.4895 0.0251538
0.4905 0.0212272
0.4915 0.0172998
0.4925 0.0133716
0.4935 0.00944299
0.4945 0.00551395
0.4955 0.0015847
0.4965 -0.00234461
0.4975 -0.00627384
0.4985 -0.0102028
0.4995 -0.0141314
0.5005 -0.0180594
0.5015 -0.0219867
0.5025 -0.0259131
0.5035 -0.0298385
0.5045 -0.0337628
0.5055 -0.0376857
0.5065 -0.0416071
0.5075 -0.0455268
0.5085 -0.0494448
0.5095 -0.0533608
0.5105 -0.0572747
0.5115 -0.0611864
0.5125 -0.0650956
0.5135 -0.0690023
0.5145 -0.0729062
0.5155 -0.0768073
0.5165 -0.0807053
0.5175 -0.0846002
0.5185 -0.0884917
0.5195 -0.0923797
0.5205 -0.0962641
0.5215 -0.100145
0.5225 -0.104021
0.5235 -0.107894
0.5245 -0.111762
0.5255 -0.115626
0.5265 -0.119485
0.5275 -0.12334
0.5285 -0.127189
0.5295 -0.131034
0.5305 -0.134873
0.5315 -0.138708
0.5325 -0.142536
0.5335 -0.146359
0.5345 -0.150177
0.5355 -0.153988
0.5365 -0.157793
0.5375 -0.161592
0.5385 -0.165385
0.5395 -0.169171
0.5405 -0.172951
0.5415 -0.176723
0.5425 -0.180489
0.5435 -0.184247
0.5445 -0.187999
0.5455 -0.191742
0.5465 -0.195479
0.5475 -0.199207
0.5485 -0.202928
0.5495 -0.206641
0.5505 -0.210345
0.5515 -0.214041
0.5525 -0.217729
0.5535 -0.221408
0.5545 -0.225079
0.5555 -0.22874
0.5565 -0.232393
0.5575 -0.236036
0.5585 -0.23967
0.5595 -0.243295
0.5605 -0.24691
0.5615 -0.250515
0.5625 -0.25411
0.5635 -0.257695
0.5645 -0.26127
0.5655 -0.264835
0.5665 -0.26839
0.5675 -0.271933
0.5685 -0.275466
0.5695 -0.278988
0.5705 -0.2825
0.5715 -0.286
0.5725 -0.289488
0.5735 -0.292965
0.5745 -0.296431
0.5755 -0.299885
0.5765 -0.303327
0.5775 -0.306757
0.5785 -0.310175
0.5795 -0.313581
0.5805 -0.316975
0.5815 -0.320356
0.5825 -0.323724
0.5835 -0.327079
0.5845 -0.330422
0.5855 -0.333751
0.5865 -0.337068
0.5875 -0.340371
0.5885 -0.34366
0.5895 -0.346936
0.5905 -0.350199
0.5915 -0.353447
0.5925 -0.356682
0.5935 -0.359902
0.5945 -0.363109
0.5955 -0.366301
0.5965 -0.369478
0.5975 -0.372641
0.5985 -0.375789
0.5995 -0.378922
0.6005 -0.382041
0.6015 -0.385144
0.6025 -0.388232
0.6035 -0.391305
0.6045 -0.394362
0.6055 -0.397404
0.6065 -0.40043
0.6075 -0.40344
0.6085 -0.406435
0.6095 -0.409413
0.6105 -0.412375
0.6115 -0.415321
0.6125 -0.41825
0.6135 -0.421163
0.6145 -0.42406
0.6155 -0.426939
0.6165 -0.429802
0.6175 -0.432648
0.6185 -0.435476
0.6195 -0.438288
0.6205 -0.441082
0.6215 -0.443859
0.6225 -0.446618
0.6235 -0.44936
0.6245 -0.452084
0.6255 -0.45479
0.6265 -0.457478
0.6275 -0.460148
0.6285 -0.462799
0.6295 -0.465433
0.6305 -0.468048
0.6315 -0.470645
0.6325 -0.473223
0.6335 -0.475782
0.6345 -0.478323
0.6355 -0.480845
0.6365 -0.483348
0.6375 -0.485831
0.6385 -0.488296
0.6395 -0.490741
0.6405 -0.493167
0.6415 -0.495574
0.6425 -0.49796
0.6435 -0.500328
0.6445 -0.502675
0.6455 -0.505003
0.6465 -0.50731
0.6475 -0.509598
0.6485 -0.511865
0.6495 -0.514113
0.6505 -0.51634
0.6515 -0.518546
0.6525 -0.520733
0.6535 -0.522898
0.6545 -0.525043
0.6555 -0.527167
0.6565 -0.529271
0.6575 -0.531353
0.6585 -0.533415
0.6595 -0.535455
0.6605 -0.537475
0.6615 -0.539473
0.6625 -0.54145
0.6635 -0.543405
0.6645 -0.545339
0.6655 -0.547252
0.6665 -0.549142
0.6675 -0.551012
0.6685 -0.552859
0.6695 -0.554685
0.6705 -0.556488
0.6715 -0.55827
0.6725 -0.56003
0.6735 -0.561767
0.6745 -0.563483
0.6755 -0.565176
0.6765 -0.566847
0.6775 -0.568495
0.6785 -0.570121
0.6795 -0.571725
0.6805 -0.573306
0.6815 -0.574864
0.6825 -0.5764
0.6835 -0.577913
0.6845 -0.579403
0.6855 -0.58087
0.6865 -0.582314
0.6875 -0.583735
0.6885 -0.585134
0.6895 -0.586509
0.6905 -0.587861
0.6915 -0.58919
0.6925 -0.590495
0.6935 -0.591777
0.6945 -0.593036
0.6955 -0.594271
0.6965 -0.595483
0.6975 -0.596672
0.6985 -0.597837
0.6995 -0.598978
0.7005 -0.600096
0.7015 -0.60119
0.7025 -0.60226
0.7035 -0.603306
0.7045 -0.604329
0.7055 -0.605328
0.7065 -0.606303
0.7075 -0.607254
0.7085 -0.60818
0.7095 -0.609083
0.7105 -0.609962
0.7115 -0.610817
0.7125 -0.611648
0.7135 -0.612454
0.7145 -0.613237
0.7155 -0.613995
0.7165 -0.614729
0.7175 -0.615439
0.7185 -0.616124
0.7195 -0.616785
0.7205 -0.617422
0.7215 -0.618034
0.7225 -0.618622
0.7235 -0.619185
0.7245 -0.619725
0.7255 -0.620239
0.7265 -0.620729
0.7275 -0.621195
0.7285 -0.621636
0.7295 -0.622052
0.7305 -0.622444
0.7315 -0.622812
0.7325 -0.623155
0.7335 -0.623473
0.7345 -0.623766
0.7355 -0.624035
0.7365 -0.62428
0.7375 -0.624499
0.7385 -0.624694
0.7395 -0.624865
0.7405 -0.625011
0.7415 -0.625132
0.7425 -0.625228
0.7435 -0.6253
0.7445 -0.625347
0.7455 -0.625369
0.7465 -0.625367
0.7475 -0.625339
0.7485 -0.625288
0.7495 -0.625211
0.7505 -0.62511
0.7515 -0.624984
0.7525 -0.624834
0.7535 -0.624659
0.7545 -0.624459
0.7555 -0.624234
0.7565 -0.623985
0.7575 -0.623712
0.7585 -0.623413
0.7595 -0.62309
0.7605 -0.622743
0.7615 -0.62237
0.7625 -0.621974
0.7635 -0.621552
0.7645 -0.621107
0.7655 -0.620636
0.7665 -0.620141
0.7675 -0.619622
0.7685 -0.619078
0.7695 -0.61851
0.7705 -0.617918
0.7715 -0.6173
0.7725 -0.616659
0.7735 -0.615993
0.7745 -0.615303
0.7755 -0.614589
0.7765 -0.61385
0.7775 -0.613087
0.7785 -0.6123
0.7795 -0.611489
0.7805 -0.610654
0.7815 -0.609794
0.7825 -0.608911
0.7835 -0.608003
0.7845 -0.607071
0.7855 -0.606116
0.7865 -0.605136
0.7875 -0.604133
0.7885 -0.603106
0.7895 -0.602055
0.7905 -0.60098
0.7915 -0.599881
0.7925 -0.598759
0.7935 -0.597613
0.7945 -0.596444
0.7955 -0.595251
0.7965 -0.594034
0.7975 -0.592794
0.7985 -0.591531
0.7995 -0.590244
0.8005 -0.588934
0.8015 -0.587601
0.8025 -0.586245
0.8035 -0.584865
0.8045 -0.583462
0.8055 -0.582037
0.8065 -0.580588
0.8075 -0.579116
0.8085 -0.577622
0.8095 -0.576105
0.8105 -0.574565
0.8115 -0.573002
0.8125 -0.571417
0.8135 -0.569809
0.8145 -0.568178
0.8155 -0.566525
0.8165 -0.56485
0.8175 -0.563153
0.8185 -0.561433
0.8195 -0.559691
0.8205 -0.557927
0.8215 -0.556141
0.8225 -0.554333
0.8235 -0.552503
0.8245 -0.550652
0.8255 -0.548778
0.8265 -0.546883
0.8275 -0.544967
0.8285 -0.543029
0.8295 -0.541069
0.8305 -0.539088
0.8315 -0.537086
0.8325 -0.535062
0.8335 -0.533018
0.8345 -0.530952
0.8355 -0.528866
0.8365 -0.526758
0.8375 -0.52463
0.8385 -0.522481
0.8395 -0.520311
0.8405 -0.518121
0.8415 -0.515911
0.8425 -0.51368
0.8435 -0.511428
0.8445 -0.509157
0.8455 -0.506866
0.8465 -0.504554
0.8475 -0.502223
0.8485 -0.499871
0.8495 -0.4975
0.8505 -0.49511
0.8515 -0.492699
0.8525 -0.49027
0.8535 -0.487821
0.8545 -0.485353
0.8555 -0.482865
0.8565 -0.480359
0.8575 -0.477833
0.8585 -0.475289
0.8595 -0.472726
0.8605 -0.470144
0.8615 -0.467544
0.8625 -0.464925
0.8635 -0.462288
0.8645 -0.459633
0.8655 -0.456959
0.8665 -0.454268
0.8675 -0.451558
0.8685 -0.448831
0.8695 -0.446086
0.8705 -0.443323
0.8715 -0.440543
0.8725 -0.437746
0.8735 -0.434931
0.8745 -0.432099
0.8755 -0.42925
0.8765 -0.426384
0.8775 -0.423501
0.8785 -0.420601
0.8795 -0.417685
0.8805 -0.414753
0.8815 -0.411804
0.8825 -0.408838
0.8835 -0.405857
0.8845 -0.40286
0.8855 -0.399846
0.8865 -0.396817
0.8875 -0.393772
0.8885 -0.390712
0.8895 -0.387636
0.8905 -0.384545
0.8915 -0.381439
0.8925 -0.378318
0.8935 -0.375181
0.8945 -0.37203
0.8955 -0.368865
0.8965 -0.365684
0.8975 -0.36249
0.8985 -0.359281
0.8995 -0.356057
0.9005 -0.35282
0.9015 -0.349569
0.9025 -0.346304
0.9035 -0.343025
0.9045 -0.339733
0.9055 -0.336427
0.9065 -0.333109
0.9075 -0.329776
0.9085 -0.326431
0.9095 -0.323073
0.9105 -0.319703
0.9115 -0.316319
0.9125 -0.312924
0.9135 -0.309515
0.9145 -0.306095
0.9155 -0.302662
0.9165 -0.299218
0.9175 -0.295762
0.9185 -0.292294
0.9195 -0.288814
0.9205 -0.285324
0.9215 -0.281821
0.9225 -0.278308
0.9235 -0.274784
0.9245 -0.271249
0.9255 -0.267703
0.9265 -0.264147
0.9275 -0.26058
0.9285 -0.257003
0.9295 -0.253416
0.9305 -0.249818
0.9315 -0.246211
0.9325 -0.242594
0.9335 -0.238968
0.9345 -0.235332
0.9355 -0.231687
0.9365 -0.228033
0.9375 -0.22437
0.9385 -0.220697
0.9395 -0.217017
0.9405 -0.213327
0.9415 -0.209629
0.9425 -0.205923
0.9435 -0.202209
0.9445 -0.198487
0.9455 -0.194757
0.9465 -0.191019
0.9475 -0.187274
0.9485 -0.183521
0.9495 -0.179761
0.9505 -0.175994
0.9515 -0.17222
0.9525 -0.168439
0.9535 -0.164652
0.9545 -0.160858
0.9555 -0.157058
0.9565 -0.153251
0.9575 -0.149439
0.9585 -0.14562
0.9595 -0.141796
0.9605 -0.137967
0.9615 -0.134131
0.9625 -0.130291
0.9635 -0.126445
0.9645 -0.122595
0.9655 -0.118739
0.9665 -0.114879
0.9675 -0.111014
0.9685 -0.107145
0.9695 -0.103272
0.9705 -0.0993944
0.9715 -0.0955131
0.9725 -0.091628
0.9735 -0.0877394
0.9745 -0.0838472
0.9755 -0.0799517
0.9765 -0.0760531
0.9775 -0.0721515
0.9785 -0.068247
0.9795 -0.0643398
0.9805 -0.0604301
0.9815 -0.056518
0.9825 -0.0526036
0.9835 -0.0486872
0.9845 -0.0447689
0.9855 -0.0408488
0.9865 -0.0369271
0.9875 -0.0330039
0.9885 -0.0290795
0.9895 -0.0251538
0.9905 -0.0212272
0.9915 -0.0172998
0.9925 -0.0133716
0.9935 -0.00944299
0.9945 -0.00551395
0.9955 -0.0015847
0.9965 0.00234461
0.9975 0.00627384
0.9985 0.0102028
0.9995 0.0141314
