
# time = 0.4992
0.0005 -0.985306
0.0015 -0.985236
0.0025 -0.985127
0.0035 -0.984979
0.0045 -0.984792
0.0055 -0.984566
0.0065 -0.984301
0.0075 -0.983998
0.0085 -0.983656
0.0095 -0.983274
0.0105 -0.982854
0.0115 -0.982395
0.0125 -0.981898
0.0135 -0.981361
0.0145 -0.980786
0.0155 -0.980172
0.0165 -0.97952
0.0175 -0.978829
0.0185 -0.978099
0.0195 -0.97733
0.0205 -0.976523
0.0215 -0.975678
0.0225 -0.974793
0.0235 -0.973871
0.0245 -0.97291
0.0255 -0.97191
0.0265 -0.970872
0.0275 -0.969796
0.0285 -0.968682
0.0295 -0.967529
0.0305 -0.966338
0.0315 -0.965109
0.0325 -0.963842
0.0335 -0.962537
0.0345 -0.961194
0.0355 -0.959812
0.0365 -0.958393
0.0375 -0.956937
0.0385 -0.955442
0.0395 -0.95391
0.0405 -0.952339
0.0415 -0.950732
0.0425 -0.949087
0.0435 -0.947404
0.0445 -0.945684
0.0455 -0.943927
0.0465 -0.942132
0.0475 -0.9403
0.0485 -0.938431
0.0495 -0.936525
0.0505 -0.934582
0.0515 -0.932603
0.0525 -0.930586
0.0535 -0.928532
0.0545 -0.926442
0.0555 -0.924316
0.0565 -0.922153
0.0575 -0.919953
0.0585 -0.917717
0.0595 -0.915445
0.0605 -0.913137
0.0615 -0.910793
0.0625 -0.908412
0.0635 -0.905996
0.0645 -0.903544
0.0655 -0.901057
0.0665 -0.898534
0.0675 -0.895975
0.0685 -0.893381
0.0695 -0.890752
0.0705 -0.888088
0.0715 -0.885388
0.0725 -0.882654
0.0735 -0.879885
0.0745 -0.877081
0.0755 -0.874242
0.0765 -0.871369
0.0775 -0.868461
0.0785 -0.86552
0.0795 -0.862544
0.0805 -0.859534
0.0815 -0.85649
0.0825 -0.853412
0.0835 -0.8503
0.0845 -0.847155
0.0855 -0.843977
0.0865 -0.840765
0.0875 -0.83752
0.0885 -0.834242
0.0895 -0.830931
0.0905 -0.827587
0.0915 -0.824211
0.0925 -0.820802
0.0935 -0.81736
0.0945 -0.813887
0.0955 -0.810381
0.0965 -0.806843
0.0975 -0.803273
0.0985 -0.799672
0.0995 -0.796039
0.1005 -0.792375
0.1015 -0.788679
0.1025 -0.784952
0.1035 -0.781195
0.1045 -0.777406
0.1055 -0.773587
0.1065 -0.769737
0.1075 -0.765857
0.1085 -0.761946
0.1095 -0.758006
0.1105 -0.754035
0.1115 -0.750035
0.1125 -0.746005
0.1135 -0.741946
0.1145 -0.737857
0.1155 -0.73374
0.1165 -0.729593
0.1175 -0.725417
0.1185 -0.721213
0.1195 -0.716981
0.1205 -0.71272
0.1215 -0.708431
0.1225 -0.704114
0.1235 -0.699769
0.1245 -0.695397
0.1255 -0.690997
0.1265 -0.68657
0.1275 -0.682115
0.1285 -0.677634
0.1295 -0.673126
0.1305 -0.668592
0.1315 -0.664031
0.1325 -0.659444
0.1335 -0.654831
0.1345 -0.650192
0.1355 -0.645527
0.1365 -0.640837
0.1375 -0.636121
0.1385 -0.631381
0.1395 -0.626615
0.1405 -0.621825
0.1415 -0.61701
0.1425 -0.612171
0.1435 -0.607308
0.1445 -0.60242
0.1455 -0.597509
0.1465 -0.592575
0.1475 -0.587617
0.1485 -0.582635
0.1495 -0.577631
0.1505 -0.572604
0.1515 -0.567554
0.1525 -0.562482
0.1535 -0.557388
0.1545 -0.552272
0.1555 -0.547134
0.1565 -0.541974
0.1575 -0.536793
0.1585 -0.531591
0.1595 -0.526367
0.1605 -0.521123
0.1615 -0.515859
0.1625 -0.510574
0.1635 -0.505269
0.1645 -0.499944
0.1655 -0.494599
0.1665 -0.489235
0.1675 -0.483851
0.1685 -0.478448
0.1695 -0.473026
0.1705 -0.467586
0.1715 -0.462127
0.1725 -0.45665
0.1735 -0.451155
0.1745 -0.445642
0.1755 -0.440112
0.1765 -0.434564
0.1775 -0.428999
0.1785 -0.423417
0.1795 -0.417819
0.1805 -0.412204
0.1815 -0.406572
0.1825 -0.400925
0.1835 -0.395261
0.1845 -0.389582
0.1855 -0.383888
0.1865 -0.378179
0.1875 -0.372454
0.1885 -0.366715
0.1895 -0.360962
0.1905 -0.355194
0.1915 -0.349412
0.1925 -0.343617
0.1935 -0.337808
0.1945 -0.331985
0.1955 -0.326149
0.1965 -0.320301
0.1975 -0.31444
0.1985 -0.308566
0.1995 -0.302681
0.2005 -0.296783
0.2015 -0.290874
0.2025 -0.284953
0.2035 -0.279021
0.2045 -0.273077
0.2055 -0.267123
0.2065 -0.261159
0.2075 -0.255184
0.2085 -0.249199
0.2095 -0.243205
0.2105 -0.2372
0.2115 -0.231187
0.2125 -0.225164
0.2135 -0.219132
0.2145 -0.213092
0.2155 -0.207043
0.2165 -0.200986
0.2175 -0.194922
0.2185 -0.188849
0.2195 -0.182769
0.2205 -0.176682
0.2215 -0.170588
0.2225 -0.164487
0.2235 -0.158379
0.2245 -0.152266
0.2255 -0.146146
0.2265 -0.140021
0.2275 -0.13389
0.2285 -0.127753
0.2295 -0.121612
0.2305 -0.115466
0.2315 -0.109315
0.2325 -0.10316
0.2335 -0.0970013
0.2345 -0.0908384
0.2355 -0.084672
0.2365 -0.0785022
0.2375 -0.0723293
0.2385 -0.0661535
0.2395 -0.0599751
0.2405 -0.0537944
0.2415 -0.0476115
0.2425 -0.0414268
0.2435 -0.0352404
0.2445 -0.0290527
0.2455 -0.0228637
0.2465 -0.0166739
0.2475 -0.0104835
0.2485 -0.00429256
0.2495 0.00189849
0.2505 0.00808948
0.2515 0.0142801
0.2525 0.0204702
0.2535 0.0266595
0.2545 0.0328478
0.2555 0.0390347
0.2565 0.0452201
0.2575 0.0514037
0.2585 0.0575853
0.2595 0.0637646
0.2605 0.0699414
0.2615 0.0761155
0.2625 0.0822865
0.2635 0.0884543
0.2645 0.0946186
0.2655 0.100779
0.2665 0.106936
0.2675 0.113088
0.2685 0.119236
0.2695 0.125379
0.2705 0.131517
0.2715 0.13765
0.2725 0.143778
0.2735 0.1499
0.2745 0.156016
0.2755 0.162126
0.2765 0.168229
0.2775 0.174326
0.2785 0.180416
0.2795 0.186499
0.2805 0.192574
0.2815 0.198642
0.2825 0.204702
0.2835 0.210754
0.2845 0.216798
0.2855 0.222833
0.2865 0.228859
0.2875 0.234876
0.2885 0.240884
0.2895 0.246882
0.2905 0.252871
0.2915 0.25885
0.2925 0.264818
0.2935 0.270776
0.2945 0.276724
0.2955 0.28266
0.2965 0.288585
0.2975 0.294499
0.2985 0.300401
0.2995 0.306292
0.3005 0.31217
0.3015 0.318036
0.3025 0.323889
0.3035 0.32973
0.3045 0.335558
0.3055 0.341372
0.3065 0.347173
0.3075 0.35296
0.3085 0.358733
0.3095 0.364492
0.3105 0.370237
0.3115 0.375967
0.3125 0.381682
0.3135 0.387382
0.3145 0.393067
0.3155 0.398737
0.3165 0.40439
0.3175 0.410028
0.3185 0.415649
0.3195 0.421254
0.3205 0.426843
0.3215 0.432414
0.3225 0.437969
0.3235 0.443506
0.3245 0.449026
0.3255 0.454528
0.3265 0.460012
0.3275 0.465477
0.3285 0.470925
0.3295 0.476354
0.3305 0.481764
0.3315 0.487155
0.3325 0.492527
0.3335 0.497879
0.3345 0.503212
0.3355 0.508525
0.3365 0.513818
0.3375 0.51909
0.3385 0.524342
0.3395 0.529573
0.3405 0.534784
0.3415 0.539973
0.3425 0.545141
0.3435 0.550288
0.3445 0.555412
0.3455 0.560515
0.3465 0.565596
0.3475 0.570654
0.3485 0.57569
0.3495 0.580703
0.3505 0.585693
0.3515 0.59066
0.3525 0.595604
0.3535 0.600524
0.3545 0.605421
0.3555 0.610293
0.3565 0.615142
0.3575 0.619966
0.3585 0.624766
0.3595 0.629541
0.3605 0.634291
0.3615 0.639016
0.3625 0.643716
0.3635 0.648391
0.3645 0.65304
0.3655 0.657663
0.3665 0.66226
0.3675 0.666831
0.3685 0.671376
0.3695 0.675894
0.3705 0.680386
0.3715 0.68485
0.3725 0.689288
0.3735 0.693698
0.3745 0.698082
0.3755 0.702437
0.3765 0.706765
0.3775 0.711065
0.3785 0.715336
0.3795 0.71958
0.3805 0.723795
0.3815 0.727982
0.3825 0.73214
0.3835 0.736268
0.3845 0.740368
0.3855 0.744439
0.3865 0.74848
0.3875 0.752492
0.3885 0.756474
0.3895 0.760426
0.3905 0.764348
0.3915 0.76824
0.3925 0.772102
0.3935 0.775933
0.3945 0.779733
0.3955 0.783503
0.3965 0.787242
0.3975 0.790949
0.3985 0.794626
0.3995 0.798271
0.4005 0.801885
0.4015 0.805466
0.4025 0.809017
0.4035 0.812535
0.4045 0.816021
0.4055 0.819475
0.4065 0.822896
0.4075 0.826285
0.4085 0.829642
0.4095 0.832966
0.4105 0.836256
0.4115 0.839514
0.4125 0.842739
0.4135 0.84593
0.4145 0.849088
0.4155 0.852213
0.4165 0.855303
0.4175 0.85836
0.4185 0.861384
0.4195 0.864373
0.4205 0.867328
0.4215 0.870249
0.4225 0.873135
0.4235 0.875987
0.4245 0.878804
0.4255 0.881587
0.4265 0.884335
0.4275 0.887048
0.4285 0.889726
0.4295 0.892369
0.4305 0.894976
0.4315 0.897549
0.4325 0.900085
0.4335 0.902587
0.4345 0.905052
0.4355 0.907482
0.4365 0.909876
0.4375 0.912235
0.4385 0.914557
0.4395 0.916843
0.4405 0.919093
0.4415 0.921306
0.4425 0.923484
0.4435 0.925624
0.4445 0.927729
0.4455 0.929796
0.4465 0.931827
0.4475 0.933821
0.4485 0.935778
0.4495 0.937699
0.4505 0.939582
0.4515 0.941428
0.4525 0.943237
0.4535 0.945009
0.4545 0.946743
0.4555 0.94844
0.4565 0.9501
0.4575 0.951722
0.4585 0.953307
0.4595 0.954854
0.4605 0.956363
0.4615 0.957835
0.4625 0.959268
0.4635 0.960664
0.4645 0.962022
0.4655 0.963342
0.4665 0.964624
0.4675 0.965867
0.4685 0.967073
0.4695 0.968241
0.4705 0.96937
0.4715 0.970461
0.4725 0.971513
0.4735 0.972528
0.4745 0.973504
0.4755 0.974441
0.4765 0.97534
0.4775 0.976201
0.4785 0.977023
0.4795 0.977806
0.4805 0.978551
0.4815 0.979257
0.4825 0.979925
0.4835 0.980553
0.4845 0.981144
0.4855 0.981695
0.4865 0.982208
0.4875 0.982681
0.4885 0.983116
0.4895 0.983513
0.4905 0.98387
0.4915 0.984189
0.4925 0.984468
0.4935 0.984709
0.4945 0.984911
0.4955 0.985074
0.4965 0.985199
0.4975 0.985284
0.4985 0.98533
0.4995 0.985338
0.5005 0.985306
0.5015 0.985236
0.5025 0.985127
0.5035 0.984979
0.5045 0.984792
0.5055 0.984566
0.5065 0.984301
0.5075 0.983998
0.5085 0.983656
0.5095 0.983274
0.5105 0.982854
0.5115 0.982395
0.5125 0.981898
0.5135 0.981361
0.5145 0.980786
0.5155 0.980172
0.5165 0.97952
0.5175 0.978829
0.5185 0.978099
0.5195 0.97733
0.5205 0.976523
0.5215 0.975678
0.5225 0.974793
0.5235 0.973871
0.5245 0.97291
0.5255 0.97191
0.5265 0.970872
0.5275 0.969796
0.5285 0.968682
0.5295 0.967529
0.5305 0.966338
0.5315 0.965109
0.5325 0.963842
0.5335 0.962537
0.5345 0.961194
0.5355 0.959812
0.5365 0.958393
0.5375 0.956937
0.5385 0.955442
0.5395 0.95391
0.5405 0.952339
0.5415 0.950732
0.5425 0.949087
0.5435 0.947404
0.5445 0.945684
0.5455 0.943927
0.5465 0.942132
0.5475 0.9403
0.5485 0.938431
0.5495 0.936525
0.5505 0.934582
0.5515 0.932603
0.5525 0.930586
0.5535 0.928532
0.5545 0.926442
0.5555 0.924316
0.5565 0.922153
0.5575 0.919953
0.5585 0.917717
0.5595 0.915445
0.5605 0.913137
0.5615 0.910793
0.5625 0.908412
0.5635 0.905996
0.5645 0.903544
0.5655 0.901057
0.5665 0.898534
0.5675 0.895975
0.5685 0.893381
0.5695 0.890752
0.5705 0.888088
0.5715 0.885388
0.5725 0.882654
0.5735 0.879885
0.5745 0.877081
0.5755 0.874242
0.5765 0.871369
0.5775 0.868461
0.5785 0.86552
0.5795 0.862544
0.5805 0.859534
0.5815 0.85649
0.5825 0.853412
0.5835 0.8503
0.5845 0.847155
0.5855 0.843977
0.5865 0.840765
0.5875 0.83752
0.5885 0.834242
0.5895 0.830931
0.5905 0.827587
0.5915 0.824211
0.5925 0.820802
0.5935 0.81736
0.5945 0.813887
0.5955 0.810381
0.5965 0.806843
0.5975 0.803273
0.5985 0.799672
0.5995 0.796039
0.6005 0.792375
0.6015 0.788679
0.6025 0.784952
0.6035 0.781195
0.6045 0.777406
0.6055 0.773587
0.6065 0.769737
0.6075 0.765857
0.6085 0.761946
0.6095 0.758006
0.6105 0.754035
0.6115 0.750035
0.6125 0.746005
0.6135 0.741946
0.6145 0.737857
0.6155 0.73374
0.6165 0.729593
0.6175 0.725417
0.6185 0.721213
0.6195 0.716981
0.6205 0.71272
0.6215 0.708431
0.6225 0.704114
0.6235 0.699769
0.6245 0.695397
0.6255 0.690997
0.6265 0.68657
0.6275 0.682115
0.6285 0.677634
0.6295 0.673126
0.6305 0.668592
0.6315 0.664031
0.6325 0.659444
0.6335 0.654831
0.6345 0.650192
0.6355 0.645527
0.6365 0.640837
0.6375 0.636121
0.6385 0.631381
0.6395 0.626615
0.6405 0.621825
0.6415 0.61701
0.6425 0.612171
0.6435 0.607308
0.6445 0.60242
0.6455 0.597509
0.6465 0.592575
0.6475 0.587617
0.6485 0.582635
0.6495 0.577631
0.6505 0.572604
0.6515 0.567554
0.6525 0.562482
0.6535 0.557388
0.6545 0.552272
0.6555 0.547134
0.6565 0.541974
0.6575 0.536793
0.6585 0.531591
0.6595 0.526367
0.6605 0.521123
0.6615 0.515859
0.6625 0.510574
0.6635 0.505269
0.6645 0.499944
0.6655 0.494599
0.6665 0.489235
0.6675 0.483851
0.6685 0.478448
0.6695 0.473026
0.6705 0.467586
0.6715 0.462127
0.6725 0.45665
0.6735 0.451155
0.6745 0.445642
0.6755 0.440112
0.6765 0.434564
0.6775 0.428999
0.6785 0.423417
0.6795 0.417819
0.6805 0.412204
0.6815 0.406572
0.6825 0.400925
0.6835 0.395261
0.6845 0.389582
0.6855 0.383888
0.6865 0.378179
0.6875 0.372454
0.6885 0.366715
0.6895 0.360962
0.6905 0.355194
0.6915 0.349412
0.6925 0.343617
0.6935 0.337808
0.6945 0.331985
0.6955 0.326149
0.6965 0.320301
0.6975 0.31444
0.6985 0.308566
0.6995 0.302681
0.7005 0.296783
0.7015 0.290874
0.7025 0.284953
0.7035 0.279021
0.7045 0.273077
0.7055 0.267123
0.7065 0.261159
0.7075 0.255184
0.7085 0.249199
0.7095 0.243205
0.7105 0.2372
0.7115 0.231187
0.7125 0.225164
0.7135 0.219132
0.7145 0.213092
0.7155 0.207043
0.7165 0.200986
0.7175 0.194922
0.7185 0.188849
0.7195 0.182769
0.7205 0.176682
0.7215 0.170588
0.7225 0.164487
0.7235 0.158379
0.7245 0.152266
0.7255 0.146146
0.7265 0.140021
0.7275 0.13389
0.7285 0.127753
0.7295 0.121612
0.7305 0.115466
0.7315 0.109315
0.7325 0.10316
0.7335 0.0970013
0.7345 0.0908384
0.7355 0.084672
0.7365 0.0785022
0.7375 0.0723293
0.7385 0.0661535
0.7395 0.0599751
0.7405 0.0537944
0.7415 0.0476115
0.7425 0.0414268
0.7435 0.0352404
0.7445 0.0290527
0.7455 0.0228637
0.7465 0.0166739
0.7475 0.0104835
0.7485 0.00429256
0.7495 -0.00189849
0.7505 -0.00808948
0.7515 -0.0142801
0.7525 -0.0204702
0.7535 -0.0266595
0.7545 -0.0328478
0.7555 -0.0390347
0.7565 -0.0452201
0.7575 -0.0514037
0.7585 -0.0575853
0.7595 -0.0637646
0.7605 -0.0699414
0.7615 -0.0761155
0.7625 -0.0822865
0.7635 -0.0884543
0.7645 -0.0946186
0.7655 -0.100779
0.7665 -0.106936
0.7675 -0.113088
0.7685 -0.119236
0.7695 -0.125379
0.7705 -0.131517
0.7715 -0.13765
0.7725 -0.143778
0.7735 -0.1499
0.7745 -0.156016
0.7755 -0.162126
0.7765 -0.168229
0.7775 -0.174326
0.7785 -0.180416
0.7795 -0.186499
0.7805 -0.192574
0.7815 -0.198642
0.7825 -0.204702
0.7835 -0.210754
0.7845 -0.216798
0.7855 -0.222833
0.7865 -0.228859
0.7875 -0.234876
0.7885 -0.240884
0.7895 -0.246882
0.7905 -0.252871
0.7915 -0.25885
0.7925 -0.264818
0.7935 -0.270776
0.7945 -0.276724
0.7955 -0.28266
0.7965 -0.288585
0.7975 -0.294499
0.7985 -0.300401
0.7995 -0.306292
0.8005 -0.31217
0.8015 -0.318036
0.8025 -0.323889
0.8035 -0.32973
0.8045 -0.335558
0.8055 -0.341372
0.8065 -0.347173
0.8075 -0.35296
0.8085 -0.358733
0.8095 -0.364492
0.8105 -0.370237
0.8115 -0.375967
0.8125 -0.381682
0.8135 -0.387382
0.8145 -0.393067
0.8155 -0.398737
0.8165 -0.40439
0.8175 -0.410028
0.8185 -0.415649
0.8195 -0.421254
0.8205 -0.426843
0.8215 -0.432414
0.8225 -0.437969
0.8235 -0.443506
0.8245 -0.449026
0.8255 -0.454528
0.8265 -0.460012
0.8275 -0.465477
0.8285 -0.470925
0.8295 -0.476354
0.8305 -0.481764
0.8315 -0.487155
0.8325 -0.492527
0.8335 -0.497879
0.8345 -0.503212
0.8355 -0.508525
0.8365 -0.513818
0.8375 -0.51909
0.8385 -0.524342
0.8395 -0.529573
0.8405 -0.534784
0.8415 -0.539973
0.8425 -0.545141
0.8435 -0.550288
0.8445 -0.555412
0.8455 -0.560515
0.8465 -0.565596
0.8475 -0.570654
0.8485 -0.57569
0.8495 -0.580703
0.8505 -0.585693
0.8515 -0.59066
0.8525 -0.595604
0.8535 -0.600524
0.8545 -0.605421
0.8555 -0.610293
0.8565 -0.615142
0.8575 -0.619966
0.8585 -0.624766
0.8595 -0.629541
0.8605 -0.634291
0.8615 -0.639016
0.8625 -0.643716
0.8635 -0.648391
0.8645 -0.65304
0.8655 -0.657663
0.8665 -0.66226
0.8675 -0.666831
0.8685 -0.671376
0.8695 -0.675894
0.8705 -0.680386
0.8715 -0.68485
0.8725 -0.689288
0.8735 -0.693698
0.8745 -0.698082
0.8755 -0.702437
0.8765 -0.706765
0.8775 -0.711065
0.8785 -0.715336
0.8795 -0.71958
0.8805 -0.723795
0.8815 -0.727982
0.8825 -0.73214
0.8835 -0.736268
0.8845 -0.740368
0.8855 -0.744439
0.8865 -0.74848
0.8875 -0.752492
0.8885 -0.756474
0.8895 -0.760426
0.8905 -0.764348
0.8915 -0.76824
0.8925 -0.772102
0.8935 -0.775933
0.8945 -0.779733
0.8955 -0.783503
0.8965 -0.787242
0.8975 -0.790949
0.8985 -0.794626
0.8995 -0.798271
0.9005 -0.801885
0.9015 -0.805466
0.9025 -0.809017
0.9035 -0.812535
0.9045 -0.816021
0.9055 -0.819475
0.9065 -0.822896
0.9075 -0.826285
0.9085 -0.829642
0.9095 -0.832966
0.9105 -0.836256
0.9115 -0.839514
0.9125 -0.842739
0.9135 -0.84593
0.9145 -0.849088
0.9155 -0.852213
0.9165 -0.855303
0.9175 -0.85836
0.9185 -0.861384
0.9195 -0.864373
0.9205 -0.867328
0.9215 -0.870249
0.9225 -0.873135
0.9235 -0.875987
0.9245 -0.878804
0.9255 -0.881587
0.9265 -0.884335
0.9275 -0.887048
0.9285 -0.889726
0.9295 -0.892369
0.9305 -0.894976
0.9315 -0.897549
0.9325 -0.900085
0.9335 -0.902587
0.9345 -0.905052
0.9355 -0.907482
0.9365 -0.909876
0.9375 -0.912235
0.9385 -0.914557
0.9395 -0.916843
0.9405 -0.919093
0.9415 -0.921306
0.9425 -0.923484
0.9435 -0.925624
0.9445 -0.927729
0.9455 -0.929796
0.9465 -0.931827
0.9475 -0.933821
0.9485 -0.935778
0.9495 -0.937699
0.9505 -0.939582
0.9515 -0.941428
0.9525 -0.943237
0.9535 -0.945009
0.9545 -0.946743
0.9555 -0.94844
0.9565 -0.9501
0.9575 -0.951722
0.9585 -0.953307
0.9595 -0.954854
0.9605 -0.956363
0.9615 -0.957835
0.9625 -0.959268
0.9635 -0.960664
0.9645 -0.962022
0.9655 -0.963342
0.9665 -0.964624
0.9675 -0.965867
0.9685 -0.967073
0.9695 -0.968241
0.9705 -0.96937
0.9715 -0.970461
0.9725 -0.971513
0.9735 -0.972528
0.9745 -0.973504
0.9755 -0.974441
0.9765 -0.97534
0.9775 -0.976201
0.9785 -0.977023
0.9795 -0.977806
0.9805 -0.978551
0.9815 -0.979257
0.9825 -0.979925
0.9835 -0.980553
0.9845 -0.981144
0.9855 -0.981695
0.9865 -0.982208
0.9875 -0.982681
0.9885 -0.983116
0.9895 -0.983513
0.9905 -0.98387
0.9915 -0.984189
0.9925 -0.984468
0.9935 -0.984709
0.9945 -0.984911
0.9955 -0.985074
0.9965 -0.985199
0.9975 -0.985284
0.9985 -0.98533
0.9995 -0.985338
