
# time = 0.2496
0.0005 -0.696981
0.0015 -0.692527
0.0025 -0.688045
0.0035 -0.683535
0.0045 -0.678999
0.0055 -0.674436
0.0065 -0.669847
0.0075 -0.665231
0.0085 -0.660588
0.0095 -0.65592
0.0105 -0.651226
0.0115 -0.646506
0.0125 -0.64176
0.0135 -0.636989
0.0145 -0.632193
0.0155 -0.627372
0.0165 -0.622526
0.0175 -0.617656
0.0185 -0.612761
0.0195 -0.607843
0.0205 -0.6029
0.0215 -0.597933
0.0225 -0.592943
0.0235 -0.587929
0.0245 -0.582892
0.0255 -0.577832
0.0265 -0.572749
0.0275 -0.567644
0.0285 -0.562516
0.0295 -0.557366
0.0305 -0.552194
0.0315 -0.547001
0.0325 -0.541785
0.0335 -0.536549
0.0345 -0.531291
0.0355 -0.526012
0.0365 -0.520712
0.0375 -0.515392
0.0385 -0.510051
0.0395 -0.504691
0.0405 -0.49931
0.0415 -0.49391
0.0425 -0.48849
0.0435 -0.483051
0.0445 -0.477592
0.0455 -0.472115
0.0465 -0.46662
0.0475 -0.461106
0.0485 -0.455573
0.0495 -0.450023
0.0505 -0.444455
0.0515 -0.438869
0.0525 -0.433266
0.0535 -0.427646
0.0545 -0.422009
0.0555 -0.416356
0.0565 -0.410686
0.0575 -0.405
0.0585 -0.399297
0.0595 -0.393579
0.0605 -0.387846
0.0615 -0.382097
0.0625 -0.376333
0.0635 -0.370554
0.0645 -0.364761
0.0655 -0.358953
0.0665 -0.353131
0.0675 -0.347295
0.0685 -0.341446
0.0695 -0.335582
0.0705 -0.329706
0.0715 -0.323817
0.0725 -0.317915
0.0735 -0.312
0.0745 -0.306073
0.0755 -0.300134
0.0765 -0.294183
0.0775 -0.28822
0.0785 -0.282246
0.0795 -0.276261
0.0805 -0.270265
0.0815 -0.264258
0.0825 -0.258241
0.0835 -0.252214
0.0845 -0.246177
0.0855 -0.24013
0.0865 -0.234073
0.0875 -0.228008
0.0885 -0.221933
0.0895 -0.21585
0.0905 -0.209758
0.0915 -0.203657
0.0925 -0.197549
0.0935 -0.191433
0.0945 -0.185309
0.0955 -0.179178
0.0965 -0.17304
0.0975 -0.166895
0.0985 -0.160744
0.0995 -0.154586
0.1005 -0.148422
0.1015 -0.142252
0.1025 -0.136077
0.1035 -0.129896
0.1045 -0.12371
0.1055 -0.11752
0.1065 -0.111324
0.1075 -0.105124
0.1085 -0.0989205
0.1095 -0.0927126
0.1105 -0.0865011
0.1115 -0.0802862
0.1125 -0.0740681
0.1135 -0.067847
0.1145 -0.0616233
0.1155 -0.0553972
0.1165 -0.0491689
0.1175 -0.0429386
0.1185 -0.0367066
0.1195 -0.0304732
0.1205 -0.0242386
0.1215 -0.018003
0.1225 -0.0117667
0.1235 -0.00553
0.1245 0.000706971
0.1255 0.00694391
0.1265 0.0131806
0.1275 0.0194167
0.1285 0.0256521
0.1295 0.0318865
0.1305 0.0381196
0.1315 0.0443512
0.1325 0.050581
0.1335 0.0568089
0.1345 0.0630345
0.1355 0.0692576
0.1365 0.075478
0.1375 0.0816954
0.1385 0.0879096
0.1395 0.0941203
0.1405 0.100327
0.1415 0.10653
0.1425 0.112729
0.1435 0.118924
0.1445 0.125113
0.1455 0.131298
0.1465 0.137478
0.1475 0.143652
0.1485 0.14982
0.1495 0.155983
0.1505 0.162139
0.1515 0.168289
0.1525 0.174432
0.1535 0.180569
0.1545 0.186698
0.1555 0.19282
0.1565 0.198935
0.1575 0.205041
0.1585 0.211139
0.1595 0.217229
0.1605 0.223311
0.1615 0.229384
0.1625 0.235447
0.1635 0.241502
0.1645 0.247546
0.1655 0.253581
0.1665 0.259606
0.1675 0.265621
0.1685 0.271625
0.1695 0.277619
0.1705 0.283602
0.1715 0.289573
0.1725 0.295533
0.1735 0.301481
0.1745 0.307418
0.1755 0.313342
0.1765 0.319254
0.1775 0.325153
0.1785 0.331039
0.1795 0.336913
0.1805 0.342773
0.1815 0.348619
0.1825 0.354452
0.1835 0.360271
0.1845 0.366076
0.1855 0.371866
0.1865 0.377641
0.1875 0.383402
0.1885 0.389147
0.1895 0.394877
0.1905 0.400591
0.1915 0.40629
0.1925 0.411973
0.1935 0.417639
0.1945 0.423289
0.1955 0.428922
0.1965 0.434538
0.1975 0.440137
0.1985 0.445719
0.1995 0.451283
0.2005 0.456829
0.2015 0.462357
0.2025 0.467867
0.2035 0.473359
0.2045 0.478832
0.2055 0.484285
0.2065 0.48972
0.2075 0.495136
0.2085 0.500532
0.2095 0.505908
0.2105 0.511264
0.2115 0.5166
0.2125 0.521915
0.2135 0.52721
0.2145 0.532485
0.2155 0.537738
0.2165 0.54297
0.2175 0.54818
0.2185 0.553369
0.2195 0.558536
0.2205 0.563681
0.2215 0.568803
0.2225 0.573904
0.2235 0.578981
0.2245 0.584036
0.2255 0.589068
0.2265 0.594076
0.2275 0.599061
0.2285 0.604022
0.2295 0.60896
0.2305 0.613873
0.2315 0.618762
0.2325 0.623627
0.2335 0.628467
0.2345 0.633283
0.2355 0.638073
0.2365 0.642838
0.2375 0.647578
0.2385 0.652292
0.2395 0.65698
0.2405 0.661643
0.2415 0.666279
0.2425 0.670889
0.2435 0.675473
0.2445 0.68003
0.2455 0.68456
0.2465 0.689063
0.2475 0.693539
0.2485 0.697987
0.2495 0.702408
0.2505 0.706801
0.2515 0.711167
0.2525 0.715504
0.2535 0.719813
0.2545 0.724093
0.2555 0.728345
0.2565 0.732569
0.2575 0.736763
0.2585 0.740928
0.2595 0.745064
0.2605 0.749171
0.2615 0.753248
0.2625 0.757295
0.2635 0.761312
0.2645 0.765299
0.2655 0.769256
0.2665 0.773183
0.2675 0.777079
0.2685 0.780945
0.2695 0.784779
0.2705 0.788583
0.2715 0.792356
0.2725 0.796097
0.2735 0.799807
0.2745 0.803485
0.2755 0.807131
0.2765 0.810746
0.2775 0.814329
0.2785 0.817879
0.2795 0.821398
0.2805 0.824883
0.2815 0.828337
0.2825 0.831757
0.2835 0.835145
0.2845 0.8385
0.2855 0.841821
0.2865 0.84511
0.2875 0.848365
0.2885 0.851586
0.2895 0.854774
0.2905 0.857928
0.2915 0.861049
0.2925 0.864135
0.2935 0.867187
0.2945 0.870205
0.2955 0.873189
0.2965 0.876138
0.2975 0.879052
0.2985 0.881932
0.2995 0.884777
0.3005 0.887587
0.3015 0.890362
0.3025 0.893102
0.3035 0.895807
0.3045 0.898476
0.3055 0.90111
0.3065 0.903708
0.3075 0.906271
0.3085 0.908797
0.3095 0.911288
0.3105 0.913743
0.3115 0.916162
0.3125 0.918545
0.3135 0.920891
0.3145 0.923201
0.3155 0.925475
0.3165 0.927712
0.3175 0.929913
0.3185 0.932076
0.3195 0.934203
0.3205 0.936293
0.3215 0.938346
0.3225 0.940362
0.3235 0.942341
0.3245 0.944283
0.3255 0.946188
0.3265 0.948055
0.3275 0.949884
0.3285 0.951677
0.3295 0.953431
0.3305 0.955148
0.3315 0.956827
0.3325 0.958469
0.3335 0.960073
0.3345 0.961638
0.3355 0.963166
0.3365 0.964656
0.3375 0.966108
0.3385 0.967521
0.3395 0.968896
0.3405 0.970233
0.3415 0.971532
0.3425 0.972793
0.3435 0.974015
0.3445 0.975198
0.3455 0.976343
0.3465 0.97745
0.3475 0.978518
0.3485 0.979547
0.3495 0.980538
0.3505 0.98149
0.3515 0.982403
0.3525 0.983277
0.3535 0.984113
0.3545 0.98491
0.3555 0.985667
0.3565 0.986386
0.3575 0.987066
0.3585 0.987707
0.3595 0.988309
0.3605 0.988873
0.3615 0.989396
0.3625 0.989881
0.3635 0.990327
0.3645 0.990734
0.3655 0.991102
0.3665 0.99143
0.3675 0.991719
0.3685 0.99197
0.3695 0.992181
0.3705 0.992353
0.3715 0.992485
0.3725 0.992579
0.3735 0.992633
0.3745 0.992648
0.3755 0.992624
0.3765 0.992561
0.3775 0.992459
0.3785 0.992317
0.3795 0.992136
0.3805 0.991916
0.3815 0.991657
0.3825 0.991359
0.3835 0.991022
0.3845 0.990645
0.3855 0.99023
0.3865 0.989775
0.3875 0.989281
0.3885 0.988748
0.3895 0.988176
0.3905 0.987566
0.3915 0.986916
0.3925 0.986227
0.3935 0.985499
0.3945 0.984732
0.3955 0.983927
0.3965 0.983083
0.3975 0.982199
0.3985 0.981277
0.3995 0.980317
0.4005 0.979317
0.4015 0.978279
0.4025 0.977202
0.4035 0.976087
0.4045 0.974933
0.4055 0.973741
0.4065 0.97251
0.4075 0.971241
0.4085 0.969934
0.4095 0.968588
0.4105 0.967204
0.4115 0.965782
0.4125 0.964321
0.4135 0.962823
0.4145 0.961287
0.4155 0.959712
0.4165 0.9581
0.4175 0.95645
0.4185 0.954762
0.4195 0.953037
0.4205 0.951274
0.4215 0.949473
0.4225 0.947635
0.4235 0.945759
0.4245 0.943846
0.4255 0.941896
0.4265 0.939909
0.4275 0.937884
0.4285 0.935823
0.4295 0.933724
0.4305 0.931589
0.4315 0.929417
0.4325 0.927208
0.4335 0.924963
0.4345 0.922681
0.4355 0.920363
0.4365 0.918008
0.4375 0.915617
0.4385 0.91319
0.4395 0.910727
0.4405 0.908228
0.4415 0.905693
0.4425 0.903122
0.4435 0.900516
0.4445 0.897874
0.4455 0.895197
0.4465 0.892484
0.4475 0.889736
0.4485 0.886953
0.4495 0.884135
0.4505 0.881282
0.4515 0.878395
0.4525 0.875472
0.4535 0.872515
0.4545 0.869524
0.4555 0.866498
0.4565 0.863438
0.4575 0.860344
0.4585 0.857216
0.4595 0.854054
0.4605 0.850859
0.4615 0.84763
0.4625 0.844367
0.4635 0.841071
0.4645 0.837742
0.4655 0.83438
0.4665 0.830985
0.4675 0.827557
0.4685 0.824096
0.4695 0.820603
0.4705 0.817077
0.4715 0.813519
0.4725 0.809929
0.4735 0.806308
0.4745 0.802654
0.4755 0.798968
0.4765 0.795251
0.4775 0.791503
0.4785 0.787723
0.4795 0.783913
0.4805 0.780071
0.4815 0.776199
0.4825 0.772296
0.4835 0.768362
0.4845 0.764398
0.4855 0.760404
0.4865 0.75638
0.4875 0.752326
0.4885 0.748242
0.4895 0.744129
0.4905 0.739986
0.4915 0.735815
0.4925 0.731614
0.4935 0.727384
0.4945 0.723126
0.4955 0.718839
0.4965 0.714523
0.4975 0.71018
0.4985 0.705808
0.4995 0.701408
0.5005 0.696981
0.5015 0.692527
0.5025 0.688045
0.5035 0.683535
0.5045 0.678999
0.5055 0.674436
0.5065 0.669847
0.5075 0.665231
0.5085 0.660588
0.5095 0.65592
0.5105 0.651226
0.5115 0.646506
0.5125 0.64176
0.5135 0.636989
0.5145 0.632193
0.5155 0.627372
0.5165 0.622526
0.5175 0.617656
0.5185 0.612761
0.5195 0.607843
0.5205 0.6029
0.5215 0.597933
0.5225 0.592943
0.5235 0.587929
0.5245 0.582892
0.5255 0.577832
0.5265 0.572749
0.5275 0.567644
0.5285 0.562516
0.5295 0.557366
0.5305 0.552194
0.5315 0.547001
0.5325 0.541785
0.5335 0.536549
0.5345 0.531291
0.5355 0.526012
0.5365 0.520712
0.5375 0.515392
0.5385 0.510051
0.5395 0.504691
0.5405 0.49931
0.5415 0.49391
0.5425 0.48849
0.5435 0.483051
0.5445 0.477592
0.5455 0.472115
0.5465 0.46662
0.5475 0.461106
0.5485 0.455573
0.5495 0.450023
0.5505 0.444455
0.5515 0.438869
0.5525 0.433266
0.5535 0.427646
0.5545 0.422009
0.5555 0.416356
0.5565 0.410686
0.5575 0.405
0.5585 0.399297
0.5595 0.393579
0.5605 0.387846
0.5615 0.382097
0.5625 0.376333
0.5635 0.370554
0.5645 0.364761
0.5655 0.358953
0.5665 0.353131
0.5675 0.347295
0.5685 0.341446
0.5695 0.335582
0.5705 0.329706
0.5715 0.323817
0.5725 0.317915
0.5735 0.312
0.5745 0.306073
0.5755 0.300134
0.5765 0.294183
0.5775 0.28822
0.5785 0.282246
0.5795 0.276261
0.5805 0.270265
0.5815 0.264258
0.5825 0.258241
0.5835 0.252214
0.5845 0.246177
0.5855 0.24013
0.5865 0.234073
0.5875 0.228008
0.5885 0.221933
0.5895 0.21585
0.5905 0.209758
0.5915 0.203657
0.5925 0.197549
0.5935 0.191433
0.5945 0.185309
0.5955 0.179178
0.5965 0.17304
0.5975 0.166895
0.5985 0.160744
0.5995 0.154586
0.6005 0.148422
0.6015 0.142252
0.6025 0.136077
0.6035 0.129896
0.6045 0.12371
0.6055 0.11752
0.6065 0.111324
0.6075 0.105124
0.6085 0.0989205
0.6095 0.0927126
0.6105 0.0865011
0.6115 0.0802862
0.6125 0.0740681
0.6135 0.067847
0.6145 0.0616233
0.6155 0.0553972
0.6165 0.0491689
0.6175 0.0429386
0.6185 0.0367066
0.6195 0.0304732
0.6205 0.0242386
0.6215 0.018003
0.6225 0.0117667
0.6235 0.00553
0.6245 -0.000706971
0.6255 -0.00694391
0.6265 -0.0131806
0.6275 -0.0194167
0.6285 -0.0256521
0.6295 -0.0318865
0.6305 -0.0381196
0.6315 -0.0443512
0.6325 -0.050581
0.6335 -0.0568089
0.6345 -0.0630345
0.6355 -0.0692576
0.6365 -0.075478
0.6375 -0.0816954
0.6385 -0.0879096
0.6395 -0.0941203
0.6405 -0.100327
0.6415 -0.10653
0.6425 -0.112729
0.6435 -0.118924
0.6445 -0.125113
0.6455 -0.131298
0.6465 -0.137478
0.6475 -0.143652
0.6485 -0.14982
0.6495 -0.155983
0.6505 -0.162139
0.6515 -0.168289
0.6525 -0.174432
0.6535 -0.180569
0.6545 -0.186698
0.6555 -0.19282
0.6565 -0.198935
0.6575 -0.205041
0.6585 -0.211139
0.6595 -0.217229
0.6605 -0.223311
0.6615 -0.229384
0.6625 -0.235447
0.6635 -0.241502
0.6645 -0.247546
0.6655 -0.253581
0.6665 -0.259606
0.6675 -0.265621
0.6685 -0.271625
0.6695 -0.277619
0.6705 -0.283602
0.6715 -0.289573
0.6725 -0.295533
0.6735 -0.301481
0.6745 -0.307418
0.6755 -0.313342
0.6765 -0.319254
0.6775 -0.325153
0.6785 -0.331039
0.6795 -0.336913
0.6805 -0.342773
0.6815 -0.348619
0.6825 -0.354452
0.6835 -0.360271
0.6845 -0.366076
0.6855 -0.371866
0.6865 -0.377641
0.6875 -0.383402
0.6885 -0.389147
0.6895 -0.394877
0.6905 -0.400591
0.6915 -0.40629
0.6925 -0.411973
0.6935 -0.417639
0.6945 -0.423289
0.6955 -0.428922
0.6965 -0.434538
0.6975 -0.440137
0.6985 -0.445719
0.6995 -0.451283
0.7005 -0.456829
0.7015 -0.462357
0.7025 -0.467867
0.7035 -0.473359
0.7045 -0.478832
0.7055 -0.484285
0.7065 -0.48972
0.7075 -0.495136
0.7085 -0.500532
0.7095 -0.505908
0.7105 -0.511264
0.7115 -0.5166
0.7125 -0.521915
0.7135 -0.52721
0.7145 -0.532485
0.7155 -0.537738
0.7165 -0.54297
0.7175 -0.54818
0.7185 -0.553369
0.7195 -0.558536
0.7205 -0.563681
0.7215 -0.568803
0.7225 -0.573904
0.7235 -0.578981
0.7245 -0.584036
0.7255 -0.589068
0.7265 -0.594076
0.7275 -0.599061
0.7285 -0.604022
0.7295 -0.60896
0.7305 -0.613873
0.7315 -0.618762
0.7325 -0.623627
0.7335 -0.628467
0.7345 -0.633283
0.7355 -0.638073
0.7365 -0.642838
0.7375 -0.647578
0.7385 -0.652292
0.7395 -0.65698
0.7405 -0.661643
0.7415 -0.666279
0.7425 -0.670889
0.7435 -0.675473
0.7445 -0.68003
0.7455 -0.68456
0.7465 -0.689063
0.7475 -0.693539
0.7485 -0.697987
0.7495 -0.702408
0.7505 -0.706801
0.7515 -0.711167
0.7525 -0.715504
0.7535 -0.719813
0.7545 -0.724093
0.7555 -0.728345
0.7565 -0.732569
0.7575 -0.736763
0.7585 -0.740928
0.7595 -0.745064
0.7605 -0.749171
0.7615 -0.753248
0.7625 -0.757295
0.7635 -0.761312
0.7645 -0.765299
0.7655 -0.769256
0.7665 -0.773183
0.7675 -0.777079
0.7685 -0.780945
0.7695 -0.784779
0.7705 -0.788583
0.7715 -0.792356
0.7725 -0.796097
0.7735 -0.799807
0.7745 -0.803485
0.7755 -0.807131
0.7765 -0.810746
0.7775 -0.814329
0.7785 -0.817879
0.7795 -0.821398
0.7805 -0.824883
0.7815 -0.828337
0.7825 -0.831757
0.7835 -0.835145
0.7845 -0.8385
0.7855 -0.841821
0.7865 -0.84511
0.7875 -0.848365
0.7885 -0.851586
0.7895 -0.854774
0.7905 -0.857928
0.7915 -0.861049
0.7925 -0.864135
0.7935 -0.867187
0.7945 -0.870205
0.7955 -0.873189
0.7965 -0.876138
0.7975 -0.879052
0.7985 -0.881932
0.7995 -0.884777
0.8005 -0.887587
0.8015 -0.890362
0.8025 -0.893102
0.8035 -0.895807
0.8045 -0.898476
0.8055 -0.90111
0.8065 -0.903708
0.8075 -0.906271
0.8085 -0.908797
0.8095 -0.911288
0.8105 -0.913743
0.8115 -0.916162
0.8125 -0.918545
0.8135 -0.920891
0.8145 -0.923201
0.8155 -0.925475
0.8165 -0.927712
0.8175 -0.929913
0.8185 -0.932076
0.8195 -0.934203
0.8205 -0.936293
0.8215 -0.938346
0.8225 -0.940362
0.8235 -0.942341
0.8245 -0.944283
0.8255 -0.946188
0.8265 -0.948055
0.8275 -0.949884
0.8285 -0.951677
0.8295 -0.953431
0.8305 -0.955148
0.8315 -0.956827
0.8325 -0.958469
0.8335 -0.960073
0.8345 -0.961638
0.8355 -0.963166
0.8365 -0.964656
0.8375 -0.966108
0.8385 -0.967521
0.8395 -0.968896
0.8405 -0.970233
0.8415 -0.971532
0.8425 -0.972793
0.8435 -0.974015
0.8445 -0.975198
0.8455 -0.976343
0.8465 -0.97745
0.8475 -0.978518
0.8485 -0.979547
0.8495 -0.980538
0.8505 -0.98149
0.8515 -0.982403
0.8525 -0.983277
0.8535 -0.984113
0.8545 -0.98491
0.8555 -0.985667
0.8565 -0.986386
0.8575 -0.987066
0.8585 -0.987707
0.8595 -0.988309
0.8605 -0.988873
0.8615 -0.989396
0.8625 -0.989881
0.8635 -0.990327
0.8645 -0.990734
0.8655 -0.991102
0.8665 -0.99143
0.8675 -0.991719
0.8685 -0.99197
0.8695 -0.992181
0.8705 -0.992353
0.8715 -0.992485
0.8725 -0.992579
0.8735 -0.992633
0.8745 -0.992648
0.8755 -0.992624
0.8765 -0.992561
0.8775 -0.992459
0.8785 -0.992317
0.8795 -0.992136
0.8805 -0.991916
0.8815 -0.991657
0.8825 -0.991359
0.8835 -0.991022
0.8845 -0.990645
0.8855 -0.99023
0.8865 -0.989775
0.8875 -0.989281
0.8885 -0.988748
0.8895 -0.988176
0.8905 -0.987566
0.8915 -0.986916
0.8925 -0.986227
0.8935 -0.985499
0.8945 -0.984732
0.8955 -0.983927
0.8965 -0.983083
0.8975 -0.982199
0.8985 -0.981277
0.8995 -0.980317
0.9005 -0.979317
0.9015 -0.978279
0.9025 -0.977202
0.9035 -0.976087
0.9045 -0.974933
0.9055 -0.973741
0.9065 -0.97251
0.9075 -0.971241
0.9085 -0.969934
0.9095 -0.968588
0.9105 -0.967204
0.9115 -0.965782
0.9125 -0.964321
0.9135 -0.962823
0.9145 -0.961287
0.9155 -0.959712
0.9165 -0.9581
0.9175 -0.95645
0.9185 -0.954762
0.9195 -0.953037
0.9205 -0.951274
0.9215 -0.949473
0.9225 -0.947635
0.9235 -0.945759
0.9245 -0.943846
0.9255 -0.941896
0.9265 -0.939909
0.9275 -0.937884
0.9285 -0.935823
0.9295 -0.933724
0.9305 -0.931589
0.9315 -0.929417
0.9325 -0.927208
0.9335 -0.924963
0.9345 -0.922681
0.9355 -0.920363
0.9365 -0.918008
0.9375 -0.915617
0.9385 -0.91319
0.9395 -0.910727
0.9405 -0.908228
0.9415 -0.905693
0.9425 -0.903122
0.9435 -0.900516
0.9445 -0.897874
0.9455 -0.895197
0.9465 -0.892484
0.9475 -0.889736
0.9485 -0.886953
0.9495 -0.884135
0.9505 -0.881282
0.9515 -0.878395
0.9525 -0.875472
0.9535 -0.872515
0.9545 -0.869524
0.9555 -0.866498
0.9565 -0.863438
0.9575 -0.860344
0.9585 -0.857216
0.9595 -0.854054
0.9605 -0.850859
0.9615 -0.84763
0.9625 -0.844367
0.9635 -0.841071
0.9645 -0.837742
0.9655 -0.83438
0.9665 -0.830985
0.9675 -0.827557
0.9685 -0.824096
0.9695 -0.820603
0.9705 -0.817077
0.9715 -0.813519
0.9725 -0.809929
0.9735 -0.806308
0.9745 -0.802654
0.9755 -0.798968
0.9765 -0.795251
0.9775 -0.791503
0.9785 -0.787723
0.9795 -0.783913
0.9805 -0.780071
0.9815 -0.776199
0.9825 -0.772296
0.9835 -0.768362
0.9845 -0.764398
0.9855 -0.760404
0.9865 -0.75638
0.9875 -0.752326
0.9885 -0.748242
0.9895 -0.744129
0.9905 -0.739986
0.9915 -0.735815
0.9925 -0.731614
0.9935 -0.727384
0.9945 -0.723126
0.9955 -0.718839
0.9965 -0.714523
0.9975 -0.71018
0.9985 -0.705808
0.9995 -0.701408
