
# time = 0.9984
0.0005 -0.010329
0.0015 -0.0164287
0.0025 -0.0225277
0.0035 -0.0286258
0.0045 -0.0347228
0.0055 -0.0408184
0.0065 -0.0469124
0.0075 -0.0530045
0.0085 -0.0590946
0.0095 -0.0651823
0.0105 -0.0712674
0.0115 -0.0773498
0.0125 -0.083429
0.0135 -0.089505
0.0145 -0.0955775
0.0155 -0.101646
0.0165 -0.107711
0.0175 -0.113771
0.0185 -0.119827
0.0195 -0.125878
0.0205 -0.131925
0.0215 -0.137966
0.0225 -0.144001
0.0235 -0.150031
0.0245 -0.156055
0.0255 -0.162073
0.0265 -0.168084
0.0275 -0.174089
0.0285 -0.180087
0.0295 -0.186078
0.0305 -0.192061
0.0315 -0.198037
0.0325 -0.204005
0.0335 -0.209965
0.0345 -0.215917
0.0355 -0.22186
0.0365 -0.227794
0.0375 -0.23372
0.0385 -0.239636
0.0395 -0.245543
0.0405 -0.25144
0.0415 -0.257327
0.0425 -0.263204
0.0435 -0.26907
0.0445 -0.274926
0.0455 -0.280771
0.0465 -0.286605
0.0475 -0.292428
0.0485 -0.298239
0.0495 -0.304038
0.0505 -0.309826
0.0515 -0.315601
0.0525 -0.321364
0.0535 -0.327114
0.0545 -0.332851
0.0555 -0.338575
0.0565 -0.344285
0.0575 -0.349982
0.0585 -0.355665
0.0595 -0.361334
0.0605 -0.366989
0.0615 -0.37263
0.0625 -0.378255
0.0635 -0.383866
0.0645 -0.389462
0.0655 -0.395042
0.0665 -0.400606
0.0675 -0.406155
0.0685 -0.411688
0.0695 -0.417204
0.0705 -0.422704
0.0715 -0.428188
0.0725 -0.433654
0.0735 -0.439103
0.0745 -0.444535
0.0755 -0.44995
0.0765 -0.455347
0.0775 -0.460725
0.0785 -0.466086
0.0795 -0.471428
0.0805 -0.476751
0.0815 -0.482056
0.0825 -0.487342
0.0835 -0.492608
0.0845 -0.497855
0.0855 -0.503082
0.0865 -0.50829
0.0875 -0.513477
0.0885 -0.518644
0.0895 -0.523791
0.0905 -0.528917
0.0915 -0.534022
0.0925 -0.539106
0.0935 -0.544168
0.0945 -0.54921
0.0955 -0.554229
0.0965 -0.559227
0.0975 -0.564202
0.0985 -0.569156
0.0995 -0.574087
0.1005 -0.578995
0.1015 -0.58388
0.1025 -0.588742
0.1035 -0.593581
0.1045 -0.598397
0.1055 -0.603189
0.1065 -0.607957
0.1075 -0.612701
0.1085 -0.617421
0.1095 -0.622117
0.1105 -0.626788
0.1115 -0.631434
0.1125 -0.636055
0.1135 -0.640652
0.1145 -0.645222
0.1155 -0.649768
0.1165 -0.654288
0.1175 -0.658782
0.1185 -0.66325
0.1195 -0.667692
0.1205 -0.672107
0.1215 -0.676496
0.1225 -0.680858
0.1235 -0.685193
0.1245 -0.689502
0.1255 -0.693783
0.1265 -0.698036
0.1275 -0.702262
0.1285 -0.706461
0.1295 -0.710631
0.1305 -0.714774
0.1315 -0.718888
0.1325 -0.722974
0.1335 -0.727031
0.1345 -0.73106
0.1355 -0.735059
0.1365 -0.73903
0.1375 -0.742972
0.1385 -0.746884
0.1395 -0.750767
0.1405 -0.75462
0.1415 -0.758443
0.1425 -0.762236
0.1435 -0.766
0.1445 -0.769733
0.1455 -0.773435
0.1465 -0.777107
0.1475 -0.780749
0.1485 -0.784359
0.1495 -0.787939
0.1505 -0.791488
0.1515 -0.795005
0.1525 -0.798491
0.1535 -0.801945
0.1545 -0.805368
0.1555 -0.808759
0.1565 -0.812118
0.1575 -0.815445
0.1585 -0.818739
0.1595 -0.822002
0.1605 -0.825232
0.1615 -0.828429
0.1625 -0.831594
0.1635 -0.834726
0.1645 -0.837824
0.1655 -0.84089
0.1665 -0.843923
0.1675 -0.846922
0.1685 -0.849888
0.1695 -0.85282
0.1705 -0.855719
0.1715 -0.858584
0.1725 -0.861415
0.1735 -0.864212
0.1745 -0.866975
0.1755 -0.869703
0.1765 -0.872398
0.1775 -0.875057
0.1785 -0.877683
0.1795 -0.880273
0.1805 -0.882829
0.1815 -0.88535
0.1825 -0.887836
0.1835 -0.890287
0.1845 -0.892703
0.1855 -0.895084
0.1865 -0.897429
0.1875 -0.899739
0.1885 -0.902014
0.1895 -0.904252
0.1905 -0.906455
0.1915 -0.908623
0.1925 -0.910754
0.1935 -0.912849
0.1945 -0.914909
0.1955 -0.916932
0.1965 -0.918919
0.1975 -0.92087
0.1985 -0.922785
0.1995 -0.924663
0.2005 -0.926504
0.2015 -0.928309
0.2025 -0.930077
0.2035 -0.931809
0.2045 -0.933504
0.2055 -0.935162
0.2065 -0.936783
0.2075 -0.938367
0.2085 -0.939914
0.2095 -0.941424
0.2105 -0.942896
0.2115 -0.944332
0.2125 -0.94573
0.2135 -0.947091
0.2145 -0.948414
0.2155 -0.9497
0.2165 -0.950949
0.2175 -0.95216
0.2185 -0.953333
0.2195 -0.954469
0.2205 -0.955567
0.2215 -0.956628
0.2225 -0.95765
0.2235 -0.958635
0.2245 -0.959582
0.2255 -0.960491
0.2265 -0.961362
0.2275 -0.962196
0.2285 -0.962991
0.2295 -0.963748
0.2305 -0.964467
0.2315 -0.965148
0.2325 -0.965791
0.2335 -0.966396
0.2345 -0.966963
0.2355 -0.967491
0.2365 -0.967982
0.2375 -0.968434
0.2385 -0.968848
0.2395 -0.969223
0.2405 -0.969561
0.2415 -0.96986
0.2425 -0.970121
0.2435 -0.970343
0.2445 -0.970527
0.2455 -0.970673
0.2465 -0.970781
0.2475 -0.97085
0.2485 -0.970881
0.2495 -0.970874
0.2505 -0.970828
0.2515 -0.970744
0.2525 -0.970621
0.2535 -0.970461
0.2545 -0.970262
0.2555 -0.970024
0.2565 -0.969749
0.2575 -0.969435
0.2585 -0.969083
0.2595 -0.968692
0.2605 -0.968264
0.2615 -0.967797
0.2625 -0.967292
0.2635 -0.966748
0.2645 -0.966167
0.2655 -0.965547
0.2665 -0.96489
0.2675 -0.964194
0.2685 -0.96346
0.2695 -0.962688
0.2705 -0.961878
0.2715 -0.96103
0.2725 -0.960144
0.2735 -0.959221
0.2745 -0.958259
0.2755 -0.95726
0.2765 -0.956222
0.2775 -0.955147
0.2785 -0.954035
0.2795 -0.952884
0.2805 -0.951696
0.2815 -0.950471
0.2825 -0.949208
0.2835 -0.947907
0.2845 -0.946569
0.2855 -0.945194
0.2865 -0.943781
0.2875 -0.942332
0.2885 -0.940844
0.2895 -0.93932
0.2905 -0.937759
0.2915 -0.936161
0.2925 -0.934525
0.2935 -0.932853
0.2945 -0.931144
0.2955 -0.929398
0.2965 -0.927616
0.2975 -0.925797
0.2985 -0.923941
0.2995 -0.922049
0.3005 -0.92012
0.3015 -0.918156
0.3025 -0.916154
0.3035 -0.914117
0.3045 -0.912044
0.3055 -0.909934
0.3065 -0.907789
0.3075 -0.905608
0.3085 -0.903391
0.3095 -0.901139
0.3105 -0.898851
0.3115 -0.896527
0.3125 -0.894168
0.3135 -0.891774
0.3145 -0.889344
0.3155 -0.88688
0.3165 -0.88438
0.3175 -0.881846
0.3185 -0.879276
0.3195 -0.876672
0.3205 -0.874033
0.3215 -0.87136
0.3225 -0.868653
0.3235 -0.865911
0.3245 -0.863135
0.3255 -0.860325
0.3265 -0.857481
0.3275 -0.854603
0.3285 -0.851691
0.3295 -0.848746
0.3305 -0.845767
0.3315 -0.842755
0.3325 -0.839709
0.3335 -0.836631
0.3345 -0.833519
0.3355 -0.830374
0.3365 -0.827197
0.3375 -0.823987
0.3385 -0.820745
0.3395 -0.81747
0.3405 -0.814163
0.3415 -0.810823
0.3425 -0.807452
0.3435 -0.804049
0.3445 -0.800614
0.3455 -0.797147
0.3465 -0.793649
0.3475 -0.79012
0.3485 -0.786559
0.3495 -0.782968
0.3505 -0.779345
0.3515 -0.775692
0.3525 -0.772008
0.3535 -0.768293
0.3545 -0.764549
0.3555 -0.760774
0.3565 -0.756969
0.3575 -0.753134
0.3585 -0.749269
0.3595 -0.745375
0.3605 -0.741452
0.3615 -0.737499
0.3625 -0.733517
0.3635 -0.729506
0.3645 -0.725466
0.3655 -0.721398
0.3665 -0.717301
0.3675 -0.713176
0.3685 -0.709023
0.3695 -0.704842
0.3705 -0.700632
0.3715 -0.696396
0.3725 -0.692131
0.3735 -0.68784
0.3745 -0.683521
0.3755 -0.679175
0.3765 -0.674803
0.3775 -0.670404
0.3785 -0.665978
0.3795 -0.661526
0.3805 -0.657048
0.3815 -0.652544
0.3825 -0.648014
0.3835 -0.643459
0.3845 -0.638878
0.3855 -0.634272
0.3865 -0.629641
0.3875 -0.624985
0.3885 -0.620305
0.3895 -0.6156
0.3905 -0.61087
0.3915 -0.606117
0.3925 -0.60134
0.3935 -0.596538
0.3945 -0.591714
0.3955 -0.586866
0.3965 -0.581995
0.3975 -0.5771
0.3985 -0.572183
0.3995 -0.567244
0.4005 -0.562282
0.4015 -0.557298
0.4025 -0.552292
0.4035 -0.547264
0.4045 -0.542214
0.4055 -0.537143
0.4065 -0.532051
0.4075 -0.526938
0.4085 -0.521804
0.4095 -0.516649
0.4105 -0.511475
0.4115 -0.506279
0.4125 -0.501064
0.4135 -0.495829
0.4145 -0.490575
0.4155 -0.485301
0.4165 -0.480008
0.4175 -0.474696
0.4185 -0.469365
0.4195 -0.464016
0.4205 -0.458649
0.4215 -0.453263
0.4225 -0.447859
0.4235 -0.442438
0.4245 -0.436999
0.4255 -0.431543
0.4265 -0.42607
0.4275 -0.420581
0.4285 -0.415074
0.4295 -0.409551
0.4305 -0.404012
0.4315 -0.398458
0.4325 -0.392887
0.4335 -0.387301
0.4345 -0.381699
0.4355 -0.376083
0.4365 -0.370451
0.4375 -0.364805
0.4385 -0.359145
0.4395 -0.35347
0.4405 -0.347782
0.4415 -0.34208
0.4425 -0.336364
0.4435 -0.330635
0.4445 -0.324893
0.4455 -0.319138
0.4465 -0.31337
0.4475 -0.30759
0.4485 -0.301798
0.4495 -0.295994
0.4505 -0.290179
0.4515 -0.284352
0.4525 -0.278513
0.4535 -0.272664
0.4545 -0.266804
0.4555 -0.260933
0.4565 -0.255053
0.4575 -0.249162
0.4585 -0.243261
0.4595 -0.23735
0.4605 -0.231431
0.4615 -0.225502
0.4625 -0.219564
0.4635 -0.213617
0.4645 -0.207662
0.4655 -0.201699
0.4665 -0.195728
0.4675 -0.189749
0.4685 -0.183763
0.4695 -0.17777
0.4705 -0.171769
0.4715 -0.165762
0.4725 -0.159748
0.4735 -0.153727
0.4745 -0.147701
0.4755 -0.141669
0.4765 -0.135631
0.4775 -0.129588
0.4785 -0.12354
0.4795 -0.117487
0.4805 -0.111429
0.4815 -0.105367
0.4825 -0.0993011
0.4835 -0.0932309
0.4845 -0.0871571
0.4855 -0.0810798
0.4865 -0.0749993
0.4875 -0.0689159
0.4885 -0.0628297
0.4895 -0.056741
0.4905 -0.0506501
0.4915 -0.0445573
0.4925 -0.0384626
0.4935 -0.0323664
0.4945 -0.026269
0.4955 -0.0201705
0.4965 -0.0140712
0.4975 -0.0079714
0.4985 -0.00187126
0.4995 0.00422897
0.5005 0.010329
0.5015 0.0164287
0.5025 0.0225277
0.5035 0.0286258
0.5045 0.0347228
0.5055 0.0408184
0.5065 0.0469124
0.5075 0.0530045
0.5085 0.0590946
0.5095 0.0651823
0.5105 0.0712674
0.5115 0.0773498
0.5125 0.083429
0.5135 0.089505
0.5145 0.0955775
0.5155 0.101646
0.5165 0.107711
0.5175 0.113771
0.5185 0.119827
0.5195 0.125878
0.5205 0.131925
0.5215 0.137966
0.5225 0.144001
0.5235 0.150031
0.5245 0.156055
0.5255 0.162073
0.5265 0.168084
0.5275 0.174089
0.5285 0.180087
0.5295 0.186078
0.5305 0.192061
0.5315 0.198037
0.5325 0.204005
0.5335 0.209965
0.5345 0.215917
0.5355 0.22186
0.5365 0.227794
0.5375 0.23372
0.5385 0.239636
0.5395 0.245543
0.5405 0.25144
0.5415 0.257327
0.5425 0.263204
0.5435 0.26907
0.5445 0.274926
0.5455 0.280771
0.5465 0.286605
0.5475 0.292428
0.5485 0.298239
0.5495 0.304038
0.5505 0.309826
0.5515 0.315601
0.5525 0.321364
0.5535 0.327114
0.5545 0.332851
0.5555 0.338575
0.5565 0.344285
0.5575 0.349982
0.5585 0.355665
0.5595 0.361334
0.5605 0.366989
0.5615 0.37263
0.5625 0.378255
0.5635 0.383866
0.5645 0.389462
0.5655 0.395042
0.5665 0.400606
0.5675 0.406155
0.5685 0.411688
0.5695 0.417204
0.5705 0.422704
0.5715 0.428188
0.5725 0.433654
0.5735 0.439103
0.5745 0.444535
0.5755 0.44995
0.5765 0.455347
0.5775 0.460725
0.5785 0.466086
0.5795 0.471428
0.5805 0.476751
0.5815 0.482056
0.5825 0.487342
0.5835 0.492608
0.5845 0.497855
0.5855 0.503082
0.5865 0.50829
0.5875 0.513477
0.5885 0.518644
0.5895 0.523791
0.5905 0.528917
0.5915 0.534022
0.5925 0.539106
0.5935 0.544168
0.5945 0.54921
0.5955 0.554229
0.5965 0.559227
0.5975 0.564202
0.5985 0.569156
0.5995 0.574087
0.6005 0.578995
0.6015 0.58388
0.6025 0.588742
0.6035 0.593581
0.6045 0.598397
0.6055 0.603189
0.6065 0.607957
0.6075 0.612701
0.6085 0.617421
0.6095 0.622117
0.6105 0.626788
0.6115 0.631434
0.6125 0.636055
0.6135 0.640652
0.6145 0.645222
0.6155 0.649768
0.6165 0.654288
0.6175 0.658782
0.6185 0.66325
0.6195 0.667692
0.6205 0.672107
0.6215 0.676496
0.6225 0.680858
0.6235 0.685193
0.6245 0.689502
0.6255 0.693783
0.6265 0.698036
0.6275 0.702262
0.6285 0.706461
0.6295 0.710631
0.6305 0.714774
0.6315 0.718888
0.6325 0.722974
0.6335 0.727031
0.6345 0.73106
0.6355 0.735059
0.6365 0.73903
0.6375 0.742972
0.6385 0.746884
0.6395 0.750767
0.6405 0.75462
0.6415 0.758443
0.6425 0.762236
0.6435 0.766
0.6445 0.769733
0.6455 0.773435
0.6465 0.777107
0.6475 0.780749
0.6485 0.784359
0.6495 0.787939
0.6505 0.791488
0.6515 0.795005
0.6525 0.798491
0.6535 0.801945
0.6545 0.805368
0.6555 0.808759
0.6565 0.812118
0.6575 0.815445
0.6585 0.818739
0.6595 0.822002
0.6605 0.825232
0.6615 0.828429
0.6625 0.831594
0.6635 0.834726
0.6645 0.837824
0.6655 0.84089
0.6665 0.843923
0.6675 0.846922
0.6685 0.849888
0.6695 0.85282
0.6705 0.855719
0.6715 0.858584
0.6725 0.861415
0.6735 0.864212
0.6745 0.866975
0.6755 0.869703
0.6765 0.872398
0.6775 0.875057
0.6785 0.877683
0.6795 0.880273
0.6805 0.882829
0.6815 0.88535
0.6825 0.887836
0.6835 0.890287
0.6845 0.892703
0.6855 0.895084
0.6865 0.897429
0.6875 0.899739
0.6885 0.902014
0.6895 0.904252
0.6905 0.906455
0.6915 0.908623
0.6925 0.910754
0.6935 0.912849
0.6945 0.914909
0.6955 0.916932
0.6965 0.918919
0.6975 0.92087
0.6985 0.922785
0.6995 0.924663
0.7005 0.926504
0.7015 0.928309
0.7025 0.930077
0.7035 0.931809
0.7045 0.933504
0.7055 0.935162
0.7065 0.936783
0.7075 0.938367
0.7085 0.939914
0.7095 0.941424
0.7105 0.942896
0.7115 0.944332
0.7125 0.94573
0.7135 0.947091
0.7145 0.948414
0.7155 0.9497
0.7165 0.950949
0.7175 0.95216
0.7185 0.953333
0.7195 0.954469
0.7205 0.955567
0.7215 0.956628
0.7225 0.95765
0.7235 0.958635
0.7245 0.959582
0.7255 0.960491
0.7265 0.961362
0.7275 0.962196
0.7285 0.962991
0.7295 0.963748
0.7305 0.964467
0.7315 0.965148
0.7325 0.965791
0.7335 0.966396
0.7345 0.966963
0.7355 0.967491
0.7365 0.967982
0.7375 0.968434
0.7385 0.968848
0.7395 0.969223
0.7405 0.969561
0.7415 0.96986
0.7425 0.970121
0.7435 0.970343
0.7445 0.970527
0.7455 0.970673
0.7465 0.970781
0.7475 0.97085
0.7485 0.970881
0.7495 0.970874
0.7505 0.970828
0.7515 0.970744
0.7525 0.970621
0.7535 0.970461
0.7545 0.970262
0.7555 0.970024
0.7565 0.969749
0.7575 0.969435
0.7585 0.969083
0.7595 0.968692
0.7605 0.968264
0.7615 0.967797
0.7625 0.967292
0.7635 0.966748
0.7645 0.966167
0.7655 0.965547
0.7665 0.96489
0.7675 0.964194
0.7685 0.96346
0.7695 0.962688
0.7705 0.961878
0.7715 0.96103
0.7725 0.960144
0.7735 0.959221
0.7745 0.958259
0.7755 0.95726
0.7765 0.956222
0.7775 0.955147
0.7785 0.954035
0.7795 0.952884
0.7805 0.951696
0.7815 0.950471
0.7825 0.949208
0.7835 0.947907
0.7845 0.946569
0.7855 0.945194
0.7865 0.943781
0.7875 0.942332
0.7885 0.940844
0.7895 0.93932
0.7905 0.937759
0.7915 0.936161
0.7925 0.934525
0.7935 0.932853
0.7945 0.931144
0.7955 0.929398
0.7965 0.927616
0.7975 0.925797
0.7985 0.923941
0.7995 0.922049
0.8005 0.92012
0.8015 0.918156
0.8025 0.916154
0.8035 0.914117
0.8045 0.912044
0.8055 0.909934
0.8065 0.907789
0.8075 0.905608
0.8085 0.903391
0.8095 0.901139
0.8105 0.898851
0.8115 0.896527
0.8125 0.894168
0.8135 0.891774
0.8145 0.889344
0.8155 0.88688
0.8165 0.88438
0.8175 0.881846
0.8185 0.879276
0.8195 0.876672
0.8205 0.874033
0.8215 0.87136
0.8225 0.868653
0.8235 0.865911
0.8245 0.863135
0.8255 0.860325
0.8265 0.857481
0.8275 0.854603
0.8285 0.851691
0.8295 0.848746
0.8305 0.845767
0.8315 0.842755
0.8325 0.839709
0.8335 0.836631
0.8345 0.833519
0.8355 0.830374
0.8365 0.827197
0.8375 0.823987
0.8385 0.820745
0.8395 0.81747
0.8405 0.814163
0.8415 0.810823
0.8425 0.807452
0.8435 0.804049
0.8445 0.800614
0.8455 0.797147
0.8465 0.793649
0.8475 0.79012
0.8485 0.786559
0.8495 0.782968
0.8505 0.779345
0.8515 0.775692
0.8525 0.772008
0.8535 0.768293
0.8545 0.764549
0.8555 0.760774
0.8565 0.756969
0.8575 0.753134
0.8585 0.749269
0.8595 0.745375
0.8605 0.741452
0.8615 0.737499
0.8625 0.733517
0.8635 0.729506
0.8645 0.725466
0.8655 0.721398
0.8665 0.717301
0.8675 0.713176
0.8685 0.709023
0.8695 0.704842
0.8705 0.700632
0.8715 0.696396
0.8725 0.692131
0.8735 0.68784
0.8745 0.683521
0.8755 0.679175
0.8765 0.674803
0.8775 0.670404
0.8785 0.665978
0.8795 0.661526
0.8805 0.657048
0.8815 0.652544
0.8825 0.648014
0.8835 0.643459
0.8845 0.638878
0.8855 0.634272
0.8865 0.629641
0.8875 0.624985
0.8885 0.620305
0.8895 0.6156
0.8905 0.61087
0.8915 0.606117
0.8925 0.60134
0.8935 0.596538
0.8945 0.591714
0.8955 0.586866
0.8965 0.581995
0.8975 0.5771
0.8985 0.572183
0.8995 0.567244
0.9005 0.562282
0.9015 0.557298
0.9025 0.552292
0.9035 0.547264
0.9045 0.542214
0.9055 0.537143
0.9065 0.532051
0.9075 0.526938
0.9085 0.521804
0.9095 0.516649
0.9105 0.511475
0.9115 0.506279
0.9125 0.501064
0.9135 0.495829
0.9145 0.490575
0.9155 0.485301
0.9165 0.480008
0.9175 0.474696
0.9185 0.469365
0.9195 0.464016
0.9205 0.458649
0.9215 0.453263
0.9225 0.447859
0.9235 0.442438
0.9245 0.436999
0.9255 0.431543
0.9265 0.42607
0.9275 0.420581
0.9285 0.415074
0.9295 0.409551
0.9305 0.404012
0.9315 0.398458
0.9325 0.392887
0.9335 0.387301
0.9345 0.381699
0.9355 0.376083
0.9365 0.370451
0.9375 0.364805
0.9385 0.359145
0.9395 0.35347
0.9405 0.347782
0.9415 0.34208
0.9425 0.336364
0.9435 0.330635
0.9445 0.324893
0.9455 0.319138
0.9465 0.31337
0.9475 0.30759
0.9485 0.301798
0.9495 0.295994
0.9505 0.290179
0.9515 0.284352
0.9525 0.278513
0.9535 0.272664
0.9545 0.266804
0.9555 0.260933
0.9565 0.255053
0.9575 0.249162
0.9585 0.243261
0.9595 0.23735
0.9605 0.231431
0.9615 0.225502
0.9625 0.219564
0.9635 0.213617
0.9645 0.207662
0.9655 0.201699
0.9665 0.195728
0.9675 0.189749
0.9685 0.183763
0.9695 0.17777
0.9705 0.171769
0.9715 0.165762
0.9725 0.159748
0.9735 0.153727
0.9745 0.147701
0.9755 0.141669
0.9765 0.135631
0.9775 0.129588
0.9785 0.12354
0.9795 0.117487
0.9805 0.111429
0.9815 0.105367
0.9825 0.0993011
0.9835 0.0932309
0.9845 0.0871571
0.9855 0.0810798
0.9865 0.0749993
0.9875 0.0689159
0.9885 0.0628297
0.9895 0.056741
0.9905 0.0506501
0.9915 0.0445573
0.9925 0.0384626
0.9935 0.0323664
0.9945 0.026269
0.9955 0.0201705
0.9965 0.0140712
0.9975 0.0079714
0.9985 0.00187126
0.9995 -0.00422897
