
# time = 0.4992
0.0005 -0.0114968
0.0015 -0.0164267
0.0025 -0.0213559
0.0035 -0.0262843
0.0045 -0.0312116
0.0055 -0.0361377
0.0065 -0.0410624
0.0075 -0.0459855
0.0085 -0.0509067
0.0095 -0.0558259
0.0105 -0.060743
0.0115 -0.0656576
0.0125 -0.0705696
0.0135 -0.0754789
0.0145 -0.0803852
0.0155 -0.0852883
0.0165 -0.090188
0.0175 -0.0950842
0.0185 -0.0999766
0.0195 -0.104865
0.0205 -0.109749
0.0215 -0.114629
0.0225 -0.119505
0.0235 -0.124376
0.0245 -0.129241
0.0255 -0.134102
0.0265 -0.138958
0.0275 -0.143808
0.0285 -0.148652
0.0295 -0.15349
0.0305 -0.158323
0.0315 -0.163149
0.0325 -0.167969
0.0335 -0.172782
0.0345 -0.177588
0.0355 -0.182387
0.0365 -0.187179
0.0375 -0.191964
0.0385 -0.196741
0.0395 -0.20151
0.0405 -0.206271
0.0415 -0.211024
0.0425 -0.215769
0.0435 -0.220506
0.0445 -0.225233
0.0455 -0.229952
0.0465 -0.234662
0.0475 -0.239362
0.0485 -0.244053
0.0495 -0.248734
0.0505 -0.253406
0.0515 -0.258067
0.0525 -0.262718
0.0535 -0.267359
0.0545 -0.27199
0.0555 -0.276609
0.0565 -0.281218
0.0575 -0.285816
0.0585 -0.290402
0.0595 -0.294977
0.0605 -0.29954
0.0615 -0.304091
0.0625 -0.308631
0.0635 -0.313158
0.0645 -0.317673
0.0655 -0.322175
0.0665 -0.326665
0.0675 -0.331141
0.0685 -0.335605
0.0695 -0.340055
0.0705 -0.344492
0.0715 -0.348916
0.0725 -0.353325
0.0735 -0.357721
0.0745 -0.362102
0.0755 -0.366469
0.0765 -0.370822
0.0775 -0.37516
0.0785 -0.379483
0.0795 -0.383792
0.0805 -0.388085
0.0815 -0.392363
0.0825 -0.396625
0.0835 -0.400872
0.0845 -0.405102
0.0855 -0.409317
0.0865 -0.413516
0.0875 -0.417698
0.0885 -0.421864
0.0895 -0.426013
0.0905 -0.430146
0.0915 -0.434261
0.0925 -0.43836
0.0935 -0.442441
0.0945 -0.446504
0.0955 -0.45055
0.0965 -0.454578
0.0975 -0.458588
0.0985 -0.46258
0.0995 -0.466554
0.1005 -0.470509
0.1015 -0.474446
0.1025 -0.478364
0.1035 -0.482263
0.1045 -0.486143
0.1055 -0.490004
0.1065 -0.493846
0.1075 -0.497668
0.1085 -0.501471
0.1095 -0.505253
0.1105 -0.509016
0.1115 -0.512759
0.1125 -0.516481
0.1135 -0.520183
0.1145 -0.523864
0.1155 -0.527525
0.1165 -0.531165
0.1175 -0.534784
0.1185 -0.538382
0.1195 -0.541958
0.1205 -0.545514
0.1215 -0.549047
0.1225 -0.552559
0.1235 -0.556049
0.1245 -0.559518
0.1255 -0.562964
0.1265 -0.566388
0.1275 -0.569789
0.1285 -0.573168
0.1295 -0.576525
0.1305 -0.579858
0.1315 -0.583169
0.1325 -0.586457
0.1335 -0.589722
0.1345 -0.592963
0.1355 -0.596181
0.1365 -0.599375
0.1375 -0.602546
0.1385 -0.605693
0.1395 -0.608816
0.1405 -0.611915
0.1415 -0.61499
0.1425 -0.61804
0.1435 -0.621066
0.1445 -0.624068
0.1455 -0.627045
0.1465 -0.629997
0.1475 -0.632925
0.1485 -0.635827
0.1495 -0.638704
0.1505 -0.641556
0.1515 -0.644383
0.1525 -0.647184
0.1535 -0.64996
0.1545 -0.65271
0.1555 -0.655434
0.1565 -0.658133
0.1575 -0.660805
0.1585 -0.663452
0.1595 -0.666072
0.1605 -0.668666
0.1615 -0.671233
0.1625 -0.673774
0.1635 -0.676289
0.1645 -0.678776
0.1655 -0.681237
0.1665 -0.683671
0.1675 -0.686078
0.1685 -0.688458
0.1695 -0.690811
0.1705 -0.693136
0.1715 -0.695435
0.1725 -0.697705
0.1735 -0.699948
0.1745 -0.702164
0.1755 -0.704352
0.1765 -0.706511
0.1775 -0.708644
0.1785 -0.710748
0.1795 -0.712824
0.1805 -0.714872
0.1815 -0.716891
0.1825 -0.718883
0.1835 -0.720846
0.1845 -0.72278
0.1855 -0.724686
0.1865 -0.726563
0.1875 -0.728412
0.1885 -0.730232
0.1895 -0.732023
0.1905 -0.733785
0.1915 -0.735519
0.1925 -0.737223
0.1935 -0.738898
0.1945 -0.740544
0.1955 -0.742161
0.1965 -0.743748
0.1975 -0.745306
0.1985 -0.746835
0.1995 -0.748334
0.2005 -0.749803
0.2015 -0.751243
0.2025 -0.752654
0.2035 -0.754034
0.2045 -0.755385
0.2055 -0.756706
0.2065 -0.757997
0.2075 -0.759258
0.2085 -0.76049
0.2095 -0.761691
0.2105 -0.762862
0.2115 -0.764003
0.2125 -0.765114
0.2135 -0.766195
0.2145 -0.767245
0.2155 -0.768265
0.2165 -0.769255
0.2175 -0.770214
0.2185 -0.771144
0.2195 -0.772042
0.2205 -0.77291
0.2215 -0.773748
0.2225 -0.774555
0.2235 -0.775331
0.2245 -0.776077
0.2255 -0.776792
0.2265 -0.777477
0.2275 -0.778131
0.2285 -0.778754
0.2295 -0.779346
0.2305 -0.779908
0.2315 -0.780439
0.2325 -0.780939
0.2335 -0.781408
0.2345 -0.781846
0.2355 -0.782254
0.2365 -0.782631
0.2375 -0.782976
0.2385 -0.783291
0.2395 -0.783575
0.2405 -0.783828
0.2415 -0.78405
0.2425 -0.784241
0.2435 -0.784401
0.2445 -0.78453
0.2455 -0.784628
0.2465 -0.784695
0.2475 -0.784732
0.2485 -0.784737
0.2495 -0.784711
0.2505 -0.784654
0.2515 -0.784567
0.2525 -0.784448
0.2535 -0.784298
0.2545 -0.784118
0.2555 -0.783906
0.2565 -0.783663
0.2575 -0.78339
0.2585 -0.783086
0.2595 -0.78275
0.2605 -0.782384
0.2615 -0.781987
0.2625 -0.781559
0.2635 -0.7811
0.2645 -0.780611
0.2655 -0.78009
0.2665 -0.779539
0.2675 -0.778957
0.2685 -0.778344
0.2695 -0.7777
0.2705 -0.777026
0.2715 -0.776321
0.2725 -0.775586
0.2735 -0.774819
0.2745 -0.774023
0.2755 -0.773195
0.2765 -0.772338
0.2775 -0.771449
0.2785 -0.77053
0.2795 -0.769581
0.2805 -0.768602
0.2815 -0.767592
0.2825 -0.766551
0.2835 -0.765481
0.2845 -0.76438
0.2855 -0.763249
0.2865 -0.762088
0.2875 -0.760897
0.2885 -0.759676
0.2895 -0.758425
0.2905 -0.757144
0.2915 -0.755833
0.2925 -0.754492
0.2935 -0.753121
0.2945 -0.751721
0.2955 -0.750291
0.2965 -0.748831
0.2975 -0.747342
0.2985 -0.745824
0.2995 -0.744275
0.3005 -0.742698
0.3015 -0.741091
0.3025 -0.739455
0.3035 -0.73779
0.3045 -0.736095
0.3055 -0.734372
0.3065 -0.732619
0.3075 -0.730838
0.3085 -0.729028
0.3095 -0.727189
0.3105 -0.725321
0.3115 -0.723424
0.3125 -0.7215
0.3135 -0.719546
0.3145 -0.717564
0.3155 -0.715554
0.3165 -0.713516
0.3175 -0.711449
0.3185 -0.709355
0.3195 -0.707232
0.3205 -0.705081
0.3215 -0.702903
0.3225 -0.700697
0.3235 -0.698463
0.3245 -0.696202
0.3255 -0.693913
0.3265 -0.691596
0.3275 -0.689253
0.3285 -0.686882
0.3295 -0.684484
0.3305 -0.682059
0.3315 -0.679607
0.3325 -0.677129
0.3335 -0.674623
0.3345 -0.672091
0.3355 -0.669533
0.3365 -0.666948
0.3375 -0.664336
0.3385 -0.661699
0.3395 -0.659035
0.3405 -0.656345
0.3415 -0.65363
0.3425 -0.650888
0.3435 -0.648121
0.3445 -0.645328
0.3455 -0.64251
0.3465 -0.639667
0.3475 -0.636798
0.3485 -0.633904
0.3495 -0.630985
0.3505 -0.628041
0.3515 -0.625072
0.3525 -0.622079
0.3535 -0.619061
0.3545 -0.616019
0.3555 -0.612952
0.3565 -0.609861
0.3575 -0.606746
0.3585 -0.603607
0.3595 -0.600445
0.3605 -0.597258
0.3615 -0.594048
0.3625 -0.590815
0.3635 -0.587558
0.3645 -0.584278
0.3655 -0.580975
0.3665 -0.577649
0.3675 -0.5743
0.3685 -0.570929
0.3695 -0.567535
0.3705 -0.564118
0.3715 -0.56068
0.3725 -0.557219
0.3735 -0.553736
0.3745 -0.550231
0.3755 -0.546705
0.3765 -0.543157
0.3775 -0.539588
0.3785 -0.535997
0.3795 -0.532385
0.3805 -0.528752
0.3815 -0.525098
0.3825 -0.521424
0.3835 -0.517729
0.3845 -0.514013
0.3855 -0.510277
0.3865 -0.506521
0.3875 -0.502745
0.3885 -0.49895
0.3895 -0.495134
0.3905 -0.491299
0.3915 -0.487445
0.3925 -0.483571
0.3935 -0.479678
0.3945 -0.475766
0.3955 -0.471836
0.3965 -0.467887
0.3975 -0.463919
0.3985 -0.459933
0.3995 -0.455929
0.4005 -0.451907
0.4015 -0.447867
0.4025 -0.44381
0.4035 -0.439734
0.4045 -0.435642
0.4055 -0.431532
0.4065 -0.427406
0.4075 -0.423262
0.4085 -0.419102
0.4095 -0.414925
0.4105 -0.410732
0.4115 -0.406522
0.4125 -0.402297
0.4135 -0.398055
0.4145 -0.393798
0.4155 -0.389526
0.4165 -0.385238
0.4175 -0.380935
0.4185 -0.376616
0.4195 -0.372283
0.4205 -0.367935
0.4215 -0.363573
0.4225 -0.359196
0.4235 -0.354805
0.4245 -0.350401
0.4255 -0.345982
0.4265 -0.341549
0.4275 -0.337104
0.4285 -0.332644
0.4295 -0.328172
0.4305 -0.323687
0.4315 -0.319189
0.4325 -0.314678
0.4335 -0.310155
0.4345 -0.30562
0.4355 -0.301073
0.4365 -0.296513
0.4375 -0.291942
0.4385 -0.28736
0.4395 -0.282766
0.4405 -0.278161
0.4415 -0.273545
0.4425 -0.268918
0.4435 -0.264281
0.4445 -0.259633
0.4455 -0.254975
0.4465 -0.250307
0.4475 -0.245629
0.4485 -0.240941
0.4495 -0.236244
0.4505 -0.231537
0.4515 -0.226822
0.4525 -0.222097
0.4535 -0.217364
0.4545 -0.212622
0.4555 -0.207871
0.4565 -0.203113
0.4575 -0.198346
0.4585 -0.193572
0.4595 -0.18879
0.4605 -0.184
0.4615 -0.179203
0.4625 -0.174399
0.4635 -0.169589
0.4645 -0.164771
0.4655 -0.159947
0.4665 -0.155117
0.4675 -0.15028
0.4685 -0.145438
0.4695 -0.14059
0.4705 -0.135736
0.4715 -0.130877
0.4725 -0.126013
0.4735 -0.121144
0.4745 -0.11627
0.4755 -0.111392
0.4765 -0.106509
0.4775 -0.101622
0.4785 -0.0967306
0.4795 -0.0918357
0.4805 -0.0869371
0.4815 -0.0820351
0.4825 -0.0771299
0.4835 -0.0722216
0.4845 -0.0673105
0.4855 -0.0623967
0.4865 -0.0574805
0.4875 -0.0525619
0.4885 -0.0476414
0.4895 -0.0427189
0.4905 -0.0377947
0.4915 -0.0328691
0.4925 -0.0279421
0.4935 -0.0230141
0.4945 -0.0180851
0.4955 -0.0131554
0.4965 -0.00822526
0.4975 -0.00329474
0.4985 0.00163591
0.4995 0.00656649
0.5005 0.0114968
0.5015 0.0164267
0.5025 0.0213559
0.5035 0.0262843
0.5045 0.0312116
0.5055 0.0361377
0.5065 0.0410624
0.5075 0.0459855
0.5085 0.0509067
0.5095 0.0558259
0.5105 0.060743
0.5115 0.0656576
0.5125 0.0705696
0.5135 0.0754789
0.5145 0.0803852
0.5155 0.0852883
0.5165 0.090188
0.5175 0.0950842
0.5185 0.0999766
0.5195 0.104865
0.5205 0.109749
0.5215 0.114629
0.5225 0.119505
0.5235 0.124376
0.5245 0.129241
0.5255 0.134102
0.5265 0.138958
0.5275 0.143808
0.5285 0.148652
0.5295 0.15349
0.5305 0.158323
0.5315 0.163149
0.5325 0.167969
0.5335 0.172782
0.5345 0.177588
0.5355 0.182387
0.5365 0.187179
0.5375 0.191964
0.5385 0.196741
0.5395 0.20151
0.5405 0.206271
0.5415 0.211024
0.5425 0.215769
0.5435 0.220506
0.5445 0.225233
0.5455 0.229952
0.5465 0.234662
0.5475 0.239362
0.5485 0.244053
0.5495 0.248734
0.5505 0.253406
0.5515 0.258067
0.5525 0.262718
0.5535 0.267359
0.5545 0.27199
0.5555 0.276609
0.5565 0.281218
0.5575 0.285816
0.5585 0.290402
0.5595 0.294977
0.5605 0.29954
0.5615 0.304091
0.5625 0.308631
0.5635 0.313158
0.5645 0.317673
0.5655 0.322175
0.5665 0.326665
0.5675 0.331141
0.5685 0.335605
0.5695 0.340055
0.5705 0.344492
0.5715 0.348916
0.5725 0.353325
0.5735 0.357721
0.5745 0.362102
0.5755 0.366469
0.5765 0.370822
0.5775 0.37516
0.5785 0.379483
0.5795 0.383792
0.5805 0.388085
0.5815 0.392363
0.5825 0.396625
0.5835 0.400872
0.5845 0.405102
0.5855 0.409317
0.5865 0.413516
0.5875 0.417698
0.5885 0.421864
0.5895 0.426013
0.5905 0.430146
0.5915 0.434261
0.5925 0.43836
0.5935 0.442441
0.5945 0.446504
0.5955 0.45055
0.5965 0.454578
0.5975 0.458588
0.5985 0.46258
0.5995 0.466554
0.6005 0.470509
0.6015 0.474446
0.6025 0.478364
0.6035 0.482263
0.6045 0.486143
0.6055 0.490004
0.6065 0.493846
0.6075 0.497668
0.6085 0.501471
0.6095 0.505253
0.6105 0.509016
0.6115 0.512759
0.6125 0.516481
0.6135 0.520183
0.6145 0.523864
0.6155 0.527525
0.6165 0.531165
0.6175 0.534784
0.6185 0.538382
0.6195 0.541958
0.6205 0.545514
0.6215 0.549047
0.6225 0.552559
0.6235 0.556049
0.6245 0.559518
0.6255 0.562964
0.6265 0.566388
0.6275 0.569789
0.6285 0.573168
0.6295 0.576525
0.6305 0.579858
0.6315 0.583169
0.6325 0.586457
0.6335 0.589722
0.6345 0.592963
0.6355 0.596181
0.6365 0.599375
0.6375 0.602546
0.6385 0.605693
0.6395 0.608816
0.6405 0.611915
0.6415 0.61499
0.6425 0.61804
0.6435 0.621066
0.6445 0.624068
0.6455 0.627045
0.6465 0.629997
0.6475 0.632925
0.6485 0.635827
0.6495 0.638704
0.6505 0.641556
0.6515 0.644383
0.6525 0.647184
0.6535 0.64996
0.6545 0.65271
0.6555 0.655434
0.6565 0.658133
0.6575 0.660805
0.6585 0.663452
0.6595 0.666072
0.6605 0.668666
0.6615 0.671233
0.6625 0.673774
0.6635 0.676289
0.6645 0.678776
0.6655 0.681237
0.6665 0.683671
0.6675 0.686078
0.6685 0.688458
0.6695 0.690811
0.6705 0.693136
0.6715 0.695435
0.6725 0.697705
0.6735 0.699948
0.6745 0.702164
0.6755 0.704352
0.6765 0.706511
0.6775 0.708644
0.6785 0.710748
0.6795 0.712824
0.6805 0.714872
0.6815 0.716891
0.6825 0.718883
0.6835 0.720846
0.6845 0.72278
0.6855 0.724686
0.6865 0.726563
0.6875 0.728412
0.6885 0.730232
0.6895 0.732023
0.6905 0.733785
0.6915 0.735519
0.6925 0.737223
0.6935 0.738898
0.6945 0.740544
0.6955 0.742161
0.6965 0.743748
0.6975 0.745306
0.6985 0.746835
0.6995 0.748334
0.7005 0.749803
0.7015 0.751243
0.7025 0.752654
0.7035 0.754034
0.7045 0.755385
0.7055 0.756706
0.7065 0.757997
0.7075 0.759258
0.7085 0.76049
0.7095 0.761691
0.7105 0.762862
0.7115 0.764003
0.7125 0.765114
0.7135 0.766195
0.7145 0.767245
0.7155 0.768265
0.7165 0.769255
0.7175 0.770214
0.7185 0.771144
0.7195 0.772042
0.7205 0.77291
0.7215 0.773748
0.7225 0.774555
0.7235 0.775331
0.7245 0.776077
0.7255 0.776792
0.7265 0.777477
0.7275 0.778131
0.7285 0.778754
0.7295 0.779346
0.7305 0.779908
0.7315 0.780439
0.7325 0.780939
0.7335 0.781408
0.7345 0.781846
0.7355 0.782254
0.7365 0.782631
0.7375 0.782976
0.7385 0.783291
0.7395 0.783575
0.7405 0.783828
0.7415 0.78405
0.7425 0.784241
0.7435 0.784401
0.7445 0.78453
0.7455 0.784628
0.7465 0.784695
0.7475 0.784732
0.7485 0.784737
0.7495 0.784711
0.7505 0.784654
0.7515 0.784567
0.7525 0.784448
0.7535 0.784298
0.7545 0.784118
0.7555 0.783906
0.7565 0.783663
0.7575 0.78339
0.7585 0.783086
0.7595 0.78275
0.7605 0.782384
0.7615 0.781987
0.7625 0.781559
0.7635 0.7811
0.7645 0.780611
0.7655 0.78009
0.7665 0.779539
0.7675 0.778957
0.7685 0.778344
0.7695 0.7777
0.7705 0.777026
0.7715 0.776321
0.7725 0.775586
0.7735 0.774819
0.7745 0.774023
0.7755 0.773195
0.7765 0.772338
0.7775 0.771449
0.7785 0.77053
0.7795 0.769581
0.7805 0.768602
0.7815 0.767592
0.7825 0.766551
0.7835 0.765481
0.7845 0.76438
0.7855 0.763249
0.7865 0.762088
0.7875 0.760897
0.7885 0.759676
0.7895 0.758425
0.7905 0.757144
0.7915 0.755833
0.7925 0.754492
0.7935 0.753121
0.7945 0.751721
0.7955 0.750291
0.7965 0.748831
0.7975 0.747342
0.7985 0.745824
0.7995 0.744275
0.8005 0.742698
0.8015 0.741091
0.8025 0.739455
0.8035 0.73779
0.8045 0.736095
0.8055 0.734372
0.8065 0.732619
0.8075 0.730838
0.8085 0.729028
0.8095 0.727189
0.8105 0.725321
0.8115 0.723424
0.8125 0.7215
0.8135 0.719546
0.8145 0.717564
0.8155 0.715554
0.8165 0.713516
0.8175 0.711449
0.8185 0.709355
0.8195 0.707232
0.8205 0.705081
0.8215 0.702903
0.8225 0.700697
0.8235 0.698463
0.8245 0.696202
0.8255 0.693913
0.8265 0.691596
0.8275 0.689253
0.8285 0.686882
0.8295 0.684484
0.8305 0.682059
0.8315 0.679607
0.8325 0.677129
0.8335 0.674623
0.8345 0.672091
0.8355 0.669533
0.8365 0.666948
0.8375 0.664336
0.8385 0.661699
0.8395 0.659035
0.8405 0.656345
0.8415 0.65363
0.8425 0.650888
0.8435 0.648121
0.8445 0.645328
0.8455 0.64251
0.8465 0.639667
0.8475 0.636798
0.8485 0.633904
0.8495 0.630985
0.8505 0.628041
0.8515 0.625072
0.8525 0.622079
0.8535 0.619061
0.8545 0.616019
0.8555 0.612952
0.8565 0.609861
0.8575 0.606746
0.8585 0.603607
0.8595 0.600445
0.8605 0.597258
0.8615 0.594048
0.8625 0.590815
0.8635 0.587558
0.8645 0.584278
0.8655 0.580975
0.8665 0.577649
0.8675 0.5743
0.8685 0.570929
0.8695 0.567535
0.8705 0.564118
0.8715 0.56068
0.8725 0.557219
0.8735 0.553736
0.8745 0.550231
0.8755 0.546705
0.8765 0.543157
0.8775 0.539588
0.8785 0.535997
0.8795 0.532385
0.8805 0.528752
0.8815 0.525098
0.8825 0.521424
0.8835 0.517729
0.8845 0.514013
0.8855 0.510277
0.8865 0.506521
0.8875 0.502745
0.8885 0.49895
0.8895 0.495134
0.8905 0.491299
0.8915 0.487445
0.8925 0.483571
0.8935 0.479678
0.8945 0.475766
0.8955 0.471836
0.8965 0.467887
0.8975 0.463919
0.8985 0.459933
0.8995 0.455929
0.9005 0.451907
0.9015 0.447867
0.9025 0.44381
0.9035 0.439734
0.9045 0.435642
0.9055 0.431532
0.9065 0.427406
0.9075 0.423262
0.9085 0.419102
0.9095 0.414925
0.9105 0.410732
0.9115 0.406522
0.9125 0.402297
0.9135 0.398055
0.9145 0.393798
0.9155 0.389526
0.9165 0.385238
0.9175 0.380935
0.9185 0.376616
0.9195 0.372283
0.9205 0.367935
0.9215 0.363573
0.9225 0.359196
0.9235 0.354805
0.9245 0.350401
0.9255 0.345982
0.9265 0.341549
0.9275 0.337104
0.9285 0.332644
0.9295 0.328172
0.9305 0.323687
0.9315 0.319189
0.9325 0.314678
0.9335 0.310155
0.9345 0.30562
0.9355 0.301073
0.9365 0.296513
0.9375 0.291942
0.9385 0.28736
0.9395 0.282766
0.9405 0.278161
0.9415 0.273545
0.9425 0.268918
0.9435 0.264281
0.9445 0.259633
0.9455 0.254975
0.9465 0.250307
0.9475 0.245629
0.9485 0.240941
0.9495 0.236244
0.9505 0.231537
0.9515 0.226822
0.9525 0.222097
0.9535 0.217364
0.9545 0.212622
0.9555 0.207871
0.9565 0.203113
0.9575 0.198346
0.9585 0.193572
0.9595 0.18879
0.9605 0.184
0.9615 0.179203
0.9625 0.174399
0.9635 0.169589
0.9645 0.164771
0.9655 0.159947
0.9665 0.155117
0.9675 0.15028
0.9685 0.145438
0.9695 0.14059
0.9705 0.135736
0.9715 0.130877
0.9725 0.126013
0.9735 0.121144
0.9745 0.11627
0.9755 0.111392
0.9765 0.106509
0.9775 0.101622
0.9785 0.0967306
0.9795 0.0918357
0.9805 0.0869371
0.9815 0.0820351
0.9825 0.0771299
0.9835 0.0722216
0.9845 0.0673105
0.9855 0.0623967
0.9865 0.0574805
0.9875 0.0525619
0.9885 0.0476414
0.9895 0.0427189
0.9905 0.0377947
0.9915 0.0328691
0.9925 0.0279421
0.9935 0.0230141
0.9945 0.0180851
0.9955 0.0131554
0.9965 0.00822526
0.9975 0.00329474
0.9985 -0.00163591
0.9995 -0.00656649
