
# time = 1
0.000833333 0.0780944
0.0025 0.0780668
0.00416667 0.0780144
0.00583333 0.0780034
0.0075 0.0781724
0.00916667 0.0785728
0.0108333 0.0789044
0.0125 0.0784359
0.0141667 0.076368
0.0158333 0.0725068
0.0175 0.0677214
0.0191667 0.0637195
0.0208333 0.0621907
0.0225 0.0638546
0.0241667 0.0680314
0.0258333 0.0730223
0.0275 0.0770653
0.0291667 0.0792417
0.0308333 0.07974
0.0325 0.0793935
0.0341667 0.0789721
0.0358333 0.0787938
0.0375 0.0788052
0.0391667 0.0788603
0.0408333 0.0788889
0.0425 0.0788887
0.0441667 0.0788608
0.0458333 0.0788079
0.0475 0.0787969
0.0491667 0.0789676
0.0508333 0.0793721
0.0525 0.0797072
0.0541667 0.0792338
0.0558333 0.0771442
0.0575 0.0732428
0.0591667 0.0684076
0.0608333 0.064364
0.0625 0.0628188
0.0641667 0.0644984
0.0658333 0.0687162
0.0675 0.0737559
0.0691667 0.0778384
0.0708333 0.080036
0.0725 0.0805391
0.0741667 0.0801892
0.0758333 0.0797637
0.0775 0.0795836
0.0791667 0.0795952
0.0808333 0.0796508
0.0825 0.0796796
0.0841667 0.0796795
0.0858333 0.0796513
0.0875 0.0795979
0.0891667 0.0795867
0.0908333 0.0797592
0.0925 0.0801679
0.0941667 0.0805065
0.0958333 0.0800281
0.0975 0.0779169
0.0991667 0.0739754
0.100833 0.0690906
0.1025 0.0650055
0.104167 0.063444
0.105833 0.0651393
0.1075 0.0693977
0.109167 0.0744861
0.110833 0.0786078
0.1125 0.0808264
0.114167 0.0813343
0.115833 0.080981
0.1175 0.0805514
0.119167 0.0803697
0.120833 0.0803813
0.1225 0.0804374
0.124167 0.0804666
0.125833 0.0804665
0.1275 0.080438
0.129167 0.080384
0.130833 0.0803727
0.1325 0.080547
0.134167 0.0809599
0.135833 0.0813018
0.1375 0.0808186
0.139167 0.0786859
0.140833 0.0747044
0.1425 0.0697702
0.144167 0.0656438
0.145833 0.064066
0.1475 0.0657769
0.149167 0.0700757
0.150833 0.0752124
0.1525 0.0793731
0.154167 0.0816127
0.155833 0.0821254
0.1575 0.0817687
0.159167 0.0813351
0.160833 0.0811516
0.1625 0.0811634
0.164167 0.08122
0.165833 0.0812494
0.1675 0.0812493
0.169167 0.0812206
0.170833 0.081166
0.1725 0.0811546
0.174167 0.0813306
0.175833 0.0817477
0.1775 0.082093
0.179167 0.0816049
0.180833 0.0794508
0.1825 0.0754295
0.184167 0.0704462
0.185833 0.0662786
0.1875 0.0646846
0.189167 0.066411
0.190833 0.07075
0.1925 0.0759347
0.194167 0.0801342
0.195833 0.0823946
0.1975 0.0829119
0.199167 0.082552
0.200833 0.0821143
0.2025 0.0819291
0.204167 0.081941
0.205833 0.0819982
0.2075 0.0820279
0.209167 0.0820278
0.210833 0.0819987
0.2125 0.0819437
0.214167 0.0819321
0.215833 0.0821099
0.2175 0.082531
0.219167 0.0828798
0.220833 0.0823868
0.2225 0.0802114
0.224167 0.0761505
0.225833 0.0711183
0.2275 0.0669098
0.229167 0.0652996
0.230833 0.0670414
0.2325 0.0714203
0.234167 0.0766527
0.235833 0.0808907
0.2375 0.0831717
0.239167 0.0836938
0.240833 0.0833305
0.2425 0.0828889
0.244167 0.082702
0.245833 0.082714
0.2475 0.0827717
0.249167 0.0828016
0.250833 0.0828015
0.2525 0.0827722
0.254167 0.0827166
0.255833 0.082705
0.2575 0.0828845
0.259167 0.0833097
0.260833 0.0836619
0.2625 0.083164
0.264167 0.0809675
0.265833 0.0768672
0.2675 0.0717863
0.269167 0.0675372
0.270833 0.0659108
0.2725 0.0676679
0.274167 0.0720863
0.275833 0.0773661
0.2775 0.0816424
0.279167 0.0839439
0.280833 0.0844706
0.2825 0.0841041
0.284167 0.0836584
0.285833 0.0834699
0.2875 0.083482
0.289167 0.0835402
0.290833 0.0835704
0.2925 0.0835703
0.294167 0.0835407
0.295833 0.0834846
0.2975 0.0834728
0.299167 0.0836541
0.300833 0.0840834
0.3025 0.0844389
0.304167 0.0839362
0.305833 0.0817186
0.3075 0.0775792
0.309167 0.0724499
0.310833 0.0681603
0.3125 0.066518
0.314167 0.0682901
0.315833 0.0727479
0.3175 0.0780747
0.319167 0.0823889
0.320833 0.0847107
0.3225 0.0852421
0.324167 0.0848723
0.325833 0.0844227
0.3275 0.0842325
0.329167 0.0842447
0.330833 0.0843034
0.3325 0.0843339
0.334167 0.0843338
0.335833 0.084304
0.3375 0.0842473
0.339167 0.0842354
0.340833 0.0844184
0.3425 0.0848518
0.344167 0.0852106
0.345833 0.0847031
0.3475 0.0824646
0.349167 0.0782863
0.350833 0.073109
0.3525 0.0687791
0.354167 0.0671208
0.355833 0.068908
0.3575 0.0734047
0.359167 0.0787781
0.360833 0.08313
0.3625 0.085472
0.364167 0.0860079
0.365833 0.0856349
0.3675 0.0851813
0.369167 0.0849896
0.370833 0.0850024
0.3725 0.0850612
0.374167 0.0850887
0.375833 0.0850875
0.3775 0.0850758
0.379167 0.0850484
0.380833 0.0849788
0.3825 0.0849247
0.384167 0.085254
0.385833 0.0865164
0.3875 0.0881107
0.389167 0.0862681
0.390833 0.07493
0.3925 0.0532666
0.394167 0.0363184
0.395833 0.055961
0.3975 0.142518
0.399167 0.296991
0.400833 0.480233
0.4025 0.63456
0.404167 0.721677
0.405833 0.743534
0.4075 0.730579
0.409167 0.713684
0.410833 0.706369
0.4125 0.706798
0.414167 0.708965
0.415833 0.709896
0.4175 0.709788
0.419167 0.709518
0.420833 0.709403
0.4225 0.709421
0.424167 0.709627
0.425833 0.710068
0.4275 0.710425
0.429167 0.709895
0.430833 0.707613
0.4325 0.703401
0.434167 0.698227
0.435833 0.693894
0.4375 0.692075
0.439167 0.693379
0.440833 0.697046
0.4425 0.701435
0.444167 0.704954
0.445833 0.706823
0.4475 0.707239
0.449167 0.706936
0.450833 0.706574
0.4525 0.706422
0.454167 0.706432
0.455833 0.706479
0.4575 0.706505
0.459167 0.706506
0.460833 0.706477
0.4625 0.706419
0.464167 0.706407
0.465833 0.706596
0.4675 0.707042
0.469167 0.707405
0.470833 0.706871
0.4725 0.704568
0.474167 0.700317
0.475833 0.695097
0.4775 0.690724
0.479167 0.68889
0.480833 0.690211
0.4825 0.693919
0.484167 0.69836
0.485833 0.701919
0.4875 0.703811
0.489167 0.704232
0.490833 0.703925
0.4925 0.703559
0.494167 0.703405
0.495833 0.703415
0.4975 0.703463
0.499167 0.703489
0.500833 0.70349
0.5025 0.70346
0.504167 0.703402
0.505833 0.70339
0.5075 0.703581
0.509167 0.704031
0.510833 0.704397
0.5125 0.703858
0.514167 0.701535
0.515833 0.697246
0.5175 0.691978
0.519167 0.687566
0.520833 0.685717
0.5225 0.687055
0.524167 0.690806
0.525833 0.695297
0.5275 0.698898
0.529167 0.700811
0.530833 0.701237
0.5325 0.700927
0.534167 0.700556
0.535833 0.700401
0.5375 0.700411
0.539167 0.700459
0.540833 0.700486
0.5425 0.700486
0.544167 0.700457
0.545833 0.700397
0.5475 0.700385
0.549167 0.700578
0.550833 0.701032
0.5525 0.701402
0.554167 0.700858
0.555833 0.698515
0.5575 0.694188
0.559167 0.688874
0.560833 0.684422
0.5625 0.682559
0.564167 0.683913
0.565833 0.687707
0.5675 0.692248
0.569167 0.695889
0.570833 0.697824
0.5725 0.698256
0.574167 0.697945
0.575833 0.697572
0.5775 0.697396
0.579167 0.697376
0.580833 0.697483
0.5825 0.697749
0.584167 0.697857
0.585833 0.696927
0.5875 0.694761
0.589167 0.694332
0.590833 0.701647
0.5925 0.718543
0.594167 0.731495
0.595833 0.70963
0.5975 0.622511
0.599167 0.46821
0.600833 0.285027
0.6025 0.130598
0.604167 0.0439654
0.605833 0.0240207
0.6075 0.0404345
0.609167 0.061464
0.610833 0.0722677
0.6125 0.0738082
0.614167 0.0721379
0.615833 0.0709203
0.6175 0.0706496
0.619167 0.0707292
0.620833 0.0707975
0.6225 0.0708171
0.624167 0.0708242
0.625833 0.0708252
0.6275 0.0708036
0.629167 0.0707566
0.630833 0.0707462
0.6325 0.0708989
0.634167 0.0712611
0.635833 0.0715612
0.6375 0.0711378
0.639167 0.0692673
0.640833 0.0657736
0.6425 0.0614424
0.644167 0.0578205
0.645833 0.056441
0.6475 0.0579591
0.649167 0.0617603
0.650833 0.0663022
0.6525 0.0699824
0.654167 0.0719642
0.655833 0.0724182
0.6575 0.0721028
0.659167 0.0717191
0.660833 0.0715567
0.6625 0.0715671
0.664167 0.0716172
0.665833 0.0716432
0.6675 0.0716431
0.669167 0.0716178
0.670833 0.0715699
0.6725 0.0715598
0.674167 0.0717144
0.675833 0.0720808
0.6775 0.0723845
0.679167 0.071956
0.680833 0.0700634
0.6825 0.0665286
0.684167 0.0621466
0.685833 0.0584822
0.6875 0.057086
0.689167 0.0586205
0.690833 0.0624641
0.6925 0.0670565
0.694167 0.0707775
0.695833 0.0727811
0.6975 0.0732402
0.699167 0.0729213
0.700833 0.0725333
0.7025 0.0723691
0.704167 0.0723796
0.705833 0.0724303
0.7075 0.0724566
0.709167 0.0724565
0.710833 0.0724309
0.7125 0.0723824
0.714167 0.0723723
0.715833 0.0725287
0.7175 0.0728993
0.719167 0.0732065
0.720833 0.072773
0.7225 0.0708584
0.724167 0.0672825
0.725833 0.0628497
0.7275 0.0591429
0.729167 0.05773
0.730833 0.0592809
0.7325 0.0631666
0.734167 0.0678094
0.735833 0.0715711
0.7375 0.0735966
0.739167 0.0740606
0.740833 0.0737382
0.7425 0.073346
0.744167 0.07318
0.745833 0.0731907
0.7475 0.0732419
0.749167 0.0732685
0.750833 0.0732684
0.7525 0.0732425
0.754167 0.0731935
0.755833 0.0731832
0.7575 0.0733414
0.759167 0.0737164
0.760833 0.074027
0.7625 0.0735885
0.764167 0.0716518
0.765833 0.068035
0.7675 0.0635515
0.769167 0.0598022
0.770833 0.0583727
0.7725 0.0599399
0.774167 0.0638676
0.775833 0.0685607
0.7775 0.072363
0.779167 0.0744103
0.780833 0.0748793
0.7825 0.0745534
0.784167 0.074157
0.785833 0.0739892
0.7875 0.074
0.789167 0.0740518
0.790833 0.0740787
0.7925 0.0740785
0.794167 0.0740524
0.795833 0.0740028
0.7975 0.0739924
0.799167 0.0741524
0.800833 0.0745316
0.8025 0.0748458
0.804167 0.0744023
0.805833 0.0724436
0.8075 0.0687858
0.809167 0.0642517
0.810833 0.06046
0.8125 0.0590139
0.814167 0.0605974
0.815833 0.064567
0.8175 0.0693102
0.819167 0.0731531
0.820833 0.0752221
0.8225 0.075696
0.824167 0.0753666
0.825833 0.074966
0.8275 0.0747965
0.829167 0.0748073
0.830833 0.0748597
0.8325 0.0748868
0.834167 0.0748867
0.835833 0.0748602
0.8375 0.0748101
0.839167 0.0747996
0.840833 0.0749614
0.8425 0.0753449
0.844167 0.0756626
0.845833 0.075214
0.8475 0.0732334
0.849167 0.0695347
0.850833 0.0649501
0.8525 0.0611161
0.854167 0.0596534
0.855833 0.0612532
0.8575 0.0652646
0.859167 0.0700577
0.860833 0.0739409
0.8625 0.0760316
0.864167 0.0765104
0.865833 0.0761776
0.8675 0.0757727
0.869167 0.0756014
0.870833 0.0756124
0.8725 0.0756653
0.874167 0.0756928
0.875833 0.0756926
0.8775 0.0756659
0.879167 0.0756152
0.880833 0.0756046
0.8825 0.0757682
0.884167 0.0761559
0.885833 0.0764771
0.8875 0.0760235
0.889167 0.074021
0.890833 0.0702815
0.8925 0.0656465
0.894167 0.0617703
0.895833 0.0602911
0.8975 0.061907
0.899167 0.06596
0.900833 0.0708029
0.9025 0.0747263
0.904167 0.0768385
0.905833 0.0773222
0.9075 0.076986
0.909167 0.076577
0.910833 0.0764039
0.9125 0.076415
0.914167 0.0764684
0.915833 0.0764962
0.9175 0.0764961
0.919167 0.076469
0.920833 0.0764178
0.9225 0.076407
0.924167 0.0765724
0.925833 0.0769644
0.9275 0.0772891
0.929167 0.0768305
0.930833 0.0748061
0.9325 0.0710259
0.934167 0.0663406
0.935833 0.0624225
0.9375 0.0609267
0.939167 0.0625586
0.940833 0.0666531
0.9425 0.0715455
0.944167 0.075509
0.945833 0.0776427
0.9475 0.0781313
0.949167 0.0777916
0.950833 0.0773785
0.9525 0.0772036
0.954167 0.0772149
0.955833 0.0772688
0.9575 0.0772969
0.959167 0.0772967
0.960833 0.0772694
0.9625 0.0772176
0.964167 0.0772067
0.965833 0.0773739
0.9675 0.0777701
0.969167 0.0780983
0.970833 0.0776347
0.9725 0.0755885
0.974167 0.0717678
0.975833 0.0670324
0.9775 0.0630722
0.979167 0.0615599
0.980833 0.0632079
0.9825 0.0673436
0.984167 0.0722854
0.985833 0.0762887
0.9875 0.0784439
0.989167 0.0789373
0.990833 0.0785942
0.9925 0.0781769
0.994167 0.0780004
0.995833 0.0780117
0.9975 0.0780662
0.999167 0.0780945
