
# time = 1
0.00125 0.0702634
0.00375 0.0702602
0.00625 0.0703031
0.00875 0.0703903
0.01125 0.0703286
0.01375 0.0698367
0.01625 0.0691082
0.01875 0.0693342
0.02125 0.0722222
0.02375 0.0784649
0.02625 0.0865838
0.02875 0.0934666
0.03125 0.0961829
0.03375 0.0936104
0.03625 0.0869695
0.03875 0.0791674
0.04125 0.0731963
0.04375 0.0704441
0.04625 0.070232
0.04875 0.0709279
0.05125 0.0713971
0.05375 0.071456
0.05625 0.0713728
0.05875 0.071332
0.06125 0.0713349
0.06375 0.0713344
0.06625 0.0713312
0.06875 0.0713747
0.07125 0.0714631
0.07375 0.0714005
0.07625 0.0709015
0.07875 0.0701623
0.08125 0.0703916
0.08375 0.0733216
0.08625 0.0796554
0.08875 0.0878931
0.09125 0.0948769
0.09375 0.0976326
0.09625 0.0950197
0.09875 0.0882761
0.10125 0.080353
0.10375 0.0742889
0.10625 0.0714938
0.10875 0.0712783
0.11125 0.071985
0.11375 0.0724616
0.11625 0.0725214
0.11875 0.0724369
0.12125 0.0723954
0.12375 0.0723984
0.12625 0.0723979
0.12875 0.0723946
0.13125 0.0724387
0.13375 0.0725285
0.13625 0.0724649
0.13875 0.0719588
0.14125 0.0712091
0.14375 0.0714416
0.14625 0.0744133
0.14875 0.0808373
0.15125 0.0891929
0.15375 0.0962769
0.15625 0.0990715
0.15875 0.0964186
0.16125 0.0895729
0.16375 0.0815295
0.16625 0.075373
0.16875 0.0725351
0.17125 0.0723163
0.17375 0.0730338
0.17625 0.0735177
0.17875 0.0735784
0.18125 0.0734926
0.18375 0.0734505
0.18625 0.0734535
0.18875 0.073453
0.19125 0.0734497
0.19375 0.0734944
0.19625 0.0735854
0.19875 0.073521
0.20125 0.0730079
0.20375 0.0722477
0.20625 0.0724834
0.20875 0.0754964
0.21125 0.0820098
0.21375 0.090482
0.21625 0.0976653
0.21875 0.100499
0.22125 0.0978057
0.22375 0.0908587
0.22625 0.0826959
0.22875 0.0764477
0.23125 0.0735674
0.23375 0.0733453
0.23625 0.0740735
0.23875 0.0745646
0.24125 0.0746262
0.24375 0.0745391
0.24625 0.0744964
0.24875 0.0744995
0.25125 0.074499
0.25375 0.0744956
0.25625 0.0745409
0.25875 0.0746332
0.26125 0.0745679
0.26375 0.0740478
0.26625 0.0732773
0.26875 0.0735161
0.27125 0.0765699
0.27375 0.0831718
0.27625 0.0917596
0.27875 0.099041
0.28125 0.101912
0.28375 0.0991801
0.28625 0.0921326
0.28875 0.0838513
0.29125 0.0775121
0.29375 0.0745897
0.29625 0.0743644
0.29875 0.0751032
0.30125 0.0756014
0.30375 0.0756639
0.30625 0.0755756
0.30875 0.0755323
0.31125 0.0755354
0.31375 0.0755348
0.31625 0.0755314
0.31875 0.0755774
0.32125 0.0756708
0.32375 0.0756047
0.32625 0.0750777
0.32875 0.0742971
0.33125 0.074539
0.33375 0.0776331
0.33625 0.0843224
0.33875 0.0930243
0.34125 0.100403
0.34375 0.103312
0.34625 0.100541
0.34875 0.0933934
0.35125 0.0849947
0.35375 0.0785653
0.35625 0.0756012
0.35875 0.0753726
0.36125 0.0761224
0.36375 0.0766267
0.36625 0.0766863
0.36875 0.0766039
0.37125 0.076592
0.37375 0.0765693
0.37625 0.076337
0.37875 0.076223
0.38125 0.0774132
0.38375 0.0797951
0.38625 0.0781075
0.38875 0.0646603
0.39125 0.0449665
0.39375 0.0521354
0.39625 0.131971
0.39875 0.298265
0.40125 0.504218
0.40375 0.671212
0.40625 0.750859
0.40875 0.754973
0.41125 0.728824
0.41375 0.707396
0.41625 0.699256
0.41875 0.698538
0.42125 0.69945
0.42375 0.700099
0.42625 0.70038
0.42875 0.700418
0.43125 0.700359
0.43375 0.700322
0.43625 0.700321
0.43875 0.700322
0.44125 0.70032
0.44375 0.700357
0.44625 0.700432
0.44875 0.700378
0.45125 0.699955
0.45375 0.699326
0.45625 0.699511
0.45875 0.701989
0.46125 0.707403
0.46375 0.714541
0.46625 0.720664
0.46875 0.722951
0.47125 0.72004
0.47375 0.712868
0.47625 0.704355
0.47875 0.697763
0.48125 0.694696
0.48375 0.69445
0.48625 0.695221
0.48875 0.695743
0.49125 0.695808
0.49375 0.695716
0.49625 0.69567
0.49875 0.695674
0.50125 0.695675
0.50375 0.695673
0.50625 0.69571
0.50875 0.695787
0.51125 0.695732
0.51375 0.695302
0.51625 0.694661
0.51875 0.69485
0.52125 0.697372
0.52375 0.702881
0.52625 0.710142
0.52875 0.716369
0.53125 0.718698
0.53375 0.715749
0.53625 0.70848
0.53875 0.699852
0.54125 0.693172
0.54375 0.690065
0.54625 0.689816
0.54875 0.690598
0.55125 0.691126
0.55375 0.691192
0.55625 0.691099
0.55875 0.691052
0.56125 0.691056
0.56375 0.691058
0.56625 0.691059
0.56875 0.69109
0.57125 0.691136
0.57375 0.691107
0.57625 0.6909
0.57875 0.690359
0.58125 0.689408
0.58375 0.689686
0.58625 0.696911
0.58875 0.717209
0.59125 0.742443
0.59375 0.737889
0.59625 0.658202
0.59875 0.491317
0.60125 0.285438
0.60375 0.119153
0.60625 0.0393044
0.60875 0.0321289
0.61125 0.0518234
0.61375 0.0652719
0.61625 0.0669597
0.61875 0.0645776
0.62125 0.0633872
0.62375 0.0635013
0.62625 0.0637347
0.62875 0.0637578
0.63125 0.0637645
0.63375 0.0638367
0.63625 0.0637843
0.63875 0.0633375
0.64125 0.0626736
0.64375 0.0628795
0.64625 0.0655097
0.64875 0.0711934
0.65125 0.0785833
0.65375 0.0848464
0.65625 0.0873211
0.65875 0.084994
0.66125 0.0789791
0.66375 0.0719144
0.66625 0.0665094
0.66875 0.0640187
0.67125 0.063827
0.67375 0.0644568
0.67625 0.0648815
0.67875 0.0649348
0.68125 0.0648595
0.68375 0.0648226
0.68625 0.0648252
0.68875 0.0648247
0.69125 0.0648217
0.69375 0.0648614
0.69625 0.0649421
0.69875 0.064885
0.70125 0.0644297
0.70375 0.0637553
0.70625 0.0639647
0.70875 0.0666383
0.71125 0.0724163
0.71375 0.0799292
0.71625 0.0862968
0.71875 0.0888122
0.72125 0.086444
0.72375 0.080324
0.72625 0.0731355
0.72875 0.0676355
0.73125 0.0651009
0.73375 0.0649057
0.73625 0.0655467
0.73875 0.0659788
0.74125 0.0660331
0.74375 0.0659564
0.74625 0.0659189
0.74875 0.0659215
0.75125 0.065921
0.75375 0.065918
0.75625 0.0659583
0.75875 0.0660404
0.76125 0.0659823
0.76375 0.0655196
0.76625 0.0648342
0.76875 0.065047
0.77125 0.067764
0.77375 0.0736359
0.77625 0.0812713
0.77875 0.087743
0.78125 0.0902991
0.78375 0.0878898
0.78625 0.0816648
0.78875 0.0743528
0.79125 0.068758
0.79375 0.0661796
0.79625 0.065981
0.79875 0.066633
0.80125 0.0670726
0.80375 0.0671278
0.80625 0.0670499
0.80875 0.0670116
0.81125 0.0670143
0.81375 0.0670138
0.81625 0.0670108
0.81875 0.0670517
0.82125 0.0671351
0.82375 0.0670761
0.82625 0.066606
0.82875 0.0659098
0.83125 0.0661259
0.83375 0.068886
0.83625 0.0748515
0.83875 0.0826088
0.84125 0.0891841
0.84375 0.0917806
0.84625 0.0893303
0.84875 0.0830008
0.85125 0.0755655
0.85375 0.0698761
0.85625 0.067254
0.85875 0.0670521
0.86125 0.0677151
0.86375 0.0681622
0.86625 0.0682182
0.86875 0.068139
0.87125 0.0681001
0.87375 0.0681029
0.87625 0.0681023
0.87875 0.0680992
0.88125 0.0681409
0.88375 0.0682255
0.88625 0.0681656
0.88875 0.0676882
0.89125 0.0669811
0.89375 0.0672005
0.89625 0.0700036
0.89875 0.0760621
0.90125 0.0839407
0.90375 0.0906191
0.90625 0.0932558
0.90875 0.0907646
0.91125 0.0843308
0.91375 0.0767728
0.91625 0.0709891
0.91875 0.0683235
0.92125 0.0681181
0.92375 0.0687921
0.92625 0.0692466
0.92875 0.0693036
0.93125 0.0692231
0.93375 0.0691835
0.93625 0.0691863
0.93875 0.0691858
0.94125 0.0691827
0.94375 0.0692249
0.94625 0.0693108
0.94875 0.06925
0.95125 0.0687654
0.95375 0.0680475
0.95625 0.0682702
0.95875 0.0711159
0.96125 0.0772668
0.96375 0.085266
0.96625 0.092047
0.96875 0.0947236
0.97125 0.0921917
0.97375 0.0856541
0.97625 0.0779737
0.97875 0.0720961
0.98125 0.0693871
0.98375 0.0691783
0.98625 0.0698633
0.98875 0.0703252
0.99125 0.0703832
0.99375 0.0703013
0.99625 0.0702611
0.99875 0.070264
