
# time = 1
0.000625 0.0826497
0.001875 0.0825531
0.003125 0.0819442
0.004375 0.0803589
0.005625 0.0777747
0.006875 0.0747548
0.008125 0.0721348
0.009375 0.0705126
0.010625 0.0699456
0.011875 0.0700527
0.013125 0.0703636
0.014375 0.0705942
0.015625 0.0706711
0.016875 0.0705934
0.018125 0.0703537
0.019375 0.0700269
0.020625 0.0699136
0.021875 0.0705111
0.023125 0.0722216
0.024375 0.0749846
0.025625 0.0781705
0.026875 0.080899
0.028125 0.082574
0.029375 0.0832118
0.030625 0.0832947
0.031875 0.0832806
0.033125 0.0831833
0.034375 0.0825697
0.035625 0.0809719
0.036875 0.0783673
0.038125 0.0753236
0.039375 0.0726829
0.040625 0.0710479
0.041875 0.0704764
0.043125 0.0705844
0.044375 0.0708977
0.045625 0.0711301
0.046875 0.0712076
0.048125 0.0711294
0.049375 0.0708879
0.050625 0.0705587
0.051875 0.0704445
0.053125 0.0710464
0.054375 0.0727694
0.055625 0.0755526
0.056875 0.0787618
0.058125 0.0815102
0.059375 0.0831974
0.060625 0.0838399
0.061875 0.0839235
0.063125 0.0839094
0.064375 0.0838115
0.065625 0.0831931
0.066875 0.0815828
0.068125 0.0789579
0.069375 0.0758905
0.070625 0.0732292
0.071875 0.0715814
0.073125 0.0710055
0.074375 0.0711143
0.075625 0.07143
0.076875 0.0716642
0.078125 0.0717423
0.079375 0.0716635
0.080625 0.0714202
0.081875 0.0710887
0.083125 0.0709737
0.084375 0.0715799
0.085625 0.0733153
0.086875 0.0761186
0.088125 0.079351
0.089375 0.0821192
0.090625 0.0838186
0.091875 0.0844658
0.093125 0.08455
0.094375 0.0845361
0.095625 0.0844375
0.096875 0.0838144
0.098125 0.0821916
0.099375 0.0795464
0.100625 0.0764553
0.101875 0.0737735
0.103125 0.072113
0.104375 0.0715326
0.105625 0.0716423
0.106875 0.0719604
0.108125 0.0721964
0.109375 0.0722751
0.110625 0.0721957
0.111875 0.0719507
0.113125 0.0716167
0.114375 0.0715009
0.115625 0.0721115
0.116875 0.0738593
0.118125 0.0766826
0.119375 0.0799381
0.120625 0.082726
0.121875 0.0844375
0.123125 0.0850893
0.124375 0.0851743
0.125625 0.0851604
0.126875 0.0850611
0.128125 0.0844333
0.129375 0.0827981
0.130625 0.0801327
0.131875 0.077018
0.133125 0.0743157
0.134375 0.0726425
0.135625 0.0720577
0.136875 0.0721682
0.138125 0.0724888
0.139375 0.0727266
0.140625 0.0728058
0.141875 0.0727258
0.143125 0.0724791
0.144375 0.0721428
0.145625 0.0720262
0.146875 0.072641
0.148125 0.0744012
0.149375 0.0772444
0.150625 0.0805228
0.151875 0.0833304
0.153125 0.085054
0.154375 0.0857104
0.155625 0.0857961
0.156875 0.0857822
0.158125 0.0856823
0.159375 0.0850498
0.160625 0.0834022
0.161875 0.0807167
0.163125 0.0775784
0.164375 0.0748558
0.165625 0.0731699
0.166875 0.0725807
0.168125 0.0726921
0.169375 0.0730151
0.170625 0.0732546
0.171875 0.0733344
0.173125 0.0732539
0.174375 0.0730054
0.175625 0.0726667
0.176875 0.0725493
0.178125 0.0731684
0.179375 0.0749409
0.180625 0.0778039
0.181875 0.0811052
0.183125 0.0839324
0.184375 0.0856679
0.185625 0.0863289
0.186875 0.0864153
0.188125 0.0864015
0.189375 0.086301
0.190625 0.0856637
0.191875 0.0840038
0.193125 0.0812983
0.194375 0.0781365
0.195625 0.0753935
0.196875 0.0736951
0.198125 0.0731015
0.199375 0.0732137
0.200625 0.0735391
0.201875 0.0737804
0.203125 0.0738608
0.204375 0.0737797
0.205625 0.0735294
0.206875 0.0731885
0.208125 0.0730702
0.209375 0.0736936
0.210625 0.0754783
0.211875 0.078361
0.213125 0.081685
0.214375 0.0845317
0.215625 0.0862792
0.216875 0.0869448
0.218125 0.0870318
0.219375 0.0870181
0.220625 0.0869169
0.221875 0.086275
0.223125 0.0846028
0.224375 0.0818772
0.225625 0.0786921
0.226875 0.0759289
0.228125 0.0742179
0.229375 0.0736199
0.230625 0.073733
0.231875 0.0740608
0.233125 0.0743038
0.234375 0.0743848
0.235625 0.0743031
0.236875 0.0740512
0.238125 0.0737078
0.239375 0.0735888
0.240625 0.0742164
0.241875 0.0760132
0.243125 0.0789156
0.244375 0.0822622
0.245625 0.0851282
0.246875 0.0868876
0.248125 0.0875577
0.249375 0.0876455
0.250625 0.0876318
0.251875 0.08753
0.253125 0.0868834
0.254375 0.085199
0.255625 0.0824535
0.256875 0.0792452
0.258125 0.0764617
0.259375 0.0747383
0.260625 0.0741359
0.261875 0.0742498
0.263125 0.07458
0.264375 0.0748248
0.265625 0.0749063
0.266875 0.0748241
0.268125 0.0745704
0.269375 0.0742248
0.270625 0.0741049
0.271875 0.0747368
0.273125 0.0765457
0.274375 0.0794676
0.275625 0.0828367
0.276875 0.0857219
0.278125 0.0874931
0.279375 0.0881678
0.280625 0.0882562
0.281875 0.0882426
0.283125 0.0881402
0.284375 0.087489
0.285625 0.0857924
0.286875 0.083027
0.288125 0.0797955
0.289375 0.076992
0.290625 0.0752561
0.291875 0.0746494
0.293125 0.074764
0.294375 0.0750966
0.295625 0.0753432
0.296875 0.0754253
0.298125 0.0753424
0.299375 0.0750871
0.300625 0.0747392
0.301875 0.0746185
0.303125 0.0752546
0.304375 0.0770755
0.305625 0.0800168
0.306875 0.0834082
0.308125 0.0863126
0.309375 0.0880955
0.310625 0.0887747
0.311875 0.0888639
0.313125 0.0888503
0.314375 0.0887473
0.315625 0.0880914
0.316875 0.0863827
0.318125 0.0835976
0.319375 0.080343
0.320625 0.0775194
0.321875 0.0757712
0.323125 0.0751601
0.324375 0.0752756
0.325625 0.0756106
0.326875 0.0758589
0.328125 0.0759416
0.329375 0.0758582
0.330625 0.0756011
0.331875 0.0752509
0.333125 0.0751295
0.334375 0.0757697
0.335625 0.0776025
0.336875 0.0805631
0.338125 0.0839768
0.339375 0.0869002
0.340625 0.0886948
0.341875 0.0893784
0.343125 0.0894683
0.344375 0.0894548
0.345625 0.0893511
0.346875 0.0886907
0.348125 0.0869699
0.349375 0.0841651
0.350625 0.0808876
0.351875 0.0780441
0.353125 0.0762835
0.354375 0.0756681
0.355625 0.0757844
0.356875 0.0761217
0.358125 0.0763718
0.359375 0.076455
0.360625 0.0763711
0.361875 0.0761123
0.363125 0.0757598
0.364375 0.0756376
0.365625 0.076282
0.366875 0.0781267
0.368125 0.0811064
0.369375 0.0845422
0.370625 0.0874845
0.371875 0.0892907
0.373125 0.0899787
0.374375 0.0900692
0.375625 0.0900561
0.376875 0.0899523
0.378125 0.0892861
0.379375 0.0875495
0.380625 0.0847258
0.381875 0.0814457
0.383125 0.0786117
0.384375 0.0767934
0.385625 0.0759634
0.386875 0.0758897
0.388125 0.0767209
0.389375 0.0786792
0.390625 0.0804335
0.391875 0.0779136
0.393125 0.0668737
0.394375 0.0501026
0.395625 0.0439644
0.396875 0.0752721
0.398125 0.165351
0.399375 0.311096
0.400625 0.479819
0.401875 0.625526
0.403125 0.715566
0.404375 0.746918
0.405625 0.740994
0.406875 0.724564
0.408125 0.71368
0.409375 0.710575
0.410625 0.710501
0.411875 0.709363
0.413125 0.706532
0.414375 0.703458
0.415625 0.701463
0.416875 0.700794
0.418125 0.700942
0.419375 0.701302
0.420625 0.701549
0.421875 0.701622
0.423125 0.701547
0.424375 0.701334
0.425625 0.701052
0.426875 0.700955
0.428125 0.701469
0.429375 0.702936
0.430625 0.705306
0.431875 0.708035
0.433125 0.710367
0.434375 0.711795
0.435625 0.712353
0.436875 0.712472
0.438125 0.712534
0.439375 0.712477
0.440625 0.711814
0.441875 0.71005
0.443125 0.707179
0.444375 0.703831
0.445625 0.700929
0.446875 0.699133
0.448125 0.698506
0.449375 0.698625
0.450625 0.698967
0.451875 0.699215
0.453125 0.699292
0.454375 0.699218
0.455625 0.699003
0.456875 0.698718
0.458125 0.69862
0.459375 0.699138
0.460625 0.700619
0.461875 0.70301
0.463125 0.705763
0.464375 0.708116
0.465625 0.709557
0.466875 0.71012
0.468125 0.710239
0.469375 0.7103
0.470625 0.710243
0.471875 0.709576
0.473125 0.7078
0.474375 0.704909
0.475625 0.701539
0.476875 0.698617
0.478125 0.696809
0.479375 0.696178
0.480625 0.696298
0.481875 0.696643
0.483125 0.696892
0.484375 0.69697
0.485625 0.696895
0.486875 0.696678
0.488125 0.69639
0.489375 0.696292
0.490625 0.696815
0.491875 0.698308
0.493125 0.70072
0.494375 0.703498
0.495625 0.705871
0.496875 0.707325
0.498125 0.707893
0.499375 0.708013
0.500625 0.708074
0.501875 0.708016
0.503125 0.707344
0.504375 0.705556
0.505625 0.702647
0.506875 0.699254
0.508125 0.696313
0.509375 0.694493
0.510625 0.693857
0.511875 0.693978
0.513125 0.694325
0.514375 0.694576
0.515625 0.694654
0.516875 0.694579
0.518125 0.69436
0.519375 0.69407
0.520625 0.693971
0.521875 0.694498
0.523125 0.696005
0.524375 0.698438
0.525625 0.70124
0.526875 0.703634
0.528125 0.7051
0.529375 0.705673
0.530625 0.705794
0.531875 0.705854
0.533125 0.705795
0.534375 0.705119
0.535625 0.703319
0.536875 0.700391
0.538125 0.696976
0.539375 0.694016
0.540625 0.692184
0.541875 0.691544
0.543125 0.691666
0.544375 0.692015
0.545625 0.692268
0.546875 0.692347
0.548125 0.69227
0.549375 0.69205
0.550625 0.691758
0.551875 0.691658
0.553125 0.692189
0.554375 0.693709
0.555625 0.696163
0.556875 0.698989
0.558125 0.701403
0.559375 0.702883
0.560625 0.70346
0.561875 0.703582
0.563125 0.703642
0.564375 0.703583
0.565625 0.702901
0.566875 0.701091
0.568125 0.698143
0.569375 0.694706
0.570625 0.691727
0.571875 0.689883
0.573125 0.689239
0.574375 0.689362
0.575625 0.689713
0.576875 0.689967
0.578125 0.690047
0.579375 0.689974
0.580625 0.689752
0.581875 0.689436
0.583125 0.689306
0.584375 0.689888
0.585625 0.691631
0.586875 0.694296
0.588125 0.696655
0.589375 0.697384
0.590625 0.697206
0.591875 0.700223
0.593125 0.711125
0.594375 0.727601
0.595625 0.733556
0.596875 0.702211
0.598125 0.612166
0.599375 0.466454
0.600625 0.29773
0.601875 0.151985
0.603125 0.0619072
0.604375 0.0306002
0.605625 0.0367388
0.606875 0.0535086
0.608125 0.0645441
0.609375 0.0670597
0.610625 0.0653116
0.611875 0.0633811
0.613125 0.0625923
0.614375 0.0626816
0.615625 0.0634324
0.616875 0.0650226
0.618125 0.0674879
0.619375 0.0703443
0.620625 0.0728076
0.621875 0.074324
0.623125 0.0749009
0.624375 0.0749741
0.625625 0.0749594
0.626875 0.0748709
0.628125 0.0743202
0.629375 0.0728868
0.630625 0.0705502
0.631875 0.0678195
0.633125 0.0654504
0.634375 0.0639834
0.635625 0.0634707
0.636875 0.0635676
0.638125 0.0638487
0.639375 0.0640574
0.640625 0.0641272
0.641875 0.0640566
0.643125 0.0638386
0.644375 0.0635411
0.645625 0.0634379
0.646875 0.0639819
0.648125 0.0655393
0.649375 0.068055
0.650625 0.070956
0.651875 0.0734405
0.653125 0.0749658
0.654375 0.0755463
0.655625 0.0756206
0.656875 0.0756062
0.658125 0.075517
0.659375 0.0749614
0.660625 0.0735152
0.661875 0.0711579
0.663125 0.068403
0.664375 0.0660128
0.665625 0.0645328
0.666875 0.0640155
0.668125 0.0641133
0.669375 0.0643969
0.670625 0.0646075
0.671875 0.0646778
0.673125 0.0646067
0.674375 0.0643868
0.675625 0.0640868
0.676875 0.0639827
0.678125 0.0645313
0.679375 0.0661016
0.680625 0.0686382
0.681875 0.0715632
0.683125 0.0740683
0.684375 0.0756063
0.685625 0.0761916
0.686875 0.0762667
0.688125 0.0762523
0.689375 0.0761624
0.690625 0.0756019
0.691875 0.074143
0.693125 0.071765
0.694375 0.0689858
0.695625 0.0665746
0.696875 0.0650816
0.698125 0.0645597
0.699375 0.0646583
0.700625 0.0649444
0.701875 0.0651568
0.703125 0.0652278
0.704375 0.0651561
0.705625 0.0649343
0.706875 0.0646319
0.708125 0.064527
0.709375 0.06508
0.710625 0.0666633
0.711875 0.0692207
0.713125 0.0721698
0.714375 0.0746954
0.715625 0.076246
0.716875 0.0768361
0.718125 0.0769119
0.719375 0.0768975
0.720625 0.076807
0.721875 0.0762416
0.723125 0.07477
0.724375 0.0723712
0.725625 0.0695678
0.726875 0.0671356
0.728125 0.0656296
0.729375 0.0651032
0.730625 0.0652026
0.731875 0.0654912
0.733125 0.0657055
0.734375 0.065777
0.735625 0.0657047
0.736875 0.0654812
0.738125 0.0651763
0.739375 0.0650705
0.740625 0.065628
0.741875 0.0672241
0.743125 0.0698024
0.744375 0.0727754
0.745625 0.0753216
0.746875 0.0768847
0.748125 0.0774797
0.749375 0.0775562
0.750625 0.0775418
0.751875 0.0774506
0.753125 0.0768804
0.754375 0.0753961
0.755625 0.0729766
0.756875 0.0701489
0.758125 0.0676957
0.759375 0.0661767
0.760625 0.0656458
0.761875 0.0657461
0.763125 0.0660372
0.764375 0.0662533
0.765625 0.0663254
0.766875 0.0662525
0.768125 0.0660271
0.769375 0.0657198
0.770625 0.0656132
0.771875 0.0661752
0.773125 0.0677842
0.774375 0.0703832
0.775625 0.0733801
0.776875 0.0759468
0.778125 0.0775225
0.779375 0.0781223
0.780625 0.0781995
0.781875 0.0781851
0.783125 0.0780932
0.784375 0.0775181
0.785625 0.0760211
0.786875 0.0735809
0.788125 0.0707291
0.789375 0.0682549
0.790625 0.066723
0.791875 0.0661875
0.793125 0.0662887
0.794375 0.0665823
0.795625 0.0668002
0.796875 0.0668729
0.798125 0.0667994
0.799375 0.0665722
0.800625 0.0662624
0.801875 0.0661549
0.803125 0.0667214
0.804375 0.0683432
0.805625 0.070963
0.806875 0.0739837
0.808125 0.0765709
0.809375 0.0781591
0.810625 0.0787637
0.811875 0.0788416
0.813125 0.0788273
0.814375 0.0787347
0.815625 0.0781547
0.816875 0.076645
0.818125 0.0741842
0.819375 0.0713083
0.820625 0.0688131
0.821875 0.0672682
0.823125 0.0667282
0.824375 0.0668302
0.825625 0.0671263
0.826875 0.067346
0.828125 0.0674193
0.829375 0.0673452
0.830625 0.0671163
0.831875 0.066804
0.833125 0.0666957
0.834375 0.0672666
0.835625 0.0689012
0.836875 0.0715416
0.838125 0.0745862
0.839375 0.0771937
0.840625 0.0787945
0.841875 0.0794038
0.843125 0.0794825
0.844375 0.0794682
0.845625 0.0793749
0.846875 0.0787901
0.848125 0.0772677
0.849375 0.0747862
0.850625 0.0718862
0.851875 0.0693702
0.853125 0.0678123
0.854375 0.0672678
0.855625 0.0673707
0.856875 0.0676692
0.858125 0.0678907
0.859375 0.0679647
0.860625 0.06789
0.861875 0.0676592
0.863125 0.0673445
0.864375 0.0672353
0.865625 0.0678107
0.866875 0.0694581
0.868125 0.0721191
0.869375 0.0751874
0.870625 0.0778152
0.871875 0.0794285
0.873125 0.0800426
0.874375 0.0801219
0.875625 0.0801077
0.876875 0.0800137
0.878125 0.0794241
0.879375 0.0778891
0.880625 0.075387
0.881875 0.0724629
0.883125 0.069926
0.884375 0.0683552
0.885625 0.0678061
0.886875 0.0679099
0.888125 0.0682109
0.889375 0.0684343
0.890625 0.0685088
0.891875 0.0684335
0.893125 0.0682009
0.894375 0.0678838
0.895625 0.0677738
0.896875 0.0683536
0.898125 0.0700137
0.899375 0.0726952
0.900625 0.0757872
0.901875 0.0784353
0.903125 0.080061
0.904375 0.0806799
0.905625 0.0807599
0.906875 0.0807457
0.908125 0.0806511
0.909375 0.0800566
0.910625 0.078509
0.911875 0.0759863
0.913125 0.0730382
0.914375 0.0704805
0.915625 0.0688967
0.916875 0.0683432
0.918125 0.0684478
0.919375 0.0687513
0.920625 0.0689765
0.921875 0.0690516
0.923125 0.0689757
0.924375 0.0687413
0.925625 0.0684218
0.926875 0.0683109
0.928125 0.0688952
0.929375 0.0705679
0.930625 0.0732699
0.931875 0.0763856
0.933125 0.0790539
0.934375 0.0806919
0.935625 0.0813156
0.936875 0.0813963
0.938125 0.0813821
0.939375 0.0812868
0.940625 0.0806876
0.941875 0.0791274
0.943125 0.0765841
0.944375 0.073612
0.945625 0.0710335
0.946875 0.0694369
0.948125 0.0688789
0.949375 0.0689843
0.950625 0.0692902
0.951875 0.0695173
0.953125 0.069593
0.954375 0.0695165
0.955625 0.0692803
0.956875 0.0689583
0.958125 0.0688467
0.959375 0.0694354
0.960625 0.0711207
0.961875 0.0738431
0.963125 0.0769823
0.964375 0.0796707
0.965625 0.0813211
0.966875 0.0819495
0.968125 0.082031
0.969375 0.0820168
0.970625 0.0819209
0.971875 0.0813168
0.973125 0.079744
0.974375 0.0771803
0.975625 0.0741843
0.976875 0.071585
0.978125 0.0699755
0.979375 0.069413
0.980625 0.0695193
0.981875 0.0698277
0.983125 0.0700565
0.984375 0.0701328
0.985625 0.0700558
0.986875 0.0698178
0.988125 0.0694934
0.989375 0.0693809
0.990625 0.069974
0.991875 0.071672
0.993125 0.0744147
0.994375 0.0775773
0.995625 0.0802858
0.996875 0.0819485
0.998125 0.0825817
0.999375 0.0826638
