
# time = 1
0.0005 0.0232796
0.0015 0.0171793
0.0025 0.0110782
0.0035 0.00497674
0.0045 -0.00112493
0.0055 -0.00722656
0.0065 -0.0133279
0.0075 -0.0194287
0.0085 -0.0255288
0.0095 -0.0316278
0.0105 -0.0377256
0.0115 -0.0438219
0.0125 -0.0499165
0.0135 -0.0560091
0.0145 -0.0620994
0.0155 -0.0681874
0.0165 -0.0742726
0.0175 -0.0803549
0.0185 -0.086434
0.0195 -0.0925097
0.0205 -0.0985818
0.0215 -0.10465
0.0225 -0.110714
0.0235 -0.116774
0.0245 -0.122829
0.0255 -0.128879
0.0265 -0.134924
0.0275 -0.140964
0.0285 -0.146998
0.0295 -0.153026
0.0305 -0.159049
0.0315 -0.165065
0.0325 -0.171074
0.0335 -0.177077
0.0345 -0.183073
0.0355 -0.189062
0.0365 -0.195043
0.0375 -0.201016
0.0385 -0.206982
0.0395 -0.212939
0.0405 -0.218888
0.0415 -0.224828
0.0425 -0.23076
0.0435 -0.236682
0.0445 -0.242595
0.0455 -0.248498
0.0465 -0.254392
0.0475 -0.260275
0.0485 -0.266148
0.0495 -0.272011
0.0505 -0.277863
0.0515 -0.283704
0.0525 -0.289534
0.0535 -0.295352
0.0545 -0.301159
0.0555 -0.306954
0.0565 -0.312737
0.0575 -0.318507
0.0585 -0.324265
0.0595 -0.33001
0.0605 -0.335742
0.0615 -0.34146
0.0625 -0.347166
0.0635 -0.352857
0.0645 -0.358535
0.0655 -0.364198
0.0665 -0.369847
0.0675 -0.375482
0.0685 -0.381101
0.0695 -0.386706
0.0705 -0.392295
0.0715 -0.397869
0.0725 -0.403427
0.0735 -0.408969
0.0745 -0.414495
0.0755 -0.420005
0.0765 -0.425498
0.0775 -0.430975
0.0785 -0.436434
0.0795 -0.441876
0.0805 -0.447301
0.0815 -0.452708
0.0825 -0.458097
0.0835 -0.463468
0.0845 -0.46882
0.0855 -0.474155
0.0865 -0.47947
0.0875 -0.484767
0.0885 -0.490044
0.0895 -0.495302
0.0905 -0.500541
0.0915 -0.505759
0.0925 -0.510958
0.0935 -0.516137
0.0945 -0.521295
0.0955 -0.526433
0.0965 -0.531549
0.0975 -0.536645
0.0985 -0.54172
0.0995 -0.546773
0.1005 -0.551805
0.1015 -0.556815
0.1025 -0.561803
0.1035 -0.566769
0.1045 -0.571712
0.1055 -0.576633
0.1065 -0.581531
0.1075 -0.586406
0.1085 -0.591258
0.1095 -0.596087
0.1105 -0.600892
0.1115 -0.605673
0.1125 -0.610431
0.1135 -0.615164
0.1145 -0.619873
0.1155 -0.624558
0.1165 -0.629218
0.1175 -0.633853
0.1185 -0.638463
0.1195 -0.643048
0.1205 -0.647607
0.1215 -0.652141
0.1225 -0.656649
0.1235 -0.661132
0.1245 -0.665588
0.1255 -0.670018
0.1265 -0.674421
0.1275 -0.678798
0.1285 -0.683148
0.1295 -0.687471
0.1305 -0.691767
0.1315 -0.696036
0.1325 -0.700277
0.1335 -0.70449
0.1345 -0.708676
0.1355 -0.712833
0.1365 -0.716963
0.1375 -0.721064
0.1385 -0.725137
0.1395 -0.729181
0.1405 -0.733196
0.1415 -0.737183
0.1425 -0.74114
0.1435 -0.745068
0.1445 -0.748967
0.1455 -0.752836
0.1465 -0.756675
0.1475 -0.760485
0.1485 -0.764264
0.1495 -0.768013
0.1505 -0.771732
0.1515 -0.775421
0.1525 -0.779079
0.1535 -0.782706
0.1545 -0.786302
0.1555 -0.789867
0.1565 -0.793401
0.1575 -0.796904
0.1585 -0.800375
0.1595 -0.803815
0.1605 -0.807223
0.1615 -0.810599
0.1625 -0.813943
0.1635 -0.817254
0.1645 -0.820534
0.1655 -0.823781
0.1665 -0.826996
0.1675 -0.830178
0.1685 -0.833327
0.1695 -0.836444
0.1705 -0.839527
0.1715 -0.842577
0.1725 -0.845594
0.1735 -0.848578
0.1745 -0.851528
0.1755 -0.854444
0.1765 -0.857327
0.1775 -0.860176
0.1785 -0.862991
0.1795 -0.865771
0.1805 -0.868518
0.1815 -0.87123
0.1825 -0.873908
0.1835 -0.876552
0.1845 -0.879161
0.1855 -0.881735
0.1865 -0.884274
0.1875 -0.886779
0.1885 -0.889248
0.1895 -0.891682
0.1905 -0.894081
0.1915 -0.896445
0.1925 -0.898774
0.1935 -0.901067
0.1945 -0.903324
0.1955 -0.905546
0.1965 -0.907732
0.1975 -0.909882
0.1985 -0.911996
0.1995 -0.914074
0.2005 -0.916116
0.2015 -0.918122
0.2025 -0.920092
0.2035 -0.922025
0.2045 -0.923922
0.2055 -0.925782
0.2065 -0.927606
0.2075 -0.929393
0.2085 -0.931144
0.2095 -0.932858
0.2105 -0.934535
0.2115 -0.936175
0.2125 -0.937778
0.2135 -0.939344
0.2145 -0.940873
0.2155 -0.942365
0.2165 -0.943819
0.2175 -0.945237
0.2185 -0.946617
0.2195 -0.94796
0.2205 -0.949265
0.2215 -0.950533
0.2225 -0.951763
0.2235 -0.952955
0.2245 -0.95411
0.2255 -0.955228
0.2265 -0.956307
0.2275 -0.957349
0.2285 -0.958353
0.2295 -0.95932
0.2305 -0.960248
0.2315 -0.961138
0.2325 -0.961991
0.2335 -0.962805
0.2345 -0.963581
0.2355 -0.96432
0.2365 -0.965021
0.2375 -0.965682
0.2385 -0.966307
0.2395 -0.966893
0.2405 -0.96744
0.2415 -0.96795
0.2425 -0.968422
0.2435 -0.968855
0.2445 -0.969249
0.2455 -0.969606
0.2465 -0.969925
0.2475 -0.970204
0.2485 -0.970446
0.2495 -0.970651
0.2505 -0.970815
0.2515 -0.970943
0.2525 -0.971032
0.2535 -0.971082
0.2545 -0.971095
0.2555 -0.971068
0.2565 -0.971002
0.2575 -0.970901
0.2585 -0.97076
0.2595 -0.97058
0.2605 -0.970363
0.2615 -0.970107
0.2625 -0.969813
0.2635 -0.96948
0.2645 -0.96911
0.2655 -0.9687
0.2665 -0.968253
0.2675 -0.967768
0.2685 -0.967244
0.2695 -0.966682
0.2705 -0.966082
0.2715 -0.965444
0.2725 -0.964768
0.2735 -0.964053
0.2745 -0.963301
0.2755 -0.96251
0.2765 -0.961681
0.2775 -0.960815
0.2785 -0.95991
0.2795 -0.958968
0.2805 -0.957988
0.2815 -0.95697
0.2825 -0.955914
0.2835 -0.954821
0.2845 -0.953689
0.2855 -0.95252
0.2865 -0.951314
0.2875 -0.95007
0.2885 -0.948788
0.2895 -0.947469
0.2905 -0.946112
0.2915 -0.944719
0.2925 -0.943288
0.2935 -0.941819
0.2945 -0.940314
0.2955 -0.938771
0.2965 -0.937191
0.2975 -0.935574
0.2985 -0.933921
0.2995 -0.93223
0.3005 -0.930503
0.3015 -0.928739
0.3025 -0.926938
0.3035 -0.9251
0.3045 -0.923227
0.3055 -0.921316
0.3065 -0.919369
0.3075 -0.917386
0.3085 -0.915367
0.3095 -0.913312
0.3105 -0.91122
0.3115 -0.909093
0.3125 -0.90693
0.3135 -0.90473
0.3145 -0.902496
0.3155 -0.900225
0.3165 -0.897919
0.3175 -0.895578
0.3185 -0.893201
0.3195 -0.890789
0.3205 -0.888342
0.3215 -0.885859
0.3225 -0.883342
0.3235 -0.88079
0.3245 -0.878203
0.3255 -0.875581
0.3265 -0.872925
0.3275 -0.870234
0.3285 -0.867509
0.3295 -0.86475
0.3305 -0.861957
0.3315 -0.859129
0.3325 -0.856268
0.3335 -0.853373
0.3345 -0.850444
0.3355 -0.847481
0.3365 -0.844486
0.3375 -0.841456
0.3385 -0.838394
0.3395 -0.835298
0.3405 -0.83217
0.3415 -0.829008
0.3425 -0.825814
0.3435 -0.822588
0.3445 -0.819329
0.3455 -0.816037
0.3465 -0.812713
0.3475 -0.809357
0.3485 -0.80597
0.3495 -0.80255
0.3505 -0.799099
0.3515 -0.795616
0.3525 -0.792102
0.3535 -0.788556
0.3545 -0.78498
0.3555 -0.781372
0.3565 -0.777734
0.3575 -0.774064
0.3585 -0.770365
0.3595 -0.766635
0.3605 -0.762874
0.3615 -0.759084
0.3625 -0.755263
0.3635 -0.751413
0.3645 -0.747533
0.3655 -0.743623
0.3665 -0.739684
0.3675 -0.735716
0.3685 -0.731719
0.3695 -0.727693
0.3705 -0.723639
0.3715 -0.719555
0.3725 -0.715444
0.3735 -0.711304
0.3745 -0.707136
0.3755 -0.70294
0.3765 -0.698716
0.3775 -0.694465
0.3785 -0.690186
0.3795 -0.68588
0.3805 -0.681547
0.3815 -0.677187
0.3825 -0.672801
0.3835 -0.668388
0.3845 -0.663948
0.3855 -0.659482
0.3865 -0.65499
0.3875 -0.650473
0.3885 -0.645929
0.3895 -0.64136
0.3905 -0.636766
0.3915 -0.632147
0.3925 -0.627503
0.3935 -0.622833
0.3945 -0.61814
0.3955 -0.613422
0.3965 -0.608679
0.3975 -0.603913
0.3985 -0.599123
0.3995 -0.594309
0.4005 -0.589472
0.4015 -0.584611
0.4025 -0.579728
0.4035 -0.574821
0.4045 -0.569892
0.4055 -0.56494
0.4065 -0.559967
0.4075 -0.55497
0.4085 -0.549952
0.4095 -0.544913
0.4105 -0.539851
0.4115 -0.534769
0.4125 -0.529665
0.4135 -0.524541
0.4145 -0.519395
0.4155 -0.51423
0.4165 -0.509044
0.4175 -0.503837
0.4185 -0.498611
0.4195 -0.493366
0.4205 -0.4881
0.4215 -0.482816
0.4225 -0.477512
0.4235 -0.47219
0.4245 -0.466849
0.4255 -0.461489
0.4265 -0.456112
0.4275 -0.450716
0.4285 -0.445303
0.4295 -0.439871
0.4305 -0.434423
0.4315 -0.428957
0.4325 -0.423475
0.4335 -0.417976
0.4345 -0.41246
0.4355 -0.406928
0.4365 -0.40138
0.4375 -0.395816
0.4385 -0.390236
0.4395 -0.384641
0.4405 -0.379031
0.4415 -0.373406
0.4425 -0.367766
0.4435 -0.362112
0.4445 -0.356443
0.4455 -0.35076
0.4465 -0.345064
0.4475 -0.339353
0.4485 -0.33363
0.4495 -0.327893
0.4505 -0.322143
0.4515 -0.316381
0.4525 -0.310606
0.4535 -0.304819
0.4545 -0.29902
0.4555 -0.293208
0.4565 -0.287386
0.4575 -0.281552
0.4585 -0.275707
0.4595 -0.269851
0.4605 -0.263984
0.4615 -0.258107
0.4625 -0.25222
0.4635 -0.246323
0.4645 -0.240416
0.4655 -0.234499
0.4665 -0.228574
0.4675 -0.222639
0.4685 -0.216696
0.4695 -0.210743
0.4705 -0.204783
0.4715 -0.198815
0.4725 -0.192838
0.4735 -0.186854
0.4745 -0.180863
0.4755 -0.174865
0.4765 -0.168859
0.4775 -0.162847
0.4785 -0.156829
0.4795 -0.150804
0.4805 -0.144774
0.4815 -0.138737
0.4825 -0.132696
0.4835 -0.126649
0.4845 -0.120597
0.4855 -0.11454
0.4865 -0.108479
0.4875 -0.102413
0.4885 -0.0963434
0.4895 -0.0902699
0.4905 -0.0841929
0.4915 -0.0781126
0.4925 -0.0720292
0.4935 -0.0659429
0.4945 -0.0598541
0.4955 -0.0537628
0.4965 -0.0476695
0.4975 -0.0415742
0.4985 -0.0354773
0.4995 -0.0293791
0.5005 -0.0232796
0.5015 -0.0171793
0.5025 -0.0110782
0.5035 -0.00497674
0.5045 0.00112493
0.5055 0.00722656
0.5065 0.0133279
0.5075 0.0194287
0.5085 0.0255288
0.5095 0.0316278
0.5105 0.0377256
0.5115 0.0438219
0.5125 0.0499165
0.5135 0.0560091
0.5145 0.0620994
0.5155 0.0681874
0.5165 0.0742726
0.5175 0.0803549
0.5185 0.086434
0.5195 0.0925097
0.5205 0.0985818
0.5215 0.10465
0.5225 0.110714
0.5235 0.116774
0.5245 0.122829
0.5255 0.128879
0.5265 0.134924
0.5275 0.140964
0.5285 0.146998
0.5295 0.153026
0.5305 0.159049
0.5315 0.165065
0.5325 0.171074
0.5335 0.177077
0.5345 0.183073
0.5355 0.189062
0.5365 0.195043
0.5375 0.201016
0.5385 0.206982
0.5395 0.212939
0.5405 0.218888
0.5415 0.224828
0.5425 0.23076
0.5435 0.236682
0.5445 0.242595
0.5455 0.248498
0.5465 0.254392
0.5475 0.260275
0.5485 0.266148
0.5495 0.272011
0.5505 0.277863
0.5515 0.283704
0.5525 0.289534
0.5535 0.295352
0.5545 0.301159
0.5555 0.306954
0.5565 0.312737
0.5575 0.318507
0.5585 0.324265
0.5595 0.33001
0.5605 0.335742
0.5615 0.34146
0.5625 0.347166
0.5635 0.352857
0.5645 0.358535
0.5655 0.364198
0.5665 0.369847
0.5675 0.375482
0.5685 0.381101
0.5695 0.386706
0.5705 0.392295
0.5715 0.397869
0.5725 0.403427
0.5735 0.408969
0.5745 0.414495
0.5755 0.420005
0.5765 0.425498
0.5775 0.430975
0.5785 0.436434
0.5795 0.441876
0.5805 0.447301
0.5815 0.452708
0.5825 0.458097
0.5835 0.463468
0.5845 0.46882
0.5855 0.474155
0.5865 0.47947
0.5875 0.484767
0.5885 0.490044
0.5895 0.495302
0.5905 0.500541
0.5915 0.505759
0.5925 0.510958
0.5935 0.516137
0.5945 0.521295
0.5955 0.526433
0.5965 0.531549
0.5975 0.536645
0.5985 0.54172
0.5995 0.546773
0.6005 0.551805
0.6015 0.556815
0.6025 0.561803
0.6035 0.566769
0.6045 0.571712
0.6055 0.576633
0.6065 0.581531
0.6075 0.586406
0.6085 0.591258
0.6095 0.596087
0.6105 0.600892
0.6115 0.605673
0.6125 0.610431
0.6135 0.615164
0.6145 0.619873
0.6155 0.624558
0.6165 0.629218
0.6175 0.633853
0.6185 0.638463
0.6195 0.643048
0.6205 0.647607
0.6215 0.652141
0.6225 0.656649
0.6235 0.661132
0.6245 0.665588
0.6255 0.670018
0.6265 0.674421
0.6275 0.678798
0.6285 0.683148
0.6295 0.687471
0.6305 0.691767
0.6315 0.696036
0.6325 0.700277
0.6335 0.70449
0.6345 0.708676
0.6355 0.712833
0.6365 0.716963
0.6375 0.721064
0.6385 0.725137
0.6395 0.729181
0.6405 0.733196
0.6415 0.737183
0.6425 0.74114
0.6435 0.745068
0.6445 0.748967
0.6455 0.752836
0.6465 0.756675
0.6475 0.760485
0.6485 0.764264
0.6495 0.768013
0.6505 0.771732
0.6515 0.775421
0.6525 0.779079
0.6535 0.782706
0.6545 0.786302
0.6555 0.789867
0.6565 0.793401
0.6575 0.796904
0.6585 0.800375
0.6595 0.803815
0.6605 0.807223
0.6615 0.810599
0.6625 0.813943
0.6635 0.817254
0.6645 0.820534
0.6655 0.823781
0.6665 0.826996
0.6675 0.830178
0.6685 0.833327
0.6695 0.836444
0.6705 0.839527
0.6715 0.842577
0.6725 0.845594
0.6735 0.848578
0.6745 0.851528
0.6755 0.854444
0.6765 0.857327
0.6775 0.860176
0.6785 0.862991
0.6795 0.865771
0.6805 0.868518
0.6815 0.87123
0.6825 0.873908
0.6835 0.876552
0.6845 0.879161
0.6855 0.881735
0.6865 0.884274
0.6875 0.886779
0.6885 0.889248
0.6895 0.891682
0.6905 0.894081
0.6915 0.896445
0.6925 0.898774
0.6935 0.901067
0.6945 0.903324
0.6955 0.905546
0.6965 0.907732
0.6975 0.909882
0.6985 0.911996
0.6995 0.914074
0.7005 0.916116
0.7015 0.918122
0.7025 0.920092
0.7035 0.922025
0.7045 0.923922
0.7055 0.925782
0.7065 0.927606
0.7075 0.929393
0.7085 0.931144
0.7095 0.932858
0.7105 0.934535
0.7115 0.936175
0.7125 0.937778
0.7135 0.939344
0.7145 0.940873
0.7155 0.942365
0.7165 0.943819
0.7175 0.945237
0.7185 0.946617
0.7195 0.94796
0.7205 0.949265
0.7215 0.950533
0.7225 0.951763
0.7235 0.952955
0.7245 0.95411
0.7255 0.955228
0.7265 0.956307
0.7275 0.957349
0.7285 0.958353
0.7295 0.95932
0.7305 0.960248
0.7315 0.961138
0.7325 0.961991
0.7335 0.962805
0.7345 0.963581
0.7355 0.96432
0.7365 0.965021
0.7375 0.965682
0.7385 0.966307
0.7395 0.966893
0.7405 0.96744
0.7415 0.96795
0.7425 0.968422
0.7435 0.968855
0.7445 0.969249
0.7455 0.969606
0.7465 0.969925
0.7475 0.970204
0.7485 0.970446
0.7495 0.970651
0.7505 0.970815
0.7515 0.970943
0.7525 0.971032
0.7535 0.971082
0.7545 0.971095
0.7555 0.971068
0.7565 0.971002
0.7575 0.970901
0.7585 0.97076
0.7595 0.97058
0.7605 0.970363
0.7615 0.970107
0.7625 0.969813
0.7635 0.96948
0.7645 0.96911
0.7655 0.9687
0.7665 0.968253
0.7675 0.967768
0.7685 0.967244
0.7695 0.966682
0.7705 0.966082
0.7715 0.965444
0.7725 0.964768
0.7735 0.964053
0.7745 0.963301
0.7755 0.96251
0.7765 0.961681
0.7775 0.960815
0.7785 0.95991
0.7795 0.958968
0.7805 0.957988
0.7815 0.95697
0.7825 0.955914
0.7835 0.954821
0.7845 0.953689
0.7855 0.95252
0.7865 0.951314
0.7875 0.95007
0.7885 0.948788
0.7895 0.947469
0.7905 0.946112
0.7915 0.944719
0.7925 0.943288
0.7935 0.941819
0.7945 0.940314
0.7955 0.938771
0.7965 0.937191
0.7975 0.935574
0.7985 0.933921
0.7995 0.93223
0.8005 0.930503
0.8015 0.928739
0.8025 0.926938
0.8035 0.9251
0.8045 0.923227
0.8055 0.921316
0.8065 0.919369
0.8075 0.917386
0.8085 0.915367
0.8095 0.913312
0.8105 0.91122
0.8115 0.909093
0.8125 0.90693
0.8135 0.90473
0.8145 0.902496
0.8155 0.900225
0.8165 0.897919
0.8175 0.895578
0.8185 0.893201
0.8195 0.890789
0.8205 0.888342
0.8215 0.885859
0.8225 0.883342
0.8235 0.88079
0.8245 0.878203
0.8255 0.875581
0.8265 0.872925
0.8275 0.870234
0.8285 0.867509
0.8295 0.86475
0.8305 0.861957
0.8315 0.859129
0.8325 0.856268
0.8335 0.853373
0.8345 0.850444
0.8355 0.847481
0.8365 0.844486
0.8375 0.841456
0.8385 0.838394
0.8395 0.835298
0.8405 0.83217
0.8415 0.829008
0.8425 0.825814
0.8435 0.822588
0.8445 0.819329
0.8455 0.816037
0.8465 0.812713
0.8475 0.809357
0.8485 0.80597
0.8495 0.80255
0.8505 0.799099
0.8515 0.795616
0.8525 0.792102
0.8535 0.788556
0.8545 0.78498
0.8555 0.781372
0.8565 0.777734
0.8575 0.774064
0.8585 0.770365
0.8595 0.766635
0.8605 0.762874
0.8615 0.759084
0.8625 0.755263
0.8635 0.751413
0.8645 0.747533
0.8655 0.743623
0.8665 0.739684
0.8675 0.735716
0.8685 0.731719
0.8695 0.727693
0.8705 0.723639
0.8715 0.719555
0.8725 0.715444
0.8735 0.711304
0.8745 0.707136
0.8755 0.70294
0.8765 0.698716
0.8775 0.694465
0.8785 0.690186
0.8795 0.68588
0.8805 0.681547
0.8815 0.677187
0.8825 0.672801
0.8835 0.668388
0.8845 0.663948
0.8855 0.659482
0.8865 0.65499
0.8875 0.650473
0.8885 0.645929
0.8895 0.64136
0.8905 0.636766
0.8915 0.632147
0.8925 0.627503
0.8935 0.622833
0.8945 0.61814
0.8955 0.613422
0.8965 0.608679
0.8975 0.603913
0.8985 0.599123
0.8995 0.594309
0.9005 0.589472
0.9015 0.584611
0.9025 0.579728
0.9035 0.574821
0.9045 0.569892
0.9055 0.56494
0.9065 0.559967
0.9075 0.55497
0.9085 0.549952
0.9095 0.544913
0.9105 0.539851
0.9115 0.534769
0.9125 0.529665
0.9135 0.524541
0.9145 0.519395
0.9155 0.51423
0.9165 0.509044
0.9175 0.503837
0.9185 0.498611
0.9195 0.493366
0.9205 0.4881
0.9215 0.482816
0.9225 0.477512
0.9235 0.47219
0.9245 0.466849
0.9255 0.461489
0.9265 0.456112
0.9275 0.450716
0.9285 0.445303
0.9295 0.439871
0.9305 0.434423
0.9315 0.428957
0.9325 0.423475
0.9335 0.417976
0.9345 0.41246
0.9355 0.406928
0.9365 0.40138
0.9375 0.395816
0.9385 0.390236
0.9395 0.384641
0.9405 0.379031
0.9415 0.373406
0.9425 0.367766
0.9435 0.362112
0.9445 0.356443
0.9455 0.35076
0.9465 0.345064
0.9475 0.339353
0.9485 0.33363
0.9495 0.327893
0.9505 0.322143
0.9515 0.316381
0.9525 0.310606
0.9535 0.304819
0.9545 0.29902
0.9555 0.293208
0.9565 0.287386
0.9575 0.281552
0.9585 0.275707
0.9595 0.269851
0.9605 0.263984
0.9615 0.258107
0.9625 0.25222
0.9635 0.246323
0.9645 0.240416
0.9655 0.234499
0.9665 0.228574
0.9675 0.222639
0.9685 0.216696
0.9695 0.210743
0.9705 0.204783
0.9715 0.198815
0.9725 0.192838
0.9735 0.186854
0.9745 0.180863
0.9755 0.174865
0.9765 0.168859
0.9775 0.162847
0.9785 0.156829
0.9795 0.150804
0.9805 0.144774
0.9815 0.138737
0.9825 0.132696
0.9835 0.126649
0.9845 0.120597
0.9855 0.11454
0.9865 0.108479
0.9875 0.102413
0.9885 0.0963434
0.9895 0.0902699
0.9905 0.0841929
0.9915 0.0781126
0.9925 0.0720292
0.9935 0.0659429
0.9945 0.0598541
0.9955 0.0537628
0.9965 0.0476695
0.9975 0.0415742
0.9985 0.0354773
0.9995 0.0293791
