
# time = 1
0.0005 -0.00475096
0.0015 -0.010851
0.0025 -0.0169507
0.0035 -0.0230496
0.0045 -0.0291477
0.0055 -0.0352446
0.0065 -0.04134
0.0075 -0.0474339
0.0085 -0.0535258
0.0095 -0.0596156
0.0105 -0.0657031
0.0115 -0.071788
0.0125 -0.07787
0.0135 -0.0839489
0.0145 -0.0900245
0.0155 -0.0960965
0.0165 -0.102165
0.0175 -0.108229
0.0185 -0.114289
0.0195 -0.120344
0.0205 -0.126395
0.0215 -0.132441
0.0225 -0.138481
0.0235 -0.144516
0.0245 -0.150545
0.0255 -0.156568
0.0265 -0.162586
0.0275 -0.168596
0.0285 -0.1746
0.0295 -0.180597
0.0305 -0.186587
0.0315 -0.19257
0.0325 -0.198545
0.0335 -0.204512
0.0345 -0.210471
0.0355 -0.216422
0.0365 -0.222364
0.0375 -0.228297
0.0385 -0.234222
0.0395 -0.240137
0.0405 -0.246043
0.0415 -0.251939
0.0425 -0.257825
0.0435 -0.2637
0.0445 -0.269566
0.0455 -0.275421
0.0465 -0.281264
0.0475 -0.287097
0.0485 -0.292919
0.0495 -0.298729
0.0505 -0.304527
0.0515 -0.310313
0.0525 -0.316086
0.0535 -0.321848
0.0545 -0.327596
0.0555 -0.333332
0.0565 -0.339055
0.0575 -0.344764
0.0585 -0.350459
0.0595 -0.356141
0.0605 -0.361808
0.0615 -0.367462
0.0625 -0.373101
0.0635 -0.378725
0.0645 -0.384334
0.0655 -0.389928
0.0665 -0.395506
0.0675 -0.401069
0.0685 -0.406616
0.0695 -0.412148
0.0705 -0.417662
0.0715 -0.423161
0.0725 -0.428642
0.0735 -0.434107
0.0745 -0.439554
0.0755 -0.444985
0.0765 -0.450397
0.0775 -0.455792
0.0785 -0.461169
0.0795 -0.466528
0.0805 -0.471868
0.0815 -0.477189
0.0825 -0.482492
0.0835 -0.487776
0.0845 -0.49304
0.0855 -0.498285
0.0865 -0.503511
0.0875 -0.508716
0.0885 -0.513901
0.0895 -0.519066
0.0905 -0.524211
0.0915 -0.529335
0.0925 -0.534438
0.0935 -0.53952
0.0945 -0.54458
0.0955 -0.549619
0.0965 -0.554637
0.0975 -0.559632
0.0985 -0.564606
0.0995 -0.569557
0.1005 -0.574485
0.1015 -0.579391
0.1025 -0.584274
0.1035 -0.589134
0.1045 -0.593971
0.1055 -0.598784
0.1065 -0.603574
0.1075 -0.60834
0.1085 -0.613082
0.1095 -0.617799
0.1105 -0.622492
0.1115 -0.627161
0.1125 -0.631805
0.1135 -0.636424
0.1145 -0.641018
0.1155 -0.645586
0.1165 -0.650129
0.1175 -0.654646
0.1185 -0.659138
0.1195 -0.663603
0.1205 -0.668043
0.1215 -0.672456
0.1225 -0.676842
0.1235 -0.681202
0.1245 -0.685534
0.1255 -0.68984
0.1265 -0.694118
0.1275 -0.69837
0.1285 -0.702593
0.1295 -0.706789
0.1305 -0.710957
0.1315 -0.715096
0.1325 -0.719208
0.1335 -0.723291
0.1345 -0.727346
0.1355 -0.731371
0.1365 -0.735368
0.1375 -0.739336
0.1385 -0.743275
0.1395 -0.747185
0.1405 -0.751065
0.1415 -0.754915
0.1425 -0.758735
0.1435 -0.762526
0.1445 -0.766286
0.1455 -0.770016
0.1465 -0.773716
0.1475 -0.777385
0.1485 -0.781024
0.1495 -0.784632
0.1505 -0.788208
0.1515 -0.791754
0.1525 -0.795268
0.1535 -0.798751
0.1545 -0.802203
0.1555 -0.805622
0.1565 -0.80901
0.1575 -0.812366
0.1585 -0.81569
0.1595 -0.818982
0.1605 -0.822241
0.1615 -0.825468
0.1625 -0.828663
0.1635 -0.831824
0.1645 -0.834953
0.1655 -0.838049
0.1665 -0.841111
0.1675 -0.844141
0.1685 -0.847137
0.1695 -0.8501
0.1705 -0.853029
0.1715 -0.855925
0.1725 -0.858786
0.1735 -0.861614
0.1745 -0.864408
0.1755 -0.867167
0.1765 -0.869893
0.1775 -0.872584
0.1785 -0.87524
0.1795 -0.877862
0.1805 -0.88045
0.1815 -0.883002
0.1825 -0.88552
0.1835 -0.888003
0.1845 -0.89045
0.1855 -0.892863
0.1865 -0.89524
0.1875 -0.897582
0.1885 -0.899889
0.1895 -0.90216
0.1905 -0.904395
0.1915 -0.906594
0.1925 -0.908758
0.1935 -0.910886
0.1945 -0.912978
0.1955 -0.915034
0.1965 -0.917054
0.1975 -0.919037
0.1985 -0.920984
0.1995 -0.922895
0.2005 -0.92477
0.2015 -0.926607
0.2025 -0.928409
0.2035 -0.930173
0.2045 -0.931901
0.2055 -0.933592
0.2065 -0.935246
0.2075 -0.936863
0.2085 -0.938444
0.2095 -0.939987
0.2105 -0.941493
0.2115 -0.942962
0.2125 -0.944393
0.2135 -0.945788
0.2145 -0.947144
0.2155 -0.948464
0.2165 -0.949746
0.2175 -0.95099
0.2185 -0.952197
0.2195 -0.953367
0.2205 -0.954498
0.2215 -0.955592
0.2225 -0.956648
0.2235 -0.957667
0.2245 -0.958647
0.2255 -0.95959
0.2265 -0.960495
0.2275 -0.961362
0.2285 -0.96219
0.2295 -0.962981
0.2305 -0.963734
0.2315 -0.964449
0.2325 -0.965125
0.2335 -0.965764
0.2345 -0.966364
0.2355 -0.966926
0.2365 -0.96745
0.2375 -0.967935
0.2385 -0.968383
0.2395 -0.968792
0.2405 -0.969163
0.2415 -0.969495
0.2425 -0.969789
0.2435 -0.970045
0.2445 -0.970263
0.2455 -0.970442
0.2465 -0.970583
0.2475 -0.970686
0.2485 -0.970751
0.2495 -0.970777
0.2505 -0.970766
0.2515 -0.970715
0.2525 -0.97063
0.2535 -0.970506
0.2545 -0.970344
0.2555 -0.970143
0.2565 -0.969904
0.2575 -0.969627
0.2585 -0.969312
0.2595 -0.968958
0.2605 -0.968566
0.2615 -0.968135
0.2625 -0.967667
0.2635 -0.96716
0.2645 -0.966615
0.2655 -0.966032
0.2665 -0.96541
0.2675 -0.964751
0.2685 -0.964053
0.2695 -0.963317
0.2705 -0.962543
0.2715 -0.961731
0.2725 -0.960881
0.2735 -0.959993
0.2745 -0.959068
0.2755 -0.958104
0.2765 -0.957102
0.2775 -0.956063
0.2785 -0.954986
0.2795 -0.953871
0.2805 -0.952718
0.2815 -0.951528
0.2825 -0.9503
0.2835 -0.949035
0.2845 -0.947732
0.2855 -0.946392
0.2865 -0.945014
0.2875 -0.943599
0.2885 -0.942147
0.2895 -0.940657
0.2905 -0.93913
0.2915 -0.937567
0.2925 -0.935966
0.2935 -0.934328
0.2945 -0.932653
0.2955 -0.930942
0.2965 -0.929194
0.2975 -0.927409
0.2985 -0.925587
0.2995 -0.923729
0.3005 -0.921834
0.3015 -0.919903
0.3025 -0.917935
0.3035 -0.915932
0.3045 -0.913892
0.3055 -0.911816
0.3065 -0.909704
0.3075 -0.907556
0.3085 -0.905372
0.3095 -0.903153
0.3105 -0.900898
0.3115 -0.898607
0.3125 -0.896281
0.3135 -0.893919
0.3145 -0.891522
0.3155 -0.88909
0.3165 -0.886623
0.3175 -0.88412
0.3185 -0.881583
0.3195 -0.879011
0.3205 -0.876405
0.3215 -0.873763
0.3225 -0.871087
0.3235 -0.868377
0.3245 -0.865633
0.3255 -0.862854
0.3265 -0.860041
0.3275 -0.857195
0.3285 -0.854314
0.3295 -0.8514
0.3305 -0.848452
0.3315 -0.84547
0.3325 -0.842456
0.3335 -0.839408
0.3345 -0.836326
0.3355 -0.833212
0.3365 -0.830065
0.3375 -0.826885
0.3385 -0.823673
0.3395 -0.820428
0.3405 -0.81715
0.3415 -0.813841
0.3425 -0.810499
0.3435 -0.807125
0.3445 -0.803719
0.3455 -0.800282
0.3465 -0.796813
0.3475 -0.793312
0.3485 -0.789781
0.3495 -0.786218
0.3505 -0.782624
0.3515 -0.778999
0.3525 -0.775343
0.3535 -0.771657
0.3545 -0.76794
0.3555 -0.764193
0.3565 -0.760416
0.3575 -0.756608
0.3585 -0.752771
0.3595 -0.748904
0.3605 -0.745008
0.3615 -0.741082
0.3625 -0.737127
0.3635 -0.733143
0.3645 -0.72913
0.3655 -0.725088
0.3665 -0.721017
0.3675 -0.716918
0.3685 -0.712791
0.3695 -0.708636
0.3705 -0.704452
0.3715 -0.700241
0.3725 -0.696002
0.3735 -0.691736
0.3745 -0.687442
0.3755 -0.683121
0.3765 -0.678774
0.3775 -0.674399
0.3785 -0.669998
0.3795 -0.66557
0.3805 -0.661116
0.3815 -0.656636
0.3825 -0.65213
0.3835 -0.647599
0.3845 -0.643041
0.3855 -0.638459
0.3865 -0.633851
0.3875 -0.629218
0.3885 -0.62456
0.3895 -0.619878
0.3905 -0.615171
0.3915 -0.61044
0.3925 -0.605685
0.3935 -0.600906
0.3945 -0.596103
0.3955 -0.591276
0.3965 -0.586427
0.3975 -0.581554
0.3985 -0.576658
0.3995 -0.571739
0.4005 -0.566798
0.4015 -0.561835
0.4025 -0.556849
0.4035 -0.551841
0.4045 -0.546812
0.4055 -0.541761
0.4065 -0.536688
0.4075 -0.531594
0.4085 -0.52648
0.4095 -0.521344
0.4105 -0.516188
0.4115 -0.511012
0.4125 -0.505815
0.4135 -0.500599
0.4145 -0.495363
0.4155 -0.490107
0.4165 -0.484831
0.4175 -0.479537
0.4185 -0.474224
0.4195 -0.468892
0.4205 -0.463541
0.4215 -0.458172
0.4225 -0.452786
0.4235 -0.447381
0.4245 -0.441958
0.4255 -0.436518
0.4265 -0.431061
0.4275 -0.425587
0.4285 -0.420096
0.4295 -0.414589
0.4305 -0.409065
0.4315 -0.403525
0.4325 -0.397969
0.4335 -0.392397
0.4345 -0.38681
0.4355 -0.381207
0.4365 -0.37559
0.4375 -0.369958
0.4385 -0.364311
0.4395 -0.358649
0.4405 -0.352974
0.4415 -0.347284
0.4425 -0.341581
0.4435 -0.335865
0.4445 -0.330135
0.4455 -0.324392
0.4465 -0.318636
0.4475 -0.312868
0.4485 -0.307087
0.4495 -0.301294
0.4505 -0.29549
0.4515 -0.289673
0.4525 -0.283846
0.4535 -0.278007
0.4545 -0.272157
0.4555 -0.266296
0.4565 -0.260425
0.4575 -0.254543
0.4585 -0.248652
0.4595 -0.24275
0.4605 -0.236839
0.4615 -0.230919
0.4625 -0.224989
0.4635 -0.219051
0.4645 -0.213104
0.4655 -0.207149
0.4665 -0.201185
0.4675 -0.195214
0.4685 -0.189234
0.4695 -0.183248
0.4705 -0.177254
0.4715 -0.171253
0.4725 -0.165245
0.4735 -0.159231
0.4745 -0.15321
0.4755 -0.147183
0.4765 -0.141151
0.4775 -0.135113
0.4785 -0.12907
0.4795 -0.123021
0.4805 -0.116968
0.4815 -0.11091
0.4825 -0.104848
0.4835 -0.0987812
0.4845 -0.0927108
0.4855 -0.0866367
0.4865 -0.0805593
0.4875 -0.0744786
0.4885 -0.068395
0.4895 -0.0623087
0.4905 -0.0562199
0.4915 -0.0501288
0.4925 -0.0440358
0.4935 -0.0379411
0.4945 -0.0318448
0.4955 -0.0257473
0.4965 -0.0196487
0.4975 -0.0135494
0.4985 -0.00744948
0.4995 -0.00134928
0.5005 0.00475096
0.5015 0.010851
0.5025 0.0169507
0.5035 0.0230496
0.5045 0.0291477
0.5055 0.0352446
0.5065 0.04134
0.5075 0.0474339
0.5085 0.0535258
0.5095 0.0596156
0.5105 0.0657031
0.5115 0.071788
0.5125 0.07787
0.5135 0.0839489
0.5145 0.0900245
0.5155 0.0960965
0.5165 0.102165
0.5175 0.108229
0.5185 0.114289
0.5195 0.120344
0.5205 0.126395
0.5215 0.132441
0.5225 0.138481
0.5235 0.144516
0.5245 0.150545
0.5255 0.156568
0.5265 0.162586
0.5275 0.168596
0.5285 0.1746
0.5295 0.180597
0.5305 0.186587
0.5315 0.19257
0.5325 0.198545
0.5335 0.204512
0.5345 0.210471
0.5355 0.216422
0.5365 0.222364
0.5375 0.228297
0.5385 0.234222
0.5395 0.240137
0.5405 0.246043
0.5415 0.251939
0.5425 0.257825
0.5435 0.2637
0.5445 0.269566
0.5455 0.275421
0.5465 0.281264
0.5475 0.287097
0.5485 0.292919
0.5495 0.298729
0.5505 0.304527
0.5515 0.310313
0.5525 0.316086
0.5535 0.321848
0.5545 0.327596
0.5555 0.333332
0.5565 0.339055
0.5575 0.344764
0.5585 0.350459
0.5595 0.356141
0.5605 0.361808
0.5615 0.367462
0.5625 0.373101
0.5635 0.378725
0.5645 0.384334
0.5655 0.389928
0.5665 0.395506
0.5675 0.401069
0.5685 0.406616
0.5695 0.412148
0.5705 0.417662
0.5715 0.423161
0.5725 0.428642
0.5735 0.434107
0.5745 0.439554
0.5755 0.444985
0.5765 0.450397
0.5775 0.455792
0.5785 0.461169
0.5795 0.466528
0.5805 0.471868
0.5815 0.477189
0.5825 0.482492
0.5835 0.487776
0.5845 0.49304
0.5855 0.498285
0.5865 0.503511
0.5875 0.508716
0.5885 0.513901
0.5895 0.519066
0.5905 0.524211
0.5915 0.529335
0.5925 0.534438
0.5935 0.53952
0.5945 0.54458
0.5955 0.549619
0.5965 0.554637
0.5975 0.559632
0.5985 0.564606
0.5995 0.569557
0.6005 0.574485
0.6015 0.579391
0.6025 0.584274
0.6035 0.589134
0.6045 0.593971
0.6055 0.598784
0.6065 0.603574
0.6075 0.60834
0.6085 0.613082
0.6095 0.617799
0.6105 0.622492
0.6115 0.627161
0.6125 0.631805
0.6135 0.636424
0.6145 0.641018
0.6155 0.645586
0.6165 0.650129
0.6175 0.654646
0.6185 0.659138
0.6195 0.663603
0.6205 0.668043
0.6215 0.672456
0.6225 0.676842
0.6235 0.681202
0.6245 0.685534
0.6255 0.68984
0.6265 0.694118
0.6275 0.69837
0.6285 0.702593
0.6295 0.706789
0.6305 0.710957
0.6315 0.715096
0.6325 0.719208
0.6335 0.723291
0.6345 0.727346
0.6355 0.731371
0.6365 0.735368
0.6375 0.739336
0.6385 0.743275
0.6395 0.747185
0.6405 0.751065
0.6415 0.754915
0.6425 0.758735
0.6435 0.762526
0.6445 0.766286
0.6455 0.770016
0.6465 0.773716
0.6475 0.777385
0.6485 0.781024
0.6495 0.784632
0.6505 0.788208
0.6515 0.791754
0.6525 0.795268
0.6535 0.798751
0.6545 0.802203
0.6555 0.805622
0.6565 0.80901
0.6575 0.812366
0.6585 0.81569
0.6595 0.818982
0.6605 0.822241
0.6615 0.825468
0.6625 0.828663
0.6635 0.831824
0.6645 0.834953
0.6655 0.838049
0.6665 0.841111
0.6675 0.844141
0.6685 0.847137
0.6695 0.8501
0.6705 0.853029
0.6715 0.855925
0.6725 0.858786
0.6735 0.861614
0.6745 0.864408
0.6755 0.867167
0.6765 0.869893
0.6775 0.872584
0.6785 0.87524
0.6795 0.877862
0.6805 0.88045
0.6815 0.883002
0.6825 0.88552
0.6835 0.888003
0.6845 0.89045
0.6855 0.892863
0.6865 0.89524
0.6875 0.897582
0.6885 0.899889
0.6895 0.90216
0.6905 0.904395
0.6915 0.906594
0.6925 0.908758
0.6935 0.910886
0.6945 0.912978
0.6955 0.915034
0.6965 0.917054
0.6975 0.919037
0.6985 0.920984
0.6995 0.922895
0.7005 0.92477
0.7015 0.926607
0.7025 0.928409
0.7035 0.930173
0.7045 0.931901
0.7055 0.933592
0.7065 0.935246
0.7075 0.936863
0.7085 0.938444
0.7095 0.939987
0.7105 0.941493
0.7115 0.942962
0.7125 0.944393
0.7135 0.945788
0.7145 0.947144
0.7155 0.948464
0.7165 0.949746
0.7175 0.95099
0.7185 0.952197
0.7195 0.953367
0.7205 0.954498
0.7215 0.955592
0.7225 0.956648
0.7235 0.957667
0.7245 0.958647
0.7255 0.95959
0.7265 0.960495
0.7275 0.961362
0.7285 0.96219
0.7295 0.962981
0.7305 0.963734
0.7315 0.964449
0.7325 0.965125
0.7335 0.965764
0.7345 0.966364
0.7355 0.966926
0.7365 0.96745
0.7375 0.967935
0.7385 0.968383
0.7395 0.968792
0.7405 0.969163
0.7415 0.969495
0.7425 0.969789
0.7435 0.970045
0.7445 0.970263
0.7455 0.970442
0.7465 0.970583
0.7475 0.970686
0.7485 0.970751
0.7495 0.970777
0.7505 0.970766
0.7515 0.970715
0.7525 0.97063
0.7535 0.970506
0.7545 0.970344
0.7555 0.970143
0.7565 0.969904
0.7575 0.969627
0.7585 0.969312
0.7595 0.968958
0.7605 0.968566
0.7615 0.968135
0.7625 0.967667
0.7635 0.96716
0.7645 0.966615
0.7655 0.966032
0.7665 0.96541
0.7675 0.964751
0.7685 0.964053
0.7695 0.963317
0.7705 0.962543
0.7715 0.961731
0.7725 0.960881
0.7735 0.959993
0.7745 0.959068
0.7755 0.958104
0.7765 0.957102
0.7775 0.956063
0.7785 0.954986
0.7795 0.953871
0.7805 0.952718
0.7815 0.951528
0.7825 0.9503
0.7835 0.949035
0.7845 0.947732
0.7855 0.946392
0.7865 0.945014
0.7875 0.943599
0.7885 0.942147
0.7895 0.940657
0.7905 0.93913
0.7915 0.937567
0.7925 0.935966
0.7935 0.934328
0.7945 0.932653
0.7955 0.930942
0.7965 0.929194
0.7975 0.927409
0.7985 0.925587
0.7995 0.923729
0.8005 0.921834
0.8015 0.919903
0.8025 0.917935
0.8035 0.915932
0.8045 0.913892
0.8055 0.911816
0.8065 0.909704
0.8075 0.907556
0.8085 0.905372
0.8095 0.903153
0.8105 0.900898
0.8115 0.898607
0.8125 0.896281
0.8135 0.893919
0.8145 0.891522
0.8155 0.88909
0.8165 0.886623
0.8175 0.88412
0.8185 0.881583
0.8195 0.879011
0.8205 0.876405
0.8215 0.873763
0.8225 0.871087
0.8235 0.868377
0.8245 0.865633
0.8255 0.862854
0.8265 0.860041
0.8275 0.857195
0.8285 0.854314
0.8295 0.8514
0.8305 0.848452
0.8315 0.84547
0.8325 0.842456
0.8335 0.839408
0.8345 0.836326
0.8355 0.833212
0.8365 0.830065
0.8375 0.826885
0.8385 0.823673
0.8395 0.820428
0.8405 0.81715
0.8415 0.813841
0.8425 0.810499
0.8435 0.807125
0.8445 0.803719
0.8455 0.800282
0.8465 0.796813
0.8475 0.793312
0.8485 0.789781
0.8495 0.786218
0.8505 0.782624
0.8515 0.778999
0.8525 0.775343
0.8535 0.771657
0.8545 0.76794
0.8555 0.764193
0.8565 0.760416
0.8575 0.756608
0.8585 0.752771
0.8595 0.748904
0.8605 0.745008
0.8615 0.741082
0.8625 0.737127
0.8635 0.733143
0.8645 0.72913
0.8655 0.725088
0.8665 0.721017
0.8675 0.716918
0.8685 0.712791
0.8695 0.708636
0.8705 0.704452
0.8715 0.700241
0.8725 0.696002
0.8735 0.691736
0.8745 0.687442
0.8755 0.683121
0.8765 0.678774
0.8775 0.674399
0.8785 0.669998
0.8795 0.66557
0.8805 0.661116
0.8815 0.656636
0.8825 0.65213
0.8835 0.647599
0.8845 0.643041
0.8855 0.638459
0.8865 0.633851
0.8875 0.629218
0.8885 0.62456
0.8895 0.619878
0.8905 0.615171
0.8915 0.61044
0.8925 0.605685
0.8935 0.600906
0.8945 0.596103
0.8955 0.591276
0.8965 0.586427
0.8975 0.581554
0.8985 0.576658
0.8995 0.571739
0.9005 0.566798
0.9015 0.561835
0.9025 0.556849
0.9035 0.551841
0.9045 0.546812
0.9055 0.541761
0.9065 0.536688
0.9075 0.531594
0.9085 0.52648
0.9095 0.521344
0.9105 0.516188
0.9115 0.511012
0.9125 0.505815
0.9135 0.500599
0.9145 0.495363
0.9155 0.490107
0.9165 0.484831
0.9175 0.479537
0.9185 0.474224
0.9195 0.468892
0.9205 0.463541
0.9215 0.458172
0.9225 0.452786
0.9235 0.447381
0.9245 0.441958
0.9255 0.436518
0.9265 0.431061
0.9275 0.425587
0.9285 0.420096
0.9295 0.414589
0.9305 0.409065
0.9315 0.403525
0.9325 0.397969
0.9335 0.392397
0.9345 0.38681
0.9355 0.381207
0.9365 0.37559
0.9375 0.369958
0.9385 0.364311
0.9395 0.358649
0.9405 0.352974
0.9415 0.347284
0.9425 0.341581
0.9435 0.335865
0.9445 0.330135
0.9455 0.324392
0.9465 0.318636
0.9475 0.312868
0.9485 0.307087
0.9495 0.301294
0.9505 0.29549
0.9515 0.289673
0.9525 0.283846
0.9535 0.278007
0.9545 0.272157
0.9555 0.266296
0.9565 0.260425
0.9575 0.254543
0.9585 0.248652
0.9595 0.24275
0.9605 0.236839
0.9615 0.230919
0.9625 0.224989
0.9635 0.219051
0.9645 0.213104
0.9655 0.207149
0.9665 0.201185
0.9675 0.195214
0.9685 0.189234
0.9695 0.183248
0.9705 0.177254
0.9715 0.171253
0.9725 0.165245
0.9735 0.159231
0.9745 0.15321
0.9755 0.147183
0.9765 0.141151
0.9775 0.135113
0.9785 0.12907
0.9795 0.123021
0.9805 0.116968
0.9815 0.11091
0.9825 0.104848
0.9835 0.0987812
0.9845 0.0927108
0.9855 0.0866367
0.9865 0.0805593
0.9875 0.0744786
0.9885 0.068395
0.9895 0.0623087
0.9905 0.0562199
0.9915 0.0501288
0.9925 0.0440358
0.9935 0.0379411
0.9945 0.0318448
0.9955 0.0257473
0.9965 0.0196487
0.9975 0.0135494
0.9985 0.00744948
0.9995 0.00134928
