
# time = 1
0.0005 -0.00124756
0.0015 -0.00734757
0.0025 -0.0134473
0.0035 -0.0195465
0.0045 -0.0256449
0.0055 -0.0317423
0.0065 -0.0378384
0.0075 -0.043933
0.0085 -0.0500259
0.0095 -0.0561168
0.0105 -0.0622055
0.0115 -0.0682917
0.0125 -0.0743752
0.0135 -0.0804558
0.0145 -0.0865332
0.0155 -0.0926071
0.0165 -0.0986775
0.0175 -0.104744
0.0185 -0.110806
0.0195 -0.116864
0.0205 -0.122917
0.0215 -0.128966
0.0225 -0.135009
0.0235 -0.141047
0.0245 -0.147079
0.0255 -0.153106
0.0265 -0.159127
0.0275 -0.165141
0.0285 -0.171149
0.0295 -0.177149
0.0305 -0.183143
0.0315 -0.18913
0.0325 -0.195109
0.0335 -0.201081
0.0345 -0.207045
0.0355 -0.213
0.0365 -0.218947
0.0375 -0.224886
0.0385 -0.230815
0.0395 -0.236735
0.0405 -0.242647
0.0415 -0.248548
0.0425 -0.25444
0.0435 -0.260321
0.0445 -0.266193
0.0455 -0.272053
0.0465 -0.277903
0.0475 -0.283743
0.0485 -0.28957
0.0495 -0.295387
0.0505 -0.301192
0.0515 -0.306985
0.0525 -0.312765
0.0535 -0.318534
0.0545 -0.32429
0.0555 -0.330033
0.0565 -0.335763
0.0575 -0.34148
0.0585 -0.347183
0.0595 -0.352872
0.0605 -0.358548
0.0615 -0.36421
0.0625 -0.369857
0.0635 -0.375489
0.0645 -0.381107
0.0655 -0.386709
0.0665 -0.392297
0.0675 -0.397869
0.0685 -0.403425
0.0695 -0.408965
0.0705 -0.414489
0.0715 -0.419997
0.0725 -0.425488
0.0735 -0.430963
0.0745 -0.43642
0.0755 -0.44186
0.0765 -0.447283
0.0775 -0.452688
0.0785 -0.458075
0.0795 -0.463444
0.0805 -0.468795
0.0815 -0.474127
0.0825 -0.47944
0.0835 -0.484735
0.0845 -0.49001
0.0855 -0.495267
0.0865 -0.500503
0.0875 -0.50572
0.0885 -0.510917
0.0895 -0.516094
0.0905 -0.52125
0.0915 -0.526386
0.0925 -0.531501
0.0935 -0.536594
0.0945 -0.541667
0.0955 -0.546719
0.0965 -0.551748
0.0975 -0.556756
0.0985 -0.561743
0.0995 -0.566706
0.1005 -0.571648
0.1015 -0.576567
0.1025 -0.581463
0.1035 -0.586336
0.1045 -0.591186
0.1055 -0.596013
0.1065 -0.600816
0.1075 -0.605596
0.1085 -0.610351
0.1095 -0.615083
0.1105 -0.61979
0.1115 -0.624473
0.1125 -0.629131
0.1135 -0.633764
0.1145 -0.638372
0.1155 -0.642955
0.1165 -0.647513
0.1175 -0.652045
0.1185 -0.656551
0.1195 -0.661032
0.1205 -0.665486
0.1215 -0.669914
0.1225 -0.674316
0.1235 -0.67869
0.1245 -0.683039
0.1255 -0.68736
0.1265 -0.691654
0.1275 -0.695921
0.1285 -0.70016
0.1295 -0.704372
0.1305 -0.708555
0.1315 -0.712711
0.1325 -0.716839
0.1335 -0.720939
0.1345 -0.72501
0.1355 -0.729052
0.1365 -0.733065
0.1375 -0.73705
0.1385 -0.741006
0.1395 -0.744932
0.1405 -0.748829
0.1415 -0.752696
0.1425 -0.756534
0.1435 -0.760341
0.1445 -0.764119
0.1455 -0.767867
0.1465 -0.771584
0.1475 -0.775271
0.1485 -0.778927
0.1495 -0.782552
0.1505 -0.786147
0.1515 -0.78971
0.1525 -0.793242
0.1535 -0.796743
0.1545 -0.800213
0.1555 -0.803651
0.1565 -0.807057
0.1575 -0.810431
0.1585 -0.813774
0.1595 -0.817084
0.1605 -0.820362
0.1615 -0.823607
0.1625 -0.82682
0.1635 -0.830001
0.1645 -0.833148
0.1655 -0.836263
0.1665 -0.839345
0.1675 -0.842394
0.1685 -0.845409
0.1695 -0.848391
0.1705 -0.851339
0.1715 -0.854254
0.1725 -0.857135
0.1735 -0.859983
0.1745 -0.862796
0.1755 -0.865575
0.1765 -0.86832
0.1775 -0.871031
0.1785 -0.873707
0.1795 -0.876349
0.1805 -0.878957
0.1815 -0.881529
0.1825 -0.884067
0.1835 -0.88657
0.1845 -0.889038
0.1855 -0.89147
0.1865 -0.893868
0.1875 -0.89623
0.1885 -0.898557
0.1895 -0.900849
0.1905 -0.903104
0.1915 -0.905325
0.1925 -0.907509
0.1935 -0.909658
0.1945 -0.91177
0.1955 -0.913847
0.1965 -0.915888
0.1975 -0.917892
0.1985 -0.91986
0.1995 -0.921792
0.2005 -0.923687
0.2015 -0.925546
0.2025 -0.927369
0.2035 -0.929155
0.2045 -0.930904
0.2055 -0.932616
0.2065 -0.934291
0.2075 -0.93593
0.2085 -0.937532
0.2095 -0.939096
0.2105 -0.940624
0.2115 -0.942114
0.2125 -0.943567
0.2135 -0.944983
0.2145 -0.946362
0.2155 -0.947703
0.2165 -0.949007
0.2175 -0.950273
0.2185 -0.951502
0.2195 -0.952693
0.2205 -0.953847
0.2215 -0.954962
0.2225 -0.956041
0.2235 -0.957081
0.2245 -0.958084
0.2255 -0.959048
0.2265 -0.959975
0.2275 -0.960864
0.2285 -0.961715
0.2295 -0.962528
0.2305 -0.963303
0.2315 -0.96404
0.2325 -0.964739
0.2335 -0.965399
0.2345 -0.966022
0.2355 -0.966606
0.2365 -0.967153
0.2375 -0.967661
0.2385 -0.96813
0.2395 -0.968562
0.2405 -0.968955
0.2415 -0.96931
0.2425 -0.969627
0.2435 -0.969905
0.2445 -0.970146
0.2455 -0.970348
0.2465 -0.970511
0.2475 -0.970636
0.2485 -0.970723
0.2495 -0.970772
0.2505 -0.970783
0.2515 -0.970756
0.2525 -0.970691
0.2535 -0.970589
0.2545 -0.970448
0.2555 -0.970268
0.2565 -0.970051
0.2575 -0.969795
0.2585 -0.969501
0.2595 -0.969169
0.2605 -0.968798
0.2615 -0.968389
0.2625 -0.967942
0.2635 -0.967457
0.2645 -0.966933
0.2655 -0.966371
0.2665 -0.965771
0.2675 -0.965133
0.2685 -0.964457
0.2695 -0.963742
0.2705 -0.96299
0.2715 -0.9622
0.2725 -0.961371
0.2735 -0.960505
0.2745 -0.9596
0.2755 -0.958658
0.2765 -0.957678
0.2775 -0.95666
0.2785 -0.955604
0.2795 -0.95451
0.2805 -0.953379
0.2815 -0.95221
0.2825 -0.951004
0.2835 -0.949759
0.2845 -0.948478
0.2855 -0.947159
0.2865 -0.945802
0.2875 -0.944409
0.2885 -0.942977
0.2895 -0.941509
0.2905 -0.940003
0.2915 -0.938461
0.2925 -0.936881
0.2935 -0.935264
0.2945 -0.933611
0.2955 -0.93192
0.2965 -0.930193
0.2975 -0.928429
0.2985 -0.926628
0.2995 -0.92479
0.3005 -0.922917
0.3015 -0.921006
0.3025 -0.919059
0.3035 -0.917077
0.3045 -0.915057
0.3055 -0.913002
0.3065 -0.910911
0.3075 -0.908783
0.3085 -0.90662
0.3095 -0.904421
0.3105 -0.902186
0.3115 -0.899916
0.3125 -0.89761
0.3135 -0.895268
0.3145 -0.892892
0.3155 -0.89048
0.3165 -0.888033
0.3175 -0.88555
0.3185 -0.883033
0.3195 -0.880481
0.3205 -0.877894
0.3215 -0.875273
0.3225 -0.872617
0.3235 -0.869926
0.3245 -0.867202
0.3255 -0.864442
0.3265 -0.861649
0.3275 -0.858822
0.3285 -0.855961
0.3295 -0.853066
0.3305 -0.850137
0.3315 -0.847175
0.3325 -0.84418
0.3335 -0.841151
0.3345 -0.838088
0.3355 -0.834993
0.3365 -0.831865
0.3375 -0.828704
0.3385 -0.82551
0.3395 -0.822284
0.3405 -0.819025
0.3415 -0.815734
0.3425 -0.81241
0.3435 -0.809055
0.3445 -0.805668
0.3455 -0.802248
0.3465 -0.798798
0.3475 -0.795315
0.3485 -0.791801
0.3495 -0.788256
0.3505 -0.78468
0.3515 -0.781073
0.3525 -0.777435
0.3535 -0.773766
0.3545 -0.770067
0.3555 -0.766337
0.3565 -0.762577
0.3575 -0.758787
0.3585 -0.754967
0.3595 -0.751118
0.3605 -0.747238
0.3615 -0.743329
0.3625 -0.739391
0.3635 -0.735424
0.3645 -0.731427
0.3655 -0.727402
0.3665 -0.723348
0.3675 -0.719265
0.3685 -0.715154
0.3695 -0.711015
0.3705 -0.706847
0.3715 -0.702652
0.3725 -0.698429
0.3735 -0.694179
0.3745 -0.689901
0.3755 -0.685596
0.3765 -0.681263
0.3775 -0.676904
0.3785 -0.672518
0.3795 -0.668106
0.3805 -0.663667
0.3815 -0.659202
0.3825 -0.654711
0.3835 -0.650194
0.3845 -0.645652
0.3855 -0.641084
0.3865 -0.63649
0.3875 -0.631872
0.3885 -0.627228
0.3895 -0.62256
0.3905 -0.617867
0.3915 -0.61315
0.3925 -0.608409
0.3935 -0.603644
0.3945 -0.598854
0.3955 -0.594041
0.3965 -0.589205
0.3975 -0.584346
0.3985 -0.579463
0.3995 -0.574557
0.4005 -0.569629
0.4015 -0.564679
0.4025 -0.559706
0.4035 -0.554711
0.4045 -0.549694
0.4055 -0.544655
0.4065 -0.539595
0.4075 -0.534513
0.4085 -0.529411
0.4095 -0.524287
0.4105 -0.519143
0.4115 -0.513978
0.4125 -0.508793
0.4135 -0.503588
0.4145 -0.498364
0.4155 -0.493119
0.4165 -0.487855
0.4175 -0.482572
0.4185 -0.477269
0.4195 -0.471948
0.4205 -0.466608
0.4215 -0.46125
0.4225 -0.455873
0.4235 -0.450479
0.4245 -0.445067
0.4255 -0.439637
0.4265 -0.43419
0.4275 -0.428725
0.4285 -0.423244
0.4295 -0.417746
0.4305 -0.412232
0.4315 -0.406701
0.4325 -0.401154
0.4335 -0.395591
0.4345 -0.390013
0.4355 -0.38442
0.4365 -0.378811
0.4375 -0.373187
0.4385 -0.367548
0.4395 -0.361895
0.4405 -0.356228
0.4415 -0.350547
0.4425 -0.344852
0.4435 -0.339143
0.4445 -0.33342
0.4455 -0.327685
0.4465 -0.321937
0.4475 -0.316176
0.4485 -0.310402
0.4495 -0.304616
0.4505 -0.298819
0.4515 -0.293009
0.4525 -0.287188
0.4535 -0.281355
0.4545 -0.275512
0.4555 -0.269657
0.4565 -0.263792
0.4575 -0.257917
0.4585 -0.252031
0.4595 -0.246135
0.4605 -0.24023
0.4615 -0.234315
0.4625 -0.228391
0.4635 -0.222457
0.4645 -0.216516
0.4655 -0.210565
0.4665 -0.204606
0.4675 -0.198639
0.4685 -0.192665
0.4695 -0.186682
0.4705 -0.180692
0.4715 -0.174696
0.4725 -0.168692
0.4735 -0.162681
0.4745 -0.156665
0.4755 -0.150642
0.4765 -0.144613
0.4775 -0.138578
0.4785 -0.132538
0.4795 -0.126492
0.4805 -0.120442
0.4815 -0.114387
0.4825 -0.108327
0.4835 -0.102263
0.4845 -0.0961949
0.4855 -0.090123
0.4865 -0.0840477
0.4875 -0.0779689
0.4885 -0.0718871
0.4895 -0.0658025
0.4905 -0.0597152
0.4915 -0.0536256
0.4925 -0.0475339
0.4935 -0.0414403
0.4945 -0.035345
0.4955 -0.0292484
0.4965 -0.0231505
0.4975 -0.0170518
0.4985 -0.0109524
0.4995 -0.0048525
0.5005 0.00124756
0.5015 0.00734757
0.5025 0.0134473
0.5035 0.0195465
0.5045 0.0256449
0.5055 0.0317423
0.5065 0.0378384
0.5075 0.043933
0.5085 0.0500259
0.5095 0.0561168
0.5105 0.0622055
0.5115 0.0682917
0.5125 0.0743752
0.5135 0.0804558
0.5145 0.0865332
0.5155 0.0926071
0.5165 0.0986775
0.5175 0.104744
0.5185 0.110806
0.5195 0.116864
0.5205 0.122917
0.5215 0.128966
0.5225 0.135009
0.5235 0.141047
0.5245 0.147079
0.5255 0.153106
0.5265 0.159127
0.5275 0.165141
0.5285 0.171149
0.5295 0.177149
0.5305 0.183143
0.5315 0.18913
0.5325 0.195109
0.5335 0.201081
0.5345 0.207045
0.5355 0.213
0.5365 0.218947
0.5375 0.224886
0.5385 0.230815
0.5395 0.236735
0.5405 0.242647
0.5415 0.248548
0.5425 0.25444
0.5435 0.260321
0.5445 0.266193
0.5455 0.272053
0.5465 0.277903
0.5475 0.283743
0.5485 0.28957
0.5495 0.295387
0.5505 0.301192
0.5515 0.306985
0.5525 0.312765
0.5535 0.318534
0.5545 0.32429
0.5555 0.330033
0.5565 0.335763
0.5575 0.34148
0.5585 0.347183
0.5595 0.352872
0.5605 0.358548
0.5615 0.36421
0.5625 0.369857
0.5635 0.375489
0.5645 0.381107
0.5655 0.386709
0.5665 0.392297
0.5675 0.397869
0.5685 0.403425
0.5695 0.408965
0.5705 0.414489
0.5715 0.419997
0.5725 0.425488
0.5735 0.430963
0.5745 0.43642
0.5755 0.44186
0.5765 0.447283
0.5775 0.452688
0.5785 0.458075
0.5795 0.463444
0.5805 0.468795
0.5815 0.474127
0.5825 0.47944
0.5835 0.484735
0.5845 0.49001
0.5855 0.495267
0.5865 0.500503
0.5875 0.50572
0.5885 0.510917
0.5895 0.516094
0.5905 0.52125
0.5915 0.526386
0.5925 0.531501
0.5935 0.536594
0.5945 0.541667
0.5955 0.546719
0.5965 0.551748
0.5975 0.556756
0.5985 0.561743
0.5995 0.566706
0.6005 0.571648
0.6015 0.576567
0.6025 0.581463
0.6035 0.586336
0.6045 0.591186
0.6055 0.596013
0.6065 0.600816
0.6075 0.605596
0.6085 0.610351
0.6095 0.615083
0.6105 0.61979
0.6115 0.624473
0.6125 0.629131
0.6135 0.633764
0.6145 0.638372
0.6155 0.642955
0.6165 0.647513
0.6175 0.652045
0.6185 0.656551
0.6195 0.661032
0.6205 0.665486
0.6215 0.669914
0.6225 0.674316
0.6235 0.67869
0.6245 0.683039
0.6255 0.68736
0.6265 0.691654
0.6275 0.695921
0.6285 0.70016
0.6295 0.704372
0.6305 0.708555
0.6315 0.712711
0.6325 0.716839
0.6335 0.720939
0.6345 0.72501
0.6355 0.729052
0.6365 0.733065
0.6375 0.73705
0.6385 0.741006
0.6395 0.744932
0.6405 0.748829
0.6415 0.752696
0.6425 0.756534
0.6435 0.760341
0.6445 0.764119
0.6455 0.767867
0.6465 0.771584
0.6475 0.775271
0.6485 0.778927
0.6495 0.782552
0.6505 0.786147
0.6515 0.78971
0.6525 0.793242
0.6535 0.796743
0.6545 0.800213
0.6555 0.803651
0.6565 0.807057
0.6575 0.810431
0.6585 0.813774
0.6595 0.817084
0.6605 0.820362
0.6615 0.823607
0.6625 0.82682
0.6635 0.830001
0.6645 0.833148
0.6655 0.836263
0.6665 0.839345
0.6675 0.842394
0.6685 0.845409
0.6695 0.848391
0.6705 0.851339
0.6715 0.854254
0.6725 0.857135
0.6735 0.859983
0.6745 0.862796
0.6755 0.865575
0.6765 0.86832
0.6775 0.871031
0.6785 0.873707
0.6795 0.876349
0.6805 0.878957
0.6815 0.881529
0.6825 0.884067
0.6835 0.88657
0.6845 0.889038
0.6855 0.89147
0.6865 0.893868
0.6875 0.89623
0.6885 0.898557
0.6895 0.900849
0.6905 0.903104
0.6915 0.905325
0.6925 0.907509
0.6935 0.909658
0.6945 0.91177
0.6955 0.913847
0.6965 0.915888
0.6975 0.917892
0.6985 0.91986
0.6995 0.921792
0.7005 0.923687
0.7015 0.925546
0.7025 0.927369
0.7035 0.929155
0.7045 0.930904
0.7055 0.932616
0.7065 0.934291
0.7075 0.93593
0.7085 0.937532
0.7095 0.939096
0.7105 0.940624
0.7115 0.942114
0.7125 0.943567
0.7135 0.944983
0.7145 0.946362
0.7155 0.947703
0.7165 0.949007
0.7175 0.950273
0.7185 0.951502
0.7195 0.952693
0.7205 0.953847
0.7215 0.954962
0.7225 0.956041
0.7235 0.957081
0.7245 0.958084
0.7255 0.959048
0.7265 0.959975
0.7275 0.960864
0.7285 0.961715
0.7295 0.962528
0.7305 0.963303
0.7315 0.96404
0.7325 0.964739
0.7335 0.965399
0.7345 0.966022
0.7355 0.966606
0.7365 0.967153
0.7375 0.967661
0.7385 0.96813
0.7395 0.968562
0.7405 0.968955
0.7415 0.96931
0.7425 0.969627
0.7435 0.969905
0.7445 0.970146
0.7455 0.970348
0.7465 0.970511
0.7475 0.970636
0.7485 0.970723
0.7495 0.970772
0.7505 0.970783
0.7515 0.970756
0.7525 0.970691
0.7535 0.970589
0.7545 0.970448
0.7555 0.970268
0.7565 0.970051
0.7575 0.969795
0.7585 0.969501
0.7595 0.969169
0.7605 0.968798
0.7615 0.968389
0.7625 0.967942
0.7635 0.967457
0.7645 0.966933
0.7655 0.966371
0.7665 0.965771
0.7675 0.965133
0.7685 0.964457
0.7695 0.963742
0.7705 0.96299
0.7715 0.9622
0.7725 0.961371
0.7735 0.960505
0.7745 0.9596
0.7755 0.958658
0.7765 0.957678
0.7775 0.95666
0.7785 0.955604
0.7795 0.95451
0.7805 0.953379
0.7815 0.95221
0.7825 0.951004
0.7835 0.949759
0.7845 0.948478
0.7855 0.947159
0.7865 0.945802
0.7875 0.944409
0.7885 0.942977
0.7895 0.941509
0.7905 0.940003
0.7915 0.938461
0.7925 0.936881
0.7935 0.935264
0.7945 0.933611
0.7955 0.93192
0.7965 0.930193
0.7975 0.928429
0.7985 0.926628
0.7995 0.92479
0.8005 0.922917
0.8015 0.921006
0.8025 0.919059
0.8035 0.917077
0.8045 0.915057
0.8055 0.913002
0.8065 0.910911
0.8075 0.908783
0.8085 0.90662
0.8095 0.904421
0.8105 0.902186
0.8115 0.899916
0.8125 0.89761
0.8135 0.895268
0.8145 0.892892
0.8155 0.89048
0.8165 0.888033
0.8175 0.88555
0.8185 0.883033
0.8195 0.880481
0.8205 0.877894
0.8215 0.875273
0.8225 0.872617
0.8235 0.869926
0.8245 0.867202
0.8255 0.864442
0.8265 0.861649
0.8275 0.858822
0.8285 0.855961
0.8295 0.853066
0.8305 0.850137
0.8315 0.847175
0.8325 0.84418
0.8335 0.841151
0.8345 0.838088
0.8355 0.834993
0.8365 0.831865
0.8375 0.828704
0.8385 0.82551
0.8395 0.822284
0.8405 0.819025
0.8415 0.815734
0.8425 0.81241
0.8435 0.809055
0.8445 0.805668
0.8455 0.802248
0.8465 0.798798
0.8475 0.795315
0.8485 0.791801
0.8495 0.788256
0.8505 0.78468
0.8515 0.781073
0.8525 0.777435
0.8535 0.773766
0.8545 0.770067
0.8555 0.766337
0.8565 0.762577
0.8575 0.758787
0.8585 0.754967
0.8595 0.751118
0.8605 0.747238
0.8615 0.743329
0.8625 0.739391
0.8635 0.735424
0.8645 0.731427
0.8655 0.727402
0.8665 0.723348
0.8675 0.719265
0.8685 0.715154
0.8695 0.711015
0.8705 0.706847
0.8715 0.702652
0.8725 0.698429
0.8735 0.694179
0.8745 0.689901
0.8755 0.685596
0.8765 0.681263
0.8775 0.676904
0.8785 0.672518
0.8795 0.668106
0.8805 0.663667
0.8815 0.659202
0.8825 0.654711
0.8835 0.650194
0.8845 0.645652
0.8855 0.641084
0.8865 0.63649
0.8875 0.631872
0.8885 0.627228
0.8895 0.62256
0.8905 0.617867
0.8915 0.61315
0.8925 0.608409
0.8935 0.603644
0.8945 0.598854
0.8955 0.594041
0.8965 0.589205
0.8975 0.584346
0.8985 0.579463
0.8995 0.574557
0.9005 0.569629
0.9015 0.564679
0.9025 0.559706
0.9035 0.554711
0.9045 0.549694
0.9055 0.544655
0.9065 0.539595
0.9075 0.534513
0.9085 0.529411
0.9095 0.524287
0.9105 0.519143
0.9115 0.513978
0.9125 0.508793
0.9135 0.503588
0.9145 0.498364
0.9155 0.493119
0.9165 0.487855
0.9175 0.482572
0.9185 0.477269
0.9195 0.471948
0.9205 0.466608
0.9215 0.46125
0.9225 0.455873
0.9235 0.450479
0.9245 0.445067
0.9255 0.439637
0.9265 0.43419
0.9275 0.428725
0.9285 0.423244
0.9295 0.417746
0.9305 0.412232
0.9315 0.406701
0.9325 0.401154
0.9335 0.395591
0.9345 0.390013
0.9355 0.38442
0.9365 0.378811
0.9375 0.373187
0.9385 0.367548
0.9395 0.361895
0.9405 0.356228
0.9415 0.350547
0.9425 0.344852
0.9435 0.339143
0.9445 0.33342
0.9455 0.327685
0.9465 0.321937
0.9475 0.316176
0.9485 0.310402
0.9495 0.304616
0.9505 0.298819
0.9515 0.293009
0.9525 0.287188
0.9535 0.281355
0.9545 0.275512
0.9555 0.269657
0.9565 0.263792
0.9575 0.257917
0.9585 0.252031
0.9595 0.246135
0.9605 0.24023
0.9615 0.234315
0.9625 0.228391
0.9635 0.222457
0.9645 0.216516
0.9655 0.210565
0.9665 0.204606
0.9675 0.198639
0.9685 0.192665
0.9695 0.186682
0.9705 0.180692
0.9715 0.174696
0.9725 0.168692
0.9735 0.162681
0.9745 0.156665
0.9755 0.150642
0.9765 0.144613
0.9775 0.138578
0.9785 0.132538
0.9795 0.126492
0.9805 0.120442
0.9815 0.114387
0.9825 0.108327
0.9835 0.102263
0.9845 0.0961949
0.9855 0.090123
0.9865 0.0840477
0.9875 0.0779689
0.9885 0.0718871
0.9895 0.0658025
0.9905 0.0597152
0.9915 0.0536256
0.9925 0.0475339
0.9935 0.0414403
0.9945 0.035345
0.9955 0.0292484
0.9965 0.0231505
0.9975 0.0170518
0.9985 0.0109524
0.9995 0.0048525
