
# time= 0
0.0005 0.00314159
0.0015 0.00942464
0.0025 0.0157073
0.0035 0.0219894
0.0045 0.0282706
0.0055 0.0345506
0.0065 0.0408294
0.0075 0.0471065
0.0085 0.0533817
0.0095 0.0596548
0.0105 0.0659256
0.0115 0.0721938
0.0125 0.0784591
0.0135 0.0847213
0.0145 0.0909802
0.0155 0.0972355
0.0165 0.103487
0.0175 0.109734
0.0185 0.115977
0.0195 0.122216
0.0205 0.128449
0.0215 0.134678
0.0225 0.140901
0.0235 0.147119
0.0245 0.153331
0.0255 0.159537
0.0265 0.165736
0.0275 0.171929
0.0285 0.178115
0.0295 0.184294
0.0305 0.190466
0.0315 0.196631
0.0325 0.202787
0.0335 0.208936
0.0345 0.215076
0.0355 0.221208
0.0365 0.227331
0.0375 0.233445
0.0385 0.23955
0.0395 0.245646
0.0405 0.251732
0.0415 0.257807
0.0425 0.263873
0.0435 0.269928
0.0445 0.275973
0.0455 0.282007
0.0465 0.288029
0.0475 0.29404
0.0485 0.30004
0.0495 0.306028
0.0505 0.312003
0.0515 0.317967
0.0525 0.323917
0.0535 0.329855
0.0545 0.33578
0.0555 0.341692
0.0565 0.34759
0.0575 0.353475
0.0585 0.359345
0.0595 0.365202
0.0605 0.371044
0.0615 0.376871
0.0625 0.382683
0.0635 0.388481
0.0645 0.394263
0.0655 0.400029
0.0665 0.40578
0.0675 0.411514
0.0685 0.417233
0.0695 0.422935
0.0705 0.42862
0.0715 0.434288
0.0725 0.439939
0.0735 0.445573
0.0745 0.451189
0.0755 0.456787
0.0765 0.462368
0.0775 0.46793
0.0785 0.473473
0.0795 0.478998
0.0805 0.484504
0.0815 0.489991
0.0825 0.495459
0.0835 0.500907
0.0845 0.506335
0.0855 0.511743
0.0865 0.517131
0.0875 0.522499
0.0885 0.527846
0.0895 0.533172
0.0905 0.538477
0.0915 0.54376
0.0925 0.549023
0.0935 0.554263
0.0945 0.559482
0.0955 0.564679
0.0965 0.569853
0.0975 0.575005
0.0985 0.580134
0.0995 0.585241
0.1005 0.590324
0.1015 0.595384
0.1025 0.60042
0.1035 0.605433
0.1045 0.610422
0.1055 0.615386
0.1065 0.620327
0.1075 0.625243
0.1085 0.630134
0.1095 0.635
0.1105 0.639841
0.1115 0.644657
0.1125 0.649448
0.1135 0.654213
0.1145 0.658952
0.1155 0.663665
0.1165 0.668352
0.1175 0.673013
0.1185 0.677646
0.1195 0.682254
0.1205 0.686834
0.1215 0.691387
0.1225 0.695913
0.1235 0.700411
0.1245 0.704882
0.1255 0.709325
0.1265 0.71374
0.1275 0.718126
0.1285 0.722485
0.1295 0.726814
0.1305 0.731116
0.1315 0.735388
0.1325 0.739631
0.1335 0.743845
0.1345 0.74803
0.1355 0.752185
0.1365 0.75631
0.1375 0.760406
0.1385 0.764472
0.1395 0.768507
0.1405 0.772512
0.1415 0.776487
0.1425 0.78043
0.1435 0.784343
0.1445 0.788226
0.1455 0.792077
0.1465 0.795896
0.1475 0.799685
0.1485 0.803441
0.1495 0.807166
0.1505 0.81086
0.1515 0.814521
0.1525 0.81815
0.1535 0.821746
0.1545 0.825311
0.1555 0.828842
0.1565 0.832341
0.1575 0.835807
0.1585 0.83924
0.1595 0.84264
0.1605 0.846007
0.1615 0.84934
0.1625 0.85264
0.1635 0.855906
0.1645 0.859139
0.1655 0.862337
0.1665 0.865501
0.1675 0.868632
0.1685 0.871727
0.1695 0.874789
0.1705 0.877816
0.1715 0.880808
0.1725 0.883766
0.1735 0.886688
0.1745 0.889576
0.1755 0.892428
0.1765 0.895246
0.1775 0.898028
0.1785 0.900774
0.1795 0.903485
0.1805 0.90616
0.1815 0.9088
0.1825 0.911403
0.1835 0.913971
0.1845 0.916502
0.1855 0.918998
0.1865 0.921457
0.1875 0.92388
0.1885 0.926266
0.1895 0.928615
0.1905 0.930928
0.1915 0.933205
0.1925 0.935444
0.1935 0.937646
0.1945 0.939812
0.1955 0.94194
0.1965 0.944031
0.1975 0.946085
0.1985 0.948102
0.1995 0.950081
0.2005 0.952023
0.2015 0.953927
0.2025 0.955793
0.2035 0.957622
0.2045 0.959412
0.2055 0.961165
0.2065 0.96288
0.2075 0.964557
0.2085 0.966196
0.2095 0.967797
0.2105 0.96936
0.2115 0.970884
0.2125 0.97237
0.2135 0.973817
0.2145 0.975227
0.2155 0.976597
0.2165 0.977929
0.2175 0.979223
0.2185 0.980478
0.2195 0.981694
0.2205 0.982871
0.2215 0.98401
0.2225 0.985109
0.2235 0.98617
0.2245 0.987192
0.2255 0.988175
0.2265 0.989119
0.2275 0.990024
0.2285 0.990889
0.2295 0.991716
0.2305 0.992504
0.2315 0.993252
0.2325 0.993961
0.2335 0.994631
0.2345 0.995261
0.2355 0.995853
0.2365 0.996405
0.2375 0.996917
0.2385 0.997391
0.2395 0.997825
0.2405 0.998219
0.2415 0.998574
0.2425 0.99889
0.2435 0.999166
0.2445 0.999403
0.2455 0.9996
0.2465 0.999758
0.2475 0.999877
0.2485 0.999956
0.2495 0.999995
0.2505 0.999995
0.2515 0.999956
0.2525 0.999877
0.2535 0.999758
0.2545 0.9996
0.2555 0.999403
0.2565 0.999166
0.2575 0.99889
0.2585 0.998574
0.2595 0.998219
0.2605 0.997825
0.2615 0.997391
0.2625 0.996917
0.2635 0.996405
0.2645 0.995853
0.2655 0.995261
0.2665 0.994631
0.2675 0.993961
0.2685 0.993252
0.2695 0.992504
0.2705 0.991716
0.2715 0.990889
0.2725 0.990024
0.2735 0.989119
0.2745 0.988175
0.2755 0.987192
0.2765 0.98617
0.2775 0.985109
0.2785 0.98401
0.2795 0.982871
0.2805 0.981694
0.2815 0.980478
0.2825 0.979223
0.2835 0.977929
0.2845 0.976597
0.2855 0.975227
0.2865 0.973817
0.2875 0.97237
0.2885 0.970884
0.2895 0.96936
0.2905 0.967797
0.2915 0.966196
0.2925 0.964557
0.2935 0.96288
0.2945 0.961165
0.2955 0.959412
0.2965 0.957622
0.2975 0.955793
0.2985 0.953927
0.2995 0.952023
0.3005 0.950081
0.3015 0.948102
0.3025 0.946085
0.3035 0.944031
0.3045 0.94194
0.3055 0.939812
0.3065 0.937646
0.3075 0.935444
0.3085 0.933205
0.3095 0.930928
0.3105 0.928615
0.3115 0.926266
0.3125 0.92388
0.3135 0.921457
0.3145 0.918998
0.3155 0.916502
0.3165 0.913971
0.3175 0.911403
0.3185 0.9088
0.3195 0.90616
0.3205 0.903485
0.3215 0.900774
0.3225 0.898028
0.3235 0.895246
0.3245 0.892428
0.3255 0.889576
0.3265 0.886688
0.3275 0.883766
0.3285 0.880808
0.3295 0.877816
0.3305 0.874789
0.3315 0.871727
0.3325 0.868632
0.3335 0.865501
0.3345 0.862337
0.3355 0.859139
0.3365 0.855906
0.3375 0.85264
0.3385 0.84934
0.3395 0.846007
0.3405 0.84264
0.3415 0.83924
0.3425 0.835807
0.3435 0.832341
0.3445 0.828842
0.3455 0.825311
0.3465 0.821746
0.3475 0.81815
0.3485 0.814521
0.3495 0.81086
0.3505 0.807166
0.3515 0.803441
0.3525 0.799685
0.3535 0.795896
0.3545 0.792077
0.3555 0.788226
0.3565 0.784343
0.3575 0.78043
0.3585 0.776487
0.3595 0.772512
0.3605 0.768507
0.3615 0.764472
0.3625 0.760406
0.3635 0.75631
0.3645 0.752185
0.3655 0.74803
0.3665 0.743845
0.3675 0.739631
0.3685 0.735388
0.3695 0.731116
0.3705 0.726814
0.3715 0.722485
0.3725 0.718126
0.3735 0.71374
0.3745 0.709325
0.3755 0.704882
0.3765 0.700411
0.3775 0.695913
0.3785 0.691387
0.3795 0.686834
0.3805 0.682254
0.3815 0.677646
0.3825 0.673013
0.3835 0.668352
0.3845 0.663665
0.3855 0.658952
0.3865 0.654213
0.3875 0.649448
0.3885 0.644657
0.3895 0.639841
0.3905 0.635
0.3915 0.630134
0.3925 0.625243
0.3935 0.620327
0.3945 0.615386
0.3955 0.610422
0.3965 0.605433
0.3975 0.60042
0.3985 0.595384
0.3995 0.590324
0.4005 0.585241
0.4015 0.580134
0.4025 0.575005
0.4035 0.569853
0.4045 0.564679
0.4055 0.559482
0.4065 0.554263
0.4075 0.549023
0.4085 0.54376
0.4095 0.538477
0.4105 0.533172
0.4115 0.527846
0.4125 0.522499
0.4135 0.517131
0.4145 0.511743
0.4155 0.506335
0.4165 0.500907
0.4175 0.495459
0.4185 0.489991
0.4195 0.484504
0.4205 0.478998
0.4215 0.473473
0.4225 0.46793
0.4235 0.462368
0.4245 0.456787
0.4255 0.451189
0.4265 0.445573
0.4275 0.439939
0.4285 0.434288
0.4295 0.42862
0.4305 0.422935
0.4315 0.417233
0.4325 0.411514
0.4335 0.40578
0.4345 0.400029
0.4355 0.394263
0.4365 0.388481
0.4375 0.382683
0.4385 0.376871
0.4395 0.371044
0.4405 0.365202
0.4415 0.359345
0.4425 0.353475
0.4435 0.34759
0.4445 0.341692
0.4455 0.33578
0.4465 0.329855
0.4475 0.323917
0.4485 0.317967
0.4495 0.312003
0.4505 0.306028
0.4515 0.30004
0.4525 0.29404
0.4535 0.288029
0.4545 0.282007
0.4555 0.275973
0.4565 0.269928
0.4575 0.263873
0.4585 0.257807
0.4595 0.251732
0.4605 0.245646
0.4615 0.23955
0.4625 0.233445
0.4635 0.227331
0.4645 0.221208
0.4655 0.215076
0.4665 0.208936
0.4675 0.202787
0.4685 0.196631
0.4695 0.190466
0.4705 0.184294
0.4715 0.178115
0.4725 0.171929
0.4735 0.165736
0.4745 0.159537
0.4755 0.153331
0.4765 0.147119
0.4775 0.140901
0.4785 0.134678
0.4795 0.128449
0.4805 0.122216
0.4815 0.115977
0.4825 0.109734
0.4835 0.103487
0.4845 0.0972355
0.4855 0.0909802
0.4865 0.0847213
0.4875 0.0784591
0.4885 0.0721938
0.4895 0.0659256
0.4905 0.0596548
0.4915 0.0533817
0.4925 0.0471065
0.4935 0.0408294
0.4945 0.0345506
0.4955 0.0282706
0.4965 0.0219894
0.4975 0.0157073
0.4985 0.00942464
0.4995 0.00314159
0.5005 -0.00314159
0.5015 -0.00942464
0.5025 -0.0157073
0.5035 -0.0219894
0.5045 -0.0282706
0.5055 -0.0345506
0.5065 -0.0408294
0.5075 -0.0471065
0.5085 -0.0533817
0.5095 -0.0596548
0.5105 -0.0659256
0.5115 -0.0721938
0.5125 -0.0784591
0.5135 -0.0847213
0.5145 -0.0909802
0.5155 -0.0972355
0.5165 -0.103487
0.5175 -0.109734
0.5185 -0.115977
0.5195 -0.122216
0.5205 -0.128449
0.5215 -0.134678
0.5225 -0.140901
0.5235 -0.147119
0.5245 -0.153331
0.5255 -0.159537
0.5265 -0.165736
0.5275 -0.171929
0.5285 -0.178115
0.5295 -0.184294
0.5305 -0.190466
0.5315 -0.196631
0.5325 -0.202787
0.5335 -0.208936
0.5345 -0.215076
0.5355 -0.221208
0.5365 -0.227331
0.5375 -0.233445
0.5385 -0.23955
0.5395 -0.245646
0.5405 -0.251732
0.5415 -0.257807
0.5425 -0.263873
0.5435 -0.269928
0.5445 -0.275973
0.5455 -0.282007
0.5465 -0.288029
0.5475 -0.29404
0.5485 -0.30004
0.5495 -0.306028
0.5505 -0.312003
0.5515 -0.317967
0.5525 -0.323917
0.5535 -0.329855
0.5545 -0.33578
0.5555 -0.341692
0.5565 -0.34759
0.5575 -0.353475
0.5585 -0.359345
0.5595 -0.365202
0.5605 -0.371044
0.5615 -0.376871
0.5625 -0.382683
0.5635 -0.388481
0.5645 -0.394263
0.5655 -0.400029
0.5665 -0.40578
0.5675 -0.411514
0.5685 -0.417233
0.5695 -0.422935
0.5705 -0.42862
0.5715 -0.434288
0.5725 -0.439939
0.5735 -0.445573
0.5745 -0.451189
0.5755 -0.456787
0.5765 -0.462368
0.5775 -0.46793
0.5785 -0.473473
0.5795 -0.478998
0.5805 -0.484504
0.5815 -0.489991
0.5825 -0.495459
0.5835 -0.500907
0.5845 -0.506335
0.5855 -0.511743
0.5865 -0.517131
0.5875 -0.522499
0.5885 -0.527846
0.5895 -0.533172
0.5905 -0.538477
0.5915 -0.54376
0.5925 -0.549023
0.5935 -0.554263
0.5945 -0.559482
0.5955 -0.564679
0.5965 -0.569853
0.5975 -0.575005
0.5985 -0.580134
0.5995 -0.585241
0.6005 -0.590324
0.6015 -0.595384
0.6025 -0.60042
0.6035 -0.605433
0.6045 -0.610422
0.6055 -0.615386
0.6065 -0.620327
0.6075 -0.625243
0.6085 -0.630134
0.6095 -0.635
0.6105 -0.639841
0.6115 -0.644657
0.6125 -0.649448
0.6135 -0.654213
0.6145 -0.658952
0.6155 -0.663665
0.6165 -0.668352
0.6175 -0.673013
0.6185 -0.677646
0.6195 -0.682254
0.6205 -0.686834
0.6215 -0.691387
0.6225 -0.695913
0.6235 -0.700411
0.6245 -0.704882
0.6255 -0.709325
0.6265 -0.71374
0.6275 -0.718126
0.6285 -0.722485
0.6295 -0.726814
0.6305 -0.731116
0.6315 -0.735388
0.6325 -0.739631
0.6335 -0.743845
0.6345 -0.74803
0.6355 -0.752185
0.6365 -0.75631
0.6375 -0.760406
0.6385 -0.764472
0.6395 -0.768507
0.6405 -0.772512
0.6415 -0.776487
0.6425 -0.78043
0.6435 -0.784343
0.6445 -0.788226
0.6455 -0.792077
0.6465 -0.795896
0.6475 -0.799685
0.6485 -0.803441
0.6495 -0.807166
0.6505 -0.81086
0.6515 -0.814521
0.6525 -0.81815
0.6535 -0.821746
0.6545 -0.825311
0.6555 -0.828842
0.6565 -0.832341
0.6575 -0.835807
0.6585 -0.83924
0.6595 -0.84264
0.6605 -0.846007
0.6615 -0.84934
0.6625 -0.85264
0.6635 -0.855906
0.6645 -0.859139
0.6655 -0.862337
0.6665 -0.865501
0.6675 -0.868632
0.6685 -0.871727
0.6695 -0.874789
0.6705 -0.877816
0.6715 -0.880808
0.6725 -0.883766
0.6735 -0.886688
0.6745 -0.889576
0.6755 -0.892428
0.6765 -0.895246
0.6775 -0.898028
0.6785 -0.900774
0.6795 -0.903485
0.6805 -0.90616
0.6815 -0.9088
0.6825 -0.911403
0.6835 -0.913971
0.6845 -0.916502
0.6855 -0.918998
0.6865 -0.921457
0.6875 -0.92388
0.6885 -0.926266
0.6895 -0.928615
0.6905 -0.930928
0.6915 -0.933205
0.6925 -0.935444
0.6935 -0.937646
0.6945 -0.939812
0.6955 -0.94194
0.6965 -0.944031
0.6975 -0.946085
0.6985 -0.948102
0.6995 -0.950081
0.7005 -0.952023
0.7015 -0.953927
0.7025 -0.955793
0.7035 -0.957622
0.7045 -0.959412
0.7055 -0.961165
0.7065 -0.96288
0.7075 -0.964557
0.7085 -0.966196
0.7095 -0.967797
0.7105 -0.96936
0.7115 -0.970884
0.7125 -0.97237
0.7135 -0.973817
0.7145 -0.975227
0.7155 -0.976597
0.7165 -0.977929
0.7175 -0.979223
0.7185 -0.980478
0.7195 -0.981694
0.7205 -0.982871
0.7215 -0.98401
0.7225 -0.985109
0.7235 -0.98617
0.7245 -0.987192
0.7255 -0.988175
0.7265 -0.989119
0.7275 -0.990024
0.7285 -0.990889
0.7295 -0.991716
0.7305 -0.992504
0.7315 -0.993252
0.7325 -0.993961
0.7335 -0.994631
0.7345 -0.995261
0.7355 -0.995853
0.7365 -0.996405
0.7375 -0.996917
0.7385 -0.997391
0.7395 -0.997825
0.7405 -0.998219
0.7415 -0.998574
0.7425 -0.99889
0.7435 -0.999166
0.7445 -0.999403
0.7455 -0.9996
0.7465 -0.999758
0.7475 -0.999877
0.7485 -0.999956
0.7495 -0.999995
0.7505 -0.999995
0.7515 -0.999956
0.7525 -0.999877
0.7535 -0.999758
0.7545 -0.9996
0.7555 -0.999403
0.7565 -0.999166
0.7575 -0.99889
0.7585 -0.998574
0.7595 -0.998219
0.7605 -0.997825
0.7615 -0.997391
0.7625 -0.996917
0.7635 -0.996405
0.7645 -0.995853
0.7655 -0.995261
0.7665 -0.994631
0.7675 -0.993961
0.7685 -0.993252
0.7695 -0.992504
0.7705 -0.991716
0.7715 -0.990889
0.7725 -0.990024
0.7735 -0.989119
0.7745 -0.988175
0.7755 -0.987192
0.7765 -0.98617
0.7775 -0.985109
0.7785 -0.98401
0.7795 -0.982871
0.7805 -0.981694
0.7815 -0.980478
0.7825 -0.979223
0.7835 -0.977929
0.7845 -0.976597
0.7855 -0.975227
0.7865 -0.973817
0.7875 -0.97237
0.7885 -0.970884
0.7895 -0.96936
0.7905 -0.967797
0.7915 -0.966196
0.7925 -0.964557
0.7935 -0.96288
0.7945 -0.961165
0.7955 -0.959412
0.7965 -0.957622
0.7975 -0.955793
0.7985 -0.953927
0.7995 -0.952023
0.8005 -0.950081
0.8015 -0.948102
0.8025 -0.946085
0.8035 -0.944031
0.8045 -0.94194
0.8055 -0.939812
0.8065 -0.937646
0.8075 -0.935444
0.8085 -0.933205
0.8095 -0.930928
0.8105 -0.928615
0.8115 -0.926266
0.8125 -0.92388
0.8135 -0.921457
0.8145 -0.918998
0.8155 -0.916502
0.8165 -0.913971
0.8175 -0.911403
0.8185 -0.9088
0.8195 -0.90616
0.8205 -0.903485
0.8215 -0.900774
0.8225 -0.898028
0.8235 -0.895246
0.8245 -0.892428
0.8255 -0.889576
0.8265 -0.886688
0.8275 -0.883766
0.8285 -0.880808
0.8295 -0.877816
0.8305 -0.874789
0.8315 -0.871727
0.8325 -0.868632
0.8335 -0.865501
0.8345 -0.862337
0.8355 -0.859139
0.8365 -0.855906
0.8375 -0.85264
0.8385 -0.84934
0.8395 -0.846007
0.8405 -0.84264
0.8415 -0.83924
0.8425 -0.835807
0.8435 -0.832341
0.8445 -0.828842
0.8455 -0.825311
0.8465 -0.821746
0.8475 -0.81815
0.8485 -0.814521
0.8495 -0.81086
0.8505 -0.807166
0.8515 -0.803441
0.8525 -0.799685
0.8535 -0.795896
0.8545 -0.792077
0.8555 -0.788226
0.8565 -0.784343
0.8575 -0.78043
0.8585 -0.776487
0.8595 -0.772512
0.8605 -0.768507
0.8615 -0.764472
0.8625 -0.760406
0.8635 -0.75631
0.8645 -0.752185
0.8655 -0.74803
0.8665 -0.743845
0.8675 -0.739631
0.8685 -0.735388
0.8695 -0.731116
0.8705 -0.726814
0.8715 -0.722485
0.8725 -0.718126
0.8735 -0.71374
0.8745 -0.709325
0.8755 -0.704882
0.8765 -0.700411
0.8775 -0.695913
0.8785 -0.691387
0.8795 -0.686834
0.8805 -0.682254
0.8815 -0.677646
0.8825 -0.673013
0.8835 -0.668352
0.8845 -0.663665
0.8855 -0.658952
0.8865 -0.654213
0.8875 -0.649448
0.8885 -0.644657
0.8895 -0.639841
0.8905 -0.635
0.8915 -0.630134
0.8925 -0.625243
0.8935 -0.620327
0.8945 -0.615386
0.8955 -0.610422
0.8965 -0.605433
0.8975 -0.60042
0.8985 -0.595384
0.8995 -0.590324
0.9005 -0.585241
0.9015 -0.580134
0.9025 -0.575005
0.9035 -0.569853
0.9045 -0.564679
0.9055 -0.559482
0.9065 -0.554263
0.9075 -0.549023
0.9085 -0.54376
0.9095 -0.538477
0.9105 -0.533172
0.9115 -0.527846
0.9125 -0.522499
0.9135 -0.517131
0.9145 -0.511743
0.9155 -0.506335
0.9165 -0.500907
0.9175 -0.495459
0.9185 -0.489991
0.9195 -0.484504
0.9205 -0.478998
0.9215 -0.473473
0.9225 -0.46793
0.9235 -0.462368
0.9245 -0.456787
0.9255 -0.451189
0.9265 -0.445573
0.9275 -0.439939
0.9285 -0.434288
0.9295 -0.42862
0.9305 -0.422935
0.9315 -0.417233
0.9325 -0.411514
0.9335 -0.40578
0.9345 -0.400029
0.9355 -0.394263
0.9365 -0.388481
0.9375 -0.382683
0.9385 -0.376871
0.9395 -0.371044
0.9405 -0.365202
0.9415 -0.359345
0.9425 -0.353475
0.9435 -0.34759
0.9445 -0.341692
0.9455 -0.33578
0.9465 -0.329855
0.9475 -0.323917
0.9485 -0.317967
0.9495 -0.312003
0.9505 -0.306028
0.9515 -0.30004
0.9525 -0.29404
0.9535 -0.288029
0.9545 -0.282007
0.9555 -0.275973
0.9565 -0.269928
0.9575 -0.263873
0.9585 -0.257807
0.9595 -0.251732
0.9605 -0.245646
0.9615 -0.23955
0.9625 -0.233445
0.9635 -0.227331
0.9645 -0.221208
0.9655 -0.215076
0.9665 -0.208936
0.9675 -0.202787
0.9685 -0.196631
0.9695 -0.190466
0.9705 -0.184294
0.9715 -0.178115
0.9725 -0.171929
0.9735 -0.165736
0.9745 -0.159537
0.9755 -0.153331
0.9765 -0.147119
0.9775 -0.140901
0.9785 -0.134678
0.9795 -0.128449
0.9805 -0.122216
0.9815 -0.115977
0.9825 -0.109734
0.9835 -0.103487
0.9845 -0.0972355
0.9855 -0.0909802
0.9865 -0.0847213
0.9875 -0.0784591
0.9885 -0.0721938
0.9895 -0.0659256
0.9905 -0.0596548
0.9915 -0.0533817
0.9925 -0.0471065
0.9935 -0.0408294
0.9945 -0.0345506
0.9955 -0.0282706
0.9965 -0.0219894
0.9975 -0.0157073
0.9985 -0.00942464
0.9995 -0.00314159

# time= 0.25
0.0005 -1.2308e-05
0.0015 -3.6909e-05
0.0025 -6.15129e-05
0.0035 -8.61098e-05
0.0045 -0.000110704
0.0055 -0.000135293
0.0065 -0.000159876
0.0075 -0.000184453
0.0085 -0.000209023
0.0095 -0.000233584
0.0105 -0.000258136
0.0115 -0.000282677
0.0125 -0.000307208
0.0135 -0.000331726
0.0145 -0.000356231
0.0155 -0.000380722
0.0165 -0.000405198
0.0175 -0.000429658
0.0185 -0.000454101
0.0195 -0.000478525
0.0205 -0.000502932
0.0215 -0.000527317
0.0225 -0.000551682
0.0235 -0.000576026
0.0245 -0.000600346
0.0255 -0.000624643
0.0265 -0.000648915
0.0275 -0.000673161
0.0285 -0.000697381
0.0295 -0.000721573
0.0305 -0.000745736
0.0315 -0.00076987
0.0325 -0.000793973
0.0335 -0.000818046
0.0345 -0.000842086
0.0355 -0.000866092
0.0365 -0.000890065
0.0375 -0.000914001
0.0385 -0.000937902
0.0395 -0.000961766
0.0405 -0.000985592
0.0415 -0.00100938
0.0425 -0.00103313
0.0435 -0.00105683
0.0445 -0.0010805
0.0455 -0.00110412
0.0465 -0.0011277
0.0475 -0.00115123
0.0485 -0.00117472
0.0495 -0.00119816
0.0505 -0.00122155
0.0515 -0.0012449
0.0525 -0.00126819
0.0535 -0.00129144
0.0545 -0.00131464
0.0555 -0.00133778
0.0565 -0.00136087
0.0575 -0.00138391
0.0585 -0.00140689
0.0595 -0.00142982
0.0605 -0.00145269
0.0615 -0.0014755
0.0625 -0.00149825
0.0635 -0.00152095
0.0645 -0.00154358
0.0655 -0.00156616
0.0665 -0.00158867
0.0675 -0.00161112
0.0685 -0.0016335
0.0695 -0.00165583
0.0705 -0.00167808
0.0715 -0.00170027
0.0725 -0.00172239
0.0735 -0.00174445
0.0745 -0.00176643
0.0755 -0.00178835
0.0765 -0.00181019
0.0775 -0.00183196
0.0785 -0.00185367
0.0795 -0.00187529
0.0805 -0.00189685
0.0815 -0.00191833
0.0825 -0.00193973
0.0835 -0.00196105
0.0845 -0.0019823
0.0855 -0.00200347
0.0865 -0.00202457
0.0875 -0.00204558
0.0885 -0.00206651
0.0895 -0.00208736
0.0905 -0.00210812
0.0915 -0.0021288
0.0925 -0.0021494
0.0935 -0.00216992
0.0945 -0.00219035
0.0955 -0.00221069
0.0965 -0.00223094
0.0975 -0.00225111
0.0985 -0.00227119
0.0995 -0.00229117
0.1005 -0.00231107
0.1015 -0.00233088
0.1025 -0.00235059
0.1035 -0.00237021
0.1045 -0.00238974
0.1055 -0.00240917
0.1065 -0.00242851
0.1075 -0.00244775
0.1085 -0.0024669
0.1095 -0.00248594
0.1105 -0.00250489
0.1115 -0.00252374
0.1125 -0.00254249
0.1135 -0.00256114
0.1145 -0.00257969
0.1155 -0.00259814
0.1165 -0.00261649
0.1175 -0.00263473
0.1185 -0.00265286
0.1195 -0.0026709
0.1205 -0.00268882
0.1215 -0.00270664
0.1225 -0.00272436
0.1235 -0.00274196
0.1245 -0.00275946
0.1255 -0.00277685
0.1265 -0.00279413
0.1275 -0.0028113
0.1285 -0.00282836
0.1295 -0.0028453
0.1305 -0.00286214
0.1315 -0.00287886
0.1325 -0.00289546
0.1335 -0.00291196
0.1345 -0.00292833
0.1355 -0.0029446
0.1365 -0.00296074
0.1375 -0.00297677
0.1385 -0.00299268
0.1395 -0.00300847
0.1405 -0.00302415
0.1415 -0.0030397
0.1425 -0.00305514
0.1435 -0.00307045
0.1445 -0.00308564
0.1455 -0.00310072
0.1465 -0.00311566
0.1475 -0.00313049
0.1485 -0.00314519
0.1495 -0.00315977
0.1505 -0.00317422
0.1515 -0.00318855
0.1525 -0.00320275
0.1535 -0.00321682
0.1545 -0.00323077
0.1555 -0.00324459
0.1565 -0.00325828
0.1575 -0.00327185
0.1585 -0.00328528
0.1595 -0.00329858
0.1605 -0.00331176
0.1615 -0.0033248
0.1625 -0.00333771
0.1635 -0.00335049
0.1645 -0.00336314
0.1655 -0.00337566
0.1665 -0.00338804
0.1675 -0.00340028
0.1685 -0.0034124
0.1695 -0.00342438
0.1705 -0.00343622
0.1715 -0.00344793
0.1725 -0.0034595
0.1735 -0.00347093
0.1745 -0.00348223
0.1755 -0.00349339
0.1765 -0.00350441
0.1775 -0.0035153
0.1785 -0.00352604
0.1795 -0.00353665
0.1805 -0.00354712
0.1815 -0.00355744
0.1825 -0.00356763
0.1835 -0.00357767
0.1845 -0.00358757
0.1855 -0.00359734
0.1865 -0.00360696
0.1875 -0.00361643
0.1885 -0.00362577
0.1895 -0.00363496
0.1905 -0.00364401
0.1915 -0.00365291
0.1925 -0.00366167
0.1935 -0.00367028
0.1945 -0.00367875
0.1955 -0.00368708
0.1965 -0.00369526
0.1975 -0.00370329
0.1985 -0.00371118
0.1995 -0.00371892
0.2005 -0.00372651
0.2015 -0.00373396
0.2025 -0.00374125
0.2035 -0.0037484
0.2045 -0.00375541
0.2055 -0.00376226
0.2065 -0.00376897
0.2075 -0.00377552
0.2085 -0.00378193
0.2095 -0.00378819
0.2105 -0.0037943
0.2115 -0.00380026
0.2125 -0.00380607
0.2135 -0.00381173
0.2145 -0.00381724
0.2155 -0.00382259
0.2165 -0.0038278
0.2175 -0.00383285
0.2185 -0.00383776
0.2195 -0.00384251
0.2205 -0.00384711
0.2215 -0.00385156
0.2225 -0.00385586
0.2235 -0.00386
0.2245 -0.00386399
0.2255 -0.00386783
0.2265 -0.00387152
0.2275 -0.00387505
0.2285 -0.00387842
0.2295 -0.00388165
0.2305 -0.00388473
0.2315 -0.00388766
0.2325 -0.00389045
0.2335 -0.00389307
0.2345 -0.00389551
0.2355 -0.00389777
0.2365 -0.00389982
0.2375 -0.00390182
0.2385 -0.00390099
0.2395 -0.00389972
0.2405 -0.00388653
0.2415 -0.00387368
0.2425 -0.00387355
0.2435 -0.00387956
0.2445 -0.00389279
0.2455 -0.00391015
0.2465 -0.00393042
0.2475 -0.00394821
0.2485 -0.00395981
0.2495 -0.0039658
0.2505 -0.0039658
0.2515 -0.00395981
0.2525 -0.00394821
0.2535 -0.00393042
0.2545 -0.00391015
0.2555 -0.00389279
0.2565 -0.00387956
0.2575 -0.00387355
0.2585 -0.00387368
0.2595 -0.00388653
0.2605 -0.00389972
0.2615 -0.00390099
0.2625 -0.00390182
0.2635 -0.00389982
0.2645 -0.00389777
0.2655 -0.00389551
0.2665 -0.00389307
0.2675 -0.00389045
0.2685 -0.00388766
0.2695 -0.00388473
0.2705 -0.00388165
0.2715 -0.00387842
0.2725 -0.00387505
0.2735 -0.00387152
0.2745 -0.00386783
0.2755 -0.00386399
0.2765 -0.00386
0.2775 -0.00385586
0.2785 -0.00385156
0.2795 -0.00384711
0.2805 -0.00384251
0.2815 -0.00383776
0.2825 -0.00383285
0.2835 -0.0038278
0.2845 -0.00382259
0.2855 -0.00381724
0.2865 -0.00381173
0.2875 -0.00380607
0.2885 -0.00380026
0.2895 -0.0037943
0.2905 -0.00378819
0.2915 -0.00378193
0.2925 -0.00377552
0.2935 -0.00376897
0.2945 -0.00376226
0.2955 -0.00375541
0.2965 -0.0037484
0.2975 -0.00374125
0.2985 -0.00373396
0.2995 -0.00372651
0.3005 -0.00371892
0.3015 -0.00371118
0.3025 -0.00370329
0.3035 -0.00369526
0.3045 -0.00368708
0.3055 -0.00367875
0.3065 -0.00367028
0.3075 -0.00366167
0.3085 -0.00365291
0.3095 -0.00364401
0.3105 -0.00363496
0.3115 -0.00362577
0.3125 -0.00361643
0.3135 -0.00360696
0.3145 -0.00359734
0.3155 -0.00358757
0.3165 -0.00357767
0.3175 -0.00356763
0.3185 -0.00355744
0.3195 -0.00354712
0.3205 -0.00353665
0.3215 -0.00352604
0.3225 -0.0035153
0.3235 -0.00350441
0.3245 -0.00349339
0.3255 -0.00348223
0.3265 -0.00347093
0.3275 -0.0034595
0.3285 -0.00344793
0.3295 -0.00343622
0.3305 -0.00342438
0.3315 -0.0034124
0.3325 -0.00340028
0.3335 -0.00338804
0.3345 -0.00337566
0.3355 -0.00336314
0.3365 -0.00335049
0.3375 -0.00333771
0.3385 -0.0033248
0.3395 -0.00331176
0.3405 -0.00329858
0.3415 -0.00328528
0.3425 -0.00327185
0.3435 -0.00325828
0.3445 -0.00324459
0.3455 -0.00323077
0.3465 -0.00321682
0.3475 -0.00320275
0.3485 -0.00318855
0.3495 -0.00317422
0.3505 -0.00315977
0.3515 -0.00314519
0.3525 -0.00313049
0.3535 -0.00311566
0.3545 -0.00310072
0.3555 -0.00308564
0.3565 -0.00307045
0.3575 -0.00305514
0.3585 -0.0030397
0.3595 -0.00302415
0.3605 -0.00300847
0.3615 -0.00299268
0.3625 -0.00297677
0.3635 -0.00296074
0.3645 -0.0029446
0.3655 -0.00292833
0.3665 -0.00291196
0.3675 -0.00289546
0.3685 -0.00287886
0.3695 -0.00286214
0.3705 -0.0028453
0.3715 -0.00282836
0.3725 -0.0028113
0.3735 -0.00279413
0.3745 -0.00277685
0.3755 -0.00275946
0.3765 -0.00274196
0.3775 -0.00272436
0.3785 -0.00270664
0.3795 -0.00268882
0.3805 -0.0026709
0.3815 -0.00265286
0.3825 -0.00263473
0.3835 -0.00261649
0.3845 -0.00259814
0.3855 -0.00257969
0.3865 -0.00256114
0.3875 -0.00254249
0.3885 -0.00252374
0.3895 -0.00250489
0.3905 -0.00248594
0.3915 -0.0024669
0.3925 -0.00244775
0.3935 -0.00242851
0.3945 -0.00240917
0.3955 -0.00238974
0.3965 -0.00237021
0.3975 -0.00235059
0.3985 -0.00233088
0.3995 -0.00231107
0.4005 -0.00229117
0.4015 -0.00227119
0.4025 -0.00225111
0.4035 -0.00223094
0.4045 -0.00221069
0.4055 -0.00219035
0.4065 -0.00216992
0.4075 -0.0021494
0.4085 -0.0021288
0.4095 -0.00210812
0.4105 -0.00208736
0.4115 -0.00206651
0.4125 -0.00204558
0.4135 -0.00202457
0.4145 -0.00200347
0.4155 -0.0019823
0.4165 -0.00196105
0.4175 -0.00193973
0.4185 -0.00191833
0.4195 -0.00189685
0.4205 -0.00187529
0.4215 -0.00185367
0.4225 -0.00183196
0.4235 -0.00181019
0.4245 -0.00178835
0.4255 -0.00176643
0.4265 -0.00174445
0.4275 -0.00172239
0.4285 -0.00170027
0.4295 -0.00167808
0.4305 -0.00165583
0.4315 -0.0016335
0.4325 -0.00161112
0.4335 -0.00158867
0.4345 -0.00156616
0.4355 -0.00154358
0.4365 -0.00152095
0.4375 -0.00149825
0.4385 -0.0014755
0.4395 -0.00145269
0.4405 -0.00142982
0.4415 -0.00140689
0.4425 -0.00138391
0.4435 -0.00136087
0.4445 -0.00133778
0.4455 -0.00131464
0.4465 -0.00129144
0.4475 -0.00126819
0.4485 -0.0012449
0.4495 -0.00122155
0.4505 -0.00119816
0.4515 -0.00117472
0.4525 -0.00115123
0.4535 -0.0011277
0.4545 -0.00110412
0.4555 -0.0010805
0.4565 -0.00105683
0.4575 -0.00103313
0.4585 -0.00100938
0.4595 -0.000985592
0.4605 -0.000961766
0.4615 -0.000937902
0.4625 -0.000914001
0.4635 -0.000890065
0.4645 -0.000866092
0.4655 -0.000842086
0.4665 -0.000818046
0.4675 -0.000793973
0.4685 -0.00076987
0.4695 -0.000745736
0.4705 -0.000721573
0.4715 -0.000697381
0.4725 -0.000673161
0.4735 -0.000648915
0.4745 -0.000624643
0.4755 -0.000600346
0.4765 -0.000576026
0.4775 -0.000551682
0.4785 -0.000527317
0.4795 -0.000502932
0.4805 -0.000478525
0.4815 -0.000454101
0.4825 -0.000429658
0.4835 -0.000405198
0.4845 -0.000380722
0.4855 -0.000356231
0.4865 -0.000331726
0.4875 -0.000307208
0.4885 -0.000282677
0.4895 -0.000258136
0.4905 -0.000233584
0.4915 -0.000209023
0.4925 -0.000184453
0.4935 -0.000159876
0.4945 -0.000135293
0.4955 -0.000110704
0.4965 -8.61098e-05
0.4975 -6.15129e-05
0.4985 -3.6909e-05
0.4995 -1.2308e-05
0.5005 1.2308e-05
0.5015 3.6909e-05
0.5025 6.15129e-05
0.5035 8.61098e-05
0.5045 0.000110704
0.5055 0.000135293
0.5065 0.000159876
0.5075 0.000184453
0.5085 0.000209023
0.5095 0.000233584
0.5105 0.000258136
0.5115 0.000282677
0.5125 0.000307208
0.5135 0.000331726
0.5145 0.000356231
0.5155 0.000380722
0.5165 0.000405198
0.5175 0.000429658
0.5185 0.000454101
0.5195 0.000478525
0.5205 0.000502932
0.5215 0.000527317
0.5225 0.000551682
0.5235 0.000576026
0.5245 0.000600346
0.5255 0.000624643
0.5265 0.000648915
0.5275 0.000673161
0.5285 0.000697381
0.5295 0.000721573
0.5305 0.000745736
0.5315 0.00076987
0.5325 0.000793973
0.5335 0.000818046
0.5345 0.000842086
0.5355 0.000866092
0.5365 0.000890065
0.5375 0.000914001
0.5385 0.000937902
0.5395 0.000961766
0.5405 0.000985592
0.5415 0.00100938
0.5425 0.00103313
0.5435 0.00105683
0.5445 0.0010805
0.5455 0.00110412
0.5465 0.0011277
0.5475 0.00115123
0.5485 0.00117472
0.5495 0.00119816
0.5505 0.00122155
0.5515 0.0012449
0.5525 0.00126819
0.5535 0.00129144
0.5545 0.00131464
0.5555 0.00133778
0.5565 0.00136087
0.5575 0.00138391
0.5585 0.00140689
0.5595 0.00142982
0.5605 0.00145269
0.5615 0.0014755
0.5625 0.00149825
0.5635 0.00152095
0.5645 0.00154358
0.5655 0.00156616
0.5665 0.00158867
0.5675 0.00161112
0.5685 0.0016335
0.5695 0.00165583
0.5705 0.00167808
0.5715 0.00170027
0.5725 0.00172239
0.5735 0.00174445
0.5745 0.00176643
0.5755 0.00178835
0.5765 0.00181019
0.5775 0.00183196
0.5785 0.00185367
0.5795 0.00187529
0.5805 0.00189685
0.5815 0.00191833
0.5825 0.00193973
0.5835 0.00196105
0.5845 0.0019823
0.5855 0.00200347
0.5865 0.00202457
0.5875 0.00204558
0.5885 0.00206651
0.5895 0.00208736
0.5905 0.00210812
0.5915 0.0021288
0.5925 0.0021494
0.5935 0.00216992
0.5945 0.00219035
0.5955 0.00221069
0.5965 0.00223094
0.5975 0.00225111
0.5985 0.00227119
0.5995 0.00229117
0.6005 0.00231107
0.6015 0.00233088
0.6025 0.00235059
0.6035 0.00237021
0.6045 0.00238974
0.6055 0.00240917
0.6065 0.00242851
0.6075 0.00244775
0.6085 0.0024669
0.6095 0.00248594
0.6105 0.00250489
0.6115 0.00252374
0.6125 0.00254249
0.6135 0.00256114
0.6145 0.00257969
0.6155 0.00259814
0.6165 0.00261649
0.6175 0.00263473
0.6185 0.00265286
0.6195 0.0026709
0.6205 0.00268882
0.6215 0.00270664
0.6225 0.00272436
0.6235 0.00274196
0.6245 0.00275946
0.6255 0.00277685
0.6265 0.00279413
0.6275 0.0028113
0.6285 0.00282836
0.6295 0.0028453
0.6305 0.00286214
0.6315 0.00287886
0.6325 0.00289546
0.6335 0.00291196
0.6345 0.00292833
0.6355 0.0029446
0.6365 0.00296074
0.6375 0.00297677
0.6385 0.00299268
0.6395 0.00300847
0.6405 0.00302415
0.6415 0.0030397
0.6425 0.00305514
0.6435 0.00307045
0.6445 0.00308564
0.6455 0.00310072
0.6465 0.00311566
0.6475 0.00313049
0.6485 0.00314519
0.6495 0.00315977
0.6505 0.00317422
0.6515 0.00318855
0.6525 0.00320275
0.6535 0.00321682
0.6545 0.00323077
0.6555 0.00324459
0.6565 0.00325828
0.6575 0.00327185
0.6585 0.00328528
0.6595 0.00329858
0.6605 0.00331176
0.6615 0.0033248
0.6625 0.00333771
0.6635 0.00335049
0.6645 0.00336314
0.6655 0.00337566
0.6665 0.00338804
0.6675 0.00340028
0.6685 0.0034124
0.6695 0.00342438
0.6705 0.00343622
0.6715 0.00344793
0.6725 0.0034595
0.6735 0.00347093
0.6745 0.00348223
0.6755 0.00349339
0.6765 0.00350441
0.6775 0.0035153
0.6785 0.00352604
0.6795 0.00353665
0.6805 0.00354712
0.6815 0.00355744
0.6825 0.00356763
0.6835 0.00357767
0.6845 0.00358757
0.6855 0.00359734
0.6865 0.00360696
0.6875 0.00361643
0.6885 0.00362577
0.6895 0.00363496
0.6905 0.00364401
0.6915 0.00365291
0.6925 0.00366167
0.6935 0.00367028
0.6945 0.00367875
0.6955 0.00368708
0.6965 0.00369526
0.6975 0.00370329
0.6985 0.00371118
0.6995 0.00371892
0.7005 0.00372651
0.7015 0.00373396
0.7025 0.00374125
0.7035 0.0037484
0.7045 0.00375541
0.7055 0.00376226
0.7065 0.00376897
0.7075 0.00377552
0.7085 0.00378193
0.7095 0.00378819
0.7105 0.0037943
0.7115 0.00380026
0.7125 0.00380607
0.7135 0.00381173
0.7145 0.00381724
0.7155 0.00382259
0.7165 0.0038278
0.7175 0.00383285
0.7185 0.00383776
0.7195 0.00384251
0.7205 0.00384711
0.7215 0.00385156
0.7225 0.00385586
0.7235 0.00386
0.7245 0.00386399
0.7255 0.00386783
0.7265 0.00387152
0.7275 0.00387505
0.7285 0.00387842
0.7295 0.00388165
0.7305 0.00388473
0.7315 0.00388766
0.7325 0.00389045
0.7335 0.00389307
0.7345 0.00389551
0.7355 0.00389777
0.7365 0.00389982
0.7375 0.00390182
0.7385 0.00390099
0.7395 0.00389972
0.7405 0.00388653
0.7415 0.00387368
0.7425 0.00387355
0.7435 0.00387956
0.7445 0.00389279
0.7455 0.00391015
0.7465 0.00393042
0.7475 0.00394821
0.7485 0.00395981
0.7495 0.0039658
0.7505 0.0039658
0.7515 0.00395981
0.7525 0.00394821
0.7535 0.00393042
0.7545 0.00391015
0.7555 0.00389279
0.7565 0.00387956
0.7575 0.00387355
0.7585 0.00387368
0.7595 0.00388653
0.7605 0.00389972
0.7615 0.00390099
0.7625 0.00390182
0.7635 0.00389982
0.7645 0.00389777
0.7655 0.00389551
0.7665 0.00389307
0.7675 0.00389045
0.7685 0.00388766
0.7695 0.00388473
0.7705 0.00388165
0.7715 0.00387842
0.7725 0.00387505
0.7735 0.00387152
0.7745 0.00386783
0.7755 0.00386399
0.7765 0.00386
0.7775 0.00385586
0.7785 0.00385156
0.7795 0.00384711
0.7805 0.00384251
0.7815 0.00383776
0.7825 0.00383285
0.7835 0.0038278
0.7845 0.00382259
0.7855 0.00381724
0.7865 0.00381173
0.7875 0.00380607
0.7885 0.00380026
0.7895 0.0037943
0.7905 0.00378819
0.7915 0.00378193
0.7925 0.00377552
0.7935 0.00376897
0.7945 0.00376226
0.7955 0.00375541
0.7965 0.0037484
0.7975 0.00374125
0.7985 0.00373396
0.7995 0.00372651
0.8005 0.00371892
0.8015 0.00371118
0.8025 0.00370329
0.8035 0.00369526
0.8045 0.00368708
0.8055 0.00367875
0.8065 0.00367028
0.8075 0.00366167
0.8085 0.00365291
0.8095 0.00364401
0.8105 0.00363496
0.8115 0.00362577
0.8125 0.00361643
0.8135 0.00360696
0.8145 0.00359734
0.8155 0.00358757
0.8165 0.00357767
0.8175 0.00356763
0.8185 0.00355744
0.8195 0.00354712
0.8205 0.00353665
0.8215 0.00352604
0.8225 0.0035153
0.8235 0.00350441
0.8245 0.00349339
0.8255 0.00348223
0.8265 0.00347093
0.8275 0.0034595
0.8285 0.00344793
0.8295 0.00343622
0.8305 0.00342438
0.8315 0.0034124
0.8325 0.00340028
0.8335 0.00338804
0.8345 0.00337566
0.8355 0.00336314
0.8365 0.00335049
0.8375 0.00333771
0.8385 0.0033248
0.8395 0.00331176
0.8405 0.00329858
0.8415 0.00328528
0.8425 0.00327185
0.8435 0.00325828
0.8445 0.00324459
0.8455 0.00323077
0.8465 0.00321682
0.8475 0.00320275
0.8485 0.00318855
0.8495 0.00317422
0.8505 0.00315977
0.8515 0.00314519
0.8525 0.00313049
0.8535 0.00311566
0.8545 0.00310072
0.8555 0.00308564
0.8565 0.00307045
0.8575 0.00305514
0.8585 0.0030397
0.8595 0.00302415
0.8605 0.00300847
0.8615 0.00299268
0.8625 0.00297677
0.8635 0.00296074
0.8645 0.0029446
0.8655 0.00292833
0.8665 0.00291196
0.8675 0.00289546
0.8685 0.00287886
0.8695 0.00286214
0.8705 0.0028453
0.8715 0.00282836
0.8725 0.0028113
0.8735 0.00279413
0.8745 0.00277685
0.8755 0.00275946
0.8765 0.00274196
0.8775 0.00272436
0.8785 0.00270664
0.8795 0.00268882
0.8805 0.0026709
0.8815 0.00265286
0.8825 0.00263473
0.8835 0.00261649
0.8845 0.00259814
0.8855 0.00257969
0.8865 0.00256114
0.8875 0.00254249
0.8885 0.00252374
0.8895 0.00250489
0.8905 0.00248594
0.8915 0.0024669
0.8925 0.00244775
0.8935 0.00242851
0.8945 0.00240917
0.8955 0.00238974
0.8965 0.00237021
0.8975 0.00235059
0.8985 0.00233088
0.8995 0.00231107
0.9005 0.00229117
0.9015 0.00227119
0.9025 0.00225111
0.9035 0.00223094
0.9045 0.00221069
0.9055 0.00219035
0.9065 0.00216992
0.9075 0.0021494
0.9085 0.0021288
0.9095 0.00210812
0.9105 0.00208736
0.9115 0.00206651
0.9125 0.00204558
0.9135 0.00202457
0.9145 0.00200347
0.9155 0.0019823
0.9165 0.00196105
0.9175 0.00193973
0.9185 0.00191833
0.9195 0.00189685
0.9205 0.00187529
0.9215 0.00185367
0.9225 0.00183196
0.9235 0.00181019
0.9245 0.00178835
0.9255 0.00176643
0.9265 0.00174445
0.9275 0.00172239
0.9285 0.00170027
0.9295 0.00167808
0.9305 0.00165583
0.9315 0.0016335
0.9325 0.00161112
0.9335 0.00158867
0.9345 0.00156616
0.9355 0.00154358
0.9365 0.00152095
0.9375 0.00149825
0.9385 0.0014755
0.9395 0.00145269
0.9405 0.00142982
0.9415 0.00140689
0.9425 0.00138391
0.9435 0.00136087
0.9445 0.00133778
0.9455 0.00131464
0.9465 0.00129144
0.9475 0.00126819
0.9485 0.0012449
0.9495 0.00122155
0.9505 0.00119816
0.9515 0.00117472
0.9525 0.00115123
0.9535 0.0011277
0.9545 0.00110412
0.9555 0.0010805
0.9565 0.00105683
0.9575 0.00103313
0.9585 0.00100938
0.9595 0.000985592
0.9605 0.000961766
0.9615 0.000937902
0.9625 0.000914001
0.9635 0.000890065
0.9645 0.000866092
0.9655 0.000842086
0.9665 0.000818046
0.9675 0.000793973
0.9685 0.00076987
0.9695 0.000745736
0.9705 0.000721573
0.9715 0.000697381
0.9725 0.000673161
0.9735 0.000648915
0.9745 0.000624643
0.9755 0.000600346
0.9765 0.000576026
0.9775 0.000551682
0.9785 0.000527317
0.9795 0.000502932
0.9805 0.000478525
0.9815 0.000454101
0.9825 0.000429658
0.9835 0.000405198
0.9845 0.000380722
0.9855 0.000356231
0.9865 0.000331726
0.9875 0.000307208
0.9885 0.000282677
0.9895 0.000258136
0.9905 0.000233584
0.9915 0.000209023
0.9925 0.000184453
0.9935 0.000159876
0.9945 0.000135293
0.9955 0.000110704
0.9965 8.61098e-05
0.9975 6.15129e-05
0.9985 3.6909e-05
0.9995 1.2308e-05

# time= 0.5
0.0005 0.00357049
0.0015 -0.00626149
0.0025 -0.0144513
0.0035 -0.0218344
0.0045 -0.028103
0.0055 -0.034544
0.0065 -0.0408226
0.0075 -0.0470998
0.0085 -0.0533752
0.0095 -0.0596485
0.0105 -0.0659194
0.0115 -0.0721876
0.0125 -0.0784528
0.0135 -0.0847149
0.0145 -0.0909735
0.0155 -0.0972286
0.0165 -0.10348
0.0175 -0.109727
0.0185 -0.11597
0.0195 -0.122208
0.0205 -0.128442
0.0215 -0.13467
0.0225 -0.140893
0.0235 -0.147111
0.0245 -0.153323
0.0255 -0.159528
0.0265 -0.165728
0.0275 -0.17192
0.0285 -0.178106
0.0295 -0.184285
0.0305 -0.190457
0.0315 -0.196621
0.0325 -0.202778
0.0335 -0.208926
0.0345 -0.215067
0.0355 -0.221198
0.0365 -0.227321
0.0375 -0.233435
0.0385 -0.23954
0.0395 -0.245635
0.0405 -0.251721
0.0415 -0.257797
0.0425 -0.263862
0.0435 -0.269917
0.0445 -0.275962
0.0455 -0.281995
0.0465 -0.288018
0.0475 -0.294029
0.0485 -0.300028
0.0495 -0.306016
0.0505 -0.311991
0.0515 -0.317955
0.0525 -0.323905
0.0535 -0.329843
0.0545 -0.335768
0.0555 -0.34168
0.0565 -0.347578
0.0575 -0.353462
0.0585 -0.359332
0.0595 -0.365189
0.0605 -0.371031
0.0615 -0.376858
0.0625 -0.38267
0.0635 -0.388467
0.0645 -0.394249
0.0655 -0.400015
0.0665 -0.405766
0.0675 -0.4115
0.0685 -0.417218
0.0695 -0.42292
0.0705 -0.428605
0.0715 -0.434273
0.0725 -0.439924
0.0735 -0.445558
0.0745 -0.451174
0.0755 -0.456772
0.0765 -0.462353
0.0775 -0.467915
0.0785 -0.473458
0.0795 -0.478983
0.0805 -0.484489
0.0815 -0.489975
0.0825 -0.495443
0.0835 -0.500891
0.0845 -0.506319
0.0855 -0.511727
0.0865 -0.517115
0.0875 -0.522482
0.0885 -0.527829
0.0895 -0.533155
0.0905 -0.53846
0.0915 -0.543744
0.0925 -0.549006
0.0935 -0.554246
0.0945 -0.559465
0.0955 -0.564662
0.0965 -0.569836
0.0975 -0.574988
0.0985 -0.580117
0.0995 -0.585223
0.1005 -0.590306
0.1015 -0.595366
0.1025 -0.600402
0.1035 -0.605415
0.1045 -0.610403
0.1055 -0.615368
0.1065 -0.620308
0.1075 -0.625224
0.1085 -0.630115
0.1095 -0.634981
0.1105 -0.639823
0.1115 -0.644638
0.1125 -0.649429
0.1135 -0.654194
0.1145 -0.658933
0.1155 -0.663646
0.1165 -0.668333
0.1175 -0.672993
0.1185 -0.677627
0.1195 -0.682234
0.1205 -0.686814
0.1215 -0.691367
0.1225 -0.695893
0.1235 -0.700391
0.1245 -0.704862
0.1255 -0.709304
0.1265 -0.713719
0.1275 -0.718106
0.1285 -0.722464
0.1295 -0.726794
0.1305 -0.731095
0.1315 -0.735367
0.1325 -0.73961
0.1335 -0.743824
0.1345 -0.748009
0.1355 -0.752164
0.1365 -0.756289
0.1375 -0.760385
0.1385 -0.76445
0.1395 -0.768486
0.1405 -0.772491
0.1415 -0.776465
0.1425 -0.780409
0.1435 -0.784322
0.1445 -0.788204
0.1455 -0.792055
0.1465 -0.795874
0.1475 -0.799663
0.1485 -0.803419
0.1495 -0.807144
0.1505 -0.810837
0.1515 -0.814499
0.1525 -0.818127
0.1535 -0.821724
0.1545 -0.825288
0.1555 -0.82882
0.1565 -0.832319
0.1575 -0.835785
0.1585 -0.839218
0.1595 -0.842618
0.1605 -0.845984
0.1615 -0.849318
0.1625 -0.852617
0.1635 -0.855883
0.1645 -0.859116
0.1655 -0.862314
0.1665 -0.865478
0.1675 -0.868608
0.1685 -0.871704
0.1695 -0.874766
0.1705 -0.877793
0.1715 -0.880785
0.1725 -0.883742
0.1735 -0.886665
0.1745 -0.889552
0.1755 -0.892405
0.1765 -0.895222
0.1775 -0.898004
0.1785 -0.90075
0.1795 -0.903461
0.1805 -0.906137
0.1815 -0.908776
0.1825 -0.91138
0.1835 -0.913947
0.1845 -0.916479
0.1855 -0.918974
0.1865 -0.921433
0.1875 -0.923856
0.1885 -0.926242
0.1895 -0.928591
0.1905 -0.930904
0.1915 -0.933181
0.1925 -0.93542
0.1935 -0.937622
0.1945 -0.939788
0.1955 -0.941916
0.1965 -0.944007
0.1975 -0.946061
0.1985 -0.948078
0.1995 -0.950057
0.2005 -0.951998
0.2015 -0.953902
0.2025 -0.955769
0.2035 -0.957597
0.2045 -0.959388
0.2055 -0.961141
0.2065 -0.962856
0.2075 -0.964533
0.2085 -0.966172
0.2095 -0.967773
0.2105 -0.969335
0.2115 -0.97086
0.2125 -0.972346
0.2135 -0.973793
0.2145 -0.975202
0.2155 -0.976573
0.2165 -0.977905
0.2175 -0.979198
0.2185 -0.980453
0.2195 -0.981669
0.2205 -0.982847
0.2215 -0.983985
0.2225 -0.985085
0.2235 -0.986146
0.2245 -0.987168
0.2255 -0.988151
0.2265 -0.989094
0.2275 -0.989999
0.2285 -0.990865
0.2295 -0.991692
0.2305 -0.992479
0.2315 -0.993228
0.2325 -0.993937
0.2335 -0.994607
0.2345 -0.995237
0.2355 -0.995828
0.2365 -0.996387
0.2375 -0.996901
0.2385 -0.997366
0.2395 -0.997786
0.2405 -0.998167
0.2415 -0.998526
0.2425 -0.998866
0.2435 -0.999159
0.2445 -0.999406
0.2455 -0.999601
0.2465 -0.999747
0.2475 -0.99985
0.2485 -0.999919
0.2495 -0.999956
0.2505 -0.999956
0.2515 -0.999919
0.2525 -0.99985
0.2535 -0.999747
0.2545 -0.999601
0.2555 -0.999406
0.2565 -0.999159
0.2575 -0.998866
0.2585 -0.998526
0.2595 -0.998167
0.2605 -0.997786
0.2615 -0.997366
0.2625 -0.996901
0.2635 -0.996387
0.2645 -0.995828
0.2655 -0.995237
0.2665 -0.994607
0.2675 -0.993937
0.2685 -0.993228
0.2695 -0.992479
0.2705 -0.991692
0.2715 -0.990865
0.2725 -0.989999
0.2735 -0.989094
0.2745 -0.988151
0.2755 -0.987168
0.2765 -0.986146
0.2775 -0.985085
0.2785 -0.983985
0.2795 -0.982847
0.2805 -0.981669
0.2815 -0.980453
0.2825 -0.979198
0.2835 -0.977905
0.2845 -0.976573
0.2855 -0.975202
0.2865 -0.973793
0.2875 -0.972346
0.2885 -0.97086
0.2895 -0.969335
0.2905 -0.967773
0.2915 -0.966172
0.2925 -0.964533
0.2935 -0.962856
0.2945 -0.961141
0.2955 -0.959388
0.2965 -0.957597
0.2975 -0.955769
0.2985 -0.953902
0.2995 -0.951998
0.3005 -0.950057
0.3015 -0.948078
0.3025 -0.946061
0.3035 -0.944007
0.3045 -0.941916
0.3055 -0.939788
0.3065 -0.937622
0.3075 -0.93542
0.3085 -0.933181
0.3095 -0.930904
0.3105 -0.928591
0.3115 -0.926242
0.3125 -0.923856
0.3135 -0.921433
0.3145 -0.918974
0.3155 -0.916479
0.3165 -0.913947
0.3175 -0.91138
0.3185 -0.908776
0.3195 -0.906137
0.3205 -0.903461
0.3215 -0.90075
0.3225 -0.898004
0.3235 -0.895222
0.3245 -0.892405
0.3255 -0.889552
0.3265 -0.886665
0.3275 -0.883742
0.3285 -0.880785
0.3295 -0.877793
0.3305 -0.874766
0.3315 -0.871704
0.3325 -0.868608
0.3335 -0.865478
0.3345 -0.862314
0.3355 -0.859116
0.3365 -0.855883
0.3375 -0.852617
0.3385 -0.849318
0.3395 -0.845984
0.3405 -0.842618
0.3415 -0.839218
0.3425 -0.835785
0.3435 -0.832319
0.3445 -0.82882
0.3455 -0.825288
0.3465 -0.821724
0.3475 -0.818127
0.3485 -0.814499
0.3495 -0.810837
0.3505 -0.807144
0.3515 -0.803419
0.3525 -0.799663
0.3535 -0.795874
0.3545 -0.792055
0.3555 -0.788204
0.3565 -0.784322
0.3575 -0.780409
0.3585 -0.776465
0.3595 -0.772491
0.3605 -0.768486
0.3615 -0.76445
0.3625 -0.760385
0.3635 -0.756289
0.3645 -0.752164
0.3655 -0.748009
0.3665 -0.743824
0.3675 -0.73961
0.3685 -0.735367
0.3695 -0.731095
0.3705 -0.726794
0.3715 -0.722464
0.3725 -0.718106
0.3735 -0.713719
0.3745 -0.709304
0.3755 -0.704862
0.3765 -0.700391
0.3775 -0.695893
0.3785 -0.691367
0.3795 -0.686814
0.3805 -0.682234
0.3815 -0.677627
0.3825 -0.672993
0.3835 -0.668333
0.3845 -0.663646
0.3855 -0.658933
0.3865 -0.654194
0.3875 -0.649429
0.3885 -0.644638
0.3895 -0.639823
0.3905 -0.634981
0.3915 -0.630115
0.3925 -0.625224
0.3935 -0.620308
0.3945 -0.615368
0.3955 -0.610403
0.3965 -0.605415
0.3975 -0.600402
0.3985 -0.595366
0.3995 -0.590306
0.4005 -0.585223
0.4015 -0.580117
0.4025 -0.574988
0.4035 -0.569836
0.4045 -0.564662
0.4055 -0.559465
0.4065 -0.554246
0.4075 -0.549006
0.4085 -0.543744
0.4095 -0.53846
0.4105 -0.533155
0.4115 -0.527829
0.4125 -0.522482
0.4135 -0.517115
0.4145 -0.511727
0.4155 -0.506319
0.4165 -0.500891
0.4175 -0.495443
0.4185 -0.489975
0.4195 -0.484489
0.4205 -0.478983
0.4215 -0.473458
0.4225 -0.467915
0.4235 -0.462353
0.4245 -0.456772
0.4255 -0.451174
0.4265 -0.445558
0.4275 -0.439924
0.4285 -0.434273
0.4295 -0.428605
0.4305 -0.42292
0.4315 -0.417218
0.4325 -0.4115
0.4335 -0.405766
0.4345 -0.400015
0.4355 -0.394249
0.4365 -0.388467
0.4375 -0.38267
0.4385 -0.376858
0.4395 -0.371031
0.4405 -0.365189
0.4415 -0.359332
0.4425 -0.353462
0.4435 -0.347578
0.4445 -0.34168
0.4455 -0.335768
0.4465 -0.329843
0.4475 -0.323905
0.4485 -0.317955
0.4495 -0.311991
0.4505 -0.306016
0.4515 -0.300028
0.4525 -0.294029
0.4535 -0.288018
0.4545 -0.281995
0.4555 -0.275962
0.4565 -0.269917
0.4575 -0.263862
0.4585 -0.257797
0.4595 -0.251721
0.4605 -0.245635
0.4615 -0.23954
0.4625 -0.233435
0.4635 -0.227321
0.4645 -0.221198
0.4655 -0.215067
0.4665 -0.208926
0.4675 -0.202778
0.4685 -0.196621
0.4695 -0.190457
0.4705 -0.184285
0.4715 -0.178106
0.4725 -0.17192
0.4735 -0.165728
0.4745 -0.159528
0.4755 -0.153323
0.4765 -0.147111
0.4775 -0.140893
0.4785 -0.13467
0.4795 -0.128442
0.4805 -0.122208
0.4815 -0.11597
0.4825 -0.109727
0.4835 -0.10348
0.4845 -0.0972286
0.4855 -0.0909735
0.4865 -0.0847149
0.4875 -0.0784528
0.4885 -0.0721876
0.4895 -0.0659194
0.4905 -0.0596485
0.4915 -0.0533752
0.4925 -0.0470998
0.4935 -0.0408226
0.4945 -0.034544
0.4955 -0.0282644
0.4965 -0.021984
0.4975 -0.0157031
0.4985 -0.00942195
0.4995 -0.00314066
0.5005 0.00314066
0.5015 0.00942195
0.5025 0.0157031
0.5035 0.021984
0.5045 0.0282644
0.5055 0.034544
0.5065 0.0408226
0.5075 0.0470998
0.5085 0.0533752
0.5095 0.0596485
0.5105 0.0659194
0.5115 0.0721876
0.5125 0.0784528
0.5135 0.0847149
0.5145 0.0909735
0.5155 0.0972286
0.5165 0.10348
0.5175 0.109727
0.5185 0.11597
0.5195 0.122208
0.5205 0.128442
0.5215 0.13467
0.5225 0.140893
0.5235 0.147111
0.5245 0.153323
0.5255 0.159528
0.5265 0.165728
0.5275 0.17192
0.5285 0.178106
0.5295 0.184285
0.5305 0.190457
0.5315 0.196621
0.5325 0.202778
0.5335 0.208926
0.5345 0.215067
0.5355 0.221198
0.5365 0.227321
0.5375 0.233435
0.5385 0.23954
0.5395 0.245635
0.5405 0.251721
0.5415 0.257797
0.5425 0.263862
0.5435 0.269917
0.5445 0.275962
0.5455 0.281995
0.5465 0.288018
0.5475 0.294029
0.5485 0.300028
0.5495 0.306016
0.5505 0.311991
0.5515 0.317955
0.5525 0.323905
0.5535 0.329843
0.5545 0.335768
0.5555 0.34168
0.5565 0.347578
0.5575 0.353462
0.5585 0.359332
0.5595 0.365189
0.5605 0.371031
0.5615 0.376858
0.5625 0.38267
0.5635 0.388467
0.5645 0.394249
0.5655 0.400015
0.5665 0.405766
0.5675 0.4115
0.5685 0.417218
0.5695 0.42292
0.5705 0.428605
0.5715 0.434273
0.5725 0.439924
0.5735 0.445558
0.5745 0.451174
0.5755 0.456772
0.5765 0.462353
0.5775 0.467915
0.5785 0.473458
0.5795 0.478983
0.5805 0.484489
0.5815 0.489975
0.5825 0.495443
0.5835 0.500891
0.5845 0.506319
0.5855 0.511727
0.5865 0.517115
0.5875 0.522482
0.5885 0.527829
0.5895 0.533155
0.5905 0.53846
0.5915 0.543744
0.5925 0.549006
0.5935 0.554246
0.5945 0.559465
0.5955 0.564662
0.5965 0.569836
0.5975 0.574988
0.5985 0.580117
0.5995 0.585223
0.6005 0.590306
0.6015 0.595366
0.6025 0.600402
0.6035 0.605415
0.6045 0.610403
0.6055 0.615368
0.6065 0.620308
0.6075 0.625224
0.6085 0.630115
0.6095 0.634981
0.6105 0.639823
0.6115 0.644638
0.6125 0.649429
0.6135 0.654194
0.6145 0.658933
0.6155 0.663646
0.6165 0.668333
0.6175 0.672993
0.6185 0.677627
0.6195 0.682234
0.6205 0.686814
0.6215 0.691367
0.6225 0.695893
0.6235 0.700391
0.6245 0.704862
0.6255 0.709304
0.6265 0.713719
0.6275 0.718106
0.6285 0.722464
0.6295 0.726794
0.6305 0.731095
0.6315 0.735367
0.6325 0.73961
0.6335 0.743824
0.6345 0.748009
0.6355 0.752164
0.6365 0.756289
0.6375 0.760385
0.6385 0.76445
0.6395 0.768486
0.6405 0.772491
0.6415 0.776465
0.6425 0.780409
0.6435 0.784322
0.6445 0.788204
0.6455 0.792055
0.6465 0.795874
0.6475 0.799663
0.6485 0.803419
0.6495 0.807144
0.6505 0.810837
0.6515 0.814499
0.6525 0.818127
0.6535 0.821724
0.6545 0.825288
0.6555 0.82882
0.6565 0.832319
0.6575 0.835785
0.6585 0.839218
0.6595 0.842618
0.6605 0.845984
0.6615 0.849318
0.6625 0.852617
0.6635 0.855883
0.6645 0.859116
0.6655 0.862314
0.6665 0.865478
0.6675 0.868608
0.6685 0.871704
0.6695 0.874766
0.6705 0.877793
0.6715 0.880785
0.6725 0.883742
0.6735 0.886665
0.6745 0.889552
0.6755 0.892405
0.6765 0.895222
0.6775 0.898004
0.6785 0.90075
0.6795 0.903461
0.6805 0.906137
0.6815 0.908776
0.6825 0.91138
0.6835 0.913947
0.6845 0.916479
0.6855 0.918974
0.6865 0.921433
0.6875 0.923856
0.6885 0.926242
0.6895 0.928591
0.6905 0.930904
0.6915 0.933181
0.6925 0.93542
0.6935 0.937622
0.6945 0.939788
0.6955 0.941916
0.6965 0.944007
0.6975 0.946061
0.6985 0.948078
0.6995 0.950057
0.7005 0.951998
0.7015 0.953902
0.7025 0.955769
0.7035 0.957597
0.7045 0.959388
0.7055 0.961141
0.7065 0.962856
0.7075 0.964533
0.7085 0.966172
0.7095 0.967773
0.7105 0.969335
0.7115 0.97086
0.7125 0.972346
0.7135 0.973793
0.7145 0.975202
0.7155 0.976573
0.7165 0.977905
0.7175 0.979198
0.7185 0.980453
0.7195 0.981669
0.7205 0.982847
0.7215 0.983985
0.7225 0.985085
0.7235 0.986146
0.7245 0.987168
0.7255 0.988151
0.7265 0.989094
0.7275 0.989999
0.7285 0.990865
0.7295 0.991692
0.7305 0.992479
0.7315 0.993228
0.7325 0.993937
0.7335 0.994607
0.7345 0.995237
0.7355 0.995828
0.7365 0.996387
0.7375 0.996901
0.7385 0.997366
0.7395 0.997786
0.7405 0.998167
0.7415 0.998526
0.7425 0.998866
0.7435 0.999159
0.7445 0.999406
0.7455 0.999601
0.7465 0.999747
0.7475 0.99985
0.7485 0.999919
0.7495 0.999956
0.7505 0.999956
0.7515 0.999919
0.7525 0.99985
0.7535 0.999747
0.7545 0.999601
0.7555 0.999406
0.7565 0.999159
0.7575 0.998866
0.7585 0.998526
0.7595 0.998167
0.7605 0.997786
0.7615 0.997366
0.7625 0.996901
0.7635 0.996387
0.7645 0.995828
0.7655 0.995237
0.7665 0.994607
0.7675 0.993937
0.7685 0.993228
0.7695 0.992479
0.7705 0.991692
0.7715 0.990865
0.7725 0.989999
0.7735 0.989094
0.7745 0.988151
0.7755 0.987168
0.7765 0.986146
0.7775 0.985085
0.7785 0.983985
0.7795 0.982847
0.7805 0.981669
0.7815 0.980453
0.7825 0.979198
0.7835 0.977905
0.7845 0.976573
0.7855 0.975202
0.7865 0.973793
0.7875 0.972346
0.7885 0.97086
0.7895 0.969335
0.7905 0.967773
0.7915 0.966172
0.7925 0.964533
0.7935 0.962856
0.7945 0.961141
0.7955 0.959388
0.7965 0.957597
0.7975 0.955769
0.7985 0.953902
0.7995 0.951998
0.8005 0.950057
0.8015 0.948078
0.8025 0.946061
0.8035 0.944007
0.8045 0.941916
0.8055 0.939788
0.8065 0.937622
0.8075 0.93542
0.8085 0.933181
0.8095 0.930904
0.8105 0.928591
0.8115 0.926242
0.8125 0.923856
0.8135 0.921433
0.8145 0.918974
0.8155 0.916479
0.8165 0.913947
0.8175 0.91138
0.8185 0.908776
0.8195 0.906137
0.8205 0.903461
0.8215 0.90075
0.8225 0.898004
0.8235 0.895222
0.8245 0.892405
0.8255 0.889552
0.8265 0.886665
0.8275 0.883742
0.8285 0.880785
0.8295 0.877793
0.8305 0.874766
0.8315 0.871704
0.8325 0.868608
0.8335 0.865478
0.8345 0.862314
0.8355 0.859116
0.8365 0.855883
0.8375 0.852617
0.8385 0.849318
0.8395 0.845984
0.8405 0.842618
0.8415 0.839218
0.8425 0.835785
0.8435 0.832319
0.8445 0.82882
0.8455 0.825288
0.8465 0.821724
0.8475 0.818127
0.8485 0.814499
0.8495 0.810837
0.8505 0.807144
0.8515 0.803419
0.8525 0.799663
0.8535 0.795874
0.8545 0.792055
0.8555 0.788204
0.8565 0.784322
0.8575 0.780409
0.8585 0.776465
0.8595 0.772491
0.8605 0.768486
0.8615 0.76445
0.8625 0.760385
0.8635 0.756289
0.8645 0.752164
0.8655 0.748009
0.8665 0.743824
0.8675 0.73961
0.8685 0.735367
0.8695 0.731095
0.8705 0.726794
0.8715 0.722464
0.8725 0.718106
0.8735 0.713719
0.8745 0.709304
0.8755 0.704862
0.8765 0.700391
0.8775 0.695893
0.8785 0.691367
0.8795 0.686814
0.8805 0.682234
0.8815 0.677627
0.8825 0.672993
0.8835 0.668333
0.8845 0.663646
0.8855 0.658933
0.8865 0.654194
0.8875 0.649429
0.8885 0.644638
0.8895 0.639823
0.8905 0.634981
0.8915 0.630115
0.8925 0.625224
0.8935 0.620308
0.8945 0.615368
0.8955 0.610403
0.8965 0.605415
0.8975 0.600402
0.8985 0.595366
0.8995 0.590306
0.9005 0.585223
0.9015 0.580117
0.9025 0.574988
0.9035 0.569836
0.9045 0.564662
0.9055 0.559465
0.9065 0.554246
0.9075 0.549006
0.9085 0.543744
0.9095 0.53846
0.9105 0.533155
0.9115 0.527829
0.9125 0.522482
0.9135 0.517115
0.9145 0.511727
0.9155 0.506319
0.9165 0.500891
0.9175 0.495443
0.9185 0.489975
0.9195 0.484489
0.9205 0.478983
0.9215 0.473458
0.9225 0.467915
0.9235 0.462353
0.9245 0.456772
0.9255 0.451174
0.9265 0.445558
0.9275 0.439924
0.9285 0.434273
0.9295 0.428605
0.9305 0.42292
0.9315 0.417218
0.9325 0.4115
0.9335 0.405766
0.9345 0.400015
0.9355 0.394249
0.9365 0.388467
0.9375 0.38267
0.9385 0.376858
0.9395 0.371031
0.9405 0.365189
0.9415 0.359332
0.9425 0.353462
0.9435 0.347578
0.9445 0.34168
0.9455 0.335768
0.9465 0.329843
0.9475 0.323905
0.9485 0.317955
0.9495 0.311991
0.9505 0.306016
0.9515 0.300028
0.9525 0.294029
0.9535 0.288018
0.9545 0.281995
0.9555 0.275962
0.9565 0.269917
0.9575 0.263862
0.9585 0.257797
0.9595 0.251721
0.9605 0.245635
0.9615 0.23954
0.9625 0.233435
0.9635 0.227321
0.9645 0.221198
0.9655 0.215067
0.9665 0.208926
0.9675 0.202778
0.9685 0.196621
0.9695 0.190457
0.9705 0.184285
0.9715 0.178106
0.9725 0.17192
0.9735 0.165728
0.9745 0.159528
0.9755 0.153323
0.9765 0.147111
0.9775 0.140893
0.9785 0.13467
0.9795 0.128442
0.9805 0.122208
0.9815 0.11597
0.9825 0.109727
0.9835 0.10348
0.9845 0.0972286
0.9855 0.0909735
0.9865 0.0847149
0.9875 0.0784528
0.9885 0.0721876
0.9895 0.0659194
0.9905 0.0596485
0.9915 0.0533752
0.9925 0.0470998
0.9935 0.0408226
0.9945 0.034544
0.9955 0.0282274
0.9965 0.021249
0.9975 0.0146197
0.9985 0.00909948
0.9995 0.00468178

# time= 0.75
0.0005 0.00489018
0.0015 0.00432166
0.0025 0.00309613
0.0035 0.00275247
0.0045 0.00165658
0.0055 0.000677397
0.0065 0.000900028
0.0075 0.000674686
0.0085 0.000322883
0.0095 0.000383987
0.0105 0.000317909
0.0115 0.000296495
0.0125 0.000310844
0.0135 0.000333957
0.0145 0.000358499
0.0155 0.000383144
0.0165 0.000407775
0.0175 0.00043239
0.0185 0.000456986
0.0195 0.000481565
0.0205 0.000506125
0.0215 0.000530665
0.0225 0.000555184
0.0235 0.00057968
0.0245 0.000604154
0.0255 0.000628604
0.0265 0.00065303
0.0275 0.000677429
0.0285 0.000701801
0.0295 0.000726146
0.0305 0.000750462
0.0315 0.000774749
0.0325 0.000799004
0.0335 0.000823228
0.0345 0.00084742
0.0355 0.000871577
0.0365 0.000895701
0.0375 0.00091979
0.0385 0.000943841
0.0395 0.000967855
0.0405 0.000991831
0.0415 0.00101577
0.0425 0.00103967
0.0435 0.00106352
0.0445 0.00108733
0.0455 0.0011111
0.0465 0.00113483
0.0475 0.00115851
0.0485 0.00118215
0.0495 0.00120574
0.0505 0.00122928
0.0515 0.00125277
0.0525 0.00127622
0.0535 0.00129961
0.0545 0.00132295
0.0555 0.00134624
0.0565 0.00136948
0.0575 0.00139266
0.0585 0.00141579
0.0595 0.00143886
0.0605 0.00146187
0.0615 0.00148483
0.0625 0.00150773
0.0635 0.00153057
0.0645 0.00155334
0.0655 0.00157606
0.0665 0.00159871
0.0675 0.00162131
0.0685 0.00164383
0.0695 0.00166629
0.0705 0.00168869
0.0715 0.00171102
0.0725 0.00173328
0.0735 0.00175547
0.0745 0.0017776
0.0755 0.00179965
0.0765 0.00182163
0.0775 0.00184355
0.0785 0.00186538
0.0795 0.00188715
0.0805 0.00190884
0.0815 0.00193045
0.0825 0.00195199
0.0835 0.00197345
0.0845 0.00199483
0.0855 0.00201614
0.0865 0.00203736
0.0875 0.0020585
0.0885 0.00207957
0.0895 0.00210055
0.0905 0.00212144
0.0915 0.00214226
0.0925 0.00216299
0.0935 0.00218363
0.0945 0.00220419
0.0955 0.00222466
0.0965 0.00224504
0.0975 0.00226533
0.0985 0.00228554
0.0995 0.00230565
0.1005 0.00232567
0.1015 0.0023456
0.1025 0.00236544
0.1035 0.00238519
0.1045 0.00240484
0.1055 0.00242439
0.1065 0.00244385
0.1075 0.00246322
0.1085 0.00248248
0.1095 0.00250165
0.1105 0.00252072
0.1115 0.00253969
0.1125 0.00255856
0.1135 0.00257732
0.1145 0.00259599
0.1155 0.00261455
0.1165 0.00263301
0.1175 0.00265137
0.1185 0.00266962
0.1195 0.00268777
0.1205 0.00270581
0.1215 0.00272374
0.1225 0.00274157
0.1235 0.00275928
0.1245 0.00277689
0.1255 0.00279439
0.1265 0.00281178
0.1275 0.00282906
0.1285 0.00284622
0.1295 0.00286328
0.1305 0.00288021
0.1315 0.00289704
0.1325 0.00291375
0.1335 0.00293035
0.1345 0.00294683
0.1355 0.00296319
0.1365 0.00297944
0.1375 0.00299557
0.1385 0.00301158
0.1395 0.00302748
0.1405 0.00304325
0.1415 0.0030589
0.1425 0.00307443
0.1435 0.00308984
0.1445 0.00310513
0.1455 0.0031203
0.1465 0.00313534
0.1475 0.00315026
0.1485 0.00316505
0.1495 0.00317972
0.1505 0.00319427
0.1515 0.00320868
0.1525 0.00322298
0.1535 0.00323714
0.1545 0.00325117
0.1555 0.00326508
0.1565 0.00327886
0.1575 0.00329251
0.1585 0.00330603
0.1595 0.00331941
0.1605 0.00333267
0.1615 0.0033458
0.1625 0.00335879
0.1635 0.00337165
0.1645 0.00338438
0.1655 0.00339697
0.1665 0.00340943
0.1675 0.00342176
0.1685 0.00343395
0.1695 0.003446
0.1705 0.00345792
0.1715 0.0034697
0.1725 0.00348135
0.1735 0.00349285
0.1745 0.00350422
0.1755 0.00351545
0.1765 0.00352654
0.1775 0.0035375
0.1785 0.00354831
0.1795 0.00355898
0.1805 0.00356951
0.1815 0.0035799
0.1825 0.00359015
0.1835 0.00360026
0.1845 0.00361023
0.1855 0.00362005
0.1865 0.00362973
0.1875 0.00363927
0.1885 0.00364866
0.1895 0.00365791
0.1905 0.00366701
0.1915 0.00367597
0.1925 0.00368479
0.1935 0.00369346
0.1945 0.00370198
0.1955 0.00371036
0.1965 0.00371859
0.1975 0.00372667
0.1985 0.00373461
0.1995 0.0037424
0.2005 0.00375004
0.2015 0.00375753
0.2025 0.00376487
0.2035 0.00377207
0.2045 0.00377912
0.2055 0.00378602
0.2065 0.00379277
0.2075 0.00379937
0.2085 0.00380581
0.2095 0.00381211
0.2105 0.00381825
0.2115 0.00382424
0.2125 0.00383009
0.2135 0.0038358
0.2145 0.00384136
0.2155 0.00384676
0.2165 0.00385199
0.2175 0.00385706
0.2185 0.00386196
0.2195 0.00386671
0.2205 0.00387133
0.2215 0.00387582
0.2225 0.00388019
0.2235 0.00388442
0.2245 0.0038885
0.2255 0.0038924
0.2265 0.00389611
0.2275 0.00389961
0.2285 0.00390291
0.2295 0.00390604
0.2305 0.00390902
0.2315 0.00391187
0.2325 0.00391448
0.2335 0.00391727
0.2345 0.00391497
0.2355 0.00391274
0.2365 0.00391743
0.2375 0.00392021
0.2385 0.00392936
0.2395 0.00394465
0.2405 0.00392547
0.2415 0.00389628
0.2425 0.00389131
0.2435 0.00389526
0.2445 0.00391001
0.2455 0.00393021
0.2465 0.00395464
0.2475 0.00397645
0.2485 0.00399071
0.2495 0.0039982
0.2505 0.0039982
0.2515 0.00399071
0.2525 0.00397645
0.2535 0.00395464
0.2545 0.00393021
0.2555 0.00391001
0.2565 0.00389526
0.2575 0.00389131
0.2585 0.00389628
0.2595 0.00392547
0.2605 0.00394465
0.2615 0.00392936
0.2625 0.00392021
0.2635 0.00391743
0.2645 0.00391274
0.2655 0.00391497
0.2665 0.00391727
0.2675 0.00391448
0.2685 0.00391187
0.2695 0.00390902
0.2705 0.00390604
0.2715 0.00390291
0.2725 0.00389961
0.2735 0.00389611
0.2745 0.0038924
0.2755 0.0038885
0.2765 0.00388442
0.2775 0.00388019
0.2785 0.00387582
0.2795 0.00387133
0.2805 0.00386671
0.2815 0.00386196
0.2825 0.00385706
0.2835 0.00385199
0.2845 0.00384676
0.2855 0.00384136
0.2865 0.0038358
0.2875 0.00383009
0.2885 0.00382424
0.2895 0.00381825
0.2905 0.00381211
0.2915 0.00380581
0.2925 0.00379937
0.2935 0.00379277
0.2945 0.00378602
0.2955 0.00377912
0.2965 0.00377207
0.2975 0.00376487
0.2985 0.00375753
0.2995 0.00375004
0.3005 0.0037424
0.3015 0.00373461
0.3025 0.00372667
0.3035 0.00371859
0.3045 0.00371036
0.3055 0.00370198
0.3065 0.00369346
0.3075 0.00368479
0.3085 0.00367597
0.3095 0.00366701
0.3105 0.00365791
0.3115 0.00364866
0.3125 0.00363927
0.3135 0.00362973
0.3145 0.00362005
0.3155 0.00361023
0.3165 0.00360026
0.3175 0.00359015
0.3185 0.0035799
0.3195 0.00356951
0.3205 0.00355898
0.3215 0.00354831
0.3225 0.0035375
0.3235 0.00352654
0.3245 0.00351545
0.3255 0.00350422
0.3265 0.00349285
0.3275 0.00348135
0.3285 0.0034697
0.3295 0.00345792
0.3305 0.003446
0.3315 0.00343395
0.3325 0.00342176
0.3335 0.00340943
0.3345 0.00339697
0.3355 0.00338438
0.3365 0.00337165
0.3375 0.00335879
0.3385 0.0033458
0.3395 0.00333267
0.3405 0.00331941
0.3415 0.00330603
0.3425 0.00329251
0.3435 0.00327886
0.3445 0.00326508
0.3455 0.00325117
0.3465 0.00323714
0.3475 0.00322298
0.3485 0.00320868
0.3495 0.00319427
0.3505 0.00317972
0.3515 0.00316505
0.3525 0.00315026
0.3535 0.00313534
0.3545 0.0031203
0.3555 0.00310513
0.3565 0.00308984
0.3575 0.00307443
0.3585 0.0030589
0.3595 0.00304325
0.3605 0.00302748
0.3615 0.00301158
0.3625 0.00299557
0.3635 0.00297944
0.3645 0.00296319
0.3655 0.00294683
0.3665 0.00293035
0.3675 0.00291375
0.3685 0.00289704
0.3695 0.00288021
0.3705 0.00286328
0.3715 0.00284622
0.3725 0.00282906
0.3735 0.00281178
0.3745 0.00279439
0.3755 0.00277689
0.3765 0.00275928
0.3775 0.00274157
0.3785 0.00272374
0.3795 0.00270581
0.3805 0.00268777
0.3815 0.00266962
0.3825 0.00265137
0.3835 0.00263301
0.3845 0.00261455
0.3855 0.00259599
0.3865 0.00257732
0.3875 0.00255856
0.3885 0.00253969
0.3895 0.00252072
0.3905 0.00250165
0.3915 0.00248248
0.3925 0.00246322
0.3935 0.00244385
0.3945 0.00242439
0.3955 0.00240484
0.3965 0.00238519
0.3975 0.00236544
0.3985 0.0023456
0.3995 0.00232567
0.4005 0.00230565
0.4015 0.00228554
0.4025 0.00226533
0.4035 0.00224504
0.4045 0.00222466
0.4055 0.00220419
0.4065 0.00218363
0.4075 0.00216299
0.4085 0.00214226
0.4095 0.00212144
0.4105 0.00210055
0.4115 0.00207957
0.4125 0.0020585
0.4135 0.00203736
0.4145 0.00201614
0.4155 0.00199483
0.4165 0.00197345
0.4175 0.00195199
0.4185 0.00193045
0.4195 0.00190884
0.4205 0.00188715
0.4215 0.00186538
0.4225 0.00184355
0.4235 0.00182163
0.4245 0.00179965
0.4255 0.0017776
0.4265 0.00175547
0.4275 0.00173328
0.4285 0.00171102
0.4295 0.00168869
0.4305 0.00166629
0.4315 0.00164383
0.4325 0.00162131
0.4335 0.00159871
0.4345 0.00157606
0.4355 0.00155334
0.4365 0.00153057
0.4375 0.00150773
0.4385 0.00148483
0.4395 0.00146187
0.4405 0.00143886
0.4415 0.00141579
0.4425 0.00139266
0.4435 0.00136948
0.4445 0.00134624
0.4455 0.00132295
0.4465 0.00129961
0.4475 0.00127622
0.4485 0.00125277
0.4495 0.00122928
0.4505 0.00120574
0.4515 0.00118215
0.4525 0.00115851
0.4535 0.00113483
0.4545 0.0011111
0.4555 0.00108733
0.4565 0.00106352
0.4575 0.00103967
0.4585 0.00101577
0.4595 0.000991831
0.4605 0.000967855
0.4615 0.000943841
0.4625 0.00091979
0.4635 0.000895701
0.4645 0.000871577
0.4655 0.00084742
0.4665 0.000823228
0.4675 0.000799004
0.4685 0.000774749
0.4695 0.000750462
0.4705 0.000726146
0.4715 0.000701801
0.4725 0.000677429
0.4735 0.00065303
0.4745 0.000628604
0.4755 0.000604154
0.4765 0.00057968
0.4775 0.000555184
0.4785 0.000530665
0.4795 0.000506125
0.4805 0.000481565
0.4815 0.000456986
0.4825 0.00043239
0.4835 0.000407775
0.4845 0.000383144
0.4855 0.000358499
0.4865 0.000333839
0.4875 0.000309167
0.4885 0.000284481
0.4895 0.000259784
0.4905 0.000235077
0.4915 0.000210361
0.4925 0.000185636
0.4935 0.000160904
0.4945 0.000136163
0.4955 0.000111418
0.4965 8.6667e-05
0.4975 6.19098e-05
0.4985 3.7151e-05
0.4995 1.238e-05
0.5005 -1.238e-05
0.5015 -3.7151e-05
0.5025 -6.19098e-05
0.5035 -8.6667e-05
0.5045 -0.000111418
0.5055 -0.000136163
0.5065 -0.000160904
0.5075 -0.000185636
0.5085 -0.000210361
0.5095 -0.000235077
0.5105 -0.000259784
0.5115 -0.000284481
0.5125 -0.000309167
0.5135 -0.000333839
0.5145 -0.000358499
0.5155 -0.000383144
0.5165 -0.000407775
0.5175 -0.00043239
0.5185 -0.000456986
0.5195 -0.000481565
0.5205 -0.000506125
0.5215 -0.000530665
0.5225 -0.000555184
0.5235 -0.00057968
0.5245 -0.000604154
0.5255 -0.000628604
0.5265 -0.00065303
0.5275 -0.000677429
0.5285 -0.000701801
0.5295 -0.000726146
0.5305 -0.000750462
0.5315 -0.000774749
0.5325 -0.000799004
0.5335 -0.000823228
0.5345 -0.00084742
0.5355 -0.000871577
0.5365 -0.000895701
0.5375 -0.00091979
0.5385 -0.000943841
0.5395 -0.000967855
0.5405 -0.000991831
0.5415 -0.00101577
0.5425 -0.00103967
0.5435 -0.00106352
0.5445 -0.00108733
0.5455 -0.0011111
0.5465 -0.00113483
0.5475 -0.00115851
0.5485 -0.00118215
0.5495 -0.00120574
0.5505 -0.00122928
0.5515 -0.00125277
0.5525 -0.00127622
0.5535 -0.00129961
0.5545 -0.00132295
0.5555 -0.00134624
0.5565 -0.00136948
0.5575 -0.00139266
0.5585 -0.00141579
0.5595 -0.00143886
0.5605 -0.00146187
0.5615 -0.00148483
0.5625 -0.00150773
0.5635 -0.00153057
0.5645 -0.00155334
0.5655 -0.00157606
0.5665 -0.00159871
0.5675 -0.00162131
0.5685 -0.00164383
0.5695 -0.00166629
0.5705 -0.00168869
0.5715 -0.00171102
0.5725 -0.00173328
0.5735 -0.00175547
0.5745 -0.0017776
0.5755 -0.00179965
0.5765 -0.00182163
0.5775 -0.00184355
0.5785 -0.00186538
0.5795 -0.00188715
0.5805 -0.00190884
0.5815 -0.00193045
0.5825 -0.00195199
0.5835 -0.00197345
0.5845 -0.00199483
0.5855 -0.00201614
0.5865 -0.00203736
0.5875 -0.0020585
0.5885 -0.00207957
0.5895 -0.00210055
0.5905 -0.00212144
0.5915 -0.00214226
0.5925 -0.00216299
0.5935 -0.00218363
0.5945 -0.00220419
0.5955 -0.00222466
0.5965 -0.00224504
0.5975 -0.00226533
0.5985 -0.00228554
0.5995 -0.00230565
0.6005 -0.00232567
0.6015 -0.0023456
0.6025 -0.00236544
0.6035 -0.00238519
0.6045 -0.00240484
0.6055 -0.00242439
0.6065 -0.00244385
0.6075 -0.00246322
0.6085 -0.00248248
0.6095 -0.00250165
0.6105 -0.00252072
0.6115 -0.00253969
0.6125 -0.00255856
0.6135 -0.00257732
0.6145 -0.00259599
0.6155 -0.00261455
0.6165 -0.00263301
0.6175 -0.00265137
0.6185 -0.00266962
0.6195 -0.00268777
0.6205 -0.00270581
0.6215 -0.00272374
0.6225 -0.00274157
0.6235 -0.00275928
0.6245 -0.00277689
0.6255 -0.00279439
0.6265 -0.00281178
0.6275 -0.00282906
0.6285 -0.00284622
0.6295 -0.00286328
0.6305 -0.00288021
0.6315 -0.00289704
0.6325 -0.00291375
0.6335 -0.00293035
0.6345 -0.00294683
0.6355 -0.00296319
0.6365 -0.00297944
0.6375 -0.00299557
0.6385 -0.00301158
0.6395 -0.00302748
0.6405 -0.00304325
0.6415 -0.0030589
0.6425 -0.00307443
0.6435 -0.00308984
0.6445 -0.00310513
0.6455 -0.0031203
0.6465 -0.00313534
0.6475 -0.00315026
0.6485 -0.00316505
0.6495 -0.00317972
0.6505 -0.00319427
0.6515 -0.00320868
0.6525 -0.00322298
0.6535 -0.00323714
0.6545 -0.00325117
0.6555 -0.00326508
0.6565 -0.00327886
0.6575 -0.00329251
0.6585 -0.00330603
0.6595 -0.00331941
0.6605 -0.00333267
0.6615 -0.0033458
0.6625 -0.00335879
0.6635 -0.00337165
0.6645 -0.00338438
0.6655 -0.00339697
0.6665 -0.00340943
0.6675 -0.00342176
0.6685 -0.00343395
0.6695 -0.003446
0.6705 -0.00345792
0.6715 -0.0034697
0.6725 -0.00348135
0.6735 -0.00349285
0.6745 -0.00350422
0.6755 -0.00351545
0.6765 -0.00352654
0.6775 -0.0035375
0.6785 -0.00354831
0.6795 -0.00355898
0.6805 -0.00356951
0.6815 -0.0035799
0.6825 -0.00359015
0.6835 -0.00360026
0.6845 -0.00361023
0.6855 -0.00362005
0.6865 -0.00362973
0.6875 -0.00363927
0.6885 -0.00364866
0.6895 -0.00365791
0.6905 -0.00366701
0.6915 -0.00367597
0.6925 -0.00368479
0.6935 -0.00369346
0.6945 -0.00370198
0.6955 -0.00371036
0.6965 -0.00371859
0.6975 -0.00372667
0.6985 -0.00373461
0.6995 -0.0037424
0.7005 -0.00375004
0.7015 -0.00375753
0.7025 -0.00376487
0.7035 -0.00377207
0.7045 -0.00377912
0.7055 -0.00378602
0.7065 -0.00379277
0.7075 -0.00379937
0.7085 -0.00380581
0.7095 -0.00381211
0.7105 -0.00381825
0.7115 -0.00382424
0.7125 -0.00383009
0.7135 -0.0038358
0.7145 -0.00384136
0.7155 -0.00384676
0.7165 -0.00385199
0.7175 -0.00385706
0.7185 -0.00386196
0.7195 -0.00386671
0.7205 -0.00387133
0.7215 -0.00387582
0.7225 -0.00388019
0.7235 -0.00388442
0.7245 -0.0038885
0.7255 -0.0038924
0.7265 -0.00389611
0.7275 -0.00389961
0.7285 -0.00390291
0.7295 -0.00390604
0.7305 -0.00390902
0.7315 -0.00391187
0.7325 -0.00391448
0.7335 -0.00391727
0.7345 -0.00391497
0.7355 -0.00391274
0.7365 -0.00391743
0.7375 -0.00392021
0.7385 -0.00392936
0.7395 -0.00394465
0.7405 -0.00392547
0.7415 -0.00389628
0.7425 -0.00389131
0.7435 -0.00389526
0.7445 -0.00391001
0.7455 -0.00393021
0.7465 -0.00395464
0.7475 -0.00397645
0.7485 -0.00399071
0.7495 -0.0039982
0.7505 -0.0039982
0.7515 -0.00399071
0.7525 -0.00397645
0.7535 -0.00395464
0.7545 -0.00393021
0.7555 -0.00391001
0.7565 -0.00389526
0.7575 -0.00389131
0.7585 -0.00389628
0.7595 -0.00392547
0.7605 -0.00394465
0.7615 -0.00392936
0.7625 -0.00392021
0.7635 -0.00391743
0.7645 -0.00391274
0.7655 -0.00391497
0.7665 -0.00391727
0.7675 -0.00391448
0.7685 -0.00391187
0.7695 -0.00390902
0.7705 -0.00390604
0.7715 -0.00390291
0.7725 -0.00389961
0.7735 -0.00389611
0.7745 -0.0038924
0.7755 -0.0038885
0.7765 -0.00388442
0.7775 -0.00388019
0.7785 -0.00387582
0.7795 -0.00387133
0.7805 -0.00386671
0.7815 -0.00386196
0.7825 -0.00385706
0.7835 -0.00385199
0.7845 -0.00384676
0.7855 -0.00384136
0.7865 -0.0038358
0.7875 -0.00383009
0.7885 -0.00382424
0.7895 -0.00381825
0.7905 -0.00381211
0.7915 -0.00380581
0.7925 -0.00379937
0.7935 -0.00379277
0.7945 -0.00378602
0.7955 -0.00377912
0.7965 -0.00377207
0.7975 -0.00376487
0.7985 -0.00375753
0.7995 -0.00375004
0.8005 -0.0037424
0.8015 -0.00373461
0.8025 -0.00372667
0.8035 -0.00371859
0.8045 -0.00371036
0.8055 -0.00370198
0.8065 -0.00369346
0.8075 -0.00368479
0.8085 -0.00367597
0.8095 -0.00366701
0.8105 -0.00365791
0.8115 -0.00364866
0.8125 -0.00363927
0.8135 -0.00362973
0.8145 -0.00362005
0.8155 -0.00361023
0.8165 -0.00360026
0.8175 -0.00359015
0.8185 -0.0035799
0.8195 -0.00356951
0.8205 -0.00355898
0.8215 -0.00354831
0.8225 -0.0035375
0.8235 -0.00352654
0.8245 -0.00351545
0.8255 -0.00350422
0.8265 -0.00349285
0.8275 -0.00348135
0.8285 -0.0034697
0.8295 -0.00345792
0.8305 -0.003446
0.8315 -0.00343395
0.8325 -0.00342176
0.8335 -0.00340943
0.8345 -0.00339697
0.8355 -0.00338438
0.8365 -0.00337165
0.8375 -0.00335879
0.8385 -0.0033458
0.8395 -0.00333267
0.8405 -0.00331941
0.8415 -0.00330603
0.8425 -0.00329251
0.8435 -0.00327886
0.8445 -0.00326508
0.8455 -0.00325117
0.8465 -0.00323714
0.8475 -0.00322298
0.8485 -0.00320868
0.8495 -0.00319427
0.8505 -0.00317972
0.8515 -0.00316505
0.8525 -0.00315026
0.8535 -0.00313534
0.8545 -0.0031203
0.8555 -0.00310513
0.8565 -0.00308984
0.8575 -0.00307443
0.8585 -0.0030589
0.8595 -0.00304325
0.8605 -0.00302748
0.8615 -0.00301158
0.8625 -0.00299557
0.8635 -0.00297944
0.8645 -0.00296319
0.8655 -0.00294683
0.8665 -0.00293035
0.8675 -0.00291375
0.8685 -0.00289704
0.8695 -0.00288021
0.8705 -0.00286328
0.8715 -0.00284622
0.8725 -0.00282906
0.8735 -0.00281178
0.8745 -0.00279439
0.8755 -0.00277689
0.8765 -0.00275928
0.8775 -0.00274157
0.8785 -0.00272374
0.8795 -0.00270581
0.8805 -0.00268777
0.8815 -0.00266962
0.8825 -0.00265137
0.8835 -0.00263301
0.8845 -0.00261455
0.8855 -0.00259599
0.8865 -0.00257732
0.8875 -0.00255856
0.8885 -0.00253969
0.8895 -0.00252072
0.8905 -0.00250165
0.8915 -0.00248248
0.8925 -0.00246322
0.8935 -0.00244385
0.8945 -0.00242439
0.8955 -0.00240484
0.8965 -0.00238519
0.8975 -0.00236544
0.8985 -0.0023456
0.8995 -0.00232567
0.9005 -0.00230565
0.9015 -0.00228554
0.9025 -0.00226533
0.9035 -0.00224504
0.9045 -0.00222466
0.9055 -0.00220419
0.9065 -0.00218363
0.9075 -0.00216299
0.9085 -0.00214226
0.9095 -0.00212144
0.9105 -0.00210055
0.9115 -0.00207957
0.9125 -0.0020585
0.9135 -0.00203736
0.9145 -0.00201614
0.9155 -0.00199483
0.9165 -0.00197345
0.9175 -0.00195199
0.9185 -0.00193045
0.9195 -0.00190884
0.9205 -0.00188715
0.9215 -0.00186538
0.9225 -0.00184355
0.9235 -0.00182163
0.9245 -0.00179965
0.9255 -0.0017776
0.9265 -0.00175547
0.9275 -0.00173328
0.9285 -0.00171102
0.9295 -0.00168869
0.9305 -0.00166629
0.9315 -0.00164383
0.9325 -0.00162131
0.9335 -0.00159871
0.9345 -0.00157606
0.9355 -0.00155334
0.9365 -0.00153057
0.9375 -0.00150773
0.9385 -0.00148483
0.9395 -0.00146187
0.9405 -0.00143886
0.9415 -0.00141579
0.9425 -0.00139266
0.9435 -0.00136948
0.9445 -0.00134624
0.9455 -0.00132295
0.9465 -0.00129961
0.9475 -0.00127622
0.9485 -0.00125277
0.9495 -0.00122928
0.9505 -0.00120574
0.9515 -0.00118215
0.9525 -0.00115851
0.9535 -0.00113483
0.9545 -0.0011111
0.9555 -0.00108733
0.9565 -0.00106352
0.9575 -0.00103967
0.9585 -0.00101577
0.9595 -0.000991831
0.9605 -0.000967855
0.9615 -0.000943841
0.9625 -0.00091979
0.9635 -0.000895701
0.9645 -0.000871577
0.9655 -0.00084742
0.9665 -0.000823228
0.9675 -0.000799004
0.9685 -0.000774749
0.9695 -0.000750462
0.9705 -0.000726146
0.9715 -0.000701801
0.9725 -0.000677429
0.9735 -0.00065303
0.9745 -0.000628604
0.9755 -0.000604154
0.9765 -0.00057968
0.9775 -0.000555184
0.9785 -0.000530665
0.9795 -0.000506125
0.9805 -0.000481565
0.9815 -0.000456986
0.9825 -0.00043239
0.9835 -0.000407775
0.9845 -0.0003832
0.9855 -0.000358931
0.9865 -0.000340382
0.9875 -0.000339091
0.9885 -0.000380581
0.9895 -0.00033481
0.9905 -0.000571524
0.9915 -0.000676089
0.9925 -0.000400696
0.9935 -0.00102769
0.9945 -0.0016072
0.9955 -0.00150597
0.9965 -0.00127198
0.9975 -0.00029327
0.9985 0.00161911
0.9995 0.00373569

# time= 1
0.0005 5.86659e-05
0.0015 0.00878385
0.0025 0.01687
0.0035 0.0224438
0.0045 0.029327
0.0055 0.0353138
0.0065 0.0413354
0.0075 0.0475653
0.0085 0.0533392
0.0095 0.0595578
0.0105 0.0659709
0.0115 0.0721945
0.0125 0.0784488
0.0135 0.0847121
0.0145 0.0909714
0.0155 0.0972268
0.0165 0.103478
0.0175 0.109726
0.0185 0.115968
0.0195 0.122207
0.0205 0.12844
0.0215 0.134669
0.0225 0.140892
0.0235 0.14711
0.0245 0.153321
0.0255 0.159527
0.0265 0.165727
0.0275 0.17192
0.0285 0.178106
0.0295 0.184285
0.0305 0.190457
0.0315 0.196622
0.0325 0.202778
0.0335 0.208927
0.0345 0.215067
0.0355 0.221199
0.0365 0.227322
0.0375 0.233436
0.0385 0.239541
0.0395 0.245637
0.0405 0.251723
0.0415 0.257798
0.0425 0.263864
0.0435 0.269919
0.0445 0.275964
0.0455 0.281998
0.0465 0.28802
0.0475 0.294031
0.0485 0.300031
0.0495 0.306019
0.0505 0.311994
0.0515 0.317958
0.0525 0.323909
0.0535 0.329847
0.0545 0.335772
0.0555 0.341683
0.0565 0.347582
0.0575 0.353466
0.0585 0.359337
0.0595 0.365193
0.0605 0.371035
0.0615 0.376862
0.0625 0.382675
0.0635 0.388472
0.0645 0.394254
0.0655 0.400021
0.0665 0.405771
0.0675 0.411506
0.0685 0.417224
0.0695 0.422926
0.0705 0.428611
0.0715 0.43428
0.0725 0.439931
0.0735 0.445565
0.0745 0.451181
0.0755 0.456779
0.0765 0.462359
0.0775 0.467922
0.0785 0.473465
0.0795 0.47899
0.0805 0.484496
0.0815 0.489983
0.0825 0.495451
0.0835 0.500899
0.0845 0.506327
0.0855 0.511735
0.0865 0.517123
0.0875 0.522491
0.0885 0.527838
0.0895 0.533164
0.0905 0.538469
0.0915 0.543753
0.0925 0.549015
0.0935 0.554256
0.0945 0.559475
0.0955 0.564671
0.0965 0.569846
0.0975 0.574998
0.0985 0.580127
0.0995 0.585233
0.1005 0.590316
0.1015 0.595376
0.1025 0.600413
0.1035 0.605425
0.1045 0.610414
0.1055 0.615379
0.1065 0.620319
0.1075 0.625235
0.1085 0.630127
0.1095 0.634993
0.1105 0.639834
0.1115 0.64465
0.1125 0.649441
0.1135 0.654206
0.1145 0.658945
0.1155 0.663658
0.1165 0.668345
0.1175 0.673006
0.1185 0.67764
0.1195 0.682247
0.1205 0.686827
0.1215 0.69138
0.1225 0.695906
0.1235 0.700404
0.1245 0.704875
0.1255 0.709318
0.1265 0.713733
0.1275 0.71812
0.1285 0.722478
0.1295 0.726808
0.1305 0.731109
0.1315 0.735382
0.1325 0.739625
0.1335 0.743839
0.1345 0.748024
0.1355 0.752179
0.1365 0.756304
0.1375 0.7604
0.1385 0.764466
0.1395 0.768501
0.1405 0.772506
0.1415 0.776481
0.1425 0.780425
0.1435 0.784338
0.1445 0.78822
0.1455 0.792071
0.1465 0.795891
0.1475 0.799679
0.1485 0.803436
0.1495 0.807161
0.1505 0.810854
0.1515 0.814515
0.1525 0.818144
0.1535 0.821741
0.1545 0.825305
0.1555 0.828837
0.1565 0.832336
0.1575 0.835802
0.1585 0.839235
0.1595 0.842635
0.1605 0.846002
0.1615 0.849335
0.1625 0.852635
0.1635 0.855901
0.1645 0.859134
0.1655 0.862332
0.1665 0.865497
0.1675 0.868627
0.1685 0.871723
0.1695 0.874784
0.1705 0.877811
0.1715 0.880804
0.1725 0.883761
0.1735 0.886684
0.1745 0.889572
0.1755 0.892424
0.1765 0.895241
0.1775 0.898023
0.1785 0.90077
0.1795 0.903481
0.1805 0.906156
0.1815 0.908796
0.1825 0.911399
0.1835 0.913967
0.1845 0.916499
0.1855 0.918994
0.1865 0.921453
0.1875 0.923876
0.1885 0.926262
0.1895 0.928612
0.1905 0.930925
0.1915 0.933201
0.1925 0.935441
0.1935 0.937643
0.1945 0.939809
0.1955 0.941937
0.1965 0.944028
0.1975 0.946082
0.1985 0.948099
0.1995 0.950078
0.2005 0.95202
0.2015 0.953924
0.2025 0.95579
0.2035 0.957619
0.2045 0.95941
0.2055 0.961163
0.2065 0.962878
0.2075 0.964555
0.2085 0.966194
0.2095 0.967795
0.2105 0.969357
0.2115 0.970882
0.2125 0.972368
0.2135 0.973815
0.2145 0.975225
0.2155 0.976595
0.2165 0.977927
0.2175 0.979221
0.2185 0.980476
0.2195 0.981692
0.2205 0.982869
0.2215 0.984008
0.2225 0.985108
0.2235 0.986169
0.2245 0.987191
0.2255 0.988173
0.2265 0.989117
0.2275 0.990022
0.2285 0.990888
0.2295 0.991715
0.2305 0.992502
0.2315 0.993251
0.2325 0.993961
0.2335 0.994629
0.2345 0.995255
0.2355 0.995846
0.2365 0.996422
0.2375 0.996935
0.2385 0.997397
0.2395 0.997812
0.2405 0.998184
0.2415 0.998537
0.2425 0.99888
0.2435 0.999177
0.2445 0.999426
0.2455 0.999624
0.2465 0.999773
0.2475 0.999878
0.2485 0.999949
0.2495 0.999986
0.2505 0.999986
0.2515 0.999949
0.2525 0.999878
0.2535 0.999773
0.2545 0.999624
0.2555 0.999426
0.2565 0.999177
0.2575 0.99888
0.2585 0.998537
0.2595 0.998184
0.2605 0.997812
0.2615 0.997397
0.2625 0.996935
0.2635 0.996422
0.2645 0.995846
0.2655 0.995255
0.2665 0.994629
0.2675 0.993961
0.2685 0.993251
0.2695 0.992502
0.2705 0.991715
0.2715 0.990888
0.2725 0.990022
0.2735 0.989117
0.2745 0.988173
0.2755 0.987191
0.2765 0.986169
0.2775 0.985108
0.2785 0.984008
0.2795 0.982869
0.2805 0.981692
0.2815 0.980476
0.2825 0.979221
0.2835 0.977927
0.2845 0.976595
0.2855 0.975225
0.2865 0.973815
0.2875 0.972368
0.2885 0.970882
0.2895 0.969357
0.2905 0.967795
0.2915 0.966194
0.2925 0.964555
0.2935 0.962878
0.2945 0.961163
0.2955 0.95941
0.2965 0.957619
0.2975 0.95579
0.2985 0.953924
0.2995 0.95202
0.3005 0.950078
0.3015 0.948099
0.3025 0.946082
0.3035 0.944028
0.3045 0.941937
0.3055 0.939809
0.3065 0.937643
0.3075 0.935441
0.3085 0.933201
0.3095 0.930925
0.3105 0.928612
0.3115 0.926262
0.3125 0.923876
0.3135 0.921453
0.3145 0.918994
0.3155 0.916499
0.3165 0.913967
0.3175 0.911399
0.3185 0.908796
0.3195 0.906156
0.3205 0.903481
0.3215 0.90077
0.3225 0.898023
0.3235 0.895241
0.3245 0.892424
0.3255 0.889572
0.3265 0.886684
0.3275 0.883761
0.3285 0.880804
0.3295 0.877811
0.3305 0.874784
0.3315 0.871723
0.3325 0.868627
0.3335 0.865497
0.3345 0.862332
0.3355 0.859134
0.3365 0.855901
0.3375 0.852635
0.3385 0.849335
0.3395 0.846002
0.3405 0.842635
0.3415 0.839235
0.3425 0.835802
0.3435 0.832336
0.3445 0.828837
0.3455 0.825305
0.3465 0.821741
0.3475 0.818144
0.3485 0.814515
0.3495 0.810854
0.3505 0.807161
0.3515 0.803436
0.3525 0.799679
0.3535 0.795891
0.3545 0.792071
0.3555 0.78822
0.3565 0.784338
0.3575 0.780425
0.3585 0.776481
0.3595 0.772506
0.3605 0.768501
0.3615 0.764466
0.3625 0.7604
0.3635 0.756304
0.3645 0.752179
0.3655 0.748024
0.3665 0.743839
0.3675 0.739625
0.3685 0.735382
0.3695 0.731109
0.3705 0.726808
0.3715 0.722478
0.3725 0.71812
0.3735 0.713733
0.3745 0.709318
0.3755 0.704875
0.3765 0.700404
0.3775 0.695906
0.3785 0.69138
0.3795 0.686827
0.3805 0.682247
0.3815 0.67764
0.3825 0.673006
0.3835 0.668345
0.3845 0.663658
0.3855 0.658945
0.3865 0.654206
0.3875 0.649441
0.3885 0.64465
0.3895 0.639834
0.3905 0.634993
0.3915 0.630127
0.3925 0.625235
0.3935 0.620319
0.3945 0.615379
0.3955 0.610414
0.3965 0.605425
0.3975 0.600413
0.3985 0.595376
0.3995 0.590316
0.4005 0.585233
0.4015 0.580127
0.4025 0.574998
0.4035 0.569846
0.4045 0.564671
0.4055 0.559475
0.4065 0.554256
0.4075 0.549015
0.4085 0.543753
0.4095 0.538469
0.4105 0.533164
0.4115 0.527838
0.4125 0.522491
0.4135 0.517123
0.4145 0.511735
0.4155 0.506327
0.4165 0.500899
0.4175 0.495451
0.4185 0.489983
0.4195 0.484496
0.4205 0.47899
0.4215 0.473465
0.4225 0.467922
0.4235 0.462359
0.4245 0.456779
0.4255 0.451181
0.4265 0.445565
0.4275 0.439931
0.4285 0.43428
0.4295 0.428611
0.4305 0.422926
0.4315 0.417224
0.4325 0.411506
0.4335 0.405771
0.4345 0.400021
0.4355 0.394254
0.4365 0.388472
0.4375 0.382675
0.4385 0.376862
0.4395 0.371035
0.4405 0.365193
0.4415 0.359337
0.4425 0.353466
0.4435 0.347582
0.4445 0.341683
0.4455 0.335772
0.4465 0.329847
0.4475 0.323909
0.4485 0.317958
0.4495 0.311994
0.4505 0.306019
0.4515 0.300031
0.4525 0.294031
0.4535 0.28802
0.4545 0.281998
0.4555 0.275964
0.4565 0.269919
0.4575 0.263864
0.4585 0.257798
0.4595 0.251723
0.4605 0.245637
0.4615 0.239541
0.4625 0.233436
0.4635 0.227322
0.4645 0.221199
0.4655 0.215067
0.4665 0.208927
0.4675 0.202778
0.4685 0.196622
0.4695 0.190457
0.4705 0.184285
0.4715 0.178106
0.4725 0.17192
0.4735 0.165727
0.4745 0.159527
0.4755 0.153321
0.4765 0.14711
0.4775 0.140892
0.4785 0.134669
0.4795 0.12844
0.4805 0.122207
0.4815 0.115968
0.4825 0.109726
0.4835 0.103478
0.4845 0.0972268
0.4855 0.0909714
0.4865 0.0847122
0.4875 0.0784495
0.4885 0.0721837
0.4895 0.0659149
0.4905 0.0596436
0.4915 0.05337
0.4925 0.0470946
0.4935 0.0408177
0.4945 0.0345395
0.4955 0.0282605
0.4965 0.0219809
0.4975 0.0157008
0.4985 0.00942055
0.4995 0.00314018
0.5005 -0.00314018
0.5015 -0.00942055
0.5025 -0.0157008
0.5035 -0.0219809
0.5045 -0.0282605
0.5055 -0.0345395
0.5065 -0.0408177
0.5075 -0.0470946
0.5085 -0.05337
0.5095 -0.0596436
0.5105 -0.0659149
0.5115 -0.0721837
0.5125 -0.0784495
0.5135 -0.0847122
0.5145 -0.0909714
0.5155 -0.0972268
0.5165 -0.103478
0.5175 -0.109726
0.5185 -0.115968
0.5195 -0.122207
0.5205 -0.12844
0.5215 -0.134669
0.5225 -0.140892
0.5235 -0.14711
0.5245 -0.153321
0.5255 -0.159527
0.5265 -0.165727
0.5275 -0.17192
0.5285 -0.178106
0.5295 -0.184285
0.5305 -0.190457
0.5315 -0.196622
0.5325 -0.202778
0.5335 -0.208927
0.5345 -0.215067
0.5355 -0.221199
0.5365 -0.227322
0.5375 -0.233436
0.5385 -0.239541
0.5395 -0.245637
0.5405 -0.251723
0.5415 -0.257798
0.5425 -0.263864
0.5435 -0.269919
0.5445 -0.275964
0.5455 -0.281998
0.5465 -0.28802
0.5475 -0.294031
0.5485 -0.300031
0.5495 -0.306019
0.5505 -0.311994
0.5515 -0.317958
0.5525 -0.323909
0.5535 -0.329847
0.5545 -0.335772
0.5555 -0.341683
0.5565 -0.347582
0.5575 -0.353466
0.5585 -0.359337
0.5595 -0.365193
0.5605 -0.371035
0.5615 -0.376862
0.5625 -0.382675
0.5635 -0.388472
0.5645 -0.394254
0.5655 -0.400021
0.5665 -0.405771
0.5675 -0.411506
0.5685 -0.417224
0.5695 -0.422926
0.5705 -0.428611
0.5715 -0.43428
0.5725 -0.439931
0.5735 -0.445565
0.5745 -0.451181
0.5755 -0.456779
0.5765 -0.462359
0.5775 -0.467922
0.5785 -0.473465
0.5795 -0.47899
0.5805 -0.484496
0.5815 -0.489983
0.5825 -0.495451
0.5835 -0.500899
0.5845 -0.506327
0.5855 -0.511735
0.5865 -0.517123
0.5875 -0.522491
0.5885 -0.527838
0.5895 -0.533164
0.5905 -0.538469
0.5915 -0.543753
0.5925 -0.549015
0.5935 -0.554256
0.5945 -0.559475
0.5955 -0.564671
0.5965 -0.569846
0.5975 -0.574998
0.5985 -0.580127
0.5995 -0.585233
0.6005 -0.590316
0.6015 -0.595376
0.6025 -0.600413
0.6035 -0.605425
0.6045 -0.610414
0.6055 -0.615379
0.6065 -0.620319
0.6075 -0.625235
0.6085 -0.630127
0.6095 -0.634993
0.6105 -0.639834
0.6115 -0.64465
0.6125 -0.649441
0.6135 -0.654206
0.6145 -0.658945
0.6155 -0.663658
0.6165 -0.668345
0.6175 -0.673006
0.6185 -0.67764
0.6195 -0.682247
0.6205 -0.686827
0.6215 -0.69138
0.6225 -0.695906
0.6235 -0.700404
0.6245 -0.704875
0.6255 -0.709318
0.6265 -0.713733
0.6275 -0.71812
0.6285 -0.722478
0.6295 -0.726808
0.6305 -0.731109
0.6315 -0.735382
0.6325 -0.739625
0.6335 -0.743839
0.6345 -0.748024
0.6355 -0.752179
0.6365 -0.756304
0.6375 -0.7604
0.6385 -0.764466
0.6395 -0.768501
0.6405 -0.772506
0.6415 -0.776481
0.6425 -0.780425
0.6435 -0.784338
0.6445 -0.78822
0.6455 -0.792071
0.6465 -0.795891
0.6475 -0.799679
0.6485 -0.803436
0.6495 -0.807161
0.6505 -0.810854
0.6515 -0.814515
0.6525 -0.818144
0.6535 -0.821741
0.6545 -0.825305
0.6555 -0.828837
0.6565 -0.832336
0.6575 -0.835802
0.6585 -0.839235
0.6595 -0.842635
0.6605 -0.846002
0.6615 -0.849335
0.6625 -0.852635
0.6635 -0.855901
0.6645 -0.859134
0.6655 -0.862332
0.6665 -0.865497
0.6675 -0.868627
0.6685 -0.871723
0.6695 -0.874784
0.6705 -0.877811
0.6715 -0.880804
0.6725 -0.883761
0.6735 -0.886684
0.6745 -0.889572
0.6755 -0.892424
0.6765 -0.895241
0.6775 -0.898023
0.6785 -0.90077
0.6795 -0.903481
0.6805 -0.906156
0.6815 -0.908796
0.6825 -0.911399
0.6835 -0.913967
0.6845 -0.916499
0.6855 -0.918994
0.6865 -0.921453
0.6875 -0.923876
0.6885 -0.926262
0.6895 -0.928612
0.6905 -0.930925
0.6915 -0.933201
0.6925 -0.935441
0.6935 -0.937643
0.6945 -0.939809
0.6955 -0.941937
0.6965 -0.944028
0.6975 -0.946082
0.6985 -0.948099
0.6995 -0.950078
0.7005 -0.95202
0.7015 -0.953924
0.7025 -0.95579
0.7035 -0.957619
0.7045 -0.95941
0.7055 -0.961163
0.7065 -0.962878
0.7075 -0.964555
0.7085 -0.966194
0.7095 -0.967795
0.7105 -0.969357
0.7115 -0.970882
0.7125 -0.972368
0.7135 -0.973815
0.7145 -0.975225
0.7155 -0.976595
0.7165 -0.977927
0.7175 -0.979221
0.7185 -0.980476
0.7195 -0.981692
0.7205 -0.982869
0.7215 -0.984008
0.7225 -0.985108
0.7235 -0.986169
0.7245 -0.987191
0.7255 -0.988173
0.7265 -0.989117
0.7275 -0.990022
0.7285 -0.990888
0.7295 -0.991715
0.7305 -0.992502
0.7315 -0.993251
0.7325 -0.993961
0.7335 -0.994629
0.7345 -0.995255
0.7355 -0.995846
0.7365 -0.996422
0.7375 -0.996935
0.7385 -0.997397
0.7395 -0.997812
0.7405 -0.998184
0.7415 -0.998537
0.7425 -0.99888
0.7435 -0.999177
0.7445 -0.999426
0.7455 -0.999624
0.7465 -0.999773
0.7475 -0.999878
0.7485 -0.999949
0.7495 -0.999986
0.7505 -0.999986
0.7515 -0.999949
0.7525 -0.999878
0.7535 -0.999773
0.7545 -0.999624
0.7555 -0.999426
0.7565 -0.999177
0.7575 -0.99888
0.7585 -0.998537
0.7595 -0.998184
0.7605 -0.997812
0.7615 -0.997397
0.7625 -0.996935
0.7635 -0.996422
0.7645 -0.995846
0.7655 -0.995255
0.7665 -0.994629
0.7675 -0.993961
0.7685 -0.993251
0.7695 -0.992502
0.7705 -0.991715
0.7715 -0.990888
0.7725 -0.990022
0.7735 -0.989117
0.7745 -0.988173
0.7755 -0.987191
0.7765 -0.986169
0.7775 -0.985108
0.7785 -0.984008
0.7795 -0.982869
0.7805 -0.981692
0.7815 -0.980476
0.7825 -0.979221
0.7835 -0.977927
0.7845 -0.976595
0.7855 -0.975225
0.7865 -0.973815
0.7875 -0.972368
0.7885 -0.970882
0.7895 -0.969357
0.7905 -0.967795
0.7915 -0.966194
0.7925 -0.964555
0.7935 -0.962878
0.7945 -0.961163
0.7955 -0.95941
0.7965 -0.957619
0.7975 -0.95579
0.7985 -0.953924
0.7995 -0.95202
0.8005 -0.950078
0.8015 -0.948099
0.8025 -0.946082
0.8035 -0.944028
0.8045 -0.941937
0.8055 -0.939809
0.8065 -0.937643
0.8075 -0.935441
0.8085 -0.933201
0.8095 -0.930925
0.8105 -0.928612
0.8115 -0.926262
0.8125 -0.923876
0.8135 -0.921453
0.8145 -0.918994
0.8155 -0.916499
0.8165 -0.913967
0.8175 -0.911399
0.8185 -0.908796
0.8195 -0.906156
0.8205 -0.903481
0.8215 -0.90077
0.8225 -0.898023
0.8235 -0.895241
0.8245 -0.892424
0.8255 -0.889572
0.8265 -0.886684
0.8275 -0.883761
0.8285 -0.880804
0.8295 -0.877811
0.8305 -0.874784
0.8315 -0.871723
0.8325 -0.868627
0.8335 -0.865497
0.8345 -0.862332
0.8355 -0.859134
0.8365 -0.855901
0.8375 -0.852635
0.8385 -0.849335
0.8395 -0.846002
0.8405 -0.842635
0.8415 -0.839235
0.8425 -0.835802
0.8435 -0.832336
0.8445 -0.828837
0.8455 -0.825305
0.8465 -0.821741
0.8475 -0.818144
0.8485 -0.814515
0.8495 -0.810854
0.8505 -0.807161
0.8515 -0.803436
0.8525 -0.799679
0.8535 -0.795891
0.8545 -0.792071
0.8555 -0.78822
0.8565 -0.784338
0.8575 -0.780425
0.8585 -0.776481
0.8595 -0.772506
0.8605 -0.768501
0.8615 -0.764466
0.8625 -0.7604
0.8635 -0.756304
0.8645 -0.752179
0.8655 -0.748024
0.8665 -0.743839
0.8675 -0.739625
0.8685 -0.735382
0.8695 -0.731109
0.8705 -0.726808
0.8715 -0.722478
0.8725 -0.71812
0.8735 -0.713733
0.8745 -0.709318
0.8755 -0.704875
0.8765 -0.700404
0.8775 -0.695906
0.8785 -0.69138
0.8795 -0.686827
0.8805 -0.682247
0.8815 -0.67764
0.8825 -0.673006
0.8835 -0.668345
0.8845 -0.663658
0.8855 -0.658945
0.8865 -0.654206
0.8875 -0.649441
0.8885 -0.64465
0.8895 -0.639834
0.8905 -0.634993
0.8915 -0.630127
0.8925 -0.625235
0.8935 -0.620319
0.8945 -0.615379
0.8955 -0.610414
0.8965 -0.605425
0.8975 -0.600413
0.8985 -0.595376
0.8995 -0.590316
0.9005 -0.585233
0.9015 -0.580127
0.9025 -0.574998
0.9035 -0.569846
0.9045 -0.564671
0.9055 -0.559475
0.9065 -0.554256
0.9075 -0.549015
0.9085 -0.543753
0.9095 -0.538469
0.9105 -0.533164
0.9115 -0.527838
0.9125 -0.522491
0.9135 -0.517123
0.9145 -0.511735
0.9155 -0.506327
0.9165 -0.500899
0.9175 -0.495451
0.9185 -0.489983
0.9195 -0.484496
0.9205 -0.47899
0.9215 -0.473465
0.9225 -0.467922
0.9235 -0.462359
0.9245 -0.456779
0.9255 -0.451181
0.9265 -0.445565
0.9275 -0.439931
0.9285 -0.43428
0.9295 -0.428611
0.9305 -0.422926
0.9315 -0.417224
0.9325 -0.411506
0.9335 -0.405771
0.9345 -0.400021
0.9355 -0.394254
0.9365 -0.388472
0.9375 -0.382675
0.9385 -0.376862
0.9395 -0.371035
0.9405 -0.365193
0.9415 -0.359337
0.9425 -0.353466
0.9435 -0.347582
0.9445 -0.341683
0.9455 -0.335772
0.9465 -0.329847
0.9475 -0.323909
0.9485 -0.317958
0.9495 -0.311994
0.9505 -0.306019
0.9515 -0.300031
0.9525 -0.294031
0.9535 -0.28802
0.9545 -0.281998
0.9555 -0.275964
0.9565 -0.269919
0.9575 -0.263864
0.9585 -0.257798
0.9595 -0.251723
0.9605 -0.245637
0.9615 -0.239541
0.9625 -0.233436
0.9635 -0.227322
0.9645 -0.221199
0.9655 -0.215067
0.9665 -0.208927
0.9675 -0.202778
0.9685 -0.196622
0.9695 -0.190457
0.9705 -0.184285
0.9715 -0.178106
0.9725 -0.17192
0.9735 -0.165727
0.9745 -0.159527
0.9755 -0.153321
0.9765 -0.14711
0.9775 -0.140892
0.9785 -0.134669
0.9795 -0.12844
0.9805 -0.122207
0.9815 -0.115968
0.9825 -0.109726
0.9835 -0.103478
0.9845 -0.0972268
0.9855 -0.0909712
0.9865 -0.0843766
0.9875 -0.0777356
0.9885 -0.0703881
0.9895 -0.0647077
0.9905 -0.060555
0.9915 -0.0535973
0.9925 -0.0469278
0.9935 -0.0427089
0.9945 -0.0369452
0.9955 -0.0300166
0.9965 -0.0211911
0.9975 -0.0134452
0.9985 -0.00808236
0.9995 -0.00377167
