
# time= 0
0.0005 1
0.0015 1
0.0025 1
0.0035 1
0.0045 1
0.0055 1
0.0065 1
0.0075 1
0.0085 1
0.0095 1
0.0105 1
0.0115 1
0.0125 1
0.0135 1
0.0145 1
0.0155 1
0.0165 1
0.0175 1
0.0185 1
0.0195 1
0.0205 1
0.0215 1
0.0225 1
0.0235 1
0.0245 1
0.0255 1
0.0265 1
0.0275 1
0.0285 1
0.0295 1
0.0305 1
0.0315 1
0.0325 1
0.0335 1
0.0345 1
0.0355 1
0.0365 1
0.0375 1
0.0385 1
0.0395 1
0.0405 1
0.0415 1
0.0425 1
0.0435 1
0.0445 1
0.0455 1
0.0465 1
0.0475 1
0.0485 1
0.0495 1
0.0505 1
0.0515 1
0.0525 1
0.0535 1
0.0545 1
0.0555 1
0.0565 1
0.0575 1
0.0585 1
0.0595 1
0.0605 1
0.0615 1
0.0625 1
0.0635 1
0.0645 1
0.0655 1
0.0665 1
0.0675 1
0.0685 1
0.0695 1
0.0705 1
0.0715 1
0.0725 1
0.0735 1
0.0745 1
0.0755 1
0.0765 1
0.0775 1
0.0785 1
0.0795 1
0.0805 1
0.0815 1
0.0825 1
0.0835 1
0.0845 1
0.0855 1
0.0865 1
0.0875 1
0.0885 1
0.0895 1
0.0905 1
0.0915 1
0.0925 1
0.0935 1
0.0945 1
0.0955 1
0.0965 1
0.0975 1
0.0985 1
0.0995 1
0.1005 1
0.1015 1
0.1025 1
0.1035 1
0.1045 1
0.1055 1
0.1065 1
0.1075 1
0.1085 1
0.1095 1
0.1105 1
0.1115 1
0.1125 1
0.1135 1
0.1145 1
0.1155 1
0.1165 1
0.1175 1
0.1185 1
0.1195 1
0.1205 1
0.1215 1
0.1225 1
0.1235 1
0.1245 1
0.1255 1
0.1265 1
0.1275 1
0.1285 1
0.1295 1
0.1305 1
0.1315 1
0.1325 1
0.1335 1
0.1345 1
0.1355 1
0.1365 1
0.1375 1
0.1385 1
0.1395 1
0.1405 1
0.1415 1
0.1425 1
0.1435 1
0.1445 1
0.1455 1
0.1465 1
0.1475 1
0.1485 1
0.1495 1
0.1505 1
0.1515 1
0.1525 1
0.1535 1
0.1545 1
0.1555 1
0.1565 1
0.1575 1
0.1585 1
0.1595 1
0.1605 1
0.1615 1
0.1625 1
0.1635 1
0.1645 1
0.1655 1
0.1665 1
0.1675 1
0.1685 1
0.1695 1
0.1705 1
0.1715 1
0.1725 1
0.1735 1
0.1745 1
0.1755 1
0.1765 1
0.1775 1
0.1785 1
0.1795 1
0.1805 1
0.1815 1
0.1825 1
0.1835 1
0.1845 1
0.1855 1
0.1865 1
0.1875 1
0.1885 1
0.1895 1
0.1905 1
0.1915 1
0.1925 1
0.1935 1
0.1945 1
0.1955 1
0.1965 1
0.1975 1
0.1985 1
0.1995 1
0.2005 1
0.2015 1
0.2025 1
0.2035 1
0.2045 1
0.2055 1
0.2065 1
0.2075 1
0.2085 1
0.2095 1
0.2105 1
0.2115 1
0.2125 1
0.2135 1
0.2145 1
0.2155 1
0.2165 1
0.2175 1
0.2185 1
0.2195 1
0.2205 1
0.2215 1
0.2225 1
0.2235 1
0.2245 1
0.2255 1
0.2265 1
0.2275 1
0.2285 1
0.2295 1
0.2305 1
0.2315 1
0.2325 1
0.2335 1
0.2345 1
0.2355 1
0.2365 1
0.2375 1
0.2385 1
0.2395 1
0.2405 1
0.2415 1
0.2425 1
0.2435 1
0.2445 1
0.2455 1
0.2465 1
0.2475 1
0.2485 1
0.2495 1
0.2505 1
0.2515 1
0.2525 1
0.2535 1
0.2545 1
0.2555 1
0.2565 1
0.2575 1
0.2585 1
0.2595 1
0.2605 1
0.2615 1
0.2625 1
0.2635 1
0.2645 1
0.2655 1
0.2665 1
0.2675 1
0.2685 1
0.2695 1
0.2705 1
0.2715 1
0.2725 1
0.2735 1
0.2745 1
0.2755 1
0.2765 1
0.2775 1
0.2785 1
0.2795 1
0.2805 1
0.2815 1
0.2825 1
0.2835 1
0.2845 1
0.2855 1
0.2865 1
0.2875 1
0.2885 1
0.2895 1
0.2905 1
0.2915 1
0.2925 1
0.2935 1
0.2945 1
0.2955 1
0.2965 1
0.2975 1
0.2985 1
0.2995 1
0.3005 0.5
0.3015 0.5
0.3025 0.5
0.3035 0.5
0.3045 0.5
0.3055 0.5
0.3065 0.5
0.3075 0.5
0.3085 0.5
0.3095 0.5
0.3105 0.5
0.3115 0.5
0.3125 0.5
0.3135 0.5
0.3145 0.5
0.3155 0.5
0.3165 0.5
0.3175 0.5
0.3185 0.5
0.3195 0.5
0.3205 0.5
0.3215 0.5
0.3225 0.5
0.3235 0.5
0.3245 0.5
0.3255 0.5
0.3265 0.5
0.3275 0.5
0.3285 0.5
0.3295 0.5
0.3305 0.5
0.3315 0.5
0.3325 0.5
0.3335 0.5
0.3345 0.5
0.3355 0.5
0.3365 0.5
0.3375 0.5
0.3385 0.5
0.3395 0.5
0.3405 0.5
0.3415 0.5
0.3425 0.5
0.3435 0.5
0.3445 0.5
0.3455 0.5
0.3465 0.5
0.3475 0.5
0.3485 0.5
0.3495 0.5
0.3505 0.5
0.3515 0.5
0.3525 0.5
0.3535 0.5
0.3545 0.5
0.3555 0.5
0.3565 0.5
0.3575 0.5
0.3585 0.5
0.3595 0.5
0.3605 0.5
0.3615 0.5
0.3625 0.5
0.3635 0.5
0.3645 0.5
0.3655 0.5
0.3665 0.5
0.3675 0.5
0.3685 0.5
0.3695 0.5
0.3705 0.5
0.3715 0.5
0.3725 0.5
0.3735 0.5
0.3745 0.5
0.3755 0.5
0.3765 0.5
0.3775 0.5
0.3785 0.5
0.3795 0.5
0.3805 0.5
0.3815 0.5
0.3825 0.5
0.3835 0.5
0.3845 0.5
0.3855 0.5
0.3865 0.5
0.3875 0.5
0.3885 0.5
0.3895 0.5
0.3905 0.5
0.3915 0.5
0.3925 0.5
0.3935 0.5
0.3945 0.5
0.3955 0.5
0.3965 0.5
0.3975 0.5
0.3985 0.5
0.3995 0.5
0.4005 0.5
0.4015 0.5
0.4025 0.5
0.4035 0.5
0.4045 0.5
0.4055 0.5
0.4065 0.5
0.4075 0.5
0.4085 0.5
0.4095 0.5
0.4105 0.5
0.4115 0.5
0.4125 0.5
0.4135 0.5
0.4145 0.5
0.4155 0.5
0.4165 0.5
0.4175 0.5
0.4185 0.5
0.4195 0.5
0.4205 0.5
0.4215 0.5
0.4225 0.5
0.4235 0.5
0.4245 0.5
0.4255 0.5
0.4265 0.5
0.4275 0.5
0.4285 0.5
0.4295 0.5
0.4305 0.5
0.4315 0.5
0.4325 0.5
0.4335 0.5
0.4345 0.5
0.4355 0.5
0.4365 0.5
0.4375 0.5
0.4385 0.5
0.4395 0.5
0.4405 0.5
0.4415 0.5
0.4425 0.5
0.4435 0.5
0.4445 0.5
0.4455 0.5
0.4465 0.5
0.4475 0.5
0.4485 0.5
0.4495 0.5
0.4505 0.5
0.4515 0.5
0.4525 0.5
0.4535 0.5
0.4545 0.5
0.4555 0.5
0.4565 0.5
0.4575 0.5
0.4585 0.5
0.4595 0.5
0.4605 0.5
0.4615 0.5
0.4625 0.5
0.4635 0.5
0.4645 0.5
0.4655 0.5
0.4665 0.5
0.4675 0.5
0.4685 0.5
0.4695 0.5
0.4705 0.5
0.4715 0.5
0.4725 0.5
0.4735 0.5
0.4745 0.5
0.4755 0.5
0.4765 0.5
0.4775 0.5
0.4785 0.5
0.4795 0.5
0.4805 0.5
0.4815 0.5
0.4825 0.5
0.4835 0.5
0.4845 0.5
0.4855 0.5
0.4865 0.5
0.4875 0.5
0.4885 0.5
0.4895 0.5
0.4905 0.5
0.4915 0.5
0.4925 0.5
0.4935 0.5
0.4945 0.5
0.4955 0.5
0.4965 0.5
0.4975 0.5
0.4985 0.5
0.4995 0.5
0.5005 0.5
0.5015 0.5
0.5025 0.5
0.5035 0.5
0.5045 0.5
0.5055 0.5
0.5065 0.5
0.5075 0.5
0.5085 0.5
0.5095 0.5
0.5105 0.5
0.5115 0.5
0.5125 0.5
0.5135 0.5
0.5145 0.5
0.5155 0.5
0.5165 0.5
0.5175 0.5
0.5185 0.5
0.5195 0.5
0.5205 0.5
0.5215 0.5
0.5225 0.5
0.5235 0.5
0.5245 0.5
0.5255 0.5
0.5265 0.5
0.5275 0.5
0.5285 0.5
0.5295 0.5
0.5305 0.5
0.5315 0.5
0.5325 0.5
0.5335 0.5
0.5345 0.5
0.5355 0.5
0.5365 0.5
0.5375 0.5
0.5385 0.5
0.5395 0.5
0.5405 0.5
0.5415 0.5
0.5425 0.5
0.5435 0.5
0.5445 0.5
0.5455 0.5
0.5465 0.5
0.5475 0.5
0.5485 0.5
0.5495 0.5
0.5505 0.5
0.5515 0.5
0.5525 0.5
0.5535 0.5
0.5545 0.5
0.5555 0.5
0.5565 0.5
0.5575 0.5
0.5585 0.5
0.5595 0.5
0.5605 0.5
0.5615 0.5
0.5625 0.5
0.5635 0.5
0.5645 0.5
0.5655 0.5
0.5665 0.5
0.5675 0.5
0.5685 0.5
0.5695 0.5
0.5705 0.5
0.5715 0.5
0.5725 0.5
0.5735 0.5
0.5745 0.5
0.5755 0.5
0.5765 0.5
0.5775 0.5
0.5785 0.5
0.5795 0.5
0.5805 0.5
0.5815 0.5
0.5825 0.5
0.5835 0.5
0.5845 0.5
0.5855 0.5
0.5865 0.5
0.5875 0.5
0.5885 0.5
0.5895 0.5
0.5905 0.5
0.5915 0.5
0.5925 0.5
0.5935 0.5
0.5945 0.5
0.5955 0.5
0.5965 0.5
0.5975 0.5
0.5985 0.5
0.5995 0.5
0.6005 0
0.6015 0
0.6025 0
0.6035 0
0.6045 0
0.6055 0
0.6065 0
0.6075 0
0.6085 0
0.6095 0
0.6105 0
0.6115 0
0.6125 0
0.6135 0
0.6145 0
0.6155 0
0.6165 0
0.6175 0
0.6185 0
0.6195 0
0.6205 0
0.6215 0
0.6225 0
0.6235 0
0.6245 0
0.6255 0
0.6265 0
0.6275 0
0.6285 0
0.6295 0
0.6305 0
0.6315 0
0.6325 0
0.6335 0
0.6345 0
0.6355 0
0.6365 0
0.6375 0
0.6385 0
0.6395 0
0.6405 0
0.6415 0
0.6425 0
0.6435 0
0.6445 0
0.6455 0
0.6465 0
0.6475 0
0.6485 0
0.6495 0
0.6505 0
0.6515 0
0.6525 0
0.6535 0
0.6545 0
0.6555 0
0.6565 0
0.6575 0
0.6585 0
0.6595 0
0.6605 0
0.6615 0
0.6625 0
0.6635 0
0.6645 0
0.6655 0
0.6665 0
0.6675 0
0.6685 0
0.6695 0
0.6705 0
0.6715 0
0.6725 0
0.6735 0
0.6745 0
0.6755 0
0.6765 0
0.6775 0
0.6785 0
0.6795 0
0.6805 0
0.6815 0
0.6825 0
0.6835 0
0.6845 0
0.6855 0
0.6865 0
0.6875 0
0.6885 0
0.6895 0
0.6905 0
0.6915 0
0.6925 0
0.6935 0
0.6945 0
0.6955 0
0.6965 0
0.6975 0
0.6985 0
0.6995 0
0.7005 0
0.7015 0
0.7025 0
0.7035 0
0.7045 0
0.7055 0
0.7065 0
0.7075 0
0.7085 0
0.7095 0
0.7105 0
0.7115 0
0.7125 0
0.7135 0
0.7145 0
0.7155 0
0.7165 0
0.7175 0
0.7185 0
0.7195 0
0.7205 0
0.7215 0
0.7225 0
0.7235 0
0.7245 0
0.7255 0
0.7265 0
0.7275 0
0.7285 0
0.7295 0
0.7305 0
0.7315 0
0.7325 0
0.7335 0
0.7345 0
0.7355 0
0.7365 0
0.7375 0
0.7385 0
0.7395 0
0.7405 0
0.7415 0
0.7425 0
0.7435 0
0.7445 0
0.7455 0
0.7465 0
0.7475 0
0.7485 0
0.7495 0
0.7505 0
0.7515 0
0.7525 0
0.7535 0
0.7545 0
0.7555 0
0.7565 0
0.7575 0
0.7585 0
0.7595 0
0.7605 0
0.7615 0
0.7625 0
0.7635 0
0.7645 0
0.7655 0
0.7665 0
0.7675 0
0.7685 0
0.7695 0
0.7705 0
0.7715 0
0.7725 0
0.7735 0
0.7745 0
0.7755 0
0.7765 0
0.7775 0
0.7785 0
0.7795 0
0.7805 0
0.7815 0
0.7825 0
0.7835 0
0.7845 0
0.7855 0
0.7865 0
0.7875 0
0.7885 0
0.7895 0
0.7905 0
0.7915 0
0.7925 0
0.7935 0
0.7945 0
0.7955 0
0.7965 0
0.7975 0
0.7985 0
0.7995 0
0.8005 0
0.8015 0
0.8025 0
0.8035 0
0.8045 0
0.8055 0
0.8065 0
0.8075 0
0.8085 0
0.8095 0
0.8105 0
0.8115 0
0.8125 0
0.8135 0
0.8145 0
0.8155 0
0.8165 0
0.8175 0
0.8185 0
0.8195 0
0.8205 0
0.8215 0
0.8225 0
0.8235 0
0.8245 0
0.8255 0
0.8265 0
0.8275 0
0.8285 0
0.8295 0
0.8305 0
0.8315 0
0.8325 0
0.8335 0
0.8345 0
0.8355 0
0.8365 0
0.8375 0
0.8385 0
0.8395 0
0.8405 0
0.8415 0
0.8425 0
0.8435 0
0.8445 0
0.8455 0
0.8465 0
0.8475 0
0.8485 0
0.8495 0
0.8505 0
0.8515 0
0.8525 0
0.8535 0
0.8545 0
0.8555 0
0.8565 0
0.8575 0
0.8585 0
0.8595 0
0.8605 0
0.8615 0
0.8625 0
0.8635 0
0.8645 0
0.8655 0
0.8665 0
0.8675 0
0.8685 0
0.8695 0
0.8705 0
0.8715 0
0.8725 0
0.8735 0
0.8745 0
0.8755 0
0.8765 0
0.8775 0
0.8785 0
0.8795 0
0.8805 0
0.8815 0
0.8825 0
0.8835 0
0.8845 0
0.8855 0
0.8865 0
0.8875 0
0.8885 0
0.8895 0
0.8905 0
0.8915 0
0.8925 0
0.8935 0
0.8945 0
0.8955 0
0.8965 0
0.8975 0
0.8985 0
0.8995 0
0.9005 0
0.9015 0
0.9025 0
0.9035 0
0.9045 0
0.9055 0
0.9065 0
0.9075 0
0.9085 0
0.9095 0
0.9105 0
0.9115 0
0.9125 0
0.9135 0
0.9145 0
0.9155 0
0.9165 0
0.9175 0
0.9185 0
0.9195 0
0.9205 0
0.9215 0
0.9225 0
0.9235 0
0.9245 0
0.9255 0
0.9265 0
0.9275 0
0.9285 0
0.9295 0
0.9305 0
0.9315 0
0.9325 0
0.9335 0
0.9345 0
0.9355 0
0.9365 0
0.9375 0
0.9385 0
0.9395 0
0.9405 0
0.9415 0
0.9425 0
0.9435 0
0.9445 0
0.9455 0
0.9465 0
0.9475 0
0.9485 0
0.9495 0
0.9505 0
0.9515 0
0.9525 0
0.9535 0
0.9545 0
0.9555 0
0.9565 0
0.9575 0
0.9585 0
0.9595 0
0.9605 0
0.9615 0
0.9625 0
0.9635 0
0.9645 0
0.9655 0
0.9665 0
0.9675 0
0.9685 0
0.9695 0
0.9705 0
0.9715 0
0.9725 0
0.9735 0
0.9745 0
0.9755 0
0.9765 0
0.9775 0
0.9785 0
0.9795 0
0.9805 0
0.9815 0
0.9825 0
0.9835 0
0.9845 0
0.9855 0
0.9865 0
0.9875 0
0.9885 0
0.9895 0
0.9905 0
0.9915 0
0.9925 0
0.9935 0
0.9945 0
0.9955 0
0.9965 0
0.9975 0
0.9985 0
0.9995 0

# time= 0.25
0.0005 0.520484
0.0015 0.529606
0.0025 0.525673
0.0035 0.515177
0.0045 0.506863
0.0055 0.502557
0.0065 0.500607
0.0075 0.499989
0.0085 0.499814
0.0095 0.499663
0.0105 0.499545
0.0115 0.499511
0.0125 0.499532
0.0135 0.499609
0.0145 0.499657
0.0155 0.499607
0.0165 0.499512
0.0175 0.499486
0.0185 0.499694
0.0195 0.499899
0.0205 0.499869
0.0215 0.499763
0.0225 0.499698
0.0235 0.499741
0.0245 0.499803
0.0255 0.499789
0.0265 0.499753
0.0275 0.499748
0.0285 0.49979
0.0295 0.499824
0.0305 0.499819
0.0315 0.499805
0.0325 0.499808
0.0335 0.499817
0.0345 0.499817
0.0355 0.499811
0.0365 0.4998
0.0375 0.499745
0.0385 0.499588
0.0395 0.49927
0.0405 0.498679
0.0415 0.497524
0.0425 0.495252
0.0435 0.490981
0.0445 0.483449
0.0455 0.470757
0.0465 0.451594
0.0475 0.427758
0.0485 0.401283
0.0495 0.373764
0.0505 0.346208
0.0515 0.319489
0.0525 0.295526
0.0535 0.277301
0.0545 0.265664
0.0555 0.258683
0.0565 0.254668
0.0575 0.252297
0.0585 0.251005
0.0595 0.250363
0.0605 0.250141
0.0615 0.250083
0.0625 0.249964
0.0635 0.249881
0.0645 0.249859
0.0655 0.249915
0.0665 0.249969
0.0675 0.24993
0.0685 0.249883
0.0695 0.249875
0.0705 0.249911
0.0715 0.249934
0.0725 0.24991
0.0735 0.249882
0.0745 0.249891
0.0755 0.249915
0.0765 0.249922
0.0775 0.249921
0.0785 0.24991
0.0795 0.249917
0.0805 0.249913
0.0815 0.2499
0.0825 0.249919
0.0835 0.249945
0.0845 0.249964
0.0855 0.249918
0.0865 0.249868
0.0875 0.249915
0.0885 0.24996
0.0895 0.249975
0.0905 0.249908
0.0915 0.249852
0.0925 0.249914
0.0935 0.249976
0.0945 0.249985
0.0955 0.249909
0.0965 0.249853
0.0975 0.249921
0.0985 0.24999
0.0995 0.249986
0.1005 0.249906
0.1015 0.249855
0.1025 0.24993
0.1035 0.250002
0.1045 0.249992
0.1055 0.249905
0.1065 0.249852
0.1075 0.249926
0.1085 0.249996
0.1095 0.249979
0.1105 0.2499
0.1115 0.249861
0.1125 0.249937
0.1135 0.250003
0.1145 0.249977
0.1155 0.249898
0.1165 0.249865
0.1175 0.249945
0.1185 0.250012
0.1195 0.249983
0.1205 0.249909
0.1215 0.249883
0.1225 0.249951
0.1235 0.250004
0.1245 0.249973
0.1255 0.24991
0.1265 0.249897
0.1275 0.249954
0.1285 0.249994
0.1295 0.249961
0.1305 0.249909
0.1315 0.249912
0.1325 0.249961
0.1335 0.249987
0.1345 0.249946
0.1355 0.249909
0.1365 0.249929
0.1375 0.249967
0.1385 0.24997
0.1395 0.249931
0.1405 0.249908
0.1415 0.249951
0.1425 0.249991
0.1435 0.24996
0.1445 0.249861
0.1455 0.249806
0.1465 0.249921
0.1475 0.25015
0.1485 0.250252
0.1495 0.250049
0.1505 0.249777
0.1515 0.249702
0.1525 0.249809
0.1535 0.24997
0.1545 0.250006
0.1555 0.250003
0.1565 0.250021
0.1575 0.249992
0.1585 0.249925
0.1595 0.249895
0.1605 0.249947
0.1615 0.250013
0.1625 0.249985
0.1635 0.249907
0.1645 0.249874
0.1655 0.249954
0.1665 0.250037
0.1675 0.249987
0.1685 0.249892
0.1695 0.249861
0.1705 0.249964
0.1715 0.250051
0.1725 0.24999
0.1735 0.249885
0.1745 0.249869
0.1755 0.249969
0.1765 0.250042
0.1775 0.249989
0.1785 0.249883
0.1795 0.249876
0.1805 0.249974
0.1815 0.250038
0.1825 0.249988
0.1835 0.24988
0.1845 0.249877
0.1855 0.249973
0.1865 0.250032
0.1875 0.249987
0.1885 0.249882
0.1895 0.249883
0.1905 0.249974
0.1915 0.250024
0.1925 0.249985
0.1935 0.249882
0.1945 0.249892
0.1955 0.249981
0.1965 0.25002
0.1975 0.249986
0.1985 0.249887
0.1995 0.249898
0.2005 0.249977
0.2015 0.250004
0.2025 0.249976
0.2035 0.249891
0.2045 0.249908
0.2055 0.249972
0.2065 0.249988
0.2075 0.249968
0.2085 0.249896
0.2095 0.249915
0.2105 0.249963
0.2115 0.24997
0.2125 0.249962
0.2135 0.249906
0.2145 0.249932
0.2155 0.249959
0.2165 0.249953
0.2175 0.249962
0.2185 0.249938
0.2195 0.249944
0.2205 0.249932
0.2215 0.249923
0.2225 0.249957
0.2235 0.249968
0.2245 0.249957
0.2255 0.249914
0.2265 0.249894
0.2275 0.249944
0.2285 0.249995
0.2295 0.249966
0.2305 0.2499
0.2315 0.249884
0.2325 0.249945
0.2335 0.250033
0.2345 0.249981
0.2355 0.249897
0.2365 0.249897
0.2375 0.250016
0.2385 0.250273
0.2395 0.250468
0.2405 0.250958
0.2415 0.252176
0.2425 0.254689
0.2435 0.25946
0.2445 0.2676
0.2455 0.281619
0.2465 0.30481
0.2475 0.341167
0.2485 0.389117
0.2495 0.44264
0.2505 0.497785
0.2515 0.552745
0.2525 0.605625
0.2535 0.653335
0.2545 0.691746
0.2555 0.717166
0.2565 0.732169
0.2575 0.740659
0.2585 0.745245
0.2595 0.747624
0.2605 0.748825
0.2615 0.749424
0.2625 0.749709
0.2635 0.74983
0.2645 0.749876
0.2655 0.749897
0.2665 0.749904
0.2675 0.749902
0.2685 0.749902
0.2695 0.749909
0.2705 0.749912
0.2715 0.749895
0.2725 0.749874
0.2735 0.749876
0.2745 0.749895
0.2755 0.749901
0.2765 0.749871
0.2775 0.749849
0.2785 0.749881
0.2795 0.749934
0.2805 0.74995
0.2815 0.749847
0.2825 0.749743
0.2835 0.749756
0.2845 0.749803
0.2855 0.749829
0.2865 0.749805
0.2875 0.749766
0.2885 0.749756
0.2895 0.749774
0.2905 0.749834
0.2915 0.749892
0.2925 0.749942
0.2935 0.750144
0.2945 0.750791
0.2955 0.752069
0.2965 0.755264
0.2975 0.758282
0.2985 0.757624
0.2995 0.753222
0.3005 0.746778
0.3015 0.742376
0.3025 0.741718
0.3035 0.744736
0.3045 0.747931
0.3055 0.749209
0.3065 0.749856
0.3075 0.750058
0.3085 0.750108
0.3095 0.750166
0.3105 0.750226
0.3115 0.750244
0.3125 0.750234
0.3135 0.750195
0.3145 0.750171
0.3155 0.750197
0.3165 0.750244
0.3175 0.750257
0.3185 0.750153
0.3195 0.75005
0.3205 0.750066
0.3215 0.750119
0.3225 0.750151
0.3235 0.750129
0.3245 0.750099
0.3255 0.750105
0.3265 0.750124
0.3275 0.750126
0.3285 0.750105
0.3295 0.750088
0.3305 0.75009
0.3315 0.750097
0.3325 0.750094
0.3335 0.750087
0.3345 0.75008
0.3355 0.750065
0.3365 0.75003
0.3375 0.749963
0.3385 0.749836
0.3395 0.749555
0.3405 0.748944
0.3415 0.747721
0.3425 0.745407
0.3435 0.741188
0.3445 0.733718
0.3455 0.720989
0.3465 0.701742
0.3475 0.677866
0.3485 0.651462
0.3495 0.624021
0.3505 0.596432
0.3515 0.569628
0.3525 0.545642
0.3535 0.527509
0.3545 0.515954
0.3555 0.508916
0.3565 0.504793
0.3575 0.502392
0.3585 0.501171
0.3595 0.500594
0.3605 0.500327
0.3615 0.50019
0.3625 0.500052
0.3635 0.500016
0.3645 0.500037
0.3655 0.500066
0.3665 0.500066
0.3675 0.500015
0.3685 0.5
0.3695 0.500024
0.3705 0.500055
0.3715 0.50006
0.3725 0.500034
0.3735 0.500013
0.3745 0.500022
0.3755 0.500042
0.3765 0.500045
0.3775 0.500036
0.3785 0.500013
0.3795 0.500015
0.3805 0.500029
0.3815 0.500037
0.3825 0.500042
0.3835 0.50001
0.3845 0.499997
0.3855 0.500013
0.3865 0.500033
0.3875 0.500049
0.3885 0.500015
0.3895 0.499996
0.3905 0.500004
0.3915 0.500031
0.3925 0.500056
0.3935 0.500019
0.3945 0.499991
0.3955 0.499993
0.3965 0.500026
0.3975 0.50006
0.3985 0.500022
0.3995 0.49999
0.4005 0.499988
0.4015 0.500024
0.4025 0.500064
0.4035 0.500026
0.4045 0.499985
0.4055 0.499981
0.4065 0.500023
0.4075 0.500068
0.4085 0.500036
0.4095 0.499991
0.4105 0.499978
0.4115 0.500014
0.4125 0.500056
0.4135 0.500035
0.4145 0.499994
0.4155 0.499973
0.4165 0.500007
0.4175 0.50005
0.4185 0.500036
0.4195 0.499991
0.4205 0.499963
0.4215 0.499994
0.4225 0.50004
0.4235 0.500041
0.4245 0.499995
0.4255 0.499962
0.4265 0.499988
0.4275 0.500033
0.4285 0.500046
0.4295 0.500002
0.4305 0.499965
0.4315 0.499984
0.4325 0.500027
0.4335 0.500049
0.4345 0.500008
0.4355 0.499964
0.4365 0.499977
0.4375 0.50002
0.4385 0.500048
0.4395 0.500014
0.4405 0.499969
0.4415 0.499967
0.4425 0.500008
0.4435 0.500039
0.4445 0.500031
0.4455 0.500061
0.4465 0.500202
0.4475 0.500428
0.4485 0.500504
0.4495 0.500229
0.4505 0.499771
0.4515 0.499496
0.4525 0.499572
0.4535 0.499798
0.4545 0.499939
0.4555 0.499969
0.4565 0.499961
0.4575 0.499992
0.4585 0.500033
0.4595 0.500031
0.4605 0.499986
0.4615 0.499952
0.4625 0.49998
0.4635 0.500023
0.4645 0.500036
0.4655 0.499992
0.4665 0.499951
0.4675 0.499973
0.4685 0.500016
0.4695 0.500035
0.4705 0.499998
0.4715 0.499954
0.4725 0.499967
0.4735 0.500012
0.4745 0.500038
0.4755 0.500005
0.4765 0.499959
0.4775 0.49996
0.4785 0.500006
0.4795 0.500037
0.4805 0.500009
0.4815 0.499964
0.4825 0.49995
0.4835 0.499993
0.4845 0.500027
0.4855 0.500006
0.4865 0.499965
0.4875 0.499944
0.4885 0.499986
0.4895 0.500022
0.4905 0.500009
0.4915 0.499964
0.4925 0.499932
0.4935 0.499977
0.4945 0.500019
0.4955 0.500015
0.4965 0.499974
0.4975 0.499936
0.4985 0.499976
0.4995 0.500012
0.5005 0.50001
0.5015 0.499978
0.5025 0.49994
0.5035 0.499974
0.5045 0.500007
0.5055 0.500009
0.5065 0.499981
0.5075 0.499944
0.5085 0.499969
0.5095 0.499996
0.5105 0.500004
0.5115 0.499985
0.5125 0.499951
0.5135 0.499967
0.5145 0.499987
0.5155 0.500003
0.5165 0.49999
0.5175 0.499958
0.5185 0.499963
0.5195 0.499971
0.5205 0.499985
0.5215 0.499987
0.5225 0.499964
0.5235 0.499955
0.5245 0.499958
0.5255 0.499978
0.5265 0.499987
0.5275 0.499966
0.5285 0.49994
0.5295 0.499945
0.5305 0.499976
0.5315 0.5
0.5325 0.499985
0.5335 0.499934
0.5345 0.499934
0.5355 0.499963
0.5365 0.499984
0.5375 0.499948
0.5385 0.49981
0.5395 0.499673
0.5405 0.499406
0.5415 0.498829
0.5425 0.497608
0.5435 0.495207
0.5445 0.491084
0.5455 0.484046
0.5465 0.472491
0.5475 0.454358
0.5485 0.430372
0.5495 0.403568
0.5505 0.375979
0.5515 0.348538
0.5525 0.322134
0.5535 0.298258
0.5545 0.279011
0.5555 0.266282
0.5565 0.258812
0.5575 0.254593
0.5585 0.252279
0.5595 0.251056
0.5605 0.250445
0.5615 0.250164
0.5625 0.250037
0.5635 0.24997
0.5645 0.249935
0.5655 0.24992
0.5665 0.249913
0.5675 0.249906
0.5685 0.249903
0.5695 0.24991
0.5705 0.249912
0.5715 0.249895
0.5725 0.249874
0.5735 0.249876
0.5745 0.249895
0.5755 0.249901
0.5765 0.249871
0.5775 0.249849
0.5785 0.249881
0.5795 0.249934
0.5805 0.24995
0.5815 0.249847
0.5825 0.249743
0.5835 0.249756
0.5845 0.249803
0.5855 0.249829
0.5865 0.249805
0.5875 0.249766
0.5885 0.249756
0.5895 0.249774
0.5905 0.249834
0.5915 0.249892
0.5925 0.249942
0.5935 0.250144
0.5945 0.250791
0.5955 0.252069
0.5965 0.255264
0.5975 0.258282
0.5985 0.257624
0.5995 0.253222
0.6005 0.246778
0.6015 0.242376
0.6025 0.241718
0.6035 0.244736
0.6045 0.247931
0.6055 0.249209
0.6065 0.249856
0.6075 0.250058
0.6085 0.250108
0.6095 0.250166
0.6105 0.250226
0.6115 0.250244
0.6125 0.250234
0.6135 0.250195
0.6145 0.250171
0.6155 0.250197
0.6165 0.250244
0.6175 0.250257
0.6185 0.250153
0.6195 0.25005
0.6205 0.250066
0.6215 0.250119
0.6225 0.250151
0.6235 0.250129
0.6245 0.250099
0.6255 0.250105
0.6265 0.250124
0.6275 0.250126
0.6285 0.250105
0.6295 0.250088
0.6305 0.25009
0.6315 0.250097
0.6325 0.250096
0.6335 0.25009
0.6345 0.250088
0.6355 0.250085
0.6365 0.250077
0.6375 0.250073
0.6385 0.250083
0.6395 0.250095
0.6405 0.250088
0.6415 0.250065
0.6425 0.250052
0.6435 0.250069
0.6445 0.25009
0.6455 0.250077
0.6465 0.250048
0.6475 0.250035
0.6485 0.250063
0.6495 0.250086
0.6505 0.250072
0.6515 0.250045
0.6525 0.250041
0.6535 0.250072
0.6545 0.250093
0.6555 0.250076
0.6565 0.250043
0.6575 0.250033
0.6585 0.250057
0.6595 0.250075
0.6605 0.250061
0.6615 0.250037
0.6625 0.25003
0.6635 0.250046
0.6645 0.250058
0.6655 0.250049
0.6665 0.250033
0.6675 0.250028
0.6685 0.250039
0.6695 0.25005
0.6705 0.250048
0.6715 0.250043
0.6725 0.250041
0.6735 0.250043
0.6745 0.250044
0.6755 0.250042
0.6765 0.250041
0.6775 0.250038
0.6785 0.250034
0.6795 0.250033
0.6805 0.250038
0.6815 0.250045
0.6825 0.25004
0.6835 0.250022
0.6845 0.250011
0.6855 0.250031
0.6865 0.250054
0.6875 0.250044
0.6885 0.25002
0.6895 0.250006
0.6905 0.250031
0.6915 0.250059
0.6925 0.250046
0.6935 0.250017
0.6945 0.25
0.6955 0.250028
0.6965 0.250058
0.6975 0.250044
0.6985 0.250013
0.6995 0.249997
0.7005 0.250029
0.7015 0.250058
0.7025 0.250042
0.7035 0.25001
0.7045 0.249994
0.7055 0.250027
0.7065 0.25006
0.7075 0.250045
0.7085 0.250015
0.7095 0.250001
0.7105 0.250027
0.7115 0.250054
0.7125 0.250039
0.7135 0.250013
0.7145 0.250002
0.7155 0.250026
0.7165 0.250049
0.7175 0.250034
0.7185 0.25001
0.7195 0.250002
0.7205 0.25002
0.7215 0.250039
0.7225 0.250028
0.7235 0.250011
0.7245 0.250005
0.7255 0.25002
0.7265 0.250034
0.7275 0.250026
0.7285 0.250014
0.7295 0.250013
0.7305 0.25002
0.7315 0.250026
0.7325 0.250024
0.7335 0.250026
0.7345 0.250036
0.7355 0.250059
0.7365 0.25011
0.7375 0.250233
0.7385 0.250516
0.7395 0.251108
0.7405 0.25231
0.7415 0.254701
0.7425 0.259301
0.7435 0.267787
0.7445 0.282776
0.7455 0.308198
0.7465 0.346619
0.7475 0.394347
0.7485 0.447221
0.7495 0.502164
0.7505 0.557304
0.7515 0.61083
0.7525 0.658795
0.7535 0.69515
0.7545 0.718325
0.7555 0.732336
0.7565 0.740481
0.7575 0.745278
0.7585 0.747803
0.7595 0.749012
0.7605 0.749482
0.7615 0.74967
0.7625 0.749953
0.7635 0.750096
0.7645 0.750097
0.7655 0.749981
0.7665 0.749906
0.7675 0.750022
0.7685 0.75012
0.7695 0.750108
0.7705 0.749997
0.7715 0.749931
0.7725 0.750006
0.7735 0.750108
0.7745 0.750102
0.7755 0.750011
0.7765 0.749961
0.7775 0.749994
0.7785 0.750086
0.7795 0.750093
0.7805 0.750029
0.7815 0.749988
0.7825 0.749985
0.7835 0.750065
0.7845 0.750083
0.7855 0.750046
0.7865 0.750013
0.7875 0.749977
0.7885 0.750047
0.7895 0.750076
0.7905 0.750061
0.7915 0.750025
0.7925 0.749968
0.7935 0.750019
0.7945 0.749993
0.7955 0.749874
0.7965 0.74995
0.7975 0.750281
0.7985 0.750434
0.7995 0.750226
0.8005 0.749903
0.8015 0.749615
0.8025 0.749639
0.8035 0.750075
0.8045 0.750285
0.8055 0.750208
0.8065 0.750072
0.8075 0.749942
0.8085 0.749968
0.8095 0.750045
0.8105 0.750119
0.8115 0.75008
0.8125 0.749965
0.8135 0.749965
0.8145 0.750037
0.8155 0.750125
0.8165 0.750092
0.8175 0.749972
0.8185 0.749951
0.8195 0.75003
0.8205 0.750135
0.8215 0.750108
0.8225 0.749981
0.8235 0.749933
0.8245 0.750022
0.8255 0.750143
0.8265 0.750121
0.8275 0.749991
0.8285 0.749917
0.8295 0.750014
0.8305 0.750142
0.8315 0.750125
0.8325 0.750003
0.8335 0.749909
0.8345 0.750007
0.8355 0.750128
0.8365 0.750105
0.8375 0.749973
0.8385 0.749803
0.8395 0.749759
0.8405 0.749576
0.8415 0.748952
0.8425 0.747637
0.8435 0.745215
0.8445 0.741187
0.8455 0.734223
0.8465 0.722619
0.8475 0.704399
0.8485 0.680406
0.8495 0.65368
0.8505 0.626136
0.8515 0.598649
0.8525 0.572184
0.8535 0.548315
0.8545 0.529131
0.8555 0.516437
0.8565 0.508932
0.8575 0.50467
0.8585 0.502367
0.8595 0.501187
0.8605 0.500597
0.8615 0.500291
0.8625 0.500137
0.8635 0.500079
0.8645 0.50006
0.8655 0.500049
0.8665 0.500042
0.8675 0.500045
0.8685 0.50005
0.8695 0.500039
0.8705 0.500025
0.8715 0.500028
0.8725 0.500052
0.8735 0.500069
0.8745 0.500039
0.8755 0.500011
0.8765 0.500021
0.8775 0.500056
0.8785 0.500078
0.8795 0.500039
0.8805 0.500003
0.8815 0.50002
0.8825 0.500068
0.8835 0.500099
0.8845 0.500052
0.8855 0.500005
0.8865 0.500026
0.8875 0.500078
0.8885 0.500108
0.8895 0.500054
0.8905 0.500002
0.8915 0.500031
0.8925 0.50009
0.8935 0.50012
0.8945 0.500053
0.8955 0.499987
0.8965 0.50002
0.8975 0.500085
0.8985 0.500116
0.8995 0.500057
0.9005 0.499995
0.9015 0.500027
0.9025 0.500088
0.9035 0.500116
0.9045 0.500057
0.9055 0.5
0.9065 0.500033
0.9075 0.500092
0.9085 0.500118
0.9095 0.500062
0.9105 0.500013
0.9115 0.50004
0.9125 0.500088
0.9135 0.500107
0.9145 0.500062
0.9155 0.500022
0.9165 0.500044
0.9175 0.500079
0.9185 0.50009
0.9195 0.500077
0.9205 0.500065
0.9215 0.500069
0.9225 0.500077
0.9235 0.500081
0.9245 0.500084
0.9255 0.500087
0.9265 0.500087
0.9275 0.500083
0.9285 0.500085
0.9295 0.500096
0.9305 0.5001
0.9315 0.500079
0.9325 0.500056
0.9335 0.500067
0.9345 0.500098
0.9355 0.500116
0.9365 0.500092
0.9375 0.50006
0.9385 0.500073
0.9395 0.500122
0.9405 0.50015
0.9415 0.500114
0.9425 0.500066
0.9435 0.500086
0.9445 0.500151
0.9455 0.500187
0.9465 0.500144
0.9475 0.500082
0.9485 0.500091
0.9495 0.500143
0.9505 0.500173
0.9515 0.500125
0.9525 0.50007
0.9535 0.500097
0.9545 0.500154
0.9555 0.500181
0.9565 0.500138
0.9575 0.500103
0.9585 0.500131
0.9595 0.500176
0.9605 0.50019
0.9615 0.500166
0.9625 0.500145
0.9635 0.500153
0.9645 0.500169
0.9655 0.500175
0.9665 0.50018
0.9675 0.500191
0.9685 0.500194
0.9695 0.500181
0.9705 0.500176
0.9715 0.50021
0.9725 0.500252
0.9735 0.500247
0.9745 0.500211
0.9755 0.500197
0.9765 0.500259
0.9775 0.500302
0.9785 0.500237
0.9795 0.500131
0.9805 0.500101
0.9815 0.500306
0.9825 0.500514
0.9835 0.500488
0.9845 0.500393
0.9855 0.500343
0.9865 0.500391
0.9875 0.500468
0.9885 0.500489
0.9895 0.500455
0.9905 0.500337
0.9915 0.500186
0.9925 0.500011
0.9935 0.499393
0.9945 0.497443
0.9955 0.493137
0.9965 0.484823
0.9975 0.474327
0.9985 0.470394
0.9995 0.479516

# time= 0.5
0.0005 0.507715
0.0015 0.513376
0.0025 0.515531
0.0035 0.514388
0.0045 0.509666
0.0055 0.505203
0.0065 0.502956
0.0075 0.501346
0.0085 0.500426
0.0095 0.499942
0.0105 0.499708
0.0115 0.499607
0.0125 0.499581
0.0135 0.499589
0.0145 0.499595
0.0155 0.499589
0.0165 0.499592
0.0175 0.499626
0.0185 0.499695
0.0195 0.499749
0.0205 0.499759
0.0215 0.499753
0.0225 0.499756
0.0235 0.499767
0.0245 0.499774
0.0255 0.499767
0.0265 0.499758
0.0275 0.499769
0.0285 0.499791
0.0295 0.499805
0.0305 0.499804
0.0315 0.499799
0.0325 0.499809
0.0335 0.499827
0.0345 0.499835
0.0355 0.499826
0.0365 0.499816
0.0375 0.499826
0.0385 0.499843
0.0395 0.499847
0.0405 0.499838
0.0415 0.499832
0.0425 0.499845
0.0435 0.499864
0.0445 0.499869
0.0455 0.49986
0.0465 0.499854
0.0475 0.499865
0.0485 0.499882
0.0495 0.499881
0.0505 0.499867
0.0515 0.499854
0.0525 0.49986
0.0535 0.499875
0.0545 0.49987
0.0555 0.499864
0.0565 0.499865
0.0575 0.499878
0.0585 0.4999
0.0595 0.499896
0.0605 0.499888
0.0615 0.499887
0.0625 0.499898
0.0635 0.499922
0.0645 0.499916
0.0655 0.499905
0.0665 0.499899
0.0675 0.499906
0.0685 0.49993
0.0695 0.499922
0.0705 0.499905
0.0715 0.499893
0.0725 0.499897
0.0735 0.499923
0.0745 0.499919
0.0755 0.499908
0.0765 0.4999
0.0775 0.499903
0.0785 0.49993
0.0795 0.499922
0.0805 0.499904
0.0815 0.499882
0.0825 0.499857
0.0835 0.499836
0.0845 0.499729
0.0855 0.499525
0.0865 0.499168
0.0875 0.49855
0.0885 0.497514
0.0895 0.495693
0.0905 0.492663
0.0915 0.487767
0.0925 0.48005
0.0935 0.468221
0.0945 0.450444
0.0955 0.425562
0.0965 0.39355
0.0975 0.355704
0.0985 0.31446
0.0995 0.271584
0.1005 0.228282
0.1015 0.185404
0.1025 0.14416
0.1035 0.106317
0.1045 0.0743046
0.1055 0.0494196
0.1065 0.0316376
0.1075 0.0198071
0.1085 0.0120901
0.1095 0.00719406
0.1105 0.00416324
0.1115 0.00234106
0.1125 0.00130915
0.1135 0.000695326
0.1145 0.000338111
0.1155 0.000132756
0.1165 2.57318e-05
0.1175 9.29044e-06
0.1185 -1.29541e-05
0.1195 -3.91538e-05
0.1205 -6.28986e-05
0.1215 -7.26666e-05
0.1225 -4.17772e-05
0.1235 -3.69375e-05
0.1245 -5.08697e-05
0.1255 -6.90596e-05
0.1265 -7.5384e-05
0.1275 -4.56887e-05
0.1285 -3.90699e-05
0.1295 -5.2449e-05
0.1305 -6.99553e-05
0.1315 -7.42662e-05
0.1325 -4.50681e-05
0.1335 -3.73054e-05
0.1345 -5.33481e-05
0.1355 -7.43373e-05
0.1365 -7.93662e-05
0.1375 -5.14691e-05
0.1385 -4.16219e-05
0.1395 -5.55458e-05
0.1405 -7.44424e-05
0.1415 -7.88305e-05
0.1425 -5.76612e-05
0.1435 -5.52365e-05
0.1445 -6.9232e-05
0.1455 -7.00534e-05
0.1465 -3.743e-05
0.1475 1.61688e-05
0.1485 2.54703e-05
0.1495 -2.84934e-05
0.1505 -0.000100124
0.1515 -0.000129626
0.1525 -0.00010698
0.1535 -6.73544e-05
0.1545 -4.72512e-05
0.1555 -4.57355e-05
0.1565 -4.28952e-05
0.1575 -2.91408e-05
0.1585 -2.52288e-05
0.1595 -4.65055e-05
0.1605 -6.60479e-05
0.1615 -6.39698e-05
0.1625 -4.82964e-05
0.1635 -4.05203e-05
0.1645 -5.43433e-05
0.1655 -6.6461e-05
0.1665 -6.11045e-05
0.1675 -4.54594e-05
0.1685 -3.79919e-05
0.1695 -5.21337e-05
0.1705 -6.43629e-05
0.1715 -5.84689e-05
0.1725 -4.26188e-05
0.1735 -3.3604e-05
0.1745 -4.96008e-05
0.1755 -6.54781e-05
0.1765 -5.98851e-05
0.1775 -4.32023e-05
0.1785 -3.23731e-05
0.1795 -4.78715e-05
0.1805 -6.53725e-05
0.1815 -6.04032e-05
0.1825 -4.52893e-05
0.1835 -3.58054e-05
0.1845 -4.95902e-05
0.1855 -6.60484e-05
0.1865 -6.09566e-05
0.1875 -4.68182e-05
0.1885 -3.87918e-05
0.1895 -4.96448e-05
0.1905 -6.39678e-05
0.1915 -6.06407e-05
0.1925 -4.80055e-05
0.1935 -4.07505e-05
0.1945 -4.86022e-05
0.1955 -5.98824e-05
0.1965 -5.78639e-05
0.1975 -4.75353e-05
0.1985 -4.22229e-05
0.1995 -5.02341e-05
0.2005 -6.15883e-05
0.2015 -6.09902e-05
0.2025 -5.20458e-05
0.2035 -4.70388e-05
0.2045 -5.34687e-05
0.2055 -6.33144e-05
0.2065 -6.371e-05
0.2075 -5.60573e-05
0.2085 -5.14226e-05
0.2095 -5.70077e-05
0.2105 -6.61154e-05
0.2115 -6.70426e-05
0.2125 -5.82872e-05
0.2135 -5.18524e-05
0.2145 -5.56105e-05
0.2155 -6.28222e-05
0.2165 -6.30564e-05
0.2175 -5.64353e-05
0.2185 -5.23959e-05
0.2195 -5.75574e-05
0.2205 -6.64698e-05
0.2215 -6.82478e-05
0.2225 -6.08388e-05
0.2235 -5.57047e-05
0.2245 -6.1281e-05
0.2255 -7.1814e-05
0.2265 -7.58158e-05
0.2275 -6.41309e-05
0.2285 -5.37302e-05
0.2295 -5.86946e-05
0.2305 -6.87567e-05
0.2315 -7.23571e-05
0.2325 -6.06428e-05
0.2335 -5.07775e-05
0.2345 -5.66606e-05
0.2355 -6.8805e-05
0.2365 -7.49849e-05
0.2375 -6.55553e-05
0.2385 -5.71664e-05
0.2395 -6.43541e-05
0.2405 -7.75737e-05
0.2415 -8.46649e-05
0.2425 -7.5936e-05
0.2435 -6.7981e-05
0.2445 -7.55333e-05
0.2455 -8.89938e-05
0.2465 -9.57165e-05
0.2475 -8.53589e-05
0.2485 -7.29953e-05
0.2495 -7.69475e-05
0.2505 -8.76591e-05
0.2515 -9.36043e-05
0.2525 -8.55319e-05
0.2535 -7.59731e-05
0.2545 -8.08767e-05
0.2555 -9.22126e-05
0.2565 -9.87214e-05
0.2575 -9.4501e-05
0.2585 -8.82853e-05
0.2595 -9.17065e-05
0.2605 -0.000101787
0.2615 -0.000107518
0.2625 -0.000103009
0.2635 -9.52608e-05
0.2645 -9.5425e-05
0.2655 -0.00010775
0.2665 -0.000117113
0.2675 -0.000113451
0.2685 -0.000104655
0.2695 -0.000102381
0.2705 -0.000120729
0.2715 -0.000137638
0.2725 -0.000133934
0.2735 -0.000124337
0.2745 -0.000120693
0.2755 -0.000135032
0.2765 -0.000147341
0.2775 -0.000140573
0.2785 -0.000129383
0.2795 -0.000130297
0.2805 -0.00015149
0.2815 -0.000181959
0.2825 -0.000202404
0.2835 -0.000208378
0.2845 -0.000210208
0.2855 -0.000222072
0.2865 -0.00023513
0.2875 -0.000231304
0.2885 -0.00020912
0.2895 -0.000164847
0.2905 -8.93901e-05
0.2915 5.39085e-05
0.2925 0.00032398
0.2935 0.00079336
0.2945 0.00146236
0.2955 0.00296978
0.2965 0.004285
0.2975 0.00429776
0.2985 0.0033808
0.2995 0.00163264
0.3005 -0.00128976
0.3015 -0.00364385
0.3025 -0.0044575
0.3035 -0.00438501
0.3045 -0.00300853
0.3055 -0.00147699
0.3065 -0.000822564
0.3075 -0.000362424
0.3085 -8.67767e-05
0.3095 6.89864e-05
0.3105 0.000144708
0.3115 0.000174909
0.3125 0.000185708
0.3135 0.00019113
0.3145 0.000193721
0.3155 0.000190537
0.3165 0.000180014
0.3175 0.000164246
0.3185 0.000137018
0.3195 0.000113438
0.3205 0.000101925
0.3215 9.55963e-05
0.3225 9.47534e-05
0.3235 9.87601e-05
0.3245 0.000103473
0.3255 0.000103248
0.3265 9.66038e-05
0.3275 8.8237e-05
0.3285 8.52418e-05
0.3295 8.50599e-05
0.3305 8.40637e-05
0.3315 7.79137e-05
0.3325 7.06185e-05
0.3335 6.89221e-05
0.3345 7.02148e-05
0.3355 7.03967e-05
0.3365 6.6307e-05
0.3375 6.0851e-05
0.3385 5.95287e-05
0.3395 6.20846e-05
0.3405 6.29846e-05
0.3415 5.77966e-05
0.3425 4.92429e-05
0.3435 4.43565e-05
0.3445 4.97213e-05
0.3455 5.4606e-05
0.3465 4.94737e-05
0.3475 4.09918e-05
0.3485 3.73192e-05
0.3495 4.40729e-05
0.3505 5.26441e-05
0.3515 5.12635e-05
0.3525 4.49627e-05
0.3535 4.16758e-05
0.3545 4.79198e-05
0.3555 5.46407e-05
0.3565 4.93978e-05
0.3575 3.84202e-05
0.3585 3.21377e-05
0.3595 3.62023e-05
0.3605 4.3162e-05
0.3615 4.07762e-05
0.3625 2.91201e-05
0.3635 2.11338e-05
0.3645 2.53323e-05
0.3655 3.49639e-05
0.3665 3.58604e-05
0.3675 2.39074e-05
0.3685 1.52757e-05
0.3695 2.18534e-05
0.3705 3.63578e-05
0.3715 4.24975e-05
0.3725 2.5983e-05
0.3735 1.00582e-05
0.3745 1.66009e-05
0.3755 3.20737e-05
0.3765 3.90963e-05
0.3775 2.14901e-05
0.3785 2.85925e-06
0.3795 9.45564e-06
0.3805 2.69669e-05
0.3815 3.50185e-05
0.3825 1.69325e-05
0.3835 -4.70032e-06
0.3845 5.34488e-07
0.3855 2.04702e-05
0.3865 3.05163e-05
0.3875 1.56204e-05
0.3885 -4.79487e-06
0.3895 -1.90063e-06
0.3905 1.97478e-05
0.3915 3.12831e-05
0.3925 1.62187e-05
0.3935 -6.14111e-06
0.3945 -6.43933e-06
0.3955 1.67292e-05
0.3965 3.07652e-05
0.3975 1.58386e-05
0.3985 -8.10891e-06
0.3995 -9.42666e-06
0.4005 1.63538e-05
0.4015 3.2863e-05
0.4025 1.67689e-05
0.4035 -9.94808e-06
0.4045 -1.24705e-05
0.4055 1.65258e-05
0.4065 3.638e-05
0.4075 1.98255e-05
0.4085 -9.06164e-06
0.4095 -1.35215e-05
0.4105 1.76118e-05
0.4115 3.92284e-05
0.4125 1.94434e-05
0.4135 -1.30334e-05
0.4145 -1.86857e-05
0.4155 1.63434e-05
0.4165 4.11607e-05
0.4175 1.69449e-05
0.4185 -2.04902e-05
0.4195 -2.78352e-05
0.4205 1.21039e-05
0.4215 4.26245e-05
0.4225 1.38634e-05
0.4235 -2.72286e-05
0.4245 -3.15046e-05
0.4255 8.83562e-06
0.4265 3.91844e-05
0.4275 1.38746e-05
0.4285 -2.43964e-05
0.4295 -3.09421e-05
0.4305 7.21504e-06
0.4315 3.71166e-05
0.4325 1.33072e-05
0.4335 -2.37498e-05
0.4345 -3.10262e-05
0.4355 4.88374e-06
0.4365 3.32894e-05
0.4375 8.93241e-06
0.4385 -2.92807e-05
0.4395 -3.39961e-05
0.4405 5.42737e-06
0.4415 3.90501e-05
0.4425 2.46643e-05
0.4435 6.39318e-06
0.4445 3.72921e-05
0.4455 0.000139355
0.4465 0.000232243
0.4475 0.000229157
0.4485 0.000150721
0.4495 3.57098e-05
0.4505 -6.76448e-05
0.4515 -0.000149216
0.4525 -0.000212503
0.4535 -0.000233278
0.4545 -0.000174956
0.4555 -8.02415e-05
0.4565 -1.19534e-05
0.4575 -8.14088e-06
0.4585 -4.58221e-05
0.4595 -3.4438e-05
0.4605 5.62961e-07
0.4615 2.52821e-05
0.4625 7.96893e-06
0.4635 -4.27637e-05
0.4645 -3.22517e-05
0.4655 -1.66566e-06
0.4665 1.96997e-05
0.4675 6.01758e-06
0.4685 -4.49197e-05
0.4695 -3.33753e-05
0.4705 -3.67943e-06
0.4715 1.81184e-05
0.4725 9.15925e-06
0.4735 -4.33182e-05
0.4745 -3.21103e-05
0.4755 -4.36306e-06
0.4765 1.80196e-05
0.4775 1.59568e-05
0.4785 -3.57482e-05
0.4795 -1.90421e-05
0.4805 1.73337e-05
0.4815 6.28952e-05
0.4825 0.000120835
0.4835 0.000172378
0.4845 0.000385672
0.4855 0.000783966
0.4865 0.00148979
0.4875 0.00272801
0.4885 0.00480855
0.4895 0.0084532
0.4905 0.0145041
0.4915 0.0242888
0.4925 0.0397285
0.4935 0.063398
0.4945 0.0989588
0.4955 0.148716
0.4965 0.212734
0.4975 0.288434
0.4985 0.370933
0.4995 0.456686
0.5005 0.543283
0.5015 0.629032
0.5025 0.711527
0.5035 0.78723
0.5045 0.851255
0.5055 0.901012
0.5065 0.936566
0.5075 0.960228
0.5085 0.975671
0.5095 0.985462
0.5105 0.991515
0.5115 0.995156
0.5125 0.997232
0.5135 0.998472
0.5145 0.999183
0.5155 0.999584
0.5165 0.999794
0.5175 0.999842
0.5185 0.999901
0.5195 0.999949
0.5205 0.999987
0.5215 1
0.5225 0.999947
0.5235 0.999944
0.5245 0.999968
0.5255 0.999997
0.5265 1.00001
0.5275 0.999947
0.5285 0.999936
0.5295 0.999962
0.5305 0.999997
0.5315 1.00001
0.5325 0.999952
0.5335 0.999936
0.5345 0.999961
0.5355 0.999996
0.5365 1.00001
0.5375 0.999949
0.5385 0.999926
0.5395 0.99995
0.5405 0.999988
0.5415 0.999998
0.5425 0.999943
0.5435 0.999917
0.5445 0.99994
0.5455 0.999978
0.5465 0.999986
0.5475 0.999937
0.5485 0.999912
0.5495 0.999939
0.5505 0.999981
0.5515 0.999989
0.5525 0.999943
0.5535 0.999913
0.5545 0.999936
0.5555 0.999974
0.5565 0.999978
0.5575 0.999933
0.5585 0.999902
0.5595 0.999924
0.5605 0.999962
0.5615 0.999965
0.5625 0.999922
0.5635 0.999893
0.5645 0.999918
0.5655 0.999955
0.5665 0.999956
0.5675 0.999911
0.5685 0.999879
0.5695 0.999905
0.5705 0.999943
0.5715 0.999942
0.5725 0.999892
0.5735 0.999857
0.5745 0.999883
0.5755 0.999925
0.5765 0.999931
0.5775 0.999884
0.5785 0.999845
0.5795 0.999877
0.5805 0.999913
0.5815 0.99989
0.5825 0.999825
0.5835 0.999779
0.5845 0.999796
0.5855 0.999832
0.5865 0.999833
0.5875 0.999795
0.5885 0.999774
0.5895 0.99982
0.5905 0.999943
0.5915 1.00013
0.5925 1.0004
0.5935 1.00086
0.5945 1.00157
0.5955 1.00302
0.5965 1.00421
0.5975 1.00426
0.5985 1.00335
0.5995 1.00158
0.6005 0.998728
0.6015 0.996463
0.6025 0.995668
0.6035 0.995754
0.6045 0.997066
0.6055 0.998535
0.6065 0.999169
0.6075 0.999611
0.6085 0.999897
0.6095 1.00009
0.6105 1.0002
0.6115 1.00023
0.6125 1.00022
0.6135 1.0002
0.6145 1.00021
0.6155 1.00023
0.6165 1.00023
0.6175 1.0002
0.6185 1.00015
0.6195 1.00013
0.6205 1.00014
0.6215 1.00014
0.6225 1.00013
0.6235 1.00012
0.6245 1.00012
0.6255 1.00013
0.6265 1.00014
0.6275 1.00013
0.6285 1.00011
0.6295 1.0001
0.6305 1.00011
0.6315 1.00012
0.6325 1.00011
0.6335 1.00009
0.6345 1.00009
0.6355 1.0001
0.6365 1.0001
0.6375 1.0001
0.6385 1.00009
0.6395 1.00009
0.6405 1.00009
0.6415 1.00008
0.6425 1.00006
0.6435 0.999997
0.6445 0.999944
0.6455 0.999969
0.6465 1.00016
0.6475 1.00035
0.6485 1.00033
0.6495 1.00017
0.6505 0.999946
0.6515 0.999815
0.6525 0.999795
0.6535 0.999982
0.6545 1.00018
0.6555 1.00022
0.6565 1.00017
0.6575 1.00011
0.6585 1.00009
0.6595 1.00007
0.6605 1.00006
0.6615 1.00006
0.6625 1.00006
0.6635 1.00006
0.6645 1.00006
0.6655 1.00005
0.6665 1.00005
0.6675 1.00006
0.6685 1.00006
0.6695 1.00006
0.6705 1.00005
0.6715 1.00005
0.6725 1.00006
0.6735 1.00007
0.6745 1.00006
0.6755 1.00005
0.6765 1.00004
0.6775 1.00006
0.6785 1.00006
0.6795 1.00006
0.6805 1.00004
0.6815 1.00004
0.6825 1.00005
0.6835 1.00006
0.6845 1.00005
0.6855 1.00004
0.6865 1.00003
0.6875 1.00005
0.6885 1.00006
0.6895 1.00005
0.6905 1.00004
0.6915 1.00003
0.6925 1.00005
0.6935 1.00006
0.6945 1.00005
0.6955 1.00003
0.6965 1.00002
0.6975 1.00005
0.6985 1.00007
0.6995 1.00005
0.7005 1.00003
0.7015 1.00002
0.7025 1.00005
0.7035 1.00007
0.7045 1.00006
0.7055 1.00003
0.7065 1.00002
0.7075 1.00004
0.7085 1.00007
0.7095 1.00006
0.7105 1.00003
0.7115 1.00001
0.7125 1.00004
0.7135 1.00007
0.7145 1.00006
0.7155 1.00003
0.7165 1.00001
0.7175 1.00004
0.7185 1.00006
0.7195 1.00005
0.7205 1.00002
0.7215 1.00001
0.7225 1.00003
0.7235 1.00006
0.7245 1.00005
0.7255 1.00002
0.7265 1.00001
0.7275 1.00003
0.7285 1.00006
0.7295 1.00005
0.7305 1.00003
0.7315 1.00001
0.7325 1.00003
0.7335 1.00006
0.7345 1.00005
0.7355 1.00003
0.7365 1.00001
0.7375 1.00003
0.7385 1.00006
0.7395 1.00005
0.7405 1.00003
0.7415 1.00001
0.7425 1.00003
0.7435 1.00006
0.7445 1.00006
0.7455 1.00003
0.7465 1.00002
0.7475 1.00003
0.7485 1.00006
0.7495 1.00005
0.7505 1.00003
0.7515 1.00001
0.7525 1.00003
0.7535 1.00006
0.7545 1.00005
0.7555 1.00002
0.7565 1.00001
0.7575 1.00002
0.7585 1.00006
0.7595 1.00005
0.7605 1.00002
0.7615 1.00001
0.7625 1.00002
0.7635 1.00006
0.7645 1.00005
0.7655 1.00003
0.7665 1.00001
0.7675 1.00002
0.7685 1.00006
0.7695 1.00006
0.7705 1.00003
0.7715 1.00002
0.7725 1.00002
0.7735 1.00005
0.7745 1.00005
0.7755 1.00003
0.7765 1.00002
0.7775 1.00002
0.7785 1.00005
0.7795 1.00005
0.7805 1.00002
0.7815 0.999992
0.7825 0.999962
0.7835 0.999941
0.7845 0.999838
0.7855 0.999637
0.7865 0.999279
0.7875 0.998657
0.7885 0.997623
0.7895 0.995807
0.7905 0.992778
0.7915 0.987868
0.7925 0.98013
0.7935 0.968291
0.7945 0.950517
0.7955 0.925659
0.7965 0.893704
0.7975 0.855904
0.7985 0.814646
0.7995 0.771724
0.8005 0.728345
0.8015 0.685398
0.8025 0.644135
0.8035 0.606361
0.8045 0.574437
0.8055 0.549576
0.8065 0.531777
0.8075 0.519915
0.8085 0.512181
0.8095 0.507291
0.8105 0.504269
0.8115 0.502446
0.8125 0.501401
0.8135 0.500781
0.8145 0.500435
0.8155 0.500241
0.8165 0.500132
0.8175 0.500099
0.8185 0.500067
0.8195 0.500051
0.8205 0.50004
0.8215 0.500029
0.8225 0.500047
0.8235 0.500045
0.8245 0.50004
0.8255 0.500032
0.8265 0.500024
0.8275 0.500045
0.8285 0.500046
0.8295 0.500039
0.8305 0.500029
0.8315 0.500023
0.8325 0.500044
0.8335 0.500048
0.8345 0.50004
0.8355 0.500028
0.8365 0.500022
0.8375 0.500041
0.8385 0.500047
0.8395 0.500038
0.8405 0.500027
0.8415 0.500023
0.8425 0.500039
0.8435 0.500044
0.8445 0.500035
0.8455 0.500025
0.8465 0.500026
0.8475 0.500042
0.8485 0.500048
0.8495 0.500038
0.8505 0.500027
0.8515 0.50003
0.8525 0.500047
0.8535 0.500056
0.8545 0.500044
0.8555 0.500031
0.8565 0.500034
0.8575 0.500051
0.8585 0.50006
0.8595 0.500046
0.8605 0.500031
0.8615 0.500034
0.8625 0.50005
0.8635 0.500059
0.8645 0.500045
0.8655 0.50003
0.8665 0.500035
0.8675 0.50005
0.8685 0.500059
0.8695 0.500044
0.8705 0.50003
0.8715 0.500036
0.8725 0.500051
0.8735 0.500059
0.8745 0.500044
0.8755 0.50003
0.8765 0.500037
0.8775 0.500053
0.8785 0.500062
0.8795 0.500047
0.8805 0.500033
0.8815 0.500041
0.8825 0.50006
0.8835 0.50007
0.8845 0.500055
0.8855 0.500039
0.8865 0.500048
0.8875 0.500065
0.8885 0.500074
0.8895 0.500059
0.8905 0.500044
0.8915 0.500053
0.8925 0.500068
0.8935 0.500075
0.8945 0.500058
0.8955 0.50004
0.8965 0.500048
0.8975 0.500063
0.8985 0.500071
0.8995 0.500059
0.9005 0.500044
0.9015 0.500051
0.9025 0.500065
0.9035 0.500072
0.9045 0.500062
0.9055 0.50005
0.9065 0.500055
0.9075 0.500068
0.9085 0.500074
0.9095 0.500066
0.9105 0.500056
0.9115 0.500059
0.9125 0.500068
0.9135 0.500072
0.9145 0.500066
0.9155 0.500057
0.9165 0.500059
0.9175 0.500069
0.9185 0.500076
0.9195 0.500075
0.9205 0.500071
0.9215 0.500071
0.9225 0.500079
0.9235 0.500086
0.9245 0.500085
0.9255 0.500082
0.9265 0.500082
0.9275 0.500088
0.9285 0.500093
0.9295 0.500091
0.9305 0.500085
0.9315 0.500081
0.9325 0.500082
0.9335 0.500086
0.9345 0.500088
0.9355 0.500088
0.9365 0.500088
0.9375 0.500092
0.9385 0.5001
0.9395 0.500107
0.9405 0.500108
0.9415 0.500112
0.9425 0.500129
0.9435 0.500164
0.9445 0.500218
0.9455 0.500343
0.9465 0.500458
0.9475 0.500468
0.9485 0.500401
0.9495 0.500258
0.9505 0.500022
0.9515 0.499835
0.9525 0.499777
0.9535 0.499797
0.9545 0.499917
0.9555 0.500037
0.9565 0.500089
0.9575 0.500124
0.9585 0.500145
0.9595 0.500155
0.9605 0.500158
0.9615 0.500159
0.9625 0.500161
0.9635 0.500165
0.9645 0.500168
0.9655 0.50017
0.9665 0.500174
0.9675 0.500183
0.9685 0.50019
0.9695 0.500194
0.9705 0.500198
0.9715 0.500206
0.9725 0.500219
0.9735 0.500229
0.9745 0.500232
0.9755 0.50023
0.9765 0.500229
0.9775 0.500228
0.9785 0.500226
0.9795 0.500229
0.9805 0.500247
0.9815 0.500303
0.9825 0.50037
0.9835 0.500402
0.9845 0.500414
0.9855 0.500411
0.9865 0.500408
0.9875 0.500406
0.9885 0.50038
0.9895 0.500287
0.9905 0.500057
0.9915 0.499567
0.9925 0.498638
0.9935 0.497006
0.9945 0.494744
0.9955 0.490309
0.9965 0.485619
0.9975 0.484491
0.9985 0.48671
0.9995 0.492551

# time= 0.75
0.0005 2.34171e+179
0.0015 1.37896e+179
0.0025 4.4567e+178
0.0035 1.26932e+178
0.0045 2.55737e+177
0.0055 4.00544e+176
0.0065 5.09636e+175
0.0075 5.37389e+174
0.0085 4.70511e+173
0.0095 3.33599e+172
0.0105 1.72766e+171
0.0115 3.24953e+169
0.0125 -6.25479e+168
0.0135 -1.09211e+168
0.0145 -1.17625e+167
0.0155 -1.0275e+166
0.0165 -7.83577e+164
0.0175 -5.38752e+163
0.0185 -3.3988e+162
0.0195 -1.9885e+161
0.0205 -1.08645e+160
0.0215 -5.57006e+158
0.0225 -2.68913e+157
0.0235 -1.22587e+156
0.0245 -5.28829e+154
0.0255 -2.16281e+153
0.0265 -8.39932e+151
0.0275 -3.10166e+150
0.0285 -1.09046e+149
0.0295 -3.65402e+147
0.0305 -1.16822e+146
0.0315 -3.56673e+144
0.0325 -1.04083e+143
0.0335 -2.90527e+141
0.0345 -7.76261e+139
0.0355 -1.98667e+138
0.0365 -4.87306e+136
0.0375 -1.14625e+135
0.0385 -2.58688e+133
0.0395 -5.60396e+131
0.0405 -1.16579e+130
0.0415 -2.32977e+128
0.0425 -4.47435e+126
0.0435 -8.26042e+124
0.0445 -1.46639e+123
0.0455 -2.5037e+121
0.0465 -4.11233e+119
0.0475 -6.499e+117
0.0485 -9.88384e+115
0.0495 -1.4467e+114
0.0505 -2.03819e+112
0.0515 -2.76411e+110
0.0525 -3.60849e+108
0.0535 -4.53485e+106
0.0545 -5.48602e+104
0.0555 -6.38841e+102
0.0565 -7.16037e+100
0.0575 -7.72403e+98
0.0585 -8.01793e+96
0.0595 -8.00795e+94
0.0605 -7.69379e+92
0.0615 -7.10926e+90
0.0625 -6.31634e+88
0.0635 -5.39436e+86
0.0645 -4.42701e+84
0.0655 -3.48999e+82
0.0665 -2.64187e+80
0.0675 -1.91948e+78
0.0685 -1.33794e+76
0.0695 -8.94229e+73
0.0705 -5.72758e+71
0.0715 -3.51348e+69
0.0725 -2.0628e+67
0.0735 -1.15828e+65
0.0745 -6.21531e+62
0.0755 -3.18441e+60
0.0765 -1.55634e+58
0.0775 -7.24848e+55
0.0785 -3.21345e+53
0.0795 -1.35441e+51
0.0805 -5.42012e+48
0.0815 -2.05643e+46
0.0825 -7.38536e+43
0.0835 -2.50624e+41
0.0845 -8.02088e+38
0.0855 -2.41569e+36
0.0865 -6.83035e+33
0.0875 -1.8083e+31
0.0885 -4.46915e+28
0.0895 -1.02764e+26
0.0905 -2.19005e+23
0.0915 -4.30681e+20
0.0925 -7.77573e+17
0.0935 -1.28127e+15
0.0945 -1.91342e+12
0.0955 -2.56809e+09
0.0965 -3.06619e+06
0.0975 -3215.18
0.0985 -2.66357
0.0995 0.247775
0.1005 0.249866
0.1015 0.249757
0.1025 0.249705
0.1035 0.249691
0.1045 0.249708
0.1055 0.249779
0.1065 0.249853
0.1075 0.249887
0.1085 0.249911
0.1095 0.249924
0.1105 0.24993
0.1115 0.249934
0.1125 0.249937
0.1135 0.249938
0.1145 0.249939
0.1155 0.249939
0.1165 0.24994
0.1175 0.249942
0.1185 0.249945
0.1195 0.249945
0.1205 0.249946
0.1215 0.249946
0.1225 0.249947
0.1235 0.249947
0.1245 0.249947
0.1255 0.249946
0.1265 0.249946
0.1275 0.249946
0.1285 0.249946
0.1295 0.249946
0.1305 0.249946
0.1315 0.249946
0.1325 0.249946
0.1335 0.249945
0.1345 0.249944
0.1355 0.249943
0.1365 0.249942
0.1375 0.249942
0.1385 0.249941
0.1395 0.24994
0.1405 0.24994
0.1415 0.249939
0.1425 0.249938
0.1435 0.249939
0.1445 0.249943
0.1455 0.249958
0.1465 0.249972
0.1475 0.249975
0.1485 0.24997
0.1495 0.249954
0.1505 0.249935
0.1515 0.249924
0.1525 0.249919
0.1535 0.249921
0.1545 0.249938
0.1555 0.249956
0.1565 0.249961
0.1575 0.24996
0.1585 0.249957
0.1595 0.249955
0.1605 0.249953
0.1615 0.249952
0.1625 0.249948
0.1635 0.249945
0.1645 0.249946
0.1655 0.249949
0.1665 0.24995
0.1675 0.249949
0.1685 0.249947
0.1695 0.249948
0.1705 0.249951
0.1715 0.249953
0.1725 0.249951
0.1735 0.249949
0.1745 0.249949
0.1755 0.249952
0.1765 0.249954
0.1775 0.249951
0.1785 0.249948
0.1795 0.249949
0.1805 0.249952
0.1815 0.249954
0.1825 0.24995
0.1835 0.249946
0.1845 0.249947
0.1855 0.249951
0.1865 0.249953
0.1875 0.249949
0.1885 0.249945
0.1895 0.249947
0.1905 0.249952
0.1915 0.249954
0.1925 0.24995
0.1935 0.249945
0.1945 0.249947
0.1955 0.249953
0.1965 0.249956
0.1975 0.24995
0.1985 0.249944
0.1995 0.249945
0.2005 0.249951
0.2015 0.249953
0.2025 0.249947
0.2035 0.24994
0.2045 0.249941
0.2055 0.249947
0.2065 0.24995
0.2075 0.249944
0.2085 0.249936
0.2095 0.249938
0.2105 0.249944
0.2115 0.249948
0.2125 0.249942
0.2135 0.249936
0.2145 0.249939
0.2155 0.249946
0.2165 0.249949
0.2175 0.249943
0.2185 0.249935
0.2195 0.249937
0.2205 0.249943
0.2215 0.249946
0.2225 0.24994
0.2235 0.249932
0.2245 0.249934
0.2255 0.249943
0.2265 0.24995
0.2275 0.249952
0.2285 0.249959
0.2295 0.249985
0.2305 0.250035
0.2315 0.250113
0.2325 0.250235
0.2335 0.250446
0.2345 0.250813
0.2355 0.251425
0.2365 0.252412
0.2375 0.253979
0.2385 0.256445
0.2395 0.260269
0.2405 0.266075
0.2415 0.274709
0.2425 0.287294
0.2435 0.305303
0.2445 0.329651
0.2455 0.359124
0.2465 0.392279
0.2475 0.427837
0.2485 0.464683
0.2495 0.502023
0.2505 0.539445
0.2515 0.576459
0.2525 0.612162
0.2535 0.645175
0.2545 0.673732
0.2555 0.695984
0.2565 0.712386
0.2575 0.724232
0.2585 0.73263
0.2595 0.738474
0.2605 0.742507
0.2615 0.745187
0.2625 0.746931
0.2635 0.748049
0.2645 0.748761
0.2655 0.749236
0.2665 0.749515
0.2675 0.749668
0.2685 0.74975
0.2695 0.749799
0.2705 0.749847
0.2715 0.749867
0.2725 0.749866
0.2735 0.749859
0.2745 0.749855
0.2755 0.749869
0.2765 0.749874
0.2775 0.749867
0.2785 0.749856
0.2795 0.749843
0.2805 0.749841
0.2815 0.749835
0.2825 0.749817
0.2835 0.749797
0.2845 0.749782
0.2855 0.749784
0.2865 0.749798
0.2875 0.749812
0.2885 0.749846
0.2895 0.749919
0.2905 0.750051
0.2915 0.750253
0.2925 0.750545
0.2935 0.750987
0.2945 0.751871
0.2955 0.752677
0.2965 0.753049
0.2975 0.753
0.2985 0.752311
0.2995 0.751211
0.3005 0.749246
0.3015 0.74746
0.3025 0.746788
0.3035 0.746783
0.3045 0.747231
0.3055 0.748118
0.3065 0.748993
0.3075 0.749441
0.3085 0.749743
0.3095 0.749926
0.3105 0.750038
0.3115 0.750116
0.3125 0.750165
0.3135 0.750194
0.3145 0.75019
0.3155 0.750168
0.3165 0.750161
0.3175 0.750164
0.3185 0.750159
0.3195 0.750132
0.3205 0.750097
0.3215 0.750089
0.3225 0.750106
0.3235 0.75012
0.3245 0.75011
0.3255 0.750082
0.3265 0.750077
0.3275 0.750091
0.3285 0.750099
0.3295 0.750078
0.3305 0.750029
0.3315 0.749995
0.3325 0.749965
0.3335 0.749898
0.3345 0.749749
0.3355 0.749491
0.3365 0.749128
0.3375 0.748582
0.3385 0.747721
0.3395 0.746371
0.3405 0.744334
0.3415 0.741406
0.3425 0.73722
0.3435 0.731305
0.3445 0.72309
0.3455 0.711947
0.3465 0.697667
0.3475 0.681176
0.3485 0.663332
0.3495 0.644814
0.3505 0.62609
0.3515 0.607421
0.3525 0.589014
0.3535 0.571242
0.3545 0.554654
0.3555 0.539903
0.3565 0.527726
0.3575 0.518732
0.3585 0.512444
0.3595 0.508117
0.3605 0.505199
0.3615 0.503281
0.3625 0.502058
0.3635 0.501282
0.3645 0.50078
0.3655 0.50046
0.3665 0.500271
0.3675 0.500179
0.3685 0.500129
0.3695 0.500084
0.3705 0.500047
0.3715 0.50003
0.3725 0.500038
0.3735 0.500045
0.3745 0.500035
0.3755 0.500018
0.3765 0.500012
0.3775 0.500025
0.3785 0.500035
0.3795 0.500027
0.3805 0.500012
0.3815 0.500006
0.3825 0.500019
0.3835 0.500029
0.3845 0.500021
0.3855 0.500007
0.3865 0.500002
0.3875 0.500016
0.3885 0.500027
0.3895 0.50002
0.3905 0.500007
0.3915 0.500002
0.3925 0.500015
0.3935 0.500025
0.3945 0.500018
0.3955 0.500005
0.3965 0.500001
0.3975 0.500014
0.3985 0.500024
0.3995 0.500018
0.4005 0.500006
0.4015 0.500001
0.4025 0.500013
0.4035 0.500024
0.4045 0.500018
0.4055 0.500007
0.4065 0.500003
0.4075 0.500014
0.4085 0.500023
0.4095 0.500018
0.4105 0.500008
0.4115 0.500004
0.4125 0.500013
0.4135 0.50002
0.4145 0.500015
0.4155 0.500006
0.4165 0.500002
0.4175 0.500008
0.4185 0.500014
0.4195 0.50001
0.4205 0.500002
0.4215 0.499999
0.4225 0.500004
0.4235 0.500009
0.4245 0.500006
0.4255 0.5
0.4265 0.499998
0.4275 0.500003
0.4285 0.500008
0.4295 0.500005
0.4305 0.5
0.4315 0.499998
0.4325 0.500003
0.4335 0.500006
0.4345 0.500004
0.4355 0.499998
0.4365 0.499996
0.4375 0.5
0.4385 0.500005
0.4395 0.500004
0.4405 0.500005
0.4415 0.500012
0.4425 0.50003
0.4435 0.500059
0.4445 0.500088
0.4455 0.500121
0.4465 0.500142
0.4475 0.500139
0.4485 0.500112
0.4495 0.500035
0.4505 0.499943
0.4515 0.499894
0.4525 0.499865
0.4535 0.499858
0.4545 0.499868
0.4555 0.499902
0.4565 0.499941
0.4575 0.499963
0.4585 0.499978
0.4595 0.499986
0.4605 0.49999
0.4615 0.499993
0.4625 0.499995
0.4635 0.499995
0.4645 0.499994
0.4655 0.499993
0.4665 0.499993
0.4675 0.499993
0.4685 0.499993
0.4695 0.499993
0.4705 0.499993
0.4715 0.499994
0.4725 0.499994
0.4735 0.499994
0.4745 0.499994
0.4755 0.499994
0.4765 0.499995
0.4775 0.499995
0.4785 0.499994
0.4795 0.499993
0.4805 0.499992
0.4815 0.499992
0.4825 0.49999
0.4835 0.499989
0.4845 0.499988
0.4855 0.499988
0.4865 0.499988
0.4875 0.499987
0.4885 0.499984
0.4895 0.499978
0.4905 0.499965
0.4915 0.499938
0.4925 0.499888
0.4935 0.499818
0.4945 0.499671
0.4955 0.49953
0.4965 0.499496
0.4975 0.499522
0.4985 0.49962
0.4995 0.499858
0.5005 0.500147
0.5015 0.500322
0.5025 0.500434
0.5035 0.500468
0.5045 0.500437
0.5055 0.500294
0.5065 0.500143
0.5075 0.500074
0.5085 0.500025
0.5095 0.499998
0.5105 0.499985
0.5115 0.499979
0.5125 0.499977
0.5135 0.499976
0.5145 0.499977
0.5155 0.499978
0.5165 0.499977
0.5175 0.499975
0.5185 0.499974
0.5195 0.499973
0.5205 0.499973
0.5215 0.499971
0.5225 0.49997
0.5235 0.499968
0.5245 0.499968
0.5255 0.499966
0.5265 0.499963
0.5275 0.499958
0.5285 0.499951
0.5295 0.49994
0.5305 0.49992
0.5315 0.499883
0.5325 0.499818
0.5335 0.499709
0.5345 0.499526
0.5355 0.499223
0.5365 0.498729
0.5375 0.497941
0.5385 0.496702
0.5395 0.494789
0.5405 0.491886
0.5415 0.487567
0.5425 0.481269
0.5435 0.472259
0.5445 0.460083
0.5455 0.445346
0.5465 0.42877
0.5475 0.410989
0.5485 0.392563
0.5495 0.373893
0.5505 0.355185
0.5515 0.33668
0.5525 0.318827
0.5535 0.302317
0.5545 0.288035
0.5555 0.276908
0.5565 0.268706
0.5575 0.262779
0.5585 0.258575
0.5595 0.255648
0.5605 0.25363
0.5615 0.252289
0.5625 0.251415
0.5635 0.250853
0.5645 0.250493
0.5655 0.250253
0.5665 0.250111
0.5675 0.250031
0.5685 0.249987
0.5695 0.249956
0.5705 0.249926
0.5715 0.24991
0.5725 0.249907
0.5735 0.249907
0.5745 0.249903
0.5755 0.249891
0.5765 0.249885
0.5775 0.249888
0.5785 0.24989
0.5795 0.249883
0.5805 0.249863
0.5815 0.249844
0.5825 0.249837
0.5835 0.24983
0.5845 0.249819
0.5855 0.249808
0.5865 0.249804
0.5875 0.249825
0.5885 0.249873
0.5895 0.249957
0.5905 0.250091
0.5915 0.2503
0.5925 0.250655
0.5935 0.251125
0.5945 0.251926
0.5955 0.252682
0.5965 0.252922
0.5975 0.252792
0.5985 0.25218
0.5995 0.251131
0.6005 0.24925
0.6015 0.247676
0.6025 0.247097
0.6035 0.247014
0.6045 0.247311
0.6055 0.248126
0.6065 0.248901
0.6075 0.249365
0.6085 0.249727
0.6095 0.249935
0.6105 0.250063
0.6115 0.250139
0.6125 0.250189
0.6135 0.250212
0.6145 0.250214
0.6155 0.250204
0.6165 0.250189
0.6175 0.250183
0.6185 0.250175
0.6195 0.250158
0.6205 0.250135
0.6215 0.250121
0.6225 0.250126
0.6235 0.250134
0.6245 0.250131
0.6255 0.250121
0.6265 0.250111
0.6275 0.250118
0.6285 0.250124
0.6295 0.25012
0.6305 0.250105
0.6315 0.250093
0.6325 0.250101
0.6335 0.250109
0.6345 0.250104
0.6355 0.250091
0.6365 0.250082
0.6375 0.25009
0.6385 0.250097
0.6395 0.250087
0.6405 0.25006
0.6415 0.250021
0.6425 0.249947
0.6435 0.249888
0.6445 0.249932
0.6455 0.250095
0.6465 0.250326
0.6475 0.250478
0.6485 0.250453
0.6495 0.250209
0.6505 0.249895
0.6515 0.249721
0.6525 0.249684
0.6535 0.249807
0.6545 0.250043
0.6555 0.250223
0.6565 0.250269
0.6575 0.250209
0.6585 0.250136
0.6595 0.250095
0.6605 0.250064
0.6615 0.250055
0.6625 0.250056
0.6635 0.25006
0.6645 0.250061
0.6655 0.250051
0.6665 0.250046
0.6675 0.250051
0.6685 0.250059
0.6695 0.250062
0.6705 0.250053
0.6715 0.250048
0.6725 0.250052
0.6735 0.250059
0.6745 0.250061
0.6755 0.25005
0.6765 0.250044
0.6775 0.250048
0.6785 0.250053
0.6795 0.250057
0.6805 0.250046
0.6815 0.25004
0.6825 0.250043
0.6835 0.250048
0.6845 0.250052
0.6855 0.250043
0.6865 0.250038
0.6875 0.250041
0.6885 0.250047
0.6895 0.250052
0.6905 0.250043
0.6915 0.250038
0.6925 0.250041
0.6935 0.250045
0.6945 0.25005
0.6955 0.250042
0.6965 0.250037
0.6975 0.250039
0.6985 0.250042
0.6995 0.250048
0.7005 0.250041
0.7015 0.250036
0.7025 0.250038
0.7035 0.250041
0.7045 0.250047
0.7055 0.250041
0.7065 0.250036
0.7075 0.250038
0.7085 0.25004
0.7095 0.250046
0.7105 0.250041
0.7115 0.250036
0.7125 0.250036
0.7135 0.250037
0.7145 0.250043
0.7155 0.250041
0.7165 0.250035
0.7175 0.250033
0.7185 0.250032
0.7195 0.250037
0.7205 0.250038
0.7215 0.250033
0.7225 0.250031
0.7235 0.25003
0.7245 0.250036
0.7255 0.250044
0.7265 0.250041
0.7275 0.250043
0.7285 0.250051
0.7295 0.250073
0.7305 0.250118
0.7315 0.250169
0.7325 0.25026
0.7335 0.250421
0.7345 0.250699
0.7355 0.251167
0.7365 0.251879
0.7375 0.253006
0.7385 0.254758
0.7395 0.257436
0.7405 0.261461
0.7415 0.267306
0.7425 0.275716
0.7435 0.28757
0.7445 0.303968
0.7455 0.326212
0.7465 0.354771
0.7475 0.387794
0.7485 0.423501
0.7495 0.460508
0.7505 0.497922
0.7515 0.535263
0.7525 0.572117
0.7535 0.607679
0.7545 0.640828
0.7555 0.670295
0.7565 0.694644
0.7575 0.712663
0.7585 0.725256
0.7595 0.733888
0.7605 0.739688
0.7615 0.743512
0.7625 0.745987
0.7635 0.747562
0.7645 0.748547
0.7655 0.749152
0.7665 0.749519
0.7675 0.749737
0.7685 0.749866
0.7695 0.749941
0.7705 0.749982
0.7715 0.750006
0.7725 0.750018
0.7735 0.750026
0.7745 0.75003
0.7755 0.750032
0.7765 0.750032
0.7775 0.750033
0.7785 0.750034
0.7795 0.750035
0.7805 0.750033
0.7815 0.750032
0.7825 0.750032
0.7835 0.750033
0.7845 0.750033
0.7855 0.750033
0.7865 0.750032
0.7875 0.750032
0.7885 0.750033
0.7895 0.750034
0.7905 0.750037
0.7915 0.750047
0.7925 0.750071
0.7935 0.750111
0.7945 0.750174
0.7955 0.750255
0.7965 0.750306
0.7975 0.750303
0.7985 0.750243
0.7995 0.75014
0.8005 0.749954
0.8015 0.749799
0.8025 0.749745
0.8035 0.749746
0.8045 0.749815
0.8055 0.749905
0.8065 0.749958
0.8075 0.749994
0.8085 0.750016
0.8095 0.750027
0.8105 0.750031
0.8115 0.750033
0.8125 0.750034
0.8135 0.750035
0.8145 0.750036
0.8155 0.750036
0.8165 0.750037
0.8175 0.750037
0.8185 0.750038
0.8195 0.750038
0.8205 0.750039
0.8215 0.750039
0.8225 0.750039
0.8235 0.750039
0.8245 0.750038
0.8255 0.750038
0.8265 0.750036
0.8275 0.750032
0.8285 0.750025
0.8295 0.750013
0.8305 0.749992
0.8315 0.749955
0.8325 0.749891
0.8335 0.749782
0.8345 0.749598
0.8355 0.749296
0.8365 0.748804
0.8375 0.748015
0.8385 0.746777
0.8395 0.744865
0.8405 0.741965
0.8415 0.73765
0.8425 0.731352
0.8435 0.722341
0.8445 0.710167
0.8455 0.695435
0.8465 0.678861
0.8475 0.66108
0.8485 0.642651
0.8495 0.623982
0.8505 0.605277
0.8515 0.586775
0.8525 0.568921
0.8535 0.552409
0.8545 0.53813
0.8555 0.52701
0.8565 0.518813
0.8575 0.512885
0.8585 0.508678
0.8595 0.505756
0.8605 0.503747
0.8615 0.502409
0.8625 0.501529
0.8635 0.500963
0.8645 0.500608
0.8655 0.500379
0.8665 0.500241
0.8675 0.500157
0.8685 0.500107
0.8695 0.500084
0.8705 0.500067
0.8715 0.500057
0.8725 0.500049
0.8735 0.500044
0.8745 0.500048
0.8755 0.50005
0.8765 0.500048
0.8775 0.500045
0.8785 0.500042
0.8795 0.500048
0.8805 0.500054
0.8815 0.500054
0.8825 0.50005
0.8835 0.500047
0.8845 0.500053
0.8855 0.500062
0.8865 0.500062
0.8875 0.500056
0.8885 0.500051
0.8895 0.500057
0.8905 0.500068
0.8915 0.500067
0.8925 0.500059
0.8935 0.50005
0.8945 0.500055
0.8955 0.500066
0.8965 0.500066
0.8975 0.500056
0.8985 0.500046
0.8995 0.500054
0.9005 0.500067
0.9015 0.49886
0.9025 -1.0959
0.9035 -1775.98
0.9045 -1.70529e+06
0.9055 -1.4358e+09
0.9065 -1.07437e+12
0.9075 -7.2199e+14
0.9085 -4.39482e+17
0.9095 -2.44049e+20
0.9105 -1.24379e+23
0.9115 -5.84775e+25
0.9125 -2.54758e+28
0.9135 -1.03239e+31
0.9145 -3.90503e+33
0.9155 -1.38284e+36
0.9165 -4.59675e+38
0.9175 -1.43783e+41
0.9185 -4.2411e+43
0.9195 -1.18198e+46
0.9205 -3.11793e+48
0.9215 -7.79731e+50
0.9225 -1.85132e+53
0.9235 -4.17882e+55
0.9245 -8.97823e+57
0.9255 -1.83814e+60
0.9265 -3.58976e+62
0.9275 -6.69354e+64
0.9285 -1.19269e+67
0.9295 -2.03248e+69
0.9305 -3.31491e+71
0.9315 -5.17787e+73
0.9325 -7.75062e+75
0.9335 -1.11243e+78
0.9345 -1.53173e+80
0.9355 -2.0243e+82
0.9365 -2.56884e+84
0.9375 -3.13139e+86
0.9385 -3.668e+88
0.9395 -4.13003e+90
0.9405 -4.47128e+92
0.9415 -4.65556e+94
0.9425 -4.66307e+96
0.9435 -4.49377e+98
0.9445 -4.16733e+100
0.9455 -3.71938e+102
0.9465 -3.19514e+104
0.9475 -2.64211e+106
0.9485 -2.10314e+108
0.9495 -1.61159e+110
0.9505 -1.18878e+112
0.9515 -8.44098e+113
0.9525 -5.769e+115
0.9535 -3.79476e+117
0.9545 -2.40209e+119
0.9555 -1.46303e+121
0.9565 -8.5722e+122
0.9575 -4.83079e+124
0.9585 -2.61773e+126
0.9595 -1.36362e+128
0.9605 -6.82631e+129
0.9615 -3.28289e+131
0.9625 -1.51614e+133
0.9635 -6.72124e+134
0.9645 -2.85883e+136
0.9655 -1.1661e+138
0.9665 -4.5588e+139
0.9675 -1.70716e+141
0.9685 -6.11956e+142
0.9695 -2.09836e+144
0.9705 -6.87724e+145
0.9715 -2.15257e+147
0.9725 -6.42845e+148
0.9735 -1.82988e+150
0.9745 -4.95931e+151
0.9755 -1.27811e+153
0.9765 -3.12794e+154
0.9775 -7.25798e+155
0.9785 -1.59386e+157
0.9795 -3.30542e+158
0.9805 -6.45652e+159
0.9815 -1.18387e+161
0.9825 -2.02863e+162
0.9835 -3.22828e+163
0.9845 -4.72702e+164
0.9855 -6.2756e+165
0.9865 -7.36001e+166
0.9875 -7.01286e+167
0.9885 -5.00606e+168
0.9895 -1.41974e+168
0.9905 7.23355e+170
0.9915 1.58754e+172
0.9925 2.34959e+173
0.9935 2.76077e+174
0.9945 2.67844e+175
0.9955 2.15747e+176
0.9965 1.42686e+177
0.9975 7.5611e+177
0.9985 3.08305e+178
0.9995 9.04066e+178

# time= 1
0.0005 7.51954e+266
0.0015 4.20237e+266
0.0025 1.34302e+266
0.0035 3.38765e+265
0.0045 6.19412e+264
0.0055 8.94836e+263
0.0065 1.06564e+263
0.0075 1.07416e+262
0.0085 9.33907e+260
0.0095 7.10508e+259
0.0105 4.78418e+258
0.0115 2.87754e+257
0.0125 1.5578e+256
0.0135 7.63891e+254
0.0145 3.41119e+253
0.0155 1.39354e+252
0.0165 5.22843e+250
0.0175 1.80771e+249
0.0185 5.77652e+247
0.0195 1.71036e+246
0.0205 4.70278e+244
0.0215 1.20311e+243
0.0225 2.86857e+241
0.0235 6.3836e+239
0.0245 1.32753e+238
0.0255 2.58266e+236
0.0265 4.70456e+234
0.0275 8.03009e+232
0.0285 1.28507e+231
0.0295 1.929e+229
0.0305 2.71691e+227
0.0315 3.59117e+225
0.0325 4.45489e+223
0.0335 5.18618e+221
0.0345 5.66476e+219
0.0355 5.80355e+217
0.0365 5.5742e+215
0.0375 5.01629e+213
0.0385 4.22636e+211
0.0395 3.3307e+209
0.0405 2.45254e+207
0.0415 1.68522e+205
0.0425 1.07897e+203
0.0435 6.42585e+200
0.0445 3.55274e+198
0.0455 1.81936e+196
0.0465 8.60715e+193
0.0475 3.75039e+191
0.0485 1.49987e+189
0.0495 5.4831e+186
0.0505 1.82361e+184
0.0515 5.48709e+181
0.0525 1.48373e+179
0.0535 3.57661e+176
0.0545 7.61037e+173
0.0555 1.41187e+171
0.0565 2.2478e+168
0.0575 3.00729e+165
0.0585 3.28398e+162
0.0595 2.80372e+159
0.0605 1.7446e+156
0.0615 6.90772e+152
0.0625 1.18062e+149
0.0635 -8.85525e+144
0.0645 6.81014e+140
0.0655 5.05584e+136
0.0665 5.88405e+134
0.0675 3.24109e+132
0.0685 1.70948e+130
0.0695 8.56734e+127
0.0705 4.07541e+125
0.0715 1.83772e+123
0.0725 7.84443e+120
0.0735 3.16474e+118
0.0745 1.20467e+116
0.0755 4.31839e+113
0.0765 1.45475e+111
0.0775 4.59458e+108
0.0785 1.35691e+106
0.0795 3.73587e+103
0.0805 9.54829e+100
0.0815 2.22586e+98
0.0825 3.61655e+95
0.0835 -3.5457e+93
0.0845 -1.50834e+92
0.0855 -5.05139e+90
0.0865 -1.6467e+89
0.0875 -5.27947e+87
0.0885 -1.66576e+86
0.0895 -5.17293e+84
0.0905 -1.58128e+83
0.0915 -4.75855e+81
0.0925 -1.40986e+80
0.0935 -4.11295e+78
0.0945 -1.18154e+77
0.0955 -3.34272e+75
0.0965 -9.31422e+73
0.0975 -2.55637e+72
0.0985 -6.91144e+70
0.0995 -1.84084e+69
0.1005 -4.83056e+67
0.1015 -1.24896e+66
0.1025 -3.182e+64
0.1035 -7.98882e+62
0.1045 -1.97663e+61
0.1055 -4.82014e+59
0.1065 -1.15854e+58
0.1075 -2.7448e+56
0.1085 -6.41034e+54
0.1095 -1.47588e+53
0.1105 -3.34997e+51
0.1115 -7.49688e+49
0.1125 -1.65421e+48
0.1135 -3.5991e+46
0.1145 -7.72169e+44
0.1155 -1.63368e+43
0.1165 -3.40864e+41
0.1175 -7.01408e+39
0.1185 -1.4235e+38
0.1195 -2.84943e+36
0.1205 -5.62589e+34
0.1215 -1.09566e+33
0.1225 -2.10487e+31
0.1235 -3.98895e+29
0.1245 -7.45745e+27
0.1255 -1.37542e+26
0.1265 -2.50268e+24
0.1275 -4.49281e+22
0.1285 -7.95763e+20
0.1295 -1.39064e+19
0.1305 -2.39787e+17
0.1315 -4.07968e+15
0.1325 -6.84899e+13
0.1335 -1.13459e+12
0.1345 -1.85468e+10
0.1355 -2.99178e+08
0.1365 -4.76242e+06
0.1375 -74811.4
0.1385 -1158.77
0.1395 -16.7433
0.1405 0.732023
0.1415 0.995899
0.1425 0.999791
0.1435 0.999827
0.1445 0.999862
0.1455 1.00003
0.1465 1.00021
0.1475 1.00025
0.1485 1.00021
0.1495 1.00002
0.1505 0.999802
0.1515 0.999715
0.1525 0.999689
0.1535 0.999732
0.1545 0.999874
0.1555 1
0.1565 1.00005
0.1575 1.00006
0.1585 1.00002
0.1595 0.999971
0.1605 0.99996
0.1615 0.999957
0.1625 0.999952
0.1635 0.999947
0.1645 0.999945
0.1655 0.999948
0.1665 0.999951
0.1675 0.99995
0.1685 0.999947
0.1695 0.999947
0.1705 0.99995
0.1715 0.999953
0.1725 0.999952
0.1735 0.999949
0.1745 0.999949
0.1755 0.999952
0.1765 0.999953
0.1775 0.999952
0.1785 0.99995
0.1795 0.999949
0.1805 0.999951
0.1815 0.999952
0.1825 0.999951
0.1835 0.999949
0.1845 0.999948
0.1855 0.99995
0.1865 0.99995
0.1875 0.99995
0.1885 0.999948
0.1895 0.999948
0.1905 0.999949
0.1915 0.99995
0.1925 0.99995
0.1935 0.999949
0.1945 0.999949
0.1955 0.99995
0.1965 0.999951
0.1975 0.99995
0.1985 0.999949
0.1995 0.999948
0.2005 0.999948
0.2015 0.999948
0.2025 0.999947
0.2035 0.999946
0.2045 0.999944
0.2055 0.999944
0.2065 0.999944
0.2075 0.999944
0.2085 0.999943
0.2095 0.999941
0.2105 0.999941
0.2115 0.999941
0.2125 0.999942
0.2135 0.999942
0.2145 0.999942
0.2155 0.999942
0.2165 0.999941
0.2175 0.999942
0.2185 0.999942
0.2195 0.999941
0.2205 0.999939
0.2215 0.999938
0.2225 0.999938
0.2235 0.999938
0.2245 0.999937
0.2255 0.999936
0.2265 0.999935
0.2275 0.999937
0.2285 0.999938
0.2295 0.999938
0.2305 0.999937
0.2315 0.999937
0.2325 0.999939
0.2335 0.999939
0.2345 0.999938
0.2355 0.999937
0.2365 0.999935
0.2375 0.999935
0.2385 0.999934
0.2395 0.999932
0.2405 0.999929
0.2415 0.999927
0.2425 0.999926
0.2435 0.999924
0.2445 0.999922
0.2455 0.99992
0.2465 0.999918
0.2475 0.999919
0.2485 0.999919
0.2495 0.999918
0.2505 0.999917
0.2515 0.999916
0.2525 0.999916
0.2535 0.999916
0.2545 0.999915
0.2555 0.999913
0.2565 0.99991
0.2575 0.999908
0.2585 0.999907
0.2595 0.999905
0.2605 0.999904
0.2615 0.999901
0.2625 0.9999
0.2635 0.999899
0.2645 0.999898
0.2655 0.999896
0.2665 0.999893
0.2675 0.999889
0.2685 0.999888
0.2695 0.999886
0.2705 0.999882
0.2715 0.999877
0.2725 0.99987
0.2735 0.999865
0.2745 0.99986
0.2755 0.999851
0.2765 0.999836
0.2775 0.999808
0.2785 0.999767
0.2795 0.999701
0.2805 0.999594
0.2815 0.999426
0.2825 0.999156
0.2835 0.99875
0.2845 0.998135
0.2855 0.997201
0.2865 0.995796
0.2875 0.993705
0.2885 0.990658
0.2895 0.986262
0.2905 0.980004
0.2915 0.971236
0.2925 0.959151
0.2935 0.94287
0.2945 0.92223
0.2955 0.896931
0.2965 0.867679
0.2975 0.835762
0.2985 0.802169
0.2995 0.767845
0.3005 0.732619
0.3015 0.697619
0.3025 0.664083
0.3035 0.632164
0.3045 0.602921
0.3055 0.577705
0.3065 0.557124
0.3075 0.540836
0.3085 0.528747
0.3095 0.519974
0.3105 0.513712
0.3115 0.509314
0.3125 0.506267
0.3135 0.504176
0.3145 0.502769
0.3155 0.501833
0.3165 0.501219
0.3175 0.500817
0.3185 0.500548
0.3195 0.500373
0.3205 0.50026
0.3215 0.500196
0.3225 0.50016
0.3235 0.500134
0.3245 0.500117
0.3255 0.500106
0.3265 0.500102
0.3275 0.500099
0.3285 0.500093
0.3295 0.500086
0.3305 0.500081
0.3315 0.500079
0.3325 0.50008
0.3335 0.500077
0.3345 0.500072
0.3355 0.500067
0.3365 0.500066
0.3375 0.500068
0.3385 0.500068
0.3395 0.500062
0.3405 0.500056
0.3415 0.500054
0.3425 0.500058
0.3435 0.500059
0.3445 0.500052
0.3455 0.500046
0.3465 0.500045
0.3475 0.500051
0.3485 0.500054
0.3495 0.50005
0.3505 0.500044
0.3515 0.500044
0.3525 0.50005
0.3535 0.500055
0.3545 0.50005
0.3555 0.500043
0.3565 0.500041
0.3575 0.500046
0.3585 0.500049
0.3595 0.500042
0.3605 0.500033
0.3615 0.50003
0.3625 0.500036
0.3635 0.500041
0.3645 0.500034
0.3655 0.500025
0.3665 0.500023
0.3675 0.500032
0.3685 0.500038
0.3695 0.500032
0.3705 0.500024
0.3715 0.500023
0.3725 0.50003
0.3735 0.500036
0.3745 0.500029
0.3755 0.500019
0.3765 0.500018
0.3775 0.500025
0.3785 0.500031
0.3795 0.500024
0.3805 0.500014
0.3815 0.500012
0.3825 0.50002
0.3835 0.500025
0.3845 0.500019
0.3855 0.500009
0.3865 0.500007
0.3875 0.500017
0.3885 0.500024
0.3895 0.500017
0.3905 0.500008
0.3915 0.500006
0.3925 0.500016
0.3935 0.500023
0.3945 0.500016
0.3955 0.500007
0.3965 0.500005
0.3975 0.500015
0.3985 0.500022
0.3995 0.500016
0.4005 0.500006
0.4015 0.500004
0.4025 0.500015
0.4035 0.500023
0.4045 0.500017
0.4055 0.500007
0.4065 0.500005
0.4075 0.500016
0.4085 0.500023
0.4095 0.500017
0.4105 0.500007
0.4115 0.500005
0.4125 0.500014
0.4135 0.500021
0.4145 0.500015
0.4155 0.500005
0.4165 0.500001
0.4175 0.50001
0.4185 0.500017
0.4195 0.500011
0.4205 0.5
0.4215 0.499997
0.4225 0.500006
0.4235 0.500014
0.4245 0.500008
0.4255 0.499998
0.4265 0.499995
0.4275 0.500005
0.4285 0.500012
0.4295 0.500007
0.4305 0.499998
0.4315 0.499995
0.4325 0.500004
0.4335 0.500009
0.4345 0.500004
0.4355 0.499994
0.4365 0.49999
0.4375 0.500005
0.4385 0.50002
0.4395 0.500023
0.4405 0.500033
0.4415 0.500061
0.4425 0.500107
0.4435 0.500192
0.4445 0.500263
0.4455 0.500292
0.4465 0.500298
0.4475 0.500277
0.4485 0.50022
0.4495 0.500068
0.4505 0.499889
0.4515 0.499791
0.4525 0.49973
0.4535 0.499704
0.4545 0.499707
0.4555 0.499733
0.4565 0.499802
0.4575 0.499884
0.4585 0.499932
0.4595 0.49996
0.4605 0.49997
0.4615 0.499974
0.4625 0.49999
0.4635 0.500004
0.4645 0.500001
0.4655 0.499992
0.4665 0.499986
0.4675 0.499992
0.4685 0.5
0.4695 0.499998
0.4705 0.49999
0.4715 0.499985
0.4725 0.499992
0.4735 0.500001
0.4745 0.499999
0.4755 0.49999
0.4765 0.499985
0.4775 0.499992
0.4785 0.500001
0.4795 0.499998
0.4805 0.499988
0.4815 0.499982
0.4825 0.499988
0.4835 0.499996
0.4845 0.499994
0.4855 0.499983
0.4865 0.499976
0.4875 0.499982
0.4885 0.499987
0.4895 0.499975
0.4905 0.499949
0.4915 0.499912
0.4925 0.499855
0.4935 0.4998
0.4945 0.499697
0.4955 0.499596
0.4965 0.499583
0.4975 0.499622
0.4985 0.499702
0.4995 0.499895
0.5005 0.500105
0.5015 0.500238
0.5025 0.500341
0.5035 0.500376
0.5045 0.500361
0.5055 0.500271
0.5065 0.500167
0.5075 0.500105
0.5085 0.500051
0.5095 0.500015
0.5105 0.49999
0.5115 0.499977
0.5125 0.499978
0.5135 0.499983
0.5145 0.499982
0.5155 0.499974
0.5165 0.499968
0.5175 0.499973
0.5185 0.49998
0.5195 0.499979
0.5205 0.49997
0.5215 0.499964
0.5225 0.499968
0.5235 0.499975
0.5245 0.499974
0.5255 0.499966
0.5265 0.49996
0.5275 0.499965
0.5285 0.499971
0.5295 0.499971
0.5305 0.499964
0.5315 0.499959
0.5325 0.499964
0.5335 0.499971
0.5345 0.49997
0.5355 0.499963
0.5365 0.499957
0.5375 0.499961
0.5385 0.499965
0.5395 0.499963
0.5405 0.499956
0.5415 0.49995
0.5425 0.499952
0.5435 0.499955
0.5445 0.499954
0.5455 0.499948
0.5465 0.499943
0.5475 0.499947
0.5485 0.499951
0.5495 0.499951
0.5505 0.499947
0.5515 0.499943
0.5525 0.499946
0.5535 0.499949
0.5545 0.499948
0.5555 0.499943
0.5565 0.499938
0.5575 0.499937
0.5585 0.499939
0.5595 0.499937
0.5605 0.499933
0.5615 0.499928
0.5625 0.499927
0.5635 0.499928
0.5645 0.499927
0.5655 0.499923
0.5665 0.499918
0.5675 0.499915
0.5685 0.499915
0.5695 0.499914
0.5705 0.499909
0.5715 0.499903
0.5725 0.499896
0.5735 0.499893
0.5745 0.499888
0.5755 0.499877
0.5765 0.49986
0.5775 0.499831
0.5785 0.499793
0.5795 0.49973
0.5805 0.499621
0.5815 0.499448
0.5825 0.499178
0.5835 0.498775
0.5845 0.49816
0.5855 0.497224
0.5865 0.495819
0.5875 0.493729
0.5885 0.490688
0.5895 0.486299
0.5905 0.480048
0.5915 0.471294
0.5925 0.459218
0.5935 0.442993
0.5945 0.422287
0.5955 0.39685
0.5965 0.367586
0.5975 0.335666
0.5985 0.302075
0.5995 0.267759
0.6005 0.232657
0.6015 0.197774
0.6025 0.164261
0.6035 0.132343
0.6045 0.103088
0.6055 0.077721
0.6065 0.0570484
0.6075 0.0408124
0.6085 0.0287359
0.6095 0.0199765
0.6105 0.013725
0.6115 0.00933237
0.6125 0.00628923
0.6135 0.00419943
0.6145 0.00279458
0.6155 0.00185899
0.6165 0.00124521
0.6175 0.00084167
0.6185 0.000570796
0.6195 0.000397057
0.6205 0.000287811
0.6215 0.000224254
0.6225 0.000185975
0.6235 0.000158478
0.6245 0.000141946
0.6255 0.000131044
0.6265 0.000126023
0.6275 0.000123605
0.6285 0.000118503
0.6295 0.000112754
0.6305 0.000107298
0.6315 0.000104803
0.6325 0.000104707
0.6335 0.000102573
0.6345 9.76052e-05
0.6355 9.25141e-05
0.6365 8.96521e-05
0.6375 8.82485e-05
0.6385 8.2247e-05
0.6395 6.81463e-05
0.6405 4.05705e-05
0.6415 9.16896e-06
0.6425 -6.11102e-06
0.6435 2.86575e-06
0.6445 4.18991e-05
0.6455 0.000143252
0.6465 0.000244235
0.6475 0.000271825
0.6485 0.000243471
0.6495 0.00012353
0.6505 -1.80175e-05
0.6515 -9.51632e-05
0.6525 -0.000121323
0.6535 -8.96204e-05
0.6545 1.59246e-05
0.6555 0.000115891
0.6565 0.000152025
0.6575 0.000161098
0.6585 0.000143508
0.6595 0.000109538
0.6605 8.2791e-05
0.6615 6.88128e-05
0.6625 6.47211e-05
0.6635 6.37683e-05
0.6645 5.70851e-05
0.6655 5.08627e-05
0.6665 4.947e-05
0.6675 5.52161e-05
0.6685 6.02147e-05
0.6695 5.61491e-05
0.6705 5.08077e-05
0.6715 4.98382e-05
0.6725 5.54376e-05
0.6735 5.97081e-05
0.6745 5.49704e-05
0.6755 4.83552e-05
0.6765 4.64875e-05
0.6775 5.17874e-05
0.6785 5.58818e-05
0.6795 5.07611e-05
0.6805 4.35925e-05
0.6815 4.14834e-05
0.6825 4.71611e-05
0.6835 5.17212e-05
0.6845 4.69854e-05
0.6855 4.03306e-05
0.6865 3.89507e-05
0.6875 4.55189e-05
0.6885 5.05917e-05
0.6895 4.6538e-05
0.6905 4.01838e-05
0.6915 3.8323e-05
0.6925 4.45887e-05
0.6935 4.9403e-05
0.6945 4.52177e-05
0.6955 3.85938e-05
0.6965 3.64819e-05
0.6975 4.29683e-05
0.6985 4.80894e-05
0.6995 4.41553e-05
0.7005 3.76503e-05
0.7015 3.53942e-05
0.7025 4.18918e-05
0.7035 4.71113e-05
0.7045 4.33732e-05
0.7055 3.70763e-05
0.7065 3.4958e-05
0.7075 4.12917e-05
0.7085 4.63101e-05
0.7095 4.26645e-05
0.7105 3.6404e-05
0.7115 3.42162e-05
0.7125 4.00238e-05
0.7135 4.45436e-05
0.7145 4.07945e-05
0.7155 3.43319e-05
0.7165 3.16823e-05
0.7175 3.67973e-05
0.7185 4.08969e-05
0.7195 3.72886e-05
0.7205 3.09964e-05
0.7215 2.80199e-05
0.7225 3.38915e-05
0.7235 3.93735e-05
0.7245 3.66309e-05
0.7255 3.14053e-05
0.7265 2.89166e-05
0.7275 3.46361e-05
0.7285 3.99694e-05
0.7295 3.74563e-05
0.7305 3.24898e-05
0.7315 3.00568e-05
0.7325 3.5315e-05
0.7335 4.03184e-05
0.7345 3.79686e-05
0.7355 3.32141e-05
0.7365 3.07799e-05
0.7375 3.55143e-05
0.7385 4.0462e-05
0.7395 3.8553e-05
0.7405 3.4286e-05
0.7415 3.19569e-05
0.7425 3.58689e-05
0.7435 4.02958e-05
0.7445 3.86331e-05
0.7455 3.46995e-05
0.7465 3.24256e-05
0.7475 3.47425e-05
0.7485 3.77291e-05
0.7495 3.63031e-05
0.7505 3.25546e-05
0.7515 3.01724e-05
0.7525 3.1196e-05
0.7535 3.30552e-05
0.7545 3.24127e-05
0.7555 2.97511e-05
0.7565 2.80098e-05
0.7575 2.89352e-05
0.7585 3.09186e-05
0.7595 3.14169e-05
0.7605 2.96963e-05
0.7615 2.84023e-05
0.7625 2.93614e-05
0.7635 3.13166e-05
0.7645 3.23574e-05
0.7655 3.17896e-05
0.7665 3.08822e-05
0.7675 3.12438e-05
0.7685 3.31522e-05
0.7695 3.46184e-05
0.7705 3.4404e-05
0.7715 3.33661e-05
0.7725 3.2907e-05
0.7735 3.37191e-05
0.7745 3.508e-05
0.7755 3.56187e-05
0.7765 3.38371e-05
0.7775 3.22178e-05
0.7785 3.2901e-05
0.7795 3.43275e-05
0.7805 3.48185e-05
0.7815 3.31404e-05
0.7825 3.10421e-05
0.7835 3.12166e-05
0.7845 3.28983e-05
0.7855 3.3922e-05
0.7865 3.29086e-05
0.7875 3.11073e-05
0.7885 3.00556e-05
0.7895 2.8118e-05
0.7905 2.14715e-05
0.7915 1.24883e-05
0.7925 1.59438e-05
0.7935 4.77305e-05
0.7945 0.000111969
0.7955 0.000278117
0.7965 0.00042207
0.7975 0.000434435
0.7985 0.00036855
0.7995 0.000234191
0.8005 -7.5092e-05
0.8015 -0.00034381
0.8025 -0.000417346
0.8035 -0.000402524
0.8045 -0.000225381
0.8055 -2.71683e-05
0.8065 3.38961e-05
0.8075 5.48542e-05
0.8085 5.14685e-05
0.8095 4.41807e-05
0.8105 4.03623e-05
0.8115 3.64603e-05
0.8125 3.29782e-05
0.8135 3.1783e-05
0.8145 3.39291e-05
0.8155 3.73418e-05
0.8165 3.81099e-05
0.8175 3.59017e-05
0.8185 3.46484e-05
0.8195 3.71894e-05
0.8205 4.12679e-05
0.8215 4.22133e-05
0.8225 3.8253e-05
0.8235 3.5364e-05
0.8245 3.7835e-05
0.8255 4.24869e-05
0.8265 4.37342e-05
0.8275 3.79651e-05
0.8285 3.34345e-05
0.8295 3.63229e-05
0.8305 4.21323e-05
0.8315 4.44268e-05
0.8325 3.72813e-05
0.8335 3.1158e-05
0.8345 3.46304e-05
0.8355 4.13113e-05
0.8365 4.41726e-05
0.8375 3.59711e-05
0.8385 2.84672e-05
0.8395 3.23203e-05
0.8405 3.97935e-05
0.8415 4.31799e-05
0.8425 3.46034e-05
0.8435 2.64743e-05
0.8445 3.09618e-05
0.8455 3.96665e-05
0.8465 4.40798e-05
0.8475 3.62148e-05
0.8485 2.83774e-05
0.8495 3.36745e-05
0.8505 4.35702e-05
0.8515 4.88442e-05
0.8525 4.13159e-05
0.8535 3.30663e-05
0.8545 3.8281e-05
0.8555 4.82641e-05
0.8565 5.30902e-05
0.8575 4.44735e-05
0.8585 1.41507e-06
0.8595 -0.00228998
0.8605 -0.156328
0.8615 -10.3586
0.8625 -677.171
0.8635 -43687.4
0.8645 -2.78143e+06
0.8655 -1.74754e+08
0.8665 -1.08349e+10
0.8675 -6.62906e+11
0.8685 -4.00221e+13
0.8695 -2.38429e+15
0.8705 -1.40158e+17
0.8715 -8.12958e+18
0.8725 -4.65261e+20
0.8735 -2.62719e+22
0.8745 -1.46366e+24
0.8755 -8.0451e+25
0.8765 -4.36264e+27
0.8775 -2.33389e+29
0.8785 -1.23172e+31
0.8795 -6.41247e+32
0.8805 -3.29311e+34
0.8815 -1.66816e+36
0.8825 -8.33494e+37
0.8835 -4.10755e+39
0.8845 -1.99646e+41
0.8855 -9.57009e+42
0.8865 -4.52407e+44
0.8875 -2.10902e+46
0.8885 -9.69499e+47
0.8895 -4.39449e+49
0.8905 -1.964e+51
0.8915 -8.65412e+52
0.8925 -3.75948e+54
0.8935 -1.61002e+56
0.8945 -6.79689e+57
0.8955 -2.82836e+59
0.8965 -1.16005e+61
0.8975 -4.68936e+62
0.8985 -1.86815e+64
0.8995 -7.33401e+65
0.9005 -2.83709e+67
0.9015 -1.08137e+69
0.9025 -4.06081e+70
0.9035 -1.50229e+72
0.9045 -5.47475e+73
0.9055 -1.9652e+75
0.9065 -6.94777e+76
0.9075 -2.41904e+78
0.9085 -8.29389e+79
0.9095 -2.79996e+81
0.9105 -9.30645e+82
0.9115 -3.04516e+84
0.9125 -9.80813e+85
0.9135 -3.10933e+87
0.9145 -9.70056e+88
0.9155 -2.97678e+90
0.9165 -8.90966e+91
0.9175 -2.19696e+93
0.9185 1.60695e+95
0.9195 1.07489e+98
0.9205 4.63868e+100
0.9215 1.8194e+103
0.9225 6.62152e+105
0.9235 2.24611e+108
0.9245 7.12325e+110
0.9255 2.11765e+113
0.9265 5.91543e+115
0.9275 1.55596e+118
0.9285 3.86121e+120
0.9295 9.05543e+122
0.9305 2.01018e+125
0.9315 4.22979e+127
0.9325 8.44738e+129
0.9335 1.60278e+132
0.9345 2.93125e+134
0.9355 -1.19975e+134
0.9365 6.72725e+140
0.9375 -8.85655e+144
0.9385 1.18062e+149
0.9395 6.90772e+152
0.9405 1.7446e+156
0.9415 2.80372e+159
0.9425 3.28398e+162
0.9435 3.00729e+165
0.9445 2.2478e+168
0.9455 1.41187e+171
0.9465 7.61037e+173
0.9475 3.57661e+176
0.9485 1.48373e+179
0.9495 5.48709e+181
0.9505 1.82361e+184
0.9515 5.4831e+186
0.9525 1.49987e+189
0.9535 3.75039e+191
0.9545 8.60715e+193
0.9555 1.81936e+196
0.9565 3.55274e+198
0.9575 6.42585e+200
0.9585 1.07897e+203
0.9595 1.68522e+205
0.9605 2.45254e+207
0.9615 3.3307e+209
0.9625 4.22636e+211
0.9635 5.01629e+213
0.9645 5.5742e+215
0.9655 5.80355e+217
0.9665 5.66476e+219
0.9675 5.18618e+221
0.9685 4.45489e+223
0.9695 3.59117e+225
0.9705 2.71691e+227
0.9715 1.929e+229
0.9725 1.28507e+231
0.9735 8.03009e+232
0.9745 4.70456e+234
0.9755 2.58266e+236
0.9765 1.32753e+238
0.9775 6.38358e+239
0.9785 2.86856e+241
0.9795 1.2031e+243
0.9805 4.70269e+244
0.9815 1.71029e+246
0.9825 5.77611e+247
0.9835 1.80748e+249
0.9845 5.22725e+250
0.9855 1.39299e+252
0.9865 3.40891e+253
0.9875 7.6303e+254
0.9885 1.55488e+256
0.9895 2.86872e+257
0.9905 4.76048e+258
0.9915 7.04894e+259
0.9925 9.22294e+260
0.9935 1.05343e+262
0.9945 1.03425e+263
0.9955 8.55511e+263
0.9965 5.80454e+264
0.9975 3.1126e+265
0.9985 1.24963e+266
0.9995 3.4518e+266
