
# time= 0
0.0005 1
0.0015 1
0.0025 1
0.0035 1
0.0045 1
0.0055 1
0.0065 1
0.0075 1
0.0085 1
0.0095 1
0.0105 1
0.0115 1
0.0125 1
0.0135 1
0.0145 1
0.0155 1
0.0165 1
0.0175 1
0.0185 1
0.0195 1
0.0205 1
0.0215 1
0.0225 1
0.0235 1
0.0245 1
0.0255 1
0.0265 1
0.0275 1
0.0285 1
0.0295 1
0.0305 1
0.0315 1
0.0325 1
0.0335 1
0.0345 1
0.0355 1
0.0365 1
0.0375 1
0.0385 1
0.0395 1
0.0405 1
0.0415 1
0.0425 1
0.0435 1
0.0445 1
0.0455 1
0.0465 1
0.0475 1
0.0485 1
0.0495 1
0.0505 1
0.0515 1
0.0525 1
0.0535 1
0.0545 1
0.0555 1
0.0565 1
0.0575 1
0.0585 1
0.0595 1
0.0605 1
0.0615 1
0.0625 1
0.0635 1
0.0645 1
0.0655 1
0.0665 1
0.0675 1
0.0685 1
0.0695 1
0.0705 1
0.0715 1
0.0725 1
0.0735 1
0.0745 1
0.0755 1
0.0765 1
0.0775 1
0.0785 1
0.0795 1
0.0805 1
0.0815 1
0.0825 1
0.0835 1
0.0845 1
0.0855 1
0.0865 1
0.0875 1
0.0885 1
0.0895 1
0.0905 1
0.0915 1
0.0925 1
0.0935 1
0.0945 1
0.0955 1
0.0965 1
0.0975 1
0.0985 1
0.0995 1
0.1005 1
0.1015 1
0.1025 1
0.1035 1
0.1045 1
0.1055 1
0.1065 1
0.1075 1
0.1085 1
0.1095 1
0.1105 1
0.1115 1
0.1125 1
0.1135 1
0.1145 1
0.1155 1
0.1165 1
0.1175 1
0.1185 1
0.1195 1
0.1205 1
0.1215 1
0.1225 1
0.1235 1
0.1245 1
0.1255 1
0.1265 1
0.1275 1
0.1285 1
0.1295 1
0.1305 1
0.1315 1
0.1325 1
0.1335 1
0.1345 1
0.1355 1
0.1365 1
0.1375 1
0.1385 1
0.1395 1
0.1405 1
0.1415 1
0.1425 1
0.1435 1
0.1445 1
0.1455 1
0.1465 1
0.1475 1
0.1485 1
0.1495 1
0.1505 1
0.1515 1
0.1525 1
0.1535 1
0.1545 1
0.1555 1
0.1565 1
0.1575 1
0.1585 1
0.1595 1
0.1605 1
0.1615 1
0.1625 1
0.1635 1
0.1645 1
0.1655 1
0.1665 1
0.1675 1
0.1685 1
0.1695 1
0.1705 1
0.1715 1
0.1725 1
0.1735 1
0.1745 1
0.1755 1
0.1765 1
0.1775 1
0.1785 1
0.1795 1
0.1805 1
0.1815 1
0.1825 1
0.1835 1
0.1845 1
0.1855 1
0.1865 1
0.1875 1
0.1885 1
0.1895 1
0.1905 1
0.1915 1
0.1925 1
0.1935 1
0.1945 1
0.1955 1
0.1965 1
0.1975 1
0.1985 1
0.1995 1
0.2005 1
0.2015 1
0.2025 1
0.2035 1
0.2045 1
0.2055 1
0.2065 1
0.2075 1
0.2085 1
0.2095 1
0.2105 1
0.2115 1
0.2125 1
0.2135 1
0.2145 1
0.2155 1
0.2165 1
0.2175 1
0.2185 1
0.2195 1
0.2205 1
0.2215 1
0.2225 1
0.2235 1
0.2245 1
0.2255 1
0.2265 1
0.2275 1
0.2285 1
0.2295 1
0.2305 1
0.2315 1
0.2325 1
0.2335 1
0.2345 1
0.2355 1
0.2365 1
0.2375 1
0.2385 1
0.2395 1
0.2405 1
0.2415 1
0.2425 1
0.2435 1
0.2445 1
0.2455 1
0.2465 1
0.2475 1
0.2485 1
0.2495 1
0.2505 1
0.2515 1
0.2525 1
0.2535 1
0.2545 1
0.2555 1
0.2565 1
0.2575 1
0.2585 1
0.2595 1
0.2605 1
0.2615 1
0.2625 1
0.2635 1
0.2645 1
0.2655 1
0.2665 1
0.2675 1
0.2685 1
0.2695 1
0.2705 1
0.2715 1
0.2725 1
0.2735 1
0.2745 1
0.2755 1
0.2765 1
0.2775 1
0.2785 1
0.2795 1
0.2805 1
0.2815 1
0.2825 1
0.2835 1
0.2845 1
0.2855 1
0.2865 1
0.2875 1
0.2885 1
0.2895 1
0.2905 1
0.2915 1
0.2925 1
0.2935 1
0.2945 1
0.2955 1
0.2965 1
0.2975 1
0.2985 1
0.2995 1
0.3005 0.5
0.3015 0.5
0.3025 0.5
0.3035 0.5
0.3045 0.5
0.3055 0.5
0.3065 0.5
0.3075 0.5
0.3085 0.5
0.3095 0.5
0.3105 0.5
0.3115 0.5
0.3125 0.5
0.3135 0.5
0.3145 0.5
0.3155 0.5
0.3165 0.5
0.3175 0.5
0.3185 0.5
0.3195 0.5
0.3205 0.5
0.3215 0.5
0.3225 0.5
0.3235 0.5
0.3245 0.5
0.3255 0.5
0.3265 0.5
0.3275 0.5
0.3285 0.5
0.3295 0.5
0.3305 0.5
0.3315 0.5
0.3325 0.5
0.3335 0.5
0.3345 0.5
0.3355 0.5
0.3365 0.5
0.3375 0.5
0.3385 0.5
0.3395 0.5
0.3405 0.5
0.3415 0.5
0.3425 0.5
0.3435 0.5
0.3445 0.5
0.3455 0.5
0.3465 0.5
0.3475 0.5
0.3485 0.5
0.3495 0.5
0.3505 0.5
0.3515 0.5
0.3525 0.5
0.3535 0.5
0.3545 0.5
0.3555 0.5
0.3565 0.5
0.3575 0.5
0.3585 0.5
0.3595 0.5
0.3605 0.5
0.3615 0.5
0.3625 0.5
0.3635 0.5
0.3645 0.5
0.3655 0.5
0.3665 0.5
0.3675 0.5
0.3685 0.5
0.3695 0.5
0.3705 0.5
0.3715 0.5
0.3725 0.5
0.3735 0.5
0.3745 0.5
0.3755 0.5
0.3765 0.5
0.3775 0.5
0.3785 0.5
0.3795 0.5
0.3805 0.5
0.3815 0.5
0.3825 0.5
0.3835 0.5
0.3845 0.5
0.3855 0.5
0.3865 0.5
0.3875 0.5
0.3885 0.5
0.3895 0.5
0.3905 0.5
0.3915 0.5
0.3925 0.5
0.3935 0.5
0.3945 0.5
0.3955 0.5
0.3965 0.5
0.3975 0.5
0.3985 0.5
0.3995 0.5
0.4005 0.5
0.4015 0.5
0.4025 0.5
0.4035 0.5
0.4045 0.5
0.4055 0.5
0.4065 0.5
0.4075 0.5
0.4085 0.5
0.4095 0.5
0.4105 0.5
0.4115 0.5
0.4125 0.5
0.4135 0.5
0.4145 0.5
0.4155 0.5
0.4165 0.5
0.4175 0.5
0.4185 0.5
0.4195 0.5
0.4205 0.5
0.4215 0.5
0.4225 0.5
0.4235 0.5
0.4245 0.5
0.4255 0.5
0.4265 0.5
0.4275 0.5
0.4285 0.5
0.4295 0.5
0.4305 0.5
0.4315 0.5
0.4325 0.5
0.4335 0.5
0.4345 0.5
0.4355 0.5
0.4365 0.5
0.4375 0.5
0.4385 0.5
0.4395 0.5
0.4405 0.5
0.4415 0.5
0.4425 0.5
0.4435 0.5
0.4445 0.5
0.4455 0.5
0.4465 0.5
0.4475 0.5
0.4485 0.5
0.4495 0.5
0.4505 0.5
0.4515 0.5
0.4525 0.5
0.4535 0.5
0.4545 0.5
0.4555 0.5
0.4565 0.5
0.4575 0.5
0.4585 0.5
0.4595 0.5
0.4605 0.5
0.4615 0.5
0.4625 0.5
0.4635 0.5
0.4645 0.5
0.4655 0.5
0.4665 0.5
0.4675 0.5
0.4685 0.5
0.4695 0.5
0.4705 0.5
0.4715 0.5
0.4725 0.5
0.4735 0.5
0.4745 0.5
0.4755 0.5
0.4765 0.5
0.4775 0.5
0.4785 0.5
0.4795 0.5
0.4805 0.5
0.4815 0.5
0.4825 0.5
0.4835 0.5
0.4845 0.5
0.4855 0.5
0.4865 0.5
0.4875 0.5
0.4885 0.5
0.4895 0.5
0.4905 0.5
0.4915 0.5
0.4925 0.5
0.4935 0.5
0.4945 0.5
0.4955 0.5
0.4965 0.5
0.4975 0.5
0.4985 0.5
0.4995 0.5
0.5005 0.5
0.5015 0.5
0.5025 0.5
0.5035 0.5
0.5045 0.5
0.5055 0.5
0.5065 0.5
0.5075 0.5
0.5085 0.5
0.5095 0.5
0.5105 0.5
0.5115 0.5
0.5125 0.5
0.5135 0.5
0.5145 0.5
0.5155 0.5
0.5165 0.5
0.5175 0.5
0.5185 0.5
0.5195 0.5
0.5205 0.5
0.5215 0.5
0.5225 0.5
0.5235 0.5
0.5245 0.5
0.5255 0.5
0.5265 0.5
0.5275 0.5
0.5285 0.5
0.5295 0.5
0.5305 0.5
0.5315 0.5
0.5325 0.5
0.5335 0.5
0.5345 0.5
0.5355 0.5
0.5365 0.5
0.5375 0.5
0.5385 0.5
0.5395 0.5
0.5405 0.5
0.5415 0.5
0.5425 0.5
0.5435 0.5
0.5445 0.5
0.5455 0.5
0.5465 0.5
0.5475 0.5
0.5485 0.5
0.5495 0.5
0.5505 0.5
0.5515 0.5
0.5525 0.5
0.5535 0.5
0.5545 0.5
0.5555 0.5
0.5565 0.5
0.5575 0.5
0.5585 0.5
0.5595 0.5
0.5605 0.5
0.5615 0.5
0.5625 0.5
0.5635 0.5
0.5645 0.5
0.5655 0.5
0.5665 0.5
0.5675 0.5
0.5685 0.5
0.5695 0.5
0.5705 0.5
0.5715 0.5
0.5725 0.5
0.5735 0.5
0.5745 0.5
0.5755 0.5
0.5765 0.5
0.5775 0.5
0.5785 0.5
0.5795 0.5
0.5805 0.5
0.5815 0.5
0.5825 0.5
0.5835 0.5
0.5845 0.5
0.5855 0.5
0.5865 0.5
0.5875 0.5
0.5885 0.5
0.5895 0.5
0.5905 0.5
0.5915 0.5
0.5925 0.5
0.5935 0.5
0.5945 0.5
0.5955 0.5
0.5965 0.5
0.5975 0.5
0.5985 0.5
0.5995 0.5
0.6005 0
0.6015 0
0.6025 0
0.6035 0
0.6045 0
0.6055 0
0.6065 0
0.6075 0
0.6085 0
0.6095 0
0.6105 0
0.6115 0
0.6125 0
0.6135 0
0.6145 0
0.6155 0
0.6165 0
0.6175 0
0.6185 0
0.6195 0
0.6205 0
0.6215 0
0.6225 0
0.6235 0
0.6245 0
0.6255 0
0.6265 0
0.6275 0
0.6285 0
0.6295 0
0.6305 0
0.6315 0
0.6325 0
0.6335 0
0.6345 0
0.6355 0
0.6365 0
0.6375 0
0.6385 0
0.6395 0
0.6405 0
0.6415 0
0.6425 0
0.6435 0
0.6445 0
0.6455 0
0.6465 0
0.6475 0
0.6485 0
0.6495 0
0.6505 0
0.6515 0
0.6525 0
0.6535 0
0.6545 0
0.6555 0
0.6565 0
0.6575 0
0.6585 0
0.6595 0
0.6605 0
0.6615 0
0.6625 0
0.6635 0
0.6645 0
0.6655 0
0.6665 0
0.6675 0
0.6685 0
0.6695 0
0.6705 0
0.6715 0
0.6725 0
0.6735 0
0.6745 0
0.6755 0
0.6765 0
0.6775 0
0.6785 0
0.6795 0
0.6805 0
0.6815 0
0.6825 0
0.6835 0
0.6845 0
0.6855 0
0.6865 0
0.6875 0
0.6885 0
0.6895 0
0.6905 0
0.6915 0
0.6925 0
0.6935 0
0.6945 0
0.6955 0
0.6965 0
0.6975 0
0.6985 0
0.6995 0
0.7005 0
0.7015 0
0.7025 0
0.7035 0
0.7045 0
0.7055 0
0.7065 0
0.7075 0
0.7085 0
0.7095 0
0.7105 0
0.7115 0
0.7125 0
0.7135 0
0.7145 0
0.7155 0
0.7165 0
0.7175 0
0.7185 0
0.7195 0
0.7205 0
0.7215 0
0.7225 0
0.7235 0
0.7245 0
0.7255 0
0.7265 0
0.7275 0
0.7285 0
0.7295 0
0.7305 0
0.7315 0
0.7325 0
0.7335 0
0.7345 0
0.7355 0
0.7365 0
0.7375 0
0.7385 0
0.7395 0
0.7405 0
0.7415 0
0.7425 0
0.7435 0
0.7445 0
0.7455 0
0.7465 0
0.7475 0
0.7485 0
0.7495 0
0.7505 0
0.7515 0
0.7525 0
0.7535 0
0.7545 0
0.7555 0
0.7565 0
0.7575 0
0.7585 0
0.7595 0
0.7605 0
0.7615 0
0.7625 0
0.7635 0
0.7645 0
0.7655 0
0.7665 0
0.7675 0
0.7685 0
0.7695 0
0.7705 0
0.7715 0
0.7725 0
0.7735 0
0.7745 0
0.7755 0
0.7765 0
0.7775 0
0.7785 0
0.7795 0
0.7805 0
0.7815 0
0.7825 0
0.7835 0
0.7845 0
0.7855 0
0.7865 0
0.7875 0
0.7885 0
0.7895 0
0.7905 0
0.7915 0
0.7925 0
0.7935 0
0.7945 0
0.7955 0
0.7965 0
0.7975 0
0.7985 0
0.7995 0
0.8005 0
0.8015 0
0.8025 0
0.8035 0
0.8045 0
0.8055 0
0.8065 0
0.8075 0
0.8085 0
0.8095 0
0.8105 0
0.8115 0
0.8125 0
0.8135 0
0.8145 0
0.8155 0
0.8165 0
0.8175 0
0.8185 0
0.8195 0
0.8205 0
0.8215 0
0.8225 0
0.8235 0
0.8245 0
0.8255 0
0.8265 0
0.8275 0
0.8285 0
0.8295 0
0.8305 0
0.8315 0
0.8325 0
0.8335 0
0.8345 0
0.8355 0
0.8365 0
0.8375 0
0.8385 0
0.8395 0
0.8405 0
0.8415 0
0.8425 0
0.8435 0
0.8445 0
0.8455 0
0.8465 0
0.8475 0
0.8485 0
0.8495 0
0.8505 0
0.8515 0
0.8525 0
0.8535 0
0.8545 0
0.8555 0
0.8565 0
0.8575 0
0.8585 0
0.8595 0
0.8605 0
0.8615 0
0.8625 0
0.8635 0
0.8645 0
0.8655 0
0.8665 0
0.8675 0
0.8685 0
0.8695 0
0.8705 0
0.8715 0
0.8725 0
0.8735 0
0.8745 0
0.8755 0
0.8765 0
0.8775 0
0.8785 0
0.8795 0
0.8805 0
0.8815 0
0.8825 0
0.8835 0
0.8845 0
0.8855 0
0.8865 0
0.8875 0
0.8885 0
0.8895 0
0.8905 0
0.8915 0
0.8925 0
0.8935 0
0.8945 0
0.8955 0
0.8965 0
0.8975 0
0.8985 0
0.8995 0
0.9005 0
0.9015 0
0.9025 0
0.9035 0
0.9045 0
0.9055 0
0.9065 0
0.9075 0
0.9085 0
0.9095 0
0.9105 0
0.9115 0
0.9125 0
0.9135 0
0.9145 0
0.9155 0
0.9165 0
0.9175 0
0.9185 0
0.9195 0
0.9205 0
0.9215 0
0.9225 0
0.9235 0
0.9245 0
0.9255 0
0.9265 0
0.9275 0
0.9285 0
0.9295 0
0.9305 0
0.9315 0
0.9325 0
0.9335 0
0.9345 0
0.9355 0
0.9365 0
0.9375 0
0.9385 0
0.9395 0
0.9405 0
0.9415 0
0.9425 0
0.9435 0
0.9445 0
0.9455 0
0.9465 0
0.9475 0
0.9485 0
0.9495 0
0.9505 0
0.9515 0
0.9525 0
0.9535 0
0.9545 0
0.9555 0
0.9565 0
0.9575 0
0.9585 0
0.9595 0
0.9605 0
0.9615 0
0.9625 0
0.9635 0
0.9645 0
0.9655 0
0.9665 0
0.9675 0
0.9685 0
0.9695 0
0.9705 0
0.9715 0
0.9725 0
0.9735 0
0.9745 0
0.9755 0
0.9765 0
0.9775 0
0.9785 0
0.9795 0
0.9805 0
0.9815 0
0.9825 0
0.9835 0
0.9845 0
0.9855 0
0.9865 0
0.9875 0
0.9885 0
0.9895 0
0.9905 0
0.9915 0
0.9925 0
0.9935 0
0.9945 0
0.9955 0
0.9965 0
0.9975 0
0.9985 0
0.9995 0

# time= 0.25
0.0005 0.516338
0.0015 0.531459
0.0025 0.542078
0.0035 0.546849
0.0045 0.546801
0.0055 0.543202
0.0065 0.532053
0.0075 0.521325
0.0085 0.514913
0.0095 0.509915
0.0105 0.506804
0.0115 0.50455
0.0125 0.50324
0.0135 0.502393
0.0145 0.501974
0.0155 0.501862
0.0165 0.501958
0.0175 0.502401
0.0185 0.502766
0.0195 0.50264
0.0205 0.502074
0.0215 0.501014
0.0225 0.498061
0.0235 0.495134
0.0245 0.494315
0.0255 0.494357
0.0265 0.495375
0.0275 0.496767
0.0285 0.497657
0.0295 0.498124
0.0305 0.498342
0.0315 0.498638
0.0325 0.499272
0.0335 0.501326
0.0345 0.503517
0.0355 0.50425
0.0365 0.504486
0.0375 0.504211
0.0385 0.503532
0.0395 0.502253
0.0405 0.501201
0.0415 0.50086
0.0425 0.500842
0.0435 0.500701
0.0445 0.497306
0.0455 0.484083
0.0465 0.447835
0.0475 0.363067
0.0485 0.25041
0.0495 0.193016
0.0505 0.181757
0.0515 0.212141
0.0525 0.298025
0.0535 0.317453
0.0545 0.269969
0.0555 0.214195
0.0565 0.193101
0.0575 0.217382
0.0585 0.274796
0.0595 0.310001
0.0605 0.28407
0.0615 0.230607
0.0625 0.20686
0.0635 0.212639
0.0645 0.261024
0.0655 0.296723
0.0665 0.282028
0.0675 0.246065
0.0685 0.218445
0.0695 0.214846
0.0705 0.249502
0.0715 0.284674
0.0725 0.285288
0.0735 0.250912
0.0745 0.216024
0.0755 0.216404
0.0765 0.241408
0.0775 0.271835
0.0785 0.277676
0.0795 0.263651
0.0805 0.241063
0.0815 0.231154
0.0825 0.239359
0.0835 0.256335
0.0845 0.265766
0.0855 0.260158
0.0865 0.243696
0.0875 0.231888
0.0885 0.233264
0.0895 0.250611
0.0905 0.265597
0.0915 0.265915
0.0925 0.24716
0.0935 0.22926
0.0945 0.229931
0.0955 0.251118
0.0965 0.272734
0.0975 0.27271
0.0985 0.250985
0.0995 0.229597
0.1005 0.229421
0.1015 0.250188
0.1025 0.271965
0.1035 0.272803
0.1045 0.260613
0.1055 0.24487
0.1065 0.239242
0.1075 0.241444
0.1085 0.24876
0.1095 0.254258
0.1105 0.254404
0.1115 0.24736
0.1125 0.240981
0.1135 0.241106
0.1145 0.247683
0.1155 0.253094
0.1165 0.250939
0.1175 0.241297
0.1185 0.233895
0.1195 0.236174
0.1205 0.254678
0.1215 0.271094
0.1225 0.270858
0.1235 0.25359
0.1245 0.237325
0.1255 0.237964
0.1265 0.256452
0.1275 0.274561
0.1285 0.274561
0.1295 0.258866
0.1305 0.240363
0.1315 0.235766
0.1325 0.237434
0.1335 0.243847
0.1345 0.249216
0.1355 0.250832
0.1365 0.249345
0.1375 0.247445
0.1385 0.247297
0.1395 0.247204
0.1405 0.246029
0.1415 0.242148
0.1425 0.237798
0.1435 0.237816
0.1445 0.243458
0.1455 0.258538
0.1465 0.270294
0.1475 0.269394
0.1485 0.250989
0.1495 0.23474
0.1505 0.23636
0.1515 0.259308
0.1525 0.280548
0.1535 0.279913
0.1545 0.256025
0.1555 0.230256
0.1565 0.22751
0.1575 0.236761
0.1585 0.24934
0.1595 0.253696
0.1605 0.251393
0.1615 0.246625
0.1625 0.244395
0.1635 0.246518
0.1645 0.249782
0.1655 0.249895
0.1665 0.24515
0.1675 0.239617
0.1685 0.239908
0.1695 0.246654
0.1705 0.260609
0.1715 0.270655
0.1725 0.268572
0.1735 0.247221
0.1745 0.228895
0.1755 0.231024
0.1765 0.259239
0.1775 0.284656
0.1785 0.283456
0.1795 0.253838
0.1805 0.223785
0.1815 0.221423
0.1825 0.242486
0.1835 0.266158
0.1845 0.268024
0.1855 0.251061
0.1865 0.23238
0.1875 0.231664
0.1885 0.243228
0.1895 0.256991
0.1905 0.258581
0.1915 0.251046
0.1925 0.240115
0.1935 0.235967
0.1945 0.244085
0.1955 0.263192
0.1965 0.276765
0.1975 0.273335
0.1985 0.241127
0.1995 0.213299
0.2005 0.216187
0.2015 0.258317
0.2025 0.296821
0.2035 0.294554
0.2045 0.250343
0.2055 0.209791
0.2065 0.20923
0.2075 0.247372
0.2085 0.286339
0.2095 0.285336
0.2105 0.253416
0.2115 0.216663
0.2125 0.213474
0.2135 0.236523
0.2145 0.269215
0.2155 0.281948
0.2165 0.26436
0.2175 0.231089
0.2185 0.213778
0.2195 0.230854
0.2205 0.27201
0.2215 0.297431
0.2225 0.287081
0.2235 0.232818
0.2245 0.189004
0.2255 0.190372
0.2265 0.260046
0.2275 0.324398
0.2285 0.320059
0.2295 0.245264
0.2305 0.176046
0.2315 0.183882
0.2325 0.240972
0.2335 0.315312
0.2345 0.344025
0.2355 0.271122
0.2365 0.172114
0.2375 0.159484
0.2385 0.20534
0.2395 0.313804
0.2405 0.367292
0.2415 0.299184
0.2425 0.188494
0.2435 0.140173
0.2445 0.181925
0.2455 0.292238
0.2465 0.386709
0.2475 0.349298
0.2485 0.180408
0.2495 0.122758
0.2505 0.144571
0.2515 0.25678
0.2525 0.477491
0.2535 0.643216
0.2545 0.714011
0.2555 0.740011
0.2565 0.747975
0.2575 0.749836
0.2585 0.750301
0.2595 0.750575
0.2605 0.751122
0.2615 0.751765
0.2625 0.752105
0.2635 0.752243
0.2645 0.752125
0.2655 0.751759
0.2665 0.750663
0.2675 0.749636
0.2685 0.749319
0.2695 0.749171
0.2705 0.749062
0.2715 0.748829
0.2725 0.748383
0.2735 0.747688
0.2745 0.747178
0.2755 0.747157
0.2765 0.747567
0.2775 0.74903
0.2785 0.750507
0.2795 0.751037
0.2805 0.75132
0.2815 0.751383
0.2825 0.751197
0.2835 0.750967
0.2845 0.750907
0.2855 0.750939
0.2865 0.751105
0.2875 0.751456
0.2885 0.752017
0.2895 0.752973
0.2905 0.754306
0.2915 0.756466
0.2925 0.759224
0.2935 0.763875
0.2945 0.768632
0.2955 0.770099
0.2965 0.77
0.2975 0.767663
0.2985 0.76353
0.2995 0.756004
0.3005 0.743996
0.3015 0.73647
0.3025 0.732337
0.3035 0.73
0.3045 0.729901
0.3055 0.731368
0.3065 0.736125
0.3075 0.740776
0.3085 0.743534
0.3095 0.745694
0.3105 0.747027
0.3115 0.747983
0.3125 0.748544
0.3135 0.748895
0.3145 0.749061
0.3155 0.749093
0.3165 0.749033
0.3175 0.748803
0.3185 0.748617
0.3195 0.74868
0.3205 0.748963
0.3215 0.749493
0.3225 0.75097
0.3235 0.752433
0.3245 0.752843
0.3255 0.752822
0.3265 0.752312
0.3275 0.751617
0.3285 0.751171
0.3295 0.750938
0.3305 0.750829
0.3315 0.750681
0.3325 0.750364
0.3335 0.749337
0.3345 0.748241
0.3355 0.747875
0.3365 0.747757
0.3375 0.747894
0.3385 0.748233
0.3395 0.748869
0.3405 0.749374
0.3415 0.749441
0.3425 0.748995
0.3435 0.747274
0.3445 0.742704
0.3455 0.729928
0.3465 0.695381
0.3475 0.614492
0.3485 0.506532
0.3495 0.451678
0.3505 0.440647
0.3515 0.468267
0.3525 0.551273
0.3535 0.569314
0.3545 0.522353
0.3555 0.467733
0.3565 0.447
0.3575 0.471062
0.3585 0.524389
0.3595 0.557313
0.3605 0.529718
0.3615 0.474724
0.3625 0.452572
0.3635 0.459387
0.3645 0.510032
0.3655 0.547293
0.3665 0.533366
0.3675 0.494971
0.3685 0.46546
0.3695 0.461727
0.3705 0.495838
0.3715 0.534642
0.3725 0.53798
0.3735 0.508991
0.3745 0.475452
0.3755 0.472726
0.3765 0.491368
0.3775 0.515103
0.3785 0.519786
0.3795 0.508409
0.3805 0.490045
0.3815 0.48283
0.3825 0.491807
0.3835 0.507957
0.3845 0.516063
0.3855 0.509006
0.3865 0.492823
0.3875 0.481581
0.3885 0.483407
0.3895 0.50281
0.3905 0.519679
0.3915 0.520319
0.3925 0.50035
0.3935 0.480706
0.3945 0.480819
0.3955 0.498778
0.3965 0.518866
0.3975 0.520404
0.3985 0.506732
0.3995 0.489868
0.4005 0.48658
0.4015 0.492228
0.4025 0.500737
0.4035 0.504503
0.4045 0.502625
0.4055 0.49838
0.4065 0.496294
0.4075 0.498323
0.4085 0.502409
0.4095 0.504591
0.4105 0.50256
0.4115 0.495831
0.4125 0.490686
0.4135 0.491526
0.4145 0.503077
0.4155 0.513921
0.4165 0.513742
0.4175 0.50226
0.4185 0.490387
0.4195 0.489678
0.4205 0.498394
0.4215 0.508257
0.4225 0.508964
0.4235 0.504396
0.4245 0.497947
0.4255 0.494326
0.4265 0.493578
0.4275 0.496249
0.4285 0.499032
0.4295 0.499693
0.4305 0.499805
0.4315 0.500046
0.4325 0.501133
0.4335 0.503115
0.4345 0.504463
0.4355 0.503949
0.4365 0.49946
0.4375 0.495417
0.4385 0.495521
0.4395 0.499883
0.4405 0.50419
0.4415 0.504189
0.4425 0.501821
0.4435 0.498454
0.4445 0.496181
0.4455 0.495711
0.4465 0.49797
0.4475 0.500754
0.4485 0.501264
0.4495 0.500575
0.4505 0.499425
0.4515 0.498736
0.4525 0.499246
0.4535 0.50203
0.4545 0.504289
0.4555 0.503819
0.4565 0.501546
0.4575 0.498179
0.4585 0.495811
0.4595 0.49581
0.4605 0.500117
0.4615 0.504479
0.4625 0.504583
0.4635 0.50054
0.4645 0.496051
0.4655 0.495537
0.4665 0.496885
0.4675 0.498867
0.4685 0.499954
0.4695 0.500195
0.4705 0.500307
0.4715 0.500968
0.4725 0.503751
0.4735 0.506422
0.4745 0.505674
0.4755 0.502053
0.4765 0.495604
0.4775 0.491036
0.4785 0.491743
0.4795 0.501606
0.4805 0.510322
0.4815 0.509613
0.4825 0.49774
0.4835 0.486258
0.4845 0.486079
0.4855 0.496923
0.4865 0.508474
0.4875 0.509314
0.4885 0.504169
0.4895 0.49744
0.4905 0.495409
0.4915 0.497591
0.4925 0.501677
0.4935 0.503706
0.4945 0.50162
0.4955 0.497375
0.4965 0.495497
0.4975 0.499263
0.4985 0.507772
0.4995 0.51342
0.5005 0.510132
0.5015 0.493268
0.5025 0.479596
0.5035 0.481134
0.5045 0.501222
0.5055 0.519181
0.5065 0.519294
0.5075 0.49965
0.5085 0.479681
0.5095 0.480321
0.5105 0.49719
0.5115 0.516593
0.5125 0.518419
0.5135 0.507177
0.5145 0.490994
0.5155 0.483937
0.5165 0.492043
0.5175 0.508193
0.5185 0.51717
0.5195 0.509955
0.5205 0.491591
0.5215 0.480214
0.5225 0.484897
0.5235 0.508632
0.5245 0.527274
0.5255 0.524548
0.5265 0.491009
0.5275 0.46202
0.5285 0.465358
0.5295 0.504162
0.5305 0.538273
0.5315 0.53454
0.5325 0.505029
0.5335 0.466634
0.5345 0.452707
0.5355 0.489968
0.5365 0.540613
0.5375 0.547428
0.5385 0.525276
0.5395 0.470282
0.5405 0.442687
0.5415 0.475611
0.5425 0.528938
0.5435 0.553
0.5445 0.532267
0.5455 0.477647
0.5465 0.430686
0.5475 0.448727
0.5485 0.531733
0.5495 0.559353
0.5505 0.548322
0.5515 0.493468
0.5525 0.385508
0.5535 0.304619
0.5545 0.270072
0.5555 0.257296
0.5565 0.252726
0.5575 0.251005
0.5585 0.250559
0.5595 0.250626
0.5605 0.251131
0.5615 0.251767
0.5625 0.252106
0.5635 0.252243
0.5645 0.252125
0.5655 0.251759
0.5665 0.250663
0.5675 0.249636
0.5685 0.249319
0.5695 0.249171
0.5705 0.249062
0.5715 0.248829
0.5725 0.248383
0.5735 0.247688
0.5745 0.247178
0.5755 0.247157
0.5765 0.247567
0.5775 0.24903
0.5785 0.250507
0.5795 0.251037
0.5805 0.25132
0.5815 0.251383
0.5825 0.251197
0.5835 0.250967
0.5845 0.250907
0.5855 0.250939
0.5865 0.251105
0.5875 0.251456
0.5885 0.252017
0.5895 0.252973
0.5905 0.254306
0.5915 0.256466
0.5925 0.259224
0.5935 0.263875
0.5945 0.268632
0.5955 0.270099
0.5965 0.27
0.5975 0.267663
0.5985 0.26353
0.5995 0.256004
0.6005 0.243996
0.6015 0.23647
0.6025 0.232337
0.6035 0.23
0.6045 0.229901
0.6055 0.231368
0.6065 0.236125
0.6075 0.240776
0.6085 0.243534
0.6095 0.245694
0.6105 0.247027
0.6115 0.247983
0.6125 0.248544
0.6135 0.248895
0.6145 0.249061
0.6155 0.249093
0.6165 0.249033
0.6175 0.248803
0.6185 0.248617
0.6195 0.24868
0.6205 0.248963
0.6215 0.249493
0.6225 0.25097
0.6235 0.252433
0.6245 0.252843
0.6255 0.252822
0.6265 0.252312
0.6275 0.251617
0.6285 0.251171
0.6295 0.250938
0.6305 0.250829
0.6315 0.250681
0.6325 0.250364
0.6335 0.249337
0.6345 0.248241
0.6355 0.247875
0.6365 0.247757
0.6375 0.247895
0.6385 0.248234
0.6395 0.248872
0.6405 0.249391
0.6415 0.249527
0.6425 0.249384
0.6435 0.248858
0.6445 0.248466
0.6455 0.248615
0.6465 0.249179
0.6475 0.250551
0.6485 0.252125
0.6495 0.252847
0.6505 0.252958
0.6515 0.252068
0.6525 0.250942
0.6535 0.250636
0.6545 0.250822
0.6555 0.251183
0.6565 0.251345
0.6575 0.251123
0.6585 0.249991
0.6595 0.248802
0.6605 0.248421
0.6615 0.248308
0.6625 0.248455
0.6635 0.24913
0.6645 0.249882
0.6655 0.250131
0.6665 0.250163
0.6675 0.249934
0.6685 0.249169
0.6695 0.248555
0.6705 0.24864
0.6715 0.249225
0.6725 0.251215
0.6735 0.253211
0.6745 0.253544
0.6755 0.252963
0.6765 0.250093
0.6775 0.247423
0.6785 0.247208
0.6795 0.248115
0.6805 0.249486
0.6815 0.250491
0.6825 0.250805
0.6835 0.250401
0.6845 0.249792
0.6855 0.249573
0.6865 0.249642
0.6875 0.249851
0.6885 0.250308
0.6895 0.250844
0.6905 0.251081
0.6915 0.251133
0.6925 0.250928
0.6935 0.250318
0.6945 0.249604
0.6955 0.249358
0.6965 0.249613
0.6975 0.251195
0.6985 0.25273
0.6995 0.252512
0.7005 0.250971
0.7015 0.247045
0.7025 0.243888
0.7035 0.243813
0.7045 0.24747
0.7055 0.251709
0.7065 0.252665
0.7075 0.252358
0.7085 0.251026
0.7095 0.249871
0.7105 0.249577
0.7115 0.249826
0.7125 0.250281
0.7135 0.250704
0.7145 0.251114
0.7155 0.251609
0.7165 0.252119
0.7175 0.252285
0.7185 0.251946
0.7195 0.250142
0.7205 0.248583
0.7215 0.248693
0.7225 0.249935
0.7235 0.251435
0.7245 0.251632
0.7255 0.250089
0.7265 0.245578
0.7275 0.242027
0.7285 0.242347
0.7295 0.24856
0.7305 0.254982
0.7315 0.255628
0.7325 0.253152
0.7335 0.249835
0.7345 0.24871
0.7355 0.24923
0.7365 0.250461
0.7375 0.251291
0.7385 0.251295
0.7395 0.250909
0.7405 0.250875
0.7415 0.25217
0.7425 0.253738
0.7435 0.255617
0.7445 0.261717
0.7455 0.285014
0.7465 0.354691
0.7475 0.520216
0.7485 0.74226
0.7495 0.856597
0.7505 0.876286
0.7515 0.812815
0.7525 0.63966
0.7535 0.604013
0.7545 0.705798
0.7555 0.823081
0.7565 0.866234
0.7575 0.81229
0.7585 0.698472
0.7595 0.628665
0.7605 0.686115
0.7615 0.800985
0.7625 0.846942
0.7635 0.831988
0.7645 0.729413
0.7655 0.655039
0.7665 0.685312
0.7675 0.761521
0.7685 0.819198
0.7695 0.826497
0.7705 0.752748
0.7715 0.6737
0.7725 0.669466
0.7735 0.739646
0.7745 0.815151
0.7755 0.815632
0.7765 0.762765
0.7775 0.700042
0.7785 0.690451
0.7795 0.726787
0.7805 0.780192
0.7815 0.794352
0.7825 0.770736
0.7835 0.731826
0.7845 0.713983
0.7855 0.731869
0.7865 0.767588
0.7875 0.790064
0.7885 0.782658
0.7895 0.743811
0.7905 0.712361
0.7915 0.712314
0.7925 0.759852
0.7935 0.804155
0.7945 0.800932
0.7955 0.743039
0.7965 0.68571
0.7975 0.685976
0.7985 0.744122
0.7995 0.802239
0.8005 0.804746
0.8015 0.756181
0.8025 0.703407
0.8035 0.700972
0.8045 0.737169
0.8055 0.779475
0.8065 0.784751
0.8075 0.763014
0.8085 0.734792
0.8095 0.729883
0.8105 0.745339
0.8115 0.768069
0.8125 0.777913
0.8135 0.765058
0.8145 0.739802
0.8155 0.723611
0.8165 0.730521
0.8175 0.764795
0.8185 0.790343
0.8195 0.783038
0.8205 0.735669
0.8215 0.6975
0.8225 0.701831
0.8235 0.749392
0.8245 0.791575
0.8255 0.793706
0.8265 0.749326
0.8275 0.703501
0.8285 0.702998
0.8295 0.746343
0.8305 0.791035
0.8315 0.789152
0.8325 0.759546
0.8335 0.718388
0.8345 0.702102
0.8355 0.739921
0.8365 0.794474
0.8375 0.805964
0.8385 0.782309
0.8395 0.715902
0.8405 0.681145
0.8415 0.719695
0.8425 0.784355
0.8435 0.81956
0.8445 0.798312
0.8455 0.727538
0.8465 0.661295
0.8475 0.679905
0.8485 0.774305
0.8495 0.814608
0.8505 0.808757
0.8515 0.74914
0.8525 0.633021
0.8535 0.548133
0.8545 0.513968
0.8555 0.506149
0.8565 0.506481
0.8575 0.506307
0.8585 0.504081
0.8595 0.501699
0.8605 0.501809
0.8615 0.502588
0.8625 0.502581
0.8635 0.500921
0.8645 0.498459
0.8655 0.497419
0.8665 0.499671
0.8675 0.506304
0.8685 0.511256
0.8695 0.509963
0.8705 0.49712
0.8715 0.484693
0.8725 0.484053
0.8735 0.491157
0.8745 0.500177
0.8755 0.503264
0.8765 0.502871
0.8775 0.49987
0.8785 0.497386
0.8795 0.497165
0.8805 0.500284
0.8815 0.503891
0.8825 0.504569
0.8835 0.504238
0.8845 0.503219
0.8855 0.502228
0.8865 0.501408
0.8875 0.500561
0.8885 0.499653
0.8895 0.499154
0.8905 0.499742
0.8915 0.502051
0.8925 0.504717
0.8935 0.505331
0.8945 0.503417
0.8955 0.494941
0.8965 0.487626
0.8975 0.487776
0.8985 0.494091
0.8995 0.501942
0.9005 0.505025
0.9015 0.505459
0.9025 0.502391
0.9035 0.499227
0.9045 0.498716
0.9055 0.499207
0.9065 0.500636
0.9075 0.501857
0.9085 0.502266
0.9095 0.502162
0.9105 0.501688
0.9115 0.500616
0.9125 0.499702
0.9135 0.499283
0.9145 0.499147
0.9155 0.499584
0.9165 0.500802
0.9175 0.501611
0.9185 0.500982
0.9195 0.498972
0.9205 0.496229
0.9215 0.494416
0.9225 0.494847
0.9235 0.500187
0.9245 0.505925
0.9255 0.507087
0.9265 0.506421
0.9275 0.502429
0.9285 0.498451
0.9295 0.497281
0.9305 0.49711
0.9315 0.498337
0.9325 0.499867
0.9335 0.500327
0.9345 0.500262
0.9355 0.499765
0.9365 0.498259
0.9375 0.49691
0.9385 0.496616
0.9395 0.496841
0.9405 0.497603
0.9415 0.499982
0.9425 0.502245
0.9435 0.50269
0.9445 0.502366
0.9455 0.501645
0.9465 0.501273
0.9475 0.501885
0.9485 0.504136
0.9495 0.505916
0.9505 0.505694
0.9515 0.50425
0.9525 0.501103
0.9535 0.498359
0.9545 0.49723
0.9555 0.496932
0.9565 0.497716
0.9575 0.498769
0.9585 0.499054
0.9595 0.498781
0.9605 0.497744
0.9615 0.496467
0.9625 0.495789
0.9635 0.495514
0.9645 0.49575
0.9655 0.496483
0.9665 0.498674
0.9675 0.500728
0.9685 0.501362
0.9695 0.501658
0.9705 0.501876
0.9715 0.502343
0.9725 0.503233
0.9735 0.504625
0.9745 0.505643
0.9755 0.505685
0.9765 0.504866
0.9775 0.501939
0.9785 0.498986
0.9795 0.497926
0.9805 0.49736
0.9815 0.497234
0.9825 0.497599
0.9835 0.498042
0.9845 0.498138
0.9855 0.498026
0.9865 0.497607
0.9875 0.49676
0.9885 0.49545
0.9895 0.493196
0.9905 0.490085
0.9915 0.485087
0.9925 0.478675
0.9935 0.467947
0.9945 0.456798
0.9955 0.453199
0.9965 0.453151
0.9975 0.457922
0.9985 0.468541
0.9995 0.483662

# time= 0.5
0.0005 0.0559836
0.0015 0.0923907
0.0025 0.1677
0.0035 0.255747
0.0045 0.324651
0.0055 0.375009
0.0065 0.415753
0.0075 0.452701
0.0085 0.47217
0.0095 0.487188
0.0105 0.495495
0.0115 0.500768
0.0125 0.503089
0.0135 0.503704
0.0145 0.503407
0.0155 0.503081
0.0165 0.503041
0.0175 0.503033
0.0185 0.50272
0.0195 0.501688
0.0205 0.500405
0.0215 0.499717
0.0225 0.499417
0.0235 0.499272
0.0245 0.498826
0.0255 0.497782
0.0265 0.49635
0.0275 0.495409
0.0285 0.495673
0.0295 0.498544
0.0305 0.501138
0.0315 0.501067
0.0325 0.499257
0.0335 0.49781
0.0345 0.498259
0.0355 0.501895
0.0365 0.505209
0.0375 0.505374
0.0385 0.502663
0.0395 0.499686
0.0405 0.49944
0.0415 0.501294
0.0425 0.503358
0.0435 0.503296
0.0445 0.501854
0.0455 0.499871
0.0465 0.498786
0.0475 0.498959
0.0485 0.499822
0.0495 0.500068
0.0505 0.498851
0.0515 0.496581
0.0525 0.495051
0.0535 0.495562
0.0545 0.499003
0.0555 0.50181
0.0565 0.501394
0.0575 0.498001
0.0585 0.495341
0.0595 0.496056
0.0605 0.501038
0.0615 0.505337
0.0625 0.505445
0.0635 0.501196
0.0645 0.496535
0.0655 0.496495
0.0665 0.500011
0.0675 0.504437
0.0685 0.505257
0.0695 0.502601
0.0705 0.498303
0.0715 0.496004
0.0725 0.497715
0.0735 0.501838
0.0745 0.504357
0.0755 0.502232
0.0765 0.49701
0.0775 0.493713
0.0785 0.496082
0.0795 0.502201
0.0805 0.506801
0.0815 0.506668
0.0825 0.497741
0.0835 0.490158
0.0845 0.492209
0.0855 0.501206
0.0865 0.507763
0.0875 0.50622
0.0885 0.500997
0.0895 0.491614
0.0905 0.486982
0.0915 0.494934
0.0925 0.50652
0.0935 0.502627
0.0945 0.485361
0.0955 0.460196
0.0965 0.396126
0.0975 0.328349
0.0985 0.298675
0.0995 0.265101
0.1005 0.237771
0.1015 0.204174
0.1025 0.174322
0.1035 0.106249
0.1045 0.0416351
0.1055 0.0158656
0.1065 -0.0022402
0.1075 -0.00662457
0.1085 0.00375685
0.1095 0.0104593
0.1105 0.00539228
0.1115 -0.00450734
0.1125 -0.00995624
0.1135 -0.0114637
0.1145 -0.00483878
0.1155 0.0044288
0.1165 0.00707119
0.1175 0.00050667
0.1185 -0.00740645
0.1195 -0.0069881
0.1205 -0.00137803
0.1215 0.00581316
0.1225 0.00852674
0.1235 0.00554189
0.1245 0.00062053
0.1255 -0.00131776
0.1265 0.00124403
0.1275 0.00525006
0.1285 0.00659554
0.1295 0.00369192
0.1305 -0.00135798
0.1315 -0.00476977
0.1325 -0.00463943
0.1335 -0.000999467
0.1345 0.00187915
0.1355 0.00145651
0.1365 -0.00353052
0.1375 -0.00798611
0.1385 -0.00798621
0.1395 -0.003988
0.1405 0.000782844
0.1415 0.001684
0.1425 -0.000630705
0.1435 -0.00359009
0.1445 -0.00363412
0.1455 -3.31481e-05
0.1465 0.00428308
0.1475 0.00527448
0.1485 0.00437484
0.1495 0.00275197
0.1505 0.00193533
0.1515 0.0024385
0.1525 0.00333588
0.1535 0.00326417
0.1545 0.00174076
0.1555 -0.00111626
0.1565 -0.00332481
0.1575 -0.00375511
0.1585 -0.00191651
0.1595 -0.000107395
0.1605 -0.000435764
0.1615 -0.0034949
0.1625 -0.00621711
0.1635 -0.00604276
0.1645 -0.00270537
0.1655 0.000963435
0.1665 0.00143434
0.1675 -2.52515e-05
0.1685 -0.00184201
0.1695 -0.00186239
0.1705 0.000740308
0.1715 0.00370189
0.1725 0.00418875
0.1735 0.00363639
0.1745 0.00273094
0.1755 0.00220791
0.1765 0.00227153
0.1775 0.00248873
0.1785 0.00228933
0.1795 0.00145841
0.1805 -0.000294835
0.1815 -0.0017205
0.1825 -0.00204594
0.1835 -0.00134102
0.1845 -0.000649643
0.1855 -0.00104449
0.1865 -0.00278117
0.1875 -0.00421098
0.1885 -0.00407688
0.1895 -0.00177175
0.1905 0.000682447
0.1915 0.00102795
0.1925 0.000209164
0.1935 -0.000812342
0.1945 -0.000788311
0.1955 0.00085149
0.1965 0.00261902
0.1975 0.00276771
0.1985 0.00201523
0.1995 0.000995846
0.2005 0.000567869
0.2015 0.000592046
0.2025 0.000809657
0.2035 0.000886908
0.2045 0.000647847
0.2055 -0.00014483
0.2065 -0.000809587
0.2075 -0.000853601
0.2085 -0.000476808
0.2095 -0.000210513
0.2105 -0.000484627
0.2115 -0.00154219
0.2125 -0.00239845
0.2135 -0.0023374
0.2145 -0.000942485
0.2155 0.000546035
0.2165 0.000746678
0.2175 0.000234066
0.2185 -0.000411586
0.2195 -0.000433411
0.2205 0.000464718
0.2215 0.00140307
0.2225 0.00139332
0.2235 0.000593048
0.2245 -0.000377813
0.2255 -0.000683286
0.2265 -0.000662517
0.2275 -0.000323824
0.2285 -1.89073e-05
0.2295 5.45845e-05
0.2305 4.36757e-05
0.2315 6.58072e-05
0.2325 0.00023725
0.2335 0.000583562
0.2345 0.000826459
0.2355 0.000750405
0.2365 3.10011e-05
0.2375 -0.000626526
0.2385 -0.000636122
0.2395 -3.34904e-05
0.2405 0.000562174
0.2415 0.000543215
0.2425 -0.000141496
0.2435 -0.000888523
0.2445 -0.000978101
0.2455 -0.000631009
0.2465 -0.000221195
0.2475 -0.000223445
0.2485 -0.000744613
0.2495 -0.00125392
0.2505 -0.00121612
0.2515 -0.000899417
0.2525 -0.000377488
0.2535 5.77392e-05
0.2545 0.000276324
0.2555 0.000371645
0.2565 0.000422839
0.2575 0.000520409
0.2585 0.000847484
0.2595 0.00113785
0.2605 0.0011763
0.2615 0.00103201
0.2625 0.000873615
0.2635 0.000847484
0.2645 0.000837987
0.2655 0.000764212
0.2665 0.000557669
0.2675 -0.000123141
0.2685 -0.000758866
0.2695 -0.000925718
0.2705 -0.000990554
0.2715 -0.00108069
0.2725 -0.0012878
0.2735 -0.00155716
0.2745 -0.00169908
0.2755 -0.00153028
0.2765 -0.000856352
0.2775 1.6023e-05
0.2785 0.000572807
0.2795 0.000918977
0.2805 0.00106498
0.2815 0.00110383
0.2825 0.00115126
0.2835 0.0012925
0.2845 0.00159285
0.2855 0.00201093
0.2865 0.00288599
0.2875 0.00383839
0.2885 0.00434301
0.2895 0.00537737
0.2905 0.00651634
0.2915 0.00718021
0.2925 0.00838172
0.2935 0.00937867
0.2945 0.0096224
0.2955 0.00940258
0.2965 0.00865067
0.2975 0.00737002
0.2985 0.00400235
0.2995 0.000604026
0.3005 -0.00109655
0.3015 -0.00372219
0.3025 -0.00673523
0.3035 -0.00843163
0.3045 -0.00963948
0.3055 -0.0104329
0.3065 -0.010603
0.3075 -0.0101783
0.3085 -0.00930195
0.3095 -0.00711526
0.3105 -0.00502151
0.3115 -0.00374035
0.3125 -0.00251804
0.3135 -0.0019207
0.3145 -0.00147497
0.3155 -0.00123754
0.3165 -0.00110415
0.3175 -0.00102055
0.3185 -0.000907545
0.3195 -0.000781573
0.3205 -0.000721633
0.3215 -0.000698152
0.3225 -0.000657194
0.3235 -0.000479103
0.3245 -0.000115589
0.3255 0.000721667
0.3265 0.00168343
0.3275 0.00211455
0.3285 0.00212842
0.3295 0.00126247
0.3305 0.000246981
0.3315 4.04124e-05
0.3325 0.000270822
0.3335 0.000588314
0.3345 0.000552374
0.3355 -0.000110966
0.3365 -0.000872904
0.3375 -0.00104292
0.3385 -0.0009632
0.3395 -0.000811722
0.3405 -0.000786313
0.3415 -0.00099177
0.3425 -0.00126845
0.3435 -0.00137844
0.3445 -0.00136276
0.3455 -0.00124389
0.3465 -0.0010748
0.3475 -0.000893289
0.3485 -0.000590939
0.3495 -8.06653e-05
0.3505 0.00105373
0.3515 0.00231349
0.3525 0.00281616
0.3535 0.00278622
0.3545 0.00146807
0.3555 9.57052e-05
0.3565 -7.60516e-06
0.3575 0.000956539
0.3585 0.00190384
0.3595 0.00177382
0.3605 0.000302317
0.3615 -0.00119262
0.3625 -0.00133428
0.3635 -0.000535013
0.3645 0.000401591
0.3655 0.000436811
0.3665 -0.000312706
0.3675 -0.00126416
0.3685 -0.00160971
0.3695 -0.00160113
0.3705 -0.00143013
0.3715 -0.00132838
0.3725 -0.00135462
0.3735 -0.00129165
0.3745 -0.000836771
0.3755 0.000143766
0.3765 0.00154729
0.3775 0.00252597
0.3785 0.00247507
0.3795 0.000556709
0.3805 -0.00119978
0.3815 -0.00109956
0.3825 0.000970066
0.3835 0.00283342
0.3845 0.00268088
0.3855 0.000250193
0.3865 -0.00219251
0.3875 -0.00233908
0.3885 -0.000595901
0.3895 0.00139882
0.3905 0.00156461
0.3915 0.00025993
0.3925 -0.00133108
0.3935 -0.00165931
0.3945 -0.00127322
0.3955 -0.000692289
0.3965 -0.000551925
0.3975 -0.000932545
0.3985 -0.00147576
0.3995 -0.00156905
0.4005 -0.000764426
0.4015 0.00124106
0.4025 0.00274775
0.4035 0.00251919
0.4045 -0.000222402
0.4055 -0.00258231
0.4065 -0.00228313
0.4075 0.00120634
0.4085 0.0042868
0.4095 0.00408438
0.4105 0.000137153
0.4115 -0.0036689
0.4125 -0.00378124
0.4135 -0.000424176
0.4145 0.00316706
0.4155 0.00341896
0.4165 0.00119177
0.4175 -0.00145862
0.4185 -0.00189125
0.4195 -0.001137
0.4205 -1.25534e-05
0.4215 0.000388774
0.4225 -0.000342079
0.4235 -0.00165635
0.4245 -0.00236022
0.4255 -0.00156937
0.4265 0.001179
0.4275 0.00327862
0.4285 0.00280319
0.4295 -0.00079309
0.4305 -0.00365954
0.4315 -0.00285119
0.4325 0.00249878
0.4335 0.00700223
0.4345 0.0066472
0.4355 -5.72164e-05
0.4365 -0.00632089
0.4375 -0.00644726
0.4385 -0.000767754
0.4395 0.0050614
0.4405 0.00524019
0.4415 0.000786374
0.4425 -0.00428365
0.4435 -0.00477453
0.4445 -0.00270422
0.4455 0.000323217
0.4465 0.00186136
0.4475 0.000658346
0.4485 -0.00205801
0.4495 -0.00348241
0.4505 -0.00177373
0.4515 0.00275939
0.4525 0.00595568
0.4535 0.00497059
0.4545 -0.00101529
0.4555 -0.00571224
0.4565 -0.00455347
0.4575 0.00300039
0.4585 0.00902278
0.4595 0.0078904
0.4605 -0.00168899
0.4615 -0.00997798
0.4625 -0.0100701
0.4635 -0.00123942
0.4645 0.00835142
0.4655 0.0083835
0.4665 0.00120055
0.4675 -0.00778594
0.4685 -0.00940184
0.4695 -0.00405012
0.4705 0.00450969
0.4715 0.00895597
0.4725 0.00526797
0.4735 -0.00332913
0.4745 -0.00885832
0.4755 -0.00493367
0.4765 0.00545607
0.4775 0.0122171
0.4785 0.00759747
0.4795 -0.00471467
0.4805 -0.0140187
0.4815 -0.0138743
0.4825 0.00361581
0.4835 0.0181659
0.4845 0.0135636
0.4855 -0.00474607
0.4865 -0.0179554
0.4875 -0.0149414
0.4885 -0.00442787
0.4895 0.0145325
0.4905 0.0239565
0.4915 0.00866191
0.4925 -0.0138631
0.4935 -0.00568494
0.4945 0.0295355
0.4955 0.0804509
0.4965 0.209273
0.4975 0.345348
0.4985 0.405102
0.4995 0.472518
0.5005 0.527422
0.5015 0.594859
0.5025 0.65461
0.5035 0.790733
0.5045 0.919608
0.5055 0.970558
0.5065 1.00581
0.5075 1.01403
0.5085 0.99148
0.5095 0.976146
0.5105 0.985591
0.5115 1.00455
0.5125 1.01502
0.5135 1.01793
0.5145 1.00456
0.5155 0.986043
0.5165 0.981293
0.5175 0.995716
0.5185 1.01321
0.5195 1.01341
0.5205 1.0042
0.5215 0.991987
0.5225 0.987475
0.5235 0.994353
0.5245 1.00483
0.5255 1.00881
0.5265 1.00331
0.5275 0.994758
0.5285 0.991124
0.5295 0.995611
0.5305 1.00417
0.5315 1.00947
0.5325 1.00778
0.5335 0.998825
0.5345 0.991716
0.5355 0.991799
0.5365 1.00153
0.5375 1.01048
0.5385 1.01041
0.5395 1.00222
0.5405 0.992687
0.5415 0.991442
0.5425 0.997124
0.5435 1.00434
0.5445 1.00542
0.5455 1.0006
0.5465 0.994458
0.5475 0.993367
0.5485 0.99637
0.5495 1.0007
0.5505 1.00235
0.5515 1.00093
0.5525 0.998324
0.5535 0.997377
0.5545 0.999239
0.5555 1.0027
0.5565 1.00512
0.5575 1.00487
0.5585 1.00004
0.5595 0.995765
0.5605 0.99606
0.5615 1.00205
0.5625 1.00779
0.5635 1.00769
0.5645 1.00153
0.5655 0.994822
0.5665 0.994304
0.5675 0.998092
0.5685 1.00269
0.5695 1.00329
0.5705 0.999832
0.5715 0.995671
0.5725 0.995176
0.5735 0.997233
0.5745 1.00001
0.5755 1.00103
0.5765 1.00065
0.5775 0.999761
0.5785 0.999558
0.5795 1.00051
0.5805 1.00234
0.5815 1.00366
0.5825 1.00353
0.5835 1.0011
0.5845 0.99902
0.5855 0.999466
0.5865 1.00357
0.5875 1.00763
0.5885 1.00798
0.5895 1.00531
0.5905 1.00262
0.5915 1.00295
0.5925 1.007
0.5935 1.01094
0.5945 1.01104
0.5955 1.00876
0.5965 1.0057
0.5975 1.00406
0.5985 1.00324
0.5995 1.00259
0.6005 1.00138
0.6015 0.99783
0.6025 0.9938
0.6035 0.992145
0.6045 0.991456
0.6055 0.991842
0.6065 0.992392
0.6075 0.992262
0.6085 0.991924
0.6095 0.99189
0.6105 0.992615
0.6115 0.995639
0.6125 0.998352
0.6135 0.998627
0.6145 0.997075
0.6155 0.995535
0.6165 0.995797
0.6175 0.998384
0.6185 1.00096
0.6195 1.00119
0.6205 0.999508
0.6215 0.99773
0.6225 0.997908
0.6235 0.999871
0.6245 1.00228
0.6255 1.00325
0.6265 1.00345
0.6275 1.00265
0.6285 1.0017
0.6295 1.00141
0.6305 1.00125
0.6315 1.00106
0.6325 1.00066
0.6335 0.999331
0.6345 0.998061
0.6355 0.997741
0.6365 0.9977
0.6375 0.997784
0.6385 0.997888
0.6395 0.998086
0.6405 0.998518
0.6415 0.999386
0.6425 1.00046
0.6435 1.00105
0.6445 1.00093
0.6455 0.99919
0.6465 0.997589
0.6475 0.997647
0.6485 0.999487
0.6495 1.00152
0.6505 1.00183
0.6515 1.00129
0.6525 1.00059
0.6535 1.00059
0.6545 1.00127
0.6555 1.00222
0.6565 1.00281
0.6575 1.00284
0.6585 1.00242
0.6595 1.00126
0.6605 1.00007
0.6615 0.99949
0.6625 0.999023
0.6635 0.998763
0.6645 0.998671
0.6655 0.998732
0.6665 0.998938
0.6675 0.999096
0.6685 0.999037
0.6695 0.998751
0.6705 0.998576
0.6715 0.998834
0.6725 0.999567
0.6735 1.00097
0.6745 1.00205
0.6755 1.00215
0.6765 1.00095
0.6775 0.999623
0.6785 0.999498
0.6795 1.00038
0.6805 1.00133
0.6815 1.0013
0.6825 1.00015
0.6835 0.99891
0.6845 0.998793
0.6855 0.999513
0.6865 1.00035
0.6875 1.0004
0.6885 0.999602
0.6895 0.998819
0.6905 0.998876
0.6915 0.999882
0.6925 1.00087
0.6935 1.00092
0.6945 1.00048
0.6955 0.999878
0.6965 0.999593
0.6975 0.999819
0.6985 1.00076
0.6995 1.00149
0.7005 1.00131
0.7015 0.999781
0.7025 0.998445
0.7035 0.998486
0.7045 1.00002
0.7055 1.0014
0.7065 1.00127
0.7075 0.999454
0.7085 0.997831
0.7095 0.997937
0.7105 0.999969
0.7115 1.00199
0.7125 1.00212
0.7135 1.00064
0.7145 0.999086
0.7155 0.999098
0.7165 1.00072
0.7175 1.00235
0.7185 1.00234
0.7195 1.0015
0.7205 1.00018
0.7215 0.999245
0.7225 0.999196
0.7235 0.999863
0.7245 1.00033
0.7255 0.999943
0.7265 0.998605
0.7275 0.997603
0.7285 0.997867
0.7295 0.999949
0.7305 1.00168
0.7315 1.00142
0.7325 0.999308
0.7335 0.997597
0.7345 0.997898
0.7355 1.00122
0.7365 1.00425
0.7375 1.00429
0.7385 1.0014
0.7395 0.998387
0.7405 0.998222
0.7415 1.00047
0.7425 1.00293
0.7435 1.0029
0.7445 1.00142
0.7455 0.99932
0.7465 0.998064
0.7475 0.998345
0.7485 0.99966
0.7495 1.00049
0.7505 0.999736
0.7515 0.997632
0.7525 0.996191
0.7535 0.9968
0.7545 1.00001
0.7555 1.00255
0.7565 1.00209
0.7575 0.998985
0.7585 0.996639
0.7595 0.997434
0.7605 1.00228
0.7615 1.0064
0.7625 1.00642
0.7635 1.00196
0.7645 0.997007
0.7655 0.996716
0.7665 0.999844
0.7675 1.00384
0.7685 1.00436
0.7695 1.00138
0.7705 0.996773
0.7715 0.994275
0.7725 0.995938
0.7735 1.0002
0.7745 1.00304
0.7755 1.00116
0.7765 0.996001
0.7775 0.992583
0.7785 0.994856
0.7795 1.00125
0.7805 1.00616
0.7815 1.00628
0.7825 0.998079
0.7835 0.991554
0.7845 0.994352
0.7855 1.00395
0.7865 1.01086
0.7875 1.00957
0.7885 1.00446
0.7895 0.994968
0.7905 0.990209
0.7915 0.997236
0.7925 1.00776
0.7935 1.0032
0.7945 0.984808
0.7955 0.958735
0.7965 0.893713
0.7975 0.825385
0.7985 0.795389
0.7995 0.761749
0.8005 0.734316
0.8015 0.700681
0.8025 0.671176
0.8035 0.603547
0.8045 0.539683
0.8055 0.51474
0.8065 0.497784
0.8075 0.494132
0.8085 0.506034
0.8095 0.514246
0.8105 0.509697
0.8115 0.500378
0.8125 0.495156
0.8135 0.493534
0.8145 0.50012
0.8155 0.509035
0.8165 0.51072
0.8175 0.502424
0.8185 0.492693
0.8195 0.49199
0.8205 0.495917
0.8215 0.501548
0.8225 0.503625
0.8235 0.500097
0.8245 0.494841
0.8255 0.493025
0.8265 0.496025
0.8275 0.500594
0.8285 0.502855
0.8295 0.501202
0.8305 0.497593
0.8315 0.495602
0.8325 0.497038
0.8335 0.502249
0.8345 0.506425
0.8355 0.506746
0.8365 0.501977
0.8375 0.49738
0.8385 0.497358
0.8395 0.501352
0.8405 0.505851
0.8415 0.50602
0.8425 0.501808
0.8435 0.496809
0.8445 0.495925
0.8455 0.497553
0.8465 0.499829
0.8475 0.500299
0.8485 0.498785
0.8495 0.496696
0.8505 0.49618
0.8515 0.497362
0.8525 0.499283
0.8535 0.500475
0.8545 0.500292
0.8555 0.499342
0.8565 0.498802
0.8575 0.499443
0.8585 0.502133
0.8595 0.504385
0.8605 0.504366
0.8615 0.501399
0.8625 0.498395
0.8635 0.498354
0.8645 0.501251
0.8655 0.504318
0.8665 0.504326
0.8675 0.501523
0.8685 0.498286
0.8695 0.497724
0.8705 0.498696
0.8715 0.500034
0.8725 0.500235
0.8735 0.49914
0.8745 0.497757
0.8755 0.497462
0.8765 0.497917
0.8775 0.498917
0.8785 0.499697
0.8795 0.499912
0.8805 0.499842
0.8815 0.499887
0.8825 0.500398
0.8835 0.50169
0.8845 0.502684
0.8855 0.502594
0.8865 0.500793
0.8875 0.49906
0.8885 0.499068
0.8895 0.500829
0.8905 0.502623
0.8915 0.502626
0.8925 0.500841
0.8935 0.49884
0.8945 0.498583
0.8955 0.499273
0.8965 0.500195
0.8975 0.500403
0.8985 0.500041
0.8995 0.499439
0.9005 0.498996
0.9015 0.498882
0.9025 0.499159
0.9035 0.49944
0.9045 0.499468
0.9055 0.499436
0.9065 0.499505
0.9075 0.49983
0.9085 0.500544
0.9095 0.50108
0.9105 0.501021
0.9115 0.500004
0.9125 0.499094
0.9135 0.499162
0.9145 0.500337
0.9155 0.501527
0.9165 0.501607
0.9175 0.500777
0.9185 0.499835
0.9195 0.499777
0.9205 0.500205
0.9215 0.500839
0.9225 0.501287
0.9235 0.50138
0.9245 0.501095
0.9255 0.500622
0.9265 0.500146
0.9275 0.499711
0.9285 0.499443
0.9295 0.498958
0.9305 0.498521
0.9315 0.498424
0.9325 0.498529
0.9335 0.499179
0.9345 0.499797
0.9355 0.499822
0.9365 0.499378
0.9375 0.498851
0.9385 0.498757
0.9395 0.498921
0.9405 0.499652
0.9415 0.500361
0.9425 0.500732
0.9435 0.501156
0.9445 0.501538
0.9455 0.501888
0.9465 0.502374
0.9475 0.502784
0.9485 0.502819
0.9495 0.502598
0.9505 0.501745
0.9515 0.500925
0.9525 0.500494
0.9535 0.499996
0.9545 0.499515
0.9555 0.499132
0.9565 0.498501
0.9575 0.497925
0.9585 0.49779
0.9595 0.497794
0.9605 0.497844
0.9615 0.497834
0.9625 0.497693
0.9635 0.497535
0.9645 0.497606
0.9655 0.49803
0.9665 0.499351
0.9675 0.500841
0.9685 0.501709
0.9695 0.502379
0.9705 0.502761
0.9715 0.502981
0.9725 0.503011
0.9735 0.502829
0.9745 0.502441
0.9755 0.501514
0.9765 0.500458
0.9775 0.499928
0.9785 0.499592
0.9795 0.499412
0.9805 0.49916
0.9815 0.498515
0.9825 0.497011
0.9835 0.494739
0.9845 0.492775
0.9855 0.4902
0.9865 0.486023
0.9875 0.479694
0.9885 0.468209
0.9895 0.452093
0.9905 0.423897
0.9915 0.385905
0.9925 0.329814
0.9935 0.25538
0.9945 0.15408
0.9955 0.0595082
0.9965 0.0177135
0.9975 -0.00890305
0.9985 -0.0138834
0.9995 0.00500304

# time= 0.75
0.0005 -3.33815
0.0015 -2.92235
0.0025 -2.51707
0.0035 -1.84132
0.0045 -1.16967
0.0055 -0.784974
0.0065 -0.33476
0.0075 -0.0986157
0.0085 0.103601
0.0095 0.229518
0.0105 0.3155
0.0115 0.390386
0.0125 0.425161
0.0135 0.456864
0.0145 0.476356
0.0155 0.487139
0.0165 0.494096
0.0175 0.496973
0.0185 0.497214
0.0195 0.497313
0.0205 0.498773
0.0215 0.501006
0.0225 0.502507
0.0235 0.501599
0.0245 0.498121
0.0255 0.495672
0.0265 0.496738
0.0275 0.499663
0.0285 0.501744
0.0295 0.501626
0.0305 0.498409
0.0315 0.495754
0.0325 0.496567
0.0335 0.501536
0.0345 0.505206
0.0355 0.503967
0.0365 0.500985
0.0375 0.496802
0.0385 0.496454
0.0395 0.500517
0.0405 0.505068
0.0415 0.505625
0.0425 0.504572
0.0435 0.496962
0.0445 0.491717
0.0455 0.497387
0.0465 0.503923
0.0475 0.506061
0.0485 0.498338
0.0495 0.483412
0.0505 0.467346
0.0515 0.446204
0.0525 0.40905
0.0535 0.353426
0.0545 0.305029
0.0555 0.277233
0.0565 0.262488
0.0575 0.255219
0.0585 0.252094
0.0595 0.250878
0.0605 0.25043
0.0615 0.250363
0.0625 0.250358
0.0635 0.250407
0.0645 0.250449
0.0655 0.250476
0.0665 0.250493
0.0675 0.250499
0.0685 0.250493
0.0695 0.250476
0.0705 0.250439
0.0715 0.250392
0.0725 0.250314
0.0735 0.250234
0.0745 0.250195
0.0755 0.250128
0.0765 0.250048
0.0775 0.250001
0.0785 0.24992
0.0795 0.249824
0.0805 0.249695
0.0815 0.249559
0.0825 0.249495
0.0835 0.249449
0.0845 0.249425
0.0855 0.249418
0.0865 0.249428
0.0875 0.249457
0.0885 0.249509
0.0895 0.249583
0.0905 0.249739
0.0915 0.249919
0.0925 0.25003
0.0935 0.250256
0.0945 0.250484
0.0955 0.250598
0.0965 0.250789
0.0975 0.250951
0.0985 0.251016
0.0995 0.251046
0.1005 0.251041
0.1015 0.250997
0.1025 0.250927
0.1035 0.250775
0.1045 0.250583
0.1055 0.250309
0.1065 0.249871
0.1075 0.24936
0.1085 0.248911
0.1095 0.248627
0.1105 0.248399
0.1115 0.248263
0.1125 0.248201
0.1135 0.24821
0.1145 0.248295
0.1155 0.248457
0.1165 0.248843
0.1175 0.249296
0.1185 0.249574
0.1195 0.250125
0.1205 0.25062
0.1215 0.250969
0.1225 0.251327
0.1235 0.251513
0.1245 0.251647
0.1255 0.25169
0.1265 0.251649
0.1275 0.251529
0.1285 0.25128
0.1295 0.250957
0.1305 0.250382
0.1315 0.249761
0.1325 0.249456
0.1335 0.248926
0.1345 0.248455
0.1355 0.248189
0.1365 0.247991
0.1375 0.247902
0.1385 0.247897
0.1395 0.247983
0.1405 0.248162
0.1415 0.248583
0.1425 0.249084
0.1435 0.24941
0.1445 0.250056
0.1455 0.250665
0.1465 0.251058
0.1475 0.251376
0.1485 0.251525
0.1495 0.251597
0.1505 0.251589
0.1515 0.251504
0.1525 0.251348
0.1535 0.251036
0.1545 0.250651
0.1555 0.250092
0.1565 0.24944
0.1575 0.248963
0.1585 0.248609
0.1595 0.248402
0.1605 0.248258
0.1615 0.248192
0.1625 0.248188
0.1635 0.248252
0.1645 0.248389
0.1655 0.248592
0.1665 0.249094
0.1675 0.249643
0.1685 0.249914
0.1695 0.250437
0.1705 0.250925
0.1715 0.251236
0.1725 0.251486
0.1735 0.251604
0.1745 0.251661
0.1755 0.251652
0.1765 0.251572
0.1775 0.251436
0.1785 0.251174
0.1795 0.250841
0.1805 0.25041
0.1815 0.249887
0.1825 0.249483
0.1835 0.249155
0.1845 0.248955
0.1855 0.248838
0.1865 0.248781
0.1875 0.248778
0.1885 0.248833
0.1895 0.24893
0.1905 0.249113
0.1915 0.249325
0.1925 0.249664
0.1935 0.250019
0.1945 0.250222
0.1955 0.250418
0.1965 0.250642
0.1975 0.25081
0.1985 0.25087
0.1995 0.250858
0.2005 0.250718
0.2015 0.250563
0.2025 0.25051
0.2035 0.250471
0.2045 0.250419
0.2055 0.250329
0.2065 0.25006
0.2075 0.249763
0.2085 0.249645
0.2095 0.249562
0.2105 0.249485
0.2115 0.249431
0.2125 0.249407
0.2135 0.2494
0.2145 0.249421
0.2155 0.249515
0.2165 0.249616
0.2175 0.24967
0.2185 0.249727
0.2195 0.249783
0.2205 0.249835
0.2215 0.249936
0.2225 0.250033
0.2235 0.250058
0.2245 0.250064
0.2255 0.250067
0.2265 0.250088
0.2275 0.250133
0.2285 0.250242
0.2295 0.250337
0.2305 0.250367
0.2315 0.250376
0.2325 0.250372
0.2335 0.250364
0.2345 0.250346
0.2355 0.250305
0.2365 0.250249
0.2375 0.250183
0.2385 0.250271
0.2395 0.250752
0.2405 0.252036
0.2415 0.255095
0.2425 0.261939
0.2435 0.276574
0.2445 0.306111
0.2455 0.361837
0.2465 0.458843
0.2475 0.570217
0.2485 0.644417
0.2495 0.686348
0.2505 0.717996
0.2515 0.74744
0.2525 0.762411
0.2535 0.757573
0.2545 0.744242
0.2555 0.732649
0.2565 0.742723
0.2575 0.757634
0.2585 0.759624
0.2595 0.758399
0.2605 0.749203
0.2615 0.74116
0.2625 0.741713
0.2635 0.75002
0.2645 0.756443
0.2655 0.759228
0.2665 0.752617
0.2675 0.743347
0.2685 0.741356
0.2695 0.747193
0.2705 0.75498
0.2715 0.755698
0.2725 0.752008
0.2735 0.746132
0.2745 0.7438
0.2755 0.747517
0.2765 0.753116
0.2775 0.755349
0.2785 0.752819
0.2795 0.748915
0.2805 0.74698
0.2815 0.748281
0.2825 0.752208
0.2835 0.75516
0.2845 0.755394
0.2855 0.752477
0.2865 0.749817
0.2875 0.749935
0.2885 0.753727
0.2895 0.757672
0.2905 0.758101
0.2915 0.756962
0.2925 0.755337
0.2935 0.754794
0.2945 0.75562
0.2955 0.756873
0.2965 0.75709
0.2975 0.755714
0.2985 0.751882
0.2995 0.748572
0.3005 0.747673
0.3015 0.748323
0.3025 0.749044
0.3035 0.748173
0.3045 0.744029
0.3055 0.740306
0.3065 0.740092
0.3075 0.742153
0.3085 0.744721
0.3095 0.745418
0.3105 0.744962
0.3115 0.744022
0.3125 0.743558
0.3135 0.744231
0.3145 0.747501
0.3155 0.750378
0.3165 0.750639
0.3175 0.74922
0.3185 0.74756
0.3195 0.747674
0.3205 0.749332
0.3215 0.751441
0.3225 0.752138
0.3235 0.750821
0.3245 0.748812
0.3255 0.748225
0.3265 0.750151
0.3275 0.753141
0.3285 0.754368
0.3295 0.751974
0.3305 0.747717
0.3315 0.746163
0.3325 0.747305
0.3335 0.751493
0.3345 0.754226
0.3355 0.752692
0.3365 0.749055
0.3375 0.744988
0.3385 0.74483
0.3395 0.748755
0.3405 0.7534
0.3415 0.754046
0.3425 0.753081
0.3435 0.745752
0.3445 0.740946
0.3455 0.746843
0.3465 0.753619
0.3475 0.75623
0.3485 0.748827
0.3495 0.734356
0.3505 0.718975
0.3515 0.698397
0.3525 0.661347
0.3535 0.60538
0.3545 0.556567
0.3555 0.528591
0.3565 0.51395
0.3575 0.506779
0.3585 0.503325
0.3595 0.501569
0.3605 0.500635
0.3615 0.500202
0.3625 0.500029
0.3635 0.499977
0.3645 0.499945
0.3655 0.499879
0.3665 0.499796
0.3675 0.499746
0.3685 0.49973
0.3695 0.499735
0.3705 0.499734
0.3715 0.499709
0.3725 0.499681
0.3735 0.499693
0.3745 0.499744
0.3755 0.499891
0.3765 0.500018
0.3775 0.500043
0.3785 0.500003
0.3795 0.499957
0.3805 0.499973
0.3815 0.500088
0.3825 0.500221
0.3835 0.500266
0.3845 0.500279
0.3855 0.50028
0.3865 0.500283
0.3875 0.50028
0.3885 0.500248
0.3895 0.500176
0.3905 0.500065
0.3915 0.499983
0.3925 0.499968
0.3935 0.499985
0.3945 0.499977
0.3955 0.499893
0.3965 0.499575
0.3975 0.499293
0.3985 0.499258
0.3995 0.499317
0.4005 0.499534
0.4015 0.499743
0.4025 0.499829
0.4035 0.499891
0.4045 0.499948
0.4055 0.500007
0.4065 0.500122
0.4075 0.500253
0.4085 0.500315
0.4095 0.50036
0.4105 0.500388
0.4115 0.500406
0.4125 0.500417
0.4135 0.500422
0.4145 0.500425
0.4155 0.500424
0.4165 0.500413
0.4175 0.500382
0.4185 0.500317
0.4195 0.500202
0.4205 0.50004
0.4215 0.499768
0.4225 0.499539
0.4235 0.499461
0.4245 0.499457
0.4255 0.499503
0.4265 0.499621
0.4275 0.499743
0.4285 0.499898
0.4295 0.500064
0.4305 0.500291
0.4315 0.500507
0.4325 0.500568
0.4335 0.500571
0.4345 0.500495
0.4355 0.5004
0.4365 0.500328
0.4375 0.500253
0.4385 0.500201
0.4395 0.500127
0.4405 0.500054
0.4415 0.499964
0.4425 0.499817
0.4435 0.499651
0.4445 0.499523
0.4455 0.499444
0.4465 0.499409
0.4475 0.499418
0.4485 0.499475
0.4495 0.499573
0.4505 0.499804
0.4515 0.500073
0.4525 0.500288
0.4535 0.500464
0.4545 0.500542
0.4555 0.500587
0.4565 0.500579
0.4575 0.500514
0.4585 0.500289
0.4595 0.500038
0.4605 0.499937
0.4615 0.499876
0.4625 0.499857
0.4635 0.499871
0.4645 0.499897
0.4655 0.499916
0.4665 0.499923
0.4675 0.499919
0.4685 0.499898
0.4695 0.499876
0.4705 0.499866
0.4715 0.499856
0.4725 0.499846
0.4735 0.499836
0.4745 0.499823
0.4755 0.4998
0.4765 0.499774
0.4775 0.499761
0.4785 0.49976
0.4795 0.499779
0.4805 0.499802
0.4815 0.4998
0.4825 0.499777
0.4835 0.499733
0.4845 0.499624
0.4855 0.499522
0.4865 0.499448
0.4875 0.49937
0.4885 0.499322
0.4895 0.499286
0.4905 0.499268
0.4915 0.499266
0.4925 0.499283
0.4935 0.499325
0.4945 0.499383
0.4955 0.4995
0.4965 0.499619
0.4975 0.499704
0.4985 0.499813
0.4995 0.499918
0.5005 0.500055
0.5015 0.500216
0.5025 0.500329
0.5035 0.5004
0.5045 0.500546
0.5055 0.500679
0.5065 0.500732
0.5075 0.500764
0.5085 0.500772
0.5095 0.500754
0.5105 0.500716
0.5115 0.500642
0.5125 0.500552
0.5135 0.500418
0.5145 0.500267
0.5155 0.500087
0.5165 0.499944
0.5175 0.499881
0.5185 0.499844
0.5195 0.499838
0.5205 0.499862
0.5215 0.499904
0.5225 0.499942
0.5235 0.499985
0.5245 0.500016
0.5255 0.500038
0.5265 0.500078
0.5275 0.50012
0.5285 0.500143
0.5295 0.500163
0.5305 0.500179
0.5315 0.500196
0.5325 0.500213
0.5335 0.500233
0.5345 0.500255
0.5355 0.500297
0.5365 0.500335
0.5375 0.500314
0.5385 0.500192
0.5395 0.49985
0.5405 0.499057
0.5415 0.497136
0.5425 0.493288
0.5435 0.485676
0.5445 0.470678
0.5455 0.442784
0.5465 0.394382
0.5475 0.338851
0.5485 0.301912
0.5495 0.281107
0.5505 0.265491
0.5515 0.250957
0.5525 0.24381
0.5535 0.246639
0.5545 0.253427
0.5555 0.259343
0.5565 0.254434
0.5575 0.247106
0.5585 0.246197
0.5595 0.246871
0.5605 0.251481
0.5615 0.25546
0.5625 0.255073
0.5635 0.250785
0.5645 0.247415
0.5655 0.245783
0.5665 0.248695
0.5675 0.252887
0.5685 0.253045
0.5695 0.250141
0.5705 0.246834
0.5715 0.246376
0.5725 0.248432
0.5735 0.251445
0.5745 0.252704
0.5755 0.250879
0.5765 0.248178
0.5775 0.247463
0.5785 0.249365
0.5795 0.251932
0.5805 0.253106
0.5815 0.252559
0.5825 0.251163
0.5835 0.250422
0.5845 0.251012
0.5855 0.253268
0.5865 0.255172
0.5875 0.25555
0.5885 0.254462
0.5895 0.253351
0.5905 0.253522
0.5915 0.255332
0.5925 0.257211
0.5935 0.257269
0.5945 0.25611
0.5955 0.254592
0.5965 0.253927
0.5975 0.253734
0.5985 0.253526
0.5995 0.252771
0.6005 0.250071
0.6015 0.247037
0.6025 0.245922
0.6035 0.245415
0.6045 0.245222
0.6055 0.244981
0.6065 0.244129
0.6075 0.24322
0.6085 0.243065
0.6095 0.243302
0.6105 0.244409
0.6115 0.245475
0.6125 0.245774
0.6135 0.245899
0.6145 0.246036
0.6155 0.246392
0.6165 0.247682
0.6175 0.248968
0.6185 0.249312
0.6195 0.2494
0.6205 0.24944
0.6215 0.249648
0.6225 0.250526
0.6235 0.251342
0.6245 0.251424
0.6255 0.251155
0.6265 0.250778
0.6275 0.250616
0.6285 0.250659
0.6295 0.250733
0.6305 0.250619
0.6315 0.250166
0.6325 0.249584
0.6335 0.249225
0.6345 0.249023
0.6355 0.248969
0.6365 0.248979
0.6375 0.24896
0.6385 0.248784
0.6395 0.248608
0.6405 0.248638
0.6415 0.248809
0.6425 0.249352
0.6435 0.249841
0.6445 0.249964
0.6455 0.249991
0.6465 0.250022
0.6475 0.250147
0.6485 0.250519
0.6495 0.250956
0.6505 0.251149
0.6515 0.251174
0.6525 0.250867
0.6535 0.250524
0.6545 0.250511
0.6555 0.250809
0.6565 0.251071
0.6575 0.251001
0.6585 0.250455
0.6595 0.249867
0.6605 0.249738
0.6615 0.249816
0.6625 0.249914
0.6635 0.249834
0.6645 0.249426
0.6655 0.249021
0.6665 0.249053
0.6675 0.249421
0.6685 0.250148
0.6695 0.25066
0.6705 0.25052
0.6715 0.249419
0.6725 0.248503
0.6735 0.248638
0.6745 0.250263
0.6755 0.251794
0.6765 0.251866
0.6775 0.250636
0.6785 0.249305
0.6795 0.249194
0.6805 0.250109
0.6815 0.251058
0.6825 0.250963
0.6835 0.249627
0.6845 0.248325
0.6855 0.248288
0.6865 0.249449
0.6875 0.250672
0.6885 0.250741
0.6895 0.250064
0.6905 0.249266
0.6915 0.249251
0.6925 0.249969
0.6935 0.251076
0.6945 0.251739
0.6955 0.251189
0.6965 0.249363
0.6975 0.248047
0.6985 0.248485
0.6995 0.25045
0.7005 0.252016
0.7015 0.252037
0.7025 0.249937
0.7035 0.248004
0.7045 0.248023
0.7055 0.250259
0.7065 0.252278
0.7075 0.251821
0.7085 0.249059
0.7095 0.246736
0.7105 0.246866
0.7115 0.250324
0.7125 0.253845
0.7135 0.253778
0.7145 0.251224
0.7155 0.248045
0.7165 0.247558
0.7175 0.249683
0.7185 0.253074
0.7195 0.254582
0.7205 0.25249
0.7215 0.24767
0.7225 0.244086
0.7235 0.245532
0.7245 0.251634
0.7255 0.255857
0.7265 0.253491
0.7275 0.247577
0.7285 0.243564
0.7295 0.244394
0.7305 0.2512
0.7315 0.257173
0.7325 0.256579
0.7335 0.247727
0.7345 0.241426
0.7355 0.244513
0.7365 0.251015
0.7375 0.259528
0.7385 0.260269
0.7395 0.252242
0.7405 0.24302
0.7415 0.241668
0.7425 0.24348
0.7435 0.258122
0.7445 0.267941
0.7455 0.256131
0.7465 0.242492
0.7475 0.23705
0.7485 0.251609
0.7495 0.280905
0.7505 0.312515
0.7515 0.354473
0.7525 0.428619
0.7535 0.539859
0.7545 0.636791
0.7555 0.692629
0.7565 0.722593
0.7575 0.737872
0.7585 0.74519
0.7595 0.748496
0.7605 0.749957
0.7615 0.750549
0.7625 0.750748
0.7635 0.75077
0.7645 0.750709
0.7655 0.750514
0.7665 0.750282
0.7675 0.750099
0.7685 0.749909
0.7695 0.749644
0.7705 0.749398
0.7715 0.749244
0.7725 0.749122
0.7735 0.749063
0.7745 0.749033
0.7755 0.749036
0.7765 0.749076
0.7775 0.749153
0.7785 0.749254
0.7795 0.749455
0.7805 0.749695
0.7815 0.749985
0.7825 0.750317
0.7835 0.750754
0.7845 0.751121
0.7855 0.751329
0.7865 0.751486
0.7875 0.751561
0.7885 0.751578
0.7895 0.751535
0.7905 0.751434
0.7915 0.751285
0.7925 0.750994
0.7935 0.750644
0.7945 0.75013
0.7955 0.749641
0.7965 0.749312
0.7975 0.749042
0.7985 0.748909
0.7995 0.748829
0.8005 0.748809
0.8015 0.748856
0.8025 0.748977
0.8035 0.749139
0.8045 0.749428
0.8055 0.749794
0.8065 0.750128
0.8075 0.750551
0.8085 0.750907
0.8095 0.75113
0.8105 0.751292
0.8115 0.751381
0.8125 0.751402
0.8135 0.751357
0.8145 0.751237
0.8155 0.751061
0.8165 0.750736
0.8175 0.750355
0.8185 0.749815
0.8195 0.749215
0.8205 0.748863
0.8215 0.748596
0.8225 0.748429
0.8235 0.748334
0.8245 0.748306
0.8255 0.748345
0.8265 0.748447
0.8275 0.748606
0.8285 0.748959
0.8295 0.749367
0.8305 0.749615
0.8315 0.75011
0.8325 0.750604
0.8335 0.750929
0.8345 0.751194
0.8355 0.75132
0.8365 0.751377
0.8375 0.75134
0.8385 0.751177
0.8395 0.750791
0.8405 0.74995
0.8415 0.748153
0.8425 0.744208
0.8435 0.736393
0.8445 0.721141
0.8455 0.692754
0.8465 0.644036
0.8475 0.588331
0.8485 0.551158
0.8495 0.530137
0.8505 0.514338
0.8515 0.499768
0.8525 0.492453
0.8535 0.49554
0.8545 0.502793
0.8555 0.508899
0.8565 0.504391
0.8575 0.497359
0.8585 0.496603
0.8595 0.497398
0.8605 0.502073
0.8615 0.506088
0.8625 0.505716
0.8635 0.501429
0.8645 0.49807
0.8655 0.496453
0.8665 0.499505
0.8675 0.503774
0.8685 0.504096
0.8695 0.500551
0.8705 0.496611
0.8715 0.496069
0.8725 0.497917
0.8735 0.500808
0.8745 0.501988
0.8755 0.499856
0.8765 0.496808
0.8775 0.496278
0.8785 0.498355
0.8795 0.50111
0.8805 0.502411
0.8815 0.501864
0.8825 0.50034
0.8835 0.499399
0.8845 0.499725
0.8855 0.501373
0.8865 0.502689
0.8875 0.502738
0.8885 0.500933
0.8895 0.499094
0.8905 0.498955
0.8915 0.499971
0.8925 0.501172
0.8935 0.50127
0.8945 0.500015
0.8955 0.49872
0.8965 0.498658
0.8975 0.499534
0.8985 0.500501
0.8995 0.500463
0.9005 0.499478
0.9015 0.498307
0.9025 0.498181
0.9035 0.499199
0.9045 0.500509
0.9055 0.500898
0.9065 0.500687
0.9075 0.500248
0.9085 0.49998
0.9095 0.500057
0.9105 0.500516
0.9115 0.500894
0.9125 0.500882
0.9135 0.500268
0.9145 0.499655
0.9155 0.49963
0.9165 0.500127
0.9175 0.500593
0.9185 0.500543
0.9195 0.500011
0.9205 0.499558
0.9215 0.499617
0.9225 0.50036
0.9235 0.501031
0.9245 0.500987
0.9255 0.500155
0.9265 0.499309
0.9275 0.499242
0.9285 0.499837
0.9295 0.5005
0.9305 0.500519
0.9315 0.500046
0.9325 0.499471
0.9335 0.499316
0.9345 0.499379
0.9355 0.499581
0.9365 0.499747
0.9375 0.499818
0.9385 0.499868
0.9395 0.499959
0.9405 0.500161
0.9415 0.500502
0.9425 0.500825
0.9435 0.501116
0.9445 0.501342
0.9455 0.501683
0.9465 0.501972
0.9475 0.502065
0.9485 0.501987
0.9495 0.501696
0.9505 0.500883
0.9515 0.50014
0.9525 0.499832
0.9535 0.499554
0.9545 0.49928
0.9555 0.499066
0.9565 0.49876
0.9575 0.498523
0.9585 0.498442
0.9595 0.498407
0.9605 0.498395
0.9615 0.498359
0.9625 0.498348
0.9635 0.498453
0.9645 0.498727
0.9655 0.499382
0.9665 0.499924
0.9675 0.500033
0.9685 0.499989
0.9695 0.500019
0.9705 0.500313
0.9715 0.501248
0.9725 0.502025
0.9735 0.502006
0.9745 0.501214
0.9755 0.500256
0.9765 0.499678
0.9775 0.499152
0.9785 0.498354
0.9795 0.496679
0.9805 0.493604
0.9815 0.48842
0.9825 0.481448
0.9835 0.468396
0.9845 0.447961
0.9855 0.41909
0.9865 0.370168
0.9875 0.315217
0.9885 0.201658
0.9895 0.0482333
0.9905 -0.121371
0.9915 -0.491314
0.9925 -0.882925
0.9935 -1.32349
0.9945 -2.2527
0.9955 -2.95527
0.9965 -3.33184
0.9975 -3.61413
0.9985 -3.70406
0.9995 -3.59279

# time= 1
0.0005 -2.30938
0.0015 -2.06223
0.0025 -1.82446
0.0035 -1.46111
0.0045 -1.03754
0.0055 -0.634737
0.0065 -0.238118
0.0075 0.0980238
0.0085 0.278543
0.0095 0.467163
0.0105 0.620322
0.0115 0.694744
0.0125 0.757739
0.0135 0.848553
0.0145 0.927244
0.0155 0.953737
0.0165 0.9636
0.0175 0.962052
0.0185 0.964138
0.0195 0.977748
0.0205 0.995257
0.0215 1.00553
0.0225 1.00326
0.0235 0.99406
0.0245 0.987792
0.0255 0.989324
0.0265 1.00009
0.0275 1.0092
0.0285 1.00982
0.0295 0.999146
0.0305 0.988314
0.0315 0.988416
0.0325 0.99948
0.0335 1.0104
0.0345 1.01106
0.0355 1.00289
0.0365 0.993849
0.0375 0.993356
0.0385 0.997959
0.0395 1.00386
0.0405 1.00543
0.0415 1.00313
0.0425 0.999091
0.0435 0.996758
0.0445 0.997781
0.0455 1.00092
0.0465 1.00319
0.0475 1.00291
0.0485 0.998998
0.0495 0.995576
0.0505 0.995632
0.0515 1.00025
0.0525 1.0047
0.0535 1.00445
0.0545 0.999055
0.0555 0.993829
0.0565 0.993875
0.0575 0.999292
0.0585 1.00492
0.0595 1.00526
0.0605 1.00134
0.0615 0.996788
0.0625 0.996216
0.0635 0.998002
0.0645 1.00048
0.0655 1.00146
0.0665 1.00108
0.0675 1.00003
0.0685 0.999266
0.0695 0.999342
0.0705 1.00052
0.0715 1.00152
0.0725 1.00139
0.0735 0.999707
0.0745 0.998243
0.0755 0.998474
0.0765 1.00086
0.0775 1.00298
0.0785 1.0028
0.0795 1.00006
0.0805 0.997443
0.0815 0.997419
0.0825 0.999945
0.0835 1.00257
0.0845 1.00264
0.0855 1.00056
0.0865 0.998126
0.0875 0.997642
0.0885 0.998063
0.0895 0.999057
0.0905 0.999841
0.0915 1.00011
0.0925 0.99996
0.0935 0.999789
0.0945 0.999926
0.0955 1.0005
0.0965 1.00096
0.0975 1.00087
0.0985 1.00038
0.0995 1.00003
0.1005 1.00024
0.1015 1.00125
0.1025 1.00208
0.1035 1.002
0.1045 1.00062
0.1055 0.999244
0.1065 0.999143
0.1075 1.00011
0.1085 1.00107
0.1095 1.00092
0.1105 0.99949
0.1115 0.997827
0.1125 0.997319
0.1135 0.997295
0.1145 0.997973
0.1155 0.998726
0.1165 0.99905
0.1175 0.999337
0.1185 0.999598
0.1195 0.999874
0.1205 1.00031
0.1215 1.00069
0.1225 1.00083
0.1235 1.00089
0.1245 1.00099
0.1255 1.0012
0.1265 1.00148
0.1275 1.00163
0.1285 1.00149
0.1295 1.00063
0.1305 0.999802
0.1315 0.999717
0.1325 1.00013
0.1335 1.00048
0.1345 1.00027
0.1355 0.999303
0.1365 0.998149
0.1375 0.997661
0.1385 0.997527
0.1395 0.997647
0.1405 0.998014
0.1415 0.99859
0.1425 0.99904
0.1435 0.999697
0.1445 1.00039
0.1455 1.00075
0.1465 1.00097
0.1475 1.00098
0.1485 1.00058
0.1495 1.00016
0.1505 1.00015
0.1515 1.00051
0.1525 1.00089
0.1535 1.00091
0.1545 1.00074
0.1555 1.00026
0.1565 0.999735
0.1575 0.999391
0.1585 0.99895
0.1595 0.998667
0.1605 0.998537
0.1615 0.998509
0.1625 0.998644
0.1635 0.998927
0.1645 0.999429
0.1655 0.999825
0.1665 0.999913
0.1675 0.999748
0.1685 0.999614
0.1695 0.999745
0.1705 1.00044
0.1715 1.00119
0.1725 1.00139
0.1735 1.00144
0.1745 1.00138
0.1755 1.00133
0.1765 1.00132
0.1775 1.00129
0.1785 1.0012
0.1795 1.00086
0.1805 1.00048
0.1815 1.00022
0.1825 0.99989
0.1835 0.999512
0.1845 0.999204
0.1855 0.998661
0.1865 0.998141
0.1875 0.998097
0.1885 0.998331
0.1895 0.999297
0.1905 1.00019
0.1915 1.00033
0.1925 0.999962
0.1935 0.999572
0.1945 0.999667
0.1955 1.00044
0.1965 1.00121
0.1975 1.00128
0.1985 1.00095
0.1995 1.00053
0.2005 1.00041
0.2015 1.00058
0.2025 1.00081
0.2035 1.00081
0.2045 1.00047
0.2055 1.00007
0.2065 0.999937
0.2075 0.999904
0.2085 0.999842
0.2095 0.999638
0.2105 0.999119
0.2115 0.998498
0.2125 0.998247
0.2135 0.998439
0.2145 0.999765
0.2155 1.00095
0.2165 1.00094
0.2175 0.999732
0.2185 0.998592
0.2195 0.998656
0.2205 1.00005
0.2215 1.0015
0.2225 1.00161
0.2235 1.00063
0.2245 0.999506
0.2255 0.999385
0.2265 1.00015
0.2275 1.00102
0.2285 1.00105
0.2295 1.00051
0.2305 0.999854
0.2315 0.999759
0.2325 1.00007
0.2335 1.00051
0.2345 1.00061
0.2355 1.00004
0.2365 0.998726
0.2375 0.99778
0.2385 0.998027
0.2395 1.00039
0.2405 1.00246
0.2415 1.0023
0.2425 0.999577
0.2435 0.99696
0.2445 0.996974
0.2455 0.999639
0.2465 1.00238
0.2475 1.00253
0.2485 1.00035
0.2495 0.998075
0.2505 0.998049
0.2515 0.999766
0.2525 1.00171
0.2535 1.00182
0.2545 1.00063
0.2555 0.998991
0.2565 0.998425
0.2575 0.999523
0.2585 1.00147
0.2595 1.00254
0.2605 1.0017
0.2615 0.998725
0.2625 0.996416
0.2635 0.996655
0.2645 1.00121
0.2655 1.00535
0.2665 1.00505
0.2675 0.999667
0.2685 0.994216
0.2695 0.994202
0.2705 0.999694
0.2715 1.00518
0.2725 1.00498
0.2735 1.00059
0.2745 0.995514
0.2755 0.995105
0.2765 0.998872
0.2775 1.00441
0.2785 1.00648
0.2795 1.00313
0.2805 0.997123
0.2815 0.99416
0.2825 0.997243
0.2835 1.00597
0.2845 1.0113
0.2855 1.00812
0.2865 1.00019
0.2875 0.994253
0.2885 0.995925
0.2895 1.00585
0.2905 1.01246
0.2915 1.01077
0.2925 0.994673
0.2935 0.974029
0.2945 0.954675
0.2955 0.930963
0.2965 0.904875
0.2975 0.858665
0.2985 0.807116
0.2995 0.770378
0.3005 0.729949
0.3015 0.693224
0.3025 0.641628
0.3035 0.595171
0.3045 0.568986
0.3055 0.54511
0.3065 0.525626
0.3075 0.504843
0.3085 0.488665
0.3095 0.486817
0.3105 0.493535
0.3115 0.503513
0.3125 0.505164
0.3135 0.499348
0.3145 0.491608
0.3155 0.488619
0.3165 0.494071
0.3175 0.502882
0.3185 0.506065
0.3195 0.503188
0.3205 0.497241
0.3215 0.493922
0.3225 0.49601
0.3235 0.501535
0.3245 0.505284
0.3255 0.504863
0.3265 0.499742
0.3275 0.495304
0.3285 0.49508
0.3295 0.500496
0.3305 0.505909
0.3315 0.505845
0.3325 0.500266
0.3335 0.494752
0.3345 0.494403
0.3355 0.498432
0.3365 0.50291
0.3375 0.503166
0.3385 0.500858
0.3395 0.497907
0.3405 0.497164
0.3415 0.498367
0.3425 0.500445
0.3435 0.501665
0.3445 0.501198
0.3455 0.499682
0.3465 0.498587
0.3475 0.498749
0.3485 0.500708
0.3495 0.50241
0.3505 0.502382
0.3515 0.500055
0.3525 0.49781
0.3535 0.497924
0.3545 0.500595
0.3555 0.50318
0.3565 0.503136
0.3575 0.500374
0.3585 0.497505
0.3595 0.497314
0.3605 0.499188
0.3615 0.501392
0.3625 0.501692
0.3635 0.50081
0.3645 0.499594
0.3655 0.49916
0.3665 0.499407
0.3675 0.500002
0.3685 0.500435
0.3695 0.500434
0.3705 0.499892
0.3715 0.499436
0.3725 0.499521
0.3735 0.500352
0.3745 0.501061
0.3755 0.500943
0.3765 0.499709
0.3775 0.498603
0.3785 0.498666
0.3795 0.499986
0.3805 0.501243
0.3815 0.501224
0.3825 0.499896
0.3835 0.498524
0.3845 0.498468
0.3855 0.499383
0.3865 0.500499
0.3875 0.500792
0.3885 0.500645
0.3895 0.500274
0.3905 0.499989
0.3915 0.499921
0.3925 0.500082
0.3935 0.500234
0.3945 0.500211
0.3955 0.499981
0.3965 0.499794
0.3975 0.499853
0.3985 0.500096
0.3995 0.500267
0.4005 0.500164
0.4015 0.499605
0.4025 0.499131
0.4035 0.499149
0.4045 0.499776
0.4055 0.500397
0.4065 0.500421
0.4075 0.499893
0.4085 0.499347
0.4095 0.499362
0.4105 0.499818
0.4115 0.50039
0.4125 0.500624
0.4135 0.50067
0.4145 0.500494
0.4155 0.500306
0.4165 0.500276
0.4175 0.500322
0.4185 0.500382
0.4195 0.500372
0.4205 0.500222
0.4215 0.500068
0.4225 0.500039
0.4235 0.50004
0.4245 0.500021
0.4255 0.49994
0.4265 0.499737
0.4275 0.499578
0.4285 0.499589
0.4295 0.499824
0.4305 0.5001
0.4315 0.500183
0.4325 0.500193
0.4335 0.500175
0.4345 0.500181
0.4355 0.500281
0.4365 0.500385
0.4375 0.500376
0.4385 0.50027
0.4395 0.500139
0.4405 0.500095
0.4415 0.500115
0.4425 0.50022
0.4435 0.500356
0.4445 0.500437
0.4455 0.500481
0.4465 0.500476
0.4475 0.500417
0.4485 0.500306
0.4495 0.499999
0.4505 0.499668
0.4515 0.499532
0.4525 0.499442
0.4535 0.499411
0.4545 0.499437
0.4555 0.499508
0.4565 0.499687
0.4575 0.499887
0.4585 0.499976
0.4595 0.500019
0.4605 0.499999
0.4615 0.499901
0.4625 0.499823
0.4635 0.499832
0.4645 0.499946
0.4655 0.500043
0.4665 0.500034
0.4675 0.499957
0.4685 0.499902
0.4695 0.499936
0.4705 0.500109
0.4715 0.50025
0.4725 0.500229
0.4735 0.499977
0.4745 0.499688
0.4755 0.499605
0.4765 0.499591
0.4775 0.499605
0.4785 0.499599
0.4795 0.499509
0.4805 0.499427
0.4815 0.499451
0.4825 0.499533
0.4835 0.49959
0.4845 0.499564
0.4855 0.49936
0.4865 0.49915
0.4875 0.499166
0.4885 0.499364
0.4895 0.499879
0.4905 0.500285
0.4915 0.500277
0.4925 0.499695
0.4935 0.49914
0.4945 0.499155
0.4955 0.49977
0.4965 0.500413
0.4975 0.500455
0.4985 0.500018
0.4995 0.499513
0.5005 0.499469
0.5015 0.499757
0.5025 0.500131
0.5035 0.500253
0.5045 0.500218
0.5055 0.50015
0.5065 0.50017
0.5075 0.50042
0.5085 0.500671
0.5095 0.500614
0.5105 0.500331
0.5115 0.499949
0.5125 0.499765
0.5135 0.500027
0.5145 0.501041
0.5155 0.501857
0.5165 0.501763
0.5175 0.500313
0.5185 0.498905
0.5195 0.498849
0.5205 0.50004
0.5215 0.501305
0.5225 0.501347
0.5235 0.500209
0.5245 0.498958
0.5255 0.49884
0.5265 0.49954
0.5275 0.500371
0.5285 0.500473
0.5295 0.500047
0.5305 0.499542
0.5315 0.499564
0.5325 0.500034
0.5335 0.500674
0.5345 0.500948
0.5355 0.500547
0.5365 0.499376
0.5375 0.498531
0.5385 0.49885
0.5395 0.501004
0.5405 0.502818
0.5415 0.502612
0.5425 0.499688
0.5435 0.496868
0.5445 0.496804
0.5455 0.499367
0.5465 0.502033
0.5475 0.502148
0.5485 0.49991
0.5495 0.497602
0.5505 0.497589
0.5515 0.499331
0.5525 0.501336
0.5535 0.501517
0.5545 0.500447
0.5555 0.498959
0.5565 0.498493
0.5575 0.499715
0.5585 0.501787
0.5595 0.502981
0.5605 0.502227
0.5615 0.49923
0.5625 0.496876
0.5635 0.49711
0.5645 0.501546
0.5655 0.505538
0.5665 0.505178
0.5675 0.499662
0.5685 0.494112
0.5695 0.494069
0.5705 0.499534
0.5715 0.505007
0.5725 0.50481
0.5735 0.500418
0.5745 0.49535
0.5755 0.494961
0.5765 0.498757
0.5775 0.504328
0.5785 0.50644
0.5795 0.503132
0.5805 0.49717
0.5815 0.494262
0.5825 0.497403
0.5835 0.506165
0.5845 0.511491
0.5855 0.508334
0.5865 0.500425
0.5875 0.494451
0.5885 0.496005
0.5895 0.505816
0.5905 0.512356
0.5915 0.510578
0.5925 0.494456
0.5935 0.473823
0.5945 0.454516
0.5955 0.431002
0.5965 0.404862
0.5975 0.359161
0.5985 0.308022
0.5995 0.270823
0.6005 0.22993
0.6015 0.192806
0.6025 0.141322
0.6035 0.0953337
0.6045 0.0692592
0.6055 0.0454211
0.6065 0.0259725
0.6075 0.0052405
0.6085 -0.0109394
0.6095 -0.0127511
0.6105 -0.00621555
0.6115 0.00360008
0.6125 0.0051703
0.6135 -0.000867106
0.6145 -0.00885212
0.6155 -0.011755
0.6165 -0.00633651
0.6175 0.00247781
0.6185 0.00585794
0.6195 0.00310513
0.6205 -0.00274501
0.6215 -0.00600235
0.6225 -0.00387485
0.6235 0.00165326
0.6245 0.00540038
0.6255 0.00498162
0.6265 -0.000170946
0.6275 -0.00464429
0.6285 -0.00489124
0.6295 0.000459976
0.6305 0.00579525
0.6315 0.00568718
0.6325 2.13231e-05
0.6335 -0.00555648
0.6345 -0.00591701
0.6355 -0.00192419
0.6365 0.00253128
0.6375 0.00280292
0.6385 0.000519714
0.6395 -0.00240156
0.6405 -0.00311941
0.6415 -0.0018815
0.6425 0.000242512
0.6435 0.00151754
0.6445 0.0010997
0.6455 -0.000351846
0.6465 -0.00139666
0.6475 -0.00120137
0.6485 0.000795636
0.6495 0.00252425
0.6505 0.00250976
0.6515 0.000194861
0.6525 -0.00204708
0.6535 -0.00193258
0.6545 0.000736263
0.6555 0.00331189
0.6565 0.00326025
0.6575 0.000474838
0.6585 -0.00242085
0.6595 -0.00262585
0.6605 -0.000782636
0.6615 0.00138729
0.6625 0.00167032
0.6635 0.00075902
0.6645 -0.000491
0.6655 -0.000944202
0.6665 -0.00071741
0.6675 -0.00012766
0.6685 0.000303992
0.6695 0.000302241
0.6705 -0.000210056
0.6715 -0.000633959
0.6725 -0.000532299
0.6735 0.000361229
0.6745 0.00113062
0.6755 0.00103243
0.6765 -0.000175613
0.6775 -0.00127996
0.6785 -0.00123172
0.6795 2.76114e-05
0.6805 0.0012047
0.6815 0.00114768
0.6825 -0.000244193
0.6835 -0.00164871
0.6845 -0.00170191
0.6855 -0.000768744
0.6865 0.00037805
0.6875 0.000705826
0.6885 0.000592165
0.6895 0.000255699
0.6905 -4.28652e-06
0.6915 -5.53435e-05
0.6925 0.000153051
0.6935 0.000352856
0.6945 0.00034723
0.6955 0.000164472
0.6965 2.15584e-05
0.6975 9.78752e-05
0.6985 0.000343746
0.6995 0.000514127
0.7005 0.00041748
0.7015 -0.000233106
0.7025 -0.000812873
0.7035 -0.000823999
0.7045 -0.000287968
0.7055 0.000228784
0.7065 0.000204445
0.7075 -0.000395106
0.7085 -0.000939047
0.7095 -0.000865171
0.7105 -0.000226411
0.7115 0.00056267
0.7125 0.000907969
0.7135 0.00100771
0.7145 0.000863692
0.7155 0.000651262
0.7165 0.000565114
0.7175 0.000519571
0.7185 0.000474337
0.7195 0.000403377
0.7205 0.000193651
0.7215 5.55142e-06
0.7225 -5.01927e-05
0.7235 -8.35965e-05
0.7245 -0.000148563
0.7255 -0.000290436
0.7265 -0.000572235
0.7275 -0.000789428
0.7285 -0.000797358
0.7295 -0.000510105
0.7305 -0.000197049
0.7315 -0.000166818
0.7325 -0.000244469
0.7335 -0.000288461
0.7345 -0.000168274
0.7355 0.000381375
0.7365 0.00100541
0.7375 0.00122135
0.7385 0.00126571
0.7395 0.00118734
0.7405 0.000973061
0.7415 0.000704919
0.7425 0.000465528
0.7435 0.000284746
0.7445 0.000141359
0.7455 -0.000110164
0.7465 -0.000333652
0.7475 -0.000482279
0.7485 -0.000606662
0.7495 -0.000679109
0.7505 -0.000783964
0.7515 -0.000862886
0.7525 -0.000870459
0.7535 -0.000816442
0.7545 -0.000598298
0.7555 -0.000367524
0.7565 -0.00025462
0.7575 -0.000142046
0.7585 -1.81091e-05
0.7595 0.000154102
0.7605 0.000637293
0.7615 0.00111038
0.7625 0.00124989
0.7635 0.00126641
0.7645 0.00115955
0.7655 0.000968099
0.7665 0.000630179
0.7675 0.000221358
0.7685 -7.43697e-05
0.7695 -0.000314989
0.7705 -0.000632456
0.7715 -0.000847393
0.7725 -0.000972066
0.7735 -0.00107314
0.7745 -0.00112662
0.7755 -0.00112886
0.7765 -0.00106844
0.7775 -0.000940385
0.7785 -0.000752629
0.7795 -0.000341013
0.7805 1.13047e-05
0.7815 0.000166408
0.7825 0.000303194
0.7835 0.000434802
0.7845 0.000572494
0.7855 0.000843451
0.7865 0.00116991
0.7875 0.00133103
0.7885 0.00143254
0.7895 0.00145766
0.7905 0.00140841
0.7915 0.00129424
0.7925 0.00105333
0.7935 0.000745648
0.7945 0.000234465
0.7955 -0.000300222
0.7965 -0.000549046
0.7975 -0.00072824
0.7985 -0.000820843
0.7995 -0.000882117
0.8005 -0.000941006
0.8015 -0.000973933
0.8025 -0.00096845
0.8035 -0.000907013
0.8045 -0.000759097
0.8055 -0.000486067
0.8065 -0.000132321
0.8075 0.000554593
0.8085 0.00117561
0.8095 0.00147816
0.8105 0.00169873
0.8115 0.00177283
0.8125 0.00171168
0.8135 0.00151122
0.8145 0.000891885
0.8155 0.000306375
0.8165 2.66085e-05
0.8175 -0.000263214
0.8185 -0.000523287
0.8195 -0.000710186
0.8205 -0.00107597
0.8215 -0.00145029
0.8225 -0.00157368
0.8235 -0.00161772
0.8245 -0.0015882
0.8255 -0.00149251
0.8265 -0.00134512
0.8275 -0.00110197
0.8285 -0.000881774
0.8295 -0.000581995
0.8305 -0.000225206
0.8315 5.40758e-06
0.8325 0.000371251
0.8335 0.000715237
0.8345 0.00119086
0.8355 0.00166327
0.8365 0.00181092
0.8375 0.00180817
0.8385 0.00162022
0.8395 0.000926858
0.8405 0.000229412
0.8415 -5.4931e-06
0.8425 -0.000177628
0.8435 -0.000318283
0.8445 -0.000485161
0.8455 -0.000935605
0.8465 -0.00133381
0.8475 -0.00141854
0.8485 -0.00139208
0.8495 -0.00121127
0.8505 -0.00101893
0.8515 -0.000913012
0.8525 -0.000723997
0.8535 -0.000541198
0.8545 -0.000215997
0.8555 0.000145052
0.8565 0.000325266
0.8575 0.000590113
0.8585 0.000944999
0.8595 0.00126402
0.8605 0.00166981
0.8615 0.00198666
0.8625 0.00195124
0.8635 0.00161402
0.8645 0.000589857
0.8655 -0.00031228
0.8665 -0.00049927
0.8675 -0.000279938
0.8685 -1.77978e-05
0.8695 -0.000123874
0.8705 -0.000816315
0.8715 -0.00145685
0.8725 -0.00147736
0.8735 -0.00111815
0.8745 -0.000639693
0.8755 -0.000401817
0.8765 -0.000318926
0.8775 -0.000295574
0.8785 -0.000216798
0.8795 8.03557e-05
0.8805 0.0004293
0.8815 0.000574597
0.8825 0.00066824
0.8835 0.000780164
0.8845 0.000969129
0.8855 0.00154292
0.8865 0.00202264
0.8875 0.0019202
0.8885 0.00136331
0.8895 -0.000139387
0.8905 -0.00138469
0.8915 -0.00149922
0.8925 -0.000439197
0.8935 0.000652935
0.8945 0.000624327
0.8955 -0.000593416
0.8965 -0.00183495
0.8975 -0.00186275
0.8985 -0.000889097
0.8995 0.000257514
0.9005 0.000474823
0.9015 0.000147003
0.9025 -0.000324296
0.9035 -0.000425348
0.9045 -7.88837e-06
0.9055 0.000503024
0.9065 0.000588722
0.9075 0.000336211
0.9085 8.16752e-05
0.9095 0.000264683
0.9105 0.00090953
0.9115 0.00173217
0.9125 0.00203701
0.9135 0.0014536
0.9145 -0.000940657
0.9155 -0.00293972
0.9165 -0.00286656
0.9175 -0.000182353
0.9185 0.00243722
0.9195 0.0024675
0.9205 -3.91779e-05
0.9215 -0.00266494
0.9225 -0.00278504
0.9235 -0.000564208
0.9245 0.00191039
0.9255 0.0021503
0.9265 0.000736142
0.9275 -0.000919935
0.9285 -0.00107815
0.9295 -0.000139945
0.9305 0.000973166
0.9315 0.000993687
0.9325 0.00015294
0.9335 -0.00100378
0.9345 -0.00146456
0.9355 -0.000570042
0.9365 0.00183957
0.9375 0.00357427
0.9385 0.00296926
0.9395 -0.0014684
0.9405 -0.00524682
0.9415 -0.00487067
0.9425 0.000866936
0.9435 0.00639916
0.9445 0.00648869
0.9455 0.00131604
0.9465 -0.00404837
0.9475 -0.0042936
0.9485 0.000151783
0.9495 0.00473444
0.9505 0.0047417
0.9515 0.00121246
0.9525 -0.00284104
0.9535 -0.00320149
0.9545 -0.00105381
0.9555 0.00193905
0.9565 0.00291661
0.9575 0.000520873
0.9585 -0.00357083
0.9595 -0.00590948
0.9605 -0.00436888
0.9615 0.00155399
0.9625 0.00618087
0.9635 0.00569139
0.9645 -0.00328495
0.9655 -0.0113777
0.9665 -0.0106924
0.9675 0.000262096
0.9685 0.0112884
0.9695 0.0113299
0.9705 0.000279094
0.9715 -0.0110384
0.9725 -0.0110627
0.9735 -0.0026878
0.9745 0.00651931
0.9755 0.00572295
0.9765 -0.0043013
0.9775 -0.0184301
0.9785 -0.0266787
0.9795 -0.0288881
0.9805 -0.0309575
0.9815 -0.04203
0.9825 -0.0671837
0.9835 -0.108566
0.9845 -0.18085
0.9855 -0.255378
0.9865 -0.334779
0.9875 -0.440793
0.9885 -0.59655
0.9895 -0.801247
0.9905 -1.09434
0.9915 -1.44401
0.9925 -1.82973
0.9935 -2.17468
0.9945 -2.44787
0.9955 -2.61445
0.9965 -2.68637
0.9975 -2.69713
0.9985 -2.64012
0.9995 -2.54487
