
# time= 0
0.0005 1
0.0015 1
0.0025 1
0.0035 1
0.0045 1
0.0055 1
0.0065 1
0.0075 1
0.0085 1
0.0095 1
0.0105 1
0.0115 1
0.0125 1
0.0135 1
0.0145 1
0.0155 1
0.0165 1
0.0175 1
0.0185 1
0.0195 1
0.0205 1
0.0215 1
0.0225 1
0.0235 1
0.0245 1
0.0255 1
0.0265 1
0.0275 1
0.0285 1
0.0295 1
0.0305 1
0.0315 1
0.0325 1
0.0335 1
0.0345 1
0.0355 1
0.0365 1
0.0375 1
0.0385 1
0.0395 1
0.0405 1
0.0415 1
0.0425 1
0.0435 1
0.0445 1
0.0455 1
0.0465 1
0.0475 1
0.0485 1
0.0495 1
0.0505 1
0.0515 1
0.0525 1
0.0535 1
0.0545 1
0.0555 1
0.0565 1
0.0575 1
0.0585 1
0.0595 1
0.0605 1
0.0615 1
0.0625 1
0.0635 1
0.0645 1
0.0655 1
0.0665 1
0.0675 1
0.0685 1
0.0695 1
0.0705 1
0.0715 1
0.0725 1
0.0735 1
0.0745 1
0.0755 1
0.0765 1
0.0775 1
0.0785 1
0.0795 1
0.0805 1
0.0815 1
0.0825 1
0.0835 1
0.0845 1
0.0855 1
0.0865 1
0.0875 1
0.0885 1
0.0895 1
0.0905 1
0.0915 1
0.0925 1
0.0935 1
0.0945 1
0.0955 1
0.0965 1
0.0975 1
0.0985 1
0.0995 1
0.1005 1
0.1015 1
0.1025 1
0.1035 1
0.1045 1
0.1055 1
0.1065 1
0.1075 1
0.1085 1
0.1095 1
0.1105 1
0.1115 1
0.1125 1
0.1135 1
0.1145 1
0.1155 1
0.1165 1
0.1175 1
0.1185 1
0.1195 1
0.1205 1
0.1215 1
0.1225 1
0.1235 1
0.1245 1
0.1255 1
0.1265 1
0.1275 1
0.1285 1
0.1295 1
0.1305 1
0.1315 1
0.1325 1
0.1335 1
0.1345 1
0.1355 1
0.1365 1
0.1375 1
0.1385 1
0.1395 1
0.1405 1
0.1415 1
0.1425 1
0.1435 1
0.1445 1
0.1455 1
0.1465 1
0.1475 1
0.1485 1
0.1495 1
0.1505 1
0.1515 1
0.1525 1
0.1535 1
0.1545 1
0.1555 1
0.1565 1
0.1575 1
0.1585 1
0.1595 1
0.1605 1
0.1615 1
0.1625 1
0.1635 1
0.1645 1
0.1655 1
0.1665 1
0.1675 1
0.1685 1
0.1695 1
0.1705 1
0.1715 1
0.1725 1
0.1735 1
0.1745 1
0.1755 1
0.1765 1
0.1775 1
0.1785 1
0.1795 1
0.1805 1
0.1815 1
0.1825 1
0.1835 1
0.1845 1
0.1855 1
0.1865 1
0.1875 1
0.1885 1
0.1895 1
0.1905 1
0.1915 1
0.1925 1
0.1935 1
0.1945 1
0.1955 1
0.1965 1
0.1975 1
0.1985 1
0.1995 1
0.2005 1
0.2015 1
0.2025 1
0.2035 1
0.2045 1
0.2055 1
0.2065 1
0.2075 1
0.2085 1
0.2095 1
0.2105 1
0.2115 1
0.2125 1
0.2135 1
0.2145 1
0.2155 1
0.2165 1
0.2175 1
0.2185 1
0.2195 1
0.2205 1
0.2215 1
0.2225 1
0.2235 1
0.2245 1
0.2255 1
0.2265 1
0.2275 1
0.2285 1
0.2295 1
0.2305 1
0.2315 1
0.2325 1
0.2335 1
0.2345 1
0.2355 1
0.2365 1
0.2375 1
0.2385 1
0.2395 1
0.2405 1
0.2415 1
0.2425 1
0.2435 1
0.2445 1
0.2455 1
0.2465 1
0.2475 1
0.2485 1
0.2495 1
0.2505 1
0.2515 1
0.2525 1
0.2535 1
0.2545 1
0.2555 1
0.2565 1
0.2575 1
0.2585 1
0.2595 1
0.2605 1
0.2615 1
0.2625 1
0.2635 1
0.2645 1
0.2655 1
0.2665 1
0.2675 1
0.2685 1
0.2695 1
0.2705 1
0.2715 1
0.2725 1
0.2735 1
0.2745 1
0.2755 1
0.2765 1
0.2775 1
0.2785 1
0.2795 1
0.2805 1
0.2815 1
0.2825 1
0.2835 1
0.2845 1
0.2855 1
0.2865 1
0.2875 1
0.2885 1
0.2895 1
0.2905 1
0.2915 1
0.2925 1
0.2935 1
0.2945 1
0.2955 1
0.2965 1
0.2975 1
0.2985 1
0.2995 1
0.3005 0.5
0.3015 0.5
0.3025 0.5
0.3035 0.5
0.3045 0.5
0.3055 0.5
0.3065 0.5
0.3075 0.5
0.3085 0.5
0.3095 0.5
0.3105 0.5
0.3115 0.5
0.3125 0.5
0.3135 0.5
0.3145 0.5
0.3155 0.5
0.3165 0.5
0.3175 0.5
0.3185 0.5
0.3195 0.5
0.3205 0.5
0.3215 0.5
0.3225 0.5
0.3235 0.5
0.3245 0.5
0.3255 0.5
0.3265 0.5
0.3275 0.5
0.3285 0.5
0.3295 0.5
0.3305 0.5
0.3315 0.5
0.3325 0.5
0.3335 0.5
0.3345 0.5
0.3355 0.5
0.3365 0.5
0.3375 0.5
0.3385 0.5
0.3395 0.5
0.3405 0.5
0.3415 0.5
0.3425 0.5
0.3435 0.5
0.3445 0.5
0.3455 0.5
0.3465 0.5
0.3475 0.5
0.3485 0.5
0.3495 0.5
0.3505 0.5
0.3515 0.5
0.3525 0.5
0.3535 0.5
0.3545 0.5
0.3555 0.5
0.3565 0.5
0.3575 0.5
0.3585 0.5
0.3595 0.5
0.3605 0.5
0.3615 0.5
0.3625 0.5
0.3635 0.5
0.3645 0.5
0.3655 0.5
0.3665 0.5
0.3675 0.5
0.3685 0.5
0.3695 0.5
0.3705 0.5
0.3715 0.5
0.3725 0.5
0.3735 0.5
0.3745 0.5
0.3755 0.5
0.3765 0.5
0.3775 0.5
0.3785 0.5
0.3795 0.5
0.3805 0.5
0.3815 0.5
0.3825 0.5
0.3835 0.5
0.3845 0.5
0.3855 0.5
0.3865 0.5
0.3875 0.5
0.3885 0.5
0.3895 0.5
0.3905 0.5
0.3915 0.5
0.3925 0.5
0.3935 0.5
0.3945 0.5
0.3955 0.5
0.3965 0.5
0.3975 0.5
0.3985 0.5
0.3995 0.5
0.4005 0.5
0.4015 0.5
0.4025 0.5
0.4035 0.5
0.4045 0.5
0.4055 0.5
0.4065 0.5
0.4075 0.5
0.4085 0.5
0.4095 0.5
0.4105 0.5
0.4115 0.5
0.4125 0.5
0.4135 0.5
0.4145 0.5
0.4155 0.5
0.4165 0.5
0.4175 0.5
0.4185 0.5
0.4195 0.5
0.4205 0.5
0.4215 0.5
0.4225 0.5
0.4235 0.5
0.4245 0.5
0.4255 0.5
0.4265 0.5
0.4275 0.5
0.4285 0.5
0.4295 0.5
0.4305 0.5
0.4315 0.5
0.4325 0.5
0.4335 0.5
0.4345 0.5
0.4355 0.5
0.4365 0.5
0.4375 0.5
0.4385 0.5
0.4395 0.5
0.4405 0.5
0.4415 0.5
0.4425 0.5
0.4435 0.5
0.4445 0.5
0.4455 0.5
0.4465 0.5
0.4475 0.5
0.4485 0.5
0.4495 0.5
0.4505 0.5
0.4515 0.5
0.4525 0.5
0.4535 0.5
0.4545 0.5
0.4555 0.5
0.4565 0.5
0.4575 0.5
0.4585 0.5
0.4595 0.5
0.4605 0.5
0.4615 0.5
0.4625 0.5
0.4635 0.5
0.4645 0.5
0.4655 0.5
0.4665 0.5
0.4675 0.5
0.4685 0.5
0.4695 0.5
0.4705 0.5
0.4715 0.5
0.4725 0.5
0.4735 0.5
0.4745 0.5
0.4755 0.5
0.4765 0.5
0.4775 0.5
0.4785 0.5
0.4795 0.5
0.4805 0.5
0.4815 0.5
0.4825 0.5
0.4835 0.5
0.4845 0.5
0.4855 0.5
0.4865 0.5
0.4875 0.5
0.4885 0.5
0.4895 0.5
0.4905 0.5
0.4915 0.5
0.4925 0.5
0.4935 0.5
0.4945 0.5
0.4955 0.5
0.4965 0.5
0.4975 0.5
0.4985 0.5
0.4995 0.5
0.5005 0.5
0.5015 0.5
0.5025 0.5
0.5035 0.5
0.5045 0.5
0.5055 0.5
0.5065 0.5
0.5075 0.5
0.5085 0.5
0.5095 0.5
0.5105 0.5
0.5115 0.5
0.5125 0.5
0.5135 0.5
0.5145 0.5
0.5155 0.5
0.5165 0.5
0.5175 0.5
0.5185 0.5
0.5195 0.5
0.5205 0.5
0.5215 0.5
0.5225 0.5
0.5235 0.5
0.5245 0.5
0.5255 0.5
0.5265 0.5
0.5275 0.5
0.5285 0.5
0.5295 0.5
0.5305 0.5
0.5315 0.5
0.5325 0.5
0.5335 0.5
0.5345 0.5
0.5355 0.5
0.5365 0.5
0.5375 0.5
0.5385 0.5
0.5395 0.5
0.5405 0.5
0.5415 0.5
0.5425 0.5
0.5435 0.5
0.5445 0.5
0.5455 0.5
0.5465 0.5
0.5475 0.5
0.5485 0.5
0.5495 0.5
0.5505 0.5
0.5515 0.5
0.5525 0.5
0.5535 0.5
0.5545 0.5
0.5555 0.5
0.5565 0.5
0.5575 0.5
0.5585 0.5
0.5595 0.5
0.5605 0.5
0.5615 0.5
0.5625 0.5
0.5635 0.5
0.5645 0.5
0.5655 0.5
0.5665 0.5
0.5675 0.5
0.5685 0.5
0.5695 0.5
0.5705 0.5
0.5715 0.5
0.5725 0.5
0.5735 0.5
0.5745 0.5
0.5755 0.5
0.5765 0.5
0.5775 0.5
0.5785 0.5
0.5795 0.5
0.5805 0.5
0.5815 0.5
0.5825 0.5
0.5835 0.5
0.5845 0.5
0.5855 0.5
0.5865 0.5
0.5875 0.5
0.5885 0.5
0.5895 0.5
0.5905 0.5
0.5915 0.5
0.5925 0.5
0.5935 0.5
0.5945 0.5
0.5955 0.5
0.5965 0.5
0.5975 0.5
0.5985 0.5
0.5995 0.5
0.6005 0
0.6015 0
0.6025 0
0.6035 0
0.6045 0
0.6055 0
0.6065 0
0.6075 0
0.6085 0
0.6095 0
0.6105 0
0.6115 0
0.6125 0
0.6135 0
0.6145 0
0.6155 0
0.6165 0
0.6175 0
0.6185 0
0.6195 0
0.6205 0
0.6215 0
0.6225 0
0.6235 0
0.6245 0
0.6255 0
0.6265 0
0.6275 0
0.6285 0
0.6295 0
0.6305 0
0.6315 0
0.6325 0
0.6335 0
0.6345 0
0.6355 0
0.6365 0
0.6375 0
0.6385 0
0.6395 0
0.6405 0
0.6415 0
0.6425 0
0.6435 0
0.6445 0
0.6455 0
0.6465 0
0.6475 0
0.6485 0
0.6495 0
0.6505 0
0.6515 0
0.6525 0
0.6535 0
0.6545 0
0.6555 0
0.6565 0
0.6575 0
0.6585 0
0.6595 0
0.6605 0
0.6615 0
0.6625 0
0.6635 0
0.6645 0
0.6655 0
0.6665 0
0.6675 0
0.6685 0
0.6695 0
0.6705 0
0.6715 0
0.6725 0
0.6735 0
0.6745 0
0.6755 0
0.6765 0
0.6775 0
0.6785 0
0.6795 0
0.6805 0
0.6815 0
0.6825 0
0.6835 0
0.6845 0
0.6855 0
0.6865 0
0.6875 0
0.6885 0
0.6895 0
0.6905 0
0.6915 0
0.6925 0
0.6935 0
0.6945 0
0.6955 0
0.6965 0
0.6975 0
0.6985 0
0.6995 0
0.7005 0
0.7015 0
0.7025 0
0.7035 0
0.7045 0
0.7055 0
0.7065 0
0.7075 0
0.7085 0
0.7095 0
0.7105 0
0.7115 0
0.7125 0
0.7135 0
0.7145 0
0.7155 0
0.7165 0
0.7175 0
0.7185 0
0.7195 0
0.7205 0
0.7215 0
0.7225 0
0.7235 0
0.7245 0
0.7255 0
0.7265 0
0.7275 0
0.7285 0
0.7295 0
0.7305 0
0.7315 0
0.7325 0
0.7335 0
0.7345 0
0.7355 0
0.7365 0
0.7375 0
0.7385 0
0.7395 0
0.7405 0
0.7415 0
0.7425 0
0.7435 0
0.7445 0
0.7455 0
0.7465 0
0.7475 0
0.7485 0
0.7495 0
0.7505 0
0.7515 0
0.7525 0
0.7535 0
0.7545 0
0.7555 0
0.7565 0
0.7575 0
0.7585 0
0.7595 0
0.7605 0
0.7615 0
0.7625 0
0.7635 0
0.7645 0
0.7655 0
0.7665 0
0.7675 0
0.7685 0
0.7695 0
0.7705 0
0.7715 0
0.7725 0
0.7735 0
0.7745 0
0.7755 0
0.7765 0
0.7775 0
0.7785 0
0.7795 0
0.7805 0
0.7815 0
0.7825 0
0.7835 0
0.7845 0
0.7855 0
0.7865 0
0.7875 0
0.7885 0
0.7895 0
0.7905 0
0.7915 0
0.7925 0
0.7935 0
0.7945 0
0.7955 0
0.7965 0
0.7975 0
0.7985 0
0.7995 0
0.8005 0
0.8015 0
0.8025 0
0.8035 0
0.8045 0
0.8055 0
0.8065 0
0.8075 0
0.8085 0
0.8095 0
0.8105 0
0.8115 0
0.8125 0
0.8135 0
0.8145 0
0.8155 0
0.8165 0
0.8175 0
0.8185 0
0.8195 0
0.8205 0
0.8215 0
0.8225 0
0.8235 0
0.8245 0
0.8255 0
0.8265 0
0.8275 0
0.8285 0
0.8295 0
0.8305 0
0.8315 0
0.8325 0
0.8335 0
0.8345 0
0.8355 0
0.8365 0
0.8375 0
0.8385 0
0.8395 0
0.8405 0
0.8415 0
0.8425 0
0.8435 0
0.8445 0
0.8455 0
0.8465 0
0.8475 0
0.8485 0
0.8495 0
0.8505 0
0.8515 0
0.8525 0
0.8535 0
0.8545 0
0.8555 0
0.8565 0
0.8575 0
0.8585 0
0.8595 0
0.8605 0
0.8615 0
0.8625 0
0.8635 0
0.8645 0
0.8655 0
0.8665 0
0.8675 0
0.8685 0
0.8695 0
0.8705 0
0.8715 0
0.8725 0
0.8735 0
0.8745 0
0.8755 0
0.8765 0
0.8775 0
0.8785 0
0.8795 0
0.8805 0
0.8815 0
0.8825 0
0.8835 0
0.8845 0
0.8855 0
0.8865 0
0.8875 0
0.8885 0
0.8895 0
0.8905 0
0.8915 0
0.8925 0
0.8935 0
0.8945 0
0.8955 0
0.8965 0
0.8975 0
0.8985 0
0.8995 0
0.9005 0
0.9015 0
0.9025 0
0.9035 0
0.9045 0
0.9055 0
0.9065 0
0.9075 0
0.9085 0
0.9095 0
0.9105 0
0.9115 0
0.9125 0
0.9135 0
0.9145 0
0.9155 0
0.9165 0
0.9175 0
0.9185 0
0.9195 0
0.9205 0
0.9215 0
0.9225 0
0.9235 0
0.9245 0
0.9255 0
0.9265 0
0.9275 0
0.9285 0
0.9295 0
0.9305 0
0.9315 0
0.9325 0
0.9335 0
0.9345 0
0.9355 0
0.9365 0
0.9375 0
0.9385 0
0.9395 0
0.9405 0
0.9415 0
0.9425 0
0.9435 0
0.9445 0
0.9455 0
0.9465 0
0.9475 0
0.9485 0
0.9495 0
0.9505 0
0.9515 0
0.9525 0
0.9535 0
0.9545 0
0.9555 0
0.9565 0
0.9575 0
0.9585 0
0.9595 0
0.9605 0
0.9615 0
0.9625 0
0.9635 0
0.9645 0
0.9655 0
0.9665 0
0.9675 0
0.9685 0
0.9695 0
0.9705 0
0.9715 0
0.9725 0
0.9735 0
0.9745 0
0.9755 0
0.9765 0
0.9775 0
0.9785 0
0.9795 0
0.9805 0
0.9815 0
0.9825 0
0.9835 0
0.9845 0
0.9855 0
0.9865 0
0.9875 0
0.9885 0
0.9895 0
0.9905 0
0.9915 0
0.9925 0
0.9935 0
0.9945 0
0.9955 0
0.9965 0
0.9975 0
0.9985 0
0.9995 0

# time= 0.25
0.0005 0.50929
0.0015 0.520127
0.0025 0.528485
0.0035 0.532495
0.0045 0.533947
0.0055 0.53318
0.0065 0.530438
0.0075 0.525021
0.0085 0.516313
0.0095 0.511252
0.0105 0.50727
0.0115 0.503929
0.0125 0.501947
0.0135 0.500627
0.0145 0.499794
0.0155 0.499327
0.0165 0.499173
0.0175 0.499238
0.0185 0.499472
0.0195 0.500182
0.0205 0.500947
0.0215 0.501394
0.0225 0.501737
0.0235 0.501892
0.0245 0.501916
0.0255 0.501833
0.0265 0.501564
0.0275 0.501096
0.0285 0.500467
0.0295 0.499766
0.0305 0.499306
0.0315 0.499148
0.0325 0.499251
0.0335 0.499736
0.0345 0.500348
0.0355 0.500673
0.0365 0.500854
0.0375 0.500878
0.0385 0.500671
0.0395 0.50044
0.0405 0.500394
0.0415 0.500423
0.0425 0.500379
0.0435 0.499457
0.0445 0.495385
0.0455 0.482335
0.0465 0.446924
0.0475 0.363761
0.0485 0.252811
0.0495 0.196694
0.0505 0.185442
0.0515 0.213097
0.0525 0.295242
0.0535 0.313217
0.0545 0.274366
0.0555 0.220319
0.0565 0.197677
0.0575 0.220526
0.0585 0.27151
0.0595 0.299681
0.0605 0.281041
0.0615 0.234079
0.0625 0.210813
0.0635 0.22235
0.0645 0.256936
0.0655 0.282458
0.0665 0.284945
0.0675 0.249215
0.0685 0.222319
0.0695 0.222843
0.0705 0.246959
0.0715 0.272674
0.0725 0.273028
0.0735 0.251666
0.0745 0.229096
0.0755 0.221531
0.0765 0.24008
0.0775 0.262739
0.0785 0.265521
0.0795 0.260896
0.0805 0.247505
0.0815 0.24269
0.0825 0.245772
0.0835 0.253597
0.0845 0.258517
0.0855 0.25721
0.0865 0.245522
0.0875 0.236876
0.0885 0.237343
0.0895 0.250225
0.0905 0.263093
0.0915 0.263184
0.0925 0.250593
0.0935 0.236839
0.0945 0.236327
0.0955 0.247762
0.0965 0.260659
0.0975 0.261856
0.0985 0.252062
0.0995 0.240559
0.1005 0.240405
0.1015 0.249391
0.1025 0.25961
0.1035 0.261336
0.1045 0.257886
0.1055 0.250631
0.1065 0.246595
0.1075 0.24557
0.1085 0.248764
0.1095 0.251674
0.1105 0.251253
0.1115 0.246773
0.1125 0.242813
0.1135 0.243148
0.1145 0.248239
0.1155 0.252639
0.1165 0.251722
0.1175 0.245718
0.1185 0.240771
0.1195 0.241568
0.1205 0.250789
0.1215 0.259907
0.1225 0.260737
0.1235 0.254838
0.1245 0.248316
0.1255 0.248314
0.1265 0.254965
0.1275 0.261479
0.1285 0.261073
0.1295 0.255424
0.1305 0.248035
0.1315 0.24437
0.1325 0.243271
0.1335 0.245396
0.1345 0.24826
0.1355 0.249041
0.1365 0.249013
0.1375 0.24832
0.1385 0.247146
0.1395 0.246121
0.1405 0.244695
0.1415 0.243409
0.1425 0.242899
0.1435 0.24449
0.1445 0.248449
0.1455 0.254111
0.1465 0.257989
0.1475 0.257886
0.1485 0.251832
0.1495 0.246654
0.1505 0.247781
0.1515 0.256849
0.1525 0.264713
0.1535 0.264116
0.1545 0.253124
0.1555 0.241454
0.1565 0.239843
0.1575 0.242348
0.1585 0.246237
0.1595 0.248537
0.1605 0.248419
0.1615 0.247442
0.1625 0.247057
0.1635 0.248305
0.1645 0.25004
0.1655 0.250027
0.1665 0.247
0.1675 0.244288
0.1685 0.245639
0.1695 0.250267
0.1705 0.25532
0.1715 0.257732
0.1725 0.255814
0.1735 0.249838
0.1745 0.245616
0.1755 0.247514
0.1765 0.258076
0.1775 0.266838
0.1785 0.265734
0.1795 0.250387
0.1805 0.23545
0.1815 0.234645
0.1825 0.246401
0.1835 0.259065
0.1845 0.259661
0.1855 0.249069
0.1865 0.237674
0.1875 0.236808
0.1885 0.244545
0.1895 0.253786
0.1905 0.254725
0.1915 0.250364
0.1925 0.244931
0.1935 0.245282
0.1945 0.251239
0.1955 0.259311
0.1965 0.262835
0.1975 0.256659
0.1985 0.244483
0.1995 0.234612
0.2005 0.23559
0.2015 0.25702
0.2025 0.274148
0.2035 0.271998
0.2045 0.246416
0.2055 0.223463
0.2065 0.224629
0.2075 0.251641
0.2085 0.276507
0.2095 0.276254
0.2105 0.250486
0.2115 0.224855
0.2125 0.223516
0.2135 0.241458
0.2145 0.26548
0.2155 0.267073
0.2165 0.256999
0.2175 0.240597
0.2185 0.233703
0.2195 0.242
0.2205 0.26897
0.2215 0.278935
0.2225 0.273945
0.2235 0.231971
0.2245 0.198224
0.2255 0.21788
0.2265 0.258088
0.2275 0.297691
0.2285 0.297437
0.2295 0.243112
0.2305 0.193123
0.2315 0.191919
0.2325 0.246508
0.2335 0.318476
0.2345 0.313728
0.2355 0.262972
0.2365 0.193941
0.2375 0.170616
0.2385 0.21683
0.2395 0.310971
0.2405 0.348394
0.2415 0.292623
0.2425 0.191909
0.2435 0.146494
0.2445 0.192106
0.2455 0.300264
0.2465 0.377947
0.2475 0.342269
0.2485 0.17841
0.2495 0.123495
0.2505 0.146378
0.2515 0.258006
0.2525 0.477639
0.2535 0.642731
0.2545 0.713136
0.2555 0.73905
0.2565 0.747353
0.2575 0.749605
0.2585 0.750082
0.2595 0.750171
0.2605 0.750215
0.2615 0.750335
0.2625 0.750439
0.2635 0.750427
0.2645 0.750337
0.2655 0.750174
0.2665 0.749868
0.2675 0.749625
0.2685 0.749574
0.2695 0.749653
0.2705 0.749883
0.2715 0.750233
0.2725 0.750548
0.2735 0.750782
0.2745 0.750916
0.2755 0.750958
0.2765 0.750946
0.2775 0.750868
0.2785 0.750696
0.2795 0.750472
0.2805 0.750086
0.2815 0.749725
0.2825 0.749603
0.2835 0.749561
0.2845 0.74962
0.2855 0.749776
0.2865 0.750118
0.2875 0.750615
0.2885 0.751593
0.2895 0.753173
0.2905 0.754508
0.2915 0.757061
0.2925 0.761201
0.2935 0.763499
0.2945 0.7648
0.2955 0.765232
0.2965 0.764581
0.2975 0.762509
0.2985 0.759601
0.2995 0.75408
0.3005 0.74592
0.3015 0.740399
0.3025 0.737491
0.3035 0.735419
0.3045 0.734768
0.3055 0.7352
0.3065 0.736501
0.3075 0.738799
0.3085 0.742939
0.3095 0.745492
0.3105 0.746827
0.3115 0.748407
0.3125 0.749385
0.3135 0.749882
0.3145 0.750224
0.3155 0.75038
0.3165 0.750439
0.3175 0.750397
0.3185 0.750275
0.3195 0.749914
0.3205 0.749528
0.3215 0.749304
0.3225 0.749132
0.3235 0.749054
0.3245 0.749042
0.3255 0.749084
0.3265 0.749218
0.3275 0.749452
0.3285 0.749767
0.3295 0.750117
0.3305 0.750347
0.3315 0.750426
0.3325 0.750375
0.3335 0.750132
0.3345 0.749826
0.3355 0.749663
0.3365 0.749573
0.3375 0.749561
0.3385 0.749664
0.3395 0.749775
0.3405 0.749777
0.3415 0.749659
0.3425 0.749226
0.3435 0.747896
0.3445 0.743665
0.3455 0.730801
0.3465 0.695994
0.3475 0.614115
0.3485 0.504942
0.3495 0.449512
0.3505 0.438052
0.3515 0.465312
0.3525 0.547027
0.3535 0.564731
0.3545 0.525897
0.3555 0.471786
0.3565 0.448817
0.3575 0.471384
0.3585 0.521113
0.3595 0.548712
0.3605 0.529929
0.3615 0.482753
0.3625 0.459806
0.3635 0.471603
0.3645 0.506036
0.3655 0.531266
0.3665 0.533523
0.3675 0.497292
0.3685 0.469648
0.3695 0.470369
0.3705 0.49622
0.3715 0.524737
0.3725 0.524919
0.3735 0.506272
0.3745 0.488446
0.3755 0.47656
0.3765 0.491819
0.3775 0.511281
0.3785 0.513511
0.3795 0.508084
0.3805 0.494542
0.3815 0.491023
0.3825 0.494824
0.3835 0.503389
0.3845 0.508616
0.3855 0.508147
0.3865 0.495992
0.3875 0.486781
0.3885 0.487531
0.3895 0.500263
0.3905 0.51312
0.3915 0.513278
0.3925 0.501023
0.3935 0.487784
0.3945 0.487208
0.3955 0.498665
0.3965 0.511368
0.3975 0.512043
0.3985 0.504519
0.3995 0.49461
0.4005 0.492242
0.4015 0.495151
0.4025 0.499196
0.4035 0.502599
0.4045 0.502364
0.4055 0.500109
0.4065 0.498477
0.4075 0.499371
0.4085 0.501303
0.4095 0.502803
0.4105 0.50214
0.4115 0.49757
0.4125 0.493956
0.4135 0.494455
0.4145 0.500992
0.4155 0.507306
0.4165 0.507381
0.4175 0.501279
0.4185 0.494717
0.4195 0.494327
0.4205 0.498969
0.4215 0.504308
0.4225 0.504826
0.4235 0.502747
0.4245 0.499522
0.4255 0.497059
0.4265 0.496403
0.4275 0.497751
0.4285 0.499712
0.4295 0.500629
0.4305 0.500904
0.4315 0.501104
0.4325 0.501488
0.4335 0.501873
0.4345 0.501769
0.4355 0.500743
0.4365 0.498172
0.4375 0.496168
0.4385 0.496257
0.4395 0.499472
0.4405 0.503047
0.4415 0.503704
0.4425 0.503243
0.4435 0.501185
0.4445 0.49941
0.4455 0.499098
0.4465 0.499507
0.4475 0.500221
0.4485 0.500545
0.4495 0.50023
0.4505 0.49977
0.4515 0.499455
0.4525 0.499779
0.4535 0.500493
0.4545 0.500902
0.4555 0.50059
0.4565 0.498815
0.4575 0.496757
0.4585 0.496296
0.4595 0.496953
0.4605 0.500528
0.4615 0.503743
0.4625 0.503832
0.4635 0.501828
0.4645 0.499257
0.4655 0.498231
0.4665 0.498127
0.4675 0.498512
0.4685 0.498896
0.4695 0.499096
0.4705 0.499371
0.4715 0.500288
0.4725 0.502249
0.4735 0.503597
0.4745 0.502941
0.4755 0.500478
0.4765 0.497253
0.4775 0.495174
0.4785 0.495692
0.4795 0.501031
0.4805 0.505673
0.4815 0.505283
0.4825 0.498721
0.4835 0.492619
0.4845 0.492694
0.4855 0.499008
0.4865 0.505545
0.4875 0.506044
0.4885 0.50243
0.4895 0.49786
0.4905 0.497197
0.4915 0.498697
0.4925 0.500629
0.4935 0.501523
0.4945 0.499891
0.4955 0.497636
0.4965 0.497401
0.4975 0.500804
0.4985 0.504849
0.4995 0.507758
0.5005 0.50539
0.5015 0.495481
0.5025 0.487957
0.5035 0.488632
0.5045 0.501335
0.5055 0.512792
0.5065 0.512216
0.5075 0.498977
0.5085 0.486722
0.5095 0.48688
0.5105 0.499737
0.5115 0.512469
0.5125 0.513219
0.5135 0.504008
0.5145 0.491853
0.5155 0.491384
0.5165 0.496611
0.5175 0.505176
0.5185 0.508977
0.5195 0.505458
0.5205 0.491916
0.5215 0.486489
0.5225 0.488719
0.5235 0.508181
0.5245 0.52344
0.5255 0.511554
0.5265 0.493728
0.5275 0.475081
0.5285 0.475263
0.5295 0.50378
0.5305 0.529631
0.5315 0.530352
0.5325 0.502708
0.5335 0.466477
0.5345 0.468734
0.5355 0.493964
0.5365 0.528397
0.5375 0.540194
0.5385 0.517247
0.5395 0.470071
0.5405 0.451288
0.5415 0.478887
0.5425 0.528616
0.5435 0.551183
0.5445 0.528214
0.5455 0.474103
0.5465 0.435269
0.5475 0.452973
0.5485 0.534688
0.5495 0.561948
0.5505 0.550488
0.5515 0.495058
0.5525 0.385885
0.5535 0.304006
0.5545 0.269199
0.5555 0.256335
0.5565 0.252104
0.5575 0.250774
0.5585 0.250341
0.5595 0.250223
0.5605 0.250225
0.5615 0.250336
0.5625 0.250439
0.5635 0.250427
0.5645 0.250337
0.5655 0.250174
0.5665 0.249868
0.5675 0.249625
0.5685 0.249574
0.5695 0.249653
0.5705 0.249883
0.5715 0.250233
0.5725 0.250548
0.5735 0.250782
0.5745 0.250916
0.5755 0.250958
0.5765 0.250946
0.5775 0.250868
0.5785 0.250696
0.5795 0.250472
0.5805 0.250086
0.5815 0.249725
0.5825 0.249603
0.5835 0.249561
0.5845 0.24962
0.5855 0.249776
0.5865 0.250118
0.5875 0.250615
0.5885 0.251593
0.5895 0.253173
0.5905 0.254508
0.5915 0.257061
0.5925 0.261201
0.5935 0.263499
0.5945 0.2648
0.5955 0.265232
0.5965 0.264581
0.5975 0.262509
0.5985 0.259601
0.5995 0.25408
0.6005 0.24592
0.6015 0.240399
0.6025 0.237491
0.6035 0.235419
0.6045 0.234768
0.6055 0.2352
0.6065 0.236501
0.6075 0.238799
0.6085 0.242939
0.6095 0.245492
0.6105 0.246827
0.6115 0.248407
0.6125 0.249385
0.6135 0.249882
0.6145 0.250224
0.6155 0.25038
0.6165 0.250439
0.6175 0.250397
0.6185 0.250275
0.6195 0.249914
0.6205 0.249528
0.6215 0.249304
0.6225 0.249132
0.6235 0.249054
0.6245 0.249042
0.6255 0.249084
0.6265 0.249218
0.6275 0.249452
0.6285 0.249767
0.6295 0.250117
0.6305 0.250347
0.6315 0.250426
0.6325 0.250375
0.6335 0.250132
0.6345 0.249826
0.6355 0.249663
0.6365 0.249573
0.6375 0.249561
0.6385 0.249664
0.6395 0.249778
0.6405 0.249795
0.6415 0.249746
0.6425 0.249616
0.6435 0.24948
0.6445 0.249427
0.6455 0.249489
0.6465 0.249657
0.6475 0.250193
0.6485 0.250726
0.6495 0.250882
0.6505 0.250901
0.6515 0.250744
0.6525 0.25055
0.6535 0.250498
0.6545 0.250511
0.6555 0.250513
0.6565 0.250437
0.6575 0.250181
0.6585 0.24987
0.6595 0.249702
0.6605 0.249603
0.6615 0.249581
0.6625 0.249657
0.6635 0.249736
0.6645 0.249726
0.6655 0.249676
0.6665 0.249517
0.6675 0.24934
0.6685 0.249322
0.6695 0.249451
0.6705 0.249817
0.6715 0.250403
0.6725 0.251316
0.6735 0.252017
0.6745 0.252162
0.6755 0.251879
0.6765 0.250621
0.6775 0.249319
0.6785 0.24892
0.6795 0.248837
0.6805 0.249015
0.6815 0.249318
0.6825 0.249697
0.6835 0.24998
0.6845 0.250106
0.6855 0.250213
0.6865 0.250249
0.6875 0.250234
0.6885 0.250097
0.6895 0.24995
0.6905 0.24992
0.6915 0.249929
0.6925 0.249985
0.6935 0.25008
0.6945 0.250193
0.6955 0.250402
0.6965 0.250801
0.6975 0.251056
0.6985 0.250919
0.6995 0.25049
0.7005 0.249376
0.7015 0.248091
0.7025 0.247613
0.7035 0.247647
0.7045 0.248527
0.7055 0.249756
0.7065 0.250534
0.7075 0.250909
0.7085 0.250936
0.7095 0.250812
0.7105 0.25067
0.7115 0.250579
0.7125 0.250459
0.7135 0.250355
0.7145 0.250389
0.7155 0.250547
0.7165 0.250932
0.7175 0.251235
0.7185 0.251222
0.7195 0.250728
0.7205 0.250198
0.7215 0.250056
0.7225 0.249951
0.7235 0.249707
0.7245 0.249242
0.7255 0.247831
0.7265 0.246382
0.7275 0.246172
0.7285 0.246703
0.7295 0.249372
0.7305 0.251979
0.7315 0.252333
0.7325 0.251786
0.7335 0.250905
0.7345 0.250308
0.7355 0.250194
0.7365 0.250395
0.7375 0.250589
0.7385 0.250654
0.7395 0.250711
0.7405 0.250963
0.7415 0.251723
0.7425 0.252799
0.7435 0.255058
0.7445 0.262234
0.7455 0.286865
0.7465 0.356835
0.7475 0.52166
0.7485 0.741027
0.7495 0.852055
0.7505 0.873488
0.7515 0.81701
0.7525 0.652237
0.7535 0.618232
0.7545 0.699362
0.7555 0.810428
0.7565 0.857116
0.7575 0.810128
0.7585 0.706727
0.7595 0.649805
0.7605 0.689037
0.7615 0.786062
0.7625 0.832331
0.7635 0.80734
0.7645 0.737749
0.7655 0.68685
0.7665 0.682698
0.7675 0.755413
0.7685 0.809397
0.7695 0.808835
0.7705 0.756367
0.7715 0.699593
0.7725 0.700414
0.7735 0.740536
0.7745 0.780178
0.7755 0.800031
0.7765 0.763122
0.7775 0.719999
0.7785 0.715927
0.7795 0.730749
0.7805 0.762559
0.7815 0.770734
0.7825 0.760828
0.7835 0.743181
0.7845 0.731165
0.7855 0.74068
0.7865 0.759839
0.7875 0.776082
0.7885 0.77708
0.7895 0.749562
0.7905 0.723822
0.7915 0.724695
0.7925 0.754193
0.7935 0.783659
0.7945 0.781997
0.7955 0.745525
0.7965 0.709148
0.7975 0.708931
0.7985 0.745143
0.7995 0.783697
0.8005 0.785637
0.8015 0.755868
0.8025 0.721828
0.8035 0.718896
0.8045 0.739368
0.8055 0.763764
0.8065 0.768897
0.8075 0.756795
0.8085 0.741681
0.8095 0.74072
0.8105 0.750792
0.8115 0.764429
0.8125 0.765613
0.8135 0.757951
0.8145 0.745581
0.8155 0.73668
0.8165 0.744485
0.8175 0.757922
0.8185 0.767124
0.8195 0.766335
0.8205 0.739276
0.8215 0.721127
0.8225 0.723355
0.8235 0.750544
0.8245 0.776556
0.8255 0.771543
0.8265 0.74541
0.8275 0.720718
0.8285 0.719716
0.8295 0.751219
0.8305 0.781776
0.8315 0.781007
0.8325 0.754771
0.8335 0.717086
0.8345 0.718689
0.8355 0.744501
0.8365 0.780168
0.8375 0.795222
0.8385 0.7718
0.8395 0.719003
0.8405 0.696626
0.8415 0.727096
0.8425 0.783436
0.8435 0.809411
0.8445 0.784789
0.8455 0.724831
0.8465 0.679251
0.8475 0.693796
0.8485 0.777743
0.8495 0.808525
0.8505 0.799845
0.8515 0.745074
0.8525 0.635169
0.8535 0.552388
0.8545 0.517667
0.8555 0.507183
0.8565 0.505365
0.8575 0.50443
0.8585 0.503188
0.8595 0.501874
0.8605 0.501413
0.8615 0.501306
0.8625 0.501178
0.8635 0.500789
0.8645 0.500389
0.8655 0.500615
0.8665 0.50181
0.8675 0.503572
0.8685 0.504665
0.8695 0.503959
0.8705 0.498745
0.8715 0.493406
0.8725 0.492343
0.8735 0.492765
0.8745 0.495663
0.8755 0.498484
0.8765 0.499414
0.8775 0.499901
0.8785 0.500113
0.8795 0.500396
0.8805 0.501455
0.8815 0.502445
0.8825 0.50247
0.8835 0.501864
0.8845 0.501093
0.8855 0.500777
0.8865 0.500711
0.8875 0.500918
0.8885 0.501157
0.8895 0.50134
0.8905 0.501624
0.8915 0.501872
0.8925 0.501817
0.8935 0.501068
0.8945 0.499513
0.8955 0.497054
0.8965 0.495294
0.8975 0.495226
0.8985 0.496183
0.8995 0.498751
0.9005 0.500979
0.9015 0.501838
0.9025 0.502113
0.9035 0.501601
0.9045 0.500805
0.9055 0.500387
0.9065 0.50016
0.9075 0.499969
0.9085 0.499857
0.9095 0.499841
0.9105 0.499901
0.9115 0.500194
0.9125 0.500469
0.9135 0.500499
0.9145 0.500425
0.9155 0.500211
0.9165 0.49996
0.9175 0.499394
0.9185 0.498636
0.9195 0.498031
0.9205 0.497674
0.9215 0.49784
0.9225 0.498639
0.9235 0.501241
0.9245 0.503758
0.9255 0.504325
0.9265 0.504034
0.9275 0.502632
0.9285 0.500806
0.9295 0.499633
0.9305 0.498903
0.9315 0.498644
0.9325 0.498681
0.9335 0.499033
0.9345 0.499351
0.9355 0.499451
0.9365 0.499471
0.9375 0.499313
0.9385 0.499163
0.9395 0.499206
0.9405 0.499403
0.9415 0.49974
0.9425 0.500361
0.9435 0.500874
0.9445 0.501027
0.9455 0.501022
0.9465 0.500996
0.9475 0.501099
0.9485 0.501489
0.9495 0.501803
0.9505 0.501764
0.9515 0.501451
0.9525 0.500386
0.9535 0.499314
0.9545 0.498977
0.9555 0.498853
0.9565 0.49896
0.9575 0.499231
0.9585 0.499491
0.9595 0.499589
0.9605 0.499557
0.9615 0.499328
0.9625 0.499122
0.9635 0.499146
0.9645 0.499327
0.9655 0.499652
0.9665 0.500264
0.9675 0.500749
0.9685 0.500852
0.9695 0.500694
0.9705 0.500234
0.9715 0.499533
0.9725 0.498904
0.9735 0.498436
0.9745 0.498167
0.9755 0.498084
0.9765 0.498108
0.9775 0.498263
0.9785 0.498606
0.9795 0.499053
0.9805 0.499818
0.9815 0.500528
0.9825 0.500762
0.9835 0.500827
0.9845 0.500673
0.9855 0.500206
0.9865 0.499373
0.9875 0.498053
0.9885 0.496071
0.9895 0.49273
0.9905 0.488748
0.9915 0.483687
0.9925 0.474979
0.9935 0.469562
0.9945 0.46682
0.9955 0.466053
0.9965 0.467505
0.9975 0.471515
0.9985 0.479873
0.9995 0.49071

# time= 0.5
0.0005 0.364909
0.0015 0.386729
0.0025 0.402411
0.0035 0.424822
0.0045 0.449038
0.0055 0.464471
0.0065 0.475383
0.0075 0.486918
0.0085 0.495241
0.0095 0.500072
0.0105 0.503372
0.0115 0.504586
0.0125 0.504883
0.0135 0.504053
0.0145 0.502874
0.0155 0.502345
0.0165 0.502224
0.0175 0.502246
0.0185 0.502134
0.0195 0.501552
0.0205 0.50084
0.0215 0.50058
0.0225 0.500522
0.0235 0.500582
0.0245 0.500588
0.0255 0.500412
0.0265 0.500206
0.0275 0.500055
0.0285 0.500079
0.0295 0.500248
0.0305 0.500231
0.0315 0.499965
0.0325 0.499549
0.0335 0.499566
0.0345 0.500115
0.0355 0.501516
0.0365 0.502622
0.0375 0.502562
0.0385 0.500685
0.0395 0.498876
0.0405 0.498837
0.0415 0.500474
0.0425 0.502155
0.0435 0.502135
0.0445 0.500907
0.0455 0.499397
0.0465 0.498913
0.0475 0.499114
0.0485 0.499602
0.0495 0.499665
0.0505 0.499169
0.0515 0.498395
0.0525 0.498143
0.0535 0.498649
0.0545 0.500024
0.0555 0.50058
0.0565 0.500437
0.0575 0.498582
0.0585 0.497534
0.0595 0.498578
0.0605 0.501016
0.0615 0.503079
0.0625 0.503262
0.0635 0.500447
0.0645 0.49771
0.0655 0.497889
0.0665 0.500586
0.0675 0.503813
0.0685 0.503845
0.0695 0.50109
0.0705 0.498112
0.0715 0.496318
0.0725 0.497694
0.0735 0.501154
0.0745 0.502532
0.0755 0.501256
0.0765 0.495626
0.0775 0.494143
0.0785 0.497393
0.0795 0.50177
0.0805 0.506167
0.0815 0.504292
0.0825 0.496872
0.0835 0.491374
0.0845 0.493125
0.0855 0.503992
0.0865 0.508415
0.0875 0.50551
0.0885 0.501989
0.0895 0.490887
0.0905 0.491319
0.0915 0.4966
0.0925 0.50513
0.0935 0.503259
0.0945 0.484099
0.0955 0.460502
0.0965 0.395681
0.0975 0.327498
0.0985 0.300288
0.0995 0.265257
0.1005 0.2364
0.1015 0.201402
0.1025 0.174001
0.1035 0.105566
0.1045 0.0404275
0.1055 0.0165636
0.1065 -0.00299972
0.1075 -0.00462661
0.1085 0.00264588
0.1095 0.00691524
0.1105 0.00740353
0.1115 -0.00402111
0.1125 -0.00754457
0.1135 -0.0104776
0.1145 -0.00603417
0.1155 0.00519024
0.1165 0.00714232
0.1175 0.00216053
0.1185 -0.00455632
0.1195 -0.0061014
0.1205 -0.00124745
0.1215 0.00358091
0.1225 0.00707575
0.1235 0.00593147
0.1245 0.000434325
0.1255 -0.0009856
0.1265 0.000416094
0.1275 0.00380401
0.1285 0.0049834
0.1295 0.00293997
0.1305 -0.00033331
0.1315 -0.00342403
0.1325 -0.00374224
0.1335 -0.00120071
0.1345 0.000809951
0.1355 0.000741389
0.1365 -0.00222953
0.1375 -0.00514796
0.1385 -0.00497989
0.1395 -0.00303945
0.1405 -0.000647075
0.1415 0.000575023
0.1425 -0.000137714
0.1435 -0.00157355
0.1445 -0.00150955
0.1455 -0.000278195
0.1465 0.00187432
0.1475 0.00257625
0.1485 0.00270564
0.1495 0.00195522
0.1505 0.00144702
0.1515 0.00148671
0.1525 0.00177605
0.1535 0.0017381
0.1545 0.000923444
0.1555 -0.00112726
0.1565 -0.00282755
0.1575 -0.00305672
0.1585 -0.0016099
0.1595 -9.32434e-05
0.1605 -0.00015433
0.1615 -0.00193488
0.1625 -0.00368161
0.1635 -0.00364049
0.1645 -0.00233883
0.1655 -0.000648212
0.1665 0.000198828
0.1675 0.000525327
0.1685 0.000643728
0.1695 0.000751524
0.1705 0.00121014
0.1715 0.00202268
0.1725 0.0023356
0.1735 0.00244339
0.1745 0.00227458
0.1755 0.00202132
0.1765 0.00186134
0.1775 0.00161712
0.1785 0.00118622
0.1795 0.000510237
0.1805 -0.000553734
0.1815 -0.00138003
0.1825 -0.00155842
0.1835 -0.00102171
0.1845 -0.000419375
0.1855 -0.000491754
0.1865 -0.0013861
0.1875 -0.00220694
0.1885 -0.00214913
0.1895 -0.00155486
0.1905 -0.000684465
0.1915 -3.23283e-05
0.1925 0.000387351
0.1935 0.00062297
0.1945 0.000744341
0.1955 0.0009116
0.1965 0.00105589
0.1975 0.0010725
0.1985 0.00103352
0.1995 0.000855779
0.2005 0.000617453
0.2015 0.000476504
0.2025 0.000232616
0.2035 -2.70247e-05
0.2045 -0.000361122
0.2055 -0.00078323
0.2065 -0.000997084
0.2075 -0.0010094
0.2085 -0.000573019
0.2095 -7.39212e-05
0.2105 1.12944e-05
0.2115 -0.000131778
0.2125 -0.000311516
0.2135 -0.000291183
0.2145 -0.000113879
0.2155 0.000200617
0.2165 0.000432967
0.2175 0.00054377
0.2185 0.00055234
0.2195 0.000490643
0.2205 0.000321662
0.2215 9.60216e-05
0.2225 -8.75645e-05
0.2235 -0.000415706
0.2245 -0.000724822
0.2255 -0.000941924
0.2265 -0.00110465
0.2275 -0.00121752
0.2285 -0.00131247
0.2295 -0.00134037
0.2305 -0.00130927
0.2315 -0.00117167
0.2325 -0.000918442
0.2335 -0.00020245
0.2345 0.000537928
0.2355 0.000827731
0.2365 0.00103343
0.2375 0.0011626
0.2385 0.00123675
0.2395 0.00126728
0.2405 0.00124371
0.2415 0.00116267
0.2425 0.000990538
0.2435 0.000791205
0.2445 0.000334245
0.2455 -0.000120098
0.2465 -0.000358025
0.2475 -0.000580305
0.2485 -0.000929306
0.2495 -0.00124123
0.2505 -0.00136604
0.2515 -0.00144499
0.2525 -0.00147159
0.2535 -0.00144004
0.2545 -0.00134781
0.2555 -0.00119176
0.2565 -0.000919012
0.2575 -0.000567865
0.2585 5.2339e-05
0.2595 0.000724856
0.2605 0.00115784
0.2615 0.00148086
0.2625 0.00168137
0.2635 0.00180134
0.2645 0.00183955
0.2655 0.0017942
0.2665 0.00166361
0.2675 0.00147231
0.2685 0.00105246
0.2695 0.000543371
0.2705 0.000165959
0.2715 -0.000194226
0.2725 -0.000475842
0.2735 -0.000845805
0.2745 -0.00103559
0.2755 -0.00113041
0.2765 -0.0011493
0.2775 -0.00108241
0.2785 -0.000939571
0.2795 -0.000675216
0.2805 -0.000210393
0.2815 0.000322045
0.2825 0.000820292
0.2835 0.00141614
0.2845 0.00198167
0.2855 0.00295976
0.2865 0.00391422
0.2875 0.00459854
0.2885 0.00517059
0.2895 0.00597124
0.2905 0.0065933
0.2915 0.00687231
0.2925 0.00703982
0.2935 0.00700245
0.2945 0.00680505
0.2955 0.00625348
0.2965 0.00543985
0.2975 0.00416147
0.2985 0.0023425
0.2995 0.000121737
0.3005 -0.00234114
0.3015 -0.00443492
0.3025 -0.00608499
0.3035 -0.00708287
0.3045 -0.0075299
0.3055 -0.00774638
0.3065 -0.00762118
0.3075 -0.00716634
0.3085 -0.00634357
0.3095 -0.00506107
0.3105 -0.00365973
0.3115 -0.00237006
0.3125 -0.00147767
0.3135 -0.000905144
0.3145 -0.000575108
0.3155 -0.000431929
0.3165 -0.000444541
0.3175 -0.000533377
0.3185 -0.000745577
0.3195 -0.00108923
0.3205 -0.00136429
0.3215 -0.00156884
0.3225 -0.0018629
0.3235 -0.00206407
0.3245 -0.00212373
0.3255 -0.00210471
0.3265 -0.00198291
0.3275 -0.00177231
0.3285 -0.00132798
0.3295 -0.00084183
0.3305 -0.000165062
0.3315 0.000780775
0.3325 0.00132628
0.3335 0.00175338
0.3345 0.00197653
0.3355 0.00205163
0.3365 0.00201568
0.3375 0.00184248
0.3385 0.00159445
0.3395 0.00113066
0.3405 0.000570915
0.3415 -0.000194811
0.3425 -0.00102142
0.3435 -0.00135105
0.3445 -0.00156937
0.3455 -0.00167883
0.3465 -0.00169418
0.3475 -0.00163396
0.3485 -0.00148687
0.3495 -0.00129943
0.3505 -0.00100525
0.3515 -0.000658701
0.3525 -0.000427234
0.3535 -9.72176e-05
0.3545 0.000189657
0.3555 0.000619878
0.3565 0.00119973
0.3575 0.00151284
0.3585 0.0017331
0.3595 0.00180181
0.3605 0.00174192
0.3615 0.00161786
0.3625 0.00134503
0.3635 0.000996319
0.3645 0.000628638
0.3655 0.000151406
0.3665 -0.000856021
0.3675 -0.00172309
0.3685 -0.00200425
0.3695 -0.0020331
0.3705 -0.00169563
0.3715 -0.00125081
0.3725 -0.000898599
0.3735 -0.000594563
0.3745 -0.000407733
0.3755 -0.000167915
0.3765 -4.37978e-07
0.3775 0.000137889
0.3785 0.000275795
0.3795 0.000389146
0.3805 0.000535876
0.3815 0.000818998
0.3825 0.00103939
0.3835 0.00102173
0.3845 0.000818722
0.3855 0.00055103
0.3865 0.000443178
0.3875 0.000538774
0.3885 0.000754883
0.3895 0.000862084
0.3905 0.000625691
0.3915 -0.000602733
0.3925 -0.00178565
0.3935 -0.00197126
0.3945 -0.00184331
0.3955 -0.00130377
0.3965 -0.000816535
0.3975 -0.00062539
0.3985 -0.000473454
0.3995 -0.000349328
0.4005 -0.000156534
0.4015 3.71249e-05
0.4025 0.000215752
0.4035 0.000318617
0.4045 0.000424549
0.4055 0.000568643
0.4065 0.000981392
0.4075 0.00126185
0.4085 0.00102767
0.4095 0.00036483
0.4105 -0.000574235
0.4115 -0.00117632
0.4125 -0.000979513
0.4135 0.000901351
0.4145 0.00257209
0.4155 0.0025001
0.4165 0.000497147
0.4175 -0.00166917
0.4185 -0.00200837
0.4195 -0.00164361
0.4205 -0.000972347
0.4215 -0.000459785
0.4225 -0.000311134
0.4235 -0.000362931
0.4245 -0.000336665
0.4255 6.35558e-05
0.4265 0.000499458
0.4275 0.000832239
0.4285 0.00078083
0.4295 0.000506613
0.4305 0.000586937
0.4315 0.00119853
0.4325 0.00216424
0.4335 0.00221975
0.4345 0.00122154
0.4355 -0.00137938
0.4365 -0.00342981
0.4375 -0.00325779
0.4385 0.000532623
0.4395 0.00406158
0.4405 0.00403085
0.4415 0.000414075
0.4425 -0.00340756
0.4435 -0.00361182
0.4445 -0.00173359
0.4455 0.000651461
0.4465 0.00136702
0.4475 0.000719464
0.4485 -0.000505257
0.4495 -0.000845023
0.4505 -4.44757e-06
0.4515 0.00141843
0.4525 0.00200073
0.4535 0.000908914
0.4545 -0.00137383
0.4555 -0.00213667
0.4565 -0.00172784
0.4575 0.00239555
0.4585 0.00484797
0.4595 0.00302005
0.4605 -0.00155744
0.4615 -0.00547542
0.4625 -0.00569176
0.4635 0.000121824
0.4645 0.00566168
0.4655 0.00522953
0.4665 -0.000456335
0.4675 -0.0072378
0.4685 -0.00760127
0.4695 -0.00256116
0.4705 0.00299075
0.4715 0.00617968
0.4725 0.00312347
0.4735 -0.00387737
0.4745 -0.00657631
0.4755 -0.00410697
0.4765 0.00727099
0.4775 0.0105904
0.4785 0.00442208
0.4795 -0.00399959
0.4805 -0.0125441
0.4815 -0.00853838
0.4825 0.00606
0.4835 0.0169005
0.4845 0.0133772
0.4855 -0.00859516
0.4865 -0.0175344
0.4875 -0.0117646
0.4885 -0.00474307
0.4895 0.0174952
0.4905 0.0166455
0.4915 0.00623988
0.4925 -0.0105944
0.4935 -0.00677233
0.4945 0.0317712
0.4955 0.0791454
0.4965 0.209126
0.4975 0.345923
0.4985 0.400585
0.4995 0.470914
0.5005 0.529033
0.5015 0.599358
0.5025 0.654025
0.5035 0.790833
0.5045 0.920837
0.5055 0.968236
0.5065 1.00682
0.5075 1.01061
0.5085 0.99394
0.5095 0.983678
0.5105 0.98282
0.5115 1.00509
0.5125 1.01208
0.5135 1.01782
0.5145 1.00879
0.5155 0.986608
0.5165 0.983021
0.5175 0.993672
0.5185 1.00801
0.5195 1.01206
0.5205 1.00351
0.5215 0.995117
0.5225 0.989013
0.5235 0.992341
0.5245 1.00386
0.5255 1.00642
0.5265 1.00379
0.5275 0.996917
0.5285 0.993878
0.5295 0.997123
0.5305 1.0027
0.5315 1.00777
0.5325 1.00739
0.5335 1.00057
0.5345 0.994866
0.5355 0.994406
0.5365 0.999864
0.5375 1.00557
0.5385 1.00528
0.5395 1.00121
0.5405 0.996432
0.5415 0.994498
0.5425 0.996748
0.5435 1.00085
0.5445 1.0013
0.5455 1.00055
0.5465 0.998338
0.5475 0.997438
0.5485 0.998168
0.5495 0.999868
0.5505 1.00095
0.5515 1.00086
0.5525 0.999883
0.5535 0.999348
0.5545 1.00027
0.5555 1.00259
0.5565 1.00441
0.5575 1.0042
0.5585 1.00015
0.5595 0.996286
0.5605 0.996152
0.5615 0.999531
0.5625 1.00323
0.5635 1.00338
0.5645 1.00127
0.5655 0.998614
0.5665 0.99766
0.5675 0.997725
0.5685 0.998818
0.5695 0.999559
0.5705 0.999686
0.5715 0.999544
0.5725 0.999621
0.5735 1.00011
0.5745 1.00071
0.5755 1.00128
0.5765 1.00142
0.5775 1.00146
0.5785 1.00163
0.5795 1.00217
0.5805 1.00286
0.5815 1.00311
0.5825 1.00267
0.5835 1.00059
0.5845 0.998829
0.5855 0.998945
0.5865 1.00089
0.5875 1.00327
0.5885 1.00423
0.5895 1.00458
0.5905 1.00466
0.5915 1.00479
0.5925 1.00527
0.5935 1.0059
0.5945 1.00616
0.5955 1.00603
0.5965 1.00516
0.5975 1.00398
0.5985 1.00319
0.5995 1.0018
0.6005 1.00052
0.6015 0.998683
0.6025 0.996712
0.6035 0.995937
0.6045 0.995441
0.6055 0.995249
0.6065 0.99509
0.6075 0.994688
0.6085 0.993871
0.6095 0.993276
0.6105 0.993376
0.6115 0.994253
0.6125 0.995422
0.6135 0.996155
0.6145 0.996643
0.6155 0.997091
0.6165 0.997533
0.6175 0.998266
0.6185 0.999118
0.6195 0.999589
0.6205 0.999901
0.6215 1.00017
0.6225 1.00039
0.6235 1.00056
0.6245 1.00082
0.6255 1.001
0.6265 1.00109
0.6275 1.00119
0.6285 1.0013
0.6295 1.00137
0.6305 1.00136
0.6315 1.00122
0.6325 1.00089
0.6335 0.999849
0.6345 0.998726
0.6355 0.998273
0.6365 0.997963
0.6375 0.997793
0.6385 0.997753
0.6395 0.997849
0.6405 0.998103
0.6415 0.998526
0.6425 0.999459
0.6435 1.00026
0.6445 1.0005
0.6455 1.00055
0.6465 1.00052
0.6475 1.00054
0.6485 1.00077
0.6495 1.00097
0.6505 1.00092
0.6515 1.0007
0.6525 1.00055
0.6535 1.00063
0.6545 1.00105
0.6555 1.00156
0.6565 1.00176
0.6575 1.00173
0.6585 1.00141
0.6595 1.00033
0.6605 0.999105
0.6615 0.998474
0.6625 0.998035
0.6635 0.997838
0.6645 0.997837
0.6655 0.998028
0.6665 0.998691
0.6675 0.999448
0.6685 0.999892
0.6695 1.00055
0.6705 1.00125
0.6715 1.00178
0.6725 1.00207
0.6735 1.00228
0.6745 1.00228
0.6755 1.00214
0.6765 1.0016
0.6775 1.00108
0.6785 1.00079
0.6795 1.00045
0.6805 1.00009
0.6815 0.999769
0.6825 0.999166
0.6835 0.998587
0.6845 0.998389
0.6855 0.998275
0.6865 0.998205
0.6875 0.998149
0.6885 0.998156
0.6895 0.998298
0.6905 0.998649
0.6915 0.999732
0.6925 1.00086
0.6935 1.00126
0.6945 1.00147
0.6955 1.00154
0.6965 1.00154
0.6975 1.00151
0.6985 1.00144
0.6995 1.00132
0.7005 1.00113
0.7015 1.00065
0.7025 1.00023
0.7035 1.00002
0.7045 0.999722
0.7055 0.999505
0.7065 0.999135
0.7075 0.998795
0.7085 0.998817
0.7095 0.999045
0.7105 0.999395
0.7115 0.999597
0.7125 0.999459
0.7135 0.998915
0.7145 0.998519
0.7155 0.998697
0.7165 1.00008
0.7175 1.00158
0.7185 1.00196
0.7195 1.00195
0.7205 1.00154
0.7215 1.00113
0.7225 1.00093
0.7235 1.00076
0.7245 1.00047
0.7255 1.00004
0.7265 0.999601
0.7275 0.99927
0.7285 0.999211
0.7295 0.999312
0.7305 0.999274
0.7315 0.998973
0.7325 0.99853
0.7335 0.998527
0.7345 0.999058
0.7355 1.00047
0.7365 1.00159
0.7375 1.00155
0.7385 0.999803
0.7395 0.998243
0.7405 0.998393
0.7415 1.00051
0.7425 1.00272
0.7435 1.00283
0.7445 1.00194
0.7455 1.00082
0.7465 1.00014
0.7475 1.00028
0.7485 1.00054
0.7495 1.0005
0.7505 0.999661
0.7515 0.998421
0.7525 0.998181
0.7535 0.998542
0.7545 0.999786
0.7555 1.00025
0.7565 1.00008
0.7575 0.998241
0.7585 0.997293
0.7595 0.998351
0.7605 1.0009
0.7615 1.00301
0.7625 1.00319
0.7635 1.00036
0.7645 0.997621
0.7655 0.997838
0.7665 1.00064
0.7675 1.004
0.7685 1.00417
0.7695 1.00154
0.7705 0.998646
0.7715 0.996867
0.7725 0.998298
0.7735 1.0015
0.7745 1.00271
0.7755 1.00123
0.7765 0.995311
0.7775 0.993769
0.7785 0.996824
0.7795 1.00114
0.7805 1.00556
0.7815 1.00347
0.7825 0.997123
0.7835 0.992373
0.7845 0.994324
0.7855 1.00592
0.7865 1.01055
0.7875 1.00772
0.7885 1.0043
0.7895 0.993034
0.7905 0.993508
0.7915 0.997957
0.7925 1.0053
0.7935 1.00336
0.7945 0.983598
0.7955 0.959602
0.7965 0.894301
0.7975 0.825745
0.7985 0.798316
0.7995 0.763208
0.8005 0.734213
0.8015 0.69911
0.8025 0.671913
0.8035 0.603806
0.8045 0.539202
0.8055 0.515825
0.8065 0.496969
0.8075 0.495249
0.8085 0.504318
0.8095 0.510026
0.8105 0.510515
0.8115 0.499539
0.8125 0.496006
0.8135 0.493225
0.8145 0.497466
0.8155 0.507864
0.8165 0.509537
0.8175 0.503357
0.8185 0.495055
0.8195 0.492935
0.8205 0.49687
0.8215 0.50078
0.8225 0.503717
0.8235 0.50179
0.8245 0.496189
0.8255 0.495146
0.8265 0.49659
0.8275 0.500543
0.8285 0.50232
0.8295 0.501111
0.8305 0.498698
0.8315 0.496553
0.8325 0.496991
0.8335 0.500685
0.8345 0.503827
0.8355 0.504146
0.8365 0.501452
0.8375 0.498503
0.8385 0.498542
0.8395 0.500408
0.8405 0.502469
0.8415 0.503146
0.8425 0.501574
0.8435 0.498889
0.8445 0.498375
0.8455 0.498483
0.8465 0.4993
0.8475 0.499737
0.8485 0.499337
0.8495 0.498684
0.8505 0.498369
0.8515 0.498675
0.8525 0.499938
0.8535 0.500644
0.8545 0.500477
0.8555 0.49963
0.8565 0.498969
0.8575 0.499205
0.8585 0.50122
0.8595 0.503051
0.8605 0.50306
0.8615 0.501252
0.8625 0.49926
0.8635 0.499086
0.8645 0.499939
0.8655 0.501011
0.8665 0.501296
0.8675 0.501084
0.8685 0.500252
0.8695 0.499654
0.8705 0.499476
0.8715 0.499461
0.8725 0.499388
0.8735 0.4992
0.8745 0.498993
0.8755 0.498993
0.8765 0.499182
0.8775 0.49956
0.8785 0.499775
0.8795 0.499735
0.8805 0.499562
0.8815 0.499483
0.8825 0.499722
0.8835 0.500781
0.8845 0.501704
0.8855 0.501723
0.8865 0.500795
0.8875 0.499759
0.8885 0.49962
0.8895 0.499843
0.8905 0.500212
0.8915 0.500468
0.8925 0.500521
0.8935 0.500281
0.8945 0.500007
0.8955 0.499929
0.8965 0.499904
0.8975 0.499919
0.8985 0.49994
0.8995 0.49996
0.9005 0.500008
0.9015 0.500095
0.9025 0.500134
0.9035 0.500047
0.9045 0.4998
0.9055 0.499395
0.9065 0.499091
0.9075 0.499078
0.9085 0.499525
0.9095 0.500023
0.9105 0.500087
0.9115 0.49992
0.9125 0.499702
0.9135 0.499657
0.9145 0.49973
0.9155 0.499972
0.9165 0.500188
0.9175 0.500269
0.9185 0.500312
0.9195 0.500348
0.9205 0.500417
0.9215 0.500615
0.9225 0.500851
0.9235 0.500972
0.9245 0.50104
0.9255 0.501036
0.9265 0.500945
0.9275 0.500759
0.9285 0.500525
0.9295 0.500021
0.9305 0.499484
0.9315 0.499266
0.9325 0.499143
0.9335 0.499155
0.9345 0.499248
0.9355 0.499324
0.9365 0.499352
0.9375 0.499363
0.9385 0.499419
0.9395 0.499559
0.9405 0.500025
0.9415 0.500504
0.9425 0.500831
0.9435 0.501134
0.9445 0.50128
0.9455 0.501405
0.9465 0.501455
0.9475 0.5014
0.9485 0.501261
0.9495 0.500934
0.9505 0.500338
0.9515 0.499839
0.9525 0.49954
0.9535 0.499346
0.9545 0.499158
0.9555 0.499048
0.9565 0.499009
0.9575 0.499032
0.9585 0.499126
0.9595 0.49943
0.9605 0.499726
0.9615 0.499812
0.9625 0.499847
0.9635 0.499868
0.9645 0.499935
0.9655 0.500076
0.9665 0.500313
0.9675 0.500492
0.9685 0.500501
0.9695 0.500382
0.9705 0.499987
0.9715 0.499514
0.9725 0.499146
0.9735 0.498869
0.9745 0.498739
0.9755 0.498647
0.9765 0.498613
0.9775 0.498625
0.9785 0.498649
0.9795 0.498623
0.9805 0.498509
0.9815 0.49817
0.9825 0.497643
0.9835 0.496631
0.9845 0.495028
0.9855 0.493563
0.9865 0.49047
0.9875 0.485173
0.9885 0.479601
0.9895 0.473838
0.9905 0.461938
0.9915 0.441288
0.9925 0.426608
0.9935 0.40718
0.9945 0.377572
0.9955 0.362279
0.9965 0.352205
0.9975 0.345793
0.9985 0.3444
0.9995 0.348304

# time= 0.75
0.0005 9.63436e+40
0.0015 -1.98371e+37
0.0025 4.08444e+33
0.0035 -8.40982e+29
0.0045 1.73158e+26
0.0055 -3.5653e+22
0.0065 7.34093e+18
0.0075 -1.51149e+15
0.0085 3.11215e+11
0.0095 -6.40828e+07
0.0105 11815.9
0.0115 -302.578
0.0125 67.4933
0.0135 135.742
0.0145 107.214
0.0155 65.0705
0.0165 41.6339
0.0175 23.5441
0.0185 13.6307
0.0195 8.17899
0.0205 4.5613
0.0215 2.52684
0.0225 1.46491
0.0235 0.93593
0.0245 0.686225
0.0255 0.574416
0.0265 0.528516
0.0275 0.511075
0.0285 0.505582
0.0295 0.502912
0.0305 0.499536
0.0315 0.498663
0.0325 0.498069
0.0335 0.501432
0.0345 0.502629
0.0355 0.503471
0.0365 0.501388
0.0375 0.496305
0.0385 0.496585
0.0395 0.49811
0.0405 0.503648
0.0415 0.504668
0.0425 0.504158
0.0435 0.49722
0.0445 0.490093
0.0455 0.496251
0.0465 0.503493
0.0475 0.506499
0.0485 0.499877
0.0495 0.485072
0.0505 0.468694
0.0515 0.447362
0.0525 0.410102
0.0535 0.354415
0.0545 0.305963
0.0555 0.27809
0.0565 0.263251
0.0575 0.255869
0.0585 0.252436
0.0595 0.250937
0.0605 0.250366
0.0615 0.250189
0.0625 0.250143
0.0635 0.25015
0.0645 0.25016
0.0655 0.250168
0.0665 0.250169
0.0675 0.250159
0.0685 0.250138
0.0695 0.250097
0.0705 0.250044
0.0715 0.249949
0.0725 0.249844
0.0735 0.249791
0.0745 0.249703
0.0755 0.249627
0.0765 0.249595
0.0775 0.249576
0.0785 0.249572
0.0795 0.249582
0.0805 0.249605
0.0815 0.24964
0.0825 0.249722
0.0835 0.249811
0.0845 0.249856
0.0855 0.249925
0.0865 0.250015
0.0875 0.250087
0.0885 0.250173
0.0895 0.250286
0.0905 0.250389
0.0915 0.250485
0.0925 0.250575
0.0935 0.25065
0.0945 0.250701
0.0955 0.250718
0.0965 0.250724
0.0975 0.250712
0.0985 0.250679
0.0995 0.250624
0.1005 0.250533
0.1015 0.250427
0.1025 0.250269
0.1035 0.249989
0.1045 0.249734
0.1055 0.249518
0.1065 0.249348
0.1075 0.249163
0.1085 0.248988
0.1095 0.248888
0.1105 0.248839
0.1115 0.248817
0.1125 0.248829
0.1135 0.248881
0.1145 0.248977
0.1155 0.249114
0.1165 0.249401
0.1175 0.24973
0.1185 0.249927
0.1195 0.250324
0.1205 0.250695
0.1215 0.250903
0.1225 0.251065
0.1235 0.251146
0.1245 0.251183
0.1255 0.251181
0.1265 0.251124
0.1275 0.251041
0.1285 0.250853
0.1295 0.250636
0.1305 0.25027
0.1315 0.249862
0.1325 0.249603
0.1335 0.249266
0.1345 0.249079
0.1355 0.248934
0.1365 0.248845
0.1375 0.248804
0.1385 0.2488
0.1395 0.248841
0.1405 0.248903
0.1415 0.249064
0.1425 0.249302
0.1435 0.24956
0.1445 0.249822
0.1455 0.250118
0.1465 0.250356
0.1475 0.250468
0.1485 0.250538
0.1495 0.250565
0.1505 0.250557
0.1515 0.250509
0.1525 0.250432
0.1535 0.250277
0.1545 0.250088
0.1555 0.249801
0.1565 0.249522
0.1575 0.249336
0.1585 0.249185
0.1595 0.24911
0.1605 0.249065
0.1615 0.249051
0.1625 0.24907
0.1635 0.249127
0.1645 0.249198
0.1655 0.24936
0.1665 0.249561
0.1675 0.249853
0.1685 0.250182
0.1695 0.250458
0.1705 0.250703
0.1715 0.250811
0.1725 0.250905
0.1735 0.250951
0.1745 0.250963
0.1755 0.250937
0.1765 0.250874
0.1775 0.250797
0.1785 0.250657
0.1795 0.25046
0.1805 0.250278
0.1815 0.250124
0.1825 0.24993
0.1835 0.249753
0.1845 0.249638
0.1855 0.249556
0.1865 0.249513
0.1875 0.249491
0.1885 0.249491
0.1895 0.24951
0.1905 0.249546
0.1915 0.249619
0.1925 0.249711
0.1935 0.249827
0.1945 0.249987
0.1955 0.250083
0.1965 0.250146
0.1975 0.250183
0.1985 0.250193
0.1995 0.250189
0.2005 0.250154
0.2015 0.250119
0.2025 0.250108
0.2035 0.250107
0.2045 0.250116
0.2055 0.250128
0.2065 0.25013
0.2075 0.250127
0.2085 0.25012
0.2095 0.25011
0.2105 0.25009
0.2115 0.250068
0.2125 0.250045
0.2135 0.25002
0.2145 0.249992
0.2155 0.249933
0.2165 0.249874
0.2175 0.249776
0.2185 0.249682
0.2195 0.249649
0.2205 0.249631
0.2215 0.249617
0.2225 0.249602
0.2235 0.249566
0.2245 0.249499
0.2255 0.249432
0.2265 0.249399
0.2275 0.24941
0.2285 0.249463
0.2295 0.249552
0.2305 0.249729
0.2315 0.249923
0.2325 0.25002
0.2335 0.250207
0.2345 0.250371
0.2355 0.250467
0.2365 0.250556
0.2375 0.250654
0.2385 0.250857
0.2395 0.251361
0.2405 0.252613
0.2415 0.255641
0.2425 0.26248
0.2435 0.277192
0.2445 0.306855
0.2455 0.362534
0.2465 0.459355
0.2475 0.570587
0.2485 0.644894
0.2495 0.687326
0.2505 0.719859
0.2515 0.74942
0.2525 0.762565
0.2535 0.756452
0.2545 0.742169
0.2555 0.729916
0.2565 0.744281
0.2575 0.75825
0.2585 0.759308
0.2595 0.757324
0.2605 0.74627
0.2615 0.743235
0.2625 0.742656
0.2635 0.752782
0.2645 0.756889
0.2655 0.755095
0.2665 0.752836
0.2675 0.745254
0.2685 0.746183
0.2695 0.74837
0.2705 0.754473
0.2715 0.755378
0.2725 0.751493
0.2735 0.747392
0.2745 0.745558
0.2755 0.749006
0.2765 0.752681
0.2775 0.754548
0.2785 0.751558
0.2795 0.74875
0.2805 0.747038
0.2815 0.748777
0.2825 0.751796
0.2835 0.753696
0.2845 0.754252
0.2855 0.752564
0.2865 0.751657
0.2875 0.75205
0.2885 0.754078
0.2895 0.755671
0.2905 0.755944
0.2915 0.755702
0.2925 0.754572
0.2935 0.754285
0.2945 0.754475
0.2955 0.754931
0.2965 0.754596
0.2975 0.752812
0.2985 0.750652
0.2995 0.748479
0.3005 0.74761
0.3015 0.747809
0.3025 0.747991
0.3035 0.747629
0.3045 0.746143
0.3055 0.74435
0.3065 0.744101
0.3075 0.744145
0.3085 0.745562
0.3095 0.746428
0.3105 0.746301
0.3115 0.746122
0.3125 0.745925
0.3135 0.746815
0.3145 0.747944
0.3155 0.749369
0.3165 0.749787
0.3175 0.749137
0.3185 0.748182
0.3195 0.747379
0.3205 0.748384
0.3215 0.749861
0.3225 0.751243
0.3235 0.750256
0.3245 0.747712
0.3255 0.745877
0.3265 0.747539
0.3275 0.750036
0.3285 0.752393
0.3295 0.75171
0.3305 0.748428
0.3315 0.747317
0.3325 0.747256
0.3335 0.751243
0.3345 0.752592
0.3355 0.753614
0.3365 0.751643
0.3375 0.746631
0.3385 0.746951
0.3395 0.74851
0.3405 0.754045
0.3415 0.75503
0.3425 0.754475
0.3435 0.747401
0.3445 0.740088
0.3455 0.746129
0.3465 0.753045
0.3475 0.75582
0.3485 0.749186
0.3495 0.734412
0.3505 0.718241
0.3515 0.697174
0.3525 0.660135
0.3535 0.604582
0.3545 0.556209
0.3555 0.528392
0.3565 0.513616
0.3575 0.506376
0.3585 0.503089
0.3595 0.501651
0.3605 0.501067
0.3615 0.500833
0.3625 0.500731
0.3635 0.500662
0.3645 0.500585
0.3655 0.500493
0.3665 0.500312
0.3675 0.500112
0.3685 0.500005
0.3695 0.499825
0.3705 0.499616
0.3715 0.49952
0.3725 0.499474
0.3735 0.499485
0.3745 0.499579
0.3755 0.49968
0.3765 0.499775
0.3775 0.499792
0.3785 0.499746
0.3795 0.499693
0.3805 0.499696
0.3815 0.499758
0.3825 0.499946
0.3835 0.500167
0.3845 0.500325
0.3855 0.500447
0.3865 0.50051
0.3875 0.500545
0.3885 0.500551
0.3895 0.500535
0.3905 0.500497
0.3915 0.500418
0.3925 0.50028
0.3935 0.500166
0.3945 0.499982
0.3955 0.499656
0.3965 0.499476
0.3975 0.499373
0.3985 0.499305
0.3995 0.499301
0.4005 0.499343
0.4015 0.499444
0.4025 0.49956
0.4035 0.49964
0.4045 0.499707
0.4055 0.499783
0.4065 0.499896
0.4075 0.500015
0.4085 0.500192
0.4095 0.500394
0.4105 0.500514
0.4115 0.500604
0.4125 0.500646
0.4135 0.50066
0.4145 0.500642
0.4155 0.500595
0.4165 0.500511
0.4175 0.500411
0.4185 0.500234
0.4195 0.500017
0.4205 0.499882
0.4215 0.499776
0.4225 0.499711
0.4235 0.499682
0.4245 0.499687
0.4255 0.499714
0.4265 0.499801
0.4275 0.499894
0.4285 0.499939
0.4295 0.500013
0.4305 0.500113
0.4315 0.500169
0.4325 0.50025
0.4335 0.500357
0.4345 0.500432
0.4355 0.500473
0.4365 0.5005
0.4375 0.500509
0.4385 0.500504
0.4395 0.500481
0.4405 0.500441
0.4415 0.500383
0.4425 0.500264
0.4435 0.500176
0.4445 0.500024
0.4455 0.499867
0.4465 0.499777
0.4475 0.499702
0.4485 0.499665
0.4495 0.499648
0.4505 0.499659
0.4515 0.499697
0.4525 0.499762
0.4535 0.499845
0.4545 0.499942
0.4555 0.50003
0.4565 0.500084
0.4575 0.500117
0.4585 0.500141
0.4595 0.500149
0.4605 0.500149
0.4615 0.500138
0.4625 0.500105
0.4635 0.500044
0.4645 0.499992
0.4655 0.499878
0.4665 0.499713
0.4675 0.49961
0.4685 0.499555
0.4695 0.499508
0.4705 0.499489
0.4715 0.499492
0.4725 0.499518
0.4735 0.499566
0.4745 0.499691
0.4755 0.499831
0.4765 0.499927
0.4775 0.500004
0.4785 0.500039
0.4795 0.500054
0.4805 0.500047
0.4815 0.500019
0.4825 0.499968
0.4835 0.499884
0.4845 0.499776
0.4855 0.499601
0.4865 0.499439
0.4875 0.499315
0.4885 0.499186
0.4895 0.499046
0.4905 0.498938
0.4915 0.498883
0.4925 0.498856
0.4935 0.498853
0.4945 0.49888
0.4955 0.498943
0.4965 0.499064
0.4975 0.499189
0.4985 0.499472
0.4995 0.499811
0.5005 0.500139
0.5015 0.500477
0.5025 0.500794
0.5035 0.501012
0.5045 0.501133
0.5055 0.501213
0.5065 0.501243
0.5075 0.501247
0.5085 0.501222
0.5095 0.501168
0.5105 0.501095
0.5115 0.500988
0.5125 0.500793
0.5135 0.500621
0.5145 0.500381
0.5155 0.500171
0.5165 0.500029
0.5175 0.499856
0.5185 0.499767
0.5195 0.499725
0.5205 0.499712
0.5215 0.499724
0.5225 0.499765
0.5235 0.499851
0.5245 0.499963
0.5255 0.500153
0.5265 0.500335
0.5275 0.500408
0.5285 0.500457
0.5295 0.500477
0.5305 0.500471
0.5315 0.500433
0.5325 0.500381
0.5335 0.500257
0.5345 0.500066
0.5355 0.499964
0.5365 0.499772
0.5375 0.499552
0.5385 0.49937
0.5395 0.499048
0.5405 0.498355
0.5415 0.496787
0.5425 0.493289
0.5435 0.48587
0.5445 0.471046
0.5455 0.443244
0.5465 0.394932
0.5475 0.339436
0.5485 0.302382
0.5495 0.281255
0.5505 0.265036
0.5515 0.250323
0.5525 0.243845
0.5535 0.246976
0.5545 0.25419
0.5555 0.260361
0.5565 0.253198
0.5575 0.246184
0.5585 0.245611
0.5595 0.246559
0.5605 0.252036
0.5615 0.253497
0.5625 0.253794
0.5635 0.248748
0.5645 0.246687
0.5655 0.247591
0.5665 0.248732
0.5675 0.252553
0.5685 0.252108
0.5695 0.251098
0.5705 0.248173
0.5715 0.247839
0.5725 0.249877
0.5735 0.251994
0.5745 0.252943
0.5755 0.251329
0.5765 0.24966
0.5775 0.248847
0.5785 0.250588
0.5795 0.252179
0.5805 0.253271
0.5815 0.252519
0.5825 0.251303
0.5835 0.250539
0.5845 0.25082
0.5855 0.252212
0.5865 0.252707
0.5875 0.25325
0.5885 0.253035
0.5895 0.252936
0.5905 0.253183
0.5915 0.253678
0.5925 0.254267
0.5935 0.254405
0.5945 0.253943
0.5955 0.253181
0.5965 0.253009
0.5975 0.252882
0.5985 0.252836
0.5995 0.252365
0.6005 0.250689
0.6015 0.248787
0.6025 0.247854
0.6035 0.247368
0.6045 0.246953
0.6055 0.246569
0.6065 0.245902
0.6075 0.245181
0.6085 0.244959
0.6095 0.244976
0.6105 0.245221
0.6115 0.245528
0.6125 0.245889
0.6135 0.246232
0.6145 0.246576
0.6155 0.24704
0.6165 0.247546
0.6175 0.248126
0.6185 0.248679
0.6195 0.248912
0.6205 0.249217
0.6215 0.249556
0.6225 0.250149
0.6235 0.250701
0.6245 0.2508
0.6255 0.250741
0.6265 0.250568
0.6275 0.250422
0.6285 0.250346
0.6295 0.250283
0.6305 0.250172
0.6315 0.24999
0.6325 0.249592
0.6335 0.249213
0.6345 0.249029
0.6355 0.248892
0.6365 0.248814
0.6375 0.24879
0.6385 0.248816
0.6395 0.248923
0.6405 0.249061
0.6415 0.249341
0.6425 0.249816
0.6435 0.250067
0.6445 0.250187
0.6455 0.25031
0.6465 0.25047
0.6475 0.250613
0.6485 0.250899
0.6495 0.251202
0.6505 0.25126
0.6515 0.251163
0.6525 0.25082
0.6535 0.250438
0.6545 0.250101
0.6555 0.249874
0.6565 0.24975
0.6575 0.249581
0.6585 0.24949
0.6595 0.249442
0.6605 0.24942
0.6615 0.249407
0.6625 0.249409
0.6635 0.249413
0.6645 0.249464
0.6655 0.24956
0.6665 0.249751
0.6675 0.25022
0.6685 0.250663
0.6695 0.250791
0.6705 0.25072
0.6715 0.250631
0.6725 0.25059
0.6735 0.250788
0.6745 0.2514
0.6755 0.25187
0.6765 0.251808
0.6775 0.25091
0.6785 0.249883
0.6795 0.249552
0.6805 0.249418
0.6815 0.249348
0.6825 0.249253
0.6835 0.249014
0.6845 0.248927
0.6855 0.24899
0.6865 0.249217
0.6875 0.249474
0.6885 0.249487
0.6895 0.249438
0.6905 0.249323
0.6915 0.249578
0.6925 0.250199
0.6935 0.250781
0.6945 0.251177
0.6955 0.250672
0.6965 0.250127
0.6975 0.249591
0.6985 0.249936
0.6995 0.251341
0.7005 0.252367
0.7015 0.25225
0.7025 0.250342
0.7035 0.248771
0.7045 0.248669
0.7055 0.249395
0.7065 0.249757
0.7075 0.249947
0.7085 0.24911
0.7095 0.248606
0.7105 0.248637
0.7115 0.249474
0.7125 0.251031
0.7135 0.251169
0.7145 0.250274
0.7155 0.248072
0.7165 0.248188
0.7175 0.249942
0.7185 0.252849
0.7195 0.254353
0.7205 0.252246
0.7215 0.24914
0.7225 0.245705
0.7235 0.247425
0.7245 0.250875
0.7255 0.254211
0.7265 0.252521
0.7275 0.248541
0.7285 0.244634
0.7295 0.245468
0.7305 0.251595
0.7315 0.254072
0.7325 0.255044
0.7335 0.24753
0.7345 0.245416
0.7355 0.243716
0.7365 0.247894
0.7375 0.258053
0.7385 0.257485
0.7395 0.254508
0.7405 0.243461
0.7415 0.241428
0.7425 0.242433
0.7435 0.256219
0.7445 0.270351
0.7455 0.257952
0.7465 0.243391
0.7475 0.237038
0.7485 0.250036
0.7495 0.279471
0.7505 0.311976
0.7515 0.35441
0.7525 0.42876
0.7535 0.540031
0.7545 0.636901
0.7555 0.692669
0.7565 0.722441
0.7575 0.737356
0.7585 0.744416
0.7595 0.747588
0.7605 0.748983
0.7615 0.749632
0.7625 0.749919
0.7635 0.75009
0.7645 0.750191
0.7655 0.750248
0.7665 0.750279
0.7675 0.750292
0.7685 0.750287
0.7695 0.750264
0.7705 0.750225
0.7715 0.750145
0.7725 0.750047
0.7735 0.749893
0.7745 0.749744
0.7755 0.749686
0.7765 0.749652
0.7775 0.749647
0.7785 0.749679
0.7795 0.749747
0.7805 0.749855
0.7815 0.750011
0.7825 0.750236
0.7835 0.75058
0.7845 0.750849
0.7855 0.751012
0.7865 0.751142
0.7875 0.751218
0.7885 0.75125
0.7895 0.751244
0.7905 0.7512
0.7915 0.751107
0.7925 0.750981
0.7935 0.750718
0.7945 0.750429
0.7955 0.750281
0.7965 0.749983
0.7975 0.749697
0.7985 0.74951
0.7995 0.749358
0.8005 0.749285
0.8015 0.749244
0.8025 0.749239
0.8035 0.749281
0.8045 0.749343
0.8055 0.749503
0.8065 0.74969
0.8075 0.749948
0.8085 0.750238
0.8095 0.75042
0.8105 0.750548
0.8115 0.750615
0.8125 0.750651
0.8135 0.750649
0.8145 0.750609
0.8155 0.750526
0.8165 0.750409
0.8175 0.750159
0.8185 0.749888
0.8195 0.749751
0.8205 0.749486
0.8215 0.749246
0.8225 0.749132
0.8235 0.74905
0.8245 0.74901
0.8255 0.749005
0.8265 0.749031
0.8275 0.749101
0.8285 0.749184
0.8295 0.749375
0.8305 0.749588
0.8315 0.749893
0.8325 0.750194
0.8335 0.750397
0.8345 0.750566
0.8355 0.750643
0.8365 0.750692
0.8375 0.75068
0.8385 0.75057
0.8395 0.750257
0.8405 0.749516
0.8415 0.747804
0.8425 0.744103
0.8435 0.736471
0.8445 0.721221
0.8455 0.693119
0.8465 0.644616
0.8475 0.588852
0.8485 0.551585
0.8495 0.530292
0.8505 0.514006
0.8515 0.499323
0.8525 0.492817
0.8535 0.496276
0.8545 0.503824
0.8555 0.510118
0.8565 0.503295
0.8575 0.496602
0.8585 0.496226
0.8595 0.497374
0.8605 0.503004
0.8615 0.504618
0.8625 0.504861
0.8635 0.499703
0.8645 0.497573
0.8655 0.498294
0.8665 0.499167
0.8675 0.502753
0.8685 0.502111
0.8695 0.500656
0.8705 0.497424
0.8715 0.49686
0.8725 0.498684
0.8735 0.500561
0.8745 0.501337
0.8755 0.499666
0.8765 0.497947
0.8775 0.497129
0.8785 0.499073
0.8795 0.500853
0.8805 0.502188
0.8815 0.501626
0.8825 0.500332
0.8835 0.499579
0.8845 0.499615
0.8855 0.500948
0.8865 0.501423
0.8875 0.501287
0.8885 0.50048
0.8895 0.499933
0.8905 0.49978
0.8915 0.499927
0.8925 0.500144
0.8935 0.499875
0.8945 0.49954
0.8955 0.499052
0.8965 0.499064
0.8975 0.499702
0.8985 0.500531
0.8995 0.500603
0.9005 0.499987
0.9015 0.499209
0.9025 0.499179
0.9035 0.49961
0.9045 0.50008
0.9055 0.500506
0.9065 0.500558
0.9075 0.50032
0.9085 0.500103
0.9095 0.500073
0.9105 0.50019
0.9115 0.500276
0.9125 0.500241
0.9135 0.500071
0.9145 0.499884
0.9155 0.499795
0.9165 0.499753
0.9175 0.499746
0.9185 0.499721
0.9195 0.49973
0.9205 0.499782
0.9215 0.499976
0.9225 0.500433
0.9235 0.500814
0.9245 0.500859
0.9255 0.500571
0.9265 0.500222
0.9275 0.500147
0.9285 0.500232
0.9295 0.500346
0.9305 0.500457
0.9315 0.50045
0.9325 0.500285
0.9335 0.500098
0.9345 0.500036
0.9355 0.500017
0.9365 0.500033
0.9375 0.500073
0.9385 0.500157
0.9395 0.500271
0.9405 0.500479
0.9415 0.500682
0.9425 0.500788
0.9435 0.500943
0.9445 0.501074
0.9455 0.501241
0.9465 0.501371
0.9475 0.501337
0.9485 0.501212
0.9495 0.500782
0.9505 0.499908
0.9515 0.499428
0.9525 0.499234
0.9535 0.499121
0.9545 0.49913
0.9555 0.499155
0.9565 0.49918
0.9575 0.499193
0.9585 0.499223
0.9595 0.499311
0.9605 0.499405
0.9615 0.499469
0.9625 0.499514
0.9635 0.499533
0.9645 0.499535
0.9655 0.499513
0.9665 0.499462
0.9675 0.499322
0.9685 0.499208
0.9695 0.499222
0.9705 0.499411
0.9715 0.50001
0.9725 0.501879
0.9735 0.507428
0.9745 0.522963
0.9755 0.563593
0.9765 0.663082
0.9775 0.892622
0.9785 1.3934
0.9795 2.42596
0.9805 4.43104
0.9815 7.7234
0.9825 13.5836
0.9835 24.502
0.9845 39.76
0.9855 65.5497
0.9865 111.015
0.9875 146.651
0.9885 105.872
0.9895 -174.64
0.9905 12152.7
0.9915 -6.4082e+07
0.9925 3.11215e+11
0.9935 -1.51149e+15
0.9945 7.34093e+18
0.9955 -3.5653e+22
0.9965 1.73158e+26
0.9975 -8.40982e+29
0.9985 4.08444e+33
0.9995 -1.98371e+37

# time= 1
0.0005 6.92164e+39
0.0015 7.00146e+39
0.0025 6.86861e+39
0.0035 6.52097e+39
0.0045 5.95543e+39
0.0055 4.85237e+39
0.0065 3.61512e+39
0.0075 2.84707e+39
0.0085 1.91195e+39
0.0095 1.2774e+39
0.0105 1.00939e+39
0.0115 6.43283e+38
0.0125 4.3043e+38
0.0135 2.86708e+38
0.0145 1.73595e+38
0.0155 1.19559e+38
0.0165 7.34107e+37
0.0175 4.42282e+37
0.0185 2.56306e+37
0.0195 1.44052e+37
0.0205 7.91225e+36
0.0215 4.18047e+36
0.0225 2.14822e+36
0.0235 1.03647e+36
0.0245 4.74659e+35
0.0255 2.01581e+35
0.0265 8.08775e+34
0.0275 3.07006e+34
0.0285 1.09895e+34
0.0295 3.69556e+33
0.0305 1.16191e+33
0.0315 3.39587e+32
0.0325 9.15961e+31
0.0335 2.25947e+31
0.0345 5.03779e+30
0.0355 9.99393e+29
0.0365 1.72573e+29
0.0375 2.51004e+28
0.0385 2.91717e+27
0.0395 2.44758e+26
0.0405 1.15766e+25
0.0415 -4.44183e+21
0.0425 9.1457e+17
0.0435 -1.88309e+14
0.0445 3.87727e+10
0.0455 -7.98327e+06
0.0465 1644.75
0.0475 0.662618
0.0485 0.999495
0.0495 0.997777
0.0505 0.997628
0.0515 0.999703
0.0525 1.00175
0.0535 1.0018
0.0545 0.999913
0.0555 0.997996
0.0565 0.998026
0.0575 1.00011
0.0585 1.00232
0.0595 1.00241
0.0605 1.00101
0.0615 0.999323
0.0625 0.998902
0.0635 0.999242
0.0645 1.00017
0.0655 1.00053
0.0665 1.00056
0.0675 0.99983
0.0685 0.999197
0.0695 0.999159
0.0705 0.999585
0.0715 1.00002
0.0725 0.999974
0.0735 0.999321
0.0745 0.998736
0.0755 0.998805
0.0765 0.999661
0.0775 1.00052
0.0785 1.0006
0.0795 1.00007
0.0805 0.999563
0.0815 0.999695
0.0825 1.0007
0.0835 1.00161
0.0845 1.00157
0.0855 1.00068
0.0865 0.999612
0.0875 0.999299
0.0885 0.999296
0.0895 0.999771
0.0905 1.00023
0.0915 1.00033
0.0925 1.00031
0.0935 1.00022
0.0945 1.00022
0.0955 1.00033
0.0965 1.00044
0.0975 1.00039
0.0985 1.0001
0.0995 0.999857
0.1005 0.999871
0.1015 1.0002
0.1025 1.00051
0.1035 1.0005
0.1045 1.00024
0.1055 1.00002
0.1065 1.00006
0.1075 1.00022
0.1085 1.00032
0.1095 1.00018
0.1105 0.999425
0.1115 0.998575
0.1125 0.998337
0.1135 0.998335
0.1145 0.998709
0.1155 0.999152
0.1165 0.999497
0.1175 0.999809
0.1185 0.999955
0.1195 1.00013
0.1205 1.00031
0.1215 1.00046
0.1225 1.00054
0.1235 1.00059
0.1245 1.00065
0.1255 1.00075
0.1265 1.00089
0.1275 1.00099
0.1285 1.00098
0.1295 1.0008
0.1305 1.00058
0.1315 1.00047
0.1325 1.00039
0.1335 1.00027
0.1345 1.00007
0.1355 0.9995
0.1365 0.998912
0.1375 0.998719
0.1385 0.998656
0.1395 0.998694
0.1405 0.998815
0.1415 0.999029
0.1425 0.999297
0.1435 0.999539
0.1445 0.999676
0.1455 0.999771
0.1465 0.999817
0.1475 0.999808
0.1485 0.999742
0.1495 0.999699
0.1505 0.999726
0.1515 0.999803
0.1525 0.999997
0.1535 1.00017
0.1545 1.00024
0.1555 1.00028
0.1565 1.00027
0.1575 1.0002
0.1585 1.00006
0.1595 0.999845
0.1605 0.999614
0.1615 0.999441
0.1625 0.999365
0.1635 0.999391
0.1645 0.999557
0.1655 0.999737
0.1665 0.999817
0.1675 0.99989
0.1685 0.999964
0.1695 1.00005
0.1705 1.00027
0.1715 1.00051
0.1725 1.0006
0.1735 1.00068
0.1745 1.00074
0.1755 1.00076
0.1765 1.00077
0.1775 1.00075
0.1785 1.00069
0.1795 1.00053
0.1805 1.00034
0.1815 1.00022
0.1825 1.00009
0.1835 0.999855
0.1845 0.999658
0.1855 0.999374
0.1865 0.999138
0.1875 0.999124
0.1885 0.999236
0.1895 0.999665
0.1905 1.00006
0.1915 1.00013
0.1925 1.0001
0.1935 1.00004
0.1945 1.00003
0.1955 1.00014
0.1965 1.00027
0.1975 1.00028
0.1985 1.00015
0.1995 1
0.2005 0.999995
0.2015 1.00013
0.2025 1.00027
0.2035 1.00028
0.2045 1.00019
0.2055 1.0001
0.2065 1.00006
0.2075 1.00006
0.2085 1.00003
0.2095 0.999955
0.2105 0.999686
0.2115 0.999421
0.2125 0.999414
0.2135 0.999566
0.2145 1.00013
0.2155 1.00061
0.2165 1.00064
0.2175 1.00021
0.2185 0.999735
0.2195 0.999676
0.2205 0.99993
0.2215 1.00019
0.2225 1.00014
0.2235 0.999691
0.2245 0.999246
0.2255 0.999207
0.2265 0.999498
0.2275 0.999832
0.2285 0.999867
0.2295 0.999666
0.2305 0.999479
0.2315 0.999515
0.2325 0.999859
0.2335 1.00025
0.2345 1.00025
0.2355 1.00008
0.2365 0.999647
0.2375 0.999489
0.2385 0.99971
0.2395 1.00058
0.2405 1.00132
0.2415 1.00129
0.2425 1.0002
0.2435 0.999174
0.2445 0.99916
0.2455 1.0001
0.2465 1.00101
0.2475 1.00097
0.2485 0.999904
0.2495 0.99881
0.2505 0.998817
0.2515 0.99963
0.2525 1.00047
0.2535 1.00048
0.2545 0.999771
0.2555 0.998938
0.2565 0.998727
0.2575 0.999592
0.2585 1.00126
0.2595 1.00171
0.2605 1.00104
0.2615 0.999699
0.2625 0.998908
0.2635 0.999138
0.2645 1.00133
0.2655 1.00311
0.2665 1.00322
0.2675 1.00042
0.2685 0.997675
0.2695 0.99772
0.2705 1.00038
0.2715 1.00317
0.2725 1.00325
0.2735 1.00064
0.2745 0.997094
0.2755 0.997311
0.2765 0.999843
0.2775 1.00252
0.2785 1.00448
0.2795 1.00249
0.2805 0.99812
0.2815 0.996083
0.2825 0.997273
0.2835 1.00598
0.2845 1.01
0.2855 1.00674
0.2865 1.00091
0.2875 0.99499
0.2885 0.996547
0.2895 1.00536
0.2905 1.00857
0.2915 1.00992
0.2925 0.994658
0.2935 0.973658
0.2945 0.95291
0.2955 0.928495
0.2965 0.904726
0.2975 0.857777
0.2985 0.80715
0.2995 0.771043
0.3005 0.728565
0.3015 0.692542
0.3025 0.641435
0.3035 0.594895
0.3045 0.571302
0.3055 0.547013
0.3065 0.526358
0.3075 0.505395
0.3085 0.490161
0.3095 0.491617
0.3105 0.494858
0.3115 0.503699
0.3125 0.50528
0.3135 0.499365
0.3145 0.493491
0.3155 0.490175
0.3165 0.494013
0.3175 0.502581
0.3185 0.503746
0.3195 0.501537
0.3205 0.496995
0.3215 0.495052
0.3225 0.497002
0.3235 0.499687
0.3245 0.502249
0.3255 0.502503
0.3265 0.499068
0.3275 0.496608
0.3285 0.496761
0.3295 0.4997
0.3305 0.502497
0.3315 0.502634
0.3325 0.500047
0.3335 0.49735
0.3345 0.497536
0.3355 0.499277
0.3365 0.501427
0.3375 0.501637
0.3385 0.50078
0.3395 0.499354
0.3405 0.498586
0.3415 0.49898
0.3425 0.500448
0.3435 0.501173
0.3445 0.500934
0.3455 0.500017
0.3465 0.49927
0.3475 0.499258
0.3485 0.500129
0.3495 0.500983
0.3505 0.501006
0.3515 0.499989
0.3525 0.498998
0.3535 0.498993
0.3545 0.499966
0.3555 0.500957
0.3565 0.500961
0.3575 0.499959
0.3585 0.49889
0.3595 0.498863
0.3605 0.499592
0.3615 0.500459
0.3625 0.500672
0.3635 0.500513
0.3645 0.500056
0.3655 0.499847
0.3665 0.499821
0.3675 0.500146
0.3685 0.500416
0.3695 0.500404
0.3705 0.500122
0.3715 0.499844
0.3725 0.499841
0.3735 0.500123
0.3745 0.500383
0.3755 0.500342
0.3765 0.499919
0.3775 0.499509
0.3785 0.499484
0.3795 0.499792
0.3805 0.500085
0.3815 0.500039
0.3825 0.499578
0.3835 0.499173
0.3845 0.499219
0.3855 0.499731
0.3865 0.50034
0.3875 0.500534
0.3885 0.500567
0.3895 0.50038
0.3905 0.500183
0.3915 0.500148
0.3925 0.500174
0.3935 0.500222
0.3945 0.500218
0.3955 0.500102
0.3965 0.499991
0.3975 0.499986
0.3985 0.500012
0.3995 0.500019
0.4005 0.499961
0.4015 0.499705
0.4025 0.499467
0.4035 0.499436
0.4045 0.499543
0.4055 0.499652
0.4065 0.499643
0.4075 0.499596
0.4085 0.499584
0.4095 0.499674
0.4105 0.500086
0.4115 0.500544
0.4125 0.500685
0.4135 0.500702
0.4145 0.500585
0.4155 0.500424
0.4165 0.500336
0.4175 0.500296
0.4185 0.500267
0.4195 0.500245
0.4205 0.500208
0.4215 0.500169
0.4225 0.500151
0.4235 0.500133
0.4245 0.500107
0.4255 0.500058
0.4265 0.499942
0.4275 0.499843
0.4285 0.499823
0.4295 0.49983
0.4305 0.499866
0.4315 0.49992
0.4325 0.499961
0.4335 0.500016
0.4345 0.500094
0.4355 0.500304
0.4365 0.500531
0.4375 0.500637
0.4385 0.500713
0.4395 0.500755
0.4405 0.500774
0.4415 0.500778
0.4425 0.500771
0.4435 0.500755
0.4445 0.500724
0.4455 0.500673
0.4465 0.500595
0.4475 0.50045
0.4485 0.500269
0.4495 0.499963
0.4505 0.499652
0.4515 0.499479
0.4525 0.499348
0.4535 0.499283
0.4545 0.49926
0.4555 0.499267
0.4565 0.499312
0.4575 0.499404
0.4585 0.499456
0.4595 0.499498
0.4605 0.499559
0.4615 0.499614
0.4625 0.499672
0.4635 0.499764
0.4645 0.499897
0.4655 0.499981
0.4665 0.500011
0.4675 0.500011
0.4685 0.499982
0.4695 0.499956
0.4705 0.499937
0.4715 0.499909
0.4725 0.499868
0.4735 0.499746
0.4745 0.499634
0.4755 0.499605
0.4765 0.499602
0.4775 0.499629
0.4785 0.499657
0.4795 0.499673
0.4805 0.499692
0.4815 0.499698
0.4825 0.499685
0.4835 0.499639
0.4845 0.499555
0.4855 0.499318
0.4865 0.499102
0.4875 0.499073
0.4885 0.49914
0.4895 0.499448
0.4905 0.499733
0.4915 0.499762
0.4925 0.499637
0.4935 0.499485
0.4945 0.499472
0.4955 0.4996
0.4965 0.499758
0.4975 0.499794
0.4985 0.499721
0.4995 0.499655
0.5005 0.499706
0.5015 0.49996
0.5025 0.500252
0.5035 0.500361
0.5045 0.500435
0.5055 0.500505
0.5065 0.5006
0.5075 0.50076
0.5085 0.500865
0.5095 0.50086
0.5105 0.500665
0.5115 0.500437
0.5125 0.500419
0.5135 0.500535
0.5145 0.500911
0.5155 0.5012
0.5165 0.501162
0.5175 0.500604
0.5185 0.500007
0.5195 0.499911
0.5205 0.500107
0.5215 0.500344
0.5225 0.500311
0.5235 0.499894
0.5245 0.499492
0.5255 0.499472
0.5265 0.499794
0.5275 0.500145
0.5285 0.500174
0.5295 0.499967
0.5305 0.499763
0.5315 0.499774
0.5325 0.500077
0.5335 0.500423
0.5345 0.500388
0.5355 0.500196
0.5365 0.499706
0.5375 0.499491
0.5385 0.499679
0.5395 0.500455
0.5405 0.501095
0.5415 0.501026
0.5425 0.499872
0.5435 0.498795
0.5445 0.498772
0.5455 0.499732
0.5465 0.500696
0.5475 0.500693
0.5485 0.499718
0.5495 0.498739
0.5505 0.498797
0.5515 0.499733
0.5525 0.500694
0.5535 0.500728
0.5545 0.500057
0.5555 0.499261
0.5565 0.49902
0.5575 0.499837
0.5585 0.501392
0.5595 0.501765
0.5605 0.500992
0.5615 0.499527
0.5625 0.498627
0.5635 0.498797
0.5645 0.500902
0.5655 0.502598
0.5665 0.502744
0.5675 0.499954
0.5685 0.497273
0.5695 0.497361
0.5705 0.500129
0.5715 0.503049
0.5725 0.503193
0.5735 0.500732
0.5745 0.497299
0.5755 0.497613
0.5765 0.500219
0.5775 0.502965
0.5785 0.504961
0.5795 0.503108
0.5805 0.498504
0.5815 0.496256
0.5825 0.497454
0.5835 0.506009
0.5845 0.509826
0.5855 0.506422
0.5865 0.500425
0.5875 0.494351
0.5885 0.495798
0.5895 0.504582
0.5905 0.507754
0.5915 0.50917
0.5925 0.493951
0.5935 0.473075
0.5945 0.452474
0.5955 0.42823
0.5965 0.404744
0.5975 0.358388
0.5985 0.307172
0.5995 0.271389
0.6005 0.229621
0.6015 0.193861
0.6025 0.142579
0.6035 0.0957343
0.6045 0.072131
0.6055 0.0474892
0.6065 0.0266232
0.6075 0.00560618
0.6085 -0.00973003
0.6095 -0.00845007
0.6105 -0.00534611
0.6115 0.00341982
0.6125 0.00483609
0.6135 -0.00124193
0.6145 -0.00718236
0.6155 -0.0105058
0.6165 -0.00647191
0.6175 0.00230668
0.6185 0.00359948
0.6195 0.00163581
0.6205 -0.00265435
0.6215 -0.00445792
0.6225 -0.00236237
0.6235 0.00047453
0.6245 0.00309756
0.6255 0.00341397
0.6265 -0.000134226
0.6275 -0.0027349
0.6285 -0.00268513
0.6295 7.99215e-05
0.6305 0.00269895
0.6315 0.00266025
0.6325 -0.000253058
0.6335 -0.0032439
0.6345 -0.00321442
0.6355 -0.00151813
0.6365 0.000594854
0.6375 0.000752373
0.6385 -0.00010736
0.6395 -0.0015057
0.6405 -0.00218125
0.6415 -0.00172728
0.6425 0.000151463
0.6435 0.00118365
0.6445 0.00101791
0.6455 0.000333586
0.6465 -0.000268127
0.6475 -0.000157249
0.6485 0.000770651
0.6495 0.00165299
0.6505 0.00169183
0.6515 0.000580259
0.6525 -0.000541728
0.6535 -0.000623495
0.6545 0.000178544
0.6555 0.000986491
0.6565 0.000896998
0.6575 -0.00028676
0.6585 -0.00150161
0.6595 -0.00157101
0.6605 -0.000886426
0.6615 -3.84333e-05
0.6625 0.000193135
0.6635 4.93171e-05
0.6645 -0.00026421
0.6655 -0.000361736
0.6665 -0.000295773
0.6675 0.000273972
0.6685 0.000728871
0.6695 0.000820583
0.6705 0.000724331
0.6715 0.00059041
0.6725 0.000648364
0.6735 0.000935661
0.6745 0.00116259
0.6755 0.00109428
0.6765 0.000544124
0.6775 -5.11874e-05
0.6785 -0.000180665
0.6795 -9.64402e-05
0.6805 -2.84278e-05
0.6815 -0.000197672
0.6825 -0.000801434
0.6835 -0.00130799
0.6845 -0.00130906
0.6855 -0.000886681
0.6865 -0.000344358
0.6875 -0.000111297
0.6885 -2.60049e-05
0.6895 -9.30471e-05
0.6905 -0.000158708
0.6915 -0.000118545
0.6925 0.000112334
0.6935 0.000378586
0.6945 0.000461495
0.6955 0.000509894
0.6965 0.000545328
0.6975 0.000593418
0.6985 0.000647455
0.6995 0.000655007
0.7005 0.000580489
0.7015 0.000247635
0.7025 -0.000118891
0.7035 -0.000239011
0.7045 -0.000341221
0.7055 -0.000449124
0.7065 -0.00057532
0.7075 -0.000729794
0.7085 -0.000804097
0.7095 -0.00073656
0.7105 -0.000387531
0.7115 4.22637e-05
0.7125 0.000244998
0.7135 0.0003255
0.7145 0.000307665
0.7155 0.000258723
0.7165 0.000227825
0.7175 0.000239557
0.7185 0.000266856
0.7195 0.000283657
0.7205 0.000279812
0.7215 0.000251583
0.7225 0.000196493
0.7235 0.000136059
0.7245 -8.94388e-06
0.7255 -0.000145393
0.7265 -0.000334423
0.7275 -0.000512792
0.7285 -0.000568332
0.7295 -0.000575917
0.7305 -0.000547188
0.7315 -0.000488044
0.7325 -0.000424328
0.7335 -0.000344538
0.7345 -0.00022105
0.7355 0.000108736
0.7365 0.000443032
0.7375 0.000563141
0.7385 0.000625584
0.7395 0.000626245
0.7405 0.000568829
0.7415 0.000490086
0.7425 0.000420514
0.7435 0.000342903
0.7445 0.000255645
0.7455 0.000150024
0.7465 2.36756e-05
0.7475 -0.00010562
0.7485 -0.000213513
0.7495 -0.00037595
0.7505 -0.00052253
0.7515 -0.000578407
0.7525 -0.000610543
0.7535 -0.000613382
0.7545 -0.000588542
0.7555 -0.00053853
0.7565 -0.000448346
0.7575 -0.000286295
0.7585 -0.000108052
0.7595 7.38568e-05
0.7605 0.000319913
0.7615 0.000502001
0.7625 0.000585171
0.7635 0.000616378
0.7645 0.000602917
0.7655 0.000557868
0.7665 0.000422941
0.7675 0.00027695
0.7685 0.000181022
0.7695 6.70574e-05
0.7705 -4.46449e-05
0.7715 -0.000122102
0.7725 -0.000203422
0.7735 -0.000272652
0.7745 -0.000304431
0.7755 -0.000328358
0.7765 -0.000329692
0.7775 -0.000308137
0.7785 -0.00027341
0.7795 -0.000195074
0.7805 -0.000101139
0.7815 2.34699e-05
0.7825 0.000206411
0.7835 0.000387075
0.7845 0.00052886
0.7855 0.00074988
0.7865 0.000965724
0.7875 0.00105084
0.7885 0.00110157
0.7895 0.00111151
0.7905 0.00107343
0.7915 0.00101033
0.7925 0.000850316
0.7935 0.000643632
0.7945 0.000375347
0.7955 8.21918e-05
0.7965 -0.000159489
0.7975 -0.000356693
0.7985 -0.000472691
0.7995 -0.000548577
0.8005 -0.000581567
0.8015 -0.000589075
0.8025 -0.000568091
0.8035 -0.000518245
0.8045 -0.000418777
0.8055 -0.000290376
0.8065 -6.47569e-05
0.8075 0.000173657
0.8085 0.000352767
0.8095 0.000541295
0.8105 0.000626971
0.8115 0.000684127
0.8125 0.00069976
0.8135 0.000665061
0.8145 0.000586669
0.8155 0.000447636
0.8165 0.000302956
0.8175 5.80656e-05
0.8185 -0.000359186
0.8195 -0.000583042
0.8205 -0.000740712
0.8215 -0.00087298
0.8225 -0.000944516
0.8235 -0.000981876
0.8245 -0.000976698
0.8255 -0.000938635
0.8265 -0.00086139
0.8275 -0.000764395
0.8285 -0.000607927
0.8295 -0.000360941
0.8305 -0.000189435
0.8315 6.2151e-05
0.8325 0.000328549
0.8335 0.00049556
0.8345 0.000729678
0.8355 0.000916948
0.8365 0.000975598
0.8375 0.000950876
0.8385 0.000854845
0.8395 0.000552712
0.8405 0.00022724
0.8415 1.91211e-05
0.8425 -0.000166733
0.8435 -0.000350601
0.8445 -0.000491323
0.8455 -0.000649804
0.8465 -0.000780262
0.8475 -0.000822797
0.8485 -0.000803188
0.8495 -0.000742376
0.8505 -0.000638887
0.8515 -0.000540316
0.8525 -0.00042258
0.8535 -0.000240958
0.8545 -4.80016e-05
0.8555 0.000147875
0.8565 0.000287366
0.8575 0.000490931
0.8585 0.00067844
0.8595 0.000972136
0.8605 0.001248
0.8615 0.00131481
0.8625 0.00127518
0.8635 0.0011105
0.8645 0.000558275
0.8655 -2.71846e-06
0.8665 -0.000228662
0.8675 -0.00040561
0.8685 -0.000562789
0.8695 -0.000740382
0.8705 -0.000886773
0.8715 -0.000959229
0.8725 -0.00093045
0.8735 -0.000735865
0.8745 -0.000475141
0.8755 -0.000318816
0.8765 -0.000182197
0.8775 -6.601e-05
0.8785 1.23915e-06
0.8795 0.000108707
0.8805 0.000203448
0.8815 0.000263028
0.8825 0.000348812
0.8835 0.000468929
0.8845 0.00067013
0.8855 0.000994219
0.8865 0.00122368
0.8875 0.00118763
0.8885 0.000883269
0.8895 -1.40559e-05
0.8905 -0.000796088
0.8915 -0.000952273
0.8925 -0.000865723
0.8935 -0.000695831
0.8945 -0.000601585
0.8955 -0.000679329
0.8965 -0.000774072
0.8975 -0.000682337
0.8985 -0.000178283
0.8995 0.000323613
0.9005 0.000407837
0.9015 0.000336487
0.9025 0.000216663
0.9035 0.000171344
0.9045 0.000303793
0.9055 0.0004485
0.9065 0.000410037
0.9075 0.00022973
0.9085 0.000105803
0.9095 0.000144535
0.9105 0.000499937
0.9115 0.000847977
0.9125 0.000773532
0.9135 0.000385338
0.9145 -0.000764304
0.9155 -0.00171388
0.9165 -0.00177462
0.9175 -0.000892127
0.9185 0.000122916
0.9195 0.000278969
0.9205 -0.000176209
0.9215 -0.000657649
0.9225 -0.000545017
0.9235 0.000389351
0.9245 0.00131558
0.9255 0.00141733
0.9265 0.000890786
0.9275 0.000283661
0.9285 0.000241861
0.9295 0.000703605
0.9305 0.00114166
0.9315 0.00108963
0.9325 0.00042814
0.9335 -0.000342443
0.9345 -0.000315824
0.9355 3.2427e-05
0.9365 0.00092434
0.9375 0.00128659
0.9385 0.000875057
0.9395 -0.000764703
0.9405 -0.00212159
0.9415 -0.00200865
0.9425 0.000280542
0.9435 0.00243971
0.9445 0.0024938
0.9455 0.00059249
0.9465 -0.00131987
0.9475 -0.00130609
0.9485 0.000652418
0.9495 0.00260829
0.9505 0.00220406
0.9515 0.000411017
0.9525 -0.00105216
0.9535 -0.340256
0.9545 1643.75
0.9555 -7.98327e+06
0.9565 3.87727e+10
0.9575 -1.88309e+14
0.9585 9.1457e+17
0.9595 -4.44183e+21
0.9605 5.3293e+24
0.9615 1.13193e+26
0.9625 1.37232e+27
0.9635 1.20388e+28
0.9645 8.44007e+28
0.9655 4.97942e+29
0.9665 2.55396e+30
0.9675 1.16308e+31
0.9685 4.77448e+31
0.9695 1.78689e+32
0.9705 6.15233e+32
0.9715 1.96341e+33
0.9725 5.84029e+33
0.9735 1.62623e+34
0.9745 4.25483e+34
0.9755 1.04884e+35
0.9765 2.44564e+35
0.9775 5.4098e+35
0.9785 1.09413e+36
0.9795 2.09151e+36
0.9805 3.41078e+36
0.9815 6.37954e+36
0.9825 1.23708e+37
0.9835 1.81616e+37
0.9845 3.52198e+37
0.9855 6.61296e+37
0.9865 9.73078e+37
0.9875 1.5657e+38
0.9885 2.55721e+38
0.9895 3.84138e+38
0.9905 5.24231e+38
0.9915 8.2641e+38
0.9925 1.13126e+39
0.9935 1.57729e+39
0.9945 2.31831e+39
0.9955 3.24862e+39
0.9965 3.9444e+39
0.9975 4.94602e+39
0.9985 5.70997e+39
0.9995 6.39098e+39
