
# time= 0
0.0005 1
0.0015 1
0.0025 1
0.0035 1
0.0045 1
0.0055 1
0.0065 1
0.0075 1
0.0085 1
0.0095 1
0.0105 1
0.0115 1
0.0125 1
0.0135 1
0.0145 1
0.0155 1
0.0165 1
0.0175 1
0.0185 1
0.0195 1
0.0205 1
0.0215 1
0.0225 1
0.0235 1
0.0245 1
0.0255 1
0.0265 1
0.0275 1
0.0285 1
0.0295 1
0.0305 1
0.0315 1
0.0325 1
0.0335 1
0.0345 1
0.0355 1
0.0365 1
0.0375 1
0.0385 1
0.0395 1
0.0405 1
0.0415 1
0.0425 1
0.0435 1
0.0445 1
0.0455 1
0.0465 1
0.0475 1
0.0485 1
0.0495 1
0.0505 1
0.0515 1
0.0525 1
0.0535 1
0.0545 1
0.0555 1
0.0565 1
0.0575 1
0.0585 1
0.0595 1
0.0605 1
0.0615 1
0.0625 1
0.0635 1
0.0645 1
0.0655 1
0.0665 1
0.0675 1
0.0685 1
0.0695 1
0.0705 1
0.0715 1
0.0725 1
0.0735 1
0.0745 1
0.0755 1
0.0765 1
0.0775 1
0.0785 1
0.0795 1
0.0805 1
0.0815 1
0.0825 1
0.0835 1
0.0845 1
0.0855 1
0.0865 1
0.0875 1
0.0885 1
0.0895 1
0.0905 1
0.0915 1
0.0925 1
0.0935 1
0.0945 1
0.0955 1
0.0965 1
0.0975 1
0.0985 1
0.0995 1
0.1005 1
0.1015 1
0.1025 1
0.1035 1
0.1045 1
0.1055 1
0.1065 1
0.1075 1
0.1085 1
0.1095 1
0.1105 1
0.1115 1
0.1125 1
0.1135 1
0.1145 1
0.1155 1
0.1165 1
0.1175 1
0.1185 1
0.1195 1
0.1205 1
0.1215 1
0.1225 1
0.1235 1
0.1245 1
0.1255 1
0.1265 1
0.1275 1
0.1285 1
0.1295 1
0.1305 1
0.1315 1
0.1325 1
0.1335 1
0.1345 1
0.1355 1
0.1365 1
0.1375 1
0.1385 1
0.1395 1
0.1405 1
0.1415 1
0.1425 1
0.1435 1
0.1445 1
0.1455 1
0.1465 1
0.1475 1
0.1485 1
0.1495 1
0.1505 1
0.1515 1
0.1525 1
0.1535 1
0.1545 1
0.1555 1
0.1565 1
0.1575 1
0.1585 1
0.1595 1
0.1605 1
0.1615 1
0.1625 1
0.1635 1
0.1645 1
0.1655 1
0.1665 1
0.1675 1
0.1685 1
0.1695 1
0.1705 1
0.1715 1
0.1725 1
0.1735 1
0.1745 1
0.1755 1
0.1765 1
0.1775 1
0.1785 1
0.1795 1
0.1805 1
0.1815 1
0.1825 1
0.1835 1
0.1845 1
0.1855 1
0.1865 1
0.1875 1
0.1885 1
0.1895 1
0.1905 1
0.1915 1
0.1925 1
0.1935 1
0.1945 1
0.1955 1
0.1965 1
0.1975 1
0.1985 1
0.1995 1
0.2005 1
0.2015 1
0.2025 1
0.2035 1
0.2045 1
0.2055 1
0.2065 1
0.2075 1
0.2085 1
0.2095 1
0.2105 1
0.2115 1
0.2125 1
0.2135 1
0.2145 1
0.2155 1
0.2165 1
0.2175 1
0.2185 1
0.2195 1
0.2205 1
0.2215 1
0.2225 1
0.2235 1
0.2245 1
0.2255 1
0.2265 1
0.2275 1
0.2285 1
0.2295 1
0.2305 1
0.2315 1
0.2325 1
0.2335 1
0.2345 1
0.2355 1
0.2365 1
0.2375 1
0.2385 1
0.2395 1
0.2405 1
0.2415 1
0.2425 1
0.2435 1
0.2445 1
0.2455 1
0.2465 1
0.2475 1
0.2485 1
0.2495 1
0.2505 1
0.2515 1
0.2525 1
0.2535 1
0.2545 1
0.2555 1
0.2565 1
0.2575 1
0.2585 1
0.2595 1
0.2605 1
0.2615 1
0.2625 1
0.2635 1
0.2645 1
0.2655 1
0.2665 1
0.2675 1
0.2685 1
0.2695 1
0.2705 1
0.2715 1
0.2725 1
0.2735 1
0.2745 1
0.2755 1
0.2765 1
0.2775 1
0.2785 1
0.2795 1
0.2805 1
0.2815 1
0.2825 1
0.2835 1
0.2845 1
0.2855 1
0.2865 1
0.2875 1
0.2885 1
0.2895 1
0.2905 1
0.2915 1
0.2925 1
0.2935 1
0.2945 1
0.2955 1
0.2965 1
0.2975 1
0.2985 1
0.2995 1
0.3005 0.5
0.3015 0.5
0.3025 0.5
0.3035 0.5
0.3045 0.5
0.3055 0.5
0.3065 0.5
0.3075 0.5
0.3085 0.5
0.3095 0.5
0.3105 0.5
0.3115 0.5
0.3125 0.5
0.3135 0.5
0.3145 0.5
0.3155 0.5
0.3165 0.5
0.3175 0.5
0.3185 0.5
0.3195 0.5
0.3205 0.5
0.3215 0.5
0.3225 0.5
0.3235 0.5
0.3245 0.5
0.3255 0.5
0.3265 0.5
0.3275 0.5
0.3285 0.5
0.3295 0.5
0.3305 0.5
0.3315 0.5
0.3325 0.5
0.3335 0.5
0.3345 0.5
0.3355 0.5
0.3365 0.5
0.3375 0.5
0.3385 0.5
0.3395 0.5
0.3405 0.5
0.3415 0.5
0.3425 0.5
0.3435 0.5
0.3445 0.5
0.3455 0.5
0.3465 0.5
0.3475 0.5
0.3485 0.5
0.3495 0.5
0.3505 0.5
0.3515 0.5
0.3525 0.5
0.3535 0.5
0.3545 0.5
0.3555 0.5
0.3565 0.5
0.3575 0.5
0.3585 0.5
0.3595 0.5
0.3605 0.5
0.3615 0.5
0.3625 0.5
0.3635 0.5
0.3645 0.5
0.3655 0.5
0.3665 0.5
0.3675 0.5
0.3685 0.5
0.3695 0.5
0.3705 0.5
0.3715 0.5
0.3725 0.5
0.3735 0.5
0.3745 0.5
0.3755 0.5
0.3765 0.5
0.3775 0.5
0.3785 0.5
0.3795 0.5
0.3805 0.5
0.3815 0.5
0.3825 0.5
0.3835 0.5
0.3845 0.5
0.3855 0.5
0.3865 0.5
0.3875 0.5
0.3885 0.5
0.3895 0.5
0.3905 0.5
0.3915 0.5
0.3925 0.5
0.3935 0.5
0.3945 0.5
0.3955 0.5
0.3965 0.5
0.3975 0.5
0.3985 0.5
0.3995 0.5
0.4005 0.5
0.4015 0.5
0.4025 0.5
0.4035 0.5
0.4045 0.5
0.4055 0.5
0.4065 0.5
0.4075 0.5
0.4085 0.5
0.4095 0.5
0.4105 0.5
0.4115 0.5
0.4125 0.5
0.4135 0.5
0.4145 0.5
0.4155 0.5
0.4165 0.5
0.4175 0.5
0.4185 0.5
0.4195 0.5
0.4205 0.5
0.4215 0.5
0.4225 0.5
0.4235 0.5
0.4245 0.5
0.4255 0.5
0.4265 0.5
0.4275 0.5
0.4285 0.5
0.4295 0.5
0.4305 0.5
0.4315 0.5
0.4325 0.5
0.4335 0.5
0.4345 0.5
0.4355 0.5
0.4365 0.5
0.4375 0.5
0.4385 0.5
0.4395 0.5
0.4405 0.5
0.4415 0.5
0.4425 0.5
0.4435 0.5
0.4445 0.5
0.4455 0.5
0.4465 0.5
0.4475 0.5
0.4485 0.5
0.4495 0.5
0.4505 0.5
0.4515 0.5
0.4525 0.5
0.4535 0.5
0.4545 0.5
0.4555 0.5
0.4565 0.5
0.4575 0.5
0.4585 0.5
0.4595 0.5
0.4605 0.5
0.4615 0.5
0.4625 0.5
0.4635 0.5
0.4645 0.5
0.4655 0.5
0.4665 0.5
0.4675 0.5
0.4685 0.5
0.4695 0.5
0.4705 0.5
0.4715 0.5
0.4725 0.5
0.4735 0.5
0.4745 0.5
0.4755 0.5
0.4765 0.5
0.4775 0.5
0.4785 0.5
0.4795 0.5
0.4805 0.5
0.4815 0.5
0.4825 0.5
0.4835 0.5
0.4845 0.5
0.4855 0.5
0.4865 0.5
0.4875 0.5
0.4885 0.5
0.4895 0.5
0.4905 0.5
0.4915 0.5
0.4925 0.5
0.4935 0.5
0.4945 0.5
0.4955 0.5
0.4965 0.5
0.4975 0.5
0.4985 0.5
0.4995 0.5
0.5005 0.5
0.5015 0.5
0.5025 0.5
0.5035 0.5
0.5045 0.5
0.5055 0.5
0.5065 0.5
0.5075 0.5
0.5085 0.5
0.5095 0.5
0.5105 0.5
0.5115 0.5
0.5125 0.5
0.5135 0.5
0.5145 0.5
0.5155 0.5
0.5165 0.5
0.5175 0.5
0.5185 0.5
0.5195 0.5
0.5205 0.5
0.5215 0.5
0.5225 0.5
0.5235 0.5
0.5245 0.5
0.5255 0.5
0.5265 0.5
0.5275 0.5
0.5285 0.5
0.5295 0.5
0.5305 0.5
0.5315 0.5
0.5325 0.5
0.5335 0.5
0.5345 0.5
0.5355 0.5
0.5365 0.5
0.5375 0.5
0.5385 0.5
0.5395 0.5
0.5405 0.5
0.5415 0.5
0.5425 0.5
0.5435 0.5
0.5445 0.5
0.5455 0.5
0.5465 0.5
0.5475 0.5
0.5485 0.5
0.5495 0.5
0.5505 0.5
0.5515 0.5
0.5525 0.5
0.5535 0.5
0.5545 0.5
0.5555 0.5
0.5565 0.5
0.5575 0.5
0.5585 0.5
0.5595 0.5
0.5605 0.5
0.5615 0.5
0.5625 0.5
0.5635 0.5
0.5645 0.5
0.5655 0.5
0.5665 0.5
0.5675 0.5
0.5685 0.5
0.5695 0.5
0.5705 0.5
0.5715 0.5
0.5725 0.5
0.5735 0.5
0.5745 0.5
0.5755 0.5
0.5765 0.5
0.5775 0.5
0.5785 0.5
0.5795 0.5
0.5805 0.5
0.5815 0.5
0.5825 0.5
0.5835 0.5
0.5845 0.5
0.5855 0.5
0.5865 0.5
0.5875 0.5
0.5885 0.5
0.5895 0.5
0.5905 0.5
0.5915 0.5
0.5925 0.5
0.5935 0.5
0.5945 0.5
0.5955 0.5
0.5965 0.5
0.5975 0.5
0.5985 0.5
0.5995 0.5
0.6005 0
0.6015 0
0.6025 0
0.6035 0
0.6045 0
0.6055 0
0.6065 0
0.6075 0
0.6085 0
0.6095 0
0.6105 0
0.6115 0
0.6125 0
0.6135 0
0.6145 0
0.6155 0
0.6165 0
0.6175 0
0.6185 0
0.6195 0
0.6205 0
0.6215 0
0.6225 0
0.6235 0
0.6245 0
0.6255 0
0.6265 0
0.6275 0
0.6285 0
0.6295 0
0.6305 0
0.6315 0
0.6325 0
0.6335 0
0.6345 0
0.6355 0
0.6365 0
0.6375 0
0.6385 0
0.6395 0
0.6405 0
0.6415 0
0.6425 0
0.6435 0
0.6445 0
0.6455 0
0.6465 0
0.6475 0
0.6485 0
0.6495 0
0.6505 0
0.6515 0
0.6525 0
0.6535 0
0.6545 0
0.6555 0
0.6565 0
0.6575 0
0.6585 0
0.6595 0
0.6605 0
0.6615 0
0.6625 0
0.6635 0
0.6645 0
0.6655 0
0.6665 0
0.6675 0
0.6685 0
0.6695 0
0.6705 0
0.6715 0
0.6725 0
0.6735 0
0.6745 0
0.6755 0
0.6765 0
0.6775 0
0.6785 0
0.6795 0
0.6805 0
0.6815 0
0.6825 0
0.6835 0
0.6845 0
0.6855 0
0.6865 0
0.6875 0
0.6885 0
0.6895 0
0.6905 0
0.6915 0
0.6925 0
0.6935 0
0.6945 0
0.6955 0
0.6965 0
0.6975 0
0.6985 0
0.6995 0
0.7005 0
0.7015 0
0.7025 0
0.7035 0
0.7045 0
0.7055 0
0.7065 0
0.7075 0
0.7085 0
0.7095 0
0.7105 0
0.7115 0
0.7125 0
0.7135 0
0.7145 0
0.7155 0
0.7165 0
0.7175 0
0.7185 0
0.7195 0
0.7205 0
0.7215 0
0.7225 0
0.7235 0
0.7245 0
0.7255 0
0.7265 0
0.7275 0
0.7285 0
0.7295 0
0.7305 0
0.7315 0
0.7325 0
0.7335 0
0.7345 0
0.7355 0
0.7365 0
0.7375 0
0.7385 0
0.7395 0
0.7405 0
0.7415 0
0.7425 0
0.7435 0
0.7445 0
0.7455 0
0.7465 0
0.7475 0
0.7485 0
0.7495 0
0.7505 0
0.7515 0
0.7525 0
0.7535 0
0.7545 0
0.7555 0
0.7565 0
0.7575 0
0.7585 0
0.7595 0
0.7605 0
0.7615 0
0.7625 0
0.7635 0
0.7645 0
0.7655 0
0.7665 0
0.7675 0
0.7685 0
0.7695 0
0.7705 0
0.7715 0
0.7725 0
0.7735 0
0.7745 0
0.7755 0
0.7765 0
0.7775 0
0.7785 0
0.7795 0
0.7805 0
0.7815 0
0.7825 0
0.7835 0
0.7845 0
0.7855 0
0.7865 0
0.7875 0
0.7885 0
0.7895 0
0.7905 0
0.7915 0
0.7925 0
0.7935 0
0.7945 0
0.7955 0
0.7965 0
0.7975 0
0.7985 0
0.7995 0
0.8005 0
0.8015 0
0.8025 0
0.8035 0
0.8045 0
0.8055 0
0.8065 0
0.8075 0
0.8085 0
0.8095 0
0.8105 0
0.8115 0
0.8125 0
0.8135 0
0.8145 0
0.8155 0
0.8165 0
0.8175 0
0.8185 0
0.8195 0
0.8205 0
0.8215 0
0.8225 0
0.8235 0
0.8245 0
0.8255 0
0.8265 0
0.8275 0
0.8285 0
0.8295 0
0.8305 0
0.8315 0
0.8325 0
0.8335 0
0.8345 0
0.8355 0
0.8365 0
0.8375 0
0.8385 0
0.8395 0
0.8405 0
0.8415 0
0.8425 0
0.8435 0
0.8445 0
0.8455 0
0.8465 0
0.8475 0
0.8485 0
0.8495 0
0.8505 0
0.8515 0
0.8525 0
0.8535 0
0.8545 0
0.8555 0
0.8565 0
0.8575 0
0.8585 0
0.8595 0
0.8605 0
0.8615 0
0.8625 0
0.8635 0
0.8645 0
0.8655 0
0.8665 0
0.8675 0
0.8685 0
0.8695 0
0.8705 0
0.8715 0
0.8725 0
0.8735 0
0.8745 0
0.8755 0
0.8765 0
0.8775 0
0.8785 0
0.8795 0
0.8805 0
0.8815 0
0.8825 0
0.8835 0
0.8845 0
0.8855 0
0.8865 0
0.8875 0
0.8885 0
0.8895 0
0.8905 0
0.8915 0
0.8925 0
0.8935 0
0.8945 0
0.8955 0
0.8965 0
0.8975 0
0.8985 0
0.8995 0
0.9005 0
0.9015 0
0.9025 0
0.9035 0
0.9045 0
0.9055 0
0.9065 0
0.9075 0
0.9085 0
0.9095 0
0.9105 0
0.9115 0
0.9125 0
0.9135 0
0.9145 0
0.9155 0
0.9165 0
0.9175 0
0.9185 0
0.9195 0
0.9205 0
0.9215 0
0.9225 0
0.9235 0
0.9245 0
0.9255 0
0.9265 0
0.9275 0
0.9285 0
0.9295 0
0.9305 0
0.9315 0
0.9325 0
0.9335 0
0.9345 0
0.9355 0
0.9365 0
0.9375 0
0.9385 0
0.9395 0
0.9405 0
0.9415 0
0.9425 0
0.9435 0
0.9445 0
0.9455 0
0.9465 0
0.9475 0
0.9485 0
0.9495 0
0.9505 0
0.9515 0
0.9525 0
0.9535 0
0.9545 0
0.9555 0
0.9565 0
0.9575 0
0.9585 0
0.9595 0
0.9605 0
0.9615 0
0.9625 0
0.9635 0
0.9645 0
0.9655 0
0.9665 0
0.9675 0
0.9685 0
0.9695 0
0.9705 0
0.9715 0
0.9725 0
0.9735 0
0.9745 0
0.9755 0
0.9765 0
0.9775 0
0.9785 0
0.9795 0
0.9805 0
0.9815 0
0.9825 0
0.9835 0
0.9845 0
0.9855 0
0.9865 0
0.9875 0
0.9885 0
0.9895 0
0.9905 0
0.9915 0
0.9925 0
0.9935 0
0.9945 0
0.9955 0
0.9965 0
0.9975 0
0.9985 0
0.9995 0

# time= 0.2499
0.0005 0.516171
0.0015 0.529853
0.0025 0.539126
0.0035 0.543231
0.0045 0.54231
0.0055 0.534743
0.0065 0.525013
0.0075 0.51799
0.0085 0.512654
0.0095 0.509361
0.0105 0.50715
0.0115 0.505448
0.0125 0.504173
0.0135 0.503429
0.0145 0.502819
0.0155 0.502376
0.0165 0.50177
0.0175 0.501029
0.0185 0.500072
0.0195 0.499187
0.0205 0.498515
0.0215 0.497761
0.0225 0.496741
0.0235 0.495427
0.0245 0.493935
0.0255 0.492286
0.0265 0.489812
0.0275 0.487684
0.0285 0.486905
0.0295 0.486634
0.0305 0.486913
0.0315 0.487662
0.0325 0.489198
0.0335 0.491083
0.0345 0.494018
0.0355 0.49698
0.0365 0.498954
0.0375 0.501341
0.0385 0.503091
0.0395 0.504736
0.0405 0.506418
0.0415 0.507497
0.0425 0.508068
0.0435 0.508145
0.0445 0.50766
0.0455 0.503849
0.0465 0.485011
0.0475 0.421777
0.0485 0.289226
0.0495 0.216756
0.0505 0.219361
0.0515 0.262529
0.0525 0.305789
0.0535 0.259634
0.0545 0.217618
0.0555 0.223684
0.0565 0.26763
0.0575 0.293334
0.0585 0.257899
0.0595 0.226658
0.0605 0.236789
0.0615 0.269173
0.0625 0.282934
0.0635 0.255233
0.0645 0.231097
0.0655 0.240495
0.0665 0.263133
0.0675 0.267303
0.0685 0.2447
0.0695 0.227622
0.0705 0.236355
0.0715 0.254691
0.0725 0.256996
0.0735 0.241846
0.0745 0.232408
0.0755 0.24203
0.0765 0.256663
0.0775 0.25611
0.0785 0.242537
0.0795 0.234382
0.0805 0.245809
0.0815 0.260065
0.0825 0.254942
0.0835 0.241088
0.0845 0.233499
0.0855 0.246021
0.0865 0.258712
0.0875 0.252595
0.0885 0.240925
0.0895 0.235719
0.0905 0.245946
0.0915 0.25536
0.0925 0.251625
0.0935 0.244358
0.0945 0.24276
0.0955 0.251764
0.0965 0.259246
0.0975 0.257209
0.0985 0.252346
0.0995 0.252013
0.1005 0.257321
0.1015 0.261154
0.1025 0.259097
0.1035 0.255015
0.1045 0.254677
0.1055 0.258139
0.1065 0.260121
0.1075 0.257137
0.1085 0.252813
0.1095 0.252452
0.1105 0.254826
0.1115 0.255938
0.1125 0.251304
0.1135 0.246289
0.1145 0.246532
0.1155 0.248148
0.1165 0.248686
0.1175 0.246145
0.1185 0.243869
0.1195 0.244423
0.1205 0.245947
0.1215 0.246828
0.1225 0.246494
0.1235 0.246182
0.1245 0.247022
0.1255 0.247976
0.1265 0.247536
0.1275 0.246407
0.1285 0.246232
0.1295 0.249844
0.1305 0.253613
0.1315 0.253675
0.1325 0.25278
0.1335 0.252372
0.1345 0.252743
0.1355 0.252976
0.1365 0.252308
0.1375 0.251444
0.1385 0.25156
0.1395 0.252233
0.1405 0.252143
0.1415 0.248741
0.1425 0.245119
0.1435 0.244876
0.1445 0.246059
0.1455 0.247172
0.1465 0.247618
0.1475 0.247949
0.1485 0.248234
0.1495 0.248058
0.1505 0.246179
0.1515 0.244634
0.1525 0.245602
0.1535 0.249548
0.1545 0.253003
0.1555 0.253883
0.1565 0.254299
0.1575 0.255383
0.1585 0.256899
0.1595 0.257396
0.1605 0.254905
0.1615 0.252207
0.1625 0.25283
0.1635 0.254571
0.1645 0.254927
0.1655 0.250021
0.1665 0.245674
0.1675 0.246935
0.1685 0.249803
0.1695 0.25115
0.1705 0.24861
0.1715 0.246206
0.1725 0.246988
0.1735 0.248446
0.1745 0.248475
0.1755 0.24704
0.1765 0.246202
0.1775 0.248484
0.1785 0.250502
0.1795 0.24844
0.1805 0.24485
0.1815 0.243315
0.1825 0.248222
0.1835 0.252478
0.1845 0.249395
0.1855 0.24408
0.1865 0.242784
0.1875 0.251258
0.1885 0.257964
0.1895 0.254173
0.1905 0.247484
0.1915 0.246927
0.1925 0.254871
0.1935 0.260413
0.1945 0.256172
0.1955 0.249102
0.1965 0.249949
0.1975 0.258714
0.1985 0.263597
0.1995 0.256996
0.2005 0.247606
0.2015 0.249152
0.2025 0.259976
0.2035 0.265199
0.2045 0.251759
0.2055 0.235611
0.2065 0.240437
0.2075 0.256363
0.2085 0.264585
0.2095 0.246705
0.2105 0.226943
0.2115 0.237282
0.2125 0.26051
0.2135 0.272511
0.2145 0.246496
0.2155 0.220877
0.2165 0.235754
0.2175 0.263105
0.2185 0.272918
0.2195 0.244642
0.2205 0.222266
0.2215 0.23886
0.2225 0.26663
0.2235 0.268434
0.2245 0.240383
0.2255 0.222206
0.2265 0.241868
0.2275 0.272958
0.2285 0.268874
0.2295 0.232145
0.2305 0.213579
0.2315 0.24541
0.2325 0.287094
0.2335 0.274823
0.2345 0.226584
0.2355 0.20615
0.2365 0.253072
0.2375 0.307507
0.2385 0.279985
0.2395 0.21531
0.2405 0.195464
0.2415 0.258714
0.2425 0.330398
0.2435 0.28003
0.2445 0.193019
0.2455 0.181028
0.2465 0.265182
0.2475 0.357363
0.2485 0.270388
0.2495 0.183121
0.2505 0.176968
0.2515 0.321032
0.2525 0.584648
0.2535 0.709992
0.2545 0.746743
0.2555 0.753445
0.2565 0.754073
0.2575 0.754034
0.2585 0.753748
0.2595 0.753209
0.2605 0.752368
0.2615 0.751545
0.2625 0.75067
0.2635 0.749477
0.2645 0.74849
0.2655 0.747009
0.2665 0.745542
0.2675 0.744599
0.2685 0.743831
0.2695 0.743456
0.2705 0.743317
0.2715 0.743453
0.2725 0.743842
0.2735 0.744906
0.2745 0.746143
0.2755 0.746968
0.2765 0.747714
0.2775 0.748371
0.2785 0.74888
0.2795 0.749262
0.2805 0.7496
0.2815 0.750077
0.2825 0.750525
0.2835 0.750847
0.2845 0.751156
0.2855 0.751337
0.2865 0.751627
0.2875 0.751986
0.2885 0.752367
0.2895 0.752986
0.2905 0.753926
0.2915 0.755126
0.2925 0.756731
0.2935 0.759626
0.2945 0.762907
0.2955 0.764606
0.2965 0.764818
0.2975 0.763112
0.2985 0.759625
0.2995 0.753901
0.3005 0.746099
0.3015 0.740375
0.3025 0.736888
0.3035 0.735182
0.3045 0.735394
0.3055 0.737093
0.3065 0.740374
0.3075 0.743269
0.3085 0.744874
0.3095 0.746074
0.3105 0.747014
0.3115 0.747633
0.3125 0.748014
0.3135 0.748373
0.3145 0.748663
0.3155 0.748844
0.3165 0.749153
0.3175 0.749475
0.3185 0.749923
0.3195 0.7504
0.3205 0.750738
0.3215 0.75112
0.3225 0.751629
0.3235 0.752286
0.3245 0.753032
0.3255 0.753857
0.3265 0.755094
0.3275 0.756158
0.3285 0.756547
0.3295 0.756683
0.3305 0.756544
0.3315 0.756169
0.3325 0.755401
0.3335 0.754458
0.3345 0.752991
0.3355 0.75151
0.3365 0.750523
0.3375 0.74933
0.3385 0.748455
0.3395 0.747632
0.3405 0.746791
0.3415 0.746252
0.3425 0.745966
0.3435 0.745927
0.3445 0.745785
0.3455 0.742894
0.3465 0.724981
0.3475 0.66294
0.3485 0.531795
0.3495 0.460154
0.3505 0.463761
0.3515 0.507859
0.3525 0.551574
0.3535 0.505547
0.3545 0.46341
0.3555 0.469336
0.3565 0.5124
0.3575 0.537064
0.3585 0.500815
0.3595 0.468806
0.3605 0.478521
0.3615 0.510812
0.3625 0.524573
0.3635 0.49784
0.3645 0.475049
0.3655 0.486072
0.3665 0.511653
0.3675 0.519745
0.3685 0.500714
0.3695 0.486
0.3705 0.495826
0.3715 0.514198
0.3725 0.515964
0.3735 0.500022
0.3745 0.489759
0.3755 0.498335
0.3765 0.511827
0.3775 0.51052
0.3785 0.496323
0.3795 0.487881
0.3805 0.498834
0.3815 0.512855
0.3825 0.508164
0.3835 0.494665
0.3845 0.487379
0.3855 0.500475
0.3865 0.5138
0.3875 0.507915
0.3885 0.496358
0.3895 0.49122
0.3905 0.50076
0.3915 0.509242
0.3925 0.504768
0.3935 0.496124
0.3945 0.492885
0.3955 0.499974
0.3965 0.505892
0.3975 0.502716
0.3985 0.496775
0.3995 0.495577
0.4005 0.499692
0.4015 0.502477
0.4025 0.49961
0.4035 0.494866
0.4045 0.494297
0.4055 0.49786
0.4065 0.500121
0.4075 0.497685
0.4085 0.494178
0.4095 0.494951
0.4105 0.498904
0.4115 0.501365
0.4125 0.499873
0.4135 0.497496
0.4145 0.498263
0.4155 0.501444
0.4165 0.503382
0.4175 0.50204
0.4185 0.499954
0.4195 0.500318
0.4205 0.502095
0.4215 0.503062
0.4225 0.501426
0.4235 0.499616
0.4245 0.499994
0.4255 0.500965
0.4265 0.50133
0.4275 0.500358
0.4285 0.499521
0.4295 0.499891
0.4305 0.500693
0.4315 0.501038
0.4325 0.500459
0.4335 0.499961
0.4345 0.50026
0.4355 0.500814
0.4365 0.500944
0.4375 0.500315
0.4385 0.499805
0.4395 0.500015
0.4405 0.500487
0.4415 0.500596
0.4425 0.500045
0.4435 0.49962
0.4445 0.499868
0.4455 0.500329
0.4465 0.500306
0.4475 0.499595
0.4485 0.499112
0.4495 0.499548
0.4505 0.500452
0.4515 0.500888
0.4525 0.500405
0.4535 0.499694
0.4545 0.499671
0.4555 0.500132
0.4565 0.50038
0.4575 0.499955
0.4585 0.499404
0.4595 0.499513
0.4605 0.499985
0.4615 0.500195
0.4625 0.499685
0.4635 0.499056
0.4645 0.499186
0.4655 0.49974
0.4665 0.500039
0.4675 0.499541
0.4685 0.498962
0.4695 0.499307
0.4705 0.500109
0.4715 0.500479
0.4725 0.499642
0.4735 0.49867
0.4745 0.499035
0.4755 0.500006
0.4765 0.500384
0.4775 0.498574
0.4785 0.496938
0.4795 0.497905
0.4805 0.499682
0.4815 0.500046
0.4825 0.49796
0.4835 0.496618
0.4845 0.498556
0.4855 0.501737
0.4865 0.502504
0.4875 0.500127
0.4885 0.498635
0.4895 0.501096
0.4905 0.505049
0.4915 0.505822
0.4925 0.502315
0.4935 0.499879
0.4945 0.50214
0.4955 0.505703
0.4965 0.505134
0.4975 0.50039
0.4985 0.497523
0.4995 0.500308
0.5005 0.504423
0.5015 0.503225
0.5025 0.497284
0.5035 0.494108
0.5045 0.500026
0.5055 0.507115
0.5065 0.503876
0.5075 0.495232
0.5085 0.490758
0.5095 0.49924
0.5105 0.50878
0.5115 0.503642
0.5125 0.492085
0.5135 0.4862
0.5145 0.499525
0.5155 0.512621
0.5165 0.505335
0.5175 0.491836
0.5185 0.487145
0.5195 0.501166
0.5205 0.512119
0.5215 0.503677
0.5225 0.48948
0.5235 0.488173
0.5245 0.501665
0.5255 0.510241
0.5265 0.499978
0.5275 0.484036
0.5285 0.485802
0.5295 0.504174
0.5305 0.514
0.5315 0.499286
0.5325 0.480255
0.5335 0.488347
0.5345 0.513928
0.5355 0.524951
0.5365 0.50216
0.5375 0.475427
0.5385 0.489188
0.5395 0.521479
0.5405 0.531194
0.5415 0.499185
0.5425 0.462936
0.5435 0.4876
0.5445 0.530664
0.5455 0.53659
0.5465 0.494453
0.5475 0.448426
0.5485 0.492141
0.5495 0.536239
0.5505 0.539846
0.5515 0.468205
0.5525 0.33706
0.5535 0.275019
0.5545 0.257106
0.5555 0.254215
0.5565 0.254073
0.5575 0.254034
0.5585 0.253748
0.5595 0.253209
0.5605 0.252368
0.5615 0.251545
0.5625 0.25067
0.5635 0.249477
0.5645 0.24849
0.5655 0.247009
0.5665 0.245542
0.5675 0.244599
0.5685 0.243831
0.5695 0.243456
0.5705 0.243317
0.5715 0.243453
0.5725 0.243842
0.5735 0.244906
0.5745 0.246143
0.5755 0.246968
0.5765 0.247714
0.5775 0.248371
0.5785 0.24888
0.5795 0.249262
0.5805 0.2496
0.5815 0.250077
0.5825 0.250525
0.5835 0.250847
0.5845 0.251156
0.5855 0.251337
0.5865 0.251627
0.5875 0.251986
0.5885 0.252367
0.5895 0.252986
0.5905 0.253926
0.5915 0.255126
0.5925 0.256731
0.5935 0.259626
0.5945 0.262907
0.5955 0.264606
0.5965 0.264818
0.5975 0.263112
0.5985 0.259625
0.5995 0.253901
0.6005 0.246099
0.6015 0.240375
0.6025 0.236888
0.6035 0.235182
0.6045 0.235394
0.6055 0.237093
0.6065 0.240374
0.6075 0.243269
0.6085 0.244874
0.6095 0.246074
0.6105 0.247014
0.6115 0.247633
0.6125 0.248014
0.6135 0.248373
0.6145 0.248663
0.6155 0.248844
0.6165 0.249153
0.6175 0.249475
0.6185 0.249923
0.6195 0.2504
0.6205 0.250738
0.6215 0.25112
0.6225 0.251629
0.6235 0.252286
0.6245 0.253032
0.6255 0.253857
0.6265 0.255094
0.6275 0.256158
0.6285 0.256547
0.6295 0.256683
0.6305 0.256544
0.6315 0.256169
0.6325 0.255401
0.6335 0.254458
0.6345 0.252991
0.6355 0.25151
0.6365 0.250523
0.6375 0.24933
0.6385 0.248455
0.6395 0.247632
0.6405 0.246791
0.6415 0.246252
0.6425 0.245966
0.6435 0.245927
0.6445 0.246042
0.6455 0.246348
0.6465 0.246657
0.6475 0.247077
0.6485 0.247519
0.6495 0.247748
0.6505 0.248138
0.6515 0.248471
0.6525 0.248595
0.6535 0.248638
0.6545 0.248598
0.6555 0.248481
0.6565 0.248311
0.6575 0.247972
0.6585 0.24759
0.6595 0.247384
0.6605 0.247244
0.6615 0.247212
0.6625 0.247299
0.6635 0.24751
0.6645 0.247848
0.6655 0.248402
0.6665 0.249158
0.6675 0.250813
0.6685 0.252396
0.6695 0.252933
0.6705 0.253191
0.6715 0.253209
0.6725 0.253044
0.6735 0.252789
0.6745 0.252374
0.6755 0.252017
0.6765 0.251824
0.6775 0.251466
0.6785 0.251149
0.6795 0.251039
0.6805 0.250994
0.6815 0.251015
0.6825 0.251079
0.6835 0.251194
0.6845 0.251326
0.6855 0.251459
0.6865 0.251632
0.6875 0.251766
0.6885 0.251791
0.6895 0.25173
0.6905 0.251614
0.6915 0.251496
0.6925 0.251312
0.6935 0.250986
0.6945 0.250071
0.6955 0.249225
0.6965 0.248807
0.6975 0.248452
0.6985 0.248235
0.6995 0.247835
0.7005 0.247361
0.7015 0.246979
0.7025 0.246661
0.7035 0.246536
0.7045 0.2465
0.7055 0.246565
0.7065 0.246667
0.7075 0.246737
0.7085 0.246812
0.7095 0.247041
0.7105 0.247526
0.7115 0.248674
0.7125 0.24968
0.7135 0.25004
0.7145 0.250263
0.7155 0.250566
0.7165 0.251569
0.7175 0.25251
0.7185 0.25265
0.7195 0.252402
0.7205 0.252043
0.7215 0.251782
0.7225 0.251574
0.7235 0.251263
0.7245 0.250996
0.7255 0.250894
0.7265 0.250796
0.7275 0.250636
0.7285 0.250439
0.7295 0.250387
0.7305 0.250525
0.7315 0.25071
0.7325 0.250721
0.7335 0.250614
0.7345 0.250582
0.7355 0.250849
0.7365 0.25113
0.7375 0.250999
0.7385 0.250613
0.7395 0.250346
0.7405 0.250424
0.7415 0.250613
0.7425 0.250528
0.7435 0.249768
0.7445 0.249614
0.7455 0.255961
0.7465 0.292534
0.7475 0.417462
0.7485 0.680501
0.7495 0.824289
0.7505 0.817916
0.7515 0.730189
0.7525 0.642301
0.7535 0.73352
0.7545 0.817649
0.7555 0.807359
0.7565 0.721238
0.7575 0.670439
0.7585 0.742518
0.7595 0.806243
0.7605 0.787444
0.7615 0.723589
0.7625 0.694904
0.7635 0.74811
0.7645 0.79489
0.7655 0.775173
0.7665 0.727596
0.7675 0.713916
0.7685 0.753483
0.7695 0.784008
0.7705 0.765325
0.7715 0.728952
0.7725 0.724665
0.7735 0.755281
0.7745 0.775091
0.7755 0.758195
0.7765 0.731059
0.7775 0.731842
0.7785 0.758124
0.7795 0.77387
0.7805 0.755266
0.7815 0.729959
0.7825 0.736296
0.7835 0.760711
0.7845 0.774624
0.7855 0.754633
0.7865 0.730184
0.7875 0.738282
0.7885 0.759233
0.7895 0.770532
0.7905 0.754598
0.7915 0.734824
0.7925 0.740125
0.7935 0.755119
0.7945 0.76288
0.7955 0.752502
0.7965 0.738676
0.7975 0.740683
0.7985 0.750157
0.7995 0.755306
0.8005 0.751031
0.8015 0.743133
0.8025 0.740237
0.8035 0.74814
0.8045 0.755526
0.8055 0.753942
0.8065 0.749225
0.8075 0.747029
0.8085 0.749945
0.8095 0.754703
0.8105 0.756162
0.8115 0.748875
0.8125 0.742418
0.8135 0.74619
0.8145 0.753741
0.8155 0.756856
0.8165 0.750975
0.8175 0.742955
0.8185 0.744141
0.8195 0.753915
0.8205 0.759455
0.8215 0.752021
0.8225 0.740718
0.8235 0.741819
0.8245 0.755234
0.8255 0.762711
0.8265 0.75269
0.8275 0.738281
0.8285 0.740992
0.8295 0.758659
0.8305 0.767644
0.8315 0.753083
0.8325 0.734632
0.8335 0.741631
0.8345 0.762986
0.8355 0.771008
0.8365 0.747068
0.8375 0.72192
0.8385 0.737974
0.8395 0.768719
0.8405 0.776763
0.8415 0.744552
0.8425 0.708318
0.8435 0.734964
0.8445 0.777044
0.8455 0.779736
0.8465 0.737769
0.8475 0.69354
0.8485 0.738625
0.8495 0.782714
0.8505 0.7857
0.8515 0.713828
0.8525 0.582512
0.8535 0.520041
0.8545 0.50156
0.8555 0.498457
0.8565 0.499536
0.8575 0.501056
0.8585 0.501226
0.8595 0.500848
0.8605 0.500692
0.8615 0.501226
0.8625 0.501997
0.8635 0.50226
0.8645 0.501699
0.8655 0.501164
0.8665 0.501229
0.8675 0.501442
0.8685 0.50142
0.8695 0.50105
0.8705 0.500774
0.8715 0.500878
0.8725 0.501271
0.8735 0.501593
0.8745 0.501788
0.8755 0.501992
0.8765 0.502525
0.8775 0.503147
0.8785 0.503564
0.8795 0.504086
0.8805 0.504805
0.8815 0.505301
0.8825 0.505019
0.8835 0.503137
0.8845 0.501132
0.8855 0.500527
0.8865 0.500081
0.8875 0.49936
0.8885 0.497349
0.8895 0.495052
0.8905 0.494081
0.8915 0.493625
0.8925 0.493474
0.8935 0.493333
0.8945 0.49313
0.8955 0.493
0.8965 0.493071
0.8975 0.493322
0.8985 0.493958
0.8995 0.494722
0.9005 0.495671
0.9015 0.49647
0.9025 0.496904
0.9035 0.497615
0.9045 0.49845
0.9055 0.500143
0.9065 0.501972
0.9075 0.502623
0.9085 0.502992
0.9095 0.503227
0.9105 0.50346
0.9115 0.503582
0.9125 0.503532
0.9135 0.503265
0.9145 0.502917
0.9155 0.502652
0.9165 0.502388
0.9175 0.502158
0.9185 0.502029
0.9195 0.501988
0.9205 0.502077
0.9215 0.502298
0.9225 0.502931
0.9235 0.503647
0.9245 0.504033
0.9255 0.504747
0.9265 0.505579
0.9275 0.506088
0.9285 0.506417
0.9295 0.506382
0.9305 0.505866
0.9315 0.504793
0.9325 0.501627
0.9335 0.498316
0.9345 0.496804
0.9355 0.495695
0.9365 0.49502
0.9375 0.494599
0.9385 0.494424
0.9395 0.494488
0.9405 0.494767
0.9415 0.49518
0.9425 0.495944
0.9435 0.496622
0.9445 0.496962
0.9455 0.497196
0.9465 0.497275
0.9475 0.49719
0.9485 0.496942
0.9495 0.496276
0.9505 0.495495
0.9515 0.495039
0.9525 0.494154
0.9535 0.493313
0.9545 0.492696
0.9555 0.492084
0.9565 0.491855
0.9575 0.491932
0.9585 0.492503
0.9595 0.493582
0.9605 0.495264
0.9615 0.496909
0.9625 0.498659
0.9635 0.501046
0.9645 0.50302
0.9655 0.505982
0.9665 0.508917
0.9675 0.510802
0.9685 0.512338
0.9695 0.513087
0.9705 0.513366
0.9715 0.513095
0.9725 0.512316
0.9735 0.510188
0.9745 0.507714
0.9755 0.506065
0.9765 0.504573
0.9775 0.503259
0.9785 0.502239
0.9795 0.501485
0.9805 0.500813
0.9815 0.499928
0.9825 0.498971
0.9835 0.49823
0.9845 0.497624
0.9855 0.497181
0.9865 0.496571
0.9875 0.495827
0.9885 0.494552
0.9895 0.49285
0.9905 0.490639
0.9915 0.487346
0.9925 0.48201
0.9935 0.474987
0.9945 0.465257
0.9955 0.45769
0.9965 0.456769
0.9975 0.460874
0.9985 0.470147
0.9995 0.483829

# time= 0.4998
0.0005 1.52644
0.0015 1.42606
0.0025 1.28115
0.0035 1.07003
0.0045 0.900991
0.0055 0.782074
0.0065 0.692301
0.0075 0.630764
0.0085 0.587325
0.0095 0.557294
0.0105 0.537349
0.0115 0.523787
0.0125 0.515031
0.0135 0.509466
0.0145 0.506112
0.0155 0.504135
0.0165 0.502813
0.0175 0.501051
0.0185 0.499672
0.0195 0.498952
0.0205 0.4982
0.0215 0.497522
0.0225 0.496049
0.0235 0.494488
0.0245 0.493593
0.0255 0.492598
0.0265 0.491954
0.0275 0.490686
0.0285 0.48954
0.0295 0.489448
0.0305 0.490196
0.0315 0.49113
0.0325 0.491582
0.0335 0.492189
0.0345 0.493172
0.0355 0.495823
0.0365 0.498218
0.0375 0.499584
0.0385 0.500918
0.0395 0.50253
0.0405 0.504069
0.0415 0.504863
0.0425 0.50536
0.0435 0.505657
0.0445 0.506225
0.0455 0.506729
0.0465 0.506519
0.0475 0.505562
0.0485 0.504841
0.0495 0.50508
0.0505 0.505423
0.0515 0.505051
0.0525 0.504419
0.0535 0.504208
0.0545 0.504545
0.0555 0.50478
0.0565 0.504463
0.0575 0.50401
0.0585 0.504067
0.0595 0.504525
0.0605 0.504647
0.0615 0.503866
0.0625 0.502827
0.0635 0.502526
0.0645 0.502578
0.0655 0.502219
0.0665 0.499908
0.0675 0.497585
0.0685 0.497395
0.0695 0.497739
0.0705 0.497651
0.0715 0.496274
0.0725 0.494674
0.0735 0.494656
0.0745 0.49634
0.0755 0.497633
0.0765 0.496876
0.0775 0.495163
0.0785 0.494583
0.0795 0.496868
0.0805 0.499146
0.0815 0.498287
0.0825 0.495486
0.0835 0.494232
0.0845 0.496673
0.0855 0.499388
0.0865 0.498971
0.0875 0.495264
0.0885 0.494254
0.0895 0.497121
0.0905 0.499648
0.0915 0.500204
0.0925 0.496078
0.0935 0.495562
0.0945 0.496026
0.0955 0.486573
0.0965 0.458402
0.0975 0.392714
0.0985 0.308239
0.0995 0.268071
0.1005 0.243115
0.1015 0.202829
0.1025 0.117491
0.1035 0.0507614
0.1045 0.0213512
0.1055 0.010568
0.1065 0.00984861
0.1075 0.00811743
0.1085 0.00277284
0.1095 0.00220809
0.1105 0.0035426
0.1115 0.00507877
0.1125 0.00258645
0.1135 -0.00245782
0.1145 -0.00375914
0.1155 -0.00191542
0.1165 -0.000164234
0.1175 -0.00177629
0.1185 -0.0048769
0.1195 -0.00591465
0.1205 -0.00383114
0.1215 -0.00170288
0.1225 -0.00235022
0.1235 -0.00407717
0.1245 -0.00469849
0.1255 -0.00321225
0.1265 -0.00112877
0.1275 -0.000499508
0.1285 -0.000935803
0.1295 -0.00109268
0.1305 -8.17656e-05
0.1315 0.0015063
0.1325 0.00241162
0.1335 0.00177978
0.1345 0.000938906
0.1355 0.00129674
0.1365 0.00201115
0.1375 0.00220362
0.1385 0.000896003
0.1395 -0.000446598
0.1405 -0.000616851
0.1415 -0.000657573
0.1425 -0.00113195
0.1435 -0.00199633
0.1445 -0.00259041
0.1455 -0.00253466
0.1465 -0.00223358
0.1475 -0.00227807
0.1485 -0.00262797
0.1495 -0.00267775
0.1505 -0.00140409
0.1515 -1.61708e-05
0.1525 0.000238683
0.1535 0.00047585
0.1545 0.00115801
0.1555 0.00235252
0.1565 0.00327567
0.1575 0.00358477
0.1585 0.00366898
0.1595 0.00385097
0.1605 0.00407411
0.1615 0.00401256
0.1625 0.00302548
0.1635 0.00197902
0.1645 0.00153097
0.1655 0.00110707
0.1665 0.000605195
0.1675 -0.000279641
0.1685 -0.000989682
0.1695 -0.00126729
0.1705 -0.00142852
0.1715 -0.00168657
0.1725 -0.00210797
0.1735 -0.0024147
0.1745 -0.00244302
0.1755 -0.00233882
0.1765 -0.00231462
0.1775 -0.00253244
0.1785 -0.00271949
0.1795 -0.00267814
0.1805 -0.00246723
0.1815 -0.00227463
0.1825 -0.00216
0.1835 -0.00199984
0.1845 -0.00175796
0.1855 -0.00126229
0.1865 -0.000604547
0.1875 -2.40378e-05
0.1885 0.00045791
0.1895 0.00122385
0.1905 0.00202968
0.1915 0.00239109
0.1925 0.00276108
0.1935 0.00311657
0.1945 0.00387578
0.1955 0.00457694
0.1965 0.00471707
0.1975 0.00469183
0.1985 0.00466775
0.1995 0.00472489
0.2005 0.00473082
0.2015 0.00453533
0.2025 0.00413709
0.2035 0.00328949
0.2045 0.00229627
0.2055 0.00165586
0.2065 0.00046397
0.2075 -0.000580387
0.2085 -0.000926853
0.2095 -0.00116005
0.2105 -0.00132594
0.2115 -0.00157114
0.2125 -0.00183638
0.2135 -0.00196968
0.2145 -0.0020823
0.2155 -0.00216811
0.2165 -0.00232223
0.2175 -0.00245522
0.2185 -0.00247974
0.2195 -0.00247379
0.2205 -0.00247413
0.2215 -0.00251034
0.2225 -0.00255759
0.2235 -0.0025775
0.2245 -0.00258734
0.2255 -0.00260419
0.2265 -0.00261605
0.2275 -0.00258621
0.2285 -0.00248796
0.2295 -0.00230131
0.2305 -0.00203741
0.2315 -0.00161753
0.2325 -0.00107419
0.2335 -0.000694484
0.2345 -6.54812e-05
0.2355 0.000531492
0.2365 0.000910521
0.2375 0.00140272
0.2385 0.00181651
0.2395 0.00206113
0.2405 0.00228297
0.2415 0.0024809
0.2425 0.00260833
0.2435 0.00284503
0.2445 0.00311358
0.2455 0.00326862
0.2465 0.00350482
0.2475 0.00371624
0.2485 0.00403627
0.2495 0.00435039
0.2505 0.00445021
0.2515 0.00448271
0.2525 0.00445227
0.2535 0.00436675
0.2545 0.00422419
0.2555 0.00402117
0.2565 0.00369421
0.2575 0.00321958
0.2585 0.00271782
0.2595 0.00193737
0.2605 0.00110813
0.2615 0.000147449
0.2625 -0.00097796
0.2635 -0.00180864
0.2645 -0.00300833
0.2655 -0.00400757
0.2665 -0.00465819
0.2675 -0.00515915
0.2685 -0.00544146
0.2695 -0.00560641
0.2705 -0.00564233
0.2715 -0.00555662
0.2725 -0.00534769
0.2735 -0.00504714
0.2745 -0.00437072
0.2755 -0.00363005
0.2765 -0.00324477
0.2775 -0.00245781
0.2785 -0.00168258
0.2795 -0.00132222
0.2805 -0.00066529
0.2815 -4.13538e-05
0.2825 0.000284312
0.2835 0.000978177
0.2845 0.00171768
0.2855 0.00211261
0.2865 0.00277965
0.2875 0.00358182
0.2885 0.0047343
0.2895 0.00585123
0.2905 0.0064608
0.2915 0.00741
0.2925 0.00818101
0.2935 0.00842585
0.2945 0.00834816
0.2955 0.00792245
0.2965 0.00715385
0.2975 0.00560285
0.2985 0.00367618
0.2995 0.000637493
0.3005 -0.00231734
0.3015 -0.00415578
0.3025 -0.00563442
0.3035 -0.0063802
0.3045 -0.00682317
0.3055 -0.00696453
0.3065 -0.00684026
0.3075 -0.00651472
0.3085 -0.00559977
0.3095 -0.00467199
0.3105 -0.00403599
0.3115 -0.00335422
0.3125 -0.00290042
0.3135 -0.00255104
0.3145 -0.00231354
0.3155 -0.00196512
0.3165 -0.00156675
0.3175 -0.00110724
0.3185 -0.00067471
0.3195 -6.48012e-05
0.3205 0.000519462
0.3215 0.000903677
0.3225 0.00135708
0.3235 0.00206735
0.3245 0.0028438
0.3255 0.00338527
0.3265 0.00382535
0.3275 0.0040889
0.3285 0.00425054
0.3295 0.00429377
0.3305 0.00421621
0.3315 0.00401676
0.3325 0.00371003
0.3335 0.00304696
0.3345 0.00227612
0.3355 0.00178925
0.3365 0.000814171
0.3375 -6.56261e-05
0.3385 -0.000661393
0.3395 -0.00130371
0.3405 -0.00168715
0.3415 -0.00197013
0.3425 -0.0021137
0.3435 -0.00212809
0.3445 -0.00203047
0.3455 -0.00185818
0.3465 -0.00154926
0.3475 -0.00118215
0.3485 -0.000951449
0.3495 -0.000806594
0.3505 -0.000748837
0.3515 -0.000763692
0.3525 -0.000818671
0.3535 -0.000877537
0.3545 -0.000971508
0.3555 -0.00115392
0.3565 -0.00170263
0.3575 -0.0022435
0.3585 -0.002409
0.3595 -0.00246229
0.3605 -0.00242956
0.3615 -0.00233784
0.3625 -0.002201
0.3635 -0.00196362
0.3645 -0.00168068
0.3655 -0.00137365
0.3665 -0.000893507
0.3675 -0.00046025
0.3685 0.000235484
0.3695 0.000889698
0.3705 0.00109999
0.3715 0.00124411
0.3725 0.00137647
0.3735 0.00148714
0.3745 0.00153707
0.3755 0.00152303
0.3765 0.00137462
0.3775 0.00121383
0.3785 0.00109923
0.3795 0.000987194
0.3805 0.000845541
0.3815 0.00073964
0.3825 0.000754723
0.3835 0.000955726
0.3845 0.00117824
0.3855 0.00126082
0.3865 0.0013268
0.3875 0.00143407
0.3885 0.00155487
0.3895 0.00157064
0.3905 0.00147992
0.3915 0.00133191
0.3925 0.00122276
0.3935 0.0011811
0.3945 0.00115214
0.3955 0.00101907
0.3965 0.000878583
0.3975 0.000821339
0.3985 0.000662712
0.3995 0.000256864
0.4005 -0.000863069
0.4015 -0.00183617
0.4025 -0.00207829
0.4035 -0.00211742
0.4045 -0.0021964
0.4055 -0.00246819
0.4065 -0.00267475
0.4075 -0.00263916
0.4085 -0.00235074
0.4095 -0.00207083
0.4105 -0.00189022
0.4115 -0.0016367
0.4125 -0.000954586
0.4135 -0.000319063
0.4145 -0.000209971
0.4155 -0.000208301
0.4165 -8.05524e-05
0.4175 0.000471243
0.4185 0.000901187
0.4195 0.000793919
0.4205 0.000480595
0.4215 0.000312482
0.4225 0.000584312
0.4235 0.000844707
0.4245 0.000585861
0.4255 0.000128702
0.4265 -7.85857e-05
0.4275 0.000170075
0.4285 0.000541383
0.4295 0.000556801
0.4305 0.000231723
0.4315 5.48414e-05
0.4325 0.000327252
0.4335 0.000723349
0.4345 0.000725792
0.4355 0.000358212
0.4365 0.000146231
0.4375 0.000502594
0.4385 0.000931912
0.4395 0.000683019
0.4405 3.24169e-05
0.4415 -0.000284133
0.4425 0.000547709
0.4435 0.00124881
0.4445 0.000737754
0.4455 2.05312e-05
0.4465 0.000210557
0.4475 0.00124207
0.4485 0.00185331
0.4495 0.000790686
0.4505 -0.000541555
0.4515 -0.000243131
0.4525 0.000591823
0.4535 0.000663514
0.4545 -0.000201908
0.4555 -0.000774528
0.4565 -0.000224123
0.4575 0.000620367
0.4585 0.000449816
0.4595 -0.000639618
0.4605 -0.00124508
0.4615 -0.000200373
0.4625 0.00102085
0.4635 0.000325176
0.4645 -0.00132876
0.4655 -0.00216854
0.4665 -0.000330798
0.4675 0.00148055
0.4685 0.000274206
0.4695 -0.00195035
0.4705 -0.00282179
0.4715 -0.00114024
0.4725 0.00117856
0.4735 0.00109609
0.4745 -0.00208675
0.4755 -0.00437313
0.4765 -0.00265668
0.4775 0.0011316
0.4785 0.00262838
0.4795 -0.00160373
0.4805 -0.00592052
0.4815 -0.00402987
0.4825 0.00178152
0.4835 0.00451586
0.4845 -1.04064e-05
0.4855 -0.00497169
0.4865 -0.00368946
0.4875 0.00432765
0.4885 0.00706107
0.4895 0.00209792
0.4905 -0.00214854
0.4915 -0.00235686
0.4925 0.00729377
0.4935 0.0100296
0.4945 0.0109525
0.4955 0.0321583
0.4965 0.0907085
0.4975 0.224125
0.4985 0.394723
0.4995 0.475734
0.5005 0.52615
0.5015 0.607148
0.5025 0.777931
0.5035 0.911402
0.5045 0.969882
0.5055 0.991019
0.5065 0.991816
0.5075 0.994331
0.5085 1.00369
0.5095 1.00316
0.5105 0.998536
0.5115 0.993146
0.5125 0.995441
0.5135 1.00309
0.5145 1.0041
0.5155 0.998844
0.5165 0.994077
0.5175 0.996645
0.5185 1.0023
0.5195 1.00407
0.5205 0.999588
0.5215 0.995168
0.5225 0.996516
0.5235 1.00016
0.5245 1.00181
0.5255 0.999461
0.5265 0.996266
0.5275 0.996255
0.5285 0.998819
0.5295 1.00078
0.5305 1.00022
0.5315 0.998443
0.5325 0.997685
0.5335 1.00022
0.5345 1.0027
0.5355 1.00219
0.5365 1.00085
0.5375 1.0004
0.5385 1.00177
0.5395 1.00288
0.5405 1.00231
0.5415 1.00119
0.5425 1.00094
0.5435 1.00169
0.5445 1.00215
0.5455 1.00142
0.5465 1.00039
0.5475 1.00047
0.5485 1.00133
0.5495 1.00165
0.5505 1.0007
0.5515 1.00006
0.5525 1.00093
0.5535 1.00227
0.5545 1.00272
0.5555 1.00214
0.5565 1.00168
0.5575 1.00237
0.5585 1.00297
0.5595 1.00239
0.5605 1.00136
0.5615 1.00063
0.5625 1.00031
0.5635 0.999944
0.5645 0.998858
0.5655 0.997538
0.5665 0.996971
0.5675 0.996855
0.5685 0.996756
0.5695 0.99608
0.5705 0.995324
0.5715 0.995322
0.5725 0.996161
0.5735 0.996946
0.5745 0.997071
0.5755 0.997065
0.5765 0.997265
0.5775 0.998334
0.5785 0.99935
0.5795 0.999563
0.5805 0.999611
0.5815 0.99977
0.5825 1.0006
0.5835 1.00141
0.5845 1.00159
0.5855 1.00166
0.5865 1.00186
0.5875 1.00281
0.5885 1.00386
0.5895 1.00451
0.5905 1.00528
0.5915 1.00618
0.5925 1.00688
0.5935 1.00714
0.5945 1.00712
0.5955 1.00679
0.5965 1.00616
0.5975 1.00506
0.5985 1.00372
0.5995 1.00051
0.6005 0.997156
0.6015 0.995003
0.6025 0.993167
0.6035 0.992315
0.6045 0.991754
0.6055 0.991587
0.6065 0.991804
0.6075 0.992325
0.6085 0.993213
0.6095 0.994242
0.6105 0.994989
0.6115 0.996275
0.6125 0.997565
0.6135 0.998067
0.6145 0.998535
0.6155 0.998891
0.6165 0.999545
0.6175 1.00023
0.6185 1.00054
0.6195 1.00086
0.6205 1.00118
0.6215 1.0019
0.6225 1.00269
0.6235 1.00315
0.6245 1.00373
0.6255 1.00428
0.6265 1.00478
0.6275 1.00506
0.6285 1.0052
0.6295 1.00516
0.6305 1.00497
0.6315 1.00467
0.6325 1.00424
0.6335 1.00354
0.6345 1.00288
0.6355 1.00185
0.6365 1.00078
0.6375 1.00018
0.6385 0.999189
0.6395 0.998352
0.6405 0.997779
0.6415 0.997337
0.6425 0.997092
0.6435 0.996925
0.6445 0.996855
0.6455 0.996883
0.6465 0.996992
0.6475 0.9972
0.6485 0.997466
0.6495 0.997685
0.6505 0.997959
0.6515 0.998167
0.6525 0.998254
0.6535 0.998272
0.6545 0.998226
0.6555 0.998139
0.6565 0.997956
0.6575 0.99776
0.6585 0.997467
0.6595 0.997206
0.6605 0.997167
0.6615 0.997234
0.6625 0.997418
0.6635 0.997671
0.6645 0.99814
0.6655 0.998701
0.6665 0.99944
0.6675 1.00017
0.6685 1.00059
0.6695 1.00122
0.6705 1.00175
0.6715 1.00203
0.6725 1.00222
0.6735 1.00232
0.6745 1.00237
0.6755 1.00238
0.6765 1.00236
0.6775 1.0023
0.6785 1.00222
0.6795 1.00215
0.6805 1.00215
0.6815 1.00219
0.6825 1.00221
0.6835 1.0022
0.6845 1.00219
0.6855 1.00221
0.6865 1.00223
0.6875 1.00216
0.6885 1.00188
0.6895 1.00152
0.6905 1.00129
0.6915 1.00094
0.6925 1.00054
0.6935 0.999818
0.6945 0.999131
0.6955 0.998677
0.6965 0.998063
0.6975 0.997472
0.6985 0.997114
0.6995 0.996855
0.7005 0.996629
0.7015 0.996476
0.7025 0.996186
0.7035 0.995908
0.7045 0.995933
0.7055 0.996327
0.7065 0.996803
0.7075 0.996981
0.7085 0.997109
0.7095 0.997294
0.7105 0.997869
0.7115 0.998467
0.7125 0.998878
0.7135 0.999355
0.7145 1.00001
0.7155 1.0007
0.7165 1.00104
0.7175 1.00127
0.7185 1.00142
0.7195 1.00164
0.7205 1.00186
0.7215 1.00189
0.7225 1.00166
0.7235 1.00143
0.7245 1.00152
0.7255 1.00171
0.7265 1.00181
0.7275 1.0017
0.7285 1.00155
0.7295 1.0016
0.7305 1.00182
0.7315 1.00196
0.7325 1.00187
0.7335 1.00169
0.7345 1.00169
0.7355 1.00183
0.7365 1.00184
0.7375 1.00151
0.7385 1.00107
0.7395 1.00095
0.7405 1.00099
0.7415 1.00087
0.7425 0.999861
0.7435 0.998886
0.7445 0.998793
0.7455 0.998754
0.7465 0.998277
0.7475 0.997405
0.7485 0.996815
0.7495 0.996906
0.7505 0.997176
0.7515 0.997016
0.7525 0.996623
0.7535 0.996626
0.7545 0.997437
0.7555 0.998108
0.7565 0.998055
0.7575 0.99791
0.7585 0.998292
0.7595 0.999118
0.7605 0.999656
0.7615 0.999482
0.7625 0.999248
0.7635 0.999816
0.7645 1.00086
0.7655 1.00143
0.7665 1.00071
0.7675 0.99992
0.7685 1.00052
0.7695 1.0016
0.7705 1.00197
0.7715 1.00103
0.7725 0.999739
0.7735 0.999681
0.7745 1.00119
0.7755 1.00229
0.7765 1.00141
0.7775 0.999532
0.7785 0.998826
0.7795 1.00107
0.7805 1.00339
0.7815 1.00256
0.7825 0.999789
0.7835 0.998551
0.7845 1.00098
0.7855 1.00364
0.7865 1.00313
0.7875 0.999243
0.7885 0.997971
0.7895 1.00047
0.7905 1.00253
0.7915 1.00247
0.7925 0.997375
0.7935 0.995722
0.7945 0.994978
0.7955 0.984003
0.7965 0.954352
0.7975 0.887294
0.7985 0.801704
0.7995 0.761042
0.8005 0.735667
0.8015 0.695105
0.8025 0.609876
0.8035 0.543391
0.8045 0.514529
0.8055 0.504234
0.8065 0.504002
0.8075 0.502831
0.8085 0.498159
0.8095 0.498366
0.8105 0.500595
0.8115 0.503192
0.8125 0.501949
0.8135 0.49807
0.8145 0.497556
0.8155 0.500203
0.8165 0.502608
0.8175 0.501331
0.8185 0.498505
0.8195 0.497614
0.8205 0.499837
0.8215 0.502019
0.8225 0.501324
0.8235 0.499499
0.8245 0.498715
0.8255 0.499975
0.8265 0.501706
0.8275 0.501853
0.8285 0.500788
0.8295 0.500008
0.8305 0.500461
0.8315 0.501544
0.8325 0.502077
0.8335 0.500931
0.8345 0.49967
0.8355 0.499847
0.8365 0.500387
0.8375 0.500473
0.8385 0.499306
0.8395 0.498227
0.8405 0.498193
0.8415 0.498321
0.8425 0.498004
0.8435 0.497166
0.8445 0.496555
0.8455 0.496592
0.8465 0.496856
0.8475 0.496787
0.8485 0.496424
0.8495 0.496348
0.8505 0.497486
0.8515 0.498572
0.8525 0.498561
0.8535 0.498412
0.8545 0.498639
0.8555 0.499431
0.8565 0.500082
0.8575 0.500257
0.8585 0.500401
0.8595 0.500875
0.8605 0.501504
0.8615 0.501828
0.8625 0.501776
0.8635 0.501692
0.8645 0.501869
0.8655 0.502097
0.8665 0.502089
0.8675 0.501871
0.8685 0.501715
0.8695 0.501794
0.8705 0.501959
0.8715 0.501976
0.8725 0.501845
0.8735 0.501804
0.8745 0.502016
0.8755 0.502367
0.8765 0.502613
0.8775 0.502665
0.8785 0.502671
0.8795 0.502812
0.8805 0.502969
0.8815 0.502857
0.8825 0.502349
0.8835 0.501575
0.8845 0.500927
0.8855 0.500107
0.8865 0.499417
0.8875 0.498154
0.8885 0.496909
0.8895 0.496211
0.8905 0.495547
0.8915 0.494781
0.8925 0.494195
0.8935 0.493912
0.8945 0.493738
0.8955 0.493648
0.8965 0.493631
0.8975 0.493737
0.8985 0.494032
0.8995 0.494959
0.9005 0.496054
0.9015 0.496905
0.9025 0.497751
0.9035 0.498257
0.9045 0.499295
0.9055 0.500279
0.9065 0.500805
0.9075 0.501655
0.9085 0.502394
0.9095 0.502796
0.9105 0.503092
0.9115 0.503256
0.9125 0.503331
0.9135 0.503358
0.9145 0.503358
0.9155 0.503329
0.9165 0.503202
0.9175 0.503083
0.9185 0.503075
0.9195 0.503115
0.9205 0.503197
0.9215 0.503333
0.9225 0.503463
0.9235 0.503725
0.9245 0.503976
0.9255 0.504024
0.9265 0.503977
0.9275 0.503836
0.9285 0.503601
0.9295 0.503191
0.9305 0.502622
0.9315 0.501552
0.9325 0.500307
0.9335 0.499594
0.9345 0.49838
0.9355 0.497305
0.9365 0.496704
0.9375 0.496248
0.9385 0.496013
0.9395 0.495902
0.9405 0.495897
0.9415 0.495974
0.9425 0.496084
0.9435 0.49616
0.9445 0.496173
0.9455 0.496121
0.9465 0.496004
0.9475 0.495833
0.9485 0.495691
0.9495 0.495502
0.9505 0.495316
0.9515 0.495078
0.9525 0.494811
0.9535 0.494364
0.9545 0.493929
0.9555 0.493818
0.9565 0.493868
0.9575 0.49412
0.9585 0.49461
0.9595 0.495464
0.9605 0.49669
0.9615 0.498264
0.9625 0.50027
0.9635 0.502174
0.9645 0.503912
0.9655 0.505996
0.9665 0.507579
0.9675 0.508671
0.9685 0.509463
0.9695 0.509872
0.9705 0.510026
0.9715 0.509918
0.9725 0.509574
0.9735 0.5089
0.9745 0.50805
0.9755 0.506637
0.9765 0.505263
0.9775 0.504502
0.9785 0.50296
0.9795 0.501522
0.9805 0.500882
0.9815 0.499774
0.9825 0.498777
0.9835 0.49857
0.9845 0.499131
0.9855 0.501304
0.9865 0.506342
0.9875 0.515952
0.9885 0.532126
0.9895 0.55804
0.9905 0.595698
0.9915 0.657742
0.9925 0.739985
0.9935 0.867797
0.9945 1.02269
0.9955 1.25575
0.9965 1.488
0.9975 1.57523
0.9985 1.61731
0.9995 1.60211

# time= 0.7497
0.0005 7.11834
0.0015 6.35243
0.0025 5.20563
0.0035 3.87013
0.0045 2.9898
0.0055 2.26623
0.0065 1.71576
0.0075 1.32332
0.0085 1.0636
0.0095 0.87552
0.0105 0.757357
0.0115 0.663771
0.0125 0.604542
0.0135 0.564225
0.0145 0.537443
0.0155 0.521595
0.0165 0.513915
0.0175 0.509966
0.0185 0.505664
0.0195 0.500252
0.0205 0.496477
0.0215 0.496599
0.0225 0.498028
0.0235 0.496854
0.0245 0.492914
0.0255 0.490433
0.0265 0.492287
0.0275 0.495002
0.0285 0.493645
0.0295 0.489489
0.0305 0.487448
0.0315 0.493531
0.0325 0.49949
0.0335 0.495407
0.0345 0.489927
0.0355 0.491857
0.0365 0.500194
0.0375 0.505842
0.0385 0.500491
0.0395 0.494715
0.0405 0.498209
0.0415 0.509676
0.0425 0.512632
0.0435 0.502928
0.0445 0.496451
0.0455 0.497827
0.0465 0.515239
0.0475 0.514367
0.0485 0.493932
0.0495 0.479796
0.0505 0.461774
0.0515 0.431925
0.0525 0.368283
0.0535 0.31238
0.0545 0.280638
0.0555 0.264917
0.0565 0.258065
0.0575 0.255423
0.0585 0.254454
0.0595 0.253968
0.0605 0.253671
0.0615 0.253335
0.0625 0.252782
0.0635 0.252293
0.0645 0.251613
0.0655 0.250785
0.0665 0.249833
0.0675 0.248867
0.0685 0.248209
0.0695 0.247571
0.0705 0.247043
0.0715 0.24674
0.0725 0.246496
0.0735 0.246331
0.0745 0.246237
0.0755 0.246189
0.0765 0.246191
0.0775 0.24624
0.0785 0.246323
0.0795 0.246473
0.0805 0.246601
0.0815 0.246687
0.0825 0.246757
0.0835 0.246864
0.0845 0.246981
0.0855 0.247053
0.0865 0.247152
0.0875 0.247323
0.0885 0.247503
0.0895 0.247782
0.0905 0.248187
0.0915 0.248568
0.0925 0.24918
0.0935 0.249973
0.0945 0.250754
0.0955 0.251767
0.0965 0.25284
0.0975 0.25373
0.0985 0.254273
0.0995 0.254727
0.1005 0.255059
0.1015 0.255246
0.1025 0.255368
0.1035 0.255412
0.1045 0.255378
0.1055 0.255264
0.1065 0.255047
0.1075 0.254744
0.1085 0.25423
0.1095 0.253607
0.1105 0.252683
0.1115 0.251734
0.1125 0.251251
0.1135 0.250288
0.1145 0.249296
0.1155 0.248622
0.1165 0.248066
0.1175 0.247694
0.1185 0.247413
0.1195 0.247264
0.1205 0.247191
0.1215 0.247192
0.1225 0.247264
0.1235 0.247422
0.1245 0.247641
0.1255 0.248077
0.1265 0.248569
0.1275 0.248861
0.1285 0.249296
0.1295 0.249838
0.1305 0.25024
0.1315 0.250534
0.1325 0.250732
0.1335 0.25086
0.1345 0.250919
0.1355 0.25091
0.1365 0.250836
0.1375 0.250701
0.1385 0.250423
0.1395 0.250081
0.1405 0.249571
0.1415 0.249071
0.1425 0.248735
0.1435 0.24846
0.1445 0.248327
0.1455 0.24825
0.1465 0.248236
0.1475 0.248288
0.1485 0.248406
0.1495 0.248634
0.1505 0.248937
0.1515 0.249524
0.1525 0.250175
0.1535 0.250511
0.1545 0.251179
0.1555 0.251801
0.1565 0.252169
0.1575 0.252459
0.1585 0.252599
0.1595 0.252662
0.1605 0.252647
0.1615 0.252557
0.1625 0.252382
0.1635 0.252126
0.1645 0.251761
0.1655 0.251308
0.1665 0.250605
0.1675 0.249954
0.1685 0.249514
0.1695 0.249009
0.1705 0.248668
0.1715 0.248446
0.1725 0.248252
0.1735 0.248125
0.1745 0.248044
0.1755 0.247989
0.1765 0.24796
0.1775 0.247952
0.1785 0.247967
0.1795 0.248004
0.1805 0.248065
0.1815 0.248166
0.1825 0.248295
0.1835 0.248492
0.1845 0.248795
0.1855 0.249084
0.1865 0.249525
0.1875 0.250061
0.1885 0.250646
0.1895 0.251276
0.1905 0.251778
0.1915 0.252223
0.1925 0.252536
0.1935 0.253011
0.1945 0.253447
0.1955 0.253683
0.1965 0.253863
0.1975 0.253951
0.1985 0.253973
0.1995 0.253915
0.2005 0.253759
0.2015 0.25352
0.2025 0.253133
0.2035 0.252687
0.2045 0.252206
0.2055 0.251729
0.2065 0.250963
0.2075 0.250176
0.2085 0.249734
0.2095 0.249326
0.2105 0.248952
0.2115 0.248588
0.2125 0.248339
0.2135 0.248141
0.2145 0.247988
0.2155 0.247852
0.2165 0.247731
0.2175 0.247665
0.2185 0.247615
0.2195 0.247572
0.2205 0.247539
0.2215 0.247485
0.2225 0.247433
0.2235 0.247426
0.2245 0.247448
0.2255 0.247511
0.2265 0.24763
0.2275 0.247796
0.2285 0.248166
0.2295 0.248537
0.2305 0.248727
0.2315 0.249009
0.2325 0.249364
0.2335 0.249608
0.2345 0.250001
0.2355 0.250389
0.2365 0.250604
0.2375 0.251039
0.2385 0.25145
0.2395 0.251772
0.2405 0.252172
0.2415 0.252794
0.2425 0.254784
0.2435 0.260134
0.2445 0.273688
0.2455 0.305016
0.2465 0.368428
0.2475 0.480237
0.2485 0.607506
0.2495 0.667005
0.2505 0.702796
0.2515 0.730949
0.2525 0.771816
0.2535 0.773597
0.2545 0.738713
0.2555 0.736097
0.2565 0.749197
0.2575 0.768884
0.2585 0.763829
0.2595 0.742029
0.2605 0.736704
0.2615 0.749066
0.2625 0.761728
0.2635 0.753851
0.2645 0.739409
0.2655 0.736945
0.2665 0.749505
0.2675 0.758937
0.2685 0.748119
0.2695 0.736365
0.2705 0.740457
0.2715 0.748751
0.2725 0.751645
0.2735 0.74525
0.2745 0.740287
0.2755 0.744024
0.2765 0.75034
0.2775 0.751378
0.2785 0.747047
0.2795 0.744421
0.2805 0.747825
0.2815 0.753135
0.2825 0.754089
0.2835 0.750869
0.2845 0.748844
0.2855 0.75112
0.2865 0.75495
0.2875 0.755926
0.2885 0.753855
0.2895 0.752531
0.2905 0.754388
0.2915 0.75754
0.2925 0.7587
0.2935 0.755961
0.2945 0.753456
0.2955 0.754152
0.2965 0.755964
0.2975 0.756474
0.2985 0.752356
0.2995 0.747821
0.3005 0.747556
0.3015 0.748384
0.3025 0.748448
0.3035 0.745808
0.3045 0.742857
0.3055 0.743074
0.3065 0.745075
0.3075 0.746489
0.3085 0.745772
0.3095 0.743994
0.3105 0.743279
0.3115 0.745983
0.3125 0.748655
0.3135 0.748019
0.3145 0.746528
0.3155 0.746197
0.3165 0.749624
0.3175 0.752902
0.3185 0.751949
0.3195 0.749607
0.3205 0.748657
0.3215 0.750831
0.3225 0.753643
0.3235 0.753279
0.3245 0.750739
0.3255 0.749387
0.3265 0.752853
0.3275 0.756644
0.3285 0.754815
0.3295 0.750743
0.3305 0.749023
0.3315 0.754691
0.3325 0.759219
0.3335 0.753705
0.3345 0.746528
0.3355 0.747344
0.3365 0.753788
0.3375 0.75669
0.3385 0.749399
0.3395 0.74247
0.3405 0.744408
0.3415 0.754739
0.3425 0.756762
0.3435 0.746691
0.3445 0.73996
0.3455 0.741135
0.3465 0.758635
0.3475 0.757672
0.3485 0.73718
0.3495 0.72316
0.3505 0.70537
0.3515 0.675685
0.3525 0.612045
0.3535 0.556103
0.3545 0.524382
0.3555 0.508743
0.3565 0.501988
0.3575 0.499292
0.3585 0.498299
0.3595 0.498041
0.3605 0.498011
0.3615 0.498069
0.3625 0.498184
0.3635 0.498371
0.3645 0.498655
0.3655 0.499022
0.3665 0.499659
0.3675 0.500285
0.3685 0.500643
0.3695 0.500923
0.3705 0.501105
0.3715 0.501173
0.3725 0.501158
0.3735 0.50109
0.3745 0.501032
0.3755 0.501004
0.3765 0.500995
0.3775 0.501004
0.3785 0.50102
0.3795 0.501027
0.3805 0.501016
0.3815 0.500996
0.3825 0.500987
0.3835 0.500999
0.3845 0.501016
0.3855 0.501019
0.3865 0.501017
0.3875 0.50103
0.3885 0.501094
0.3895 0.501162
0.3905 0.501166
0.3915 0.501132
0.3925 0.501065
0.3935 0.500993
0.3945 0.500908
0.3955 0.500777
0.3965 0.50058
0.3975 0.500283
0.3985 0.499858
0.3995 0.499502
0.4005 0.499249
0.4015 0.498796
0.4025 0.498372
0.4035 0.498188
0.4045 0.498057
0.4055 0.497982
0.4065 0.497954
0.4075 0.497973
0.4085 0.498039
0.4095 0.49817
0.4105 0.498345
0.4115 0.498633
0.4125 0.498967
0.4135 0.499174
0.4145 0.499532
0.4155 0.499849
0.4165 0.500063
0.4175 0.500343
0.4185 0.500608
0.4195 0.500777
0.4205 0.500874
0.4215 0.500918
0.4225 0.500919
0.4235 0.50088
0.4245 0.50081
0.4255 0.50063
0.4265 0.500457
0.4275 0.50039
0.4285 0.500347
0.4295 0.500327
0.4305 0.500329
0.4315 0.500349
0.4325 0.500403
0.4335 0.50045
0.4345 0.50046
0.4355 0.500451
0.4365 0.500425
0.4375 0.50035
0.4385 0.50027
0.4395 0.500241
0.4405 0.500231
0.4415 0.500243
0.4425 0.500298
0.4435 0.500362
0.4445 0.500387
0.4455 0.500393
0.4465 0.500379
0.4475 0.500348
0.4485 0.500291
0.4495 0.500204
0.4505 0.50012
0.4515 0.500059
0.4525 0.500009
0.4535 0.499948
0.4545 0.499843
0.4555 0.499723
0.4565 0.499656
0.4575 0.499612
0.4585 0.499593
0.4595 0.49959
0.4605 0.4996
0.4615 0.499612
0.4625 0.499617
0.4635 0.499618
0.4645 0.499617
0.4655 0.499612
0.4665 0.499604
0.4675 0.499597
0.4685 0.499588
0.4695 0.499577
0.4705 0.499565
0.4715 0.499542
0.4725 0.499512
0.4735 0.499482
0.4745 0.499429
0.4755 0.499363
0.4765 0.499289
0.4775 0.499232
0.4785 0.499208
0.4795 0.499207
0.4805 0.499236
0.4815 0.499299
0.4825 0.499397
0.4835 0.499593
0.4845 0.499832
0.4855 0.500189
0.4865 0.500557
0.4875 0.500738
0.4885 0.501067
0.4895 0.50136
0.4905 0.501507
0.4915 0.501614
0.4925 0.501669
0.4935 0.501688
0.4945 0.501672
0.4955 0.501623
0.4965 0.5015
0.4975 0.501353
0.4985 0.501256
0.4995 0.501058
0.5005 0.500854
0.5015 0.500748
0.5025 0.500529
0.5035 0.500298
0.5045 0.500163
0.5055 0.499973
0.5065 0.499724
0.5075 0.499531
0.5085 0.499391
0.5095 0.499289
0.5105 0.49922
0.5115 0.499174
0.5125 0.499147
0.5135 0.499136
0.5145 0.499135
0.5155 0.499136
0.5165 0.49913
0.5175 0.499109
0.5185 0.499072
0.5195 0.499005
0.5205 0.498914
0.5215 0.498728
0.5225 0.49854
0.5235 0.498464
0.5245 0.498416
0.5255 0.498401
0.5265 0.498426
0.5275 0.498493
0.5285 0.498609
0.5295 0.498782
0.5305 0.499027
0.5315 0.499362
0.5325 0.499815
0.5335 0.500166
0.5345 0.500397
0.5355 0.500792
0.5365 0.501144
0.5375 0.501377
0.5385 0.501569
0.5395 0.501667
0.5405 0.50169
0.5415 0.501501
0.5425 0.500691
0.5435 0.498142
0.5445 0.491328
0.5455 0.475613
0.5465 0.44394
0.5475 0.388146
0.5485 0.324629
0.5495 0.294953
0.5505 0.277125
0.5515 0.263133
0.5525 0.242845
0.5535 0.242046
0.5545 0.259474
0.5555 0.260609
0.5565 0.253837
0.5575 0.243797
0.5585 0.246068
0.5595 0.25629
0.5605 0.25809
0.5615 0.250941
0.5625 0.243582
0.5635 0.246675
0.5645 0.25285
0.5655 0.252927
0.5665 0.245917
0.5675 0.24081
0.5685 0.245748
0.5695 0.251274
0.5705 0.249058
0.5715 0.244865
0.5725 0.243523
0.5735 0.247106
0.5745 0.249976
0.5755 0.248441
0.5765 0.245821
0.5775 0.24601
0.5785 0.248983
0.5795 0.251076
0.5805 0.250179
0.5815 0.248452
0.5825 0.248985
0.5835 0.251555
0.5845 0.253314
0.5855 0.252749
0.5865 0.251579
0.5875 0.252162
0.5885 0.254256
0.5895 0.255654
0.5905 0.255208
0.5915 0.254151
0.5925 0.254202
0.5935 0.255257
0.5945 0.255737
0.5955 0.254746
0.5965 0.253083
0.5975 0.25201
0.5985 0.251646
0.5995 0.251054
0.6005 0.249015
0.6015 0.246526
0.6025 0.245464
0.6035 0.245223
0.6045 0.245157
0.6055 0.244362
0.6065 0.243536
0.6075 0.243682
0.6085 0.244676
0.6095 0.245554
0.6105 0.245896
0.6115 0.246241
0.6125 0.246913
0.6135 0.247805
0.6145 0.248288
0.6155 0.24833
0.6165 0.248478
0.6175 0.24929
0.6185 0.250413
0.6195 0.251093
0.6205 0.251462
0.6215 0.25178
0.6225 0.2527
0.6235 0.253652
0.6245 0.253884
0.6255 0.253949
0.6265 0.253992
0.6275 0.254033
0.6285 0.253971
0.6295 0.253635
0.6305 0.253222
0.6315 0.253034
0.6325 0.252899
0.6335 0.252665
0.6345 0.252107
0.6355 0.251393
0.6365 0.250846
0.6375 0.250307
0.6385 0.249806
0.6395 0.249481
0.6405 0.249191
0.6415 0.248936
0.6425 0.248649
0.6435 0.248453
0.6445 0.248402
0.6455 0.248475
0.6465 0.248532
0.6475 0.248363
0.6485 0.247519
0.6495 0.246696
0.6505 0.246589
0.6515 0.246832
0.6525 0.247204
0.6535 0.247543
0.6545 0.247841
0.6555 0.247964
0.6565 0.247959
0.6575 0.247659
0.6585 0.247399
0.6595 0.247512
0.6605 0.247914
0.6615 0.248231
0.6625 0.248255
0.6635 0.248229
0.6645 0.248429
0.6655 0.249205
0.6665 0.249873
0.6675 0.249996
0.6685 0.250013
0.6695 0.250228
0.6705 0.251087
0.6715 0.251857
0.6725 0.252051
0.6735 0.252162
0.6745 0.252422
0.6755 0.252781
0.6765 0.252905
0.6775 0.252287
0.6785 0.251702
0.6795 0.251901
0.6805 0.252057
0.6815 0.25151
0.6825 0.250608
0.6835 0.250235
0.6845 0.25141
0.6855 0.252779
0.6865 0.252569
0.6875 0.251822
0.6885 0.251514
0.6895 0.251801
0.6905 0.251839
0.6915 0.250948
0.6925 0.249736
0.6935 0.24934
0.6945 0.24966
0.6955 0.249699
0.6965 0.248412
0.6975 0.246913
0.6985 0.247031
0.6995 0.248015
0.7005 0.248374
0.7015 0.246944
0.7025 0.245196
0.7035 0.245596
0.7045 0.247553
0.7055 0.248635
0.7065 0.247219
0.7075 0.245047
0.7085 0.245376
0.7095 0.248843
0.7105 0.251223
0.7115 0.249638
0.7125 0.246689
0.7135 0.246935
0.7145 0.25119
0.7155 0.254055
0.7165 0.251788
0.7175 0.247761
0.7185 0.24789
0.7195 0.25274
0.7205 0.255812
0.7215 0.252612
0.7225 0.247488
0.7235 0.247809
0.7245 0.253741
0.7255 0.257304
0.7265 0.252149
0.7275 0.245467
0.7285 0.248125
0.7295 0.25644
0.7305 0.260711
0.7315 0.24923
0.7325 0.238637
0.7335 0.248088
0.7345 0.261001
0.7355 0.259574
0.7365 0.245766
0.7375 0.23803
0.7385 0.25148
0.7395 0.264832
0.7405 0.260195
0.7415 0.238908
0.7425 0.23369
0.7435 0.253312
0.7445 0.266437
0.7455 0.263784
0.7465 0.228786
0.7475 0.230251
0.7485 0.270822
0.7495 0.298817
0.7505 0.334496
0.7515 0.393871
0.7525 0.520929
0.7535 0.632538
0.7545 0.695879
0.7555 0.727341
0.7565 0.741032
0.7575 0.746213
0.7585 0.748165
0.7595 0.748937
0.7605 0.749197
0.7615 0.749516
0.7625 0.749803
0.7635 0.749936
0.7645 0.750153
0.7655 0.75034
0.7665 0.750444
0.7675 0.750521
0.7685 0.750565
0.7695 0.750591
0.7705 0.750602
0.7715 0.750602
0.7725 0.750592
0.7735 0.750583
0.7745 0.750585
0.7755 0.750598
0.7765 0.750624
0.7775 0.750662
0.7785 0.750758
0.7795 0.750859
0.7805 0.750914
0.7815 0.750954
0.7825 0.750973
0.7835 0.750976
0.7845 0.750962
0.7855 0.75093
0.7865 0.750881
0.7875 0.7508
0.7885 0.7507
0.7895 0.750536
0.7905 0.750339
0.7915 0.750082
0.7925 0.749823
0.7935 0.749667
0.7945 0.74941
0.7955 0.74919
0.7965 0.749056
0.7975 0.748953
0.7985 0.748898
0.7995 0.748875
0.8005 0.748889
0.8015 0.748939
0.8025 0.749023
0.8035 0.74915
0.8045 0.749321
0.8055 0.749563
0.8065 0.749765
0.8075 0.749901
0.8085 0.750003
0.8095 0.750069
0.8105 0.750114
0.8115 0.750139
0.8125 0.750148
0.8135 0.750145
0.8145 0.750123
0.8155 0.750101
0.8165 0.750096
0.8175 0.750101
0.8185 0.750117
0.8195 0.750145
0.8205 0.750198
0.8215 0.750268
0.8225 0.750398
0.8235 0.75054
0.8245 0.750611
0.8255 0.750726
0.8265 0.750825
0.8275 0.750867
0.8285 0.75089
0.8295 0.750891
0.8305 0.750865
0.8315 0.750812
0.8325 0.750732
0.8335 0.750597
0.8345 0.750408
0.8355 0.750171
0.8365 0.749833
0.8375 0.749384
0.8385 0.749051
0.8395 0.748818
0.8405 0.748329
0.8415 0.747665
0.8425 0.746557
0.8435 0.743819
0.8445 0.736975
0.8455 0.721277
0.8465 0.689631
0.8475 0.633867
0.8485 0.570405
0.8495 0.540827
0.8505 0.523136
0.8515 0.509297
0.8525 0.489261
0.8535 0.488774
0.8545 0.50648
0.8555 0.507994
0.8565 0.501596
0.8575 0.491953
0.8585 0.494661
0.8595 0.505462
0.8605 0.507922
0.8615 0.501418
0.8625 0.494848
0.8635 0.498774
0.8645 0.505734
0.8655 0.506483
0.8665 0.500045
0.8675 0.495328
0.8685 0.500635
0.8695 0.506401
0.8705 0.504297
0.8715 0.500192
0.8725 0.498918
0.8735 0.502447
0.8745 0.505226
0.8755 0.503597
0.8765 0.500782
0.8775 0.500695
0.8785 0.503247
0.8795 0.504757
0.8805 0.503052
0.8815 0.500375
0.8825 0.499991
0.8835 0.501656
0.8845 0.502427
0.8855 0.500388
0.8865 0.497549
0.8875 0.49701
0.8885 0.498094
0.8895 0.498536
0.8905 0.49665
0.8915 0.494191
0.8925 0.493899
0.8935 0.49492
0.8945 0.495594
0.8955 0.495045
0.8965 0.49409
0.8975 0.493936
0.8985 0.495268
0.8995 0.496504
0.9005 0.496662
0.9015 0.49662
0.9025 0.497002
0.9035 0.498458
0.9045 0.49974
0.9055 0.500094
0.9065 0.500296
0.9075 0.500779
0.9085 0.50169
0.9095 0.502387
0.9105 0.502549
0.9115 0.502565
0.9125 0.502828
0.9135 0.50329
0.9145 0.503498
0.9155 0.502859
0.9165 0.50223
0.9175 0.5024
0.9185 0.502808
0.9195 0.503058
0.9205 0.503009
0.9215 0.502957
0.9225 0.503321
0.9235 0.503707
0.9245 0.503671
0.9255 0.503467
0.9265 0.503285
0.9275 0.503152
0.9285 0.502916
0.9295 0.502547
0.9305 0.501922
0.9315 0.501242
0.9325 0.500638
0.9335 0.500072
0.9345 0.499116
0.9355 0.498018
0.9365 0.49753
0.9375 0.497209
0.9385 0.496999
0.9395 0.496663
0.9405 0.496335
0.9415 0.496225
0.9425 0.496156
0.9435 0.496089
0.9445 0.495905
0.9455 0.495724
0.9465 0.495728
0.9475 0.49578
0.9485 0.495733
0.9495 0.495493
0.9505 0.495146
0.9515 0.494903
0.9525 0.494863
0.9535 0.494963
0.9545 0.49506
0.9555 0.495134
0.9565 0.495287
0.9575 0.495617
0.9585 0.496169
0.9595 0.497051
0.9605 0.498041
0.9615 0.498924
0.9625 0.500582
0.9635 0.502351
0.9645 0.503632
0.9655 0.504757
0.9665 0.505422
0.9675 0.506582
0.9685 0.507527
0.9695 0.507785
0.9705 0.507749
0.9715 0.507649
0.9725 0.507598
0.9735 0.507438
0.9745 0.507059
0.9755 0.506208
0.9765 0.505456
0.9775 0.50505
0.9785 0.504786
0.9795 0.504907
0.9805 0.506071
0.9815 0.509451
0.9825 0.516475
0.9835 0.528877
0.9845 0.549317
0.9855 0.58241
0.9865 0.634973
0.9875 0.717276
0.9885 0.838277
0.9895 1.02858
0.9905 1.29267
0.9915 1.68868
0.9925 2.2078
0.9935 2.99139
0.9945 3.94384
0.9955 5.41217
0.9965 6.96358
0.9975 7.61143
0.9985 7.99555
0.9995 7.99487

# time= 0.9996
0.0005 5.83267
0.0015 5.64989
0.0025 5.2859
0.0035 4.78498
0.0045 3.99849
0.0055 3.28794
0.0065 2.79759
0.0075 2.33963
0.0085 2.00605
0.0095 1.68349
0.0105 1.50545
0.0115 1.38375
0.0125 1.29565
0.0135 1.18968
0.0145 1.11344
0.0155 1.07959
0.0165 1.06551
0.0175 1.05909
0.0185 1.03205
0.0195 1.0032
0.0205 1.00128
0.0215 1.00849
0.0225 1.01277
0.0235 0.999555
0.0245 0.985272
0.0255 0.988617
0.0265 0.997654
0.0275 1.00244
0.0285 0.993972
0.0295 0.98549
0.0305 0.989071
0.0315 0.996531
0.0325 1.00032
0.0335 0.995193
0.0345 0.99054
0.0355 0.993816
0.0365 0.999949
0.0375 1.00312
0.0385 1.00003
0.0395 0.997258
0.0405 0.999814
0.0415 1.00432
0.0425 1.00648
0.0435 1.00391
0.0445 1.00155
0.0455 1.00304
0.0465 1.00573
0.0475 1.00666
0.0485 1.00474
0.0495 1.00316
0.0505 1.00398
0.0515 1.0055
0.0525 1.00552
0.0535 1.00395
0.0545 1.00292
0.0555 1.00371
0.0565 1.0049
0.0575 1.00438
0.0585 1.00251
0.0595 1.00137
0.0605 1.00296
0.0615 1.00488
0.0625 1.00419
0.0635 1.00252
0.0645 1.00132
0.0655 1.0011
0.0665 1.00104
0.0675 1.00026
0.0685 0.999232
0.0695 0.998874
0.0705 0.99901
0.0715 0.998916
0.0725 0.997391
0.0735 0.995735
0.0745 0.995773
0.0755 0.996463
0.0765 0.996874
0.0775 0.996372
0.0785 0.995702
0.0795 0.995927
0.0805 0.996679
0.0815 0.99717
0.0825 0.997034
0.0835 0.996752
0.0845 0.996933
0.0855 0.997483
0.0865 0.997853
0.0875 0.997759
0.0885 0.99759
0.0895 0.997801
0.0905 0.998517
0.0915 0.999135
0.0925 0.999562
0.0935 1.00006
0.0945 1.00056
0.0955 1.0014
0.0965 1.00216
0.0975 1.00259
0.0985 1.00292
0.0995 1.00343
0.1005 1.00394
0.1015 1.0041
0.1025 1.00413
0.1035 1.00408
0.1045 1.004
0.1055 1.00389
0.1065 1.00362
0.1075 1.00328
0.1085 1.00305
0.1095 1.00294
0.1105 1.00285
0.1115 1.00265
0.1125 1.00191
0.1135 1.00109
0.1145 1.00066
0.1155 1.0003
0.1165 0.999827
0.1175 0.999443
0.1185 0.99922
0.1195 0.998913
0.1205 0.998622
0.1215 0.998103
0.1225 0.99765
0.1235 0.997597
0.1245 0.997804
0.1255 0.998107
0.1265 0.998312
0.1275 0.998627
0.1285 0.998972
0.1295 0.99944
0.1305 0.999866
0.1315 1.0001
0.1325 1.00034
0.1335 1.00047
0.1345 1.00052
0.1355 1.00048
0.1365 1.00029
0.1375 1.00005
0.1385 0.999853
0.1395 0.999615
0.1405 0.999434
0.1415 0.999081
0.1425 0.998723
0.1435 0.998624
0.1445 0.998605
0.1455 0.998636
0.1465 0.998712
0.1475 0.998811
0.1485 0.998923
0.1495 0.999045
0.1505 0.999254
0.1515 0.99951
0.1525 0.999706
0.1535 0.999931
0.1545 1.00026
0.1555 1.00065
0.1565 1.0009
0.1575 1.0013
0.1585 1.00166
0.1595 1.0018
0.1605 1.00189
0.1615 1.00194
0.1625 1.00196
0.1635 1.00195
0.1645 1.00188
0.1655 1.00172
0.1665 1.00147
0.1675 1.00094
0.1685 1.00033
0.1695 0.999972
0.1705 0.999288
0.1715 0.998671
0.1725 0.998438
0.1735 0.998266
0.1745 0.998125
0.1755 0.997974
0.1765 0.997887
0.1775 0.997918
0.1785 0.99817
0.1795 0.998457
0.1805 0.998633
0.1815 0.998836
0.1825 0.998983
0.1835 0.999237
0.1845 0.999559
0.1855 0.999824
0.1865 1.00011
0.1875 1.00062
0.1885 1.0011
0.1895 1.0013
0.1905 1.0015
0.1915 1.00169
0.1925 1.00197
0.1935 1.0023
0.1945 1.00251
0.1955 1.00269
0.1965 1.00286
0.1975 1.00299
0.1985 1.00303
0.1995 1.00299
0.2005 1.00273
0.2015 1.00243
0.2025 1.00224
0.2035 1.00199
0.2045 1.00154
0.2055 1.00101
0.2065 1.00061
0.2075 1.00019
0.2085 0.999916
0.2095 0.999465
0.2105 0.999031
0.2115 0.998932
0.2125 0.999035
0.2135 0.999097
0.2145 0.998911
0.2155 0.998622
0.2165 0.998472
0.2175 0.998484
0.2185 0.99841
0.2195 0.998037
0.2205 0.997539
0.2215 0.997332
0.2225 0.997598
0.2235 0.99781
0.2245 0.997577
0.2255 0.997231
0.2265 0.997231
0.2275 0.998126
0.2285 0.998952
0.2295 0.999023
0.2305 0.998973
0.2315 0.999164
0.2325 0.999695
0.2335 1.0001
0.2345 1.00015
0.2355 1.00028
0.2365 1.00093
0.2375 1.00183
0.2385 1.00223
0.2395 1.00147
0.2405 1.00087
0.2415 1.00153
0.2425 1.00258
0.2435 1.00295
0.2445 1.0025
0.2455 1.00223
0.2465 1.00283
0.2475 1.00369
0.2485 1.00372
0.2495 1.00298
0.2505 1.00257
0.2515 1.00334
0.2525 1.00426
0.2535 1.00371
0.2545 1.00225
0.2555 1.00139
0.2565 1.00233
0.2575 1.00336
0.2585 1.00213
0.2595 0.999765
0.2605 0.998441
0.2615 0.999805
0.2625 1.00136
0.2635 0.999816
0.2645 0.996764
0.2655 0.995111
0.2665 0.997413
0.2675 0.999924
0.2685 0.997956
0.2695 0.994149
0.2705 0.992289
0.2715 0.996416
0.2725 1.00051
0.2735 0.99799
0.2745 0.993302
0.2755 0.991432
0.2765 0.998061
0.2775 1.00378
0.2785 1.0005
0.2795 0.99518
0.2805 0.994889
0.2815 1.00224
0.2825 1.00723
0.2835 1.00273
0.2845 0.995936
0.2855 0.997282
0.2865 1.00698
0.2875 1.01332
0.2885 1.00485
0.2895 0.994348
0.2905 0.998012
0.2915 1.011
0.2925 1.01355
0.2935 0.996594
0.2945 0.977378
0.2955 0.962198
0.2965 0.951871
0.2975 0.900154
0.2985 0.821548
0.2995 0.771857
0.3005 0.727746
0.3015 0.678298
0.3025 0.60007
0.3035 0.548197
0.3045 0.538024
0.3055 0.522917
0.3065 0.503757
0.3075 0.486836
0.3085 0.489391
0.3095 0.502415
0.3105 0.506124
0.3115 0.495711
0.3125 0.487248
0.3135 0.493523
0.3145 0.503102
0.3155 0.504308
0.3165 0.49743
0.3175 0.492874
0.3185 0.497765
0.3195 0.504958
0.3205 0.504416
0.3215 0.498834
0.3225 0.495367
0.3235 0.500822
0.3245 0.507277
0.3255 0.50541
0.3265 0.500727
0.3275 0.49825
0.3285 0.502467
0.3295 0.506738
0.3305 0.504977
0.3315 0.501292
0.3325 0.499449
0.3335 0.502111
0.3345 0.504531
0.3355 0.502942
0.3365 0.499922
0.3375 0.498372
0.3385 0.500103
0.3395 0.501701
0.3405 0.500532
0.3415 0.498422
0.3425 0.497479
0.3435 0.498923
0.3445 0.500224
0.3455 0.499556
0.3465 0.49827
0.3475 0.497851
0.3485 0.498808
0.3495 0.499578
0.3505 0.499148
0.3515 0.49834
0.3525 0.49826
0.3535 0.49895
0.3545 0.499368
0.3555 0.498799
0.3565 0.498006
0.3575 0.498148
0.3585 0.498972
0.3595 0.499445
0.3605 0.498437
0.3615 0.497278
0.3625 0.497557
0.3635 0.498331
0.3645 0.498877
0.3655 0.498926
0.3665 0.498908
0.3675 0.499258
0.3685 0.49973
0.3695 0.499881
0.3705 0.499785
0.3715 0.499807
0.3725 0.5005
0.3735 0.501266
0.3745 0.501251
0.3755 0.50093
0.3765 0.500774
0.3775 0.501105
0.3785 0.501552
0.3795 0.501568
0.3805 0.501316
0.3815 0.501176
0.3825 0.501466
0.3835 0.501822
0.3845 0.501749
0.3855 0.501479
0.3865 0.501291
0.3875 0.501311
0.3885 0.501365
0.3895 0.501245
0.3905 0.500996
0.3915 0.500814
0.3925 0.500779
0.3935 0.500776
0.3945 0.500684
0.3955 0.500415
0.3965 0.500158
0.3975 0.499967
0.3985 0.499775
0.3995 0.499545
0.4005 0.499296
0.4015 0.499132
0.4025 0.498996
0.4035 0.498886
0.4045 0.498722
0.4055 0.498596
0.4065 0.498589
0.4075 0.498622
0.4085 0.498615
0.4095 0.498465
0.4105 0.498303
0.4115 0.49832
0.4125 0.498557
0.4135 0.498843
0.4145 0.499011
0.4155 0.499154
0.4165 0.499338
0.4175 0.49951
0.4185 0.499615
0.4195 0.499798
0.4205 0.499987
0.4215 0.500312
0.4225 0.500626
0.4235 0.500705
0.4245 0.500714
0.4255 0.500702
0.4265 0.500705
0.4275 0.500743
0.4285 0.500781
0.4295 0.500807
0.4305 0.500842
0.4315 0.500914
0.4325 0.500972
0.4335 0.500964
0.4345 0.500922
0.4355 0.500841
0.4365 0.500727
0.4375 0.500613
0.4385 0.500507
0.4395 0.500434
0.4405 0.500369
0.4415 0.500294
0.4425 0.500223
0.4435 0.500142
0.4445 0.499941
0.4455 0.499742
0.4465 0.499695
0.4475 0.499711
0.4485 0.499791
0.4495 0.500041
0.4505 0.50032
0.4515 0.500436
0.4525 0.500501
0.4535 0.500498
0.4545 0.500425
0.4555 0.50017
0.4565 0.499925
0.4575 0.499798
0.4585 0.499672
0.4595 0.499594
0.4605 0.499529
0.4615 0.499444
0.4625 0.499333
0.4635 0.499241
0.4645 0.499157
0.4655 0.499072
0.4665 0.499021
0.4675 0.499012
0.4685 0.499065
0.4695 0.499129
0.4705 0.49917
0.4715 0.499208
0.4725 0.499255
0.4735 0.499303
0.4745 0.499318
0.4755 0.499318
0.4765 0.499333
0.4775 0.499406
0.4785 0.499685
0.4795 0.499971
0.4805 0.50012
0.4815 0.500263
0.4825 0.500349
0.4835 0.500487
0.4845 0.500634
0.4855 0.500744
0.4865 0.500886
0.4875 0.501155
0.4885 0.501376
0.4895 0.501387
0.4905 0.501232
0.4915 0.501094
0.4925 0.501094
0.4935 0.501145
0.4945 0.501175
0.4955 0.501139
0.4965 0.501081
0.4975 0.501047
0.4985 0.500995
0.4995 0.500894
0.5005 0.500737
0.5015 0.500613
0.5025 0.500534
0.5035 0.500432
0.5045 0.500223
0.5055 0.49997
0.5065 0.499844
0.5075 0.499788
0.5085 0.499702
0.5095 0.499466
0.5105 0.499159
0.5115 0.498993
0.5125 0.498972
0.5135 0.498926
0.5145 0.498686
0.5155 0.498372
0.5165 0.498281
0.5175 0.49855
0.5185 0.498754
0.5195 0.498576
0.5205 0.498278
0.5215 0.498247
0.5225 0.498638
0.5235 0.498925
0.5245 0.498746
0.5255 0.498412
0.5265 0.498394
0.5275 0.499198
0.5285 0.499931
0.5295 0.499962
0.5305 0.499871
0.5315 0.500023
0.5325 0.500486
0.5335 0.500824
0.5345 0.500785
0.5355 0.500816
0.5365 0.501364
0.5375 0.50215
0.5385 0.502444
0.5395 0.50134
0.5405 0.500394
0.5415 0.500895
0.5425 0.501754
0.5435 0.501934
0.5445 0.501229
0.5455 0.500739
0.5465 0.501202
0.5475 0.501938
0.5485 0.501906
0.5495 0.501146
0.5505 0.500756
0.5515 0.501587
0.5525 0.502607
0.5535 0.50221
0.5545 0.500943
0.5555 0.500283
0.5565 0.501598
0.5575 0.503044
0.5585 0.502074
0.5595 0.499923
0.5605 0.498709
0.5615 0.500213
0.5625 0.501849
0.5635 0.500257
0.5645 0.497195
0.5655 0.495577
0.5665 0.49795
0.5675 0.500572
0.5685 0.498721
0.5695 0.49502
0.5705 0.493239
0.5715 0.497472
0.5725 0.501622
0.5735 0.499084
0.5745 0.494343
0.5755 0.492423
0.5765 0.498902
0.5775 0.504437
0.5785 0.501007
0.5795 0.495476
0.5805 0.494967
0.5815 0.502296
0.5825 0.507317
0.5835 0.502814
0.5845 0.495951
0.5855 0.497124
0.5865 0.50662
0.5875 0.512764
0.5885 0.504084
0.5895 0.493561
0.5905 0.497197
0.5915 0.510157
0.5925 0.512669
0.5935 0.495689
0.5945 0.476463
0.5955 0.461243
0.5965 0.450986
0.5975 0.398732
0.5985 0.320566
0.5995 0.271499
0.6005 0.227704
0.6015 0.178303
0.6025 0.0997577
0.6035 0.0480335
0.6045 0.0378269
0.6055 0.0227498
0.6065 0.00360755
0.6075 -0.0132791
0.6085 -0.0106726
0.6095 0.00239624
0.6105 0.00615002
0.6115 -0.00422125
0.6125 -0.012683
0.6135 -0.00640989
0.6145 0.0031634
0.6155 0.00434941
0.6165 -0.00254478
0.6175 -0.00704528
0.6185 -0.00202562
0.6195 0.00537327
0.6205 0.00508849
0.6215 -0.000287305
0.6225 -0.0036609
0.6235 0.00188245
0.6245 0.00833183
0.6255 0.00636166
0.6265 0.00157463
0.6275 -0.00100589
0.6285 0.00305421
0.6295 0.00718047
0.6305 0.00532679
0.6315 0.00153391
0.6325 -0.000416964
0.6335 0.00216424
0.6345 0.00454436
0.6355 0.00293745
0.6365 -5.38569e-05
0.6375 -0.0015458
0.6385 0.000177257
0.6395 0.00173277
0.6405 0.000549171
0.6415 -0.00160446
0.6425 -0.00259611
0.6435 -0.00132103
0.6445 -0.000199177
0.6455 -0.000973512
0.6465 -0.00239773
0.6475 -0.00295517
0.6485 -0.00214275
0.6495 -0.00148331
0.6505 -0.00197215
0.6515 -0.00280068
0.6525 -0.00285876
0.6535 -0.00210959
0.6545 -0.00160993
0.6555 -0.00201872
0.6565 -0.00262806
0.6575 -0.0024001
0.6585 -0.00149836
0.6595 -0.000963744
0.6605 -0.00184342
0.6615 -0.00288745
0.6625 -0.00257275
0.6635 -0.00176049
0.6645 -0.00117551
0.6655 -0.00105493
0.6665 -0.000990504
0.6675 -0.000577611
0.6685 -2.04218e-05
0.6695 0.000234819
0.6705 0.000247536
0.6715 0.000373091
0.6725 0.00135263
0.6735 0.00237724
0.6745 0.00238486
0.6755 0.00204324
0.6765 0.00182742
0.6775 0.00205676
0.6785 0.00236153
0.6795 0.00222274
0.6805 0.00183773
0.6815 0.00161026
0.6825 0.00172464
0.6835 0.00192803
0.6845 0.00190391
0.6855 0.00165813
0.6865 0.00147481
0.6875 0.00152051
0.6885 0.00158082
0.6895 0.00143605
0.6905 0.000995307
0.6915 0.000569866
0.6925 0.000296408
0.6935 -0.000105815
0.6945 -0.000446332
0.6955 -0.000928822
0.6965 -0.00137289
0.6975 -0.00162921
0.6985 -0.00183796
0.6995 -0.0021486
0.7005 -0.0024578
0.7015 -0.00255861
0.7025 -0.00259312
0.7035 -0.00258567
0.7045 -0.00256465
0.7055 -0.00250957
0.7065 -0.00239396
0.7075 -0.00219064
0.7085 -0.00202835
0.7095 -0.00193244
0.7105 -0.00184209
0.7115 -0.00171093
0.7125 -0.00128446
0.7135 -0.000842792
0.7145 -0.000593014
0.7155 -0.000375001
0.7165 -8.79822e-05
0.7175 0.000161767
0.7185 0.000292945
0.7195 0.000524347
0.7205 0.000771629
0.7215 0.00117604
0.7225 0.00157228
0.7235 0.00168409
0.7245 0.00171972
0.7255 0.00172527
0.7265 0.00173572
0.7275 0.00173613
0.7285 0.00169687
0.7295 0.0015349
0.7305 0.00136661
0.7315 0.00126125
0.7325 0.00114774
0.7335 0.00102676
0.7345 0.000941357
0.7355 0.00090599
0.7365 0.000888116
0.7375 0.000866484
0.7385 0.000818677
0.7395 0.000725597
0.7405 0.000584
0.7415 0.000350812
0.7425 8.60434e-05
0.7435 -0.000183311
0.7445 -0.000532782
0.7455 -0.000844241
0.7465 -0.00110031
0.7475 -0.00138909
0.7485 -0.00158742
0.7495 -0.00171774
0.7505 -0.00179701
0.7515 -0.0018266
0.7525 -0.00181363
0.7535 -0.00176678
0.7545 -0.00167115
0.7555 -0.00154723
0.7565 -0.00136464
0.7575 -0.00120101
0.7585 -0.00108151
0.7595 -0.000948034
0.7605 -0.0007651
0.7615 -0.000587268
0.7625 -0.000447461
0.7635 -0.000318537
0.7645 -0.000234143
0.7655 -0.000158994
0.7665 -6.76064e-05
0.7675 5.30557e-05
0.7685 0.000200956
0.7695 0.000345356
0.7705 0.000520459
0.7715 0.000664129
0.7725 0.000772089
0.7735 0.000852773
0.7745 0.000893072
0.7755 0.000913434
0.7765 0.000908587
0.7775 0.000872884
0.7785 0.000798849
0.7795 0.000694173
0.7805 0.000464972
0.7815 0.000252608
0.7825 0.000181852
0.7835 0.000156752
0.7845 0.000180816
0.7855 0.000269053
0.7865 0.00038279
0.7875 0.000458401
0.7885 0.000505961
0.7895 0.000515001
0.7905 0.000483128
0.7915 0.00039911
0.7925 0.000286652
0.7935 8.88495e-05
0.7945 -0.000119925
0.7955 -0.000262821
0.7965 -0.000378062
0.7975 -0.000461871
0.7985 -0.000559499
0.7995 -0.000621849
0.8005 -0.000649338
0.8015 -0.000644261
0.8025 -0.000611709
0.8035 -0.00054353
0.8045 -0.000452401
0.8055 -0.000275283
0.8065 -8.89138e-05
0.8075 -4.45531e-06
0.8085 5.47131e-05
0.8095 8.19625e-05
0.8105 8.40247e-05
0.8115 6.95277e-05
0.8125 2.74163e-05
0.8135 -1.9177e-05
0.8145 -3.73007e-05
0.8155 -3.81166e-05
0.8165 -1.39633e-05
0.8175 4.28978e-05
0.8185 0.000129594
0.8195 0.000237819
0.8205 0.000428339
0.8215 0.00063388
0.8225 0.000754137
0.8235 0.000844452
0.8245 0.000901724
0.8255 0.000924477
0.8265 0.000907093
0.8275 0.000838981
0.8285 0.000709347
0.8295 0.000372762
0.8305 -3.99361e-06
0.8315 -0.000268586
0.8325 -0.000507241
0.8335 -0.00066532
0.8345 -0.000782041
0.8355 -0.000861132
0.8365 -0.000985082
0.8375 -0.00110808
0.8385 -0.00128052
0.8395 -0.00144973
0.8405 -0.00151974
0.8415 -0.00158044
0.8425 -0.00164851
0.8435 -0.00170196
0.8445 -0.00180244
0.8455 -0.00190642
0.8465 -0.00194437
0.8475 -0.00195939
0.8485 -0.00194201
0.8495 -0.00188456
0.8505 -0.00177422
0.8515 -0.00161957
0.8525 -0.00134124
0.8535 -0.00101459
0.8545 -0.000800332
0.8555 -0.000491306
0.8565 -7.70406e-05
0.8575 0.0002637
0.8585 0.000505043
0.8595 0.000667249
0.8605 0.000945725
0.8615 0.00118173
0.8625 0.00127116
0.8635 0.00134672
0.8645 0.00142082
0.8655 0.00154221
0.8665 0.00167839
0.8675 0.00177133
0.8685 0.00189266
0.8695 0.00199024
0.8705 0.00218497
0.8715 0.00239777
0.8725 0.00246583
0.8735 0.00251194
0.8745 0.00256191
0.8755 0.0026128
0.8765 0.00260795
0.8775 0.00245011
0.8785 0.00179054
0.8795 0.00109744
0.8805 0.00069221
0.8815 0.000299117
0.8825 6.52253e-05
0.8835 -0.000369557
0.8845 -0.00087328
0.8855 -0.00125765
0.8865 -0.00170326
0.8875 -0.00250975
0.8885 -0.00324043
0.8895 -0.0034056
0.8905 -0.00342506
0.8915 -0.00345977
0.8925 -0.00362218
0.8935 -0.00385737
0.8945 -0.00401601
0.8955 -0.00403311
0.8965 -0.00396992
0.8975 -0.00389577
0.8985 -0.00376365
0.8995 -0.00351808
0.9005 -0.00291872
0.9015 -0.0023482
0.9025 -0.00193956
0.9035 -0.00145493
0.9045 -0.000728223
0.9055 0.000105013
0.9065 0.000502594
0.9075 0.000854093
0.9085 0.00122217
0.9095 0.00180097
0.9105 0.00249726
0.9115 0.00273553
0.9125 0.00257431
0.9135 0.00247903
0.9145 0.00283958
0.9155 0.00335957
0.9165 0.00347689
0.9175 0.00302617
0.9185 0.00272888
0.9195 0.00312897
0.9205 0.00380536
0.9215 0.00396316
0.9225 0.00324805
0.9235 0.00271703
0.9245 0.00310629
0.9255 0.00378466
0.9265 0.00381792
0.9275 0.0021582
0.9285 0.000632501
0.9295 0.000542125
0.9305 0.000686402
0.9315 0.000340684
0.9325 -0.000636226
0.9335 -0.00134737
0.9345 -0.0013374
0.9355 -0.00146669
0.9365 -0.00260842
0.9375 -0.00423878
0.9385 -0.00487786
0.9395 -0.00283122
0.9405 -0.00111849
0.9415 -0.00220833
0.9425 -0.00403342
0.9435 -0.00450154
0.9445 -0.0032791
0.9455 -0.00245914
0.9465 -0.00347711
0.9475 -0.00503001
0.9485 -0.00502088
0.9495 -0.003523
0.9505 -0.0027287
0.9515 -0.00434968
0.9525 -0.00632123
0.9535 -0.00543726
0.9545 -0.00280128
0.9555 -0.00137839
0.9565 -0.0038322
0.9575 -0.00652536
0.9585 -0.00445038
0.9595 -7.59634e-06
0.9605 0.00254937
0.9615 -0.000230203
0.9625 -0.00326781
0.9635 1.81338e-05
0.9645 0.00622584
0.9655 0.00951353
0.9665 0.0048098
0.9675 -0.000383465
0.9685 0.00338696
0.9695 0.0108917
0.9705 0.0145708
0.9715 0.00632982
0.9725 -0.00154333
0.9735 0.0041025
0.9745 0.0144872
0.9755 0.0186422
0.9765 0.0102786
0.9775 0.00540277
0.9785 0.0179793
0.9795 0.037969
0.9805 0.0498583
0.9815 0.0537928
0.9825 0.0699107
0.9835 0.111323
0.9845 0.186914
0.9855 0.288777
0.9865 0.375667
0.9875 0.497606
0.9885 0.686426
0.9895 1.04756
0.9905 1.39284
0.9915 1.87678
0.9925 2.46026
0.9935 3.30377
0.9945 4.21274
0.9955 4.82038
0.9965 5.33224
0.9975 5.65931
0.9985 5.91428
0.9995 5.96649
