
# time= 0
0.0005 1
0.0015 1
0.0025 1
0.0035 1
0.0045 1
0.0055 1
0.0065 1
0.0075 1
0.0085 1
0.0095 1
0.0105 1
0.0115 1
0.0125 1
0.0135 1
0.0145 1
0.0155 1
0.0165 1
0.0175 1
0.0185 1
0.0195 1
0.0205 1
0.0215 1
0.0225 1
0.0235 1
0.0245 1
0.0255 1
0.0265 1
0.0275 1
0.0285 1
0.0295 1
0.0305 1
0.0315 1
0.0325 1
0.0335 1
0.0345 1
0.0355 1
0.0365 1
0.0375 1
0.0385 1
0.0395 1
0.0405 1
0.0415 1
0.0425 1
0.0435 1
0.0445 1
0.0455 1
0.0465 1
0.0475 1
0.0485 1
0.0495 1
0.0505 1
0.0515 1
0.0525 1
0.0535 1
0.0545 1
0.0555 1
0.0565 1
0.0575 1
0.0585 1
0.0595 1
0.0605 1
0.0615 1
0.0625 1
0.0635 1
0.0645 1
0.0655 1
0.0665 1
0.0675 1
0.0685 1
0.0695 1
0.0705 1
0.0715 1
0.0725 1
0.0735 1
0.0745 1
0.0755 1
0.0765 1
0.0775 1
0.0785 1
0.0795 1
0.0805 1
0.0815 1
0.0825 1
0.0835 1
0.0845 1
0.0855 1
0.0865 1
0.0875 1
0.0885 1
0.0895 1
0.0905 1
0.0915 1
0.0925 1
0.0935 1
0.0945 1
0.0955 1
0.0965 1
0.0975 1
0.0985 1
0.0995 1
0.1005 1
0.1015 1
0.1025 1
0.1035 1
0.1045 1
0.1055 1
0.1065 1
0.1075 1
0.1085 1
0.1095 1
0.1105 1
0.1115 1
0.1125 1
0.1135 1
0.1145 1
0.1155 1
0.1165 1
0.1175 1
0.1185 1
0.1195 1
0.1205 1
0.1215 1
0.1225 1
0.1235 1
0.1245 1
0.1255 1
0.1265 1
0.1275 1
0.1285 1
0.1295 1
0.1305 1
0.1315 1
0.1325 1
0.1335 1
0.1345 1
0.1355 1
0.1365 1
0.1375 1
0.1385 1
0.1395 1
0.1405 1
0.1415 1
0.1425 1
0.1435 1
0.1445 1
0.1455 1
0.1465 1
0.1475 1
0.1485 1
0.1495 1
0.1505 1
0.1515 1
0.1525 1
0.1535 1
0.1545 1
0.1555 1
0.1565 1
0.1575 1
0.1585 1
0.1595 1
0.1605 1
0.1615 1
0.1625 1
0.1635 1
0.1645 1
0.1655 1
0.1665 1
0.1675 1
0.1685 1
0.1695 1
0.1705 1
0.1715 1
0.1725 1
0.1735 1
0.1745 1
0.1755 1
0.1765 1
0.1775 1
0.1785 1
0.1795 1
0.1805 1
0.1815 1
0.1825 1
0.1835 1
0.1845 1
0.1855 1
0.1865 1
0.1875 1
0.1885 1
0.1895 1
0.1905 1
0.1915 1
0.1925 1
0.1935 1
0.1945 1
0.1955 1
0.1965 1
0.1975 1
0.1985 1
0.1995 1
0.2005 1
0.2015 1
0.2025 1
0.2035 1
0.2045 1
0.2055 1
0.2065 1
0.2075 1
0.2085 1
0.2095 1
0.2105 1
0.2115 1
0.2125 1
0.2135 1
0.2145 1
0.2155 1
0.2165 1
0.2175 1
0.2185 1
0.2195 1
0.2205 1
0.2215 1
0.2225 1
0.2235 1
0.2245 1
0.2255 1
0.2265 1
0.2275 1
0.2285 1
0.2295 1
0.2305 1
0.2315 1
0.2325 1
0.2335 1
0.2345 1
0.2355 1
0.2365 1
0.2375 1
0.2385 1
0.2395 1
0.2405 1
0.2415 1
0.2425 1
0.2435 1
0.2445 1
0.2455 1
0.2465 1
0.2475 1
0.2485 1
0.2495 1
0.2505 1
0.2515 1
0.2525 1
0.2535 1
0.2545 1
0.2555 1
0.2565 1
0.2575 1
0.2585 1
0.2595 1
0.2605 1
0.2615 1
0.2625 1
0.2635 1
0.2645 1
0.2655 1
0.2665 1
0.2675 1
0.2685 1
0.2695 1
0.2705 1
0.2715 1
0.2725 1
0.2735 1
0.2745 1
0.2755 1
0.2765 1
0.2775 1
0.2785 1
0.2795 1
0.2805 1
0.2815 1
0.2825 1
0.2835 1
0.2845 1
0.2855 1
0.2865 1
0.2875 1
0.2885 1
0.2895 1
0.2905 1
0.2915 1
0.2925 1
0.2935 1
0.2945 1
0.2955 1
0.2965 1
0.2975 1
0.2985 1
0.2995 1
0.3005 0.5
0.3015 0.5
0.3025 0.5
0.3035 0.5
0.3045 0.5
0.3055 0.5
0.3065 0.5
0.3075 0.5
0.3085 0.5
0.3095 0.5
0.3105 0.5
0.3115 0.5
0.3125 0.5
0.3135 0.5
0.3145 0.5
0.3155 0.5
0.3165 0.5
0.3175 0.5
0.3185 0.5
0.3195 0.5
0.3205 0.5
0.3215 0.5
0.3225 0.5
0.3235 0.5
0.3245 0.5
0.3255 0.5
0.3265 0.5
0.3275 0.5
0.3285 0.5
0.3295 0.5
0.3305 0.5
0.3315 0.5
0.3325 0.5
0.3335 0.5
0.3345 0.5
0.3355 0.5
0.3365 0.5
0.3375 0.5
0.3385 0.5
0.3395 0.5
0.3405 0.5
0.3415 0.5
0.3425 0.5
0.3435 0.5
0.3445 0.5
0.3455 0.5
0.3465 0.5
0.3475 0.5
0.3485 0.5
0.3495 0.5
0.3505 0.5
0.3515 0.5
0.3525 0.5
0.3535 0.5
0.3545 0.5
0.3555 0.5
0.3565 0.5
0.3575 0.5
0.3585 0.5
0.3595 0.5
0.3605 0.5
0.3615 0.5
0.3625 0.5
0.3635 0.5
0.3645 0.5
0.3655 0.5
0.3665 0.5
0.3675 0.5
0.3685 0.5
0.3695 0.5
0.3705 0.5
0.3715 0.5
0.3725 0.5
0.3735 0.5
0.3745 0.5
0.3755 0.5
0.3765 0.5
0.3775 0.5
0.3785 0.5
0.3795 0.5
0.3805 0.5
0.3815 0.5
0.3825 0.5
0.3835 0.5
0.3845 0.5
0.3855 0.5
0.3865 0.5
0.3875 0.5
0.3885 0.5
0.3895 0.5
0.3905 0.5
0.3915 0.5
0.3925 0.5
0.3935 0.5
0.3945 0.5
0.3955 0.5
0.3965 0.5
0.3975 0.5
0.3985 0.5
0.3995 0.5
0.4005 0.5
0.4015 0.5
0.4025 0.5
0.4035 0.5
0.4045 0.5
0.4055 0.5
0.4065 0.5
0.4075 0.5
0.4085 0.5
0.4095 0.5
0.4105 0.5
0.4115 0.5
0.4125 0.5
0.4135 0.5
0.4145 0.5
0.4155 0.5
0.4165 0.5
0.4175 0.5
0.4185 0.5
0.4195 0.5
0.4205 0.5
0.4215 0.5
0.4225 0.5
0.4235 0.5
0.4245 0.5
0.4255 0.5
0.4265 0.5
0.4275 0.5
0.4285 0.5
0.4295 0.5
0.4305 0.5
0.4315 0.5
0.4325 0.5
0.4335 0.5
0.4345 0.5
0.4355 0.5
0.4365 0.5
0.4375 0.5
0.4385 0.5
0.4395 0.5
0.4405 0.5
0.4415 0.5
0.4425 0.5
0.4435 0.5
0.4445 0.5
0.4455 0.5
0.4465 0.5
0.4475 0.5
0.4485 0.5
0.4495 0.5
0.4505 0.5
0.4515 0.5
0.4525 0.5
0.4535 0.5
0.4545 0.5
0.4555 0.5
0.4565 0.5
0.4575 0.5
0.4585 0.5
0.4595 0.5
0.4605 0.5
0.4615 0.5
0.4625 0.5
0.4635 0.5
0.4645 0.5
0.4655 0.5
0.4665 0.5
0.4675 0.5
0.4685 0.5
0.4695 0.5
0.4705 0.5
0.4715 0.5
0.4725 0.5
0.4735 0.5
0.4745 0.5
0.4755 0.5
0.4765 0.5
0.4775 0.5
0.4785 0.5
0.4795 0.5
0.4805 0.5
0.4815 0.5
0.4825 0.5
0.4835 0.5
0.4845 0.5
0.4855 0.5
0.4865 0.5
0.4875 0.5
0.4885 0.5
0.4895 0.5
0.4905 0.5
0.4915 0.5
0.4925 0.5
0.4935 0.5
0.4945 0.5
0.4955 0.5
0.4965 0.5
0.4975 0.5
0.4985 0.5
0.4995 0.5
0.5005 0.5
0.5015 0.5
0.5025 0.5
0.5035 0.5
0.5045 0.5
0.5055 0.5
0.5065 0.5
0.5075 0.5
0.5085 0.5
0.5095 0.5
0.5105 0.5
0.5115 0.5
0.5125 0.5
0.5135 0.5
0.5145 0.5
0.5155 0.5
0.5165 0.5
0.5175 0.5
0.5185 0.5
0.5195 0.5
0.5205 0.5
0.5215 0.5
0.5225 0.5
0.5235 0.5
0.5245 0.5
0.5255 0.5
0.5265 0.5
0.5275 0.5
0.5285 0.5
0.5295 0.5
0.5305 0.5
0.5315 0.5
0.5325 0.5
0.5335 0.5
0.5345 0.5
0.5355 0.5
0.5365 0.5
0.5375 0.5
0.5385 0.5
0.5395 0.5
0.5405 0.5
0.5415 0.5
0.5425 0.5
0.5435 0.5
0.5445 0.5
0.5455 0.5
0.5465 0.5
0.5475 0.5
0.5485 0.5
0.5495 0.5
0.5505 0.5
0.5515 0.5
0.5525 0.5
0.5535 0.5
0.5545 0.5
0.5555 0.5
0.5565 0.5
0.5575 0.5
0.5585 0.5
0.5595 0.5
0.5605 0.5
0.5615 0.5
0.5625 0.5
0.5635 0.5
0.5645 0.5
0.5655 0.5
0.5665 0.5
0.5675 0.5
0.5685 0.5
0.5695 0.5
0.5705 0.5
0.5715 0.5
0.5725 0.5
0.5735 0.5
0.5745 0.5
0.5755 0.5
0.5765 0.5
0.5775 0.5
0.5785 0.5
0.5795 0.5
0.5805 0.5
0.5815 0.5
0.5825 0.5
0.5835 0.5
0.5845 0.5
0.5855 0.5
0.5865 0.5
0.5875 0.5
0.5885 0.5
0.5895 0.5
0.5905 0.5
0.5915 0.5
0.5925 0.5
0.5935 0.5
0.5945 0.5
0.5955 0.5
0.5965 0.5
0.5975 0.5
0.5985 0.5
0.5995 0.5
0.6005 0
0.6015 0
0.6025 0
0.6035 0
0.6045 0
0.6055 0
0.6065 0
0.6075 0
0.6085 0
0.6095 0
0.6105 0
0.6115 0
0.6125 0
0.6135 0
0.6145 0
0.6155 0
0.6165 0
0.6175 0
0.6185 0
0.6195 0
0.6205 0
0.6215 0
0.6225 0
0.6235 0
0.6245 0
0.6255 0
0.6265 0
0.6275 0
0.6285 0
0.6295 0
0.6305 0
0.6315 0
0.6325 0
0.6335 0
0.6345 0
0.6355 0
0.6365 0
0.6375 0
0.6385 0
0.6395 0
0.6405 0
0.6415 0
0.6425 0
0.6435 0
0.6445 0
0.6455 0
0.6465 0
0.6475 0
0.6485 0
0.6495 0
0.6505 0
0.6515 0
0.6525 0
0.6535 0
0.6545 0
0.6555 0
0.6565 0
0.6575 0
0.6585 0
0.6595 0
0.6605 0
0.6615 0
0.6625 0
0.6635 0
0.6645 0
0.6655 0
0.6665 0
0.6675 0
0.6685 0
0.6695 0
0.6705 0
0.6715 0
0.6725 0
0.6735 0
0.6745 0
0.6755 0
0.6765 0
0.6775 0
0.6785 0
0.6795 0
0.6805 0
0.6815 0
0.6825 0
0.6835 0
0.6845 0
0.6855 0
0.6865 0
0.6875 0
0.6885 0
0.6895 0
0.6905 0
0.6915 0
0.6925 0
0.6935 0
0.6945 0
0.6955 0
0.6965 0
0.6975 0
0.6985 0
0.6995 0
0.7005 0
0.7015 0
0.7025 0
0.7035 0
0.7045 0
0.7055 0
0.7065 0
0.7075 0
0.7085 0
0.7095 0
0.7105 0
0.7115 0
0.7125 0
0.7135 0
0.7145 0
0.7155 0
0.7165 0
0.7175 0
0.7185 0
0.7195 0
0.7205 0
0.7215 0
0.7225 0
0.7235 0
0.7245 0
0.7255 0
0.7265 0
0.7275 0
0.7285 0
0.7295 0
0.7305 0
0.7315 0
0.7325 0
0.7335 0
0.7345 0
0.7355 0
0.7365 0
0.7375 0
0.7385 0
0.7395 0
0.7405 0
0.7415 0
0.7425 0
0.7435 0
0.7445 0
0.7455 0
0.7465 0
0.7475 0
0.7485 0
0.7495 0
0.7505 0
0.7515 0
0.7525 0
0.7535 0
0.7545 0
0.7555 0
0.7565 0
0.7575 0
0.7585 0
0.7595 0
0.7605 0
0.7615 0
0.7625 0
0.7635 0
0.7645 0
0.7655 0
0.7665 0
0.7675 0
0.7685 0
0.7695 0
0.7705 0
0.7715 0
0.7725 0
0.7735 0
0.7745 0
0.7755 0
0.7765 0
0.7775 0
0.7785 0
0.7795 0
0.7805 0
0.7815 0
0.7825 0
0.7835 0
0.7845 0
0.7855 0
0.7865 0
0.7875 0
0.7885 0
0.7895 0
0.7905 0
0.7915 0
0.7925 0
0.7935 0
0.7945 0
0.7955 0
0.7965 0
0.7975 0
0.7985 0
0.7995 0
0.8005 0
0.8015 0
0.8025 0
0.8035 0
0.8045 0
0.8055 0
0.8065 0
0.8075 0
0.8085 0
0.8095 0
0.8105 0
0.8115 0
0.8125 0
0.8135 0
0.8145 0
0.8155 0
0.8165 0
0.8175 0
0.8185 0
0.8195 0
0.8205 0
0.8215 0
0.8225 0
0.8235 0
0.8245 0
0.8255 0
0.8265 0
0.8275 0
0.8285 0
0.8295 0
0.8305 0
0.8315 0
0.8325 0
0.8335 0
0.8345 0
0.8355 0
0.8365 0
0.8375 0
0.8385 0
0.8395 0
0.8405 0
0.8415 0
0.8425 0
0.8435 0
0.8445 0
0.8455 0
0.8465 0
0.8475 0
0.8485 0
0.8495 0
0.8505 0
0.8515 0
0.8525 0
0.8535 0
0.8545 0
0.8555 0
0.8565 0
0.8575 0
0.8585 0
0.8595 0
0.8605 0
0.8615 0
0.8625 0
0.8635 0
0.8645 0
0.8655 0
0.8665 0
0.8675 0
0.8685 0
0.8695 0
0.8705 0
0.8715 0
0.8725 0
0.8735 0
0.8745 0
0.8755 0
0.8765 0
0.8775 0
0.8785 0
0.8795 0
0.8805 0
0.8815 0
0.8825 0
0.8835 0
0.8845 0
0.8855 0
0.8865 0
0.8875 0
0.8885 0
0.8895 0
0.8905 0
0.8915 0
0.8925 0
0.8935 0
0.8945 0
0.8955 0
0.8965 0
0.8975 0
0.8985 0
0.8995 0
0.9005 0
0.9015 0
0.9025 0
0.9035 0
0.9045 0
0.9055 0
0.9065 0
0.9075 0
0.9085 0
0.9095 0
0.9105 0
0.9115 0
0.9125 0
0.9135 0
0.9145 0
0.9155 0
0.9165 0
0.9175 0
0.9185 0
0.9195 0
0.9205 0
0.9215 0
0.9225 0
0.9235 0
0.9245 0
0.9255 0
0.9265 0
0.9275 0
0.9285 0
0.9295 0
0.9305 0
0.9315 0
0.9325 0
0.9335 0
0.9345 0
0.9355 0
0.9365 0
0.9375 0
0.9385 0
0.9395 0
0.9405 0
0.9415 0
0.9425 0
0.9435 0
0.9445 0
0.9455 0
0.9465 0
0.9475 0
0.9485 0
0.9495 0
0.9505 0
0.9515 0
0.9525 0
0.9535 0
0.9545 0
0.9555 0
0.9565 0
0.9575 0
0.9585 0
0.9595 0
0.9605 0
0.9615 0
0.9625 0
0.9635 0
0.9645 0
0.9655 0
0.9665 0
0.9675 0
0.9685 0
0.9695 0
0.9705 0
0.9715 0
0.9725 0
0.9735 0
0.9745 0
0.9755 0
0.9765 0
0.9775 0
0.9785 0
0.9795 0
0.9805 0
0.9815 0
0.9825 0
0.9835 0
0.9845 0
0.9855 0
0.9865 0
0.9875 0
0.9885 0
0.9895 0
0.9905 0
0.9915 0
0.9925 0
0.9935 0
0.9945 0
0.9955 0
0.9965 0
0.9975 0
0.9985 0
0.9995 0

# time= 0.25
0.0005 0.508366
0.0015 0.518896
0.0025 0.527546
0.0035 0.531858
0.0045 0.534135
0.0055 0.534368
0.0065 0.533032
0.0075 0.52929
0.0085 0.523065
0.0095 0.517003
0.0105 0.510478
0.0115 0.507165
0.0125 0.504044
0.0135 0.501637
0.0145 0.500856
0.0155 0.499862
0.0165 0.499492
0.0175 0.499351
0.0185 0.499336
0.0195 0.499412
0.0205 0.499571
0.0215 0.499918
0.0225 0.500251
0.0235 0.500506
0.0245 0.500891
0.0255 0.501024
0.0265 0.501377
0.0275 0.501588
0.0285 0.501722
0.0295 0.501791
0.0305 0.501839
0.0315 0.501792
0.0325 0.501706
0.0335 0.501538
0.0345 0.501396
0.0355 0.501057
0.0365 0.500855
0.0375 0.500786
0.0385 0.500737
0.0395 0.500807
0.0405 0.500844
0.0415 0.50091
0.0425 0.500655
0.0435 0.499453
0.0445 0.495134
0.0455 0.481763
0.0465 0.446106
0.0475 0.363163
0.0485 0.25272
0.0495 0.196523
0.0505 0.184314
0.0515 0.210854
0.0525 0.291282
0.0535 0.308944
0.0545 0.276124
0.0555 0.223333
0.0565 0.199792
0.0575 0.221345
0.0585 0.270156
0.0595 0.294287
0.0605 0.280571
0.0615 0.239121
0.0625 0.215665
0.0635 0.230489
0.0645 0.25334
0.0655 0.275386
0.0665 0.281923
0.0675 0.251599
0.0685 0.22775
0.0695 0.225037
0.0705 0.248434
0.0715 0.25977
0.0725 0.270468
0.0735 0.25495
0.0745 0.232264
0.0755 0.232512
0.0765 0.236499
0.0775 0.255714
0.0785 0.260591
0.0795 0.261563
0.0805 0.252949
0.0815 0.248716
0.0825 0.247805
0.0835 0.25424
0.0845 0.258394
0.0855 0.255708
0.0865 0.246461
0.0875 0.238297
0.0885 0.237684
0.0895 0.247616
0.0905 0.257623
0.0915 0.257601
0.0925 0.250392
0.0935 0.242741
0.0945 0.241505
0.0955 0.246486
0.0965 0.252623
0.0975 0.254244
0.0985 0.252363
0.0995 0.249009
0.1005 0.247849
0.1015 0.250158
0.1025 0.256661
0.1035 0.258451
0.1045 0.256356
0.1055 0.254774
0.1065 0.250283
0.1075 0.250629
0.1085 0.249338
0.1095 0.250795
0.1105 0.249719
0.1115 0.247285
0.1125 0.244552
0.1135 0.244493
0.1145 0.247192
0.1155 0.249606
0.1165 0.249079
0.1175 0.245083
0.1185 0.241638
0.1195 0.242099
0.1205 0.246937
0.1215 0.252475
0.1225 0.254159
0.1235 0.254387
0.1245 0.253742
0.1255 0.254046
0.1265 0.255239
0.1275 0.256422
0.1285 0.255119
0.1295 0.253861
0.1305 0.250398
0.1315 0.248082
0.1325 0.247348
0.1335 0.246783
0.1345 0.247887
0.1355 0.248141
0.1365 0.248978
0.1375 0.249125
0.1385 0.248887
0.1395 0.24873
0.1405 0.247987
0.1415 0.247886
0.1425 0.247596
0.1435 0.248663
0.1445 0.248962
0.1455 0.250708
0.1465 0.249826
0.1475 0.250256
0.1485 0.248871
0.1495 0.249131
0.1505 0.251323
0.1515 0.254739
0.1525 0.257495
0.1535 0.257348
0.1545 0.251142
0.1555 0.244643
0.1565 0.243383
0.1575 0.243899
0.1585 0.246381
0.1595 0.247732
0.1605 0.24799
0.1615 0.248199
0.1625 0.248166
0.1635 0.248984
0.1645 0.249271
0.1655 0.249549
0.1665 0.248684
0.1675 0.248696
0.1685 0.24923
0.1695 0.250132
0.1705 0.252346
0.1715 0.252062
0.1725 0.253466
0.1735 0.251382
0.1745 0.253969
0.1755 0.253579
0.1765 0.257218
0.1775 0.257944
0.1785 0.255174
0.1795 0.247744
0.1805 0.241453
0.1815 0.240316
0.1825 0.245087
0.1835 0.249972
0.1845 0.250496
0.1855 0.247711
0.1865 0.245541
0.1875 0.2449
0.1885 0.249306
0.1895 0.248859
0.1905 0.252864
0.1915 0.248543
0.1925 0.250934
0.1935 0.248951
0.1945 0.254257
0.1955 0.255792
0.1965 0.257609
0.1975 0.253476
0.1985 0.245747
0.1995 0.244121
0.2005 0.247525
0.2015 0.255321
0.2025 0.259744
0.2035 0.258148
0.2045 0.245152
0.2055 0.235044
0.2065 0.23835
0.2075 0.253261
0.2085 0.267733
0.2095 0.267847
0.2105 0.247636
0.2115 0.227009
0.2125 0.228145
0.2135 0.244099
0.2145 0.261258
0.2155 0.266249
0.2165 0.256076
0.2175 0.242121
0.2185 0.243775
0.2195 0.251709
0.2205 0.267478
0.2215 0.266439
0.2225 0.260115
0.2235 0.22465
0.2245 0.218548
0.2255 0.220694
0.2265 0.26488
0.2275 0.29334
0.2285 0.271739
0.2295 0.248225
0.2305 0.199548
0.2315 0.204169
0.2325 0.251544
0.2335 0.311765
0.2345 0.298847
0.2355 0.25468
0.2365 0.209146
0.2375 0.179592
0.2385 0.22632
0.2395 0.309455
0.2405 0.337092
0.2415 0.289214
0.2425 0.192558
0.2435 0.150185
0.2445 0.198312
0.2455 0.30499
0.2465 0.371356
0.2475 0.336533
0.2485 0.175647
0.2495 0.122311
0.2505 0.146007
0.2515 0.257626
0.2525 0.47745
0.2535 0.642558
0.2545 0.712851
0.2555 0.738924
0.2565 0.74735
0.2575 0.749743
0.2585 0.750326
0.2595 0.750396
0.2605 0.750399
0.2615 0.750368
0.2625 0.750393
0.2635 0.750428
0.2645 0.750529
0.2655 0.750698
0.2665 0.750769
0.2675 0.750853
0.2685 0.750897
0.2695 0.75092
0.2705 0.75087
0.2715 0.750848
0.2725 0.750771
0.2735 0.750682
0.2745 0.750569
0.2755 0.750476
0.2765 0.75027
0.2775 0.750085
0.2785 0.749906
0.2795 0.749777
0.2805 0.749717
0.2815 0.749674
0.2825 0.749684
0.2835 0.749757
0.2845 0.749947
0.2855 0.750245
0.2865 0.750802
0.2875 0.751506
0.2885 0.752834
0.2895 0.754767
0.2905 0.756681
0.2915 0.758753
0.2925 0.760608
0.2935 0.761564
0.2945 0.761958
0.2955 0.761804
0.2965 0.760864
0.2975 0.758468
0.2985 0.755398
0.2995 0.752161
0.3005 0.747839
0.3015 0.744602
0.3025 0.741532
0.3035 0.739136
0.3045 0.738196
0.3055 0.738042
0.3065 0.738436
0.3075 0.739392
0.3085 0.741247
0.3095 0.743319
0.3105 0.745233
0.3115 0.747166
0.3125 0.748494
0.3135 0.749198
0.3145 0.749755
0.3155 0.750053
0.3165 0.750243
0.3175 0.750316
0.3185 0.750326
0.3195 0.750283
0.3205 0.750223
0.3215 0.750094
0.3225 0.749915
0.3235 0.74973
0.3245 0.749524
0.3255 0.749431
0.3265 0.749318
0.3275 0.749229
0.3285 0.749152
0.3295 0.74913
0.3305 0.74908
0.3315 0.749103
0.3325 0.749147
0.3335 0.749231
0.3345 0.749302
0.3355 0.749471
0.3365 0.749572
0.3375 0.749607
0.3385 0.749631
0.3395 0.749592
0.3405 0.749552
0.3415 0.749415
0.3425 0.749088
0.3435 0.747897
0.3445 0.74379
0.3455 0.731078
0.3465 0.69631
0.3475 0.614287
0.3485 0.505056
0.3495 0.449484
0.3505 0.437997
0.3515 0.464774
0.3525 0.545244
0.3535 0.562416
0.3545 0.528864
0.3555 0.475002
0.3565 0.450399
0.3575 0.471249
0.3585 0.519039
0.3595 0.54276
0.3605 0.528875
0.3615 0.487216
0.3625 0.46394
0.3635 0.478658
0.3645 0.501339
0.3655 0.523461
0.3665 0.529841
0.3675 0.499945
0.3685 0.476615
0.3695 0.474607
0.3705 0.499306
0.3715 0.511192
0.3725 0.522244
0.3735 0.509595
0.3745 0.48919
0.3755 0.486708
0.3765 0.488527
0.3775 0.504473
0.3785 0.506034
0.3795 0.506435
0.3805 0.498465
0.3815 0.494737
0.3825 0.494144
0.3835 0.501888
0.3845 0.507707
0.3855 0.505631
0.3865 0.497619
0.3875 0.489814
0.3885 0.489515
0.3895 0.499992
0.3905 0.510238
0.3915 0.510159
0.3925 0.502868
0.3935 0.495582
0.3945 0.493469
0.3955 0.49866
0.3965 0.505464
0.3975 0.505232
0.3985 0.502666
0.3995 0.498944
0.4005 0.495365
0.4015 0.495529
0.4025 0.497737
0.4035 0.498626
0.4045 0.499406
0.4055 0.49937
0.4065 0.498312
0.4075 0.500463
0.4085 0.499919
0.4095 0.502581
0.4105 0.500196
0.4115 0.500711
0.4125 0.498139
0.4135 0.499941
0.4145 0.500004
0.4155 0.502488
0.4165 0.501661
0.4175 0.5016
0.4185 0.499132
0.4195 0.49895
0.4205 0.500556
0.4215 0.502556
0.4225 0.503281
0.4235 0.502194
0.4245 0.500343
0.4255 0.498748
0.4265 0.497972
0.4275 0.498518
0.4285 0.498926
0.4295 0.499747
0.4305 0.500367
0.4315 0.500356
0.4325 0.500638
0.4335 0.499749
0.4345 0.500036
0.4355 0.498781
0.4365 0.499161
0.4375 0.498425
0.4385 0.499656
0.4395 0.500018
0.4405 0.501644
0.4415 0.502396
0.4425 0.50253
0.4435 0.501724
0.4445 0.500589
0.4455 0.500069
0.4465 0.499921
0.4475 0.499858
0.4485 0.500022
0.4495 0.499934
0.4505 0.500066
0.4515 0.499978
0.4525 0.500142
0.4535 0.500079
0.4545 0.499931
0.4555 0.499411
0.4565 0.498276
0.4575 0.49747
0.4585 0.497604
0.4595 0.498356
0.4605 0.499982
0.4615 0.500344
0.4625 0.501575
0.4635 0.500839
0.4645 0.501219
0.4655 0.499964
0.4665 0.500251
0.4675 0.499362
0.4685 0.499644
0.4695 0.499633
0.4705 0.500253
0.4715 0.501074
0.4725 0.501482
0.4735 0.502028
0.4745 0.501252
0.4755 0.499657
0.4765 0.497806
0.4775 0.496719
0.4785 0.497444
0.4795 0.499444
0.4805 0.50105
0.4815 0.500868
0.4825 0.4984
0.4835 0.498339
0.4845 0.497512
0.4855 0.499996
0.4865 0.500059
0.4875 0.501861
0.4885 0.499289
0.4895 0.499804
0.4905 0.497419
0.4915 0.500081
0.4925 0.499537
0.4935 0.501688
0.4945 0.50063
0.4955 0.500594
0.4965 0.501374
0.4975 0.502263
0.4985 0.504471
0.4995 0.504635
0.5005 0.501056
0.5015 0.497334
0.5025 0.494768
0.5035 0.494536
0.5045 0.50134
0.5055 0.506531
0.5065 0.504418
0.5075 0.497132
0.5085 0.489841
0.5095 0.489762
0.5105 0.500008
0.5115 0.510485
0.5125 0.510186
0.5135 0.502381
0.5145 0.494369
0.5155 0.492293
0.5165 0.498112
0.5175 0.505856
0.5185 0.505263
0.5195 0.501535
0.5205 0.493565
0.5215 0.493966
0.5225 0.495527
0.5235 0.511473
0.5245 0.513292
0.5255 0.51081
0.5265 0.490405
0.5275 0.477756
0.5285 0.488808
0.5295 0.500694
0.5305 0.525393
0.5315 0.523385
0.5325 0.500055
0.5335 0.470159
0.5345 0.476539
0.5355 0.498661
0.5365 0.521342
0.5375 0.53606
0.5385 0.512784
0.5395 0.471125
0.5405 0.45724
0.5415 0.480961
0.5425 0.528751
0.5435 0.549601
0.5445 0.524998
0.5455 0.471136
0.5465 0.437584
0.5475 0.454756
0.5485 0.535226
0.5495 0.562003
0.5505 0.550516
0.5515 0.494944
0.5525 0.385713
0.5535 0.30369
0.5545 0.268922
0.5555 0.25621
0.5565 0.252103
0.5575 0.250912
0.5585 0.250585
0.5595 0.250448
0.5605 0.250408
0.5615 0.250369
0.5625 0.250393
0.5635 0.250428
0.5645 0.250529
0.5655 0.250698
0.5665 0.250769
0.5675 0.250853
0.5685 0.250897
0.5695 0.25092
0.5705 0.25087
0.5715 0.250848
0.5725 0.250771
0.5735 0.250682
0.5745 0.250569
0.5755 0.250476
0.5765 0.25027
0.5775 0.250085
0.5785 0.249906
0.5795 0.249777
0.5805 0.249717
0.5815 0.249674
0.5825 0.249684
0.5835 0.249757
0.5845 0.249947
0.5855 0.250245
0.5865 0.250802
0.5875 0.251506
0.5885 0.252834
0.5895 0.254767
0.5905 0.256681
0.5915 0.258753
0.5925 0.260608
0.5935 0.261564
0.5945 0.261958
0.5955 0.261804
0.5965 0.260864
0.5975 0.258468
0.5985 0.255398
0.5995 0.252161
0.6005 0.247839
0.6015 0.244602
0.6025 0.241532
0.6035 0.239136
0.6045 0.238196
0.6055 0.238042
0.6065 0.238436
0.6075 0.239392
0.6085 0.241247
0.6095 0.243319
0.6105 0.245233
0.6115 0.247166
0.6125 0.248494
0.6135 0.249198
0.6145 0.249755
0.6155 0.250053
0.6165 0.250243
0.6175 0.250316
0.6185 0.250326
0.6195 0.250283
0.6205 0.250223
0.6215 0.250094
0.6225 0.249915
0.6235 0.24973
0.6245 0.249524
0.6255 0.249431
0.6265 0.249318
0.6275 0.249229
0.6285 0.249152
0.6295 0.24913
0.6305 0.24908
0.6315 0.249103
0.6325 0.249147
0.6335 0.249231
0.6345 0.249302
0.6355 0.249471
0.6365 0.249572
0.6375 0.249607
0.6385 0.249631
0.6395 0.249595
0.6405 0.249569
0.6415 0.249502
0.6425 0.249478
0.6435 0.249481
0.6445 0.249552
0.6455 0.249775
0.6465 0.250069
0.6475 0.250351
0.6485 0.250772
0.6495 0.250978
0.6505 0.251226
0.6515 0.251337
0.6525 0.251319
0.6535 0.251213
0.6545 0.251034
0.6555 0.250579
0.6565 0.250101
0.6575 0.249856
0.6585 0.249641
0.6595 0.249517
0.6605 0.249428
0.6615 0.249384
0.6625 0.249353
0.6635 0.249324
0.6645 0.249332
0.6655 0.249304
0.6665 0.249412
0.6675 0.249457
0.6685 0.249781
0.6695 0.249987
0.6705 0.250538
0.6715 0.250827
0.6725 0.251362
0.6735 0.251485
0.6745 0.251561
0.6755 0.25124
0.6765 0.250312
0.6775 0.249222
0.6785 0.248687
0.6795 0.248356
0.6805 0.248225
0.6815 0.248379
0.6825 0.248849
0.6835 0.249384
0.6845 0.249848
0.6855 0.250107
0.6865 0.25043
0.6875 0.250502
0.6885 0.250763
0.6895 0.250718
0.6905 0.250867
0.6915 0.250765
0.6925 0.25082
0.6935 0.250751
0.6945 0.250796
0.6955 0.250797
0.6965 0.25079
0.6975 0.250675
0.6985 0.250413
0.6995 0.249838
0.7005 0.248967
0.7015 0.248183
0.7025 0.247453
0.7035 0.247177
0.7045 0.24749
0.7055 0.248293
0.7065 0.248864
0.7075 0.250009
0.7085 0.250494
0.7095 0.250744
0.7105 0.250669
0.7115 0.250971
0.7125 0.250729
0.7135 0.251212
0.7145 0.251132
0.7155 0.25169
0.7165 0.2517
0.7175 0.252053
0.7185 0.251945
0.7195 0.251874
0.7205 0.251611
0.7215 0.251021
0.7225 0.25036
0.7235 0.249527
0.7245 0.248103
0.7255 0.24745
0.7265 0.246611
0.7275 0.246535
0.7285 0.247089
0.7295 0.248937
0.7305 0.250667
0.7315 0.251127
0.7325 0.251213
0.7335 0.25078
0.7345 0.250322
0.7355 0.250165
0.7365 0.250177
0.7375 0.250306
0.7385 0.250634
0.7395 0.250926
0.7405 0.25142
0.7415 0.251709
0.7425 0.252636
0.7435 0.254772
0.7445 0.263205
0.7455 0.288317
0.7465 0.358404
0.7475 0.521899
0.7485 0.740872
0.7495 0.850765
0.7505 0.873653
0.7515 0.819041
0.7525 0.658244
0.7535 0.624516
0.7545 0.693942
0.7555 0.802612
0.7565 0.85231
0.7575 0.810033
0.7585 0.711455
0.7595 0.66301
0.7605 0.691537
0.7615 0.776043
0.7625 0.82303
0.7635 0.792782
0.7645 0.746809
0.7655 0.70224
0.7665 0.688885
0.7675 0.749306
0.7685 0.795264
0.7695 0.799939
0.7705 0.754086
0.7715 0.728265
0.7725 0.707156
0.7735 0.733984
0.7745 0.773962
0.7755 0.777565
0.7765 0.771151
0.7775 0.736213
0.7785 0.729803
0.7795 0.734556
0.7805 0.749233
0.7815 0.761795
0.7825 0.759639
0.7835 0.744617
0.7845 0.737973
0.7855 0.739648
0.7865 0.760702
0.7875 0.773764
0.7885 0.762809
0.7895 0.756459
0.7905 0.733352
0.7915 0.732549
0.7925 0.750171
0.7935 0.770354
0.7945 0.770358
0.7955 0.747803
0.7965 0.723827
0.7975 0.723287
0.7985 0.743949
0.7995 0.767855
0.8005 0.770881
0.8015 0.755899
0.8025 0.738438
0.8035 0.741734
0.8045 0.742872
0.8055 0.755386
0.8065 0.752811
0.8075 0.751052
0.8085 0.745411
0.8095 0.743248
0.8105 0.752383
0.8115 0.755608
0.8125 0.760613
0.8135 0.754347
0.8145 0.747482
0.8155 0.741328
0.8165 0.750552
0.8175 0.75471
0.8185 0.764399
0.8195 0.754996
0.8205 0.742336
0.8215 0.735125
0.8225 0.735585
0.8235 0.754495
0.8245 0.760388
0.8255 0.75851
0.8265 0.743266
0.8275 0.730408
0.8285 0.739519
0.8295 0.752217
0.8305 0.77396
0.8315 0.77277
0.8325 0.750118
0.8335 0.7194
0.8345 0.726801
0.8355 0.749675
0.8365 0.773463
0.8375 0.789609
0.8385 0.76563
0.8395 0.721459
0.8405 0.706451
0.8415 0.731489
0.8425 0.782163
0.8435 0.804761
0.8445 0.778742
0.8455 0.721431
0.8465 0.684003
0.8475 0.698304
0.8485 0.778503
0.8495 0.807613
0.8505 0.79702
0.8515 0.744575
0.8525 0.635509
0.8535 0.555542
0.8545 0.520569
0.8555 0.509125
0.8565 0.504793
0.8575 0.504102
0.8585 0.50316
0.8595 0.502788
0.8605 0.501843
0.8615 0.501266
0.8625 0.500612
0.8635 0.500355
0.8645 0.50033
0.8655 0.500643
0.8665 0.501559
0.8675 0.502425
0.8685 0.502254
0.8695 0.501335
0.8705 0.497873
0.8715 0.494178
0.8725 0.49307
0.8735 0.493222
0.8745 0.494899
0.8755 0.496207
0.8765 0.499054
0.8775 0.500719
0.8785 0.502041
0.8795 0.503222
0.8805 0.503747
0.8815 0.503891
0.8825 0.504106
0.8835 0.5034
0.8845 0.50338
0.8855 0.502265
0.8865 0.502425
0.8875 0.501457
0.8885 0.501942
0.8895 0.501338
0.8905 0.501488
0.8915 0.500987
0.8925 0.500018
0.8935 0.497728
0.8945 0.496586
0.8955 0.494979
0.8965 0.494354
0.8975 0.494906
0.8985 0.496366
0.8995 0.497933
0.9005 0.499677
0.9015 0.500826
0.9025 0.50135
0.9035 0.50158
0.9045 0.501593
0.9055 0.501592
0.9065 0.501501
0.9075 0.50164
0.9085 0.501531
0.9095 0.501734
0.9105 0.501436
0.9115 0.501526
0.9125 0.501004
0.9135 0.500859
0.9145 0.500213
0.9155 0.499695
0.9165 0.498767
0.9175 0.497698
0.9185 0.496757
0.9195 0.496449
0.9205 0.496712
0.9215 0.497373
0.9225 0.498444
0.9235 0.500623
0.9245 0.502481
0.9255 0.503122
0.9265 0.502969
0.9275 0.502724
0.9285 0.501653
0.9295 0.501075
0.9305 0.499973
0.9315 0.499563
0.9325 0.498914
0.9335 0.498823
0.9345 0.498607
0.9355 0.498665
0.9365 0.498648
0.9375 0.498705
0.9385 0.498769
0.9395 0.498856
0.9405 0.499034
0.9415 0.499283
0.9425 0.499712
0.9435 0.500201
0.9445 0.501159
0.9455 0.502068
0.9465 0.502425
0.9475 0.502637
0.9485 0.502674
0.9495 0.502453
0.9505 0.501955
0.9515 0.501544
0.9525 0.500702
0.9535 0.500139
0.9545 0.499549
0.9555 0.499104
0.9565 0.498963
0.9575 0.498955
0.9585 0.499003
0.9595 0.499139
0.9605 0.49919
0.9615 0.499262
0.9625 0.499214
0.9635 0.499145
0.9645 0.498943
0.9655 0.498604
0.9665 0.498462
0.9675 0.498294
0.9685 0.498208
0.9695 0.498161
0.9705 0.498209
0.9715 0.498278
0.9725 0.498412
0.9735 0.498623
0.9745 0.498976
0.9755 0.499109
0.9765 0.499494
0.9775 0.499749
0.9785 0.500082
0.9795 0.500429
0.9805 0.500588
0.9815 0.500664
0.9825 0.500649
0.9835 0.500508
0.9845 0.500138
0.9855 0.499144
0.9865 0.498363
0.9875 0.495956
0.9885 0.492835
0.9895 0.489522
0.9905 0.482997
0.9915 0.476935
0.9925 0.47071
0.9935 0.466968
0.9945 0.465632
0.9955 0.465865
0.9965 0.468142
0.9975 0.472454
0.9985 0.481104
0.9995 0.491634

# time= 0.5
0.0005 0.502373
0.0015 0.505242
0.0025 0.509566
0.0035 0.512497
0.0045 0.513936
0.0055 0.515302
0.0065 0.515947
0.0075 0.516177
0.0085 0.515857
0.0095 0.515293
0.0105 0.514212
0.0115 0.511942
0.0125 0.510303
0.0135 0.508238
0.0145 0.506174
0.0155 0.504791
0.0165 0.503981
0.0175 0.502797
0.0185 0.502342
0.0195 0.501524
0.0205 0.501349
0.0215 0.500775
0.0225 0.500416
0.0235 0.500458
0.0245 0.500075
0.0255 0.500314
0.0265 0.500153
0.0275 0.500347
0.0285 0.500627
0.0295 0.500552
0.0305 0.500987
0.0315 0.500753
0.0325 0.501059
0.0335 0.50122
0.0345 0.501577
0.0355 0.501923
0.0365 0.501925
0.0375 0.501831
0.0385 0.501079
0.0395 0.500645
0.0405 0.500657
0.0415 0.501205
0.0425 0.501035
0.0435 0.501358
0.0445 0.500217
0.0455 0.500065
0.0465 0.499238
0.0475 0.498936
0.0485 0.499246
0.0495 0.498223
0.0505 0.498677
0.0515 0.497741
0.0525 0.498268
0.0535 0.498964
0.0545 0.499093
0.0555 0.499999
0.0565 0.498769
0.0575 0.498905
0.0585 0.498338
0.0595 0.499219
0.0605 0.501517
0.0615 0.502265
0.0625 0.501181
0.0635 0.500764
0.0645 0.498874
0.0655 0.499578
0.0665 0.50106
0.0675 0.502377
0.0685 0.503049
0.0695 0.499886
0.0705 0.499811
0.0715 0.497615
0.0725 0.499247
0.0735 0.502512
0.0745 0.500227
0.0755 0.501089
0.0765 0.496209
0.0775 0.496722
0.0785 0.499184
0.0795 0.501238
0.0805 0.50575
0.0815 0.500935
0.0825 0.497366
0.0835 0.494993
0.0845 0.495383
0.0855 0.503716
0.0865 0.506504
0.0875 0.504134
0.0885 0.502305
0.0895 0.489333
0.0905 0.4934
0.0915 0.497087
0.0925 0.502928
0.0935 0.503044
0.0945 0.482783
0.0955 0.460435
0.0965 0.395402
0.0975 0.327216
0.0985 0.301974
0.0995 0.265964
0.1005 0.236251
0.1015 0.200595
0.1025 0.174837
0.1035 0.106243
0.1045 0.0407582
0.1055 0.0181256
0.1065 -0.00255255
0.1075 -0.00173895
0.1085 0.00226947
0.1095 0.00491228
0.1105 0.00925597
0.1115 -0.00423106
0.1125 -0.00610052
0.1135 -0.00872181
0.1145 -0.00580187
0.1155 0.00278149
0.1165 0.00342959
0.1175 0.00117399
0.1185 -0.00207426
0.1195 -0.00658128
0.1205 -0.00163732
0.1215 0.000893632
0.1225 0.00376151
0.1235 0.00471018
0.1245 1.90216e-05
0.1255 0.00104965
0.1265 -0.001081
0.1275 0.002137
0.1285 0.00365316
0.1295 0.00137278
0.1305 0.0012043
0.1315 -0.00223907
0.1325 -0.00151563
0.1335 -0.000688756
0.1345 7.69309e-05
0.1355 0.00107905
0.1365 -0.00106476
0.1375 -0.00155558
0.1385 -0.00274307
0.1395 -0.00212679
0.1405 2.33348e-06
0.1415 0.000801365
0.1425 0.000169169
0.1435 0.000231722
0.1445 -0.00106608
0.1455 -0.000191953
0.1465 -0.000130227
0.1475 0.000560018
0.1485 0.0010309
0.1495 0.000103617
0.1505 0.000535182
0.1515 -0.000486993
0.1525 -0.000177331
0.1535 -0.000476575
0.1545 -0.00125355
0.1555 -0.00141555
0.1565 -0.00241863
0.1575 -0.00201426
0.1585 -0.00197744
0.1595 -0.00112339
0.1605 -0.000833624
0.1615 -0.000927172
0.1625 -0.00128857
0.1635 -0.00123731
0.1645 -0.000956056
0.1655 -0.00028958
0.1665 0.000389628
0.1675 0.000790715
0.1685 0.00121194
0.1695 0.00113326
0.1705 0.0015901
0.1715 0.00145908
0.1725 0.00163247
0.1735 0.00160526
0.1745 0.00120861
0.1755 0.00114461
0.1765 0.000650945
0.1775 0.000287964
0.1785 -0.000497721
0.1795 -0.00120917
0.1805 -0.00139966
0.1815 -0.00168165
0.1825 -0.00138101
0.1835 -0.0013951
0.1845 -0.000973223
0.1855 -0.000785553
0.1865 -0.000631906
0.1875 -0.000522501
0.1885 -0.000466482
0.1895 -0.000323333
0.1905 -0.000116864
0.1915 0.000394979
0.1925 0.000855722
0.1935 0.00109148
0.1945 0.00111557
0.1955 0.00124215
0.1965 0.00115634
0.1975 0.0010825
0.1985 0.000808528
0.1995 0.000540132
0.2005 0.000397115
0.2015 8.33135e-06
0.2025 -0.000171752
0.2035 -0.000562926
0.2045 -0.000744179
0.2055 -0.000924059
0.2065 -0.000947422
0.2075 -0.000819481
0.2085 -0.000400864
0.2095 4.95786e-05
0.2105 0.000155218
0.2115 0.000287302
0.2125 0.000202875
0.2135 0.000250281
0.2145 0.000150052
0.2155 0.000194106
0.2165 0.000186509
0.2175 0.000212897
0.2185 0.000220486
0.2195 0.000136424
0.2205 6.90829e-05
0.2215 -0.000108357
0.2225 -0.00023936
0.2235 -0.000563241
0.2245 -0.000848802
0.2255 -0.000994715
0.2265 -0.00109728
0.2275 -0.00112109
0.2285 -0.00111002
0.2295 -0.000962872
0.2305 -0.000703591
0.2315 -0.000436679
0.2325 3.19168e-05
0.2335 0.000318212
0.2345 0.000796709
0.2355 0.0010119
0.2365 0.00138455
0.2375 0.00155536
0.2385 0.00157083
0.2395 0.00150088
0.2405 0.00134631
0.2415 0.00105182
0.2425 0.000615756
0.2435 0.000331332
0.2445 -5.90329e-05
0.2455 -0.000694585
0.2465 -0.00117376
0.2475 -0.00165976
0.2485 -0.0019232
0.2495 -0.00222007
0.2505 -0.0023775
0.2515 -0.00241203
0.2525 -0.00237737
0.2535 -0.00225666
0.2545 -0.00194414
0.2555 -0.00156487
0.2565 -0.00103802
0.2575 -0.000321744
0.2585 0.000709094
0.2595 0.00163209
0.2605 0.00231374
0.2615 0.00279351
0.2625 0.00297409
0.2635 0.00309272
0.2645 0.00305158
0.2655 0.00287352
0.2665 0.00250672
0.2675 0.00196021
0.2685 0.0013287
0.2695 0.000519008
0.2705 -0.000154358
0.2715 -0.000623728
0.2725 -0.0010999
0.2735 -0.00145027
0.2745 -0.00159011
0.2755 -0.00168652
0.2765 -0.00168268
0.2775 -0.00156266
0.2785 -0.00134193
0.2795 -0.000917732
0.2805 -0.000387859
0.2815 0.000599285
0.2825 0.00168242
0.2835 0.0022124
0.2845 0.00329959
0.2855 0.00424957
0.2865 0.00481376
0.2875 0.0055957
0.2885 0.00597721
0.2895 0.00616726
0.2905 0.00630569
0.2915 0.00632287
0.2925 0.00620374
0.2935 0.00592394
0.2945 0.00555064
0.2955 0.00478333
0.2965 0.00376179
0.2975 0.00192472
0.2985 -7.02405e-05
0.2995 -0.00111389
0.3005 -0.00299548
0.3015 -0.00472344
0.3025 -0.00544058
0.3035 -0.00589866
0.3045 -0.00605984
0.3055 -0.00602093
0.3065 -0.00564529
0.3075 -0.00511611
0.3085 -0.00429502
0.3095 -0.00324532
0.3105 -0.00254101
0.3115 -0.00170121
0.3125 -0.00116411
0.3135 -0.000855868
0.3145 -0.000701197
0.3155 -0.00066928
0.3165 -0.000725343
0.3175 -0.000862401
0.3185 -0.00104946
0.3195 -0.00137299
0.3205 -0.00173993
0.3215 -0.00191768
0.3225 -0.00207721
0.3235 -0.00217601
0.3245 -0.00221492
0.3255 -0.00219868
0.3265 -0.00212482
0.3275 -0.00195512
0.3285 -0.00178658
0.3295 -0.00134848
0.3305 -0.000732252
0.3315 -8.33277e-05
0.3325 0.000747794
0.3335 0.0013759
0.3345 0.00182167
0.3355 0.00203315
0.3365 0.00206102
0.3375 0.0018393
0.3385 0.0015729
0.3395 0.000986506
0.3405 0.000584498
0.3415 -0.000116045
0.3425 -0.000464886
0.3435 -0.00112201
0.3445 -0.00155471
0.3455 -0.00163134
0.3465 -0.00175107
0.3475 -0.00159664
0.3485 -0.00152174
0.3495 -0.00122915
0.3505 -0.00107152
0.3515 -0.000807909
0.3525 -0.000539552
0.3535 -0.000213523
0.3545 0.000214965
0.3555 0.000615085
0.3565 0.000799619
0.3575 0.00120829
0.3585 0.00145268
0.3595 0.00164793
0.3605 0.00179062
0.3615 0.00178103
0.3625 0.00159057
0.3635 0.00135265
0.3645 0.000777789
0.3655 0.000392788
0.3665 -0.000358007
0.3675 -0.000709415
0.3685 -0.00139461
0.3695 -0.00176862
0.3705 -0.0018434
0.3715 -0.00182727
0.3725 -0.00166504
0.3735 -0.00140923
0.3745 -0.00111488
0.3755 -0.000711322
0.3765 -0.000378652
0.3775 -0.000168417
0.3785 -7.76251e-05
0.3795 0.000140444
0.3805 0.000158484
0.3815 0.000290022
0.3825 0.000344896
0.3835 0.000418223
0.3845 0.000660877
0.3855 0.000749372
0.3865 0.00122778
0.3875 0.0013244
0.3885 0.00166026
0.3895 0.00151119
0.3905 0.00123677
0.3915 0.000294639
0.3925 -0.00064996
0.3935 -0.00128178
0.3945 -0.00158902
0.3955 -0.00160368
0.3965 -0.00165533
0.3975 -0.00130758
0.3985 -0.00132025
0.3995 -0.000853003
0.4005 -0.00081453
0.4015 -0.000463544
0.4025 -0.000241015
0.4035 -0.000119807
0.4045 0.000281006
0.4055 0.00024532
0.4065 0.000572082
0.4075 0.000497704
0.4085 0.000539175
0.4095 0.000539288
0.4105 0.000549639
0.4115 0.000871378
0.4125 0.00110905
0.4135 0.00134517
0.4145 0.00130279
0.4155 0.000931294
0.4165 -2.13936e-05
0.4175 -0.000214467
0.4185 -0.00121353
0.4195 -0.000940271
0.4205 -0.00127746
0.4215 -0.000943931
0.4225 -0.000556508
0.4235 -0.000650239
0.4245 0.000194497
0.4255 -9.13198e-05
0.4265 0.000452817
0.4275 0.000469803
0.4285 0.000331147
0.4295 0.000853512
0.4305 0.000409915
0.4315 0.00127382
0.4325 0.000975106
0.4335 0.000992067
0.4345 0.000636072
0.4355 -1.66025e-05
0.4365 0.000121341
0.4375 0.000259664
0.4385 0.0013759
0.4395 0.00159886
0.4405 0.00110258
0.4415 -0.000716116
0.4425 -0.00113287
0.4435 -0.00242998
0.4445 -0.000879074
0.4455 -0.0011295
0.4465 -0.000182533
0.4475 -0.000213412
0.4485 -0.00115491
0.4495 0.000601667
0.4505 -0.00036921
0.4515 0.0015196
0.4525 0.000699205
0.4535 -0.000447156
0.4545 -0.000299269
0.4555 -0.0017697
0.4565 0.0011422
0.4575 0.00145467
0.4585 0.0029303
0.4595 0.00147682
0.4605 -0.00239276
0.4615 -0.00334355
0.4625 -0.00126692
0.4635 -0.000248332
0.4645 0.00354244
0.4655 0.0024494
0.4665 -0.00107351
0.4675 -0.0042837
0.4685 -0.00556839
0.4695 0.000431814
0.4705 0.000354383
0.4715 0.00452987
0.4725 0.000996254
0.4735 -0.00570728
0.4745 -0.0011734
0.4755 -0.00288965
0.4765 0.00684728
0.4775 0.00608597
0.4785 0.00125423
0.4795 -0.00260601
0.4805 -0.01165
0.4815 -0.00177487
0.4825 0.00525069
0.4835 0.0102148
0.4845 0.00908785
0.4855 -0.00819982
0.4865 -0.0141194
0.4875 -0.00954924
0.4885 -0.00602586
0.4895 0.0198343
0.4905 0.0115753
0.4915 0.00441611
0.4925 -0.00677889
0.4935 -0.00697072
0.4945 0.033919
0.4955 0.0789909
0.4965 0.209804
0.4975 0.347035
0.4985 0.39836
0.4995 0.470354
0.5005 0.53028
0.5015 0.602335
0.5025 0.653497
0.5035 0.790545
0.5045 0.921196
0.5055 0.966189
0.5065 1.00696
0.5075 1.00678
0.5085 0.995424
0.5095 0.988201
0.5105 0.979974
0.5115 1.00583
0.5125 1.00936
0.5135 1.01393
0.5145 1.00802
0.5155 0.990721
0.5165 0.989547
0.5175 0.994512
0.5185 1.00154
0.5195 1.01139
0.5205 1.00239
0.5215 0.998588
0.5225 0.993797
0.5235 0.99312
0.5245 1.0029
0.5255 1.00124
0.5265 1.0058
0.5275 0.999134
0.5285 0.995618
0.5295 0.999787
0.5305 0.999712
0.5315 1.00569
0.5325 1.00437
0.5335 1.00115
0.5345 0.997589
0.5355 0.996446
0.5365 1.00011
0.5375 1.00103
0.5385 1.00307
0.5395 1.0019
0.5405 0.997829
0.5415 0.996347
0.5425 0.997826
0.5435 0.998085
0.5445 1.00108
0.5455 0.999714
0.5465 1.00001
0.5475 0.999035
0.5485 0.998418
0.5495 1.00053
0.5505 0.999786
0.5515 1.00174
0.5525 1.00091
0.5535 1.001
0.5545 1.00207
0.5555 1.00173
0.5565 1.00321
0.5575 1.00177
0.5585 1.00119
0.5595 0.999186
0.5605 0.998594
0.5615 0.998632
0.5625 0.999483
0.5635 0.999702
0.5645 0.999851
0.5655 0.999262
0.5665 0.999003
0.5675 0.999133
0.5685 0.99897
0.5695 1.00001
0.5705 0.999725
0.5715 1.0004
0.5725 1.00049
0.5735 1.00074
0.5745 1.00139
0.5755 1.00125
0.5765 1.00217
0.5775 1.00214
0.5785 1.00262
0.5795 1.00299
0.5805 1.00269
0.5815 1.00299
0.5825 1.00198
0.5835 1.00183
0.5845 1.00087
0.5855 1.00076
0.5865 1.00078
0.5875 1.00171
0.5885 1.00271
0.5895 1.00328
0.5905 1.0038
0.5915 1.00403
0.5925 1.00425
0.5935 1.0042
0.5945 1.00436
0.5955 1.00401
0.5965 1.00388
0.5975 1.00331
0.5985 1.0025
0.5995 1.00172
0.6005 1.00081
0.6015 1.00002
0.6025 0.999583
0.6035 0.998735
0.6045 0.997865
0.6055 0.996975
0.6065 0.99597
0.6075 0.994956
0.6085 0.994167
0.6095 0.993443
0.6105 0.99318
0.6115 0.993501
0.6125 0.994393
0.6135 0.994904
0.6145 0.995741
0.6155 0.996436
0.6165 0.997591
0.6175 0.998413
0.6185 0.998753
0.6195 0.999281
0.6205 0.999643
0.6215 0.999905
0.6225 1.00007
0.6235 1.0004
0.6245 1.00054
0.6255 1.00084
0.6265 1.00104
0.6275 1.00112
0.6285 1.00108
0.6295 1.00103
0.6305 1.00064
0.6315 1.00037
0.6325 0.99961
0.6335 0.999176
0.6345 0.998257
0.6355 0.997868
0.6365 0.997157
0.6375 0.997035
0.6385 0.996838
0.6395 0.997042
0.6405 0.997476
0.6415 0.998147
0.6425 0.999239
0.6435 1.00034
0.6445 1.00083
0.6455 1.00114
0.6465 1.00128
0.6475 1.00136
0.6485 1.00137
0.6495 1.00144
0.6505 1.00147
0.6515 1.00166
0.6525 1.00175
0.6535 1.00192
0.6545 1.00192
0.6555 1.00185
0.6565 1.0015
0.6575 1.0009
0.6585 1.00016
0.6595 0.999442
0.6605 0.999088
0.6615 0.99838
0.6625 0.998296
0.6635 0.997983
0.6645 0.998139
0.6655 0.998351
0.6665 0.998976
0.6675 0.999299
0.6685 0.999939
0.6695 1.00038
0.6705 1.00083
0.6715 1.00111
0.6725 1.00128
0.6735 1.00137
0.6745 1.00137
0.6755 1.00131
0.6765 1.00117
0.6775 1.00103
0.6785 1.00078
0.6795 1.00056
0.6805 1.00038
0.6815 0.999896
0.6825 0.999317
0.6835 0.998964
0.6845 0.998446
0.6855 0.998133
0.6865 0.997684
0.6875 0.997497
0.6885 0.997466
0.6895 0.997691
0.6905 0.998126
0.6915 0.999318
0.6925 1.00053
0.6935 1.00131
0.6945 1.00184
0.6955 1.00203
0.6965 1.00218
0.6975 1.00211
0.6985 1.002
0.6995 1.00176
0.7005 1.00148
0.7015 1.00096
0.7025 1.00038
0.7035 1.0001
0.7045 0.999677
0.7055 0.999446
0.7065 0.999016
0.7075 0.998796
0.7085 0.998609
0.7095 0.998343
0.7105 0.99837
0.7115 0.998049
0.7125 0.998136
0.7135 0.998015
0.7145 0.998397
0.7155 0.998826
0.7165 1.0003
0.7175 1.00158
0.7185 1.00225
0.7195 1.00252
0.7205 1.00253
0.7215 1.00234
0.7225 1.00206
0.7235 1.00191
0.7245 1.00131
0.7255 1.00109
0.7265 1.00057
0.7275 1.0001
0.7285 0.999776
0.7295 0.999211
0.7305 0.999189
0.7315 0.998521
0.7325 0.998526
0.7335 0.998392
0.7345 0.998501
0.7355 0.998787
0.7365 0.998787
0.7375 0.998726
0.7385 0.99856
0.7395 0.998702
0.7405 0.999134
0.7415 1.00058
0.7425 1.00165
0.7435 1.00238
0.7445 1.00176
0.7455 1.00203
0.7465 1.00153
0.7475 1.00147
0.7485 1.0018
0.7495 1.00073
0.7505 1.00096
0.7515 0.999779
0.7525 0.999929
0.7535 1.00032
0.7545 1.00003
0.7555 1.00068
0.7565 0.999094
0.7575 0.998932
0.7585 0.998178
0.7595 0.998918
0.7605 1.00098
0.7615 1.00159
0.7625 1.00057
0.7635 1.00013
0.7645 0.998271
0.7655 0.998924
0.7665 1.00054
0.7675 1.00201
0.7685 1.00271
0.7695 0.999684
0.7705 0.999688
0.7715 0.997582
0.7725 0.999291
0.7735 1.00258
0.7745 1.00027
0.7755 1.00107
0.7765 0.996156
0.7775 0.996522
0.7785 0.99894
0.7795 1.00092
0.7805 1.00547
0.7815 1.00072
0.7825 0.997431
0.7835 0.994896
0.7845 0.995946
0.7855 1.00506
0.7865 1.0083
0.7875 1.00588
0.7885 1.00426
0.7895 0.991242
0.7905 0.995556
0.7915 0.998771
0.7925 1.00368
0.7935 1.00398
0.7945 0.983287
0.7955 0.96057
0.7965 0.894906
0.7975 0.826128
0.7985 0.800413
0.7995 0.764345
0.8005 0.734293
0.8015 0.698214
0.8025 0.672652
0.8035 0.604173
0.8045 0.538967
0.8055 0.516569
0.8065 0.496343
0.8075 0.496425
0.8085 0.502496
0.8095 0.506397
0.8105 0.51054
0.8115 0.497763
0.8125 0.496054
0.8135 0.493987
0.8145 0.496807
0.8155 0.505272
0.8165 0.505591
0.8175 0.503092
0.8185 0.499385
0.8195 0.494248
0.8205 0.498611
0.8215 0.500307
0.8225 0.502578
0.8235 0.50276
0.8245 0.497853
0.8255 0.49867
0.8265 0.496398
0.8275 0.499815
0.8285 0.501717
0.8295 0.499766
0.8305 0.499926
0.8315 0.497018
0.8325 0.497873
0.8335 0.499882
0.8345 0.501946
0.8355 0.502565
0.8365 0.500716
0.8375 0.500205
0.8385 0.49939
0.8395 0.499745
0.8405 0.501351
0.8415 0.501718
0.8425 0.501125
0.8435 0.500715
0.8445 0.499098
0.8455 0.499782
0.8465 0.499604
0.8475 0.500089
0.8485 0.500473
0.8495 0.49955
0.8505 0.500137
0.8515 0.499398
0.8525 0.499977
0.8535 0.500245
0.8545 0.50001
0.8555 0.500149
0.8565 0.499456
0.8575 0.500145
0.8585 0.500215
0.8595 0.501144
0.8605 0.501229
0.8615 0.500899
0.8625 0.500241
0.8635 0.499983
0.8645 0.499783
0.8655 0.499935
0.8665 0.500003
0.8675 0.499857
0.8685 0.499934
0.8695 0.499448
0.8705 0.499631
0.8715 0.49942
0.8725 0.499603
0.8735 0.499811
0.8745 0.499713
0.8755 0.500077
0.8765 0.499934
0.8775 0.500205
0.8785 0.500355
0.8795 0.500476
0.8805 0.500743
0.8815 0.50063
0.8825 0.501077
0.8835 0.501002
0.8845 0.501277
0.8855 0.501143
0.8865 0.501039
0.8875 0.50052
0.8885 0.500029
0.8895 0.49984
0.8905 0.499705
0.8915 0.499664
0.8925 0.499577
0.8935 0.499654
0.8945 0.49952
0.8955 0.499648
0.8965 0.499559
0.8975 0.49966
0.8985 0.499706
0.8995 0.499697
0.9005 0.49983
0.9015 0.499725
0.9025 0.499832
0.9035 0.49972
0.9045 0.499758
0.9055 0.499747
0.9065 0.499823
0.9075 0.500002
0.9085 0.500148
0.9095 0.500314
0.9105 0.500347
0.9115 0.50026
0.9125 0.500031
0.9135 0.499938
0.9145 0.499764
0.9155 0.49973
0.9165 0.49977
0.9175 0.499818
0.9185 0.499965
0.9195 0.499987
0.9205 0.500104
0.9215 0.500103
0.9225 0.50014
0.9235 0.500138
0.9245 0.50008
0.9255 0.500066
0.9265 0.499912
0.9275 0.499853
0.9285 0.499642
0.9295 0.499563
0.9305 0.499362
0.9315 0.499233
0.9325 0.499196
0.9335 0.499174
0.9345 0.499199
0.9355 0.499249
0.9365 0.499314
0.9375 0.499449
0.9385 0.499592
0.9395 0.499811
0.9405 0.500175
0.9415 0.500554
0.9425 0.500953
0.9435 0.501328
0.9445 0.501516
0.9455 0.501607
0.9465 0.501607
0.9475 0.501511
0.9485 0.501255
0.9495 0.501047
0.9505 0.500655
0.9515 0.500392
0.9525 0.499977
0.9535 0.499737
0.9545 0.499403
0.9555 0.499219
0.9565 0.499086
0.9575 0.499044
0.9585 0.499092
0.9595 0.499136
0.9605 0.499217
0.9615 0.499235
0.9625 0.499254
0.9635 0.499222
0.9645 0.499255
0.9655 0.499232
0.9665 0.499306
0.9675 0.499316
0.9685 0.49938
0.9695 0.499389
0.9705 0.499371
0.9715 0.499361
0.9725 0.499252
0.9735 0.49923
0.9745 0.49912
0.9755 0.499011
0.9765 0.498842
0.9775 0.498656
0.9785 0.498431
0.9795 0.498192
0.9805 0.497764
0.9815 0.497487
0.9825 0.497056
0.9835 0.496154
0.9845 0.495367
0.9855 0.494367
0.9865 0.493098
0.9875 0.490994
0.9885 0.488706
0.9895 0.487305
0.9905 0.485823
0.9915 0.484947
0.9925 0.484531
0.9935 0.484484
0.9945 0.484918
0.9955 0.485792
0.9965 0.487303
0.9975 0.489128
0.9985 0.492574
0.9995 0.497271

# time= 0.75
0.0005 3.83136e+51
0.0015 2.80119e+51
0.0025 2.91338e+51
0.0035 1.24924e+51
0.0045 1.12849e+51
0.0055 2.28449e+50
0.0065 1.75868e+50
0.0075 -3.13792e+46
0.0085 5.59879e+42
0.0095 -9.97396e+38
0.0105 3.83078e+36
0.0115 3.83285e+36
0.0125 2.39325e+36
0.0135 1.2903e+36
0.0145 6.82542e+35
0.0155 4.33387e+35
0.0165 2.32657e+35
0.0175 1.18219e+35
0.0185 5.67161e+34
0.0195 2.59669e+34
0.0205 1.08386e+34
0.0215 4.2339e+33
0.0225 1.4562e+33
0.0235 4.66081e+32
0.0245 1.33335e+32
0.0255 3.20123e+31
0.0265 7.23067e+30
0.0275 1.01742e+30
0.0285 1.55648e+29
0.0295 -6.00758e+25
0.0305 1.0719e+22
0.0315 -1.91253e+18
0.0325 3.41241e+14
0.0335 -6.08856e+10
0.0345 1.08635e+07
0.0355 -1937.8
0.0365 0.847867
0.0375 0.498791
0.0385 0.497711
0.0395 0.497265
0.0405 0.503745
0.0415 0.505003
0.0425 0.504424
0.0435 0.498064
0.0445 0.489417
0.0455 0.495643
0.0465 0.503323
0.0475 0.506506
0.0485 0.500452
0.0495 0.485607
0.0505 0.468887
0.0515 0.447354
0.0525 0.409969
0.0535 0.354214
0.0545 0.305732
0.0555 0.277854
0.0565 0.263008
0.0575 0.255619
0.0585 0.252236
0.0595 0.250825
0.0605 0.250258
0.0615 0.25012
0.0625 0.250125
0.0635 0.250144
0.0645 0.250203
0.0655 0.250235
0.0665 0.250248
0.0675 0.250261
0.0685 0.250265
0.0695 0.250262
0.0705 0.250257
0.0715 0.250238
0.0725 0.250208
0.0735 0.250191
0.0745 0.250156
0.0755 0.250132
0.0765 0.250093
0.0775 0.250074
0.0785 0.250038
0.0795 0.250015
0.0805 0.25001
0.0815 0.250007
0.0825 0.250014
0.0835 0.250029
0.0845 0.250057
0.0855 0.25009
0.0865 0.250116
0.0875 0.250157
0.0885 0.250194
0.0895 0.250236
0.0905 0.250283
0.0915 0.25033
0.0925 0.250377
0.0935 0.250427
0.0945 0.250465
0.0955 0.250529
0.0965 0.250588
0.0975 0.250612
0.0985 0.250624
0.0995 0.250626
0.1005 0.250613
0.1015 0.250575
0.1025 0.250498
0.1035 0.250387
0.1045 0.250272
0.1055 0.250118
0.1065 0.249894
0.1075 0.249663
0.1085 0.249542
0.1095 0.249322
0.1105 0.249121
0.1115 0.249029
0.1125 0.248958
0.1135 0.248925
0.1145 0.248919
0.1155 0.248954
0.1165 0.249017
0.1175 0.249123
0.1185 0.249281
0.1195 0.249486
0.1205 0.24972
0.1215 0.249967
0.1225 0.250079
0.1235 0.25019
0.1245 0.250286
0.1255 0.250331
0.1265 0.250368
0.1275 0.250377
0.1285 0.250371
0.1295 0.250354
0.1305 0.250297
0.1315 0.250229
0.1325 0.250165
0.1335 0.250018
0.1345 0.2499
0.1355 0.24985
0.1365 0.249789
0.1375 0.249752
0.1385 0.24973
0.1395 0.249715
0.1405 0.249711
0.1415 0.24971
0.1425 0.24971
0.1435 0.249709
0.1445 0.249704
0.1455 0.249687
0.1465 0.249657
0.1475 0.249621
0.1485 0.249538
0.1495 0.24946
0.1505 0.249423
0.1515 0.249347
0.1525 0.249279
0.1535 0.249243
0.1545 0.249225
0.1555 0.249217
0.1565 0.249217
0.1575 0.249228
0.1585 0.249251
0.1595 0.249295
0.1605 0.249359
0.1615 0.249437
0.1625 0.249534
0.1635 0.249672
0.1645 0.249821
0.1655 0.249911
0.1665 0.250084
0.1675 0.250255
0.1685 0.250333
0.1695 0.250391
0.1705 0.250424
0.1715 0.25042
0.1725 0.250409
0.1735 0.250349
0.1745 0.250254
0.1755 0.250205
0.1765 0.250099
0.1775 0.250035
0.1785 0.249934
0.1795 0.249882
0.1805 0.249807
0.1815 0.249781
0.1825 0.249746
0.1835 0.249744
0.1845 0.249763
0.1855 0.249783
0.1865 0.249816
0.1875 0.249863
0.1885 0.249935
0.1895 0.249969
0.1905 0.250024
0.1915 0.250083
0.1925 0.250131
0.1935 0.250165
0.1945 0.25018
0.1955 0.250184
0.1965 0.250169
0.1975 0.250156
0.1985 0.25012
0.1995 0.250061
0.2005 0.250041
0.2015 0.250025
0.2025 0.250052
0.2035 0.250041
0.2045 0.250104
0.2055 0.250094
0.2065 0.25016
0.2075 0.25015
0.2085 0.250182
0.2095 0.250175
0.2105 0.250152
0.2115 0.250146
0.2125 0.250071
0.2135 0.250051
0.2145 0.249979
0.2155 0.249917
0.2165 0.249782
0.2175 0.249664
0.2185 0.249617
0.2195 0.249546
0.2205 0.249554
0.2215 0.249483
0.2225 0.249523
0.2235 0.249497
0.2245 0.249543
0.2255 0.249585
0.2265 0.249683
0.2275 0.249804
0.2285 0.24986
0.2295 0.25006
0.2305 0.250115
0.2315 0.250335
0.2325 0.250379
0.2335 0.250541
0.2345 0.250593
0.2355 0.250645
0.2365 0.250715
0.2375 0.250715
0.2385 0.250907
0.2395 0.251309
0.2405 0.252485
0.2415 0.255311
0.2425 0.262049
0.2435 0.27677
0.2445 0.306294
0.2455 0.362006
0.2465 0.458727
0.2475 0.570153
0.2485 0.644638
0.2495 0.687614
0.2505 0.72088
0.2515 0.750711
0.2525 0.763038
0.2535 0.755885
0.2545 0.741121
0.2555 0.728466
0.2565 0.74579
0.2575 0.758717
0.2585 0.759976
0.2595 0.757397
0.2605 0.744418
0.2615 0.7483
0.2625 0.741815
0.2635 0.752677
0.2645 0.756884
0.2655 0.753977
0.2665 0.754715
0.2675 0.743164
0.2685 0.750165
0.2695 0.747807
0.2705 0.753039
0.2715 0.755604
0.2725 0.750488
0.2735 0.749274
0.2745 0.746803
0.2755 0.749503
0.2765 0.751481
0.2775 0.754104
0.2785 0.75086
0.2795 0.750994
0.2805 0.747107
0.2815 0.750024
0.2825 0.751024
0.2835 0.7526
0.2845 0.754802
0.2855 0.751587
0.2865 0.754174
0.2875 0.751417
0.2885 0.754449
0.2895 0.754552
0.2905 0.75444
0.2915 0.755967
0.2925 0.753013
0.2935 0.755237
0.2945 0.752967
0.2955 0.754446
0.2965 0.75322
0.2975 0.751662
0.2985 0.749606
0.2995 0.748275
0.3005 0.748391
0.3015 0.746996
0.3025 0.748108
0.3035 0.746278
0.3045 0.747145
0.3055 0.745449
0.3065 0.746135
0.3075 0.746326
0.3085 0.746909
0.3095 0.747989
0.3105 0.747023
0.3115 0.748107
0.3125 0.746545
0.3135 0.748183
0.3145 0.74826
0.3155 0.748591
0.3165 0.74948
0.3175 0.74745
0.3185 0.748502
0.3195 0.74685
0.3205 0.749099
0.3215 0.74895
0.3225 0.750222
0.3235 0.749003
0.3245 0.74797
0.3255 0.746839
0.3265 0.747796
0.3275 0.749454
0.3285 0.751675
0.3295 0.751085
0.3305 0.747952
0.3315 0.74914
0.3325 0.745454
0.3335 0.751545
0.3345 0.751421
0.3355 0.752986
0.3365 0.751111
0.3375 0.745747
0.3385 0.749181
0.3395 0.747326
0.3405 0.753872
0.3415 0.755342
0.3425 0.754187
0.3435 0.748265
0.3445 0.739816
0.3455 0.745463
0.3465 0.752575
0.3475 0.757318
0.3485 0.75045
0.3495 0.735278
0.3505 0.718704
0.3515 0.697141
0.3525 0.660168
0.3535 0.604179
0.3545 0.555981
0.3555 0.528069
0.3565 0.513427
0.3575 0.506065
0.3585 0.502844
0.3595 0.50155
0.3605 0.500964
0.3615 0.500859
0.3625 0.500663
0.3635 0.50077
0.3645 0.500655
0.3655 0.500611
0.3665 0.500563
0.3675 0.500326
0.3685 0.500322
0.3695 0.49998
0.3705 0.499975
0.3715 0.499666
0.3725 0.499631
0.3735 0.499453
0.3745 0.499381
0.3755 0.49934
0.3765 0.499264
0.3775 0.499349
0.3785 0.499281
0.3795 0.499437
0.3805 0.499431
0.3815 0.499601
0.3825 0.49969
0.3835 0.499966
0.3845 0.500287
0.3855 0.500419
0.3865 0.500578
0.3875 0.500626
0.3885 0.500732
0.3895 0.500703
0.3905 0.500697
0.3915 0.500605
0.3925 0.500415
0.3935 0.500318
0.3945 0.500029
0.3955 0.499902
0.3965 0.499601
0.3975 0.49949
0.3985 0.499275
0.3995 0.499218
0.4005 0.499139
0.4015 0.499149
0.4025 0.499183
0.4035 0.49927
0.4045 0.499361
0.4055 0.499511
0.4065 0.4998
0.4075 0.500012
0.4085 0.500209
0.4095 0.500434
0.4105 0.500571
0.4115 0.500702
0.4125 0.500776
0.4135 0.500785
0.4145 0.500779
0.4155 0.500724
0.4165 0.500618
0.4175 0.500488
0.4185 0.500388
0.4195 0.500194
0.4205 0.500064
0.4215 0.499964
0.4225 0.499898
0.4235 0.499797
0.4245 0.499778
0.4255 0.499755
0.4265 0.499789
0.4275 0.499839
0.4285 0.499945
0.4295 0.500056
0.4305 0.500186
0.4315 0.500249
0.4325 0.500367
0.4335 0.500487
0.4345 0.500551
0.4355 0.500585
0.4365 0.500613
0.4375 0.500621
0.4385 0.500613
0.4395 0.500563
0.4405 0.5005
0.4415 0.50041
0.4425 0.500238
0.4435 0.500121
0.4445 0.499938
0.4455 0.499751
0.4465 0.499653
0.4475 0.499586
0.4485 0.499548
0.4495 0.499544
0.4505 0.499558
0.4515 0.499602
0.4525 0.499667
0.4535 0.499754
0.4545 0.499846
0.4555 0.499974
0.4565 0.500066
0.4575 0.500121
0.4585 0.50016
0.4595 0.500176
0.4605 0.500184
0.4615 0.500178
0.4625 0.500162
0.4635 0.500131
0.4645 0.500092
0.4655 0.500018
0.4665 0.499939
0.4675 0.499827
0.4685 0.499713
0.4695 0.499642
0.4705 0.499583
0.4715 0.499539
0.4725 0.499512
0.4735 0.499503
0.4745 0.49951
0.4755 0.499517
0.4765 0.499543
0.4775 0.499553
0.4785 0.499576
0.4795 0.499573
0.4805 0.499563
0.4815 0.499516
0.4825 0.499435
0.4835 0.49939
0.4845 0.499297
0.4855 0.499239
0.4865 0.499146
0.4875 0.49908
0.4885 0.499022
0.4895 0.498983
0.4905 0.498983
0.4915 0.498999
0.4925 0.499047
0.4935 0.499108
0.4945 0.499206
0.4955 0.499387
0.4965 0.499565
0.4975 0.499677
0.4985 0.499828
0.4995 0.500054
0.5005 0.500255
0.5015 0.500471
0.5025 0.500595
0.5035 0.500709
0.5045 0.500854
0.5055 0.500904
0.5065 0.50096
0.5075 0.500988
0.5085 0.500993
0.5095 0.500977
0.5105 0.500957
0.5115 0.500892
0.5125 0.500796
0.5135 0.500743
0.5145 0.500642
0.5155 0.500578
0.5165 0.500477
0.5175 0.500414
0.5185 0.500353
0.5195 0.500318
0.5205 0.500314
0.5215 0.500332
0.5225 0.500377
0.5235 0.500398
0.5245 0.500445
0.5255 0.500462
0.5265 0.500486
0.5275 0.500481
0.5285 0.500466
0.5295 0.500427
0.5305 0.500353
0.5315 0.500258
0.5325 0.500112
0.5335 0.499946
0.5345 0.499856
0.5355 0.499736
0.5365 0.49962
0.5375 0.499527
0.5385 0.499384
0.5395 0.499099
0.5405 0.498439
0.5415 0.496893
0.5425 0.493429
0.5435 0.486046
0.5445 0.471266
0.5455 0.44354
0.5465 0.395204
0.5475 0.33968
0.5485 0.302475
0.5495 0.281111
0.5505 0.264559
0.5515 0.249761
0.5525 0.243822
0.5535 0.247209
0.5545 0.25489
0.5555 0.261058
0.5565 0.252373
0.5575 0.245989
0.5585 0.245397
0.5595 0.246622
0.5605 0.253097
0.5615 0.251167
0.5625 0.254383
0.5635 0.248991
0.5645 0.246888
0.5655 0.248336
0.5665 0.248016
0.5675 0.253698
0.5685 0.250432
0.5695 0.251778
0.5705 0.249352
0.5715 0.24808
0.5725 0.250829
0.5735 0.251388
0.5745 0.252909
0.5755 0.25173
0.5765 0.250526
0.5775 0.249679
0.5785 0.25141
0.5795 0.251606
0.5805 0.253474
0.5815 0.252751
0.5825 0.25196
0.5835 0.251501
0.5845 0.250879
0.5855 0.252646
0.5865 0.2518
0.5875 0.253336
0.5885 0.252295
0.5895 0.252408
0.5905 0.252734
0.5915 0.252116
0.5925 0.253488
0.5935 0.252458
0.5945 0.253298
0.5955 0.252448
0.5965 0.25263
0.5975 0.252385
0.5985 0.252218
0.5995 0.251699
0.6005 0.250451
0.6015 0.250009
0.6025 0.248621
0.6035 0.248555
0.6045 0.247471
0.6055 0.247627
0.6065 0.246719
0.6075 0.246438
0.6085 0.24605
0.6095 0.245503
0.6105 0.245948
0.6115 0.245502
0.6125 0.246202
0.6135 0.24614
0.6145 0.246631
0.6155 0.247063
0.6165 0.247227
0.6175 0.24802
0.6185 0.247923
0.6195 0.248848
0.6205 0.24876
0.6215 0.249521
0.6225 0.249544
0.6235 0.24997
0.6245 0.250006
0.6255 0.249983
0.6265 0.250035
0.6275 0.249662
0.6285 0.249855
0.6295 0.249313
0.6305 0.249581
0.6315 0.248994
0.6325 0.24914
0.6335 0.248702
0.6345 0.248657
0.6355 0.248582
0.6365 0.248416
0.6375 0.24873
0.6385 0.248566
0.6395 0.249076
0.6405 0.249046
0.6415 0.249449
0.6425 0.249824
0.6435 0.250175
0.6445 0.250516
0.6455 0.250476
0.6465 0.250952
0.6475 0.250823
0.6485 0.251235
0.6495 0.2511
0.6505 0.251233
0.6515 0.251099
0.6525 0.250799
0.6535 0.250797
0.6545 0.250228
0.6555 0.250362
0.6565 0.249739
0.6575 0.249939
0.6585 0.249506
0.6595 0.249573
0.6605 0.2495
0.6615 0.249298
0.6625 0.249557
0.6635 0.249227
0.6645 0.249584
0.6655 0.249487
0.6665 0.24983
0.6675 0.250218
0.6685 0.250086
0.6695 0.250605
0.6705 0.250087
0.6715 0.250775
0.6725 0.250269
0.6735 0.250948
0.6745 0.250656
0.6755 0.25092
0.6765 0.250672
0.6775 0.250231
0.6785 0.250198
0.6795 0.249255
0.6805 0.249797
0.6815 0.248656
0.6825 0.249526
0.6835 0.248603
0.6845 0.249169
0.6855 0.249098
0.6865 0.248867
0.6875 0.249725
0.6885 0.248703
0.6895 0.249903
0.6905 0.249086
0.6915 0.250043
0.6925 0.250408
0.6935 0.25039
0.6945 0.251391
0.6955 0.250114
0.6965 0.251004
0.6975 0.249788
0.6985 0.25082
0.6995 0.250488
0.7005 0.251228
0.7015 0.25066
0.7025 0.250464
0.7035 0.250014
0.7045 0.24921
0.7055 0.250394
0.7065 0.248473
0.7075 0.250445
0.7085 0.247741
0.7095 0.249189
0.7105 0.248843
0.7115 0.249001
0.7125 0.251533
0.7135 0.2489
0.7145 0.251017
0.7155 0.247939
0.7165 0.249255
0.7175 0.250819
0.7185 0.252954
0.7195 0.254226
0.7205 0.250612
0.7215 0.250384
0.7225 0.24708
0.7235 0.248802
0.7245 0.251388
0.7255 0.253831
0.7265 0.250854
0.7275 0.249919
0.7285 0.244538
0.7295 0.247391
0.7305 0.25244
0.7315 0.250012
0.7325 0.256843
0.7335 0.245599
0.7345 0.246465
0.7355 0.243696
0.7365 0.248024
0.7375 0.258882
0.7385 0.252477
0.7395 0.256339
0.7405 0.243348
0.7415 0.240811
0.7425 0.241941
0.7435 0.254635
0.7445 0.271842
0.7455 0.259344
0.7465 0.243976
0.7475 0.237163
0.7485 0.249118
0.7495 0.278727
0.7505 0.311942
0.7515 0.35482
0.7525 0.429382
0.7535 0.540675
0.7545 0.637488
0.7555 0.693145
0.7565 0.722811
0.7575 0.737657
0.7585 0.74461
0.7595 0.747698
0.7605 0.748992
0.7615 0.749509
0.7625 0.749711
0.7635 0.749794
0.7645 0.749841
0.7655 0.749867
0.7665 0.749914
0.7675 0.74997
0.7685 0.749993
0.7695 0.75002
0.7705 0.750035
0.7715 0.75005
0.7725 0.750056
0.7735 0.750061
0.7745 0.750063
0.7755 0.750069
0.7765 0.750077
0.7775 0.750093
0.7785 0.750116
0.7795 0.750159
0.7805 0.750244
0.7815 0.750319
0.7825 0.750473
0.7835 0.750645
0.7845 0.750764
0.7855 0.750868
0.7865 0.750972
0.7875 0.751034
0.7885 0.751062
0.7895 0.751067
0.7905 0.751043
0.7915 0.751012
0.7925 0.750924
0.7935 0.750801
0.7945 0.750695
0.7955 0.750544
0.7965 0.750285
0.7975 0.7501
0.7985 0.749965
0.7995 0.749752
0.8005 0.749661
0.8015 0.74959
0.8025 0.749539
0.8035 0.749515
0.8045 0.749502
0.8055 0.749511
0.8065 0.749524
0.8075 0.749561
0.8085 0.749627
0.8095 0.749672
0.8105 0.749713
0.8115 0.749765
0.8125 0.74983
0.8135 0.749874
0.8145 0.749912
0.8155 0.749941
0.8165 0.749948
0.8175 0.749943
0.8185 0.749923
0.8195 0.749881
0.8205 0.749823
0.8215 0.749713
0.8225 0.7496
0.8235 0.749542
0.8245 0.749499
0.8255 0.749481
0.8265 0.749479
0.8275 0.749497
0.8285 0.749536
0.8295 0.749607
0.8305 0.74969
0.8315 0.749874
0.8325 0.750027
0.8335 0.750157
0.8345 0.750329
0.8355 0.750402
0.8365 0.750438
0.8375 0.750432
0.8385 0.750346
0.8395 0.75008
0.8405 0.749402
0.8415 0.747791
0.8425 0.744243
0.8435 0.736685
0.8445 0.721638
0.8455 0.693685
0.8465 0.645122
0.8475 0.589332
0.8485 0.551966
0.8495 0.530472
0.8505 0.513839
0.8515 0.49906
0.8525 0.493066
0.8535 0.49665
0.8545 0.504422
0.8555 0.510825
0.8565 0.502447
0.8575 0.496248
0.8585 0.4958
0.8595 0.497193
0.8605 0.503784
0.8615 0.501909
0.8625 0.505115
0.8635 0.499659
0.8645 0.497416
0.8655 0.498703
0.8665 0.498123
0.8675 0.503635
0.8685 0.500048
0.8695 0.501123
0.8705 0.49846
0.8715 0.496897
0.8725 0.49951
0.8735 0.499939
0.8745 0.501425
0.8755 0.500253
0.8765 0.499055
0.8775 0.498265
0.8785 0.500094
0.8795 0.500429
0.8805 0.502379
0.8815 0.501936
0.8825 0.50103
0.8835 0.500458
0.8845 0.499848
0.8855 0.501447
0.8865 0.500382
0.8875 0.501649
0.8885 0.500386
0.8895 0.500036
0.8905 0.499988
0.8915 0.499135
0.8925 0.500288
0.8935 0.499095
0.8945 0.499864
0.8955 0.499099
0.8965 0.49934
0.8975 0.499468
0.8985 0.499491
0.8995 0.499793
0.9005 0.499486
0.9015 0.499741
0.9025 0.499398
0.9035 0.500101
0.9045 0.499889
0.9055 0.500642
0.9065 0.500396
0.9075 0.500522
0.9085 0.500498
0.9095 0.500127
0.9105 0.500572
0.9115 0.499975
0.9125 0.500416
0.9135 0.49989
0.9145 0.499898
0.9155 0.499777
0.9165 0.499447
0.9175 0.499731
0.9185 0.499345
0.9195 0.499684
0.9205 0.499461
0.9215 0.499649
0.9225 0.499645
0.9235 0.499675
0.9245 0.499774
0.9255 0.499666
0.9265 0.499858
0.9275 0.499706
0.9285 0.50002
0.9295 0.499897
0.9305 0.500212
0.9315 0.500141
0.9325 0.500302
0.9335 0.500326
0.9345 0.500324
0.9355 0.500428
0.9365 0.500369
0.9375 0.500436
0.9385 0.500447
0.9395 0.500413
0.9405 0.500583
0.9415 0.500517
0.9425 0.500795
0.9435 0.500805
0.9445 0.500987
0.9455 0.501114
0.9465 0.501095
0.9475 0.50115
0.9485 0.50074
0.9495 0.500765
0.9505 0.500157
0.9515 0.500158
0.9525 0.499661
0.9535 0.499652
0.9545 0.499449
0.9555 0.499382
0.9565 0.499427
0.9575 0.499255
0.9585 0.499358
0.9595 0.499177
0.9605 0.499131
0.9615 0.498888
0.9625 0.498733
0.9635 0.498605
0.9645 0.844382
0.9655 -1937.81
0.9665 1.08635e+07
0.9675 -6.08856e+10
0.9685 3.41241e+14
0.9695 -1.91253e+18
0.9705 1.0719e+22
0.9715 -6.00758e+25
0.9725 1.18934e+29
0.9735 6.6717e+29
0.9745 4.66431e+30
0.9755 1.98918e+31
0.9765 8.27699e+31
0.9775 2.78243e+32
0.9785 8.8783e+32
0.9795 2.45272e+33
0.9805 6.44831e+33
0.9815 1.52564e+34
0.9825 3.46713e+34
0.9835 7.29272e+34
0.9845 1.49034e+35
0.9855 2.89729e+35
0.9865 9.87385e+34
0.9875 -6.1984e+33
0.9885 -2.77548e+36
0.9895 -9.26507e+36
0.9905 -3.97719e+37
0.9915 -1.06236e+39
0.9925 5.59865e+42
0.9935 -3.13792e+46
0.9945 1.75868e+50
0.9955 2.28449e+50
0.9965 1.12849e+51
0.9975 1.24924e+51
0.9985 2.91338e+51
0.9995 2.80119e+51

# time= 1
0.0005 1.97183e+51
0.0015 1.94632e+51
0.0025 1.87408e+51
0.0035 1.73363e+51
0.0045 1.55442e+51
0.0055 1.37706e+51
0.0065 1.17316e+51
0.0075 9.34077e+50
0.0085 6.35646e+50
0.0095 4.98153e+50
0.0105 3.71441e+50
0.0115 2.73114e+50
0.0125 1.93398e+50
0.0135 1.2768e+50
0.0145 9.90488e+49
0.0155 5.85753e+49
0.0165 3.53124e+49
0.0175 2.36112e+49
0.0185 1.47516e+49
0.0195 1.01846e+49
0.0205 5.64408e+48
0.0215 2.96985e+48
0.0225 2.10151e+48
0.0235 1.02477e+48
0.0245 5.08015e+47
0.0255 3.42156e+47
0.0265 1.64918e+47
0.0275 8.70554e+46
0.0285 5.27205e+46
0.0295 2.74169e+46
0.0305 1.33895e+46
0.0315 5.91043e+45
0.0325 2.47604e+45
0.0335 9.9297e+44
0.0345 3.76114e+44
0.0355 1.3549e+44
0.0365 4.60272e+43
0.0375 1.47328e+43
0.0385 4.42546e+42
0.0395 1.23034e+42
0.0405 3.19374e+41
0.0415 7.38158e+40
0.0425 1.59419e+40
0.0435 2.80619e+39
0.0445 4.70059e+38
0.0455 4.99225e+37
0.0465 5.58607e+36
0.0475 -2.157e+33
0.0485 4.45438e+29
0.0495 2.3913e+28
0.0505 9.1669e+27
0.0515 3.37018e+27
0.0525 1.19262e+27
0.0535 4.0436e+26
0.0545 1.31497e+26
0.0555 4.09335e+25
0.0565 1.21653e+25
0.0575 3.43781e+24
0.0585 9.22077e+23
0.0595 2.3276e+23
0.0605 5.53488e+22
0.0615 1.21773e+22
0.0625 2.50044e+21
0.0635 4.60136e+20
0.0645 7.82118e+19
0.0655 1.11004e+19
0.0665 1.44688e+18
0.0675 1.26906e+17
0.0685 1.06881e+16
0.0695 -4.12989e+12
0.0705 7.36872e+08
0.0715 -131475
0.0725 24.4584
0.0735 0.995946
0.0745 0.999845
0.0755 0.999991
0.0765 1.00007
0.0775 1.00024
0.0785 1.00053
0.0795 1.00036
0.0805 1.00071
0.0815 1.00035
0.0825 1.00074
0.0835 1.0005
0.0845 1.00061
0.0855 1.00045
0.0865 1.00021
0.0875 1.00003
0.0885 0.999904
0.0895 1.00004
0.0905 0.999902
0.0915 1.00019
0.0925 1.00002
0.0935 1.00026
0.0945 1.00016
0.0955 1.0003
0.0965 1.00031
0.0975 1.00033
0.0985 1.00038
0.0995 1.00036
0.1005 1.0004
0.1015 1.00047
0.1025 1.00048
0.1035 1.00067
0.1045 1.00056
0.1055 1.00077
0.1065 1.00054
0.1075 1.00062
0.1085 1.00031
0.1095 1.00014
0.1105 0.999525
0.1115 0.998954
0.1125 0.998797
0.1135 0.998637
0.1145 0.998745
0.1155 0.99875
0.1165 0.999067
0.1175 0.999073
0.1185 0.999391
0.1195 0.999378
0.1205 0.999594
0.1215 0.999598
0.1225 0.999703
0.1235 0.99979
0.1245 0.999899
0.1255 1.00004
0.1265 1.00026
0.1275 1.00047
0.1285 1.00072
0.1295 1.00085
0.1305 1.00091
0.1315 1.00091
0.1325 1.00086
0.1335 1.00071
0.1345 1.00044
0.1355 1.0001
0.1365 0.999659
0.1375 0.999389
0.1385 0.999178
0.1395 0.999106
0.1405 0.999051
0.1415 0.999129
0.1425 0.999125
0.1435 0.999243
0.1445 0.999227
0.1455 0.999308
0.1465 0.999285
0.1475 0.99932
0.1485 0.999324
0.1495 0.999339
0.1505 0.999388
0.1515 0.999408
0.1525 0.999481
0.1535 0.999505
0.1545 0.999562
0.1555 0.999586
0.1565 0.999606
0.1575 0.999635
0.1585 0.999635
0.1595 0.99969
0.1605 0.999699
0.1615 0.999786
0.1625 0.999812
0.1635 0.999906
0.1645 0.999922
0.1655 0.999988
0.1665 0.999971
0.1675 1
0.1685 0.999969
0.1695 0.999984
0.1705 0.999975
0.1715 1.00001
0.1725 1.00005
0.1735 1.00008
0.1745 1.00016
0.1755 1.00018
0.1765 1.00023
0.1775 1.00024
0.1785 1.00021
0.1795 1.00019
0.1805 1.00008
0.1815 1.00002
0.1825 0.999847
0.1835 0.999774
0.1845 0.999608
0.1855 0.999565
0.1865 0.999517
0.1875 0.999585
0.1885 0.999734
0.1895 0.999874
0.1905 1.00012
0.1915 1.00021
0.1925 1.00039
0.1935 1.00038
0.1945 1.00047
0.1955 1.00039
0.1965 1.00042
0.1975 1.00034
0.1985 1.00032
0.1995 1.00029
0.2005 1.00026
0.2015 1.00026
0.2025 1.00024
0.2035 1.00021
0.2045 1.00019
0.2055 1.00009
0.2065 1.00011
0.2075 0.999958
0.2085 1
0.2095 0.999829
0.2105 0.999873
0.2115 0.999757
0.2125 0.999802
0.2135 0.999841
0.2145 0.999934
0.2155 1
0.2165 0.999952
0.2175 1.00007
0.2185 0.999908
0.2195 1.0001
0.2205 0.999964
0.2215 1.00008
0.2225 0.999959
0.2235 0.999913
0.2245 0.999905
0.2255 0.999868
0.2265 1.00005
0.2275 1.00003
0.2285 1.0001
0.2295 1.00003
0.2305 0.999927
0.2315 1.00005
0.2325 0.999938
0.2335 1.00019
0.2345 0.999981
0.2355 1.00009
0.2365 0.999872
0.2375 1.00005
0.2385 1.00006
0.2395 1.00034
0.2405 1.00031
0.2415 1.00016
0.2425 0.99996
0.2435 0.99953
0.2445 0.999773
0.2455 0.999456
0.2465 0.999919
0.2475 0.999633
0.2485 0.99937
0.2495 0.999182
0.2505 0.999069
0.2515 0.999876
0.2525 0.999828
0.2535 1.00028
0.2545 0.999868
0.2555 0.999341
0.2565 0.999827
0.2575 0.99976
0.2585 1.00082
0.2595 1.00081
0.2605 1.00059
0.2615 1
0.2625 0.999689
0.2635 1.00019
0.2645 1.00204
0.2655 1.00166
0.2665 1.00212
0.2675 1.00037
0.2685 0.999258
0.2695 1.00006
0.2705 1.00003
0.2715 1.00261
0.2725 1.00169
0.2735 1.00039
0.2745 0.998748
0.2755 0.997943
0.2765 1.00139
0.2775 1.00182
0.2785 1.00414
0.2795 1.0029
0.2805 0.998611
0.2815 0.996872
0.2825 0.999084
0.2835 1.00619
0.2845 1.00767
0.2855 1.00584
0.2865 1.00149
0.2875 0.995001
0.2885 0.997301
0.2895 1.00517
0.2905 1.0058
0.2915 1.0095
0.2925 0.994665
0.2935 0.973532
0.2945 0.951748
0.2955 0.926699
0.2965 0.904702
0.2975 0.85747
0.2985 0.806776
0.2995 0.771449
0.3005 0.72769
0.3015 0.692368
0.3025 0.641615
0.3035 0.594887
0.3045 0.573205
0.3055 0.548292
0.3065 0.52674
0.3075 0.505729
0.3085 0.490965
0.3095 0.494811
0.3105 0.495506
0.3115 0.50338
0.3125 0.505669
0.3135 0.499131
0.3145 0.49468
0.3155 0.492867
0.3165 0.494097
0.3175 0.500888
0.3185 0.502858
0.3195 0.501103
0.3205 0.496676
0.3215 0.495374
0.3225 0.497703
0.3235 0.498141
0.3245 0.501631
0.3255 0.500903
0.3265 0.499349
0.3275 0.4981
0.3285 0.497318
0.3295 0.500002
0.3305 0.500072
0.3315 0.500997
0.3325 0.499983
0.3335 0.498333
0.3345 0.498871
0.3355 0.498541
0.3365 0.500427
0.3375 0.500887
0.3385 0.500544
0.3395 0.499893
0.3405 0.499571
0.3415 0.499487
0.3425 0.500417
0.3435 0.500232
0.3445 0.50062
0.3455 0.499921
0.3465 0.499396
0.3475 0.49981
0.3485 0.499713
0.3495 0.500517
0.3505 0.500373
0.3515 0.500198
0.3525 0.499843
0.3535 0.499617
0.3545 0.500055
0.3555 0.499862
0.3565 0.5002
0.3575 0.499797
0.3585 0.499731
0.3595 0.499653
0.3605 0.499699
0.3615 0.500056
0.3625 0.500113
0.3635 0.500335
0.3645 0.500144
0.3655 0.500255
0.3665 0.500053
0.3675 0.500281
0.3685 0.500125
0.3695 0.500211
0.3705 0.500069
0.3715 0.499932
0.3725 0.499929
0.3735 0.499886
0.3745 0.500027
0.3755 0.499951
0.3765 0.499889
0.3775 0.499799
0.3785 0.499624
0.3795 0.499707
0.3805 0.499515
0.3815 0.499703
0.3825 0.499516
0.3835 0.499708
0.3845 0.499683
0.3855 0.49992
0.3865 0.500069
0.3875 0.500217
0.3885 0.500351
0.3895 0.500284
0.3905 0.500372
0.3915 0.500217
0.3925 0.500301
0.3935 0.500161
0.3945 0.500206
0.3955 0.500125
0.3965 0.500068
0.3975 0.499986
0.3985 0.499944
0.3995 0.499883
0.4005 0.499799
0.4015 0.499674
0.4025 0.499557
0.4035 0.499431
0.4045 0.49944
0.4055 0.499326
0.4065 0.499434
0.4075 0.499411
0.4085 0.499588
0.4095 0.499705
0.4105 0.500098
0.4115 0.500477
0.4125 0.500597
0.4135 0.500722
0.4145 0.500695
0.4155 0.500721
0.4165 0.50058
0.4175 0.500607
0.4185 0.500465
0.4195 0.500493
0.4205 0.500395
0.4215 0.5004
0.4225 0.500347
0.4235 0.500299
0.4245 0.500201
0.4255 0.500135
0.4265 0.500008
0.4275 0.499907
0.4285 0.499865
0.4295 0.499893
0.4305 0.499896
0.4315 0.500008
0.4325 0.500053
0.4335 0.500209
0.4345 0.500273
0.4355 0.5004
0.4365 0.500477
0.4375 0.500608
0.4385 0.500688
0.4395 0.500712
0.4405 0.500755
0.4415 0.500724
0.4425 0.500748
0.4435 0.500648
0.4445 0.50065
0.4455 0.50047
0.4465 0.500443
0.4475 0.500193
0.4485 0.500147
0.4495 0.499863
0.4505 0.499821
0.4515 0.499559
0.4525 0.499551
0.4535 0.49936
0.4545 0.4994
0.4555 0.499301
0.4565 0.499376
0.4575 0.499355
0.4585 0.499437
0.4595 0.499464
0.4605 0.49953
0.4615 0.499636
0.4625 0.499742
0.4635 0.499811
0.4645 0.499843
0.4655 0.499931
0.4665 0.499938
0.4675 0.500025
0.4685 0.499999
0.4695 0.500046
0.4705 0.499982
0.4715 0.499959
0.4725 0.499859
0.4735 0.499695
0.4745 0.499516
0.4755 0.499416
0.4765 0.499334
0.4775 0.499298
0.4785 0.499245
0.4795 0.499264
0.4805 0.499178
0.4815 0.499219
0.4825 0.499081
0.4835 0.499111
0.4845 0.498959
0.4855 0.498978
0.4865 0.498917
0.4875 0.499
0.4885 0.499083
0.4895 0.499376
0.4905 0.49969
0.4915 0.499771
0.4925 0.499925
0.4935 0.499875
0.4945 0.499989
0.4955 0.499877
0.4965 0.499942
0.4975 0.499868
0.4985 0.4999
0.4995 0.499924
0.5005 0.499953
0.5015 0.500018
0.5025 0.500086
0.5035 0.500246
0.5045 0.500375
0.5055 0.500404
0.5065 0.500571
0.5075 0.500503
0.5085 0.500678
0.5095 0.50054
0.5105 0.500642
0.5115 0.500558
0.5125 0.500633
0.5135 0.500755
0.5145 0.50087
0.5155 0.500973
0.5165 0.500839
0.5175 0.500953
0.5185 0.500658
0.5195 0.500782
0.5205 0.500477
0.5215 0.500535
0.5225 0.500315
0.5235 0.500209
0.5245 0.500151
0.5255 0.500062
0.5265 0.500221
0.5275 0.500152
0.5285 0.500191
0.5295 0.500097
0.5305 0.499964
0.5315 0.500067
0.5325 0.499918
0.5335 0.500148
0.5345 0.499929
0.5355 0.500028
0.5365 0.499802
0.5375 0.49998
0.5385 0.500003
0.5395 0.500303
0.5405 0.500301
0.5415 0.500194
0.5425 0.500073
0.5435 0.499674
0.5445 0.500006
0.5455 0.499722
0.5465 0.500257
0.5475 0.500004
0.5485 0.499782
0.5495 0.499661
0.5505 0.499544
0.5515 0.500394
0.5525 0.500303
0.5535 0.500745
0.5545 0.500275
0.5555 0.49961
0.5565 0.500013
0.5575 0.499837
0.5585 0.500767
0.5595 0.500671
0.5605 0.500324
0.5615 0.499637
0.5625 0.499283
0.5635 0.499658
0.5645 0.501474
0.5655 0.501118
0.5665 0.501614
0.5675 0.499924
0.5685 0.498878
0.5695 0.499782
0.5705 0.499844
0.5715 0.502523
0.5725 0.501773
0.5735 0.500531
0.5745 0.499016
0.5755 0.498335
0.5765 0.501865
0.5775 0.502354
0.5785 0.504706
0.5795 0.503427
0.5805 0.499034
0.5815 0.4973
0.5825 0.499252
0.5835 0.50606
0.5845 0.50731
0.5855 0.505428
0.5865 0.500897
0.5875 0.494288
0.5885 0.496512
0.5895 0.504318
0.5905 0.504965
0.5915 0.508812
0.5925 0.493988
0.5935 0.47295
0.5945 0.451406
0.5955 0.426515
0.5965 0.404836
0.5975 0.358001
0.5985 0.307373
0.5995 0.272175
0.6005 0.228589
0.6015 0.193317
0.6025 0.142737
0.6035 0.0956886
0.6045 0.0739125
0.6055 0.0486967
0.6065 0.0266933
0.6075 0.00563427
0.6085 -0.00931927
0.6095 -0.0056524
0.6105 -0.00508107
0.6115 0.00271667
0.6125 0.00489754
0.6135 -0.00168858
0.6145 -0.00613623
0.6155 -0.00809595
0.6165 -0.00657424
0.6175 0.000567983
0.6185 0.0027527
0.6195 0.00108343
0.6205 -0.00309032
0.6215 -0.00430568
0.6225 -0.00194237
0.6235 -0.00144225
0.6245 0.00203793
0.6255 0.00126022
0.6265 -0.000364627
0.6275 -0.00165875
0.6285 -0.00259077
0.6295 -3.09071e-05
0.6305 -7.90868e-05
0.6315 0.000686544
0.6325 -0.000455683
0.6335 -0.00224543
0.6345 -0.00180435
0.6355 -0.00221528
0.6365 -0.000386304
0.6375 0.000100079
0.6385 -0.000214228
0.6395 -0.000783435
0.6405 -0.000978848
0.6415 -0.000971836
0.6425 0.000152177
0.6435 0.000143836
0.6445 0.000704223
0.6455 0.000260528
0.6465 -0.000133644
0.6475 0.000325939
0.6485 0.00030491
0.6495 0.00110075
0.6505 0.000981891
0.6515 0.000757608
0.6525 0.000441028
0.6535 0.000123004
0.6545 0.000520932
0.6555 0.000139182
0.6565 0.000347917
0.6575 -0.000130342
0.6585 -0.000340125
0.6595 -0.000498147
0.6605 -0.000542279
0.6615 -0.000233516
0.6625 -0.000191535
0.6635 2.98516e-05
0.6645 -0.000131723
0.6655 2.73131e-05
0.6665 -0.000134388
0.6675 0.000182725
0.6685 0.000113264
0.6695 0.000295836
0.6705 0.000244233
0.6715 0.000205049
0.6725 0.000258734
0.6735 0.000233334
0.6745 0.000352367
0.6755 0.000250387
0.6765 0.000140831
0.6775 -2.43703e-05
0.6785 -0.000280425
0.6795 -0.000351001
0.6805 -0.000595161
0.6815 -0.00049603
0.6825 -0.00077971
0.6835 -0.000672509
0.6845 -0.00078311
0.6855 -0.000642869
0.6865 -0.000479362
0.6875 -0.000292669
0.6885 -0.000119107
0.6895 -0.000102149
0.6905 4.61911e-05
0.6915 -2.31235e-06
0.6925 0.000185271
0.6935 0.000155719
0.6945 0.000306991
0.6955 0.000306275
0.6965 0.000363423
0.6975 0.00037842
0.6985 0.000352738
0.6995 0.000335547
0.7005 0.000244914
0.7015 6.03336e-05
0.7025 -0.000144888
0.7035 -0.000334728
0.7045 -0.000388793
0.7055 -0.00060354
0.7065 -0.000585067
0.7075 -0.000695439
0.7085 -0.000598834
0.7095 -0.000546436
0.7105 -0.000263503
0.7115 4.43583e-05
0.7125 0.000146725
0.7135 0.000298648
0.7145 0.000333687
0.7155 0.000396367
0.7165 0.000325806
0.7175 0.000420649
0.7185 0.000347257
0.7195 0.000437746
0.7205 0.000389513
0.7215 0.000435734
0.7225 0.00039212
0.7235 0.000364083
0.7245 0.000288214
0.7255 0.000159589
0.7265 -3.42996e-05
0.7275 -0.00014959
0.7285 -0.00035893
0.7295 -0.000525219
0.7305 -0.00059826
0.7315 -0.000642529
0.7325 -0.000628913
0.7335 -0.000572381
0.7345 -0.000478104
0.7355 -0.000226991
0.7365 4.19047e-05
0.7375 0.000188648
0.7385 0.000314675
0.7395 0.000382846
0.7405 0.000431932
0.7415 0.000440498
0.7425 0.0004535
0.7435 0.000427428
0.7445 0.000426651
0.7455 0.000398972
0.7465 0.00037743
0.7475 0.000336611
0.7485 0.000302267
0.7495 0.000251501
0.7505 0.000190945
0.7515 0.000122703
0.7525 3.2265e-05
0.7535 -5.34201e-05
0.7545 -8.75895e-05
0.7555 -0.000103988
0.7565 -0.000104478
0.7575 -8.05205e-05
0.7585 -3.24059e-05
0.7595 3.38873e-05
0.7605 0.000157702
0.7615 0.00027154
0.7625 0.000309202
0.7635 0.000330557
0.7645 0.000312531
0.7655 0.000291933
0.7665 0.000228808
0.7675 0.000186815
0.7685 0.000109024
0.7695 6.33098e-05
0.7705 -6.2609e-06
0.7715 -3.60536e-05
0.7725 -8.95792e-05
0.7735 -0.000121107
0.7745 -0.000128392
0.7755 -0.000131157
0.7765 -0.000120818
0.7775 -8.80491e-05
0.7785 -2.75936e-05
0.7795 4.10971e-05
0.7805 0.000134107
0.7815 0.000224288
0.7825 0.000372838
0.7835 0.000545566
0.7845 0.000683936
0.7855 0.000792368
0.7865 0.000855597
0.7875 0.000902792
0.7885 0.000922096
0.7895 0.000914705
0.7905 0.000882136
0.7915 0.000812444
0.7925 0.000687004
0.7935 0.00059003
0.7945 0.000400719
0.7955 0.00020921
0.7965 0.000120999
0.7975 -3.74931e-05
0.7985 -0.00014993
0.7995 -0.000234525
0.8005 -0.000308173
0.8015 -0.000347963
0.8025 -0.00035801
0.8035 -0.000350618
0.8045 -0.000293126
0.8055 -0.000192686
0.8065 -0.000140524
0.8075 -3.33759e-05
0.8085 1.63048e-05
0.8095 0.000108129
0.8105 0.000150008
0.8115 0.000141468
0.8125 0.000108075
0.8135 1.19899e-05
0.8145 -9.99767e-05
0.8155 -0.000216214
0.8165 -0.00043983
0.8175 -0.000567678
0.8185 -0.00063489
0.8195 -0.000685454
0.8205 -0.000721503
0.8215 -0.000725647
0.8225 -0.000713637
0.8235 -0.000680288
0.8245 -0.000641533
0.8255 -0.000592877
0.8265 -0.0005103
0.8275 -0.000388886
0.8285 -0.000278746
0.8295 -0.00013262
0.8305 6.88973e-05
0.8315 0.000173334
0.8325 0.000273544
0.8335 0.000356642
0.8345 0.000424758
0.8355 0.000476002
0.8365 0.000487952
0.8375 0.000454015
0.8385 0.000378283
0.8395 0.000299733
0.8405 0.000152623
0.8415 7.23293e-05
0.8425 -7.22682e-05
0.8435 -0.000136023
0.8445 -0.000229634
0.8455 -0.000245534
0.8465 -0.000257862
0.8475 -0.000231919
0.8485 -0.000157969
0.8495 -3.34401e-05
0.8505 2.46183e-05
0.8515 0.000127707
0.8525 0.000231464
0.8535 0.00032313
0.8545 0.000373575
0.8555 0.000496721
0.8565 0.000562229
0.8575 0.000715457
0.8585 0.000770023
0.8595 0.000880107
0.8605 0.000871387
0.8615 0.000850354
0.8625 0.000712427
0.8635 0.000532977
0.8645 5.30694e-05
0.8655 -0.00045063
0.8665 -0.000659766
0.8675 -0.000818117
0.8685 -0.000895298
0.8695 -0.000864084
0.8705 -0.000759881
0.8715 -0.00062976
0.8725 -0.000444213
0.8735 -0.000167895
0.8745 9.93765e-05
0.8755 0.000210567
0.8765 0.000360208
0.8775 0.000434095
0.8785 0.000524889
0.8795 0.000496796
0.8805 0.000677623
0.8815 0.000610819
0.8825 0.000884179
0.8835 0.000834576
0.8845 0.00111702
0.8855 0.00109093
0.8865 0.0011635
0.8875 0.000952631
0.8885 0.000766435
0.8895 0.000120486
0.8905 -0.000549582
0.8915 -0.000724211
0.8925 -0.00102135
0.8935 -0.000911058
0.8945 -0.00108367
0.8955 -0.000804569
0.8965 -0.000823245
0.8975 -0.000594326
0.8985 -0.000374712
0.8995 -0.000161292
0.9005 -3.70213e-05
0.9015 3.53838e-05
0.9025 9.2828e-05
0.9035 0.000162068
0.9045 0.000176282
0.9055 0.000322957
0.9065 0.000185287
0.9075 0.000413118
0.9085 0.000204392
0.9095 0.000467503
0.9105 0.000297705
0.9115 0.000404057
0.9125 0.000226587
0.9135 -0.000114735
0.9145 -0.000464209
0.9155 -0.000720831
0.9165 -0.000601613
0.9175 -0.000915032
0.9185 -0.000498337
0.9195 -0.000861388
0.9205 -0.000459952
0.9215 -0.000606248
0.9225 -0.000284975
0.9235 -5.78145e-05
0.9245 6.74872e-05
0.9255 0.000205682
0.9265 -5.62829e-05
0.9275 -0.0041005
0.9285 23.4585
0.9295 -131476
0.9305 7.36872e+08
0.9315 -4.12989e+12
0.9325 8.16185e+15
0.9335 8.93327e+16
0.9345 1.00567e+18
0.9355 7.44178e+18
0.9365 5.18201e+19
0.9375 2.98426e+20
0.9385 1.60701e+21
0.9395 7.71122e+21
0.9405 3.48035e+22
0.9415 1.44752e+23
0.9425 5.70338e+23
0.9435 2.10893e+24
0.9445 7.42899e+24
0.9455 2.48343e+25
0.9465 7.93397e+25
0.9475 2.42304e+26
0.9485 7.08391e+26
0.9495 1.98117e+27
0.9505 5.29617e+27
0.9515 1.3577e+28
0.9525 4.18351e+29
0.9535 -2.15707e+33
0.9545 5.58607e+36
0.9555 4.99225e+37
0.9565 4.70059e+38
0.9575 2.80619e+39
0.9585 1.59419e+40
0.9595 7.39039e+40
0.9605 3.22746e+41
0.9615 1.24807e+42
0.9625 4.56521e+42
0.9635 1.53281e+43
0.9645 4.88946e+43
0.9655 1.45774e+44
0.9665 4.13793e+44
0.9675 1.1103e+45
0.9685 2.84043e+45
0.9695 6.9271e+45
0.9705 1.57572e+46
0.9715 3.41047e+46
0.9725 7.04191e+46
0.9735 1.37206e+47
0.9745 2.64724e+47
0.9755 4.87664e+47
0.9765 9.06271e+47
0.9775 1.51995e+48
0.9785 2.62621e+48
0.9795 4.84161e+48
0.9805 7.85524e+48
0.9815 1.3312e+49
0.9825 2.25547e+49
0.9835 3.40532e+49
0.9845 5.94586e+49
0.9855 8.02924e+49
0.9865 1.20432e+50
0.9875 1.77867e+50
0.9885 2.61193e+50
0.9895 3.9664e+50
0.9905 4.8664e+50
0.9915 6.86648e+50
0.9925 9.89423e+50
0.9935 1.14193e+51
0.9945 1.27473e+51
0.9955 1.51246e+51
0.9965 1.73391e+51
0.9975 1.84473e+51
0.9985 1.92659e+51
0.9995 1.96428e+51
