
# time= 0
0.0005 1
0.0015 1
0.0025 1
0.0035 1
0.0045 1
0.0055 1
0.0065 1
0.0075 1
0.0085 1
0.0095 1
0.0105 1
0.0115 1
0.0125 1
0.0135 1
0.0145 1
0.0155 1
0.0165 1
0.0175 1
0.0185 1
0.0195 1
0.0205 1
0.0215 1
0.0225 1
0.0235 1
0.0245 1
0.0255 1
0.0265 1
0.0275 1
0.0285 1
0.0295 1
0.0305 1
0.0315 1
0.0325 1
0.0335 1
0.0345 1
0.0355 1
0.0365 1
0.0375 1
0.0385 1
0.0395 1
0.0405 1
0.0415 1
0.0425 1
0.0435 1
0.0445 1
0.0455 1
0.0465 1
0.0475 1
0.0485 1
0.0495 1
0.0505 1
0.0515 1
0.0525 1
0.0535 1
0.0545 1
0.0555 1
0.0565 1
0.0575 1
0.0585 1
0.0595 1
0.0605 1
0.0615 1
0.0625 1
0.0635 1
0.0645 1
0.0655 1
0.0665 1
0.0675 1
0.0685 1
0.0695 1
0.0705 1
0.0715 1
0.0725 1
0.0735 1
0.0745 1
0.0755 1
0.0765 1
0.0775 1
0.0785 1
0.0795 1
0.0805 1
0.0815 1
0.0825 1
0.0835 1
0.0845 1
0.0855 1
0.0865 1
0.0875 1
0.0885 1
0.0895 1
0.0905 1
0.0915 1
0.0925 1
0.0935 1
0.0945 1
0.0955 1
0.0965 1
0.0975 1
0.0985 1
0.0995 1
0.1005 1
0.1015 1
0.1025 1
0.1035 1
0.1045 1
0.1055 1
0.1065 1
0.1075 1
0.1085 1
0.1095 1
0.1105 1
0.1115 1
0.1125 1
0.1135 1
0.1145 1
0.1155 1
0.1165 1
0.1175 1
0.1185 1
0.1195 1
0.1205 1
0.1215 1
0.1225 1
0.1235 1
0.1245 1
0.1255 1
0.1265 1
0.1275 1
0.1285 1
0.1295 1
0.1305 1
0.1315 1
0.1325 1
0.1335 1
0.1345 1
0.1355 1
0.1365 1
0.1375 1
0.1385 1
0.1395 1
0.1405 1
0.1415 1
0.1425 1
0.1435 1
0.1445 1
0.1455 1
0.1465 1
0.1475 1
0.1485 1
0.1495 1
0.1505 1
0.1515 1
0.1525 1
0.1535 1
0.1545 1
0.1555 1
0.1565 1
0.1575 1
0.1585 1
0.1595 1
0.1605 1
0.1615 1
0.1625 1
0.1635 1
0.1645 1
0.1655 1
0.1665 1
0.1675 1
0.1685 1
0.1695 1
0.1705 1
0.1715 1
0.1725 1
0.1735 1
0.1745 1
0.1755 1
0.1765 1
0.1775 1
0.1785 1
0.1795 1
0.1805 1
0.1815 1
0.1825 1
0.1835 1
0.1845 1
0.1855 1
0.1865 1
0.1875 1
0.1885 1
0.1895 1
0.1905 1
0.1915 1
0.1925 1
0.1935 1
0.1945 1
0.1955 1
0.1965 1
0.1975 1
0.1985 1
0.1995 1
0.2005 1
0.2015 1
0.2025 1
0.2035 1
0.2045 1
0.2055 1
0.2065 1
0.2075 1
0.2085 1
0.2095 1
0.2105 1
0.2115 1
0.2125 1
0.2135 1
0.2145 1
0.2155 1
0.2165 1
0.2175 1
0.2185 1
0.2195 1
0.2205 1
0.2215 1
0.2225 1
0.2235 1
0.2245 1
0.2255 1
0.2265 1
0.2275 1
0.2285 1
0.2295 1
0.2305 1
0.2315 1
0.2325 1
0.2335 1
0.2345 1
0.2355 1
0.2365 1
0.2375 1
0.2385 1
0.2395 1
0.2405 1
0.2415 1
0.2425 1
0.2435 1
0.2445 1
0.2455 1
0.2465 1
0.2475 1
0.2485 1
0.2495 1
0.2505 1
0.2515 1
0.2525 1
0.2535 1
0.2545 1
0.2555 1
0.2565 1
0.2575 1
0.2585 1
0.2595 1
0.2605 1
0.2615 1
0.2625 1
0.2635 1
0.2645 1
0.2655 1
0.2665 1
0.2675 1
0.2685 1
0.2695 1
0.2705 1
0.2715 1
0.2725 1
0.2735 1
0.2745 1
0.2755 1
0.2765 1
0.2775 1
0.2785 1
0.2795 1
0.2805 1
0.2815 1
0.2825 1
0.2835 1
0.2845 1
0.2855 1
0.2865 1
0.2875 1
0.2885 1
0.2895 1
0.2905 1
0.2915 1
0.2925 1
0.2935 1
0.2945 1
0.2955 1
0.2965 1
0.2975 1
0.2985 1
0.2995 1
0.3005 0.5
0.3015 0.5
0.3025 0.5
0.3035 0.5
0.3045 0.5
0.3055 0.5
0.3065 0.5
0.3075 0.5
0.3085 0.5
0.3095 0.5
0.3105 0.5
0.3115 0.5
0.3125 0.5
0.3135 0.5
0.3145 0.5
0.3155 0.5
0.3165 0.5
0.3175 0.5
0.3185 0.5
0.3195 0.5
0.3205 0.5
0.3215 0.5
0.3225 0.5
0.3235 0.5
0.3245 0.5
0.3255 0.5
0.3265 0.5
0.3275 0.5
0.3285 0.5
0.3295 0.5
0.3305 0.5
0.3315 0.5
0.3325 0.5
0.3335 0.5
0.3345 0.5
0.3355 0.5
0.3365 0.5
0.3375 0.5
0.3385 0.5
0.3395 0.5
0.3405 0.5
0.3415 0.5
0.3425 0.5
0.3435 0.5
0.3445 0.5
0.3455 0.5
0.3465 0.5
0.3475 0.5
0.3485 0.5
0.3495 0.5
0.3505 0.5
0.3515 0.5
0.3525 0.5
0.3535 0.5
0.3545 0.5
0.3555 0.5
0.3565 0.5
0.3575 0.5
0.3585 0.5
0.3595 0.5
0.3605 0.5
0.3615 0.5
0.3625 0.5
0.3635 0.5
0.3645 0.5
0.3655 0.5
0.3665 0.5
0.3675 0.5
0.3685 0.5
0.3695 0.5
0.3705 0.5
0.3715 0.5
0.3725 0.5
0.3735 0.5
0.3745 0.5
0.3755 0.5
0.3765 0.5
0.3775 0.5
0.3785 0.5
0.3795 0.5
0.3805 0.5
0.3815 0.5
0.3825 0.5
0.3835 0.5
0.3845 0.5
0.3855 0.5
0.3865 0.5
0.3875 0.5
0.3885 0.5
0.3895 0.5
0.3905 0.5
0.3915 0.5
0.3925 0.5
0.3935 0.5
0.3945 0.5
0.3955 0.5
0.3965 0.5
0.3975 0.5
0.3985 0.5
0.3995 0.5
0.4005 0.5
0.4015 0.5
0.4025 0.5
0.4035 0.5
0.4045 0.5
0.4055 0.5
0.4065 0.5
0.4075 0.5
0.4085 0.5
0.4095 0.5
0.4105 0.5
0.4115 0.5
0.4125 0.5
0.4135 0.5
0.4145 0.5
0.4155 0.5
0.4165 0.5
0.4175 0.5
0.4185 0.5
0.4195 0.5
0.4205 0.5
0.4215 0.5
0.4225 0.5
0.4235 0.5
0.4245 0.5
0.4255 0.5
0.4265 0.5
0.4275 0.5
0.4285 0.5
0.4295 0.5
0.4305 0.5
0.4315 0.5
0.4325 0.5
0.4335 0.5
0.4345 0.5
0.4355 0.5
0.4365 0.5
0.4375 0.5
0.4385 0.5
0.4395 0.5
0.4405 0.5
0.4415 0.5
0.4425 0.5
0.4435 0.5
0.4445 0.5
0.4455 0.5
0.4465 0.5
0.4475 0.5
0.4485 0.5
0.4495 0.5
0.4505 0.5
0.4515 0.5
0.4525 0.5
0.4535 0.5
0.4545 0.5
0.4555 0.5
0.4565 0.5
0.4575 0.5
0.4585 0.5
0.4595 0.5
0.4605 0.5
0.4615 0.5
0.4625 0.5
0.4635 0.5
0.4645 0.5
0.4655 0.5
0.4665 0.5
0.4675 0.5
0.4685 0.5
0.4695 0.5
0.4705 0.5
0.4715 0.5
0.4725 0.5
0.4735 0.5
0.4745 0.5
0.4755 0.5
0.4765 0.5
0.4775 0.5
0.4785 0.5
0.4795 0.5
0.4805 0.5
0.4815 0.5
0.4825 0.5
0.4835 0.5
0.4845 0.5
0.4855 0.5
0.4865 0.5
0.4875 0.5
0.4885 0.5
0.4895 0.5
0.4905 0.5
0.4915 0.5
0.4925 0.5
0.4935 0.5
0.4945 0.5
0.4955 0.5
0.4965 0.5
0.4975 0.5
0.4985 0.5
0.4995 0.5
0.5005 0.5
0.5015 0.5
0.5025 0.5
0.5035 0.5
0.5045 0.5
0.5055 0.5
0.5065 0.5
0.5075 0.5
0.5085 0.5
0.5095 0.5
0.5105 0.5
0.5115 0.5
0.5125 0.5
0.5135 0.5
0.5145 0.5
0.5155 0.5
0.5165 0.5
0.5175 0.5
0.5185 0.5
0.5195 0.5
0.5205 0.5
0.5215 0.5
0.5225 0.5
0.5235 0.5
0.5245 0.5
0.5255 0.5
0.5265 0.5
0.5275 0.5
0.5285 0.5
0.5295 0.5
0.5305 0.5
0.5315 0.5
0.5325 0.5
0.5335 0.5
0.5345 0.5
0.5355 0.5
0.5365 0.5
0.5375 0.5
0.5385 0.5
0.5395 0.5
0.5405 0.5
0.5415 0.5
0.5425 0.5
0.5435 0.5
0.5445 0.5
0.5455 0.5
0.5465 0.5
0.5475 0.5
0.5485 0.5
0.5495 0.5
0.5505 0.5
0.5515 0.5
0.5525 0.5
0.5535 0.5
0.5545 0.5
0.5555 0.5
0.5565 0.5
0.5575 0.5
0.5585 0.5
0.5595 0.5
0.5605 0.5
0.5615 0.5
0.5625 0.5
0.5635 0.5
0.5645 0.5
0.5655 0.5
0.5665 0.5
0.5675 0.5
0.5685 0.5
0.5695 0.5
0.5705 0.5
0.5715 0.5
0.5725 0.5
0.5735 0.5
0.5745 0.5
0.5755 0.5
0.5765 0.5
0.5775 0.5
0.5785 0.5
0.5795 0.5
0.5805 0.5
0.5815 0.5
0.5825 0.5
0.5835 0.5
0.5845 0.5
0.5855 0.5
0.5865 0.5
0.5875 0.5
0.5885 0.5
0.5895 0.5
0.5905 0.5
0.5915 0.5
0.5925 0.5
0.5935 0.5
0.5945 0.5
0.5955 0.5
0.5965 0.5
0.5975 0.5
0.5985 0.5
0.5995 0.5
0.6005 0
0.6015 0
0.6025 0
0.6035 0
0.6045 0
0.6055 0
0.6065 0
0.6075 0
0.6085 0
0.6095 0
0.6105 0
0.6115 0
0.6125 0
0.6135 0
0.6145 0
0.6155 0
0.6165 0
0.6175 0
0.6185 0
0.6195 0
0.6205 0
0.6215 0
0.6225 0
0.6235 0
0.6245 0
0.6255 0
0.6265 0
0.6275 0
0.6285 0
0.6295 0
0.6305 0
0.6315 0
0.6325 0
0.6335 0
0.6345 0
0.6355 0
0.6365 0
0.6375 0
0.6385 0
0.6395 0
0.6405 0
0.6415 0
0.6425 0
0.6435 0
0.6445 0
0.6455 0
0.6465 0
0.6475 0
0.6485 0
0.6495 0
0.6505 0
0.6515 0
0.6525 0
0.6535 0
0.6545 0
0.6555 0
0.6565 0
0.6575 0
0.6585 0
0.6595 0
0.6605 0
0.6615 0
0.6625 0
0.6635 0
0.6645 0
0.6655 0
0.6665 0
0.6675 0
0.6685 0
0.6695 0
0.6705 0
0.6715 0
0.6725 0
0.6735 0
0.6745 0
0.6755 0
0.6765 0
0.6775 0
0.6785 0
0.6795 0
0.6805 0
0.6815 0
0.6825 0
0.6835 0
0.6845 0
0.6855 0
0.6865 0
0.6875 0
0.6885 0
0.6895 0
0.6905 0
0.6915 0
0.6925 0
0.6935 0
0.6945 0
0.6955 0
0.6965 0
0.6975 0
0.6985 0
0.6995 0
0.7005 0
0.7015 0
0.7025 0
0.7035 0
0.7045 0
0.7055 0
0.7065 0
0.7075 0
0.7085 0
0.7095 0
0.7105 0
0.7115 0
0.7125 0
0.7135 0
0.7145 0
0.7155 0
0.7165 0
0.7175 0
0.7185 0
0.7195 0
0.7205 0
0.7215 0
0.7225 0
0.7235 0
0.7245 0
0.7255 0
0.7265 0
0.7275 0
0.7285 0
0.7295 0
0.7305 0
0.7315 0
0.7325 0
0.7335 0
0.7345 0
0.7355 0
0.7365 0
0.7375 0
0.7385 0
0.7395 0
0.7405 0
0.7415 0
0.7425 0
0.7435 0
0.7445 0
0.7455 0
0.7465 0
0.7475 0
0.7485 0
0.7495 0
0.7505 0
0.7515 0
0.7525 0
0.7535 0
0.7545 0
0.7555 0
0.7565 0
0.7575 0
0.7585 0
0.7595 0
0.7605 0
0.7615 0
0.7625 0
0.7635 0
0.7645 0
0.7655 0
0.7665 0
0.7675 0
0.7685 0
0.7695 0
0.7705 0
0.7715 0
0.7725 0
0.7735 0
0.7745 0
0.7755 0
0.7765 0
0.7775 0
0.7785 0
0.7795 0
0.7805 0
0.7815 0
0.7825 0
0.7835 0
0.7845 0
0.7855 0
0.7865 0
0.7875 0
0.7885 0
0.7895 0
0.7905 0
0.7915 0
0.7925 0
0.7935 0
0.7945 0
0.7955 0
0.7965 0
0.7975 0
0.7985 0
0.7995 0
0.8005 0
0.8015 0
0.8025 0
0.8035 0
0.8045 0
0.8055 0
0.8065 0
0.8075 0
0.8085 0
0.8095 0
0.8105 0
0.8115 0
0.8125 0
0.8135 0
0.8145 0
0.8155 0
0.8165 0
0.8175 0
0.8185 0
0.8195 0
0.8205 0
0.8215 0
0.8225 0
0.8235 0
0.8245 0
0.8255 0
0.8265 0
0.8275 0
0.8285 0
0.8295 0
0.8305 0
0.8315 0
0.8325 0
0.8335 0
0.8345 0
0.8355 0
0.8365 0
0.8375 0
0.8385 0
0.8395 0
0.8405 0
0.8415 0
0.8425 0
0.8435 0
0.8445 0
0.8455 0
0.8465 0
0.8475 0
0.8485 0
0.8495 0
0.8505 0
0.8515 0
0.8525 0
0.8535 0
0.8545 0
0.8555 0
0.8565 0
0.8575 0
0.8585 0
0.8595 0
0.8605 0
0.8615 0
0.8625 0
0.8635 0
0.8645 0
0.8655 0
0.8665 0
0.8675 0
0.8685 0
0.8695 0
0.8705 0
0.8715 0
0.8725 0
0.8735 0
0.8745 0
0.8755 0
0.8765 0
0.8775 0
0.8785 0
0.8795 0
0.8805 0
0.8815 0
0.8825 0
0.8835 0
0.8845 0
0.8855 0
0.8865 0
0.8875 0
0.8885 0
0.8895 0
0.8905 0
0.8915 0
0.8925 0
0.8935 0
0.8945 0
0.8955 0
0.8965 0
0.8975 0
0.8985 0
0.8995 0
0.9005 0
0.9015 0
0.9025 0
0.9035 0
0.9045 0
0.9055 0
0.9065 0
0.9075 0
0.9085 0
0.9095 0
0.9105 0
0.9115 0
0.9125 0
0.9135 0
0.9145 0
0.9155 0
0.9165 0
0.9175 0
0.9185 0
0.9195 0
0.9205 0
0.9215 0
0.9225 0
0.9235 0
0.9245 0
0.9255 0
0.9265 0
0.9275 0
0.9285 0
0.9295 0
0.9305 0
0.9315 0
0.9325 0
0.9335 0
0.9345 0
0.9355 0
0.9365 0
0.9375 0
0.9385 0
0.9395 0
0.9405 0
0.9415 0
0.9425 0
0.9435 0
0.9445 0
0.9455 0
0.9465 0
0.9475 0
0.9485 0
0.9495 0
0.9505 0
0.9515 0
0.9525 0
0.9535 0
0.9545 0
0.9555 0
0.9565 0
0.9575 0
0.9585 0
0.9595 0
0.9605 0
0.9615 0
0.9625 0
0.9635 0
0.9645 0
0.9655 0
0.9665 0
0.9675 0
0.9685 0
0.9695 0
0.9705 0
0.9715 0
0.9725 0
0.9735 0
0.9745 0
0.9755 0
0.9765 0
0.9775 0
0.9785 0
0.9795 0
0.9805 0
0.9815 0
0.9825 0
0.9835 0
0.9845 0
0.9855 0
0.9865 0
0.9875 0
0.9885 0
0.9895 0
0.9905 0
0.9915 0
0.9925 0
0.9935 0
0.9945 0
0.9955 0
0.9965 0
0.9975 0
0.9985 0
0.9995 0

# time= 0.25
0.0005 0.524525
0.0015 0.54008
0.0025 0.54314
0.0035 0.532377
0.0045 0.51805
0.0055 0.510631
0.0065 0.505785
0.0075 0.502951
0.0085 0.501467
0.0095 0.500737
0.0105 0.500401
0.0115 0.500269
0.0125 0.500229
0.0135 0.500209
0.0145 0.500183
0.0155 0.50012
0.0165 0.50006
0.0175 0.500024
0.0185 0.49997
0.0195 0.499924
0.0205 0.499907
0.0215 0.49992
0.0225 0.499991
0.0235 0.500055
0.0245 0.500064
0.0255 0.500058
0.0265 0.500061
0.0275 0.500079
0.0285 0.50009
0.0295 0.500082
0.0305 0.500071
0.0315 0.500074
0.0325 0.500085
0.0335 0.500078
0.0345 0.500053
0.0355 0.500034
0.0365 0.50004
0.0375 0.500031
0.0385 0.499945
0.0395 0.499745
0.0405 0.499329
0.0415 0.498439
0.0425 0.496444
0.0435 0.492251
0.0445 0.48419
0.0455 0.469683
0.0465 0.445145
0.0475 0.414158
0.0485 0.384133
0.0495 0.351171
0.0505 0.32012
0.0515 0.292599
0.0525 0.271199
0.0535 0.261866
0.0545 0.255198
0.0555 0.251944
0.0565 0.251926
0.0575 0.249626
0.0585 0.250729
0.0595 0.249908
0.0605 0.249634
0.0615 0.250719
0.0625 0.249402
0.0635 0.250454
0.0645 0.249883
0.0655 0.249691
0.0665 0.250567
0.0675 0.24955
0.0685 0.25037
0.0695 0.249919
0.0705 0.249763
0.0715 0.250455
0.0725 0.249659
0.0735 0.250285
0.0745 0.249919
0.0755 0.24979
0.0765 0.250345
0.0775 0.249734
0.0785 0.250225
0.0795 0.249937
0.0805 0.249834
0.0815 0.250285
0.0825 0.249822
0.0835 0.250195
0.0845 0.249952
0.0855 0.24986
0.0865 0.250227
0.0875 0.249882
0.0885 0.250163
0.0895 0.249953
0.0905 0.24986
0.0915 0.25016
0.0925 0.249939
0.0935 0.250182
0.0945 0.250008
0.0955 0.249905
0.0965 0.250129
0.0975 0.249981
0.0985 0.250186
0.0995 0.250035
0.1005 0.249926
0.1015 0.250088
0.1025 0.249979
0.1035 0.25014
0.1045 0.250008
0.1055 0.249908
0.1065 0.250041
0.1075 0.249978
0.1085 0.250117
0.1095 0.249993
0.1105 0.249891
0.1115 0.250004
0.1125 0.249993
0.1135 0.25014
0.1145 0.250002
0.1155 0.249863
0.1165 0.249961
0.1175 0.249999
0.1185 0.250153
0.1195 0.250028
0.1205 0.249876
0.1215 0.24995
0.1225 0.250005
0.1235 0.250145
0.1245 0.250046
0.1255 0.249897
0.1265 0.249933
0.1275 0.24999
0.1285 0.250113
0.1295 0.250047
0.1305 0.249929
0.1315 0.249947
0.1325 0.250003
0.1335 0.250106
0.1345 0.250038
0.1355 0.249929
0.1365 0.249951
0.1375 0.250022
0.1385 0.25012
0.1395 0.250038
0.1405 0.249923
0.1415 0.249957
0.1425 0.250068
0.1435 0.25018
0.1445 0.249992
0.1455 0.249796
0.1465 0.249851
0.1475 0.250085
0.1485 0.250307
0.1495 0.250212
0.1505 0.250047
0.1515 0.24995
0.1525 0.249905
0.1535 0.249943
0.1545 0.249919
0.1555 0.249944
0.1565 0.250009
0.1575 0.250019
0.1585 0.250043
0.1595 0.249985
0.1605 0.249994
0.1615 0.250037
0.1625 0.250016
0.1635 0.250045
0.1645 0.249979
0.1655 0.249994
0.1665 0.250037
0.1675 0.249997
0.1685 0.25004
0.1695 0.249963
0.1705 0.249994
0.1715 0.250052
0.1725 0.249986
0.1735 0.25004
0.1745 0.249932
0.1755 0.249978
0.1765 0.250071
0.1775 0.249988
0.1785 0.250058
0.1795 0.249903
0.1805 0.249956
0.1815 0.250087
0.1825 0.249986
0.1835 0.25008
0.1845 0.249869
0.1855 0.249931
0.1865 0.250105
0.1875 0.249988
0.1885 0.250121
0.1895 0.249843
0.1905 0.249908
0.1915 0.250119
0.1925 0.249969
0.1935 0.250168
0.1945 0.249831
0.1955 0.249909
0.1965 0.250156
0.1975 0.249944
0.1985 0.250223
0.1995 0.249817
0.2005 0.249917
0.2015 0.250209
0.2025 0.24991
0.2035 0.250285
0.2045 0.249781
0.2055 0.249898
0.2065 0.250246
0.2075 0.249843
0.2085 0.250352
0.2095 0.249724
0.2105 0.249861
0.2115 0.250283
0.2125 0.249752
0.2135 0.250451
0.2145 0.249689
0.2155 0.249853
0.2165 0.250355
0.2175 0.249635
0.2185 0.250564
0.2195 0.249641
0.2205 0.249839
0.2215 0.250435
0.2225 0.249475
0.2235 0.250699
0.2245 0.249574
0.2255 0.249819
0.2265 0.250553
0.2275 0.249299
0.2285 0.250885
0.2295 0.249491
0.2305 0.249802
0.2315 0.250707
0.2325 0.249068
0.2335 0.251107
0.2345 0.249369
0.2355 0.249761
0.2365 0.250895
0.2375 0.248772
0.2385 0.251404
0.2395 0.249265
0.2405 0.249836
0.2415 0.251469
0.2425 0.24924
0.2435 0.253842
0.2445 0.253905
0.2455 0.260419
0.2465 0.273715
0.2475 0.292327
0.2485 0.335132
0.2495 0.390212
0.2505 0.452323
0.2515 0.518206
0.2525 0.578225
0.2535 0.640229
0.2545 0.689351
0.2555 0.718369
0.2565 0.73442
0.2575 0.742751
0.2585 0.746796
0.2595 0.748646
0.2605 0.749465
0.2615 0.749818
0.2625 0.74996
0.2635 0.750001
0.2645 0.750011
0.2655 0.750025
0.2665 0.750038
0.2675 0.750042
0.2685 0.750037
0.2695 0.750035
0.2705 0.750041
0.2715 0.750045
0.2725 0.750039
0.2735 0.750031
0.2745 0.750029
0.2755 0.750032
0.2765 0.750027
0.2775 0.749996
0.2785 0.74996
0.2795 0.749954
0.2805 0.749962
0.2815 0.749985
0.2825 0.750012
0.2835 0.75003
0.2845 0.75006
0.2855 0.750092
0.2865 0.750105
0.2875 0.750114
0.2885 0.750134
0.2895 0.750196
0.2905 0.750349
0.2915 0.750659
0.2925 0.751246
0.2935 0.752309
0.2945 0.754003
0.2955 0.757081
0.2965 0.760718
0.2975 0.762157
0.2985 0.76023
0.2995 0.754243
0.3005 0.745757
0.3015 0.73977
0.3025 0.737843
0.3035 0.739282
0.3045 0.742919
0.3055 0.745997
0.3065 0.747691
0.3075 0.748754
0.3085 0.749341
0.3095 0.749651
0.3105 0.749804
0.3115 0.749866
0.3125 0.749886
0.3135 0.749895
0.3145 0.749908
0.3155 0.74994
0.3165 0.74997
0.3175 0.749988
0.3185 0.750015
0.3195 0.750038
0.3205 0.750046
0.3215 0.75004
0.3225 0.750004
0.3235 0.749973
0.3245 0.749968
0.3255 0.749971
0.3265 0.749969
0.3275 0.749961
0.3285 0.749955
0.3295 0.749959
0.3305 0.749965
0.3315 0.749963
0.3325 0.749957
0.3335 0.74996
0.3345 0.749972
0.3355 0.749977
0.3365 0.749961
0.3375 0.749929
0.3385 0.749874
0.3395 0.749722
0.3405 0.749317
0.3415 0.748357
0.3425 0.746307
0.3435 0.742168
0.3445 0.734179
0.3455 0.719669
0.3465 0.695084
0.3475 0.664067
0.3485 0.634073
0.3495 0.601152
0.3505 0.570093
0.3515 0.542533
0.3525 0.521128
0.3535 0.511848
0.3545 0.50522
0.3555 0.501961
0.3565 0.501916
0.3575 0.499614
0.3585 0.50074
0.3595 0.499928
0.3605 0.499631
0.3615 0.500685
0.3625 0.499369
0.3635 0.50044
0.3645 0.499878
0.3655 0.499678
0.3665 0.50054
0.3675 0.499518
0.3685 0.500338
0.3695 0.499883
0.3705 0.499729
0.3715 0.50043
0.3725 0.49964
0.3735 0.500268
0.3745 0.4999
0.3755 0.499784
0.3765 0.500354
0.3775 0.49974
0.3785 0.50021
0.3795 0.499902
0.3805 0.499807
0.3815 0.500279
0.3825 0.499813
0.3835 0.50016
0.3845 0.499902
0.3855 0.499829
0.3865 0.500223
0.3875 0.499869
0.3885 0.50012
0.3895 0.499909
0.3905 0.499864
0.3915 0.500191
0.3925 0.499905
0.3935 0.500064
0.3945 0.499888
0.3955 0.499874
0.3965 0.500154
0.3975 0.49993
0.3985 0.500026
0.3995 0.499881
0.4005 0.499889
0.4015 0.500135
0.4025 0.499966
0.4035 0.500021
0.4045 0.4999
0.4055 0.499918
0.4065 0.500125
0.4075 0.499993
0.4085 0.500017
0.4095 0.499922
0.4105 0.499952
0.4115 0.500117
0.4125 0.499995
0.4135 0.499995
0.4145 0.499929
0.4155 0.499979
0.4165 0.500115
0.4175 0.499996
0.4185 0.499971
0.4195 0.499929
0.4205 0.499989
0.4215 0.500098
0.4225 0.499993
0.4235 0.499959
0.4245 0.499936
0.4255 0.500002
0.4265 0.500091
0.4275 0.499999
0.4285 0.499959
0.4295 0.499947
0.4305 0.500008
0.4315 0.500076
0.4325 0.499988
0.4335 0.499947
0.4345 0.499953
0.4355 0.50002
0.4365 0.500066
0.4375 0.499976
0.4385 0.499931
0.4395 0.499954
0.4405 0.50003
0.4415 0.500078
0.4425 0.499994
0.4435 0.499928
0.4445 0.499952
0.4455 0.500037
0.4465 0.500188
0.4475 0.5003
0.4485 0.50029
0.4495 0.500126
0.4505 0.499874
0.4515 0.49971
0.4525 0.4997
0.4535 0.499812
0.4545 0.499963
0.4555 0.500048
0.4565 0.500072
0.4575 0.500006
0.4585 0.499922
0.4595 0.49997
0.4605 0.500046
0.4615 0.500069
0.4625 0.500024
0.4635 0.499934
0.4645 0.49998
0.4655 0.500047
0.4665 0.500053
0.4675 0.500012
0.4685 0.499924
0.4695 0.499992
0.4705 0.500053
0.4715 0.500041
0.4725 0.500001
0.4735 0.499909
0.4745 0.499998
0.4755 0.500064
0.4765 0.500041
0.4775 0.500007
0.4785 0.499902
0.4795 0.500011
0.4805 0.500071
0.4815 0.500029
0.4825 0.500004
0.4835 0.499885
0.4845 0.500021
0.4855 0.500071
0.4865 0.500005
0.4875 0.500005
0.4885 0.499883
0.4895 0.500048
0.4905 0.500078
0.4915 0.499983
0.4925 0.500007
0.4935 0.499875
0.4945 0.500082
0.4955 0.5001
0.4965 0.499979
0.4975 0.500034
0.4985 0.499865
0.4995 0.500111
0.5005 0.500119
0.5015 0.499974
0.5025 0.50007
0.5035 0.499846
0.5045 0.500126
0.5055 0.500112
0.5065 0.499936
0.5075 0.500095
0.5085 0.499809
0.5095 0.500136
0.5105 0.500091
0.5115 0.49988
0.5125 0.500131
0.5135 0.499777
0.5145 0.500171
0.5155 0.500098
0.5165 0.49984
0.5175 0.500187
0.5185 0.499721
0.5195 0.500193
0.5205 0.500098
0.5215 0.49979
0.5225 0.50026
0.5235 0.499646
0.5245 0.500216
0.5255 0.5001
0.5265 0.499732
0.5275 0.50036
0.5285 0.49957
0.5295 0.500271
0.5305 0.500117
0.5315 0.499662
0.5325 0.500482
0.5335 0.49946
0.5345 0.500322
0.5355 0.500122
0.5365 0.49956
0.5375 0.500631
0.5385 0.499315
0.5395 0.500369
0.5405 0.500072
0.5415 0.49926
0.5425 0.500386
0.5435 0.498084
0.5445 0.498039
0.5455 0.49478
0.5465 0.488152
0.5475 0.478872
0.5485 0.457467
0.5495 0.429907
0.5505 0.398848
0.5515 0.365927
0.5525 0.335933
0.5535 0.304916
0.5545 0.280331
0.5555 0.265821
0.5565 0.257832
0.5575 0.253693
0.5585 0.251643
0.5595 0.250683
0.5605 0.250278
0.5615 0.250126
0.5625 0.250071
0.5635 0.250039
0.5645 0.250023
0.5655 0.250028
0.5665 0.25004
0.5675 0.250043
0.5685 0.250037
0.5695 0.250035
0.5705 0.250041
0.5715 0.250045
0.5725 0.250039
0.5735 0.250031
0.5745 0.250029
0.5755 0.250032
0.5765 0.250027
0.5775 0.249996
0.5785 0.24996
0.5795 0.249954
0.5805 0.249962
0.5815 0.249985
0.5825 0.250012
0.5835 0.25003
0.5845 0.25006
0.5855 0.250092
0.5865 0.250105
0.5875 0.250114
0.5885 0.250134
0.5895 0.250196
0.5905 0.250349
0.5915 0.250659
0.5925 0.251246
0.5935 0.252309
0.5945 0.254003
0.5955 0.257081
0.5965 0.260718
0.5975 0.262157
0.5985 0.26023
0.5995 0.254243
0.6005 0.245757
0.6015 0.23977
0.6025 0.237843
0.6035 0.239282
0.6045 0.242919
0.6055 0.245997
0.6065 0.247691
0.6075 0.248754
0.6085 0.249341
0.6095 0.249651
0.6105 0.249804
0.6115 0.249866
0.6125 0.249886
0.6135 0.249895
0.6145 0.249908
0.6155 0.24994
0.6165 0.24997
0.6175 0.249988
0.6185 0.250015
0.6195 0.250038
0.6205 0.250046
0.6215 0.25004
0.6225 0.250004
0.6235 0.249973
0.6245 0.249968
0.6255 0.249971
0.6265 0.249969
0.6275 0.249961
0.6285 0.249955
0.6295 0.249959
0.6305 0.249965
0.6315 0.249963
0.6325 0.249958
0.6335 0.249961
0.6345 0.249973
0.6355 0.249981
0.6365 0.249974
0.6375 0.249966
0.6385 0.249976
0.6395 0.249993
0.6405 0.249996
0.6415 0.249972
0.6425 0.249954
0.6435 0.249972
0.6445 0.249997
0.6455 0.249995
0.6465 0.24998
0.6475 0.249969
0.6485 0.24998
0.6495 0.249994
0.6505 0.24999
0.6515 0.24998
0.6525 0.249977
0.6535 0.249993
0.6545 0.250007
0.6555 0.250005
0.6565 0.249998
0.6575 0.249997
0.6585 0.250003
0.6595 0.250006
0.6605 0.249999
0.6615 0.249989
0.6625 0.249989
0.6635 0.249995
0.6645 0.249998
0.6655 0.249996
0.6665 0.249991
0.6675 0.249989
0.6685 0.249989
0.6695 0.249989
0.6705 0.249989
0.6715 0.249991
0.6725 0.249993
0.6735 0.249994
0.6745 0.249995
0.6755 0.249998
0.6765 0.250002
0.6775 0.250002
0.6785 0.249995
0.6795 0.249989
0.6805 0.249992
0.6815 0.249998
0.6825 0.249997
0.6835 0.249989
0.6845 0.249983
0.6855 0.24999
0.6865 0.249999
0.6875 0.249994
0.6885 0.249984
0.6895 0.249985
0.6905 0.250007
0.6915 0.25002
0.6925 0.249989
0.6935 0.249951
0.6945 0.249958
0.6955 0.249996
0.6965 0.250019
0.6975 0.249983
0.6985 0.249936
0.6995 0.249945
0.7005 0.249994
0.7015 0.250026
0.7025 0.249996
0.7035 0.249952
0.7045 0.249962
0.7055 0.250011
0.7065 0.250042
0.7075 0.250004
0.7085 0.249955
0.7095 0.249972
0.7105 0.250026
0.7115 0.250058
0.7125 0.250003
0.7135 0.24994
0.7145 0.249969
0.7155 0.25004
0.7165 0.25008
0.7175 0.250005
0.7185 0.249922
0.7195 0.249954
0.7205 0.250025
0.7215 0.25006
0.7225 0.250004
0.7235 0.249935
0.7245 0.249955
0.7255 0.250018
0.7265 0.250048
0.7275 0.25001
0.7285 0.249956
0.7295 0.249965
0.7305 0.250015
0.7315 0.250041
0.7325 0.250009
0.7335 0.249962
0.7345 0.249968
0.7355 0.250017
0.7365 0.250056
0.7375 0.250077
0.7385 0.250164
0.7395 0.250508
0.7405 0.251365
0.7415 0.253259
0.7425 0.257298
0.7435 0.265569
0.7445 0.281604
0.7455 0.310655
0.7465 0.359811
0.7475 0.421809
0.7485 0.48178
0.7495 0.54766
0.7505 0.609799
0.7515 0.664909
0.7525 0.707702
0.7535 0.726257
0.7545 0.739567
0.7555 0.746102
0.7565 0.746181
0.7575 0.75076
0.7585 0.748492
0.7595 0.750165
0.7605 0.750754
0.7615 0.748621
0.7625 0.75123
0.7635 0.749069
0.7645 0.750261
0.7655 0.750659
0.7665 0.748907
0.7675 0.750924
0.7685 0.749252
0.7695 0.750247
0.7705 0.750551
0.7715 0.749111
0.7725 0.750676
0.7735 0.749392
0.7745 0.750251
0.7755 0.750483
0.7765 0.749283
0.7775 0.750478
0.7785 0.749492
0.7795 0.750271
0.7805 0.750447
0.7815 0.749408
0.7825 0.750292
0.7835 0.749553
0.7845 0.750305
0.7855 0.750433
0.7865 0.7495
0.7875 0.750148
0.7885 0.749587
0.7895 0.750356
0.7905 0.750494
0.7915 0.749625
0.7925 0.750035
0.7935 0.749537
0.7945 0.75026
0.7955 0.75042
0.7965 0.749838
0.7975 0.750208
0.7985 0.749803
0.7995 0.750388
0.8005 0.750191
0.8015 0.749235
0.8025 0.749709
0.8035 0.749779
0.8045 0.750358
0.8055 0.750165
0.8065 0.749456
0.8075 0.750104
0.8085 0.749934
0.8095 0.750434
0.8105 0.750211
0.8115 0.749527
0.8125 0.750098
0.8135 0.749831
0.8145 0.75041
0.8155 0.750263
0.8165 0.749591
0.8175 0.750131
0.8185 0.749737
0.8195 0.750381
0.8205 0.750261
0.8215 0.749626
0.8225 0.750199
0.8235 0.749618
0.8245 0.750315
0.8255 0.750204
0.8265 0.749598
0.8275 0.750309
0.8285 0.749555
0.8295 0.750322
0.8305 0.750174
0.8315 0.74955
0.8325 0.750439
0.8335 0.749462
0.8345 0.750369
0.8355 0.750162
0.8365 0.749471
0.8375 0.750599
0.8385 0.749327
0.8395 0.750403
0.8405 0.750093
0.8415 0.749193
0.8425 0.750375
0.8435 0.748122
0.8445 0.748071
0.8455 0.744772
0.8465 0.738076
0.8475 0.728858
0.8485 0.707484
0.8495 0.679903
0.8505 0.648795
0.8515 0.615839
0.8525 0.585911
0.8535 0.554937
0.8545 0.53033
0.8555 0.515755
0.8565 0.507726
0.8575 0.503655
0.8585 0.501672
0.8595 0.500691
0.8605 0.500202
0.8615 0.500021
0.8625 0.500043
0.8635 0.500074
0.8645 0.500021
0.8655 0.499933
0.8665 0.499923
0.8675 0.500018
0.8685 0.500082
0.8695 0.500029
0.8705 0.499929
0.8715 0.499913
0.8725 0.50002
0.8735 0.500097
0.8745 0.500035
0.8755 0.499911
0.8765 0.499871
0.8775 0.500009
0.8785 0.500119
0.8795 0.500049
0.8805 0.499907
0.8815 0.499844
0.8825 0.50001
0.8835 0.500161
0.8845 0.50008
0.8855 0.499938
0.8865 0.499881
0.8875 0.500006
0.8885 0.500116
0.8895 0.500052
0.8905 0.499945
0.8915 0.499911
0.8925 0.500008
0.8935 0.500083
0.8945 0.500022
0.8955 0.499924
0.8965 0.499905
0.8975 0.499991
0.8985 0.500052
0.8995 0.499988
0.9005 0.499889
0.9015 0.499872
0.9025 0.499967
0.9035 0.500038
0.9045 0.499991
0.9055 0.499915
0.9065 0.499901
0.9075 0.499977
0.9085 0.500041
0.9095 0.500013
0.9105 0.499971
0.9115 0.499969
0.9125 0.499987
0.9135 0.499997
0.9145 0.49998
0.9155 0.499965
0.9165 0.499977
0.9175 0.499994
0.9185 0.499995
0.9195 0.499984
0.9205 0.499978
0.9215 0.499991
0.9225 0.500005
0.9235 0.500005
0.9245 0.499996
0.9255 0.499989
0.9265 0.499989
0.9275 0.499987
0.9285 0.499983
0.9295 0.499978
0.9305 0.499977
0.9315 0.499978
0.9325 0.499978
0.9335 0.499983
0.9345 0.499991
0.9355 0.499996
0.9365 0.49999
0.9375 0.499978
0.9385 0.499978
0.9395 0.499997
0.9405 0.500013
0.9415 0.500006
0.9425 0.499993
0.9435 0.499996
0.9445 0.50001
0.9455 0.500014
0.9465 0.499986
0.9475 0.499954
0.9485 0.499959
0.9495 0.49998
0.9505 0.499989
0.9515 0.49996
0.9525 0.499938
0.9535 0.499959
0.9545 0.499991
0.9555 0.499994
0.9565 0.499944
0.9575 0.499908
0.9585 0.499944
0.9595 0.499992
0.9605 0.499985
0.9615 0.499953
0.9625 0.499932
0.9635 0.499947
0.9645 0.499962
0.9655 0.499946
0.9665 0.499922
0.9675 0.499915
0.9685 0.499926
0.9695 0.499929
0.9705 0.499918
0.9715 0.49991
0.9725 0.499921
0.9735 0.499939
0.9745 0.499942
0.9755 0.499936
0.9765 0.499945
0.9775 0.500009
0.9785 0.50008
0.9795 0.500093
0.9805 0.500076
0.9815 0.50003
0.9825 0.499976
0.9835 0.49994
0.9845 0.49988
0.9855 0.499817
0.9865 0.499791
0.9875 0.499771
0.9885 0.499731
0.9895 0.499599
0.9905 0.499263
0.9915 0.498533
0.9925 0.497049
0.9935 0.494215
0.9945 0.489369
0.9955 0.48195
0.9965 0.467623
0.9975 0.45686
0.9985 0.45992
0.9995 0.475475

# time= 0.5
0.0005 0.548717
0.0015 0.547218
0.0025 0.539982
0.0035 0.529237
0.0045 0.520493
0.0055 0.514249
0.0065 0.509553
0.0075 0.506174
0.0085 0.503893
0.0095 0.502302
0.0105 0.501416
0.0115 0.500846
0.0125 0.500474
0.0135 0.500286
0.0145 0.500182
0.0155 0.500146
0.0165 0.500109
0.0175 0.500035
0.0185 0.499987
0.0195 0.499956
0.0205 0.49999
0.0215 0.500021
0.0225 0.499988
0.0235 0.499997
0.0245 0.500008
0.0255 0.50007
0.0265 0.50011
0.0275 0.500062
0.0285 0.50006
0.0295 0.50005
0.0305 0.500096
0.0315 0.500126
0.0325 0.500058
0.0335 0.500057
0.0345 0.500036
0.0355 0.500079
0.0365 0.50011
0.0375 0.500027
0.0385 0.500039
0.0395 0.500013
0.0405 0.500064
0.0415 0.500107
0.0425 0.500009
0.0435 0.50004
0.0445 0.500006
0.0455 0.500058
0.0465 0.500107
0.0475 0.499987
0.0485 0.500039
0.0495 0.499994
0.0505 0.500049
0.0515 0.500109
0.0525 0.499956
0.0535 0.500031
0.0545 0.499966
0.0555 0.500024
0.0565 0.500102
0.0575 0.499913
0.0585 0.500033
0.0595 0.499952
0.0605 0.500023
0.0615 0.500132
0.0625 0.499891
0.0635 0.500063
0.0645 0.499949
0.0655 0.500027
0.0665 0.500171
0.0675 0.499856
0.0685 0.500098
0.0695 0.499939
0.0705 0.500023
0.0715 0.500215
0.0725 0.499798
0.0735 0.500131
0.0745 0.499908
0.0755 0.5
0.0765 0.500261
0.0775 0.499716
0.0785 0.500181
0.0795 0.499882
0.0805 0.499985
0.0815 0.500339
0.0825 0.499613
0.0835 0.500237
0.0845 0.499799
0.0855 0.499843
0.0865 0.50019
0.0875 0.498959
0.0885 0.499293
0.0895 0.497724
0.0905 0.495966
0.0915 0.493316
0.0925 0.486354
0.0935 0.477938
0.0945 0.462011
0.0955 0.438608
0.0965 0.40753
0.0975 0.36824
0.0985 0.323431
0.0995 0.274729
0.1005 0.22535
0.1015 0.176649
0.1025 0.131838
0.1035 0.0925404
0.1045 0.0614506
0.1055 0.0380381
0.1065 0.0221055
0.1075 0.0136835
0.1085 0.00671161
0.1095 0.00405313
0.1105 0.00229252
0.1115 0.000725211
0.1125 0.00106159
0.1135 -0.000169593
0.1145 0.000170796
0.1155 0.000210179
0.1165 -0.000227382
0.1175 0.000399132
0.1185 -0.000324995
0.1195 2.76602e-05
0.1205 0.000129203
0.1215 -0.000169514
0.1225 0.000296237
0.1235 -0.000249229
0.1245 9.87694e-06
0.1255 0.000101258
0.1265 -0.000117877
0.1275 0.000221493
0.1285 -0.000190236
0.1295 2.79608e-06
0.1305 8.68623e-05
0.1315 -7.25002e-05
0.1325 0.000170676
0.1335 -0.000144688
0.1345 -1.9497e-06
0.1355 7.52288e-05
0.1365 -3.78172e-05
0.1375 0.000136795
0.1385 -0.00010353
0.1395 4.11993e-06
0.1405 7.43882e-05
0.1415 -7.42531e-06
0.1425 0.00010926
0.1435 -8.764e-05
0.1445 -1.6131e-05
0.1455 4.51061e-05
0.1465 1.19023e-06
0.1475 0.000111336
0.1485 -1.16413e-05
0.1495 4.9367e-05
0.1505 8.35195e-05
0.1515 1.25057e-05
0.1525 3.9254e-05
0.1535 -9.73165e-05
0.1545 -4.93125e-05
0.1555 1.17267e-05
0.1565 -1.11857e-05
0.1575 3.09914e-05
0.1585 -5.80142e-05
0.1595 -9.31753e-06
0.1605 4.57215e-05
0.1615 2.38521e-05
0.1625 4.01537e-05
0.1635 -3.94981e-05
0.1645 -4.8235e-06
0.1655 4.25509e-05
0.1665 2.44372e-05
0.1675 2.73354e-05
0.1685 -3.90124e-05
0.1695 -9.58956e-06
0.1705 3.4809e-05
0.1715 2.18087e-05
0.1725 1.59521e-05
0.1735 -3.94467e-05
0.1745 -1.37063e-05
0.1755 2.83522e-05
0.1765 1.99177e-05
0.1775 8.29694e-06
0.1785 -3.83453e-05
0.1795 -1.62762e-05
0.1805 2.22334e-05
0.1815 1.6476e-05
0.1825 8.54218e-07
0.1835 -3.84576e-05
0.1845 -1.81584e-05
0.1855 1.80383e-05
0.1865 1.48203e-05
0.1875 -2.43003e-06
0.1885 -3.5154e-05
0.1895 -1.60091e-05
0.1905 1.77469e-05
0.1915 1.62686e-05
0.1925 -1.05149e-06
0.1935 -2.71629e-05
0.1945 -7.32313e-06
0.1955 2.55903e-05
0.1965 2.63015e-05
0.1975 9.7192e-06
0.1985 -1.17697e-05
0.1995 6.74151e-06
0.2005 3.62487e-05
0.2015 3.6821e-05
0.2025 1.82511e-05
0.2035 -3.31712e-06
0.2045 9.64234e-06
0.2055 3.2116e-05
0.2065 3.21023e-05
0.2075 1.24078e-05
0.2085 -8.59107e-06
0.2095 1.73663e-06
0.2105 2.07775e-05
0.2115 2.29403e-05
0.2125 8.02114e-06
0.2135 -7.1104e-06
0.2145 3.58443e-06
0.2155 2.09824e-05
0.2165 2.36575e-05
0.2175 9.97829e-06
0.2185 -3.65178e-06
0.2195 4.4166e-06
0.2205 1.78574e-05
0.2215 1.97973e-05
0.2225 7.26203e-06
0.2235 -3.51593e-06
0.2245 4.85182e-06
0.2255 1.79008e-05
0.2265 2.12205e-05
0.2275 1.20454e-05
0.2285 4.25563e-06
0.2295 1.15787e-05
0.2305 2.23487e-05
0.2315 2.4386e-05
0.2325 1.4213e-05
0.2335 5.66021e-06
0.2345 1.07258e-05
0.2355 1.89154e-05
0.2365 2.02345e-05
0.2375 1.12324e-05
0.2385 4.0413e-06
0.2395 8.14739e-06
0.2405 1.46402e-05
0.2415 1.4396e-05
0.2425 7.51115e-06
0.2435 3.41478e-06
0.2445 9.03233e-06
0.2455 1.81291e-05
0.2465 2.12621e-05
0.2475 1.77357e-05
0.2485 1.56441e-05
0.2495 2.15902e-05
0.2505 2.98743e-05
0.2515 3.12009e-05
0.2525 2.68188e-05
0.2535 2.39428e-05
0.2545 2.73074e-05
0.2555 3.29154e-05
0.2565 3.43615e-05
0.2575 3.14222e-05
0.2585 2.95509e-05
0.2595 3.23044e-05
0.2605 3.66642e-05
0.2615 3.78467e-05
0.2625 3.61258e-05
0.2635 3.5966e-05
0.2645 4.05972e-05
0.2655 4.68228e-05
0.2665 4.91183e-05
0.2675 4.83185e-05
0.2685 4.77804e-05
0.2695 5.02447e-05
0.2705 5.32148e-05
0.2715 5.24641e-05
0.2725 4.47367e-05
0.2735 3.62587e-05
0.2745 3.12854e-05
0.2755 2.43772e-05
0.2765 1.52819e-05
0.2775 3.50729e-06
0.2785 -4.8368e-06
0.2795 -6.31928e-06
0.2805 -1.67147e-06
0.2815 8.37418e-06
0.2825 2.33299e-05
0.2835 4.24128e-05
0.2845 6.69812e-05
0.2855 0.00010245
0.2865 0.000156486
0.2875 0.000236395
0.2885 0.000361182
0.2895 0.000564668
0.2905 0.000892465
0.2915 0.00136083
0.2925 0.00216931
0.2935 0.0031924
0.2945 0.00495066
0.2955 0.00660727
0.2965 0.00696713
0.2975 0.0065858
0.2985 0.0053013
0.2995 0.00156077
0.3005 -0.00272132
0.3015 -0.00476649
0.3025 -0.0061171
0.3035 -0.00664085
0.3045 -0.00641882
0.3055 -0.00496044
0.3065 -0.00328075
0.3075 -0.00220757
0.3085 -0.0013547
0.3095 -0.000887373
0.3105 -0.000562625
0.3115 -0.000353336
0.3125 -0.000216683
0.3135 -0.000132563
0.3145 -8.48509e-05
0.3155 -5.60525e-05
0.3165 -3.66995e-05
0.3175 -8.24959e-06
0.3185 1.71194e-05
0.3195 2.26596e-05
0.3205 1.98942e-05
0.3215 1.44299e-05
0.3225 1.07072e-05
0.3235 5.73075e-06
0.3245 -5.41927e-06
0.3255 -1.98109e-05
0.3265 -2.77472e-05
0.3275 -2.75087e-05
0.3285 -2.37005e-05
0.3295 -2.40278e-05
0.3305 -2.88049e-05
0.3315 -3.07237e-05
0.3325 -2.50092e-05
0.3335 -1.6982e-05
0.3345 -1.56956e-05
0.3355 -2.06319e-05
0.3365 -2.25244e-05
0.3375 -1.47795e-05
0.3385 -4.25233e-06
0.3395 -3.23588e-06
0.3405 -1.15491e-05
0.3415 -1.70587e-05
0.3425 -1.13687e-05
0.3435 -1.8495e-06
0.3445 -1.80081e-06
0.3455 -1.27035e-05
0.3465 -1.92453e-05
0.3475 -1.07201e-05
0.3485 2.53688e-06
0.3495 3.56915e-06
0.3505 -8.88431e-06
0.3515 -1.6097e-05
0.3525 -4.8357e-06
0.3535 1.21765e-05
0.3545 1.47785e-05
0.3555 1.73805e-07
0.3565 -9.61561e-06
0.3575 1.96399e-06
0.3585 1.88021e-05
0.3595 1.79433e-05
0.3605 -1.3743e-06
0.3615 -1.45029e-05
0.3625 -3.52949e-06
0.3635 1.2987e-05
0.3645 1.14811e-05
0.3655 -8.85123e-06
0.3665 -2.24871e-05
0.3675 -8.23245e-06
0.3685 1.16205e-05
0.3695 9.68526e-06
0.3705 -1.17182e-05
0.3715 -2.58262e-05
0.3725 -6.73203e-06
0.3735 1.78869e-05
0.3745 1.59411e-05
0.3755 -8.90058e-06
0.3765 -2.59167e-05
0.3775 -4.06164e-06
0.3785 2.16269e-05
0.3795 1.68769e-05
0.3805 -1.36492e-05
0.3815 -3.41563e-05
0.3825 -8.46882e-06
0.3835 2.04777e-05
0.3845 1.60382e-05
0.3855 -1.8921e-05
0.3865 -4.14819e-05
0.3875 -9.71753e-06
0.3885 2.34384e-05
0.3895 1.98039e-05
0.3905 -2.25227e-05
0.3915 -5.02158e-05
0.3925 -1.63568e-05
0.3935 1.64226e-05
0.3945 1.25628e-05
0.3955 -3.72392e-05
0.3965 -6.862e-05
0.3975 -2.75723e-05
0.3985 1.03129e-05
0.3995 1.20845e-05
0.4005 -3.99343e-05
0.4015 -7.06955e-05
0.4025 -2.14651e-05
0.4035 1.90487e-05
0.4045 2.53617e-05
0.4055 -3.17788e-05
0.4065 -6.46096e-05
0.4075 -7.98541e-06
0.4085 3.15779e-05
0.4095 3.98651e-05
0.4105 -2.53851e-05
0.4115 -6.40737e-05
0.4125 4.13672e-07
0.4135 3.54841e-05
0.4145 4.50556e-05
0.4155 -2.62449e-05
0.4165 -6.89145e-05
0.4175 6.01038e-06
0.4185 3.38913e-05
0.4195 4.5023e-05
0.4205 -3.21379e-05
0.4215 -7.82337e-05
0.4225 1.20013e-05
0.4235 3.23128e-05
0.4245 4.9404e-05
0.4255 -3.25664e-05
0.4265 -8.35733e-05
0.4275 2.47593e-05
0.4285 3.27681e-05
0.4295 5.63649e-05
0.4305 -3.48156e-05
0.4315 -9.63893e-05
0.4325 3.32599e-05
0.4335 2.38495e-05
0.4345 5.73e-05
0.4355 -4.0397e-05
0.4365 -0.000112296
0.4375 4.62197e-05
0.4385 1.52342e-05
0.4395 6.38757e-05
0.4405 -3.52243e-05
0.4415 -0.000115767
0.4425 8.32818e-05
0.4435 3.07802e-05
0.4445 0.000112282
0.4455 3.91625e-05
0.4465 -3.3968e-05
0.4475 0.000202943
0.4485 7.29998e-05
0.4495 0.000116816
0.4505 -6.35945e-05
0.4515 -0.000246945
0.4525 3.40637e-05
0.4535 -0.000126482
0.4545 1.49212e-05
0.4555 -7.65774e-05
0.4565 -0.000212756
0.4575 0.000174867
0.4585 -5.8521e-05
0.4595 0.00010965
0.4605 -2.51649e-05
0.4615 -0.000234679
0.4625 0.000252891
0.4635 -8.98681e-05
0.4645 0.000139626
0.4655 -1.41627e-05
0.4665 -0.00029953
0.4675 0.00033285
0.4685 -0.000151639
0.4695 0.000166655
0.4705 -3.33587e-06
0.4715 -0.000388803
0.4725 0.000440168
0.4735 -0.000232717
0.4745 0.000206854
0.4755 2.14546e-05
0.4765 -0.000499521
0.4775 0.000591711
0.4785 -0.000337383
0.4795 0.000262383
0.4805 6.0246e-05
0.4815 -0.000643987
0.4825 0.000808687
0.4835 -0.000438589
0.4845 0.000437117
0.4855 0.000348521
0.4865 -0.000343885
0.4875 0.00211584
0.4885 0.00144575
0.4895 0.00458294
0.4905 0.00810263
0.4915 0.013415
0.4925 0.0273552
0.4935 0.0441984
0.4945 0.0760611
0.4955 0.122876
0.4965 0.185043
0.4975 0.263633
0.4985 0.353254
0.4995 0.450651
0.5005 0.549394
0.5015 0.646789
0.5025 0.736407
0.5035 0.814994
0.5045 0.877159
0.5055 0.923969
0.5065 0.955826
0.5075 0.972663
0.5085 0.9866
0.5095 0.99191
0.5105 0.995427
0.5115 0.998563
0.5125 0.997892
0.5135 1.00035
0.5145 0.999661
0.5155 0.999572
0.5165 1.00045
0.5175 0.999198
0.5185 1.00065
0.5195 0.999949
0.5205 0.999745
0.5215 1.00034
0.5225 0.999413
0.5235 1.0005
0.5245 0.999984
0.5255 0.999797
0.5265 1.00024
0.5275 0.999564
0.5285 1.0004
0.5295 1.00001
0.5305 0.999842
0.5315 1.00016
0.5325 0.999676
0.5335 1.00031
0.5345 1.00002
0.5355 0.999871
0.5365 1.0001
0.5375 0.999755
0.5385 1.00024
0.5395 1.00003
0.5405 0.99989
0.5415 1.00005
0.5425 0.999813
0.5435 1.00019
0.5445 1.00003
0.5455 0.999911
0.5465 1.00003
0.5475 0.99987
0.5485 1.00017
0.5495 1.00005
0.5505 0.999933
0.5515 1.00002
0.5525 0.999912
0.5535 1.00015
0.5545 1.00005
0.5555 0.999943
0.5565 1.00001
0.5575 0.999943
0.5585 1.00014
0.5595 1.00005
0.5605 0.999948
0.5615 0.999996
0.5625 0.999965
0.5635 1.00013
0.5645 1.00006
0.5655 0.999962
0.5665 0.999999
0.5675 0.999993
0.5685 1.00012
0.5695 1.00007
0.5705 0.999975
0.5715 0.999999
0.5725 1.00001
0.5735 1.00011
0.5745 1.00005
0.5755 0.999961
0.5765 0.999968
0.5775 0.999979
0.5785 1.00006
0.5795 1.00002
0.5805 0.99994
0.5815 0.999964
0.5825 1.00001
0.5835 1.0001
0.5845 1.00009
0.5855 1.00005
0.5865 1.00011
0.5875 1.0002
0.5885 1.0004
0.5895 1.00059
0.5905 1.00086
0.5915 1.00142
0.5925 1.00231
0.5935 1.00345
0.5945 1.00497
0.5955 1.00616
0.5965 1.00652
0.5975 1.00607
0.5985 1.00475
0.5995 1.00161
0.6005 0.997827
0.6015 0.995518
0.6025 0.993978
0.6035 0.993441
0.6045 0.993694
0.6055 0.99505
0.6065 0.99666
0.6075 0.997785
0.6085 0.99867
0.6095 0.999116
0.6105 0.999424
0.6115 0.999635
0.6125 0.99979
0.6135 0.999885
0.6145 0.999909
0.6155 0.999911
0.6165 0.999932
0.6175 0.999982
0.6185 1.00002
0.6195 1.00001
0.6205 0.999992
0.6215 0.999989
0.6225 1
0.6235 1.00001
0.6245 0.999985
0.6255 0.99995
0.6265 0.999949
0.6275 0.999966
0.6285 0.999979
0.6295 0.999962
0.6305 0.999941
0.6315 0.999945
0.6325 0.999964
0.6335 0.999976
0.6345 0.999967
0.6355 0.999954
0.6365 0.999959
0.6375 0.999974
0.6385 0.999984
0.6395 0.999975
0.6405 0.999963
0.6415 0.999961
0.6425 0.999953
0.6435 0.999924
0.6445 0.999882
0.6455 0.99988
0.6465 0.999961
0.6475 1.00007
0.6485 1.0001
0.6495 1.00004
0.6505 0.999929
0.6515 0.999874
0.6525 0.999903
0.6535 0.999998
0.6545 1.00007
0.6555 1.00008
0.6565 1.00005
0.6575 1.00001
0.6585 0.999992
0.6595 0.999983
0.6605 0.99998
0.6615 0.999983
0.6625 0.999989
0.6635 0.999989
0.6645 0.999984
0.6655 0.99998
0.6665 0.999982
0.6675 0.999985
0.6685 0.999985
0.6695 0.999981
0.6705 0.999981
0.6715 0.999985
0.6725 0.999988
0.6735 0.999989
0.6745 0.999988
0.6755 0.99999
0.6765 0.999993
0.6775 0.999991
0.6785 0.999986
0.6795 0.999982
0.6805 0.999987
0.6815 0.999992
0.6825 0.999985
0.6835 0.999977
0.6845 0.999974
0.6855 0.999987
0.6865 0.999997
0.6875 0.999987
0.6885 0.999976
0.6895 0.999975
0.6905 0.999988
0.6915 0.999997
0.6925 0.999981
0.6935 0.999965
0.6945 0.999961
0.6955 0.999978
0.6965 0.999989
0.6975 0.999972
0.6985 0.999957
0.6995 0.999955
0.7005 0.999981
0.7015 0.999999
0.7025 0.999981
0.7035 0.999969
0.7045 0.99997
0.7055 0.999999
0.7065 1.00002
0.7075 0.999993
0.7085 0.999979
0.7095 0.999978
0.7105 1.00001
0.7115 1.00003
0.7125 0.999996
0.7135 0.999981
0.7145 0.999979
0.7155 1.00001
0.7165 1.00003
0.7175 0.999992
0.7185 0.999976
0.7195 0.999969
0.7205 1.00001
0.7215 1.00003
0.7225 0.999982
0.7235 0.999971
0.7245 0.999963
0.7255 1
0.7265 1.00003
0.7275 0.999977
0.7285 0.999972
0.7295 0.99996
0.7305 1
0.7315 1.00003
0.7325 0.999967
0.7335 0.999971
0.7345 0.999953
0.7355 1
0.7365 1.00004
0.7375 0.999956
0.7385 0.999972
0.7395 0.999949
0.7405 1
0.7415 1.00004
0.7425 0.999947
0.7435 0.999979
0.7445 0.999948
0.7455 1
0.7465 1.00005
0.7475 0.999935
0.7485 0.999989
0.7495 0.999948
0.7505 1.00001
0.7515 1.00007
0.7525 0.999921
0.7535 1
0.7545 0.999947
0.7555 1.00001
0.7565 1.00009
0.7575 0.9999
0.7585 1.00002
0.7595 0.99994
0.7605 1.00001
0.7615 1.00011
0.7625 0.999869
0.7635 1.00004
0.7645 0.999927
0.7655 1
0.7665 1.00014
0.7675 0.999826
0.7685 1.00007
0.7695 0.99991
0.7705 0.999995
0.7715 1.00019
0.7725 0.999771
0.7735 1.00011
0.7745 0.999894
0.7755 0.999988
0.7765 1.00025
0.7775 0.999702
0.7785 1.00017
0.7795 0.999871
0.7805 0.999972
0.7815 1.00032
0.7825 0.999594
0.7835 1.00022
0.7845 0.999784
0.7855 0.99983
0.7865 1.00018
0.7875 0.998948
0.7885 0.99929
0.7895 0.997728
0.7905 0.995969
0.7915 0.993305
0.7925 0.98633
0.7935 0.977913
0.7945 0.962004
0.7955 0.93862
0.7965 0.907544
0.7975 0.868243
0.7985 0.823414
0.7995 0.774678
0.8005 0.725238
0.8015 0.676489
0.8025 0.63167
0.8035 0.592411
0.8045 0.561367
0.8055 0.537987
0.8065 0.522078
0.8075 0.513679
0.8085 0.506727
0.8095 0.504077
0.8105 0.502316
0.8115 0.500745
0.8125 0.501081
0.8135 0.499858
0.8145 0.50021
0.8155 0.500253
0.8165 0.499811
0.8175 0.50043
0.8185 0.499703
0.8195 0.500056
0.8205 0.500153
0.8215 0.499845
0.8225 0.500301
0.8235 0.499751
0.8245 0.50001
0.8255 0.500101
0.8265 0.49988
0.8275 0.500215
0.8285 0.499799
0.8295 0.499992
0.8305 0.500077
0.8315 0.499917
0.8325 0.500159
0.8335 0.499843
0.8345 0.499986
0.8355 0.500062
0.8365 0.499947
0.8375 0.500118
0.8385 0.499874
0.8395 0.499981
0.8405 0.50005
0.8415 0.499968
0.8425 0.500087
0.8435 0.499898
0.8445 0.499977
0.8455 0.500038
0.8465 0.499978
0.8475 0.500058
0.8485 0.499908
0.8495 0.499969
0.8505 0.500024
0.8515 0.49998
0.8525 0.500033
0.8535 0.499914
0.8545 0.499964
0.8555 0.500017
0.8565 0.499985
0.8575 0.500018
0.8585 0.499922
0.8595 0.499965
0.8605 0.500015
0.8615 0.499991
0.8625 0.500008
0.8635 0.49993
0.8645 0.499967
0.8655 0.500017
0.8665 0.500001
0.8675 0.500007
0.8685 0.499943
0.8695 0.499974
0.8705 0.500019
0.8715 0.500007
0.8725 0.500002
0.8735 0.499947
0.8745 0.499972
0.8755 0.500012
0.8765 0.500003
0.8775 0.499994
0.8785 0.49995
0.8795 0.499974
0.8805 0.500014
0.8815 0.500011
0.8825 0.500001
0.8835 0.499968
0.8845 0.499992
0.8855 0.500029
0.8865 0.500021
0.8875 0.500002
0.8885 0.49997
0.8895 0.49999
0.8905 0.500022
0.8915 0.500015
0.8925 0.499991
0.8935 0.49996
0.8945 0.499974
0.8955 0.500001
0.8965 0.499993
0.8975 0.499966
0.8985 0.499935
0.8995 0.499948
0.9005 0.499972
0.9015 0.499971
0.9025 0.49995
0.9035 0.499929
0.9045 0.499949
0.9055 0.499979
0.9065 0.499984
0.9075 0.499969
0.9085 0.499954
0.9095 0.499973
0.9105 0.499999
0.9115 0.500002
0.9125 0.499981
0.9135 0.49996
0.9145 0.499972
0.9155 0.499993
0.9165 0.499996
0.9175 0.499979
0.9185 0.499964
0.9195 0.499978
0.9205 0.499999
0.9215 0.500005
0.9225 0.499989
0.9235 0.499974
0.9245 0.499984
0.9255 0.5
0.9265 0.500002
0.9275 0.499982
0.9285 0.499964
0.9295 0.499973
0.9305 0.499988
0.9315 0.499993
0.9325 0.499979
0.9335 0.499967
0.9345 0.499977
0.9355 0.499994
0.9365 0.500001
0.9375 0.499989
0.9385 0.499978
0.9395 0.499986
0.9405 0.500001
0.9415 0.500009
0.9425 0.500012
0.9435 0.50003
0.9445 0.500086
0.9455 0.500204
0.9465 0.500352
0.9475 0.500424
0.9485 0.50036
0.9495 0.50013
0.9505 0.499807
0.9515 0.499582
0.9525 0.49952
0.9535 0.4996
0.9545 0.499753
0.9555 0.499872
0.9565 0.499928
0.9575 0.499946
0.9585 0.499948
0.9595 0.499954
0.9605 0.499965
0.9615 0.49997
0.9625 0.499952
0.9635 0.499934
0.9645 0.499936
0.9655 0.499947
0.9665 0.499952
0.9675 0.499933
0.9685 0.499913
0.9695 0.499917
0.9705 0.499933
0.9715 0.499944
0.9725 0.499933
0.9735 0.499922
0.9745 0.499933
0.9755 0.499975
0.9765 0.50001
0.9775 0.500013
0.9785 0.500012
0.9795 0.500019
0.9805 0.50003
0.9815 0.500024
0.9825 0.499974
0.9835 0.499908
0.9845 0.499857
0.9855 0.499808
0.9865 0.499719
0.9875 0.499525
0.9885 0.49919
0.9895 0.498645
0.9905 0.497775
0.9915 0.496544
0.9925 0.494369
0.9935 0.491902
0.9945 0.491257
0.9955 0.493686
0.9965 0.500527
0.9975 0.511444
0.9985 0.528017
0.9995 0.540888

# time= 0.75
0.0005 0.536015
0.0015 0.536793
0.0025 0.534929
0.0035 0.531005
0.0045 0.523348
0.0055 0.516423
0.0065 0.511734
0.0075 0.508064
0.0085 0.505488
0.0095 0.503397
0.0105 0.502345
0.0115 0.501555
0.0125 0.50092
0.0135 0.500603
0.0145 0.500341
0.0155 0.500202
0.0165 0.500184
0.0175 0.500052
0.0185 0.500038
0.0195 0.499996
0.0205 0.499978
0.0215 0.500068
0.0225 0.499985
0.0235 0.500027
0.0245 0.500012
0.0255 0.500011
0.0265 0.500133
0.0275 0.500031
0.0285 0.500078
0.0295 0.500052
0.0305 0.50003
0.0315 0.500161
0.0325 0.500017
0.0335 0.500056
0.0345 0.500007
0.0355 0.499928
0.0365 0.500008
0.0375 0.4997
0.0385 0.499516
0.0395 0.49905
0.0405 0.498256
0.0415 0.497186
0.0425 0.494958
0.0435 0.491845
0.0445 0.486759
0.0455 0.479129
0.0465 0.467986
0.0475 0.451717
0.0485 0.433035
0.0495 0.412598
0.0505 0.390654
0.0515 0.369706
0.0525 0.34782
0.0535 0.326801
0.0545 0.30745
0.0555 0.289412
0.0565 0.276035
0.0575 0.266776
0.0585 0.260555
0.0595 0.25649
0.0605 0.253905
0.0615 0.252301
0.0625 0.251328
0.0635 0.250754
0.0645 0.250423
0.0655 0.250238
0.0665 0.250137
0.0675 0.25008
0.0685 0.25005
0.0695 0.250035
0.0705 0.250029
0.0715 0.250025
0.0725 0.25002
0.0735 0.250015
0.0745 0.250015
0.0755 0.250016
0.0765 0.250016
0.0775 0.250015
0.0785 0.250015
0.0795 0.250018
0.0805 0.250021
0.0815 0.250023
0.0825 0.25002
0.0835 0.250017
0.0845 0.250019
0.0855 0.250021
0.0865 0.250023
0.0875 0.25002
0.0885 0.250019
0.0895 0.250021
0.0905 0.250027
0.0915 0.250037
0.0925 0.250055
0.0935 0.25009
0.0945 0.250152
0.0955 0.250268
0.0965 0.250357
0.0975 0.250356
0.0985 0.250284
0.0995 0.25016
0.1005 0.249947
0.1015 0.249772
0.1025 0.249707
0.1035 0.249706
0.1045 0.249789
0.1055 0.249897
0.1065 0.249953
0.1075 0.249982
0.1085 0.249995
0.1095 0.25
0.1105 0.250002
0.1115 0.250003
0.1125 0.249998
0.1135 0.249993
0.1145 0.249993
0.1155 0.249995
0.1165 0.249996
0.1175 0.249992
0.1185 0.249989
0.1195 0.249991
0.1205 0.249995
0.1215 0.249997
0.1225 0.249997
0.1235 0.249997
0.1245 0.249997
0.1255 0.25
0.1265 0.250001
0.1275 0.250001
0.1285 0.25
0.1295 0.250002
0.1305 0.250004
0.1315 0.250005
0.1325 0.250005
0.1335 0.250005
0.1345 0.250007
0.1355 0.25001
0.1365 0.250011
0.1375 0.250012
0.1385 0.250012
0.1395 0.250014
0.1405 0.250016
0.1415 0.250016
0.1425 0.250014
0.1435 0.250013
0.1445 0.250015
0.1455 0.250021
0.1465 0.250027
0.1475 0.25003
0.1485 0.250031
0.1495 0.25003
0.1505 0.250026
0.1515 0.250015
0.1525 0.250002
0.1535 0.249993
0.1545 0.249989
0.1555 0.249988
0.1565 0.249989
0.1575 0.249991
0.1585 0.249993
0.1595 0.250002
0.1605 0.250009
0.1615 0.25001
0.1625 0.250009
0.1635 0.250009
0.1645 0.250011
0.1655 0.250012
0.1665 0.250011
0.1675 0.250008
0.1685 0.250006
0.1695 0.250007
0.1705 0.250008
0.1715 0.250006
0.1725 0.250003
0.1735 0.250001
0.1745 0.250002
0.1755 0.250003
0.1765 0.250002
0.1775 0.249999
0.1785 0.249997
0.1795 0.249998
0.1805 0.25
0.1815 0.249998
0.1825 0.249995
0.1835 0.249994
0.1845 0.249995
0.1855 0.249998
0.1865 0.249997
0.1875 0.249994
0.1885 0.249994
0.1895 0.249996
0.1905 0.249999
0.1915 0.25
0.1925 0.249998
0.1935 0.249999
0.1945 0.250003
0.1955 0.250008
0.1965 0.250009
0.1975 0.250009
0.1985 0.25001
0.1995 0.250014
0.2005 0.250019
0.2015 0.250019
0.2025 0.250016
0.2035 0.250015
0.2045 0.250016
0.2055 0.250018
0.2065 0.250016
0.2075 0.250012
0.2085 0.250009
0.2095 0.25001
0.2105 0.250012
0.2115 0.250012
0.2125 0.250008
0.2135 0.250006
0.2145 0.250009
0.2155 0.250012
0.2165 0.250013
0.2175 0.250008
0.2185 0.250006
0.2195 0.250008
0.2205 0.250012
0.2215 0.250012
0.2225 0.250007
0.2235 0.250006
0.2245 0.250009
0.2255 0.250014
0.2265 0.250017
0.2275 0.250014
0.2285 0.250017
0.2295 0.250027
0.2305 0.250048
0.2315 0.250079
0.2325 0.250132
0.2335 0.250242
0.2345 0.25045
0.2355 0.25083
0.2365 0.251495
0.2375 0.252638
0.2385 0.254581
0.2395 0.257795
0.2405 0.262977
0.2415 0.271109
0.2425 0.283541
0.2435 0.302053
0.2445 0.328807
0.2455 0.364886
0.2465 0.403589
0.2475 0.445611
0.2485 0.489369
0.2495 0.531264
0.2505 0.575158
0.2515 0.616034
0.2525 0.653381
0.2535 0.685909
0.2545 0.7082
0.2555 0.723466
0.2565 0.733644
0.2575 0.739848
0.2585 0.7443
0.2595 0.746443
0.2605 0.748037
0.2615 0.748974
0.2625 0.74932
0.2635 0.749927
0.2645 0.749765
0.2655 0.749928
0.2665 0.750031
0.2675 0.74993
0.2685 0.750211
0.2695 0.74995
0.2705 0.750009
0.2715 0.750073
0.2725 0.749964
0.2735 0.75018
0.2745 0.749951
0.2755 0.749984
0.2765 0.750043
0.2775 0.749947
0.2785 0.750125
0.2795 0.749938
0.2805 0.749973
0.2815 0.75005
0.2825 0.749993
0.2835 0.750168
0.2845 0.750048
0.2855 0.750138
0.2865 0.750303
0.2875 0.750368
0.2885 0.750669
0.2895 0.750786
0.2905 0.751182
0.2915 0.75189
0.2925 0.752628
0.2935 0.753522
0.2945 0.754178
0.2955 0.754848
0.2965 0.755127
0.2975 0.754695
0.2985 0.753728
0.2995 0.750924
0.3005 0.748374
0.3015 0.746762
0.3025 0.745259
0.3035 0.745057
0.3045 0.745336
0.3055 0.745804
0.3065 0.746586
0.3075 0.747427
0.3085 0.748208
0.3095 0.748634
0.3105 0.749144
0.3115 0.749519
0.3125 0.749591
0.3135 0.749787
0.3145 0.749789
0.3155 0.749842
0.3165 0.749995
0.3175 0.749947
0.3185 0.750035
0.3195 0.749962
0.3205 0.749939
0.3215 0.75006
0.3225 0.749969
0.3235 0.750035
0.3245 0.749966
0.3255 0.749927
0.3265 0.750046
0.3275 0.749933
0.3285 0.750008
0.3295 0.749952
0.3305 0.74991
0.3315 0.750049
0.3325 0.749912
0.3335 0.749986
0.3345 0.749922
0.3355 0.749833
0.3365 0.74992
0.3375 0.749621
0.3385 0.749469
0.3395 0.748991
0.3405 0.748186
0.3415 0.747114
0.3425 0.744893
0.3435 0.74181
0.3445 0.73671
0.3455 0.72907
0.3465 0.717922
0.3475 0.701665
0.3485 0.683009
0.3495 0.662562
0.3505 0.640611
0.3515 0.619662
0.3525 0.597792
0.3535 0.576796
0.3545 0.55744
0.3555 0.539395
0.3565 0.526017
0.3575 0.516765
0.3585 0.510561
0.3595 0.506491
0.3605 0.503891
0.3615 0.502279
0.3625 0.50131
0.3635 0.500747
0.3645 0.500411
0.3655 0.500212
0.3665 0.500104
0.3675 0.500051
0.3685 0.500034
0.3695 0.500016
0.3705 0.499999
0.3715 0.499992
0.3725 0.499994
0.3735 0.500005
0.3745 0.500004
0.3755 0.499995
0.3765 0.499991
0.3775 0.499994
0.3785 0.500004
0.3795 0.500002
0.3805 0.499994
0.3815 0.499989
0.3825 0.499991
0.3835 0.499999
0.3845 0.499998
0.3855 0.499991
0.3865 0.499987
0.3875 0.499989
0.3885 0.499996
0.3895 0.499996
0.3905 0.499988
0.3915 0.499982
0.3925 0.499983
0.3935 0.499988
0.3945 0.499986
0.3955 0.499979
0.3965 0.499974
0.3975 0.499975
0.3985 0.499981
0.3995 0.499981
0.4005 0.499977
0.4015 0.499975
0.4025 0.499979
0.4035 0.499986
0.4045 0.499989
0.4055 0.499986
0.4065 0.499984
0.4075 0.499989
0.4085 0.499996
0.4095 0.499999
0.4105 0.499995
0.4115 0.499992
0.4125 0.499994
0.4135 0.5
0.4145 0.500002
0.4155 0.499997
0.4165 0.499992
0.4175 0.499994
0.4185 0.499999
0.4195 0.500001
0.4205 0.499996
0.4215 0.499991
0.4225 0.499994
0.4235 0.499999
0.4245 0.500002
0.4255 0.499997
0.4265 0.499993
0.4275 0.499995
0.4285 0.5
0.4295 0.500003
0.4305 0.499997
0.4315 0.499992
0.4325 0.499993
0.4335 0.499997
0.4345 0.499998
0.4355 0.499994
0.4365 0.499991
0.4375 0.499993
0.4385 0.499998
0.4395 0.500002
0.4405 0.500004
0.4415 0.500009
0.4425 0.500018
0.4435 0.500033
0.4445 0.500046
0.4455 0.500051
0.4465 0.500051
0.4475 0.500047
0.4485 0.500037
0.4495 0.500018
0.4505 0.499984
0.4515 0.499955
0.4525 0.499945
0.4535 0.499943
0.4545 0.499946
0.4555 0.499952
0.4565 0.49996
0.4575 0.499976
0.4585 0.499992
0.4595 0.499996
0.4605 0.499996
0.4615 0.499997
0.4625 0.500001
0.4635 0.500005
0.4645 0.500004
0.4655 0.500001
0.4665 0.499999
0.4675 0.500001
0.4685 0.500003
0.4695 0.500001
0.4705 0.499998
0.4715 0.499996
0.4725 0.499998
0.4735 0.500001
0.4745 0.499999
0.4755 0.499995
0.4765 0.499994
0.4775 0.499997
0.4785 0.499998
0.4795 0.499994
0.4805 0.499987
0.4815 0.499985
0.4825 0.499993
0.4835 0.5
0.4845 0.499997
0.4855 0.499991
0.4865 0.499988
0.4875 0.499995
0.4885 0.500002
0.4895 0.5
0.4905 0.499993
0.4915 0.49998
0.4925 0.499953
0.4935 0.499892
0.4945 0.499778
0.4955 0.49955
0.4965 0.499373
0.4975 0.499369
0.4985 0.499495
0.4995 0.499844
0.5005 0.500266
0.5015 0.500509
0.5025 0.50065
0.5035 0.500652
0.5045 0.500479
0.5055 0.500252
0.5065 0.500133
0.5075 0.500068
0.5085 0.500038
0.5095 0.500022
0.5105 0.500013
0.5115 0.50001
0.5125 0.500015
0.5135 0.50002
0.5145 0.500017
0.5155 0.500011
0.5165 0.500008
0.5175 0.500015
0.5185 0.500023
0.5195 0.50002
0.5205 0.500013
0.5215 0.500009
0.5225 0.500009
0.5235 0.500011
0.5245 0.500009
0.5255 0.500005
0.5265 0.500003
0.5275 0.500006
0.5285 0.500008
0.5295 0.500002
0.5305 0.499992
0.5315 0.499975
0.5325 0.499948
0.5335 0.499894
0.5345 0.499789
0.5355 0.499598
0.5365 0.499264
0.5375 0.49869
0.5385 0.497718
0.5395 0.49611
0.5405 0.493518
0.5415 0.489452
0.5425 0.483235
0.5435 0.473981
0.5445 0.460605
0.5455 0.442567
0.5465 0.423221
0.5475 0.402211
0.5485 0.380335
0.5495 0.35939
0.5505 0.337445
0.5515 0.317011
0.5525 0.298337
0.5535 0.282075
0.5545 0.270929
0.5555 0.263297
0.5565 0.258213
0.5575 0.255109
0.5585 0.252884
0.5595 0.251811
0.5605 0.251015
0.5615 0.250554
0.5625 0.25038
0.5635 0.250078
0.5645 0.250158
0.5655 0.250079
0.5665 0.250038
0.5675 0.250088
0.5685 0.249949
0.5695 0.250074
0.5705 0.250046
0.5715 0.25002
0.5725 0.250066
0.5735 0.249953
0.5745 0.250053
0.5755 0.250027
0.5765 0.249998
0.5775 0.250035
0.5785 0.249944
0.5795 0.250029
0.5805 0.250021
0.5815 0.25001
0.5825 0.250061
0.5835 0.250016
0.5845 0.250123
0.5855 0.250172
0.5865 0.250234
0.5875 0.250391
0.5885 0.250505
0.5895 0.25086
0.5905 0.251387
0.5915 0.251905
0.5925 0.252673
0.5935 0.253665
0.5945 0.254392
0.5955 0.254671
0.5965 0.254622
0.5975 0.25417
0.5985 0.25293
0.5995 0.251084
0.6005 0.248695
0.6015 0.246933
0.6025 0.245939
0.6035 0.245377
0.6045 0.245375
0.6055 0.245718
0.6065 0.24644
0.6075 0.247345
0.6085 0.248091
0.6095 0.248718
0.6105 0.249093
0.6115 0.249426
0.6125 0.24963
0.6135 0.249727
0.6145 0.249832
0.6155 0.24989
0.6165 0.249931
0.6175 0.249974
0.6185 0.249972
0.6195 0.249994
0.6205 0.25
0.6215 0.249997
0.6225 0.250006
0.6235 0.249987
0.6245 0.249992
0.6255 0.249985
0.6265 0.249973
0.6275 0.249976
0.6285 0.24996
0.6295 0.249966
0.6305 0.249966
0.6315 0.249962
0.6325 0.249972
0.6335 0.249962
0.6345 0.249971
0.6355 0.249969
0.6365 0.249963
0.6375 0.249977
0.6385 0.249964
0.6395 0.249952
0.6405 0.249916
0.6415 0.249874
0.6425 0.24986
0.6435 0.249828
0.6445 0.249859
0.6455 0.250012
0.6465 0.250248
0.6475 0.250374
0.6485 0.250265
0.6495 0.250024
0.6505 0.249733
0.6515 0.249573
0.6525 0.249614
0.6535 0.249817
0.6545 0.250056
0.6555 0.250152
0.6565 0.250148
0.6575 0.250116
0.6585 0.250066
0.6595 0.250035
0.6605 0.249999
0.6615 0.249976
0.6625 0.249999
0.6635 0.249999
0.6645 0.250003
0.6655 0.249993
0.6665 0.249977
0.6675 0.25
0.6685 0.249994
0.6695 0.249995
0.6705 0.249986
0.6715 0.24997
0.6725 0.250001
0.6735 0.249997
0.6745 0.250002
0.6755 0.249992
0.6765 0.24997
0.6775 0.250004
0.6785 0.249996
0.6795 0.250001
0.6805 0.249991
0.6815 0.249962
0.6825 0.25
0.6835 0.24999
0.6845 0.249999
0.6855 0.249992
0.6865 0.249957
0.6875 0.250001
0.6885 0.249986
0.6895 0.25
0.6905 0.249995
0.6915 0.249949
0.6925 0.249999
0.6935 0.249977
0.6945 0.249994
0.6955 0.24999
0.6965 0.249931
0.6975 0.249995
0.6985 0.249971
0.6995 0.249996
0.7005 0.249997
0.7015 0.249925
0.7025 0.250007
0.7035 0.24998
0.7045 0.250012
0.7055 0.250017
0.7065 0.249926
0.7075 0.250024
0.7085 0.249989
0.7095 0.250025
0.7105 0.250034
0.7115 0.249918
0.7125 0.250035
0.7135 0.24999
0.7145 0.25003
0.7155 0.250044
0.7165 0.2499
0.7175 0.250042
0.7185 0.249982
0.7195 0.250027
0.7205 0.250049
0.7215 0.249872
0.7225 0.250048
0.7235 0.249974
0.7245 0.250025
0.7255 0.250059
0.7265 0.249844
0.7275 0.250062
0.7285 0.249972
0.7295 0.250025
0.7305 0.250076
0.7315 0.24982
0.7325 0.250101
0.7335 0.25001
0.7345 0.250098
0.7355 0.250253
0.7365 0.250092
0.7375 0.2507
0.7385 0.251055
0.7395 0.251982
0.7405 0.253569
0.7415 0.255711
0.7425 0.260165
0.7435 0.26638
0.7445 0.276549
0.7455 0.291811
0.7465 0.3141
0.7475 0.34663
0.7485 0.383986
0.7495 0.424855
0.7505 0.468744
0.7515 0.510636
0.7525 0.554397
0.7535 0.596424
0.7545 0.635121
0.7555 0.671196
0.7565 0.697947
0.7575 0.716461
0.7585 0.728899
0.7595 0.73703
0.7605 0.742207
0.7615 0.745421
0.7625 0.747366
0.7635 0.748515
0.7645 0.74918
0.7655 0.749556
0.7665 0.749764
0.7675 0.749874
0.7685 0.749931
0.7695 0.749962
0.7705 0.74998
0.7715 0.749989
0.7725 0.749992
0.7735 0.749993
0.7745 0.749995
0.7755 0.749999
0.7765 0.75
0.7775 0.75
0.7785 0.75
0.7795 0.750003
0.7805 0.750007
0.7815 0.750008
0.7825 0.750005
0.7835 0.750003
0.7845 0.750005
0.7855 0.750009
0.7865 0.750011
0.7875 0.750011
0.7885 0.750011
0.7895 0.750014
0.7905 0.75002
0.7915 0.75003
0.7925 0.750048
0.7935 0.750085
0.7945 0.750151
0.7955 0.750257
0.7965 0.750333
0.7975 0.750325
0.7985 0.750239
0.7995 0.750095
0.8005 0.749861
0.8015 0.749671
0.8025 0.7496
0.8035 0.749605
0.8045 0.749709
0.8055 0.749843
0.8065 0.749918
0.8075 0.749964
0.8085 0.749991
0.8095 0.750008
0.8105 0.750018
0.8115 0.750022
0.8125 0.750023
0.8135 0.750023
0.8145 0.750025
0.8155 0.750028
0.8165 0.750029
0.8175 0.750023
0.8185 0.750016
0.8195 0.750015
0.8205 0.750015
0.8215 0.750014
0.8225 0.750007
0.8235 0.75
0.8245 0.749999
0.8255 0.749998
0.8265 0.749997
0.8275 0.749994
0.8285 0.749989
0.8295 0.749986
0.8305 0.749979
0.8315 0.749965
0.8325 0.749934
0.8335 0.749876
0.8345 0.749774
0.8355 0.749588
0.8365 0.749256
0.8375 0.74868
0.8385 0.747706
0.8395 0.7461
0.8405 0.743513
0.8415 0.739448
0.8425 0.733227
0.8435 0.723969
0.8445 0.710593
0.8455 0.692557
0.8465 0.673208
0.8475 0.652191
0.8485 0.630308
0.8495 0.609362
0.8505 0.587419
0.8515 0.566984
0.8525 0.548303
0.8535 0.532036
0.8545 0.520893
0.8555 0.513265
0.8565 0.50818
0.8575 0.505069
0.8585 0.502841
0.8595 0.501773
0.8605 0.500982
0.8615 0.500518
0.8625 0.500338
0.8635 0.500034
0.8645 0.500119
0.8655 0.500045
0.8665 0.5
0.8675 0.500043
0.8685 0.499902
0.8695 0.500034
0.8705 0.50001
0.8715 0.499982
0.8725 0.500023
0.8735 0.499912
0.8745 0.500023
0.8755 0.500008
0.8765 0.49998
0.8775 0.500013
0.8785 0.499925
0.8795 0.500018
0.8805 0.500011
0.8815 0.499989
0.8825 0.500016
0.8835 0.499946
0.8845 0.500023
0.8855 0.500021
0.8865 0.5
0.8875 0.500017
0.8885 0.499956
0.8895 0.500016
0.8905 0.500015
0.8915 0.499994
0.8925 0.500003
0.8935 0.499949
0.8945 0.499995
0.8955 0.499994
0.8965 0.499974
0.8975 0.499979
0.8985 0.499933
0.8995 0.499969
0.9005 0.499972
0.9015 0.499958
0.9025 0.499964
0.9035 0.499932
0.9045 0.499967
0.9055 0.499977
0.9065 0.49997
0.9075 0.499977
0.9085 0.499952
0.9095 0.499982
0.9105 0.499992
0.9115 0.499985
0.9125 0.499986
0.9135 0.499962
0.9145 0.499983
0.9155 0.499992
0.9165 0.499987
0.9175 0.499986
0.9185 0.499967
0.9195 0.499986
0.9205 0.499998
0.9215 0.499996
0.9225 0.499991
0.9235 0.499973
0.9245 0.499988
0.9255 0.5
0.9265 0.499998
0.9275 0.499987
0.9285 0.499965
0.9295 0.499979
0.9305 0.499995
0.9315 0.499996
0.9325 0.499987
0.9335 0.499971
0.9345 0.499988
0.9355 0.500006
0.9365 0.500003
0.9375 0.49998
0.9385 0.499956
0.9395 0.499974
0.9405 0.50001
0.9415 0.500049
0.9425 0.500084
0.9435 0.500133
0.9445 0.500235
0.9455 0.500487
0.9465 0.500695
0.9475 0.500692
0.9485 0.500548
0.9495 0.500161
0.9505 0.4997
0.9515 0.499437
0.9525 0.499276
0.9535 0.499268
0.9545 0.499471
0.9555 0.499721
0.9565 0.499824
0.9575 0.499872
0.9585 0.499905
0.9595 0.499942
0.9605 0.499975
0.9615 0.499989
0.9625 0.49996
0.9635 0.499931
0.9645 0.499924
0.9655 0.499937
0.9665 0.499948
0.9675 0.499929
0.9685 0.499917
0.9695 0.499916
0.9705 0.499933
0.9715 0.499951
0.9725 0.499936
0.9735 0.499935
0.9745 0.499944
0.9755 0.499973
0.9765 0.500004
0.9775 0.499995
0.9785 0.499995
0.9795 0.499989
0.9805 0.499989
0.9815 0.499986
0.9825 0.499928
0.9835 0.499875
0.9845 0.499778
0.9855 0.499633
0.9865 0.499487
0.9875 0.499199
0.9885 0.498668
0.9895 0.498079
0.9905 0.497184
0.9915 0.496279
0.9925 0.496053
0.9935 0.496647
0.9945 0.498413
0.9955 0.50165
0.9965 0.506533
0.9975 0.513745
0.9985 0.523072
0.9995 0.530253

# time= 1
0.0005 -2.56844e+80
0.0015 2.16003e+75
0.0025 -1.81657e+70
0.0035 1.52772e+65
0.0045 -1.2848e+60
0.0055 1.0805e+55
0.0065 -9.08691e+49
0.0075 7.642e+44
0.0085 -6.42685e+39
0.0095 5.40492e+34
0.0105 -4.54549e+29
0.0115 3.82271e+24
0.0125 -3.21486e+19
0.0135 2.70367e+14
0.0145 -2.27376e+09
0.0155 19037.3
0.0165 -15.9867
0.0175 -2.08147
0.0185 0.470781
0.0195 0.913552
0.0205 0.985048
0.0215 0.996681
0.0225 0.999733
0.0235 0.999851
0.0245 1.00017
0.0255 0.999991
0.0265 0.999858
0.0275 1.00026
0.0285 1
0.0295 1.00017
0.0305 1.00002
0.0315 0.999912
0.0325 1.00022
0.0335 1.00004
0.0345 1.00014
0.0355 1.00001
0.0365 0.999931
0.0375 1.00017
0.0385 1.00004
0.0395 1.00011
0.0405 1
0.0415 0.999943
0.0425 1.00013
0.0435 1.00005
0.0445 1.00009
0.0455 0.999997
0.0465 0.999953
0.0475 1.0001
0.0485 1.00005
0.0495 1.00007
0.0505 0.999989
0.0515 0.999955
0.0525 1.00008
0.0535 1.00004
0.0545 1.00004
0.0555 0.999976
0.0565 0.999953
0.0575 1.00005
0.0585 1.00003
0.0595 1.00003
0.0605 0.999976
0.0615 0.999963
0.0625 1.00005
0.0635 1.00004
0.0645 1.00003
0.0655 0.999985
0.0665 0.999977
0.0675 1.00005
0.0685 1.00005
0.0695 1.00003
0.0705 0.99999
0.0715 0.999983
0.0725 1.00004
0.0735 1.00004
0.0745 1.00003
0.0755 0.99999
0.0765 0.999986
0.0775 1.00004
0.0785 1.00004
0.0795 1.00003
0.0805 0.999995
0.0815 0.999994
0.0825 1.00004
0.0835 1.00004
0.0845 1.00003
0.0855 0.999999
0.0865 0.999999
0.0875 1.00004
0.0885 1.00005
0.0895 1.00004
0.0905 1.00003
0.0915 1.00005
0.0925 1.00011
0.0935 1.00015
0.0945 1.00018
0.0955 1.00019
0.0965 1.00021
0.0975 1.00023
0.0985 1.00019
0.0995 1.00009
0.1005 0.999966
0.1015 0.999895
0.1025 0.999864
0.1035 0.99985
0.1045 0.999847
0.1055 0.99986
0.1065 0.9999
0.1075 0.999954
0.1085 0.999982
0.1095 0.999985
0.1105 0.99998
0.1115 0.999986
0.1125 1
0.1135 1.00001
0.1145 0.999996
0.1155 0.999981
0.1165 0.999986
0.1175 1
0.1185 1.00001
0.1195 0.999994
0.1205 0.999981
0.1215 0.999989
0.1225 1
0.1235 1.00001
0.1245 0.999998
0.1255 0.999987
0.1265 0.999994
0.1275 1.00001
0.1285 1.00001
0.1295 1
0.1305 0.999992
0.1315 0.999999
0.1325 1.00001
0.1335 1.00002
0.1345 1.00001
0.1355 0.999997
0.1365 1
0.1375 1.00001
0.1385 1.00002
0.1395 1
0.1405 0.99998
0.1415 0.999936
0.1425 0.999896
0.1435 0.99989
0.1445 0.999933
0.1455 1.00005
0.1465 1.00022
0.1475 1.00033
0.1485 1.00031
0.1495 1.00013
0.1505 0.999903
0.1515 0.999779
0.1525 0.999751
0.1535 0.999814
0.1545 0.999968
0.1555 1.00009
0.1565 1.00012
0.1575 1.0001
0.1585 1.00005
0.1595 1.00002
0.1605 1.00001
0.1615 1.00001
0.1625 1.00001
0.1635 1
0.1645 1
0.1655 1
0.1665 1.00001
0.1675 1.00001
0.1685 1.00001
0.1695 0.999999
0.1705 1
0.1715 1.00001
0.1725 1.00001
0.1735 1
0.1745 0.999996
0.1755 0.999999
0.1765 1.00001
0.1775 1.00001
0.1785 0.999998
0.1795 0.999992
0.1805 0.999996
0.1815 1
0.1825 1
0.1835 0.999994
0.1845 0.999989
0.1855 0.999994
0.1865 1
0.1875 1
0.1885 0.999993
0.1895 0.999989
0.1905 0.999997
0.1915 1.00001
0.1925 1.00001
0.1935 0.999997
0.1945 0.999995
0.1955 1.00001
0.1965 1.00002
0.1975 1.00002
0.1985 1.00001
0.1995 1.00001
0.2005 1.00002
0.2015 1.00002
0.2025 1.00002
0.2035 1.00001
0.2045 1.00001
0.2055 1.00002
0.2065 1.00002
0.2075 1.00002
0.2085 1
0.2095 1
0.2105 1.00001
0.2115 1.00002
0.2125 1.00002
0.2135 0.999999
0.2145 0.999998
0.2155 1.00001
0.2165 1.00002
0.2175 1.00002
0.2185 0.999997
0.2195 0.999998
0.2205 1.00001
0.2215 1.00002
0.2225 1.00002
0.2235 0.999995
0.2245 0.999997
0.2255 1.00002
0.2265 1.00002
0.2275 1.00002
0.2285 0.999995
0.2295 0.999998
0.2305 1.00002
0.2315 1.00003
0.2325 1.00003
0.2335 0.999993
0.2345 0.999996
0.2355 1.00002
0.2365 1.00002
0.2375 1.00003
0.2385 0.999986
0.2395 0.999992
0.2405 1.00002
0.2415 1.00002
0.2425 1.00003
0.2435 0.999981
0.2445 0.999993
0.2455 1.00002
0.2465 1.00002
0.2475 1.00004
0.2485 0.999983
0.2495 1
0.2505 1.00004
0.2515 1.00003
0.2525 1.00006
0.2535 0.999983
0.2545 1
0.2555 1.00005
0.2565 1.00003
0.2575 1.00007
0.2585 0.999978
0.2595 1.00001
0.2605 1.00006
0.2615 1.00003
0.2625 1.00009
0.2635 0.999972
0.2645 1.00001
0.2655 1.00008
0.2665 1.00002
0.2675 1.00012
0.2685 0.999963
0.2695 1.00002
0.2705 1.00009
0.2715 1.00001
0.2725 1.00013
0.2735 0.999933
0.2745 0.999997
0.2755 1.00008
0.2765 0.999955
0.2775 1.00013
0.2785 0.999874
0.2795 0.999956
0.2805 1.00005
0.2815 0.999841
0.2825 1.00003
0.2835 0.999586
0.2845 0.999495
0.2855 0.999258
0.2865 0.998376
0.2875 0.997666
0.2885 0.995529
0.2895 0.992966
0.2905 0.988892
0.2915 0.982233
0.2925 0.973334
0.2935 0.958989
0.2945 0.939432
0.2955 0.914071
0.2965 0.883429
0.2975 0.848182
0.2985 0.81029
0.2995 0.770275
0.3005 0.729241
0.3015 0.689999
0.3025 0.651888
0.3035 0.616641
0.3045 0.586022
0.3055 0.56063
0.3065 0.541056
0.3075 0.5267
0.3085 0.51779
0.3095 0.511124
0.3105 0.507046
0.3115 0.504481
0.3125 0.502342
0.3135 0.501631
0.3145 0.500748
0.3155 0.50051
0.3165 0.500418
0.3175 0.499968
0.3185 0.50016
0.3195 0.499953
0.3205 0.500044
0.3215 0.500127
0.3225 0.499868
0.3235 0.500048
0.3245 0.499924
0.3255 0.50001
0.3265 0.500077
0.3275 0.499877
0.3285 0.500005
0.3295 0.499922
0.3305 0.499997
0.3315 0.500051
0.3325 0.499898
0.3335 0.49999
0.3345 0.499938
0.3355 0.500002
0.3365 0.500044
0.3375 0.499924
0.3385 0.499986
0.3395 0.499955
0.3405 0.500008
0.3415 0.500038
0.3425 0.499942
0.3435 0.499983
0.3445 0.499965
0.3455 0.500009
0.3465 0.500032
0.3475 0.499955
0.3485 0.499982
0.3495 0.499974
0.3505 0.500013
0.3515 0.50003
0.3525 0.499969
0.3535 0.499986
0.3545 0.499985
0.3555 0.500018
0.3565 0.50003
0.3575 0.49998
0.3585 0.499988
0.3595 0.49999
0.3605 0.500018
0.3615 0.500025
0.3625 0.499982
0.3635 0.499984
0.3645 0.499989
0.3655 0.500013
0.3665 0.500018
0.3675 0.499982
0.3685 0.499981
0.3695 0.499988
0.3705 0.50001
0.3715 0.500014
0.3725 0.499984
0.3735 0.499983
0.3745 0.499991
0.3755 0.50001
0.3765 0.500013
0.3775 0.499987
0.3785 0.499984
0.3795 0.499991
0.3805 0.500008
0.3815 0.500008
0.3825 0.499986
0.3835 0.499982
0.3845 0.499989
0.3855 0.500003
0.3865 0.500003
0.3875 0.499985
0.3885 0.49998
0.3895 0.499986
0.3905 0.499998
0.3915 0.499997
0.3925 0.49998
0.3935 0.499974
0.3945 0.499979
0.3955 0.499989
0.3965 0.499988
0.3975 0.499974
0.3985 0.499969
0.3995 0.499976
0.4005 0.499987
0.4015 0.499988
0.4025 0.499978
0.4035 0.499975
0.4045 0.499982
0.4055 0.499993
0.4065 0.499995
0.4075 0.499987
0.4085 0.499984
0.4095 0.499991
0.4105 0.5
0.4115 0.500002
0.4125 0.499994
0.4135 0.49999
0.4145 0.499994
0.4155 0.500002
0.4165 0.500002
0.4175 0.499995
0.4185 0.499991
0.4195 0.499994
0.4205 0.500001
0.4215 0.500002
0.4225 0.499996
0.4235 0.499992
0.4245 0.499995
0.4255 0.500001
0.4265 0.500002
0.4275 0.499997
0.4285 0.499993
0.4295 0.499995
0.4305 0.5
0.4315 0.500002
0.4325 0.499995
0.4335 0.499989
0.4345 0.49999
0.4355 0.499995
0.4365 0.499997
0.4375 0.499995
0.4385 0.499995
0.4395 0.500003
0.4405 0.500022
0.4415 0.500049
0.4425 0.500098
0.4435 0.500156
0.4445 0.500259
0.4455 0.50037
0.4465 0.500397
0.4475 0.50037
0.4485 0.500277
0.4495 0.500135
0.4505 0.499897
0.4515 0.499699
0.4525 0.499617
0.4535 0.499595
0.4545 0.499625
0.4555 0.499736
0.4565 0.49984
0.4575 0.499899
0.4585 0.499948
0.4595 0.499976
0.4605 0.499994
0.4615 0.500001
0.4625 0.500001
0.4635 0.499999
0.4645 0.500002
0.4655 0.500006
0.4665 0.500008
0.4675 0.500001
0.4685 0.499994
0.4695 0.499996
0.4705 0.500002
0.4715 0.500004
0.4725 0.499999
0.4735 0.499993
0.4745 0.499994
0.4755 0.499999
0.4765 0.500001
0.4775 0.499996
0.4785 0.499988
0.4795 0.499989
0.4805 0.499995
0.4815 0.499998
0.4825 0.499994
0.4835 0.499987
0.4845 0.499989
0.4855 0.499996
0.4865 0.5
0.4875 0.499995
0.4885 0.499983
0.4895 0.499975
0.4905 0.499964
0.4915 0.499939
0.4925 0.499895
0.4935 0.499796
0.4945 0.499703
0.4955 0.499659
0.4965 0.499638
0.4975 0.499657
0.4985 0.499725
0.4995 0.499925
0.5005 0.500167
0.5015 0.500303
0.5025 0.500383
0.5035 0.500392
0.5045 0.500358
0.5055 0.500306
0.5065 0.500227
0.5075 0.500132
0.5085 0.50007
0.5095 0.500044
0.5105 0.500039
0.5115 0.500035
0.5125 0.500026
0.5135 0.500005
0.5145 0.500005
0.5155 0.50002
0.5165 0.500027
0.5175 0.500023
0.5185 0.500002
0.5195 0.500003
0.5205 0.500019
0.5215 0.500025
0.5225 0.500021
0.5235 0.499994
0.5245 0.499995
0.5255 0.500014
0.5265 0.500022
0.5275 0.500019
0.5285 0.49999
0.5295 0.499993
0.5305 0.500015
0.5315 0.500022
0.5325 0.500022
0.5335 0.499986
0.5345 0.499991
0.5355 0.500015
0.5365 0.50002
0.5375 0.500022
0.5385 0.499979
0.5395 0.499986
0.5405 0.500014
0.5415 0.500016
0.5425 0.500025
0.5435 0.499974
0.5445 0.499986
0.5455 0.50002
0.5465 0.500019
0.5475 0.500036
0.5485 0.499975
0.5495 0.499992
0.5505 0.500031
0.5515 0.500023
0.5525 0.50005
0.5535 0.499973
0.5545 0.499996
0.5555 0.500041
0.5565 0.500022
0.5575 0.500063
0.5585 0.499967
0.5595 0.499997
0.5605 0.50005
0.5615 0.500018
0.5625 0.50008
0.5635 0.49996
0.5645 0.500001
0.5655 0.500066
0.5665 0.500013
0.5675 0.500104
0.5685 0.499951
0.5695 0.500005
0.5705 0.50008
0.5715 0.499997
0.5725 0.500124
0.5735 0.499924
0.5745 0.499991
0.5755 0.500078
0.5765 0.499953
0.5775 0.500132
0.5785 0.499873
0.5795 0.499956
0.5805 0.500048
0.5815 0.499841
0.5825 0.500033
0.5835 0.499584
0.5845 0.499491
0.5855 0.499252
0.5865 0.49837
0.5875 0.497664
0.5885 0.495535
0.5895 0.492985
0.5905 0.488925
0.5915 0.482293
0.5925 0.47339
0.5935 0.458964
0.5945 0.439315
0.5955 0.413856
0.5965 0.383139
0.5975 0.347884
0.5985 0.310013
0.5995 0.270218
0.6005 0.229434
0.6015 0.190199
0.6025 0.152091
0.6035 0.116841
0.6045 0.0861845
0.6055 0.0607272
0.6065 0.0410829
0.6075 0.0266554
0.6085 0.0177371
0.6095 0.011087
0.6105 0.00701669
0.6115 0.00446006
0.6125 0.00232728
0.6135 0.00162046
0.6145 0.000739527
0.6155 0.000503149
0.6165 0.000412177
0.6175 -3.53094e-05
0.6185 0.000157924
0.6195 -4.76617e-05
0.6205 4.46556e-05
0.6215 0.000128204
0.6225 -0.000130229
0.6235 4.98032e-05
0.6245 -7.41959e-05
0.6255 1.06491e-05
0.6265 7.52365e-05
0.6275 -0.000125734
0.6285 1.45036e-06
0.6295 -8.18682e-05
0.6305 -7.62528e-06
0.6315 4.56151e-05
0.6325 -0.000108574
0.6335 -1.82703e-05
0.6345 -7.11032e-05
0.6355 -1.09822e-05
0.6365 2.53181e-05
0.6375 -0.000100328
0.6385 -4.75897e-05
0.6395 -9.25333e-05
0.6405 -5.66016e-05
0.6415 -3.95039e-05
0.6425 -0.000133156
0.6435 -7.09436e-05
0.6445 -5.30201e-05
0.6455 6.01143e-05
0.6465 0.000140006
0.6475 7.02849e-05
0.6485 5.59596e-05
0.6495 -3.15724e-05
0.6505 -8.43909e-05
0.6515 -0.000124108
0.6525 -0.000185151
0.6535 -0.000120921
0.6545 -5.92464e-05
0.6555 2.59936e-05
0.6565 7.26729e-05
0.6575 3.65008e-05
0.6585 4.15844e-05
0.6595 3.01e-05
0.6605 4.20026e-05
0.6615 3.63388e-05
0.6625 -1.41117e-05
0.6635 -1.5018e-05
0.6645 -1.27197e-05
0.6655 9.96759e-06
0.6665 1.37336e-05
0.6675 -2.24843e-05
0.6685 -2.27124e-05
0.6695 -1.6373e-05
0.6705 5.03462e-06
0.6715 8.60053e-06
0.6725 -2.05522e-05
0.6735 -2.15553e-05
0.6745 -1.34072e-05
0.6755 5.55016e-06
0.6765 7.48979e-06
0.6775 -1.76244e-05
0.6785 -2.09287e-05
0.6795 -1.37532e-05
0.6805 1.9136e-06
0.6815 2.33125e-06
0.6825 -1.92178e-05
0.6835 -2.32047e-05
0.6845 -1.59693e-05
0.6855 -1.96361e-06
0.6865 -1.68754e-06
0.6875 -1.96591e-05
0.6885 -2.37953e-05
0.6895 -1.71866e-05
0.6905 -5.79916e-06
0.6915 -7.10948e-06
0.6925 -2.35858e-05
0.6935 -2.86705e-05
0.6945 -2.30764e-05
0.6955 -1.33365e-05
0.6965 -1.4454e-05
0.6975 -2.76232e-05
0.6985 -3.07478e-05
0.6995 -2.33201e-05
0.7005 -1.2398e-05
0.7015 -1.11554e-05
0.7025 -2.01301e-05
0.7035 -2.13366e-05
0.7045 -1.25301e-05
0.7055 -1.33298e-06
0.7065 -6.87784e-07
0.7075 -8.55606e-06
0.7085 -1.03069e-05
0.7095 -2.72565e-06
0.7105 6.40435e-06
0.7115 5.20374e-06
0.7125 -2.98367e-06
0.7135 -5.90346e-06
0.7145 -2.50288e-07
0.7155 6.42169e-06
0.7165 3.70862e-06
0.7175 -4.70655e-06
0.7185 -8.33249e-06
0.7195 -4.08028e-06
0.7205 1.03974e-06
0.7215 -1.95594e-06
0.7225 -9.5057e-06
0.7235 -1.27767e-05
0.7245 -7.85413e-06
0.7255 -2.32805e-06
0.7265 -5.19987e-06
0.7275 -1.18111e-05
0.7285 -1.46861e-05
0.7295 -9.56009e-06
0.7305 -4.62349e-06
0.7315 -7.84463e-06
0.7325 -1.4119e-05
0.7335 -1.67393e-05
0.7345 -1.1847e-05
0.7355 -7.57409e-06
0.7365 -1.05078e-05
0.7375 -1.58049e-05
0.7385 -1.74215e-05
0.7395 -1.26643e-05
0.7405 -8.77993e-06
0.7415 -1.08981e-05
0.7425 -1.50538e-05
0.7435 -1.59328e-05
0.7445 -1.17816e-05
0.7455 -8.49194e-06
0.7465 -9.89644e-06
0.7475 -1.28528e-05
0.7485 -1.30108e-05
0.7495 -9.41806e-06
0.7505 -6.63916e-06
0.7515 -7.40245e-06
0.7525 -9.22816e-06
0.7535 -8.6741e-06
0.7545 -5.94966e-06
0.7555 -4.18931e-06
0.7565 -5.06347e-06
0.7575 -6.65957e-06
0.7585 -6.1582e-06
0.7595 -4.02664e-06
0.7605 -2.98056e-06
0.7615 -4.71779e-06
0.7625 -6.92066e-06
0.7635 -6.35374e-06
0.7645 -4.3726e-06
0.7655 -3.41388e-06
0.7665 -5.3792e-06
0.7675 -7.64457e-06
0.7685 -6.81809e-06
0.7695 -4.68777e-06
0.7705 -3.43538e-06
0.7715 -4.7305e-06
0.7725 -6.06636e-06
0.7735 -4.62919e-06
0.7745 -2.06814e-06
0.7755 -4.0217e-07
0.7765 -3.77893e-07
0.7775 -2.55845e-07
0.7785 1.837e-06
0.7795 4.62903e-06
0.7805 5.66515e-06
0.7815 5.17287e-06
0.7825 5.04805e-06
0.7835 6.72208e-06
0.7845 9.69271e-06
0.7855 1.20458e-05
0.7865 1.35575e-05
0.7875 1.57473e-05
0.7885 1.78258e-05
0.7895 1.74642e-05
0.7905 1.29405e-05
0.7915 4.75868e-06
0.7925 3.08725e-06
0.7935 2.25127e-05
0.7945 7.0942e-05
0.7955 0.000219128
0.7965 0.000354829
0.7975 0.000359562
0.7985 0.000280055
0.7995 0.000124413
0.8005 -0.000158443
0.8015 -0.000389748
0.8025 -0.00046115
0.8035 -0.000441077
0.8045 -0.000262819
0.8055 -7.35567e-05
0.8065 -9.56814e-06
0.8075 2.13863e-05
0.8085 2.93985e-05
0.8095 2.51909e-05
0.8105 1.92436e-05
0.8115 1.74369e-05
0.8125 1.85672e-05
0.8135 2.17384e-05
0.8145 2.39188e-05
0.8155 2.32099e-05
0.8165 2.08316e-05
0.8175 1.93252e-05
0.8185 1.91348e-05
0.8195 1.8009e-05
0.8205 1.3653e-05
0.8215 7.99121e-06
0.8225 5.14383e-06
0.8235 4.67051e-06
0.8245 3.87675e-06
0.8255 -2.85461e-07
0.8265 -5.27419e-06
0.8275 -6.12757e-06
0.8285 -4.14421e-06
0.8295 -3.07554e-06
0.8305 -5.46387e-06
0.8315 -8.80093e-06
0.8325 -8.66897e-06
0.8335 -5.25897e-06
0.8345 -3.32247e-06
0.8355 -5.65188e-06
0.8365 -9.12304e-06
0.8375 -8.69527e-06
0.8385 -4.50314e-06
0.8395 -2.2872e-06
0.8405 -5.29019e-06
0.8415 -9.64708e-06
0.8425 -9.33679e-06
0.8435 -4.81708e-06
0.8445 -2.8683e-06
0.8455 -8.17758e-06
0.8465 -1.50811e-05
0.8475 -1.46274e-05
0.8485 -9.11594e-06
0.8495 -6.66493e-06
0.8505 -1.42103e-05
0.8515 -2.32038e-05
0.8525 -2.11961e-05
0.8535 -1.33553e-05
0.8545 -9.36647e-06
0.8555 -1.77859e-05
0.8565 -2.74638e-05
0.8575 -2.37375e-05
0.8585 -1.37845e-05
0.8595 -8.51431e-06
0.8605 -1.75725e-05
0.8615 -2.73187e-05
0.8625 -2.21969e-05
0.8635 -1.06938e-05
0.8645 -4.83981e-06
0.8655 -1.4187e-05
0.8665 -2.35034e-05
0.8675 -1.78165e-05
0.8685 -5.65559e-06
0.8695 -3.46052e-07
0.8705 -1.16396e-05
0.8715 -2.20769e-05
0.8725 -1.67078e-05
0.8735 -4.55067e-06
0.8745 -7.92362e-07
0.8755 -1.26281e-05
0.8765 -2.2385e-05
0.8775 -1.65217e-05
0.8785 -2.18934e-06
0.8795 2.35584e-06
0.8805 -8.33021e-06
0.8815 -1.6646e-05
0.8825 -9.55188e-06
0.8835 7.0535e-06
0.8845 1.15906e-05
0.8855 -1.69888e-06
0.8865 -1.24394e-05
0.8875 -6.50499e-06
0.8885 9.81429e-06
0.8895 1.14965e-05
0.8905 -6.74671e-06
0.8915 -2.14404e-05
0.8925 -1.77098e-05
0.8935 -1.76604e-06
0.8945 -3.37958e-06
0.8955 -2.51451e-05
0.8965 -4.17217e-05
0.8975 -3.84257e-05
0.8985 -1.94975e-05
0.8995 -2.13513e-05
0.9005 -4.26602e-05
0.9015 -5.67591e-05
0.9025 -4.96176e-05
0.9035 -2.2646e-05
0.9045 -2.0234e-05
0.9055 -3.97928e-05
0.9065 -5.09719e-05
0.9075 -4.0621e-05
0.9085 -7.55233e-06
0.9095 -5.0337e-06
0.9105 -2.79489e-05
0.9115 -4.1076e-05
0.9125 -3.25592e-05
0.9135 3.48909e-06
0.9145 2.75406e-06
0.9155 -2.5588e-05
0.9165 -4.02692e-05
0.9175 -3.23068e-05
0.9185 1.08294e-05
0.9195 9.87112e-06
0.9205 -2.18462e-05
0.9215 -3.67403e-05
0.9225 -3.05589e-05
0.9235 1.94398e-05
0.9245 1.53493e-05
0.9255 -2.27815e-05
0.9265 -3.91001e-05
0.9275 -3.67516e-05
0.9285 2.20427e-05
0.9295 1.52085e-05
0.9305 -2.78206e-05
0.9315 -4.12329e-05
0.9325 -4.16738e-05
0.9335 2.97529e-05
0.9345 2.06835e-05
0.9355 -2.74325e-05
0.9365 -3.68277e-05
0.9375 -4.1938e-05
0.9385 4.96071e-05
0.9395 4.88875e-05
0.9405 1.73155e-05
0.9415 5.43764e-05
0.9425 9.55645e-05
0.9435 0.000275769
0.9445 0.000347153
0.9455 0.000355061
0.9465 0.000380946
0.9475 0.000316455
0.9485 0.000350231
0.9495 9.7959e-05
0.9505 -0.000222752
0.9515 -0.000334912
0.9525 -0.000479964
0.9535 -0.000354056
0.9545 -0.000371266
0.9555 -0.000388311
0.9565 -0.000262463
0.9575 -0.000270511
0.9585 -2.80719e-05
0.9595 -4.59341e-05
0.9605 -0.000122741
0.9615 -4.89028e-05
0.9625 -0.000168192
0.9635 7.29583e-05
0.9645 -1.06144e-05
0.9655 -0.000139262
0.9665 -3.59027e-05
0.9675 -0.00021917
0.9685 8.80202e-05
0.9695 -1.87e-05
0.9705 -0.000166529
0.9715 6.02158e-07
0.9725 -0.000254821
0.9735 0.000144592
0.9745 1.27735e-05
0.9755 -0.000157249
0.9765 0.000130884
0.9775 -0.000110249
0.9785 0.000272726
0.9795 0.000758655
0.9805 -0.0048801
0.9815 -0.0472017
0.9825 -0.304412
0.9835 -1.80365
0.9845 -10.1901
0.9855 19069.9
0.9865 -2.27376e+09
0.9875 2.70367e+14
0.9885 -3.21486e+19
0.9895 3.82271e+24
0.9905 -4.54549e+29
0.9915 5.40492e+34
0.9925 -6.42685e+39
0.9935 7.642e+44
0.9945 -9.08691e+49
0.9955 1.0805e+55
0.9965 -1.2848e+60
0.9975 1.52772e+65
0.9985 -1.81657e+70
0.9995 2.16003e+75
