
# time= 0
0.0005 1
0.0015 1
0.0025 1
0.0035 1
0.0045 1
0.0055 1
0.0065 1
0.0075 1
0.0085 1
0.0095 1
0.0105 1
0.0115 1
0.0125 1
0.0135 1
0.0145 1
0.0155 1
0.0165 1
0.0175 1
0.0185 1
0.0195 1
0.0205 1
0.0215 1
0.0225 1
0.0235 1
0.0245 1
0.0255 1
0.0265 1
0.0275 1
0.0285 1
0.0295 1
0.0305 1
0.0315 1
0.0325 1
0.0335 1
0.0345 1
0.0355 1
0.0365 1
0.0375 1
0.0385 1
0.0395 1
0.0405 1
0.0415 1
0.0425 1
0.0435 1
0.0445 1
0.0455 1
0.0465 1
0.0475 1
0.0485 1
0.0495 1
0.0505 1
0.0515 1
0.0525 1
0.0535 1
0.0545 1
0.0555 1
0.0565 1
0.0575 1
0.0585 1
0.0595 1
0.0605 1
0.0615 1
0.0625 1
0.0635 1
0.0645 1
0.0655 1
0.0665 1
0.0675 1
0.0685 1
0.0695 1
0.0705 1
0.0715 1
0.0725 1
0.0735 1
0.0745 1
0.0755 1
0.0765 1
0.0775 1
0.0785 1
0.0795 1
0.0805 1
0.0815 1
0.0825 1
0.0835 1
0.0845 1
0.0855 1
0.0865 1
0.0875 1
0.0885 1
0.0895 1
0.0905 1
0.0915 1
0.0925 1
0.0935 1
0.0945 1
0.0955 1
0.0965 1
0.0975 1
0.0985 1
0.0995 1
0.1005 1
0.1015 1
0.1025 1
0.1035 1
0.1045 1
0.1055 1
0.1065 1
0.1075 1
0.1085 1
0.1095 1
0.1105 1
0.1115 1
0.1125 1
0.1135 1
0.1145 1
0.1155 1
0.1165 1
0.1175 1
0.1185 1
0.1195 1
0.1205 1
0.1215 1
0.1225 1
0.1235 1
0.1245 1
0.1255 1
0.1265 1
0.1275 1
0.1285 1
0.1295 1
0.1305 1
0.1315 1
0.1325 1
0.1335 1
0.1345 1
0.1355 1
0.1365 1
0.1375 1
0.1385 1
0.1395 1
0.1405 1
0.1415 1
0.1425 1
0.1435 1
0.1445 1
0.1455 1
0.1465 1
0.1475 1
0.1485 1
0.1495 1
0.1505 1
0.1515 1
0.1525 1
0.1535 1
0.1545 1
0.1555 1
0.1565 1
0.1575 1
0.1585 1
0.1595 1
0.1605 1
0.1615 1
0.1625 1
0.1635 1
0.1645 1
0.1655 1
0.1665 1
0.1675 1
0.1685 1
0.1695 1
0.1705 1
0.1715 1
0.1725 1
0.1735 1
0.1745 1
0.1755 1
0.1765 1
0.1775 1
0.1785 1
0.1795 1
0.1805 1
0.1815 1
0.1825 1
0.1835 1
0.1845 1
0.1855 1
0.1865 1
0.1875 1
0.1885 1
0.1895 1
0.1905 1
0.1915 1
0.1925 1
0.1935 1
0.1945 1
0.1955 1
0.1965 1
0.1975 1
0.1985 1
0.1995 1
0.2005 1
0.2015 1
0.2025 1
0.2035 1
0.2045 1
0.2055 1
0.2065 1
0.2075 1
0.2085 1
0.2095 1
0.2105 1
0.2115 1
0.2125 1
0.2135 1
0.2145 1
0.2155 1
0.2165 1
0.2175 1
0.2185 1
0.2195 1
0.2205 1
0.2215 1
0.2225 1
0.2235 1
0.2245 1
0.2255 1
0.2265 1
0.2275 1
0.2285 1
0.2295 1
0.2305 1
0.2315 1
0.2325 1
0.2335 1
0.2345 1
0.2355 1
0.2365 1
0.2375 1
0.2385 1
0.2395 1
0.2405 1
0.2415 1
0.2425 1
0.2435 1
0.2445 1
0.2455 1
0.2465 1
0.2475 1
0.2485 1
0.2495 1
0.2505 1
0.2515 1
0.2525 1
0.2535 1
0.2545 1
0.2555 1
0.2565 1
0.2575 1
0.2585 1
0.2595 1
0.2605 1
0.2615 1
0.2625 1
0.2635 1
0.2645 1
0.2655 1
0.2665 1
0.2675 1
0.2685 1
0.2695 1
0.2705 1
0.2715 1
0.2725 1
0.2735 1
0.2745 1
0.2755 1
0.2765 1
0.2775 1
0.2785 1
0.2795 1
0.2805 1
0.2815 1
0.2825 1
0.2835 1
0.2845 1
0.2855 1
0.2865 1
0.2875 1
0.2885 1
0.2895 1
0.2905 1
0.2915 1
0.2925 1
0.2935 1
0.2945 1
0.2955 1
0.2965 1
0.2975 1
0.2985 1
0.2995 1
0.3005 0.5
0.3015 0.5
0.3025 0.5
0.3035 0.5
0.3045 0.5
0.3055 0.5
0.3065 0.5
0.3075 0.5
0.3085 0.5
0.3095 0.5
0.3105 0.5
0.3115 0.5
0.3125 0.5
0.3135 0.5
0.3145 0.5
0.3155 0.5
0.3165 0.5
0.3175 0.5
0.3185 0.5
0.3195 0.5
0.3205 0.5
0.3215 0.5
0.3225 0.5
0.3235 0.5
0.3245 0.5
0.3255 0.5
0.3265 0.5
0.3275 0.5
0.3285 0.5
0.3295 0.5
0.3305 0.5
0.3315 0.5
0.3325 0.5
0.3335 0.5
0.3345 0.5
0.3355 0.5
0.3365 0.5
0.3375 0.5
0.3385 0.5
0.3395 0.5
0.3405 0.5
0.3415 0.5
0.3425 0.5
0.3435 0.5
0.3445 0.5
0.3455 0.5
0.3465 0.5
0.3475 0.5
0.3485 0.5
0.3495 0.5
0.3505 0.5
0.3515 0.5
0.3525 0.5
0.3535 0.5
0.3545 0.5
0.3555 0.5
0.3565 0.5
0.3575 0.5
0.3585 0.5
0.3595 0.5
0.3605 0.5
0.3615 0.5
0.3625 0.5
0.3635 0.5
0.3645 0.5
0.3655 0.5
0.3665 0.5
0.3675 0.5
0.3685 0.5
0.3695 0.5
0.3705 0.5
0.3715 0.5
0.3725 0.5
0.3735 0.5
0.3745 0.5
0.3755 0.5
0.3765 0.5
0.3775 0.5
0.3785 0.5
0.3795 0.5
0.3805 0.5
0.3815 0.5
0.3825 0.5
0.3835 0.5
0.3845 0.5
0.3855 0.5
0.3865 0.5
0.3875 0.5
0.3885 0.5
0.3895 0.5
0.3905 0.5
0.3915 0.5
0.3925 0.5
0.3935 0.5
0.3945 0.5
0.3955 0.5
0.3965 0.5
0.3975 0.5
0.3985 0.5
0.3995 0.5
0.4005 0.5
0.4015 0.5
0.4025 0.5
0.4035 0.5
0.4045 0.5
0.4055 0.5
0.4065 0.5
0.4075 0.5
0.4085 0.5
0.4095 0.5
0.4105 0.5
0.4115 0.5
0.4125 0.5
0.4135 0.5
0.4145 0.5
0.4155 0.5
0.4165 0.5
0.4175 0.5
0.4185 0.5
0.4195 0.5
0.4205 0.5
0.4215 0.5
0.4225 0.5
0.4235 0.5
0.4245 0.5
0.4255 0.5
0.4265 0.5
0.4275 0.5
0.4285 0.5
0.4295 0.5
0.4305 0.5
0.4315 0.5
0.4325 0.5
0.4335 0.5
0.4345 0.5
0.4355 0.5
0.4365 0.5
0.4375 0.5
0.4385 0.5
0.4395 0.5
0.4405 0.5
0.4415 0.5
0.4425 0.5
0.4435 0.5
0.4445 0.5
0.4455 0.5
0.4465 0.5
0.4475 0.5
0.4485 0.5
0.4495 0.5
0.4505 0.5
0.4515 0.5
0.4525 0.5
0.4535 0.5
0.4545 0.5
0.4555 0.5
0.4565 0.5
0.4575 0.5
0.4585 0.5
0.4595 0.5
0.4605 0.5
0.4615 0.5
0.4625 0.5
0.4635 0.5
0.4645 0.5
0.4655 0.5
0.4665 0.5
0.4675 0.5
0.4685 0.5
0.4695 0.5
0.4705 0.5
0.4715 0.5
0.4725 0.5
0.4735 0.5
0.4745 0.5
0.4755 0.5
0.4765 0.5
0.4775 0.5
0.4785 0.5
0.4795 0.5
0.4805 0.5
0.4815 0.5
0.4825 0.5
0.4835 0.5
0.4845 0.5
0.4855 0.5
0.4865 0.5
0.4875 0.5
0.4885 0.5
0.4895 0.5
0.4905 0.5
0.4915 0.5
0.4925 0.5
0.4935 0.5
0.4945 0.5
0.4955 0.5
0.4965 0.5
0.4975 0.5
0.4985 0.5
0.4995 0.5
0.5005 0.5
0.5015 0.5
0.5025 0.5
0.5035 0.5
0.5045 0.5
0.5055 0.5
0.5065 0.5
0.5075 0.5
0.5085 0.5
0.5095 0.5
0.5105 0.5
0.5115 0.5
0.5125 0.5
0.5135 0.5
0.5145 0.5
0.5155 0.5
0.5165 0.5
0.5175 0.5
0.5185 0.5
0.5195 0.5
0.5205 0.5
0.5215 0.5
0.5225 0.5
0.5235 0.5
0.5245 0.5
0.5255 0.5
0.5265 0.5
0.5275 0.5
0.5285 0.5
0.5295 0.5
0.5305 0.5
0.5315 0.5
0.5325 0.5
0.5335 0.5
0.5345 0.5
0.5355 0.5
0.5365 0.5
0.5375 0.5
0.5385 0.5
0.5395 0.5
0.5405 0.5
0.5415 0.5
0.5425 0.5
0.5435 0.5
0.5445 0.5
0.5455 0.5
0.5465 0.5
0.5475 0.5
0.5485 0.5
0.5495 0.5
0.5505 0.5
0.5515 0.5
0.5525 0.5
0.5535 0.5
0.5545 0.5
0.5555 0.5
0.5565 0.5
0.5575 0.5
0.5585 0.5
0.5595 0.5
0.5605 0.5
0.5615 0.5
0.5625 0.5
0.5635 0.5
0.5645 0.5
0.5655 0.5
0.5665 0.5
0.5675 0.5
0.5685 0.5
0.5695 0.5
0.5705 0.5
0.5715 0.5
0.5725 0.5
0.5735 0.5
0.5745 0.5
0.5755 0.5
0.5765 0.5
0.5775 0.5
0.5785 0.5
0.5795 0.5
0.5805 0.5
0.5815 0.5
0.5825 0.5
0.5835 0.5
0.5845 0.5
0.5855 0.5
0.5865 0.5
0.5875 0.5
0.5885 0.5
0.5895 0.5
0.5905 0.5
0.5915 0.5
0.5925 0.5
0.5935 0.5
0.5945 0.5
0.5955 0.5
0.5965 0.5
0.5975 0.5
0.5985 0.5
0.5995 0.5
0.6005 0
0.6015 0
0.6025 0
0.6035 0
0.6045 0
0.6055 0
0.6065 0
0.6075 0
0.6085 0
0.6095 0
0.6105 0
0.6115 0
0.6125 0
0.6135 0
0.6145 0
0.6155 0
0.6165 0
0.6175 0
0.6185 0
0.6195 0
0.6205 0
0.6215 0
0.6225 0
0.6235 0
0.6245 0
0.6255 0
0.6265 0
0.6275 0
0.6285 0
0.6295 0
0.6305 0
0.6315 0
0.6325 0
0.6335 0
0.6345 0
0.6355 0
0.6365 0
0.6375 0
0.6385 0
0.6395 0
0.6405 0
0.6415 0
0.6425 0
0.6435 0
0.6445 0
0.6455 0
0.6465 0
0.6475 0
0.6485 0
0.6495 0
0.6505 0
0.6515 0
0.6525 0
0.6535 0
0.6545 0
0.6555 0
0.6565 0
0.6575 0
0.6585 0
0.6595 0
0.6605 0
0.6615 0
0.6625 0
0.6635 0
0.6645 0
0.6655 0
0.6665 0
0.6675 0
0.6685 0
0.6695 0
0.6705 0
0.6715 0
0.6725 0
0.6735 0
0.6745 0
0.6755 0
0.6765 0
0.6775 0
0.6785 0
0.6795 0
0.6805 0
0.6815 0
0.6825 0
0.6835 0
0.6845 0
0.6855 0
0.6865 0
0.6875 0
0.6885 0
0.6895 0
0.6905 0
0.6915 0
0.6925 0
0.6935 0
0.6945 0
0.6955 0
0.6965 0
0.6975 0
0.6985 0
0.6995 0
0.7005 0
0.7015 0
0.7025 0
0.7035 0
0.7045 0
0.7055 0
0.7065 0
0.7075 0
0.7085 0
0.7095 0
0.7105 0
0.7115 0
0.7125 0
0.7135 0
0.7145 0
0.7155 0
0.7165 0
0.7175 0
0.7185 0
0.7195 0
0.7205 0
0.7215 0
0.7225 0
0.7235 0
0.7245 0
0.7255 0
0.7265 0
0.7275 0
0.7285 0
0.7295 0
0.7305 0
0.7315 0
0.7325 0
0.7335 0
0.7345 0
0.7355 0
0.7365 0
0.7375 0
0.7385 0
0.7395 0
0.7405 0
0.7415 0
0.7425 0
0.7435 0
0.7445 0
0.7455 0
0.7465 0
0.7475 0
0.7485 0
0.7495 0
0.7505 0
0.7515 0
0.7525 0
0.7535 0
0.7545 0
0.7555 0
0.7565 0
0.7575 0
0.7585 0
0.7595 0
0.7605 0
0.7615 0
0.7625 0
0.7635 0
0.7645 0
0.7655 0
0.7665 0
0.7675 0
0.7685 0
0.7695 0
0.7705 0
0.7715 0
0.7725 0
0.7735 0
0.7745 0
0.7755 0
0.7765 0
0.7775 0
0.7785 0
0.7795 0
0.7805 0
0.7815 0
0.7825 0
0.7835 0
0.7845 0
0.7855 0
0.7865 0
0.7875 0
0.7885 0
0.7895 0
0.7905 0
0.7915 0
0.7925 0
0.7935 0
0.7945 0
0.7955 0
0.7965 0
0.7975 0
0.7985 0
0.7995 0
0.8005 0
0.8015 0
0.8025 0
0.8035 0
0.8045 0
0.8055 0
0.8065 0
0.8075 0
0.8085 0
0.8095 0
0.8105 0
0.8115 0
0.8125 0
0.8135 0
0.8145 0
0.8155 0
0.8165 0
0.8175 0
0.8185 0
0.8195 0
0.8205 0
0.8215 0
0.8225 0
0.8235 0
0.8245 0
0.8255 0
0.8265 0
0.8275 0
0.8285 0
0.8295 0
0.8305 0
0.8315 0
0.8325 0
0.8335 0
0.8345 0
0.8355 0
0.8365 0
0.8375 0
0.8385 0
0.8395 0
0.8405 0
0.8415 0
0.8425 0
0.8435 0
0.8445 0
0.8455 0
0.8465 0
0.8475 0
0.8485 0
0.8495 0
0.8505 0
0.8515 0
0.8525 0
0.8535 0
0.8545 0
0.8555 0
0.8565 0
0.8575 0
0.8585 0
0.8595 0
0.8605 0
0.8615 0
0.8625 0
0.8635 0
0.8645 0
0.8655 0
0.8665 0
0.8675 0
0.8685 0
0.8695 0
0.8705 0
0.8715 0
0.8725 0
0.8735 0
0.8745 0
0.8755 0
0.8765 0
0.8775 0
0.8785 0
0.8795 0
0.8805 0
0.8815 0
0.8825 0
0.8835 0
0.8845 0
0.8855 0
0.8865 0
0.8875 0
0.8885 0
0.8895 0
0.8905 0
0.8915 0
0.8925 0
0.8935 0
0.8945 0
0.8955 0
0.8965 0
0.8975 0
0.8985 0
0.8995 0
0.9005 0
0.9015 0
0.9025 0
0.9035 0
0.9045 0
0.9055 0
0.9065 0
0.9075 0
0.9085 0
0.9095 0
0.9105 0
0.9115 0
0.9125 0
0.9135 0
0.9145 0
0.9155 0
0.9165 0
0.9175 0
0.9185 0
0.9195 0
0.9205 0
0.9215 0
0.9225 0
0.9235 0
0.9245 0
0.9255 0
0.9265 0
0.9275 0
0.9285 0
0.9295 0
0.9305 0
0.9315 0
0.9325 0
0.9335 0
0.9345 0
0.9355 0
0.9365 0
0.9375 0
0.9385 0
0.9395 0
0.9405 0
0.9415 0
0.9425 0
0.9435 0
0.9445 0
0.9455 0
0.9465 0
0.9475 0
0.9485 0
0.9495 0
0.9505 0
0.9515 0
0.9525 0
0.9535 0
0.9545 0
0.9555 0
0.9565 0
0.9575 0
0.9585 0
0.9595 0
0.9605 0
0.9615 0
0.9625 0
0.9635 0
0.9645 0
0.9655 0
0.9665 0
0.9675 0
0.9685 0
0.9695 0
0.9705 0
0.9715 0
0.9725 0
0.9735 0
0.9745 0
0.9755 0
0.9765 0
0.9775 0
0.9785 0
0.9795 0
0.9805 0
0.9815 0
0.9825 0
0.9835 0
0.9845 0
0.9855 0
0.9865 0
0.9875 0
0.9885 0
0.9895 0
0.9905 0
0.9915 0
0.9925 0
0.9935 0
0.9945 0
0.9955 0
0.9965 0
0.9975 0
0.9985 0
0.9995 0

# time= 0.25
0.0005 0.508384
0.0015 0.51945
0.0025 0.528424
0.0035 0.53262
0.0045 0.534666
0.0055 0.534459
0.0065 0.532241
0.0075 0.529162
0.0085 0.522919
0.0095 0.514042
0.0105 0.509673
0.0115 0.506819
0.0125 0.503856
0.0135 0.502244
0.0145 0.501154
0.0155 0.500581
0.0165 0.500357
0.0175 0.500329
0.0185 0.500487
0.0195 0.500707
0.0205 0.50091
0.0215 0.501016
0.0225 0.501057
0.0235 0.501049
0.0245 0.501033
0.0255 0.501049
0.0265 0.501113
0.0275 0.501223
0.0285 0.501451
0.0295 0.501643
0.0305 0.501685
0.0315 0.501633
0.0325 0.501485
0.0335 0.501192
0.0345 0.500797
0.0355 0.500024
0.0365 0.499307
0.0375 0.499068
0.0385 0.49898
0.0395 0.499061
0.0405 0.499312
0.0415 0.4996
0.0425 0.500008
0.0435 0.499376
0.0445 0.495347
0.0455 0.482293
0.0465 0.446968
0.0475 0.363881
0.0485 0.253341
0.0495 0.19731
0.0505 0.185516
0.0515 0.212758
0.0525 0.294369
0.0535 0.312551
0.0545 0.27701
0.0555 0.223645
0.0565 0.200326
0.0575 0.222326
0.0585 0.271348
0.0595 0.297054
0.0605 0.280417
0.0615 0.235421
0.0625 0.212208
0.0635 0.226644
0.0645 0.254049
0.0655 0.277006
0.0665 0.283109
0.0675 0.249852
0.0685 0.22448
0.0695 0.225787
0.0705 0.247125
0.0715 0.263153
0.0725 0.271007
0.0735 0.252941
0.0745 0.232496
0.0755 0.226637
0.0765 0.237939
0.0775 0.261404
0.0785 0.266855
0.0795 0.262779
0.0805 0.251298
0.0815 0.246701
0.0825 0.247915
0.0835 0.253372
0.0845 0.256829
0.0855 0.255668
0.0865 0.244961
0.0875 0.236738
0.0885 0.237028
0.0895 0.248575
0.0905 0.260444
0.0915 0.260613
0.0925 0.250576
0.0935 0.239371
0.0945 0.23847
0.0955 0.246436
0.0965 0.256088
0.0975 0.257312
0.0985 0.251911
0.0995 0.245251
0.1005 0.243927
0.1015 0.24867
0.1025 0.255331
0.1035 0.256358
0.1045 0.255073
0.1055 0.251686
0.1065 0.248289
0.1075 0.248064
0.1085 0.248677
0.1095 0.250965
0.1105 0.250747
0.1115 0.248715
0.1125 0.24614
0.1135 0.246327
0.1145 0.249401
0.1155 0.251942
0.1165 0.250783
0.1175 0.245431
0.1185 0.241033
0.1195 0.241488
0.1205 0.248791
0.1215 0.256393
0.1225 0.257287
0.1235 0.254322
0.1245 0.250585
0.1255 0.250124
0.1265 0.25401
0.1275 0.258059
0.1285 0.258288
0.1295 0.25574
0.1305 0.249364
0.1315 0.246332
0.1325 0.245742
0.1335 0.246378
0.1345 0.247507
0.1355 0.248386
0.1365 0.248484
0.1375 0.247969
0.1385 0.247604
0.1395 0.247065
0.1405 0.246143
0.1415 0.245165
0.1425 0.245395
0.1435 0.246283
0.1445 0.249045
0.1455 0.252826
0.1465 0.254176
0.1475 0.253907
0.1485 0.251052
0.1495 0.248964
0.1505 0.250234
0.1515 0.256086
0.1525 0.260949
0.1535 0.260449
0.1545 0.252081
0.1555 0.243259
0.1565 0.241926
0.1575 0.243486
0.1585 0.246224
0.1595 0.248154
0.1605 0.248542
0.1615 0.248082
0.1625 0.247811
0.1635 0.248689
0.1645 0.249343
0.1655 0.248849
0.1665 0.24691
0.1675 0.245912
0.1685 0.245805
0.1695 0.248406
0.1705 0.253602
0.1715 0.25451
0.1725 0.253635
0.1735 0.251537
0.1745 0.250948
0.1755 0.253006
0.1765 0.258806
0.1775 0.262841
0.1785 0.261299
0.1795 0.248873
0.1805 0.237313
0.1815 0.2369
0.1825 0.246657
0.1835 0.25695
0.1845 0.257505
0.1855 0.249396
0.1865 0.241808
0.1875 0.241047
0.1885 0.246235
0.1895 0.249355
0.1905 0.253267
0.1915 0.250704
0.1925 0.249607
0.1935 0.248268
0.1945 0.25238
0.1955 0.25816
0.1965 0.258682
0.1975 0.255077
0.1985 0.241557
0.1995 0.237358
0.2005 0.241902
0.2015 0.255685
0.2025 0.265902
0.2035 0.264605
0.2045 0.244983
0.2055 0.228439
0.2065 0.230347
0.2075 0.252708
0.2085 0.27283
0.2095 0.272405
0.2105 0.249043
0.2115 0.226215
0.2125 0.225651
0.2135 0.242184
0.2145 0.263075
0.2155 0.264418
0.2165 0.255834
0.2175 0.243208
0.2185 0.239174
0.2195 0.246918
0.2205 0.269506
0.2215 0.278718
0.2225 0.267966
0.2235 0.225169
0.2245 0.207403
0.2255 0.221626
0.2265 0.260644
0.2275 0.294895
0.2285 0.278812
0.2295 0.244906
0.2305 0.201206
0.2315 0.19757
0.2325 0.248785
0.2335 0.315587
0.2345 0.303429
0.2355 0.257913
0.2365 0.203751
0.2375 0.174538
0.2385 0.220964
0.2395 0.310056
0.2405 0.342685
0.2415 0.291109
0.2425 0.193038
0.2435 0.149143
0.2445 0.196127
0.2455 0.303513
0.2465 0.375388
0.2475 0.339953
0.2485 0.177413
0.2495 0.123219
0.2505 0.146501
0.2515 0.258208
0.2525 0.477793
0.2535 0.64277
0.2545 0.713114
0.2555 0.739031
0.2565 0.747313
0.2575 0.749419
0.2585 0.749671
0.2595 0.74963
0.2605 0.749526
0.2615 0.749489
0.2625 0.749534
0.2635 0.749653
0.2645 0.750012
0.2655 0.750398
0.2665 0.750596
0.2675 0.750743
0.2685 0.750817
0.2695 0.750842
0.2705 0.750821
0.2715 0.750726
0.2725 0.750612
0.2735 0.750557
0.2745 0.750524
0.2755 0.750515
0.2765 0.75053
0.2775 0.750539
0.2785 0.750521
0.2795 0.750471
0.2805 0.750389
0.2815 0.750181
0.2825 0.75
0.2835 0.749969
0.2845 0.750032
0.2855 0.750229
0.2865 0.750537
0.2875 0.751312
0.2885 0.752385
0.2895 0.753788
0.2905 0.755759
0.2915 0.758935
0.2925 0.76246
0.2935 0.763891
0.2945 0.764836
0.2955 0.76483
0.2965 0.764138
0.2975 0.761857
0.2985 0.757717
0.2995 0.752735
0.3005 0.747265
0.3015 0.742283
0.3025 0.738143
0.3035 0.735862
0.3045 0.73517
0.3055 0.735164
0.3065 0.736109
0.3075 0.73754
0.3085 0.741065
0.3095 0.744241
0.3105 0.746212
0.3115 0.747615
0.3125 0.748688
0.3135 0.749463
0.3145 0.749771
0.3155 0.749968
0.3165 0.750031
0.3175 0.75
0.3185 0.749819
0.3195 0.749611
0.3205 0.749529
0.3215 0.749479
0.3225 0.749461
0.3235 0.74947
0.3245 0.749485
0.3255 0.749476
0.3265 0.749443
0.3275 0.749388
0.3285 0.749274
0.3295 0.749179
0.3305 0.749158
0.3315 0.749183
0.3325 0.749257
0.3335 0.749404
0.3345 0.749602
0.3355 0.749988
0.3365 0.750347
0.3375 0.750466
0.3385 0.750509
0.3395 0.750465
0.3405 0.750318
0.3415 0.750071
0.3425 0.749411
0.3435 0.747937
0.3445 0.743684
0.3455 0.730822
0.3465 0.695968
0.3475 0.613933
0.3485 0.50468
0.3495 0.44919
0.3505 0.437705
0.3515 0.464677
0.3525 0.545584
0.3535 0.562841
0.3545 0.52649
0.3555 0.472467
0.3565 0.448817
0.3575 0.470692
0.3585 0.519796
0.3595 0.545698
0.3605 0.52965
0.3615 0.485488
0.3625 0.462318
0.3635 0.477163
0.3645 0.503852
0.3655 0.526397
0.3665 0.532463
0.3675 0.498923
0.3685 0.473155
0.3695 0.475463
0.3705 0.497868
0.3715 0.515488
0.3725 0.52389
0.3735 0.507596
0.3745 0.48896
0.3755 0.480961
0.3765 0.487207
0.3775 0.506581
0.3785 0.511902
0.3795 0.506739
0.3805 0.495599
0.3815 0.492472
0.3825 0.495244
0.3835 0.502459
0.3845 0.50762
0.3855 0.507403
0.3865 0.49723
0.3875 0.488916
0.3885 0.489188
0.3895 0.500474
0.3905 0.511956
0.3915 0.512204
0.3925 0.50211
0.3935 0.491017
0.3945 0.490054
0.3955 0.498677
0.3965 0.508737
0.3975 0.509022
0.3985 0.503916
0.3995 0.496394
0.4005 0.493932
0.4015 0.494013
0.4025 0.498674
0.4035 0.50213
0.4045 0.502647
0.4055 0.500893
0.4065 0.49953
0.4075 0.500771
0.4085 0.50167
0.4095 0.502538
0.4105 0.499848
0.4115 0.49734
0.4125 0.494373
0.4135 0.49482
0.4145 0.499948
0.4155 0.505425
0.4165 0.505765
0.4175 0.501534
0.4185 0.496673
0.4195 0.496504
0.4205 0.499639
0.4215 0.503305
0.4225 0.504195
0.4235 0.502952
0.4245 0.498779
0.4255 0.49665
0.4265 0.496573
0.4275 0.498211
0.4285 0.500453
0.4295 0.501382
0.4305 0.501781
0.4315 0.501663
0.4325 0.501716
0.4335 0.501482
0.4345 0.501085
0.4355 0.499994
0.4365 0.498248
0.4375 0.496964
0.4385 0.497136
0.4395 0.49972
0.4405 0.502619
0.4415 0.50341
0.4425 0.50259
0.4435 0.501475
0.4445 0.500087
0.4455 0.499569
0.4465 0.499873
0.4475 0.500226
0.4485 0.500582
0.4495 0.500141
0.4505 0.499859
0.4515 0.499418
0.4525 0.499774
0.4535 0.500127
0.4545 0.500431
0.4555 0.499913
0.4565 0.498525
0.4575 0.49741
0.4585 0.49659
0.4595 0.497381
0.4605 0.50028
0.4615 0.502864
0.4625 0.503036
0.4635 0.501752
0.4645 0.500006
0.4655 0.498915
0.4665 0.498518
0.4675 0.498284
0.4685 0.498337
0.4695 0.498219
0.4705 0.498618
0.4715 0.499547
0.4725 0.501789
0.4735 0.503427
0.4745 0.50335
0.4755 0.501221
0.4765 0.497048
0.4775 0.495805
0.4785 0.496695
0.4795 0.500361
0.4805 0.503496
0.4815 0.503327
0.4825 0.498466
0.4835 0.494235
0.4845 0.494575
0.4855 0.500052
0.4865 0.50518
0.4875 0.505627
0.4885 0.50266
0.4895 0.500152
0.4905 0.497462
0.4915 0.49833
0.4925 0.499229
0.4935 0.50047
0.4945 0.499107
0.4955 0.497353
0.4965 0.49787
0.4975 0.501326
0.4985 0.505987
0.4995 0.506068
0.5005 0.503606
0.5015 0.496084
0.5025 0.490978
0.5035 0.491263
0.5045 0.501323
0.5055 0.509946
0.5065 0.508983
0.5075 0.49789
0.5085 0.487796
0.5095 0.488044
0.5105 0.499526
0.5115 0.510812
0.5125 0.511084
0.5135 0.50277
0.5145 0.492597
0.5155 0.49238
0.5165 0.497541
0.5175 0.504756
0.5185 0.507528
0.5195 0.504401
0.5205 0.493261
0.5215 0.488098
0.5225 0.493419
0.5235 0.512793
0.5245 0.519039
0.5255 0.51104
0.5265 0.492404
0.5275 0.47611
0.5285 0.484512
0.5295 0.502132
0.5305 0.524537
0.5315 0.526845
0.5325 0.501077
0.5335 0.467537
0.5345 0.473603
0.5355 0.496148
0.5365 0.522837
0.5375 0.537682
0.5385 0.514512
0.5395 0.47035
0.5405 0.454302
0.5415 0.480204
0.5425 0.529308
0.5435 0.551183
0.5445 0.527533
0.5455 0.47351
0.5465 0.437159
0.5475 0.454416
0.5485 0.535323
0.5495 0.562295
0.5505 0.55081
0.5515 0.49532
0.5525 0.386067
0.5535 0.304032
0.5545 0.269178
0.5555 0.256316
0.5565 0.252063
0.5575 0.250589
0.5585 0.249929
0.5595 0.249682
0.5605 0.249535
0.5615 0.249491
0.5625 0.249534
0.5635 0.249653
0.5645 0.250012
0.5655 0.250398
0.5665 0.250596
0.5675 0.250743
0.5685 0.250817
0.5695 0.250842
0.5705 0.250821
0.5715 0.250726
0.5725 0.250612
0.5735 0.250557
0.5745 0.250524
0.5755 0.250515
0.5765 0.25053
0.5775 0.250539
0.5785 0.250521
0.5795 0.250471
0.5805 0.250389
0.5815 0.250181
0.5825 0.25
0.5835 0.249969
0.5845 0.250032
0.5855 0.250229
0.5865 0.250537
0.5875 0.251312
0.5885 0.252385
0.5895 0.253788
0.5905 0.255759
0.5915 0.258935
0.5925 0.26246
0.5935 0.263891
0.5945 0.264836
0.5955 0.26483
0.5965 0.264138
0.5975 0.261857
0.5985 0.257717
0.5995 0.252735
0.6005 0.247265
0.6015 0.242283
0.6025 0.238143
0.6035 0.235862
0.6045 0.23517
0.6055 0.235164
0.6065 0.236109
0.6075 0.23754
0.6085 0.241065
0.6095 0.244241
0.6105 0.246212
0.6115 0.247615
0.6125 0.248688
0.6135 0.249463
0.6145 0.249771
0.6155 0.249968
0.6165 0.250031
0.6175 0.25
0.6185 0.249819
0.6195 0.249611
0.6205 0.249529
0.6215 0.249479
0.6225 0.249461
0.6235 0.24947
0.6245 0.249485
0.6255 0.249476
0.6265 0.249443
0.6275 0.249388
0.6285 0.249274
0.6295 0.249179
0.6305 0.249158
0.6315 0.249183
0.6325 0.249257
0.6335 0.249404
0.6345 0.249602
0.6355 0.249988
0.6365 0.250347
0.6375 0.250466
0.6385 0.25051
0.6395 0.250468
0.6405 0.250335
0.6415 0.250157
0.6425 0.249801
0.6435 0.24952
0.6445 0.249446
0.6455 0.24951
0.6465 0.249638
0.6475 0.24995
0.6485 0.25047
0.6495 0.250699
0.6505 0.25073
0.6515 0.250695
0.6525 0.250481
0.6535 0.250035
0.6545 0.249757
0.6555 0.249611
0.6565 0.249494
0.6575 0.24946
0.6585 0.249483
0.6595 0.24956
0.6605 0.249773
0.6615 0.249971
0.6625 0.250031
0.6635 0.250038
0.6645 0.249991
0.6655 0.249887
0.6665 0.249777
0.6675 0.249712
0.6685 0.249756
0.6695 0.24995
0.6705 0.250215
0.6715 0.250866
0.6725 0.251524
0.6735 0.251711
0.6745 0.251687
0.6755 0.251307
0.6765 0.249932
0.6775 0.248462
0.6785 0.247939
0.6795 0.247756
0.6805 0.247889
0.6815 0.248241
0.6825 0.24915
0.6835 0.249972
0.6845 0.25034
0.6855 0.250638
0.6865 0.250779
0.6875 0.250802
0.6885 0.250759
0.6895 0.250608
0.6905 0.250517
0.6915 0.250492
0.6925 0.250502
0.6935 0.250566
0.6945 0.250679
0.6955 0.250952
0.6965 0.251192
0.6975 0.251154
0.6985 0.250964
0.6995 0.250542
0.7005 0.249414
0.7015 0.248346
0.7025 0.248065
0.7035 0.248239
0.7045 0.248913
0.7055 0.249869
0.7065 0.250439
0.7075 0.250744
0.7085 0.2507
0.7095 0.250491
0.7105 0.249995
0.7115 0.249688
0.7125 0.249648
0.7135 0.249704
0.7145 0.250017
0.7155 0.250551
0.7165 0.251029
0.7175 0.251443
0.7185 0.251515
0.7195 0.251365
0.7205 0.251147
0.7215 0.250764
0.7225 0.250176
0.7235 0.249619
0.7245 0.249063
0.7255 0.247688
0.7265 0.246627
0.7275 0.246594
0.7285 0.247207
0.7295 0.249472
0.7305 0.251507
0.7315 0.251838
0.7325 0.251556
0.7335 0.251024
0.7345 0.2506
0.7355 0.250469
0.7365 0.250511
0.7375 0.250535
0.7385 0.250353
0.7395 0.250261
0.7405 0.250507
0.7415 0.251578
0.7425 0.252938
0.7435 0.255357
0.7445 0.263221
0.7455 0.287914
0.7465 0.35747
0.7475 0.521761
0.7485 0.740591
0.7495 0.851139
0.7505 0.873115
0.7515 0.817997
0.7525 0.655195
0.7535 0.621766
0.7545 0.696857
0.7555 0.806568
0.7565 0.854717
0.7575 0.810426
0.7585 0.70871
0.7595 0.655573
0.7605 0.689831
0.7615 0.781066
0.7625 0.827694
0.7635 0.797726
0.7645 0.742703
0.7655 0.696847
0.7665 0.684582
0.7675 0.752202
0.7685 0.80326
0.7695 0.798429
0.7705 0.755152
0.7715 0.720687
0.7725 0.706238
0.7735 0.738958
0.7745 0.773511
0.7755 0.788247
0.7765 0.769447
0.7775 0.728834
0.7785 0.721173
0.7795 0.732121
0.7805 0.75494
0.7815 0.765533
0.7825 0.758453
0.7835 0.744865
0.7845 0.735435
0.7855 0.743144
0.7865 0.75813
0.7875 0.774251
0.7885 0.774731
0.7895 0.751044
0.7905 0.727541
0.7915 0.727705
0.7925 0.752077
0.7935 0.776889
0.7945 0.775946
0.7955 0.746464
0.7965 0.716443
0.7975 0.716056
0.7985 0.745412
0.7995 0.777308
0.8005 0.778956
0.8015 0.755727
0.8025 0.728598
0.8035 0.725731
0.8045 0.741454
0.8055 0.759614
0.8065 0.763953
0.8075 0.7533
0.8085 0.740037
0.8095 0.742771
0.8105 0.752184
0.8115 0.762026
0.8125 0.767364
0.8135 0.75877
0.8145 0.745871
0.8155 0.739352
0.8165 0.745998
0.8175 0.755535
0.8185 0.764234
0.8195 0.760428
0.8205 0.739728
0.8215 0.728454
0.8225 0.731782
0.8235 0.753481
0.8245 0.765592
0.8255 0.766362
0.8265 0.744016
0.8275 0.725078
0.8285 0.73465
0.8295 0.751218
0.8305 0.774678
0.8315 0.776025
0.8325 0.752081
0.8335 0.717199
0.8345 0.723446
0.8355 0.747149
0.8365 0.776522
0.8375 0.792023
0.8385 0.768191
0.8395 0.719557
0.8405 0.700662
0.8415 0.728808
0.8425 0.783301
0.8435 0.807106
0.8445 0.781875
0.8455 0.72364
0.8465 0.682162
0.8475 0.695961
0.8485 0.778065
0.8495 0.807127
0.8505 0.797963
0.8515 0.743982
0.8525 0.635258
0.8535 0.553788
0.8545 0.519767
0.8555 0.509158
0.8565 0.505963
0.8575 0.504708
0.8585 0.502898
0.8595 0.500962
0.8605 0.500513
0.8615 0.500705
0.8625 0.501069
0.8635 0.501022
0.8645 0.500937
0.8655 0.5012
0.8665 0.502048
0.8675 0.503112
0.8685 0.503676
0.8695 0.503015
0.8705 0.498944
0.8715 0.494414
0.8725 0.493188
0.8735 0.493254
0.8745 0.495377
0.8755 0.498126
0.8765 0.499239
0.8775 0.500351
0.8785 0.501529
0.8795 0.502293
0.8805 0.502731
0.8815 0.50303
0.8825 0.502886
0.8835 0.502058
0.8845 0.501103
0.8855 0.500033
0.8865 0.499407
0.8875 0.499296
0.8885 0.499376
0.8895 0.499989
0.8905 0.500983
0.8915 0.501401
0.8925 0.501488
0.8935 0.500878
0.8945 0.499737
0.8955 0.497826
0.8965 0.496477
0.8975 0.496129
0.8985 0.496692
0.8995 0.498827
0.9005 0.501084
0.9015 0.501927
0.9025 0.502308
0.9035 0.502384
0.9045 0.501905
0.9055 0.501357
0.9065 0.501132
0.9075 0.501004
0.9085 0.500985
0.9095 0.501035
0.9105 0.501217
0.9115 0.501517
0.9125 0.501604
0.9135 0.501558
0.9145 0.501277
0.9155 0.500679
0.9165 0.499943
0.9175 0.4983
0.9185 0.496482
0.9195 0.495777
0.9205 0.495511
0.9215 0.495879
0.9225 0.496925
0.9235 0.499865
0.9245 0.502615
0.9255 0.503374
0.9265 0.503423
0.9275 0.503049
0.9285 0.501732
0.9295 0.50043
0.9305 0.4999
0.9315 0.499511
0.9325 0.499425
0.9335 0.499553
0.9345 0.499775
0.9355 0.499983
0.9365 0.500076
0.9375 0.500062
0.9385 0.499942
0.9395 0.499546
0.9405 0.499119
0.9415 0.498966
0.9425 0.49892
0.9435 0.498989
0.9445 0.499222
0.9455 0.499513
0.9465 0.50007
0.9475 0.500961
0.9485 0.50139
0.9495 0.501459
0.9505 0.501398
0.9515 0.500941
0.9525 0.499901
0.9535 0.499275
0.9545 0.49902
0.9555 0.498891
0.9565 0.499041
0.9575 0.499603
0.9585 0.500314
0.9595 0.500671
0.9605 0.500936
0.9615 0.501019
0.9625 0.500932
0.9635 0.500693
0.9645 0.499976
0.9655 0.499203
0.9665 0.498808
0.9675 0.498515
0.9685 0.498367
0.9695 0.498315
0.9705 0.498357
0.9715 0.498549
0.9725 0.498777
0.9735 0.498887
0.9745 0.498951
0.9755 0.498967
0.9765 0.498951
0.9775 0.498943
0.9785 0.498984
0.9795 0.49909
0.9805 0.499293
0.9815 0.499513
0.9825 0.499671
0.9835 0.499643
0.9845 0.499419
0.9855 0.498846
0.9865 0.497756
0.9875 0.496144
0.9885 0.493181
0.9895 0.490327
0.9905 0.485958
0.9915 0.477081
0.9925 0.470838
0.9935 0.467759
0.9945 0.465541
0.9955 0.465334
0.9965 0.46738
0.9975 0.471576
0.9985 0.48055
0.9995 0.491616

# time= 0.5
0.0005 -0.411852
0.0015 -0.338257
0.0025 -0.230115
0.0035 -0.0930435
0.0045 0.00970716
0.0055 0.12654
0.0065 0.217925
0.0075 0.309118
0.0085 0.371837
0.0095 0.410994
0.0105 0.446582
0.0115 0.461918
0.0125 0.479074
0.0135 0.489871
0.0145 0.493516
0.0155 0.49824
0.0165 0.500707
0.0175 0.501583
0.0185 0.502097
0.0195 0.501838
0.0205 0.501417
0.0215 0.500864
0.0225 0.500526
0.0235 0.500448
0.0245 0.500227
0.0255 0.50017
0.0265 0.499989
0.0275 0.500086
0.0285 0.500378
0.0295 0.500737
0.0305 0.500845
0.0315 0.500702
0.0325 0.50065
0.0335 0.500711
0.0345 0.501107
0.0355 0.501572
0.0365 0.501803
0.0375 0.501516
0.0385 0.500163
0.0395 0.499031
0.0405 0.499018
0.0415 0.500305
0.0425 0.501495
0.0435 0.501464
0.0445 0.500667
0.0455 0.499897
0.0465 0.499318
0.0475 0.49925
0.0485 0.499633
0.0495 0.499288
0.0505 0.499236
0.0515 0.498374
0.0525 0.4985
0.0535 0.499589
0.0545 0.50057
0.0555 0.501415
0.0565 0.500206
0.0575 0.499183
0.0585 0.498201
0.0595 0.499021
0.0605 0.502041
0.0615 0.503064
0.0625 0.501899
0.0635 0.500544
0.0645 0.498499
0.0655 0.498468
0.0665 0.500513
0.0675 0.502666
0.0685 0.502758
0.0695 0.499979
0.0705 0.498483
0.0715 0.497064
0.0725 0.498038
0.0735 0.501525
0.0745 0.501816
0.0755 0.50093
0.0765 0.496173
0.0775 0.496266
0.0785 0.49897
0.0795 0.502336
0.0805 0.507078
0.0815 0.503059
0.0825 0.497559
0.0835 0.49334
0.0845 0.49453
0.0855 0.503819
0.0865 0.507393
0.0875 0.504658
0.0885 0.50185
0.0895 0.489836
0.0905 0.492039
0.0915 0.496472
0.0925 0.503692
0.0935 0.50275
0.0945 0.483017
0.0955 0.46001
0.0965 0.395015
0.0975 0.326744
0.0985 0.300379
0.0995 0.264909
0.1005 0.235593
0.1015 0.200172
0.1025 0.173638
0.1035 0.105153
0.1045 0.0399146
0.1055 0.0167466
0.1065 -0.00324133
0.1075 -0.00383309
0.1085 0.00242821
0.1095 0.00620946
0.1105 0.00857723
0.1115 -0.00366273
0.1125 -0.00641106
0.1135 -0.00932544
0.1145 -0.00547906
0.1155 0.0044967
0.1165 0.00590682
0.1175 0.00200922
0.1185 -0.00280368
0.1195 -0.00662272
0.1205 -0.00149258
0.1215 0.00207079
0.1225 0.00499931
0.1235 0.00519147
0.1245 0.000446929
0.1255 -0.000443166
0.1265 -0.000310688
0.1275 0.00294744
0.1285 0.00378416
0.1295 0.0021278
0.1305 0.000415883
0.1315 -0.00265371
0.1325 -0.00280202
0.1335 -0.00112778
0.1345 0.000466221
0.1355 0.000364138
0.1365 -0.00193477
0.1375 -0.0032795
0.1385 -0.00452804
0.1395 -0.00337819
0.1405 -8.30683e-05
0.1415 0.000954958
0.1425 0.00020022
0.1435 -0.000557497
0.1445 -0.00151232
0.1455 -0.000370625
0.1465 0.000815981
0.1475 0.00207911
0.1485 0.0023228
0.1495 0.00145884
0.1505 0.0013754
0.1515 0.000872155
0.1525 0.00107093
0.1535 0.00079808
0.1545 -0.000116404
0.1555 -0.00119522
0.1565 -0.0022408
0.1575 -0.00249388
0.1585 -0.00147745
0.1595 -0.000331271
0.1605 -0.000292027
0.1615 -0.00134322
0.1625 -0.00258235
0.1635 -0.00279399
0.1645 -0.00235537
0.1655 -0.000973569
0.1665 -0.000215993
0.1675 8.95971e-05
0.1685 0.000333715
0.1695 0.000573434
0.1705 0.00116471
0.1715 0.00169997
0.1725 0.00221186
0.1735 0.00238106
0.1745 0.00217554
0.1755 0.00201105
0.1765 0.00168813
0.1775 0.00137508
0.1785 0.000824635
0.1795 6.8801e-05
0.1805 -0.000635209
0.1815 -0.00125905
0.1825 -0.00131245
0.1835 -0.00069119
0.1845 -4.53021e-05
0.1855 5.34256e-06
0.1865 -0.000304885
0.1875 -0.000741177
0.1885 -0.000908322
0.1895 -0.000882966
0.1905 -0.000435434
0.1915 0.000116818
0.1925 0.000394842
0.1935 0.000633026
0.1945 0.000760156
0.1955 0.000861205
0.1965 0.000852298
0.1975 0.000802347
0.1985 0.000579714
0.1995 0.000213744
0.2005 1.72103e-05
0.2015 -0.000259276
0.2025 -0.000626109
0.2035 -0.000888812
0.2045 -0.00123442
0.2055 -0.00151115
0.2065 -0.00155621
0.2075 -0.00142009
0.2085 -0.000823218
0.2095 -0.000178242
0.2105 3.24656e-05
0.2115 9.44032e-05
0.2125 7.23593e-05
0.2135 4.9629e-05
0.2145 0.000102485
0.2155 0.000310593
0.2165 0.000556812
0.2175 0.000680008
0.2185 0.000730913
0.2195 0.000688791
0.2205 0.000579133
0.2215 0.000316999
0.2225 -1.30441e-05
0.2235 -0.000462964
0.2245 -0.00103105
0.2255 -0.00131113
0.2265 -0.00151345
0.2275 -0.0016479
0.2285 -0.00167789
0.2295 -0.00163502
0.2305 -0.00149576
0.2315 -0.00124674
0.2325 -0.000882619
0.2335 -2.11318e-05
0.2345 0.000855985
0.2355 0.00127247
0.2365 0.00157891
0.2375 0.00175439
0.2385 0.00184766
0.2395 0.00186779
0.2405 0.00183005
0.2415 0.00167801
0.2425 0.00142706
0.2435 0.00115102
0.2445 0.000481818
0.2455 -4.60425e-05
0.2465 -0.000493456
0.2475 -0.00123931
0.2485 -0.00168814
0.2495 -0.00192186
0.2505 -0.00210267
0.2515 -0.00215459
0.2525 -0.0021084
0.2535 -0.00194313
0.2545 -0.0016946
0.2555 -0.00136754
0.2565 -0.000705047
0.2575 -0.000113553
0.2585 0.000685815
0.2595 0.00138591
0.2605 0.00185001
0.2615 0.00222532
0.2625 0.00241009
0.2635 0.00251187
0.2645 0.00252216
0.2655 0.00246578
0.2665 0.00229244
0.2675 0.00200864
0.2685 0.00163991
0.2695 0.00102275
0.2705 0.000255579
0.2715 -0.000542714
0.2725 -0.00117592
0.2735 -0.00158617
0.2745 -0.00182444
0.2755 -0.00195738
0.2765 -0.00196999
0.2775 -0.00185236
0.2785 -0.00160326
0.2795 -0.00124105
0.2805 -0.000410046
0.2815 0.000526805
0.2825 0.00107849
0.2835 0.0022055
0.2845 0.00334236
0.2855 0.00393378
0.2865 0.00487944
0.2875 0.00571588
0.2885 0.006484
0.2895 0.00707087
0.2905 0.00729408
0.2915 0.00746892
0.2925 0.00745282
0.2935 0.00727338
0.2945 0.00689162
0.2955 0.00622206
0.2965 0.00542115
0.2975 0.00388669
0.2985 0.00177637
0.2995 -0.000704055
0.3005 -0.00361658
0.3015 -0.00522406
0.3025 -0.00632987
0.3035 -0.00715103
0.3045 -0.00751079
0.3055 -0.00757497
0.3065 -0.00732944
0.3075 -0.00675685
0.3085 -0.00599037
0.3095 -0.00449127
0.3105 -0.0030732
0.3115 -0.00220545
0.3125 -0.0015309
0.3135 -0.00119259
0.3145 -0.00101427
0.3155 -0.000951503
0.3165 -0.00103624
0.3175 -0.00118092
0.3185 -0.00148491
0.3195 -0.00181625
0.3205 -0.00209726
0.3215 -0.00241912
0.3225 -0.00256996
0.3235 -0.00264838
0.3245 -0.00266954
0.3255 -0.00261975
0.3265 -0.00248892
0.3275 -0.00227251
0.3285 -0.00196147
0.3295 -0.00129031
0.3305 -0.000395479
0.3315 0.000400228
0.3325 0.00122456
0.3335 0.00195273
0.3345 0.00242031
0.3355 0.00258815
0.3365 0.00267093
0.3375 0.00259842
0.3385 0.00238113
0.3395 0.0019276
0.3405 0.00133404
0.3415 0.000275331
0.3425 -0.000729099
0.3435 -0.00120092
0.3445 -0.00155071
0.3455 -0.00176039
0.3465 -0.00189361
0.3475 -0.00195635
0.3485 -0.00194788
0.3495 -0.00188124
0.3505 -0.00173211
0.3515 -0.00151062
0.3525 -0.00121969
0.3535 -0.000672549
0.3545 -0.000251545
0.3555 0.000204897
0.3565 0.000958316
0.3575 0.00144792
0.3585 0.00168789
0.3595 0.00196008
0.3605 0.0021057
0.3615 0.00213557
0.3625 0.00205363
0.3635 0.0018181
0.3645 0.00139454
0.3655 0.000834818
0.3665 -0.000363454
0.3675 -0.00143692
0.3685 -0.00180085
0.3695 -0.00198261
0.3705 -0.00196549
0.3715 -0.00181583
0.3725 -0.00162111
0.3735 -0.00139346
0.3745 -0.00112235
0.3755 -0.000831817
0.3765 -0.000624984
0.3775 -0.000337303
0.3785 -0.000141605
0.3795 1.62544e-05
0.3805 0.000202812
0.3815 0.000308209
0.3825 0.000397014
0.3835 0.000475733
0.3845 0.000559035
0.3855 0.000681003
0.3865 0.000915516
0.3875 0.0014218
0.3885 0.00179681
0.3895 0.00174597
0.3905 0.00134306
0.3915 -2.02757e-05
0.3925 -0.00135776
0.3935 -0.00174915
0.3945 -0.00181404
0.3955 -0.00152286
0.3965 -0.00112273
0.3975 -0.000890466
0.3985 -0.000611316
0.3995 -0.000299022
0.4005 -6.807e-05
0.4015 0.000325627
0.4025 0.000581776
0.4035 0.000622656
0.4045 0.000704891
0.4055 0.000639966
0.4065 0.000651976
0.4075 0.000525174
0.4085 0.000313404
0.4095 -3.01306e-05
0.4105 -0.000227031
0.4115 -6.98668e-05
0.4125 0.000510858
0.4135 0.00146149
0.4145 0.00188293
0.4155 0.0016977
0.4165 2.41425e-05
0.4175 -0.00184953
0.4185 -0.00224865
0.4195 -0.00182886
0.4205 -0.00128988
0.4215 -0.000661482
0.4225 -0.000389481
0.4235 -0.000384042
0.4245 4.87555e-05
0.4255 0.000295471
0.4265 0.00103414
0.4275 0.00123533
0.4285 0.00105397
0.4295 0.000849601
0.4305 0.000748377
0.4315 0.00111131
0.4325 0.00128165
0.4335 0.00115054
0.4345 0.00023809
0.4355 -0.000986213
0.4365 -0.00146368
0.4375 -0.000961602
0.4385 0.00147138
0.4395 0.00352506
0.4405 0.00343545
0.4415 0.000459489
0.4425 -0.00231775
0.4435 -0.0027205
0.4445 -0.0014502
0.4455 -0.000381818
0.4465 0.000346629
0.4475 0.000320559
0.4485 -0.000736786
0.4495 -0.000194313
0.4505 9.45146e-05
0.4515 0.00176769
0.4525 0.00181216
0.4535 0.000160076
0.4545 -0.00138668
0.4555 -0.00263903
0.4565 6.51843e-05
0.4575 0.00233441
0.4585 0.00448249
0.4595 0.00296491
0.4605 -0.00299534
0.4615 -0.00506556
0.4625 -0.00284921
0.4635 -0.000244526
0.4645 0.00362257
0.4655 0.00348971
0.4665 -0.00105405
0.4675 -0.00587141
0.4685 -0.00638729
0.4695 -0.0011298
0.4705 0.0016181
0.4715 0.00430525
0.4725 0.00239311
0.4735 -0.00463963
0.4745 -0.00503428
0.4755 -0.00276204
0.4765 0.00723849
0.4775 0.00765937
0.4785 0.00276356
0.4795 -0.00355926
0.4805 -0.0128028
0.4815 -0.00425416
0.4825 0.00590361
0.4835 0.0140981
0.4845 0.0114346
0.4855 -0.00816027
0.4865 -0.0157742
0.4875 -0.0104282
0.4885 -0.00506698
0.4895 0.0187791
0.4905 0.0142756
0.4915 0.0053845
0.4925 -0.00898705
0.4935 -0.00702037
0.4945 0.0326388
0.4955 0.0788339
0.4965 0.209205
0.4975 0.346224
0.4985 0.399198
0.4995 0.470405
0.5005 0.529491
0.5015 0.600716
0.5025 0.653627
0.5035 0.790573
0.5045 0.920893
0.5055 0.967077
0.5065 1.00674
0.5075 1.00866
0.5085 0.994437
0.5095 0.985686
0.5105 0.981221
0.5115 1.00516
0.5125 1.01058
0.5135 1.01599
0.5145 1.00835
0.5155 0.988654
0.5165 0.985997
0.5175 0.994164
0.5185 1.00423
0.5195 1.01286
0.5205 1.00365
0.5215 0.997374
0.5225 0.992527
0.5235 0.992984
0.5245 1.003
0.5255 1.00529
0.5265 1.00486
0.5275 0.997627
0.5285 0.995636
0.5295 0.998249
0.5305 1.0009
0.5315 1.00606
0.5325 1.00548
0.5335 1.00061
0.5345 0.996025
0.5355 0.995884
0.5365 0.999708
0.5375 1.0023
0.5385 1.00447
0.5395 1.00236
0.5405 0.996339
0.5415 0.994791
0.5425 0.996957
0.5435 0.999244
0.5445 1.00205
0.5455 1.00098
0.5465 0.999665
0.5475 0.998286
0.5485 0.99851
0.5495 1.00036
0.5505 1.00102
0.5515 1.00155
0.5525 1.00056
0.5535 1.00056
0.5545 1.00122
0.5555 1.00218
0.5565 1.00335
0.5575 1.00276
0.5585 0.999691
0.5595 0.996462
0.5605 0.996294
0.5615 0.998199
0.5625 1.00052
0.5635 1.00109
0.5645 1.00058
0.5655 0.999674
0.5665 0.998888
0.5675 0.998798
0.5685 0.999233
0.5695 0.999815
0.5705 0.999879
0.5715 0.99986
0.5725 0.999825
0.5735 1.00033
0.5745 1.00131
0.5755 1.00161
0.5765 1.00211
0.5775 1.00212
0.5785 1.00236
0.5795 1.00287
0.5805 1.00328
0.5815 1.00347
0.5825 1.00288
0.5835 1.00113
0.5845 0.999773
0.5855 0.999724
0.5865 1.00045
0.5875 1.0027
0.5885 1.00414
0.5895 1.00485
0.5905 1.00547
0.5915 1.00583
0.5925 1.00614
0.5935 1.00627
0.5945 1.00627
0.5955 1.00596
0.5965 1.00497
0.5975 1.00371
0.5985 1.00299
0.5995 1.00193
0.6005 1.00029
0.6015 0.998895
0.6025 0.997554
0.6035 0.996772
0.6045 0.996071
0.6055 0.995349
0.6065 0.994648
0.6075 0.993939
0.6085 0.993244
0.6095 0.992609
0.6105 0.992484
0.6115 0.992727
0.6125 0.993862
0.6135 0.995042
0.6145 0.995841
0.6155 0.996879
0.6165 0.997809
0.6175 0.998386
0.6185 0.998805
0.6195 0.999353
0.6205 0.999604
0.6215 0.999821
0.6225 1.00019
0.6235 1.00049
0.6245 1.00061
0.6255 1.00075
0.6265 1.00087
0.6275 1.00103
0.6285 1.00117
0.6295 1.00125
0.6305 1.00123
0.6315 1.0011
0.6325 1.0006
0.6335 0.999713
0.6345 0.998842
0.6355 0.99792
0.6365 0.997432
0.6375 0.997193
0.6385 0.997135
0.6395 0.997316
0.6405 0.997699
0.6415 0.998232
0.6425 0.999391
0.6435 1.00049
0.6445 1.00093
0.6455 1.00124
0.6465 1.00141
0.6475 1.00147
0.6485 1.00143
0.6495 1.00133
0.6505 1.00105
0.6515 1.00076
0.6525 1.00068
0.6535 1.00067
0.6545 1.00088
0.6555 1.0011
0.6565 1.00102
0.6575 1.0008
0.6585 1.0003
0.6595 0.99923
0.6605 0.998414
0.6615 0.998029
0.6625 0.997754
0.6635 0.997704
0.6645 0.997842
0.6655 0.998138
0.6665 0.998946
0.6675 0.999797
0.6685 1.00035
0.6695 1.00087
0.6705 1.00127
0.6715 1.00162
0.6725 1.0018
0.6735 1.00186
0.6745 1.00186
0.6755 1.00175
0.6765 1.00146
0.6775 1.00111
0.6785 1.00084
0.6795 1.00048
0.6805 1.0002
0.6815 0.99979
0.6825 0.99928
0.6835 0.998939
0.6845 0.998708
0.6855 0.998273
0.6865 0.997907
0.6875 0.997764
0.6885 0.997711
0.6895 0.997901
0.6905 0.998327
0.6915 0.999645
0.6925 1.00106
0.6935 1.00164
0.6945 1.00204
0.6955 1.00229
0.6965 1.00241
0.6975 1.00242
0.6985 1.00231
0.6995 1.00215
0.7005 1.00177
0.7015 1.00111
0.7025 1.00055
0.7035 1.00023
0.7045 0.999902
0.7055 0.99965
0.7065 0.999291
0.7075 0.999021
0.7085 0.998906
0.7095 0.998818
0.7105 0.998719
0.7115 0.998539
0.7125 0.998166
0.7135 0.997784
0.7145 0.99783
0.7155 0.998178
0.7165 0.999707
0.7175 1.00137
0.7185 1.00198
0.7195 1.00222
0.7205 1.0023
0.7215 1.00222
0.7225 1.00214
0.7235 1.002
0.7245 1.00155
0.7255 1.00119
0.7265 1.00034
0.7275 0.999754
0.7285 0.999576
0.7295 0.999378
0.7305 0.999259
0.7315 0.998864
0.7325 0.998568
0.7335 0.998698
0.7345 0.999124
0.7355 0.999644
0.7365 0.99996
0.7375 0.999703
0.7385 0.998747
0.7395 0.997986
0.7405 0.998144
0.7415 0.999979
0.7425 1.00179
0.7435 1.00216
0.7445 1.00175
0.7455 1.00132
0.7465 1.00105
0.7475 1.00103
0.7485 1.0014
0.7495 1.00107
0.7505 1.00049
0.7515 0.999247
0.7525 0.998996
0.7535 0.999531
0.7545 1.00003
0.7555 1.0005
0.7565 0.999042
0.7575 0.997966
0.7585 0.996931
0.7595 0.997816
0.7605 1.001
0.7615 1.00214
0.7625 1.00111
0.7635 0.999853
0.7645 0.997981
0.7655 0.998083
0.7665 1.00044
0.7675 1.00295
0.7685 1.00327
0.7695 1.00071
0.7705 0.999387
0.7715 0.99806
0.7725 0.99896
0.7735 1.00245
0.7745 1.00256
0.7755 1.00124
0.7765 0.9961
0.7775 0.995748
0.7785 0.998138
0.7795 1.00125
0.7805 1.00592
0.7815 1.0016
0.7825 0.997354
0.7835 0.9935
0.7845 0.995076
0.7855 1.00572
0.7865 1.00976
0.7875 1.00687
0.7885 1.0043
0.7895 0.992174
0.7905 0.9946
0.7915 0.998241
0.7925 1.00411
0.7935 1.00339
0.7945 0.98314
0.7955 0.9598
0.7965 0.894368
0.7975 0.825733
0.7985 0.799181
0.7995 0.763618
0.8005 0.734095
0.8015 0.698478
0.8025 0.672138
0.8035 0.603842
0.8045 0.538957
0.8055 0.516111
0.8065 0.496611
0.8075 0.495637
0.8085 0.503568
0.8095 0.50859
0.8105 0.510857
0.8115 0.499148
0.8125 0.496483
0.8135 0.494121
0.8145 0.497742
0.8155 0.506987
0.8165 0.508087
0.8175 0.503659
0.8185 0.497682
0.8195 0.493271
0.8205 0.497646
0.8215 0.500546
0.8225 0.502784
0.8235 0.502469
0.8245 0.497438
0.8255 0.496259
0.8265 0.496526
0.8275 0.500414
0.8285 0.501525
0.8295 0.500337
0.8305 0.499178
0.8315 0.496764
0.8325 0.497229
0.8335 0.499932
0.8345 0.50247
0.8355 0.50258
0.8365 0.500852
0.8375 0.499563
0.8385 0.498555
0.8395 0.499455
0.8405 0.502092
0.8415 0.502603
0.8425 0.501311
0.8435 0.499924
0.8445 0.498353
0.8455 0.498713
0.8465 0.499357
0.8475 0.500066
0.8485 0.500036
0.8495 0.499254
0.8505 0.499019
0.8515 0.499095
0.8525 0.499969
0.8535 0.500252
0.8545 0.500044
0.8555 0.49969
0.8565 0.499167
0.8575 0.499445
0.8585 0.500889
0.8595 0.502377
0.8605 0.502404
0.8615 0.501316
0.8625 0.500004
0.8635 0.499638
0.8645 0.499779
0.8655 0.500115
0.8665 0.500396
0.8675 0.500287
0.8685 0.500041
0.8695 0.499718
0.8705 0.499618
0.8715 0.499839
0.8725 0.500035
0.8735 0.500051
0.8745 0.499926
0.8755 0.499965
0.8765 0.499995
0.8775 0.500257
0.8785 0.500315
0.8795 0.500067
0.8805 0.499823
0.8815 0.499583
0.8825 0.499704
0.8835 0.500367
0.8845 0.500929
0.8855 0.500921
0.8865 0.500462
0.8875 0.499843
0.8885 0.499522
0.8895 0.499418
0.8905 0.499513
0.8915 0.499667
0.8925 0.499847
0.8935 0.499943
0.8945 0.500065
0.8955 0.500239
0.8965 0.50041
0.8975 0.500575
0.8985 0.500689
0.8995 0.500732
0.9005 0.500779
0.9015 0.500767
0.9025 0.500745
0.9035 0.500599
0.9045 0.500362
0.9055 0.500142
0.9065 0.499956
0.9075 0.499994
0.9085 0.500352
0.9095 0.500703
0.9105 0.500757
0.9115 0.500679
0.9125 0.500328
0.9135 0.49996
0.9145 0.499815
0.9155 0.499716
0.9165 0.499662
0.9175 0.49964
0.9185 0.49965
0.9195 0.499685
0.9205 0.499761
0.9215 0.499932
0.9225 0.500129
0.9235 0.500227
0.9245 0.500293
0.9255 0.500308
0.9265 0.500277
0.9275 0.500191
0.9285 0.500084
0.9295 0.499836
0.9305 0.499598
0.9315 0.49953
0.9325 0.499503
0.9335 0.499608
0.9345 0.499712
0.9355 0.499706
0.9365 0.499592
0.9375 0.499456
0.9385 0.499439
0.9395 0.499483
0.9405 0.499704
0.9415 0.500029
0.9425 0.500268
0.9435 0.500477
0.9445 0.500642
0.9455 0.500736
0.9465 0.500761
0.9475 0.500711
0.9485 0.500617
0.9495 0.50039
0.9505 0.499996
0.9515 0.49966
0.9525 0.499472
0.9535 0.499369
0.9545 0.499305
0.9555 0.499312
0.9565 0.499371
0.9575 0.499489
0.9585 0.499665
0.9595 0.499933
0.9605 0.500147
0.9615 0.500207
0.9625 0.500171
0.9635 0.499986
0.9645 0.499821
0.9655 0.499795
0.9665 0.499869
0.9675 0.499955
0.9685 0.499938
0.9695 0.499825
0.9705 0.499614
0.9715 0.499309
0.9725 0.499031
0.9735 0.498835
0.9745 0.498696
0.9755 0.498532
0.9765 0.498286
0.9775 0.498031
0.9785 0.4978
0.9795 0.497145
0.9805 0.495939
0.9815 0.494357
0.9825 0.49144
0.9835 0.485867
0.9845 0.479861
0.9855 0.470394
0.9865 0.450081
0.9875 0.424551
0.9885 0.398073
0.9895 0.338285
0.9905 0.278313
0.9915 0.185092
0.9925 0.0534532
0.9935 -0.081602
0.9945 -0.214782
0.9955 -0.347173
0.9965 -0.437493
0.9975 -0.480676
0.9985 -0.496215
0.9995 -0.48378

# time= 0.75
0.0005 -16.6051
0.0015 -15.3669
0.0025 -13.3875
0.0035 -10.9559
0.0045 -9.0036
0.0055 -6.89065
0.0065 -4.9403
0.0075 -3.40523
0.0085 -2.43064
0.0095 -1.55447
0.0105 -0.801424
0.0115 -0.408901
0.0125 -0.098131
0.0135 0.0925375
0.0145 0.246049
0.0155 0.357256
0.0165 0.401262
0.0175 0.438893
0.0185 0.461335
0.0195 0.479097
0.0205 0.488825
0.0215 0.495074
0.0225 0.498879
0.0235 0.499727
0.0245 0.499143
0.0255 0.498321
0.0265 0.499691
0.0275 0.501133
0.0285 0.503367
0.0295 0.502294
0.0305 0.499655
0.0315 0.499729
0.0325 0.497709
0.0335 0.50212
0.0345 0.502446
0.0355 0.503506
0.0365 0.501034
0.0375 0.495985
0.0385 0.49785
0.0395 0.497452
0.0405 0.503438
0.0415 0.504595
0.0425 0.504116
0.0435 0.497467
0.0445 0.489692
0.0455 0.496
0.0465 0.503451
0.0475 0.506727
0.0485 0.500426
0.0495 0.485634
0.0505 0.469142
0.0515 0.447746
0.0525 0.410454
0.0535 0.354747
0.0545 0.306285
0.0555 0.278404
0.0565 0.263553
0.0575 0.256151
0.0585 0.252689
0.0595 0.251182
0.0605 0.250557
0.0615 0.250307
0.0625 0.250214
0.0635 0.250177
0.0645 0.250156
0.0655 0.250135
0.0665 0.250104
0.0675 0.250071
0.0685 0.25005
0.0695 0.250037
0.0705 0.250032
0.0715 0.250032
0.0725 0.250042
0.0735 0.250061
0.0745 0.250084
0.0755 0.250105
0.0765 0.250121
0.0775 0.250131
0.0785 0.250137
0.0795 0.25014
0.0805 0.250141
0.0815 0.25014
0.0825 0.250137
0.0835 0.25013
0.0845 0.25012
0.0855 0.250105
0.0865 0.250086
0.0875 0.250057
0.0885 0.250031
0.0895 0.250021
0.0905 0.250016
0.0915 0.250014
0.0925 0.250017
0.0935 0.250023
0.0945 0.25004
0.0955 0.250055
0.0965 0.250058
0.0975 0.250056
0.0985 0.250048
0.0995 0.250029
0.1005 0.249995
0.1015 0.249953
0.1025 0.249858
0.1035 0.24977
0.1045 0.249661
0.1055 0.249539
0.1065 0.249462
0.1075 0.249318
0.1085 0.249183
0.1095 0.249115
0.1105 0.249066
0.1115 0.249046
0.1125 0.249048
0.1135 0.249073
0.1145 0.249139
0.1155 0.249223
0.1165 0.249358
0.1175 0.249514
0.1185 0.249769
0.1195 0.250032
0.1205 0.250236
0.1215 0.250389
0.1225 0.250487
0.1235 0.250556
0.1245 0.250578
0.1255 0.250587
0.1265 0.250569
0.1275 0.250537
0.1285 0.250456
0.1295 0.250328
0.1305 0.250209
0.1315 0.250014
0.1325 0.249736
0.1335 0.249493
0.1345 0.249349
0.1355 0.249251
0.1365 0.249176
0.1375 0.249138
0.1385 0.249136
0.1395 0.249171
0.1405 0.24924
0.1415 0.249341
0.1425 0.249471
0.1435 0.249732
0.1445 0.249943
0.1455 0.250036
0.1465 0.250139
0.1475 0.250197
0.1485 0.250221
0.1495 0.25022
0.1505 0.250202
0.1515 0.250146
0.1525 0.250062
0.1535 0.24991
0.1545 0.249731
0.1555 0.249595
0.1565 0.249484
0.1575 0.249367
0.1585 0.249271
0.1595 0.249217
0.1605 0.249196
0.1615 0.249194
0.1625 0.249207
0.1635 0.249256
0.1645 0.249329
0.1655 0.249426
0.1665 0.249644
0.1675 0.249832
0.1685 0.250016
0.1695 0.250309
0.1705 0.250523
0.1715 0.250638
0.1725 0.250736
0.1735 0.250792
0.1745 0.250816
0.1755 0.250816
0.1765 0.25079
0.1775 0.25074
0.1785 0.250642
0.1795 0.250533
0.1805 0.250383
0.1815 0.250261
0.1825 0.250188
0.1835 0.250097
0.1845 0.250049
0.1855 0.250007
0.1865 0.24997
0.1875 0.249955
0.1885 0.24994
0.1895 0.249931
0.1905 0.249927
0.1915 0.249926
0.1925 0.249929
0.1935 0.249932
0.1945 0.24993
0.1955 0.249921
0.1965 0.249905
0.1975 0.249873
0.1985 0.249828
0.1995 0.249742
0.2005 0.249661
0.2015 0.249633
0.2025 0.249624
0.2035 0.249629
0.2045 0.249651
0.2055 0.249684
0.2065 0.249749
0.2075 0.249827
0.2085 0.24991
0.2095 0.249969
0.2105 0.250002
0.2115 0.250029
0.2125 0.250041
0.2135 0.250042
0.2145 0.250033
0.2155 0.250002
0.2165 0.249956
0.2175 0.249893
0.2185 0.249822
0.2195 0.249775
0.2205 0.249702
0.2215 0.249645
0.2225 0.249573
0.2235 0.249477
0.2245 0.249394
0.2255 0.249318
0.2265 0.249295
0.2275 0.24933
0.2285 0.249398
0.2295 0.249542
0.2305 0.249726
0.2315 0.249908
0.2325 0.250186
0.2335 0.250461
0.2345 0.250596
0.2355 0.250723
0.2365 0.25083
0.2375 0.250939
0.2385 0.251144
0.2395 0.251638
0.2405 0.252871
0.2415 0.255856
0.2425 0.262614
0.2435 0.277239
0.2445 0.306846
0.2455 0.362464
0.2465 0.459217
0.2475 0.570447
0.2485 0.644832
0.2495 0.687478
0.2505 0.72038
0.2515 0.750005
0.2525 0.762621
0.2535 0.756282
0.2545 0.741706
0.2555 0.729223
0.2565 0.745077
0.2575 0.758639
0.2585 0.759694
0.2595 0.757462
0.2605 0.745522
0.2615 0.746341
0.2625 0.742435
0.2635 0.75235
0.2645 0.757125
0.2655 0.754725
0.2665 0.753725
0.2675 0.744607
0.2685 0.748391
0.2695 0.748092
0.2705 0.753279
0.2715 0.755114
0.2725 0.750939
0.2735 0.748312
0.2745 0.746326
0.2755 0.749272
0.2765 0.751593
0.2775 0.754395
0.2785 0.751336
0.2795 0.749313
0.2805 0.747414
0.2815 0.749024
0.2825 0.751651
0.2835 0.753703
0.2845 0.754431
0.2855 0.752829
0.2865 0.753417
0.2875 0.75269
0.2885 0.754494
0.2895 0.755341
0.2905 0.755678
0.2915 0.755979
0.2925 0.754671
0.2935 0.755169
0.2945 0.754422
0.2955 0.755075
0.2965 0.754175
0.2975 0.752511
0.2985 0.75062
0.2995 0.748493
0.3005 0.747855
0.3015 0.747294
0.3025 0.747425
0.3035 0.746424
0.3045 0.746036
0.3055 0.744811
0.3065 0.744816
0.3075 0.744823
0.3085 0.745881
0.3095 0.746486
0.3105 0.746171
0.3115 0.746445
0.3125 0.745898
0.3135 0.747051
0.3145 0.747357
0.3155 0.748869
0.3165 0.749101
0.3175 0.748137
0.3185 0.747527
0.3195 0.746649
0.3205 0.748139
0.3215 0.748807
0.3225 0.750704
0.3235 0.749619
0.3245 0.747646
0.3255 0.746117
0.3265 0.747558
0.3275 0.749286
0.3285 0.751926
0.3295 0.750734
0.3305 0.748139
0.3315 0.748388
0.3325 0.746718
0.3335 0.75155
0.3345 0.752333
0.3355 0.753728
0.3365 0.751471
0.3375 0.746613
0.3385 0.748702
0.3395 0.748306
0.3405 0.75428
0.3415 0.755389
0.3425 0.754793
0.3435 0.747893
0.3445 0.739771
0.3455 0.745886
0.3465 0.75292
0.3475 0.755898
0.3485 0.749441
0.3495 0.734537
0.3505 0.718115
0.3515 0.696834
0.3525 0.659741
0.3535 0.604187
0.3545 0.555878
0.3555 0.528117
0.3565 0.513382
0.3575 0.506235
0.3585 0.503045
0.3595 0.50169
0.3605 0.501191
0.3615 0.501001
0.3625 0.500937
0.3635 0.500898
0.3645 0.500834
0.3655 0.500762
0.3665 0.500598
0.3675 0.500409
0.3685 0.500194
0.3695 0.499833
0.3705 0.499483
0.3715 0.499292
0.3725 0.499167
0.3735 0.499095
0.3745 0.499084
0.3755 0.499132
0.3765 0.499218
0.3775 0.499299
0.3785 0.499374
0.3795 0.499455
0.3805 0.499527
0.3815 0.499652
0.3825 0.499831
0.3835 0.500064
0.3845 0.500309
0.3855 0.500519
0.3865 0.500665
0.3875 0.500749
0.3885 0.500793
0.3895 0.500799
0.3905 0.500772
0.3915 0.50072
0.3925 0.500612
0.3935 0.500413
0.3945 0.50021
0.3955 0.499972
0.3965 0.499747
0.3975 0.499583
0.3985 0.499491
0.3995 0.499457
0.4005 0.499451
0.4015 0.499478
0.4025 0.49952
0.4035 0.499607
0.4045 0.499715
0.4055 0.499822
0.4065 0.499956
0.4075 0.500056
0.4085 0.500214
0.4095 0.500386
0.4105 0.500487
0.4115 0.500569
0.4125 0.500607
0.4135 0.500617
0.4145 0.500599
0.4155 0.500554
0.4165 0.500479
0.4175 0.500355
0.4185 0.500179
0.4195 0.500006
0.4205 0.499897
0.4215 0.499831
0.4225 0.499786
0.4235 0.499771
0.4245 0.499773
0.4255 0.499803
0.4265 0.499844
0.4275 0.499928
0.4285 0.50005
0.4295 0.500115
0.4305 0.500183
0.4315 0.50026
0.4325 0.500388
0.4335 0.500532
0.4345 0.500627
0.4355 0.500715
0.4365 0.500768
0.4375 0.50079
0.4385 0.500791
0.4395 0.500776
0.4405 0.500718
0.4415 0.500616
0.4425 0.500524
0.4435 0.500323
0.4445 0.500035
0.4455 0.499876
0.4465 0.499745
0.4475 0.499641
0.4485 0.499595
0.4495 0.499575
0.4505 0.499586
0.4515 0.499626
0.4525 0.499747
0.4535 0.499888
0.4545 0.499986
0.4555 0.500065
0.4565 0.500104
0.4575 0.500129
0.4585 0.500139
0.4595 0.500135
0.4605 0.500117
0.4615 0.500078
0.4625 0.500026
0.4635 0.499933
0.4645 0.499829
0.4655 0.499778
0.4665 0.49969
0.4675 0.499596
0.4685 0.499481
0.4695 0.499384
0.4705 0.499339
0.4715 0.499307
0.4725 0.499294
0.4735 0.499301
0.4745 0.499327
0.4755 0.499382
0.4765 0.499455
0.4775 0.499596
0.4785 0.499731
0.4795 0.499783
0.4805 0.499814
0.4815 0.499824
0.4825 0.499805
0.4835 0.499772
0.4845 0.499677
0.4855 0.499545
0.4865 0.499432
0.4875 0.499282
0.4885 0.499188
0.4895 0.499126
0.4905 0.499086
0.4915 0.499069
0.4925 0.499069
0.4935 0.499088
0.4945 0.499128
0.4955 0.499181
0.4965 0.499291
0.4975 0.499425
0.4985 0.499626
0.4995 0.49985
0.5005 0.499965
0.5015 0.500183
0.5025 0.500406
0.5035 0.500562
0.5045 0.500669
0.5055 0.500747
0.5065 0.500803
0.5075 0.500824
0.5085 0.500836
0.5095 0.500831
0.5105 0.500811
0.5115 0.500777
0.5125 0.500709
0.5135 0.500626
0.5145 0.5005
0.5155 0.500381
0.5165 0.500329
0.5175 0.500294
0.5185 0.500281
0.5195 0.50029
0.5205 0.500322
0.5215 0.500373
0.5225 0.500501
0.5235 0.500627
0.5245 0.500675
0.5255 0.500702
0.5265 0.500707
0.5275 0.500687
0.5285 0.500636
0.5295 0.500576
0.5305 0.500437
0.5315 0.500291
0.5325 0.500126
0.5335 0.499919
0.5345 0.4998
0.5355 0.499662
0.5365 0.499536
0.5375 0.499437
0.5385 0.499292
0.5395 0.499001
0.5405 0.498339
0.5415 0.496795
0.5425 0.493322
0.5435 0.485964
0.5445 0.471224
0.5455 0.443499
0.5465 0.395244
0.5475 0.339759
0.5485 0.302647
0.5495 0.281406
0.5505 0.265011
0.5515 0.250234
0.5525 0.244029
0.5535 0.247171
0.5545 0.25459
0.5555 0.260611
0.5565 0.252504
0.5575 0.245717
0.5585 0.245103
0.5595 0.246173
0.5605 0.252112
0.5615 0.251658
0.5625 0.253747
0.5635 0.248867
0.5645 0.246517
0.5655 0.247779
0.5665 0.24837
0.5675 0.252977
0.5685 0.25124
0.5695 0.251558
0.5705 0.249126
0.5715 0.248363
0.5725 0.250513
0.5735 0.251839
0.5745 0.252917
0.5755 0.251577
0.5765 0.250537
0.5775 0.249379
0.5785 0.251047
0.5795 0.252258
0.5805 0.253432
0.5815 0.252921
0.5825 0.251918
0.5835 0.25133
0.5845 0.251357
0.5855 0.252635
0.5865 0.252812
0.5875 0.253674
0.5885 0.253285
0.5895 0.253351
0.5905 0.253587
0.5915 0.253728
0.5925 0.254436
0.5935 0.254171
0.5945 0.254222
0.5955 0.253606
0.5965 0.253349
0.5975 0.252997
0.5985 0.252682
0.5995 0.252048
0.6005 0.250521
0.6015 0.248926
0.6025 0.247868
0.6035 0.247348
0.6045 0.246726
0.6055 0.246437
0.6065 0.245752
0.6075 0.245292
0.6085 0.244891
0.6095 0.244665
0.6105 0.244883
0.6115 0.244998
0.6125 0.245342
0.6135 0.245635
0.6145 0.246034
0.6155 0.246607
0.6165 0.247192
0.6175 0.247618
0.6185 0.247912
0.6195 0.248328
0.6205 0.248665
0.6215 0.24915
0.6225 0.249872
0.6235 0.250526
0.6245 0.25071
0.6255 0.250623
0.6265 0.250486
0.6275 0.250215
0.6285 0.250097
0.6295 0.249934
0.6305 0.24982
0.6315 0.249595
0.6325 0.249416
0.6335 0.249116
0.6345 0.248856
0.6355 0.248715
0.6365 0.248582
0.6375 0.24854
0.6385 0.248569
0.6395 0.248713
0.6405 0.248927
0.6415 0.249519
0.6425 0.250135
0.6435 0.250402
0.6445 0.250624
0.6455 0.250766
0.6465 0.250886
0.6475 0.25096
0.6485 0.251082
0.6495 0.251094
0.6505 0.251096
0.6515 0.250923
0.6525 0.250599
0.6535 0.250229
0.6545 0.249857
0.6555 0.249613
0.6565 0.249375
0.6575 0.249244
0.6585 0.249168
0.6595 0.249122
0.6605 0.249119
0.6615 0.249104
0.6625 0.249141
0.6635 0.249189
0.6645 0.249317
0.6655 0.24952
0.6665 0.249806
0.6675 0.250173
0.6685 0.250486
0.6695 0.250629
0.6705 0.250599
0.6715 0.250623
0.6725 0.250612
0.6735 0.250892
0.6745 0.251204
0.6755 0.251476
0.6765 0.2514
0.6775 0.250736
0.6785 0.250003
0.6795 0.249576
0.6805 0.249509
0.6815 0.249225
0.6825 0.249258
0.6835 0.249023
0.6845 0.249067
0.6855 0.24914
0.6865 0.249199
0.6875 0.249507
0.6885 0.249337
0.6895 0.249579
0.6905 0.249468
0.6915 0.249794
0.6925 0.250507
0.6935 0.251082
0.6945 0.251353
0.6955 0.250804
0.6965 0.250812
0.6975 0.25023
0.6985 0.250688
0.6995 0.251506
0.7005 0.252214
0.7015 0.252141
0.7025 0.250627
0.7035 0.249432
0.7045 0.2491
0.7055 0.249844
0.7065 0.24938
0.7075 0.249903
0.7085 0.248587
0.7095 0.24871
0.7105 0.248786
0.7115 0.249339
0.7125 0.250857
0.7135 0.24985
0.7145 0.25019
0.7155 0.248237
0.7165 0.248677
0.7175 0.250328
0.7185 0.252707
0.7195 0.254019
0.7205 0.251889
0.7215 0.249597
0.7225 0.246362
0.7235 0.248841
0.7245 0.251055
0.7255 0.253896
0.7265 0.251916
0.7275 0.249433
0.7285 0.245299
0.7295 0.24709
0.7305 0.252209
0.7315 0.251866
0.7325 0.255671
0.7335 0.246703
0.7345 0.245819
0.7355 0.243512
0.7365 0.248336
0.7375 0.258236
0.7385 0.254266
0.7395 0.255109
0.7405 0.243151
0.7415 0.240881
0.7425 0.2419
0.7435 0.255331
0.7445 0.271028
0.7455 0.258469
0.7465 0.243657
0.7475 0.237114
0.7485 0.249609
0.7495 0.279147
0.7505 0.312019
0.7515 0.354637
0.7525 0.429034
0.7535 0.540253
0.7545 0.637024
0.7555 0.692711
0.7565 0.722408
0.7575 0.737268
0.7585 0.744262
0.7595 0.747381
0.7605 0.748711
0.7615 0.749271
0.7625 0.74952
0.7635 0.749706
0.7645 0.749849
0.7655 0.749917
0.7665 0.750032
0.7675 0.750155
0.7685 0.75021
0.7695 0.750257
0.7705 0.750292
0.7715 0.750305
0.7725 0.750309
0.7735 0.750306
0.7745 0.750291
0.7755 0.750263
0.7765 0.750234
0.7775 0.750221
0.7785 0.750224
0.7795 0.750244
0.7805 0.750283
0.7815 0.750359
0.7825 0.750456
0.7835 0.750633
0.7845 0.750814
0.7855 0.750927
0.7865 0.751017
0.7875 0.751059
0.7885 0.751076
0.7895 0.751064
0.7905 0.751032
0.7915 0.750944
0.7925 0.750823
0.7935 0.750664
0.7945 0.750385
0.7955 0.75007
0.7965 0.749878
0.7975 0.749687
0.7985 0.749506
0.7995 0.749429
0.8005 0.749362
0.8015 0.749335
0.8025 0.749338
0.8035 0.749362
0.8045 0.749434
0.8055 0.749559
0.8065 0.749649
0.8075 0.749882
0.8085 0.75014
0.8095 0.750251
0.8105 0.75038
0.8115 0.750466
0.8125 0.750511
0.8135 0.750536
0.8145 0.750534
0.8155 0.750507
0.8165 0.750436
0.8175 0.750361
0.8185 0.750204
0.8195 0.750008
0.8205 0.749773
0.8215 0.74952
0.8225 0.749352
0.8235 0.74924
0.8245 0.749166
0.8255 0.749128
0.8265 0.749126
0.8275 0.749162
0.8285 0.749228
0.8295 0.749341
0.8305 0.749499
0.8315 0.74967
0.8325 0.749838
0.8335 0.750073
0.8345 0.750226
0.8355 0.750302
0.8365 0.750357
0.8375 0.750356
0.8385 0.750267
0.8395 0.74999
0.8405 0.749297
0.8415 0.747673
0.8425 0.744069
0.8435 0.73643
0.8445 0.721393
0.8455 0.693401
0.8465 0.644809
0.8475 0.589011
0.8485 0.551682
0.8495 0.53028
0.8505 0.513818
0.8515 0.499093
0.8525 0.49281
0.8535 0.496366
0.8545 0.504065
0.8555 0.510458
0.8565 0.502924
0.8575 0.496462
0.8585 0.496088
0.8595 0.497362
0.8605 0.503438
0.8615 0.503139
0.8625 0.505018
0.8635 0.499983
0.8645 0.497512
0.8655 0.498536
0.8665 0.498794
0.8675 0.50315
0.8685 0.501043
0.8695 0.501032
0.8705 0.498327
0.8715 0.497233
0.8725 0.49926
0.8735 0.500415
0.8745 0.501377
0.8755 0.499941
0.8765 0.498868
0.8775 0.497686
0.8785 0.499468
0.8795 0.500758
0.8805 0.502044
0.8815 0.501575
0.8825 0.500539
0.8835 0.499853
0.8845 0.499699
0.8855 0.500738
0.8865 0.500587
0.8875 0.501067
0.8885 0.50025
0.8895 0.499879
0.8905 0.499729
0.8915 0.499539
0.8925 0.500079
0.8935 0.499698
0.8945 0.499836
0.8955 0.499377
0.8965 0.499477
0.8975 0.499972
0.8985 0.50065
0.8995 0.500711
0.9005 0.500403
0.9015 0.500068
0.9025 0.500021
0.9035 0.500466
0.9045 0.500634
0.9055 0.501073
0.9065 0.501051
0.9075 0.500967
0.9085 0.500753
0.9095 0.500593
0.9105 0.500621
0.9115 0.500459
0.9125 0.500473
0.9135 0.500264
0.9145 0.499981
0.9155 0.499697
0.9165 0.499565
0.9175 0.49955
0.9185 0.499449
0.9195 0.499506
0.9205 0.499475
0.9215 0.499612
0.9225 0.499823
0.9235 0.500019
0.9245 0.500064
0.9255 0.499966
0.9265 0.499885
0.9275 0.499912
0.9285 0.500072
0.9295 0.500149
0.9305 0.500309
0.9315 0.50035
0.9325 0.500352
0.9335 0.500275
0.9345 0.500202
0.9355 0.500186
0.9365 0.500163
0.9375 0.50018
0.9385 0.50019
0.9395 0.50022
0.9405 0.500259
0.9415 0.500326
0.9425 0.500387
0.9435 0.500489
0.9445 0.500606
0.9455 0.500673
0.9465 0.500735
0.9475 0.500693
0.9485 0.500582
0.9495 0.500303
0.9505 0.499774
0.9515 0.499481
0.9525 0.499357
0.9535 0.499281
0.9545 0.499302
0.9555 0.499339
0.9565 0.499408
0.9575 0.499441
0.9585 0.499473
0.9595 0.499481
0.9605 0.499472
0.9615 0.499469
0.9625 0.499448
0.9635 0.49942
0.9645 0.499366
0.9655 0.499275
0.9665 0.49915
0.9675 0.499011
0.9685 0.498881
0.9695 0.498822
0.9705 0.498746
0.9715 0.498561
0.9725 0.498259
0.9735 0.497592
0.9745 0.496437
0.9755 0.49448
0.9765 0.491598
0.9775 0.486789
0.9785 0.480386
0.9795 0.467669
0.9805 0.438531
0.9815 0.413568
0.9825 0.34109
0.9835 0.249468
0.9845 0.103431
0.9855 -0.198125
0.9865 -0.49037
0.9875 -0.98375
0.9885 -1.63993
0.9895 -2.64541
0.9905 -4.17102
0.9915 -5.29667
0.9925 -7.70921
0.9935 -10.6936
0.9945 -12.7874
0.9955 -14.6572
0.9965 -16.3232
0.9975 -17.2886
0.9985 -17.7127
0.9995 -17.7031

# time= 1
0.0005 -11.6765
0.0015 -11.0698
0.0025 -10.398
0.0035 -9.54256
0.0045 -8.0704
0.0055 -6.87411
0.0065 -6.09923
0.0075 -5.02939
0.0085 -3.76787
0.0095 -2.71917
0.0105 -1.75455
0.0115 -1.32972
0.0125 -0.813755
0.0135 -0.218854
0.0145 0.153899
0.0155 0.341016
0.0165 0.523801
0.0175 0.640409
0.0185 0.737524
0.0195 0.807799
0.0205 0.887202
0.0215 0.930922
0.0225 0.951435
0.0235 0.961257
0.0245 0.968409
0.0255 0.980061
0.0265 0.993075
0.0275 0.9992
0.0285 1.00037
0.0295 0.997137
0.0305 0.995634
0.0315 0.99464
0.0325 0.999416
0.0335 1.00434
0.0345 1.00443
0.0355 1.0023
0.0365 0.998825
0.0375 0.998292
0.0385 0.999446
0.0395 1.00129
0.0405 1.00282
0.0415 1.00196
0.0425 0.999031
0.0435 0.99837
0.0445 0.998503
0.0455 0.999757
0.0465 1.00078
0.0475 1.00043
0.0485 0.999999
0.0495 0.998463
0.0505 0.998304
0.0515 0.999689
0.0525 1.00102
0.0535 1.00103
0.0545 0.999979
0.0555 0.999714
0.0565 0.999397
0.0575 1.00033
0.0585 1.00132
0.0595 1.00128
0.0605 1.00109
0.0615 1.00008
0.0625 0.999556
0.0635 0.999671
0.0645 0.999959
0.0655 1.00018
0.0665 1.00018
0.0675 0.999811
0.0685 0.999661
0.0695 0.999589
0.0705 0.999935
0.0715 1.00007
0.0725 1.00002
0.0735 0.999941
0.0745 0.999636
0.0755 0.999667
0.0765 1.00004
0.0775 1.00047
0.0785 1.00063
0.0795 1.00058
0.0805 1.0006
0.0815 1.00063
0.0825 1.00087
0.0835 1.00102
0.0845 1.0009
0.0855 1.00039
0.0865 0.999776
0.0875 0.999462
0.0885 0.999392
0.0895 0.999469
0.0905 0.999627
0.0915 0.999736
0.0925 0.999771
0.0935 0.999805
0.0945 0.999869
0.0955 0.999989
0.0965 1.00003
0.0975 1.00002
0.0985 0.999869
0.0995 0.999719
0.1005 0.999733
0.1015 0.999878
0.1025 1.00005
0.1035 1.00015
0.1045 1.0002
0.1055 1.00026
0.1065 1.0003
0.1075 1.00032
0.1085 1.00023
0.1095 1.00003
0.1105 0.999333
0.1115 0.998624
0.1125 0.998429
0.1135 0.998393
0.1145 0.998531
0.1155 0.998878
0.1165 0.999267
0.1175 0.999512
0.1185 0.999708
0.1195 0.999905
0.1205 1.00008
0.1215 1.00016
0.1225 1.00021
0.1235 1.00024
0.1245 1.00026
0.1255 1.00031
0.1265 1.00042
0.1275 1.00055
0.1285 1.00064
0.1295 1.00071
0.1305 1.00073
0.1315 1.00071
0.1325 1.00063
0.1335 1.00047
0.1345 1.00024
0.1355 0.999644
0.1365 0.999064
0.1375 0.998856
0.1385 0.998743
0.1395 0.998723
0.1405 0.998786
0.1415 0.99892
0.1425 0.999156
0.1435 0.999381
0.1445 0.999502
0.1455 0.999591
0.1465 0.999651
0.1475 0.999685
0.1485 0.999718
0.1495 0.999753
0.1505 0.999806
0.1515 0.999913
0.1525 1.00004
0.1535 1.00011
0.1545 1.00017
0.1555 1.00018
0.1565 1.00016
0.1575 1.0001
0.1585 1.00002
0.1595 0.999828
0.1605 0.99965
0.1615 0.99957
0.1625 0.999511
0.1635 0.999495
0.1645 0.999521
0.1655 0.999574
0.1665 0.999675
0.1675 0.999785
0.1685 0.999922
0.1695 1.00006
0.1705 1.00019
0.1715 1.00033
0.1725 1.00048
0.1735 1.00062
0.1745 1.0007
0.1755 1.00075
0.1765 1.00078
0.1775 1.00075
0.1785 1.00072
0.1795 1.00061
0.1805 1.00048
0.1815 1.00034
0.1825 1.00014
0.1835 0.999927
0.1845 0.999747
0.1855 0.999544
0.1865 0.999433
0.1875 0.999427
0.1885 0.999506
0.1895 0.999828
0.1905 1.00014
0.1915 1.00023
0.1925 1.00026
0.1935 1.00024
0.1945 1.00021
0.1955 1.00017
0.1965 1.00013
0.1975 1.00006
0.1985 0.999963
0.1995 0.999878
0.2005 0.999865
0.2015 0.999937
0.2025 1.00001
0.2035 1
0.2045 0.999951
0.2055 0.999826
0.2065 0.999765
0.2075 0.999716
0.2085 0.99966
0.2095 0.99959
0.2105 0.999481
0.2115 0.999424
0.2125 0.999453
0.2135 0.999609
0.2145 0.99992
0.2155 1.00018
0.2165 1.00025
0.2175 1.0002
0.2185 1.0001
0.2195 1.00008
0.2205 1.00006
0.2215 1.00008
0.2225 0.999989
0.2235 0.999744
0.2245 0.999542
0.2255 0.999525
0.2265 0.999692
0.2275 0.999751
0.2285 0.999824
0.2295 0.999753
0.2305 0.999668
0.2315 0.999785
0.2325 0.999902
0.2335 1.00017
0.2345 1.00022
0.2355 1.00014
0.2365 1.00002
0.2375 0.999985
0.2385 1.00024
0.2395 1.00075
0.2405 1.00084
0.2415 1.00086
0.2425 1.00029
0.2435 0.999757
0.2445 0.999887
0.2455 0.999991
0.2465 1.00048
0.2475 1.00044
0.2485 0.999702
0.2495 0.998973
0.2505 0.999025
0.2515 0.999776
0.2525 1.00002
0.2535 1.00022
0.2545 0.999743
0.2555 0.999175
0.2565 0.999151
0.2575 0.999595
0.2585 1.00122
0.2595 1.00172
0.2605 1.00102
0.2615 1.00014
0.2625 0.999606
0.2635 0.999891
0.2645 1.00166
0.2655 1.00267
0.2665 1.00269
0.2675 1.0004
0.2685 0.998307
0.2695 0.999118
0.2705 1.00011
0.2715 1.00255
0.2725 1.00281
0.2735 1.00044
0.2745 0.997707
0.2755 0.997442
0.2765 1.00042
0.2775 1.00212
0.2785 1.00437
0.2795 1.00316
0.2805 0.998358
0.2815 0.995734
0.2825 0.998029
0.2835 1.00686
0.2845 1.00951
0.2855 1.00665
0.2865 1.00158
0.2875 0.99546
0.2885 0.997273
0.2895 1.00564
0.2905 1.00763
0.2915 1.01021
0.2925 0.995092
0.2935 0.973893
0.2945 0.952593
0.2955 0.927689
0.2965 0.904922
0.2975 0.857898
0.2985 0.807269
0.2995 0.771444
0.3005 0.728067
0.3015 0.692335
0.3025 0.641161
0.3035 0.594657
0.3045 0.572049
0.3055 0.547314
0.3065 0.526151
0.3075 0.505142
0.3085 0.490159
0.3095 0.492775
0.3105 0.494789
0.3115 0.503167
0.3125 0.504967
0.3135 0.498793
0.3145 0.493608
0.3155 0.490679
0.3165 0.493043
0.3175 0.501546
0.3185 0.503832
0.3195 0.500983
0.3205 0.495991
0.3215 0.494822
0.3225 0.497044
0.3235 0.498759
0.3245 0.501772
0.3255 0.501594
0.3265 0.499021
0.3275 0.496824
0.3285 0.49723
0.3295 0.499883
0.3305 0.501023
0.3315 0.501998
0.3325 0.500154
0.3335 0.498073
0.3345 0.498188
0.3355 0.499292
0.3365 0.501031
0.3375 0.50133
0.3385 0.500774
0.3395 0.499826
0.3405 0.499031
0.3415 0.499366
0.3425 0.500688
0.3435 0.500911
0.3445 0.500762
0.3455 0.500043
0.3465 0.499463
0.3475 0.499574
0.3485 0.499743
0.3495 0.500479
0.3505 0.500538
0.3515 0.49989
0.3525 0.499289
0.3535 0.499291
0.3545 0.499849
0.3555 0.500015
0.3565 0.500223
0.3575 0.499887
0.3585 0.49953
0.3595 0.499548
0.3605 0.499707
0.3615 0.500247
0.3625 0.500519
0.3635 0.500465
0.3645 0.500295
0.3655 0.50014
0.3665 0.500101
0.3675 0.500221
0.3685 0.500246
0.3695 0.500177
0.3705 0.499871
0.3715 0.499734
0.3725 0.499719
0.3735 0.499735
0.3745 0.499865
0.3755 0.499862
0.3765 0.499705
0.3775 0.499529
0.3785 0.499483
0.3795 0.49954
0.3805 0.499538
0.3815 0.499581
0.3825 0.499551
0.3835 0.499584
0.3845 0.499691
0.3855 0.499989
0.3865 0.500323
0.3875 0.500516
0.3885 0.500569
0.3895 0.500558
0.3905 0.500501
0.3915 0.500451
0.3925 0.500419
0.3935 0.500389
0.3945 0.500332
0.3955 0.500211
0.3965 0.500143
0.3975 0.500104
0.3985 0.500077
0.3995 0.500053
0.4005 0.500011
0.4015 0.499869
0.4025 0.499719
0.4035 0.499656
0.4045 0.499613
0.4055 0.499574
0.4065 0.499547
0.4075 0.499538
0.4085 0.499585
0.4095 0.499703
0.4105 0.500083
0.4115 0.50048
0.4125 0.500613
0.4135 0.500655
0.4145 0.500605
0.4155 0.500534
0.4165 0.500412
0.4175 0.500338
0.4185 0.500302
0.4195 0.500283
0.4205 0.500275
0.4215 0.500275
0.4225 0.500271
0.4235 0.50026
0.4245 0.500231
0.4255 0.500183
0.4265 0.500051
0.4275 0.499913
0.4285 0.499861
0.4295 0.499833
0.4305 0.499836
0.4315 0.49987
0.4325 0.49993
0.4335 0.500057
0.4345 0.500221
0.4355 0.500486
0.4365 0.500751
0.4375 0.500856
0.4385 0.500928
0.4395 0.500966
0.4405 0.500975
0.4415 0.500959
0.4425 0.500926
0.4435 0.500876
0.4445 0.500786
0.4455 0.500668
0.4465 0.500538
0.4475 0.50042
0.4485 0.500152
0.4495 0.499904
0.4505 0.499732
0.4515 0.499565
0.4525 0.499455
0.4535 0.499377
0.4545 0.499343
0.4555 0.499329
0.4565 0.499333
0.4575 0.499352
0.4585 0.499391
0.4595 0.49942
0.4605 0.499459
0.4615 0.499511
0.4625 0.49957
0.4635 0.499635
0.4645 0.499803
0.4655 0.499955
0.4665 0.500008
0.4675 0.500028
0.4685 0.50002
0.4695 0.499989
0.4705 0.499905
0.4715 0.499794
0.4725 0.499625
0.4735 0.499445
0.4745 0.499357
0.4755 0.499307
0.4765 0.499296
0.4775 0.499316
0.4785 0.49935
0.4795 0.499413
0.4805 0.49945
0.4815 0.499457
0.4825 0.499441
0.4835 0.499392
0.4845 0.499284
0.4855 0.499183
0.4865 0.499101
0.4875 0.499098
0.4885 0.499188
0.4895 0.499489
0.4905 0.499768
0.4915 0.499835
0.4925 0.499844
0.4935 0.4998
0.4945 0.499772
0.4955 0.499735
0.4965 0.499729
0.4975 0.499703
0.4985 0.499699
0.4995 0.499697
0.5005 0.499755
0.5015 0.499881
0.5025 0.499994
0.5035 0.500127
0.5045 0.500211
0.5055 0.500304
0.5065 0.500392
0.5075 0.500443
0.5085 0.500503
0.5095 0.500508
0.5105 0.500447
0.5115 0.500408
0.5125 0.500446
0.5135 0.500595
0.5145 0.50083
0.5155 0.501019
0.5165 0.50105
0.5175 0.500855
0.5185 0.500625
0.5195 0.500595
0.5205 0.500575
0.5215 0.500602
0.5225 0.500521
0.5235 0.500317
0.5245 0.500144
0.5255 0.50013
0.5265 0.500281
0.5275 0.500319
0.5285 0.500332
0.5295 0.500241
0.5305 0.500002
0.5315 0.499973
0.5325 0.500016
0.5335 0.500132
0.5345 0.500096
0.5355 0.499921
0.5365 0.499703
0.5375 0.499638
0.5385 0.499858
0.5395 0.500331
0.5405 0.50042
0.5415 0.500407
0.5425 0.499933
0.5435 0.499496
0.5445 0.499672
0.5455 0.499826
0.5465 0.500395
0.5475 0.500426
0.5485 0.499844
0.5495 0.499228
0.5505 0.499345
0.5515 0.500149
0.5525 0.500366
0.5535 0.500544
0.5545 0.500024
0.5555 0.499366
0.5565 0.499268
0.5575 0.499528
0.5585 0.500888
0.5595 0.501235
0.5605 0.500435
0.5615 0.499462
0.5625 0.498881
0.5635 0.499153
0.5645 0.500855
0.5655 0.501886
0.5665 0.501976
0.5675 0.499823
0.5685 0.497903
0.5695 0.498837
0.5705 0.499925
0.5715 0.50255
0.5725 0.502946
0.5735 0.50075
0.5745 0.498201
0.5755 0.498057
0.5765 0.501105
0.5775 0.50287
0.5785 0.505132
0.5795 0.503996
0.5805 0.499024
0.5815 0.496181
0.5825 0.498477
0.5835 0.507009
0.5845 0.509368
0.5855 0.506376
0.5865 0.501108
0.5875 0.494863
0.5885 0.496598
0.5895 0.504961
0.5905 0.50692
0.5915 0.50951
0.5925 0.494493
0.5935 0.473446
0.5945 0.452388
0.5955 0.427853
0.5965 0.405167
0.5975 0.358197
0.5985 0.307121
0.5995 0.271621
0.6005 0.229358
0.6015 0.19386
0.6025 0.142736
0.6035 0.0953523
0.6045 0.0723643
0.6055 0.0476407
0.6065 0.0262577
0.6075 0.00508079
0.6085 -0.0101232
0.6095 -0.00765576
0.6105 -0.00582201
0.6115 0.00256059
0.6125 0.00422895
0.6135 -0.00204806
0.6145 -0.00727509
0.6155 -0.0103443
0.6165 -0.00759255
0.6175 0.00143335
0.6185 0.00370535
0.6195 0.00122979
0.6205 -0.00340265
0.6215 -0.00448299
0.6225 -0.00212297
0.6235 -0.000304325
0.6245 0.00276866
0.6255 0.00253382
0.6265 -0.000155741
0.6275 -0.00251227
0.6285 -0.00224704
0.6295 0.00019669
0.6305 0.00111634
0.6315 0.00188273
0.6325 -0.000306109
0.6335 -0.00268156
0.6345 -0.00268437
0.6355 -0.00177202
0.6365 -3.62859e-05
0.6375 0.000226077
0.6385 -0.000300324
0.6395 -0.00120501
0.6405 -0.00186485
0.6415 -0.00134343
0.6425 0.000409061
0.6435 0.000953791
0.6445 0.00098274
0.6455 0.000480921
0.6465 5.1968e-05
0.6475 0.000297842
0.6485 0.000580145
0.6495 0.00132814
0.6505 0.00134934
0.6515 0.00057126
0.6525 -0.00024536
0.6535 -0.000356189
0.6545 5.31038e-05
0.6555 0.000109393
0.6565 0.000197379
0.6575 -0.000480494
0.6585 -0.00117424
0.6595 -0.00114124
0.6605 -0.00102977
0.6615 -0.000515632
0.6625 -0.000238467
0.6635 -0.000237879
0.6645 -0.000307374
0.6655 -0.000355319
0.6665 -0.000219849
0.6675 0.000179685
0.6685 0.000374285
0.6695 0.000518496
0.6705 0.000492027
0.6715 0.000476896
0.6725 0.000557006
0.6735 0.000636658
0.6745 0.000772272
0.6755 0.000701995
0.6765 0.000412612
0.6775 4.71248e-05
0.6785 -0.00012098
0.6795 -0.000183452
0.6805 -0.000287515
0.6815 -0.00039559
0.6825 -0.000677856
0.6835 -0.000878611
0.6845 -0.000837865
0.6855 -0.000603869
0.6865 -0.000318541
0.6875 -6.7859e-05
0.6885 4.51362e-05
0.6895 0.000113645
0.6905 0.00014987
0.6915 0.000245029
0.6925 0.000391405
0.6935 0.000452046
0.6945 0.000568744
0.6955 0.000631389
0.6965 0.00068512
0.6975 0.000754817
0.6985 0.000784424
0.6995 0.000784819
0.7005 0.000712177
0.7015 0.000464018
0.7025 0.000164335
0.7035 -4.05677e-05
0.7045 -0.000204775
0.7055 -0.000406885
0.7065 -0.000604886
0.7075 -0.000678568
0.7085 -0.00067786
0.7095 -0.000597017
0.7105 -0.000317395
0.7115 1.68167e-05
0.7125 0.000175668
0.7135 0.000284362
0.7145 0.000315452
0.7155 0.000318246
0.7165 0.00030615
0.7175 0.000308231
0.7185 0.000322443
0.7195 0.000352318
0.7205 0.000369401
0.7215 0.00037446
0.7225 0.000371247
0.7235 0.000351018
0.7245 0.000309469
0.7255 0.000216684
0.7265 0.000103694
0.7275 -0.000129148
0.7285 -0.000339449
0.7295 -0.000453214
0.7305 -0.000554248
0.7315 -0.000604227
0.7325 -0.000613863
0.7335 -0.000571839
0.7345 -0.000478824
0.7355 -0.000204156
0.7365 9.19879e-05
0.7375 0.000211822
0.7385 0.000292564
0.7395 0.00033057
0.7405 0.000338279
0.7415 0.000311933
0.7425 0.000272199
0.7435 0.00024603
0.7445 0.000213638
0.7455 0.000180947
0.7465 0.000150886
0.7475 0.000104345
0.7485 3.61178e-05
0.7495 -3.26233e-05
0.7505 -0.000104971
0.7515 -0.000208742
0.7525 -0.000315774
0.7535 -0.000388409
0.7545 -0.000435109
0.7555 -0.000462144
0.7565 -0.000466503
0.7575 -0.000444488
0.7585 -0.000393486
0.7595 -0.000316426
0.7605 -0.000119059
0.7615 8.39707e-05
0.7625 0.00018002
0.7635 0.000250166
0.7645 0.000288067
0.7655 0.00030258
0.7665 0.000296144
0.7675 0.000260123
0.7685 0.000215264
0.7695 0.000187826
0.7705 0.000144215
0.7715 0.000103284
0.7725 7.48093e-05
0.7735 4.28722e-05
0.7745 4.11586e-06
0.7755 -2.12262e-05
0.7765 -2.86689e-05
0.7775 -2.55766e-05
0.7785 -9.95372e-06
0.7795 2.56715e-05
0.7805 7.80633e-05
0.7815 0.000148255
0.7825 0.000303466
0.7835 0.000440357
0.7845 0.000654276
0.7855 0.000884041
0.7865 0.000987346
0.7875 0.00106708
0.7885 0.00110268
0.7895 0.00110154
0.7905 0.00105664
0.7915 0.000943703
0.7925 0.000807646
0.7935 0.000606378
0.7945 0.000391648
0.7955 0.000141621
0.7965 -0.00015246
0.7975 -0.000311684
0.7985 -0.000425589
0.7995 -0.000513485
0.8005 -0.000563226
0.8015 -0.000584327
0.8025 -0.00057746
0.8035 -0.000536639
0.8045 -0.000472744
0.8055 -0.000358243
0.8065 -0.000214356
0.8075 1.74243e-05
0.8085 0.000243748
0.8095 0.000380496
0.8105 0.000480058
0.8115 0.000527536
0.8125 0.000546707
0.8135 0.000537849
0.8145 0.00050526
0.8155 0.000423021
0.8165 0.000280155
0.8175 9.31669e-05
0.8185 -0.000107671
0.8195 -0.000309062
0.8205 -0.00054354
0.8215 -0.000678517
0.8225 -0.000738058
0.8235 -0.000786603
0.8245 -0.000792472
0.8255 -0.0007777
0.8265 -0.000732755
0.8275 -0.000666892
0.8285 -0.000567636
0.8295 -0.000398608
0.8305 -0.000232415
0.8315 -8.79294e-05
0.8325 0.000146731
0.8335 0.000364802
0.8345 0.000460282
0.8355 0.000526568
0.8365 0.000534855
0.8375 0.000489161
0.8385 0.000387061
0.8395 0.00010135
0.8405 -0.000194837
0.8415 -0.000329897
0.8425 -0.000427863
0.8435 -0.000484087
0.8445 -0.000511594
0.8455 -0.0005154
0.8465 -0.000500455
0.8475 -0.000462349
0.8485 -0.00041202
0.8495 -0.000322933
0.8505 -0.000222579
0.8515 -0.000173434
0.8525 -8.84958e-05
0.8535 7.079e-06
0.8545 0.00011752
0.8555 0.00023659
0.8565 0.00033723
0.8575 0.000524422
0.8585 0.000808876
0.8595 0.000998236
0.8605 0.00107974
0.8615 0.00110655
0.8625 0.00102179
0.8635 0.000826425
0.8645 0.000261108
0.8655 -0.000322794
0.8665 -0.000551398
0.8675 -0.000698215
0.8685 -0.000769129
0.8695 -0.000766179
0.8705 -0.000726454
0.8715 -0.000610374
0.8725 -0.00043284
0.8735 -0.000218138
0.8745 -1.45405e-05
0.8755 7.68319e-05
0.8765 0.000115719
0.8775 0.000137554
0.8785 0.000155268
0.8795 0.000186638
0.8805 0.000254526
0.8815 0.000366441
0.8825 0.000455349
0.8835 0.00066387
0.8845 0.000907492
0.8855 0.0010287
0.8865 0.00113463
0.8875 0.00105925
0.8885 0.00081599
0.8895 5.86083e-05
0.8905 -0.000653344
0.8915 -0.000867858
0.8925 -0.000928644
0.8935 -0.000840921
0.8945 -0.000684701
0.8955 -0.000575624
0.8965 -0.000391727
0.8975 -0.000153412
0.8985 0.000158948
0.8995 0.000460235
0.9005 0.000551807
0.9015 0.000554836
0.9025 0.000542369
0.9035 0.00057314
0.9045 0.000622183
0.9055 0.000741271
0.9065 0.000788344
0.9075 0.000796864
0.9085 0.000789434
0.9095 0.000848688
0.9105 0.000911423
0.9115 0.000896953
0.9125 0.000767912
0.9135 0.000391576
0.9145 -0.000283493
0.9155 -0.000846737
0.9165 -0.000992436
0.9175 -0.00089169
0.9185 -0.000699306
0.9195 -0.000659137
0.9205 -0.000605532
0.9215 -0.000642744
0.9225 -0.00046053
0.9235 2.66378e-05
0.9245 0.000440945
0.9255 0.000492606
0.9265 0.000209497
0.9275 0.000141605
0.9285 0.000115567
0.9295 0.000265181
0.9305 0.000628819
0.9315 0.000564642
0.9325 0.000418329
0.9335 5.03638e-05
0.9345 5.48207e-05
0.9355 0.000277808
0.9365 0.000575815
0.9375 0.000695204
0.9385 0.000190391
0.9395 -0.000801579
0.9405 -0.00097791
0.9415 -0.000990207
0.9425 4.08327e-05
0.9435 0.00100188
0.9445 0.000687049
0.9455 0.000415125
0.9465 -0.000675509
0.9475 -0.000723024
0.9485 0.000541155
0.9495 0.00183877
0.9505 0.0015715
0.9515 -8.9187e-05
0.9525 -0.00058513
0.9535 -0.00102171
0.9545 -7.13951e-05
0.9555 0.00112013
0.9565 0.00121439
0.9575 0.000508984
0.9585 -0.00246685
0.9595 -0.00330061
0.9605 -0.00180659
0.9615 4.27401e-05
0.9625 0.00108168
0.9635 0.000456949
0.9645 -0.0031021
0.9655 -0.00537149
0.9665 -0.00567269
0.9675 -0.00249555
0.9685 8.76628e-05
0.9695 -0.00214166
0.9705 -0.00670442
0.9715 -0.0179136
0.9725 -0.0245102
0.9735 -0.0300904
0.9745 -0.0416619
0.9755 -0.0574299
0.9765 -0.0858924
0.9775 -0.134508
0.9785 -0.196334
0.9795 -0.280098
0.9805 -0.433558
0.9815 -0.56238
0.9825 -0.706855
0.9835 -1.08117
0.9845 -1.46331
0.9855 -1.84152
0.9865 -2.50508
0.9875 -3.10223
0.9885 -3.89202
0.9895 -4.87434
0.9905 -6.32811
0.9915 -7.90925
0.9925 -9.18816
0.9935 -10.2261
0.9945 -11.141
0.9955 -11.982
0.9965 -12.2916
0.9975 -12.5307
0.9985 -12.5179
0.9995 -12.3297
