
# time= 0
0.0005 1
0.0015 1
0.0025 1
0.0035 1
0.0045 1
0.0055 1
0.0065 1
0.0075 1
0.0085 1
0.0095 1
0.0105 1
0.0115 1
0.0125 1
0.0135 1
0.0145 1
0.0155 1
0.0165 1
0.0175 1
0.0185 1
0.0195 1
0.0205 1
0.0215 1
0.0225 1
0.0235 1
0.0245 1
0.0255 1
0.0265 1
0.0275 1
0.0285 1
0.0295 1
0.0305 1
0.0315 1
0.0325 1
0.0335 1
0.0345 1
0.0355 1
0.0365 1
0.0375 1
0.0385 1
0.0395 1
0.0405 1
0.0415 1
0.0425 1
0.0435 1
0.0445 1
0.0455 1
0.0465 1
0.0475 1
0.0485 1
0.0495 1
0.0505 1
0.0515 1
0.0525 1
0.0535 1
0.0545 1
0.0555 1
0.0565 1
0.0575 1
0.0585 1
0.0595 1
0.0605 1
0.0615 1
0.0625 1
0.0635 1
0.0645 1
0.0655 1
0.0665 1
0.0675 1
0.0685 1
0.0695 1
0.0705 1
0.0715 1
0.0725 1
0.0735 1
0.0745 1
0.0755 1
0.0765 1
0.0775 1
0.0785 1
0.0795 1
0.0805 1
0.0815 1
0.0825 1
0.0835 1
0.0845 1
0.0855 1
0.0865 1
0.0875 1
0.0885 1
0.0895 1
0.0905 1
0.0915 1
0.0925 1
0.0935 1
0.0945 1
0.0955 1
0.0965 1
0.0975 1
0.0985 1
0.0995 1
0.1005 1
0.1015 1
0.1025 1
0.1035 1
0.1045 1
0.1055 1
0.1065 1
0.1075 1
0.1085 1
0.1095 1
0.1105 1
0.1115 1
0.1125 1
0.1135 1
0.1145 1
0.1155 1
0.1165 1
0.1175 1
0.1185 1
0.1195 1
0.1205 1
0.1215 1
0.1225 1
0.1235 1
0.1245 1
0.1255 1
0.1265 1
0.1275 1
0.1285 1
0.1295 1
0.1305 1
0.1315 1
0.1325 1
0.1335 1
0.1345 1
0.1355 1
0.1365 1
0.1375 1
0.1385 1
0.1395 1
0.1405 1
0.1415 1
0.1425 1
0.1435 1
0.1445 1
0.1455 1
0.1465 1
0.1475 1
0.1485 1
0.1495 1
0.1505 1
0.1515 1
0.1525 1
0.1535 1
0.1545 1
0.1555 1
0.1565 1
0.1575 1
0.1585 1
0.1595 1
0.1605 1
0.1615 1
0.1625 1
0.1635 1
0.1645 1
0.1655 1
0.1665 1
0.1675 1
0.1685 1
0.1695 1
0.1705 1
0.1715 1
0.1725 1
0.1735 1
0.1745 1
0.1755 1
0.1765 1
0.1775 1
0.1785 1
0.1795 1
0.1805 1
0.1815 1
0.1825 1
0.1835 1
0.1845 1
0.1855 1
0.1865 1
0.1875 1
0.1885 1
0.1895 1
0.1905 1
0.1915 1
0.1925 1
0.1935 1
0.1945 1
0.1955 1
0.1965 1
0.1975 1
0.1985 1
0.1995 1
0.2005 1
0.2015 1
0.2025 1
0.2035 1
0.2045 1
0.2055 1
0.2065 1
0.2075 1
0.2085 1
0.2095 1
0.2105 1
0.2115 1
0.2125 1
0.2135 1
0.2145 1
0.2155 1
0.2165 1
0.2175 1
0.2185 1
0.2195 1
0.2205 1
0.2215 1
0.2225 1
0.2235 1
0.2245 1
0.2255 1
0.2265 1
0.2275 1
0.2285 1
0.2295 1
0.2305 1
0.2315 1
0.2325 1
0.2335 1
0.2345 1
0.2355 1
0.2365 1
0.2375 1
0.2385 1
0.2395 1
0.2405 1
0.2415 1
0.2425 1
0.2435 1
0.2445 1
0.2455 1
0.2465 1
0.2475 1
0.2485 1
0.2495 1
0.2505 1
0.2515 1
0.2525 1
0.2535 1
0.2545 1
0.2555 1
0.2565 1
0.2575 1
0.2585 1
0.2595 1
0.2605 1
0.2615 1
0.2625 1
0.2635 1
0.2645 1
0.2655 1
0.2665 1
0.2675 1
0.2685 1
0.2695 1
0.2705 1
0.2715 1
0.2725 1
0.2735 1
0.2745 1
0.2755 1
0.2765 1
0.2775 1
0.2785 1
0.2795 1
0.2805 1
0.2815 1
0.2825 1
0.2835 1
0.2845 1
0.2855 1
0.2865 1
0.2875 1
0.2885 1
0.2895 1
0.2905 1
0.2915 1
0.2925 1
0.2935 1
0.2945 1
0.2955 1
0.2965 1
0.2975 1
0.2985 1
0.2995 1
0.3005 0.5
0.3015 0.5
0.3025 0.5
0.3035 0.5
0.3045 0.5
0.3055 0.5
0.3065 0.5
0.3075 0.5
0.3085 0.5
0.3095 0.5
0.3105 0.5
0.3115 0.5
0.3125 0.5
0.3135 0.5
0.3145 0.5
0.3155 0.5
0.3165 0.5
0.3175 0.5
0.3185 0.5
0.3195 0.5
0.3205 0.5
0.3215 0.5
0.3225 0.5
0.3235 0.5
0.3245 0.5
0.3255 0.5
0.3265 0.5
0.3275 0.5
0.3285 0.5
0.3295 0.5
0.3305 0.5
0.3315 0.5
0.3325 0.5
0.3335 0.5
0.3345 0.5
0.3355 0.5
0.3365 0.5
0.3375 0.5
0.3385 0.5
0.3395 0.5
0.3405 0.5
0.3415 0.5
0.3425 0.5
0.3435 0.5
0.3445 0.5
0.3455 0.5
0.3465 0.5
0.3475 0.5
0.3485 0.5
0.3495 0.5
0.3505 0.5
0.3515 0.5
0.3525 0.5
0.3535 0.5
0.3545 0.5
0.3555 0.5
0.3565 0.5
0.3575 0.5
0.3585 0.5
0.3595 0.5
0.3605 0.5
0.3615 0.5
0.3625 0.5
0.3635 0.5
0.3645 0.5
0.3655 0.5
0.3665 0.5
0.3675 0.5
0.3685 0.5
0.3695 0.5
0.3705 0.5
0.3715 0.5
0.3725 0.5
0.3735 0.5
0.3745 0.5
0.3755 0.5
0.3765 0.5
0.3775 0.5
0.3785 0.5
0.3795 0.5
0.3805 0.5
0.3815 0.5
0.3825 0.5
0.3835 0.5
0.3845 0.5
0.3855 0.5
0.3865 0.5
0.3875 0.5
0.3885 0.5
0.3895 0.5
0.3905 0.5
0.3915 0.5
0.3925 0.5
0.3935 0.5
0.3945 0.5
0.3955 0.5
0.3965 0.5
0.3975 0.5
0.3985 0.5
0.3995 0.5
0.4005 0.5
0.4015 0.5
0.4025 0.5
0.4035 0.5
0.4045 0.5
0.4055 0.5
0.4065 0.5
0.4075 0.5
0.4085 0.5
0.4095 0.5
0.4105 0.5
0.4115 0.5
0.4125 0.5
0.4135 0.5
0.4145 0.5
0.4155 0.5
0.4165 0.5
0.4175 0.5
0.4185 0.5
0.4195 0.5
0.4205 0.5
0.4215 0.5
0.4225 0.5
0.4235 0.5
0.4245 0.5
0.4255 0.5
0.4265 0.5
0.4275 0.5
0.4285 0.5
0.4295 0.5
0.4305 0.5
0.4315 0.5
0.4325 0.5
0.4335 0.5
0.4345 0.5
0.4355 0.5
0.4365 0.5
0.4375 0.5
0.4385 0.5
0.4395 0.5
0.4405 0.5
0.4415 0.5
0.4425 0.5
0.4435 0.5
0.4445 0.5
0.4455 0.5
0.4465 0.5
0.4475 0.5
0.4485 0.5
0.4495 0.5
0.4505 0.5
0.4515 0.5
0.4525 0.5
0.4535 0.5
0.4545 0.5
0.4555 0.5
0.4565 0.5
0.4575 0.5
0.4585 0.5
0.4595 0.5
0.4605 0.5
0.4615 0.5
0.4625 0.5
0.4635 0.5
0.4645 0.5
0.4655 0.5
0.4665 0.5
0.4675 0.5
0.4685 0.5
0.4695 0.5
0.4705 0.5
0.4715 0.5
0.4725 0.5
0.4735 0.5
0.4745 0.5
0.4755 0.5
0.4765 0.5
0.4775 0.5
0.4785 0.5
0.4795 0.5
0.4805 0.5
0.4815 0.5
0.4825 0.5
0.4835 0.5
0.4845 0.5
0.4855 0.5
0.4865 0.5
0.4875 0.5
0.4885 0.5
0.4895 0.5
0.4905 0.5
0.4915 0.5
0.4925 0.5
0.4935 0.5
0.4945 0.5
0.4955 0.5
0.4965 0.5
0.4975 0.5
0.4985 0.5
0.4995 0.5
0.5005 0.5
0.5015 0.5
0.5025 0.5
0.5035 0.5
0.5045 0.5
0.5055 0.5
0.5065 0.5
0.5075 0.5
0.5085 0.5
0.5095 0.5
0.5105 0.5
0.5115 0.5
0.5125 0.5
0.5135 0.5
0.5145 0.5
0.5155 0.5
0.5165 0.5
0.5175 0.5
0.5185 0.5
0.5195 0.5
0.5205 0.5
0.5215 0.5
0.5225 0.5
0.5235 0.5
0.5245 0.5
0.5255 0.5
0.5265 0.5
0.5275 0.5
0.5285 0.5
0.5295 0.5
0.5305 0.5
0.5315 0.5
0.5325 0.5
0.5335 0.5
0.5345 0.5
0.5355 0.5
0.5365 0.5
0.5375 0.5
0.5385 0.5
0.5395 0.5
0.5405 0.5
0.5415 0.5
0.5425 0.5
0.5435 0.5
0.5445 0.5
0.5455 0.5
0.5465 0.5
0.5475 0.5
0.5485 0.5
0.5495 0.5
0.5505 0.5
0.5515 0.5
0.5525 0.5
0.5535 0.5
0.5545 0.5
0.5555 0.5
0.5565 0.5
0.5575 0.5
0.5585 0.5
0.5595 0.5
0.5605 0.5
0.5615 0.5
0.5625 0.5
0.5635 0.5
0.5645 0.5
0.5655 0.5
0.5665 0.5
0.5675 0.5
0.5685 0.5
0.5695 0.5
0.5705 0.5
0.5715 0.5
0.5725 0.5
0.5735 0.5
0.5745 0.5
0.5755 0.5
0.5765 0.5
0.5775 0.5
0.5785 0.5
0.5795 0.5
0.5805 0.5
0.5815 0.5
0.5825 0.5
0.5835 0.5
0.5845 0.5
0.5855 0.5
0.5865 0.5
0.5875 0.5
0.5885 0.5
0.5895 0.5
0.5905 0.5
0.5915 0.5
0.5925 0.5
0.5935 0.5
0.5945 0.5
0.5955 0.5
0.5965 0.5
0.5975 0.5
0.5985 0.5
0.5995 0.5
0.6005 0
0.6015 0
0.6025 0
0.6035 0
0.6045 0
0.6055 0
0.6065 0
0.6075 0
0.6085 0
0.6095 0
0.6105 0
0.6115 0
0.6125 0
0.6135 0
0.6145 0
0.6155 0
0.6165 0
0.6175 0
0.6185 0
0.6195 0
0.6205 0
0.6215 0
0.6225 0
0.6235 0
0.6245 0
0.6255 0
0.6265 0
0.6275 0
0.6285 0
0.6295 0
0.6305 0
0.6315 0
0.6325 0
0.6335 0
0.6345 0
0.6355 0
0.6365 0
0.6375 0
0.6385 0
0.6395 0
0.6405 0
0.6415 0
0.6425 0
0.6435 0
0.6445 0
0.6455 0
0.6465 0
0.6475 0
0.6485 0
0.6495 0
0.6505 0
0.6515 0
0.6525 0
0.6535 0
0.6545 0
0.6555 0
0.6565 0
0.6575 0
0.6585 0
0.6595 0
0.6605 0
0.6615 0
0.6625 0
0.6635 0
0.6645 0
0.6655 0
0.6665 0
0.6675 0
0.6685 0
0.6695 0
0.6705 0
0.6715 0
0.6725 0
0.6735 0
0.6745 0
0.6755 0
0.6765 0
0.6775 0
0.6785 0
0.6795 0
0.6805 0
0.6815 0
0.6825 0
0.6835 0
0.6845 0
0.6855 0
0.6865 0
0.6875 0
0.6885 0
0.6895 0
0.6905 0
0.6915 0
0.6925 0
0.6935 0
0.6945 0
0.6955 0
0.6965 0
0.6975 0
0.6985 0
0.6995 0
0.7005 0
0.7015 0
0.7025 0
0.7035 0
0.7045 0
0.7055 0
0.7065 0
0.7075 0
0.7085 0
0.7095 0
0.7105 0
0.7115 0
0.7125 0
0.7135 0
0.7145 0
0.7155 0
0.7165 0
0.7175 0
0.7185 0
0.7195 0
0.7205 0
0.7215 0
0.7225 0
0.7235 0
0.7245 0
0.7255 0
0.7265 0
0.7275 0
0.7285 0
0.7295 0
0.7305 0
0.7315 0
0.7325 0
0.7335 0
0.7345 0
0.7355 0
0.7365 0
0.7375 0
0.7385 0
0.7395 0
0.7405 0
0.7415 0
0.7425 0
0.7435 0
0.7445 0
0.7455 0
0.7465 0
0.7475 0
0.7485 0
0.7495 0
0.7505 0
0.7515 0
0.7525 0
0.7535 0
0.7545 0
0.7555 0
0.7565 0
0.7575 0
0.7585 0
0.7595 0
0.7605 0
0.7615 0
0.7625 0
0.7635 0
0.7645 0
0.7655 0
0.7665 0
0.7675 0
0.7685 0
0.7695 0
0.7705 0
0.7715 0
0.7725 0
0.7735 0
0.7745 0
0.7755 0
0.7765 0
0.7775 0
0.7785 0
0.7795 0
0.7805 0
0.7815 0
0.7825 0
0.7835 0
0.7845 0
0.7855 0
0.7865 0
0.7875 0
0.7885 0
0.7895 0
0.7905 0
0.7915 0
0.7925 0
0.7935 0
0.7945 0
0.7955 0
0.7965 0
0.7975 0
0.7985 0
0.7995 0
0.8005 0
0.8015 0
0.8025 0
0.8035 0
0.8045 0
0.8055 0
0.8065 0
0.8075 0
0.8085 0
0.8095 0
0.8105 0
0.8115 0
0.8125 0
0.8135 0
0.8145 0
0.8155 0
0.8165 0
0.8175 0
0.8185 0
0.8195 0
0.8205 0
0.8215 0
0.8225 0
0.8235 0
0.8245 0
0.8255 0
0.8265 0
0.8275 0
0.8285 0
0.8295 0
0.8305 0
0.8315 0
0.8325 0
0.8335 0
0.8345 0
0.8355 0
0.8365 0
0.8375 0
0.8385 0
0.8395 0
0.8405 0
0.8415 0
0.8425 0
0.8435 0
0.8445 0
0.8455 0
0.8465 0
0.8475 0
0.8485 0
0.8495 0
0.8505 0
0.8515 0
0.8525 0
0.8535 0
0.8545 0
0.8555 0
0.8565 0
0.8575 0
0.8585 0
0.8595 0
0.8605 0
0.8615 0
0.8625 0
0.8635 0
0.8645 0
0.8655 0
0.8665 0
0.8675 0
0.8685 0
0.8695 0
0.8705 0
0.8715 0
0.8725 0
0.8735 0
0.8745 0
0.8755 0
0.8765 0
0.8775 0
0.8785 0
0.8795 0
0.8805 0
0.8815 0
0.8825 0
0.8835 0
0.8845 0
0.8855 0
0.8865 0
0.8875 0
0.8885 0
0.8895 0
0.8905 0
0.8915 0
0.8925 0
0.8935 0
0.8945 0
0.8955 0
0.8965 0
0.8975 0
0.8985 0
0.8995 0
0.9005 0
0.9015 0
0.9025 0
0.9035 0
0.9045 0
0.9055 0
0.9065 0
0.9075 0
0.9085 0
0.9095 0
0.9105 0
0.9115 0
0.9125 0
0.9135 0
0.9145 0
0.9155 0
0.9165 0
0.9175 0
0.9185 0
0.9195 0
0.9205 0
0.9215 0
0.9225 0
0.9235 0
0.9245 0
0.9255 0
0.9265 0
0.9275 0
0.9285 0
0.9295 0
0.9305 0
0.9315 0
0.9325 0
0.9335 0
0.9345 0
0.9355 0
0.9365 0
0.9375 0
0.9385 0
0.9395 0
0.9405 0
0.9415 0
0.9425 0
0.9435 0
0.9445 0
0.9455 0
0.9465 0
0.9475 0
0.9485 0
0.9495 0
0.9505 0
0.9515 0
0.9525 0
0.9535 0
0.9545 0
0.9555 0
0.9565 0
0.9575 0
0.9585 0
0.9595 0
0.9605 0
0.9615 0
0.9625 0
0.9635 0
0.9645 0
0.9655 0
0.9665 0
0.9675 0
0.9685 0
0.9695 0
0.9705 0
0.9715 0
0.9725 0
0.9735 0
0.9745 0
0.9755 0
0.9765 0
0.9775 0
0.9785 0
0.9795 0
0.9805 0
0.9815 0
0.9825 0
0.9835 0
0.9845 0
0.9855 0
0.9865 0
0.9875 0
0.9885 0
0.9895 0
0.9905 0
0.9915 0
0.9925 0
0.9935 0
0.9945 0
0.9955 0
0.9965 0
0.9975 0
0.9985 0
0.9995 0

# time= 0.2499
0.0005 0.526284
0.0015 0.547011
0.0025 0.558371
0.0035 0.558947
0.0045 0.54874
0.0055 0.533669
0.0065 0.522276
0.0075 0.514502
0.0085 0.509763
0.0095 0.507052
0.0105 0.505705
0.0115 0.505058
0.0125 0.504656
0.0135 0.50393
0.0145 0.503288
0.0155 0.502946
0.0165 0.502541
0.0175 0.502074
0.0185 0.500725
0.0195 0.499352
0.0205 0.498647
0.0215 0.497709
0.0225 0.49677
0.0235 0.495594
0.0245 0.494076
0.0255 0.491739
0.0265 0.488487
0.0275 0.486064
0.0285 0.484745
0.0295 0.484335
0.0305 0.484891
0.0315 0.486193
0.0325 0.488134
0.0335 0.490918
0.0345 0.493396
0.0355 0.497238
0.0365 0.500764
0.0375 0.502143
0.0385 0.503403
0.0395 0.504667
0.0405 0.507358
0.0415 0.509917
0.0425 0.51023
0.0435 0.509645
0.0445 0.508136
0.0455 0.503767
0.0465 0.484748
0.0475 0.421235
0.0485 0.288685
0.0495 0.216208
0.0505 0.219407
0.0515 0.264119
0.0525 0.308301
0.0535 0.255373
0.0545 0.214025
0.0555 0.223575
0.0565 0.270764
0.0575 0.298429
0.0585 0.255299
0.0595 0.223516
0.0605 0.23658
0.0615 0.275284
0.0625 0.288706
0.0635 0.252589
0.0645 0.226695
0.0655 0.239663
0.0665 0.26988
0.0675 0.272396
0.0685 0.239071
0.0695 0.218336
0.0705 0.23301
0.0715 0.260453
0.0725 0.262314
0.0735 0.237706
0.0745 0.22483
0.0755 0.24098
0.0765 0.263854
0.0775 0.261144
0.0785 0.239124
0.0795 0.227799
0.0805 0.24623
0.0815 0.267521
0.0825 0.258283
0.0835 0.236618
0.0845 0.226359
0.0855 0.246523
0.0865 0.264923
0.0875 0.253802
0.0885 0.234922
0.0895 0.229732
0.0905 0.247886
0.0915 0.261948
0.0925 0.25348
0.0935 0.239208
0.0945 0.239652
0.0955 0.256508
0.0965 0.267965
0.0975 0.260034
0.0985 0.24679
0.0995 0.247406
0.1005 0.259733
0.1015 0.267244
0.1025 0.259226
0.1035 0.247769
0.1045 0.24951
0.1055 0.258964
0.1065 0.264445
0.1075 0.256318
0.1085 0.247966
0.1095 0.251186
0.1105 0.256703
0.1115 0.256802
0.1125 0.250254
0.1135 0.245434
0.1145 0.247364
0.1155 0.251147
0.1165 0.249829
0.1175 0.243752
0.1185 0.240264
0.1195 0.243575
0.1205 0.248575
0.1215 0.247921
0.1225 0.24241
0.1235 0.23939
0.1245 0.247197
0.1255 0.256023
0.1265 0.253634
0.1275 0.247941
0.1285 0.24584
0.1295 0.251668
0.1305 0.256801
0.1315 0.255285
0.1325 0.252344
0.1335 0.252984
0.1345 0.256894
0.1355 0.258539
0.1365 0.251341
0.1375 0.243199
0.1385 0.24476
0.1395 0.250073
0.1405 0.252949
0.1415 0.247838
0.1425 0.242821
0.1435 0.24473
0.1445 0.248288
0.1455 0.249124
0.1465 0.246634
0.1475 0.24513
0.1485 0.248323
0.1495 0.250362
0.1505 0.245816
0.1515 0.239229
0.1525 0.238382
0.1535 0.250098
0.1545 0.259912
0.1555 0.257599
0.1565 0.252002
0.1575 0.251485
0.1585 0.256658
0.1595 0.260017
0.1605 0.256717
0.1615 0.251536
0.1625 0.252087
0.1635 0.257921
0.1645 0.260894
0.1655 0.251023
0.1665 0.240659
0.1675 0.245541
0.1685 0.256183
0.1695 0.261341
0.1705 0.248506
0.1715 0.236644
0.1725 0.241588
0.1735 0.250454
0.1745 0.252606
0.1755 0.246435
0.1765 0.24215
0.1775 0.246436
0.1785 0.253014
0.1795 0.25208
0.1805 0.244217
0.1815 0.240071
0.1825 0.24712
0.1835 0.256275
0.1845 0.25356
0.1855 0.243006
0.1865 0.237507
0.1875 0.250223
0.1885 0.264196
0.1895 0.25707
0.1905 0.241274
0.1915 0.234221
0.1925 0.255072
0.1935 0.272655
0.1945 0.260237
0.1955 0.239716
0.1965 0.236339
0.1975 0.260124
0.1985 0.276686
0.1995 0.261592
0.2005 0.237245
0.2015 0.237238
0.2025 0.264685
0.2035 0.281646
0.2045 0.258682
0.2055 0.226378
0.2065 0.230817
0.2075 0.261206
0.2085 0.278277
0.2095 0.249916
0.2105 0.214427
0.2115 0.226815
0.2125 0.264848
0.2135 0.2862
0.2145 0.247809
0.2155 0.20731
0.2165 0.227589
0.2175 0.270099
0.2185 0.287027
0.2195 0.244604
0.2205 0.208792
0.2215 0.231643
0.2225 0.276436
0.2235 0.282534
0.2245 0.238239
0.2255 0.207303
0.2265 0.233967
0.2275 0.284156
0.2285 0.281583
0.2295 0.227951
0.2305 0.198778
0.2315 0.237499
0.2325 0.298191
0.2335 0.286987
0.2345 0.223097
0.2355 0.195988
0.2365 0.247077
0.2375 0.318113
0.2385 0.289991
0.2395 0.212256
0.2405 0.187112
0.2415 0.252385
0.2425 0.34005
0.2435 0.285813
0.2445 0.192625
0.2455 0.174485
0.2465 0.2577
0.2475 0.363555
0.2485 0.274724
0.2495 0.184382
0.2505 0.176947
0.2515 0.320778
0.2525 0.584378
0.2535 0.709861
0.2545 0.746702
0.2555 0.753683
0.2565 0.754822
0.2575 0.755115
0.2585 0.754959
0.2595 0.753679
0.2605 0.752333
0.2615 0.751702
0.2625 0.751071
0.2635 0.750382
0.2645 0.748619
0.2655 0.746698
0.2665 0.745459
0.2675 0.744067
0.2685 0.743097
0.2695 0.742446
0.2705 0.742167
0.2715 0.742372
0.2725 0.743032
0.2735 0.744243
0.2745 0.74587
0.2755 0.747038
0.2765 0.747797
0.2775 0.748385
0.2785 0.748854
0.2795 0.749323
0.2805 0.749676
0.2815 0.750362
0.2825 0.751036
0.2835 0.751269
0.2845 0.75147
0.2855 0.75164
0.2865 0.751954
0.2875 0.75228
0.2885 0.752434
0.2895 0.752658
0.2905 0.75313
0.2915 0.754146
0.2925 0.755984
0.2935 0.758504
0.2945 0.763172
0.2955 0.768305
0.2965 0.77029
0.2975 0.76943
0.2985 0.764869
0.2995 0.756071
0.3005 0.743929
0.3015 0.735131
0.3025 0.73057
0.3035 0.72971
0.3045 0.731695
0.3055 0.736828
0.3065 0.741496
0.3075 0.744016
0.3085 0.745854
0.3095 0.74687
0.3105 0.747342
0.3115 0.747566
0.3125 0.74772
0.3135 0.748046
0.3145 0.74836
0.3155 0.74853
0.3165 0.748731
0.3175 0.748964
0.3185 0.749638
0.3195 0.750324
0.3205 0.750677
0.3215 0.751146
0.3225 0.751615
0.3235 0.752203
0.3245 0.752962
0.3255 0.75413
0.3265 0.755757
0.3275 0.756968
0.3285 0.757628
0.3295 0.757833
0.3305 0.757554
0.3315 0.756903
0.3325 0.755933
0.3335 0.754541
0.3345 0.753302
0.3355 0.751381
0.3365 0.749618
0.3375 0.748929
0.3385 0.748298
0.3395 0.747667
0.3405 0.746321
0.3415 0.745041
0.3425 0.744885
0.3435 0.745178
0.3445 0.745547
0.3455 0.742935
0.3465 0.725113
0.3475 0.66321
0.3485 0.532093
0.3495 0.460671
0.3505 0.464975
0.3515 0.510606
0.3525 0.555254
0.3535 0.502326
0.3545 0.46046
0.3555 0.469057
0.3565 0.515037
0.3575 0.541587
0.3585 0.497083
0.3595 0.463625
0.3605 0.475687
0.3615 0.514708
0.3625 0.529406
0.3635 0.494488
0.3645 0.469293
0.3655 0.483434
0.3665 0.517107
0.3675 0.525795
0.3685 0.498428
0.3695 0.480442
0.3705 0.494941
0.3715 0.521129
0.3725 0.521838
0.3735 0.496259
0.3745 0.482472
0.3755 0.497263
0.3765 0.518681
0.3775 0.515284
0.3785 0.492512
0.3795 0.480975
0.3805 0.498393
0.3815 0.519523
0.3825 0.511824
0.3835 0.490997
0.3845 0.480993
0.3855 0.501257
0.3865 0.521178
0.3875 0.511022
0.3885 0.491905
0.3895 0.484606
0.3905 0.502376
0.3915 0.517109
0.3925 0.508098
0.3935 0.491741
0.3945 0.486946
0.3955 0.501579
0.3965 0.512538
0.3975 0.503996
0.3985 0.490424
0.3995 0.48985
0.4005 0.501967
0.4015 0.509701
0.4025 0.501001
0.4035 0.48845
0.4045 0.48996
0.4055 0.500515
0.4065 0.506525
0.4075 0.498822
0.4085 0.488656
0.4095 0.491447
0.4105 0.501083
0.4115 0.50669
0.4125 0.50067
0.4135 0.492771
0.4145 0.495555
0.4155 0.503233
0.4165 0.50772
0.4175 0.50239
0.4185 0.4963
0.4195 0.498749
0.4205 0.503528
0.4215 0.505317
0.4225 0.501176
0.4235 0.497621
0.4245 0.499231
0.4255 0.502451
0.4265 0.503209
0.4275 0.500059
0.4285 0.497595
0.4295 0.498822
0.4305 0.501348
0.4315 0.501843
0.4325 0.499619
0.4335 0.49801
0.4345 0.499222
0.4355 0.501529
0.4365 0.502062
0.4375 0.499977
0.4385 0.498415
0.4395 0.499487
0.4405 0.501597
0.4415 0.502116
0.4425 0.500292
0.4435 0.49902
0.4445 0.500395
0.4455 0.502852
0.4465 0.503364
0.4475 0.499758
0.4485 0.496885
0.4495 0.498366
0.4505 0.501634
0.4515 0.503115
0.4525 0.500242
0.4535 0.496636
0.4545 0.497148
0.4555 0.499605
0.4565 0.50098
0.4575 0.499708
0.4585 0.497884
0.4595 0.498403
0.4605 0.500513
0.4615 0.501585
0.4625 0.500023
0.4635 0.497938
0.4645 0.498471
0.4655 0.500778
0.4665 0.50199
0.4675 0.500381
0.4685 0.498157
0.4695 0.498652
0.4705 0.501178
0.4715 0.502405
0.4725 0.499941
0.4735 0.496791
0.4745 0.497549
0.4755 0.500769
0.4765 0.502379
0.4775 0.498824
0.4785 0.494683
0.4795 0.496472
0.4805 0.501251
0.4815 0.5037
0.4825 0.49761
0.4835 0.49228
0.4845 0.496767
0.4855 0.504445
0.4865 0.507229
0.4875 0.49933
0.4885 0.49331
0.4895 0.498917
0.4905 0.508553
0.4915 0.511344
0.4925 0.501178
0.4935 0.493475
0.4945 0.499485
0.4955 0.51004
0.4965 0.51155
0.4975 0.498999
0.4985 0.490299
0.4995 0.498033
0.5005 0.51015
0.5015 0.509576
0.5025 0.496004
0.5035 0.487462
0.5045 0.498421
0.5055 0.513054
0.5065 0.508259
0.5075 0.491902
0.5085 0.482891
0.5095 0.497624
0.5105 0.515394
0.5115 0.508095
0.5125 0.488978
0.5135 0.478822
0.5145 0.498743
0.5155 0.519007
0.5165 0.509003
0.5175 0.488176
0.5185 0.480477
0.5195 0.501607
0.5205 0.519025
0.5215 0.507488
0.5225 0.484716
0.5235 0.481319
0.5245 0.502737
0.5255 0.517528
0.5265 0.503741
0.5275 0.478162
0.5285 0.478871
0.5295 0.505059
0.5305 0.519558
0.5315 0.501572
0.5325 0.474205
0.5335 0.482893
0.5345 0.516566
0.5355 0.530707
0.5365 0.505512
0.5375 0.470594
0.5385 0.485292
0.5395 0.524313
0.5405 0.536375
0.5415 0.502917
0.5425 0.458413
0.5435 0.484963
0.5445 0.530943
0.5455 0.53954
0.5465 0.497674
0.5475 0.444746
0.5485 0.489394
0.5495 0.535025
0.5505 0.539329
0.5515 0.467907
0.5525 0.33679
0.5535 0.274887
0.5545 0.257065
0.5555 0.254453
0.5565 0.254822
0.5575 0.255115
0.5585 0.254959
0.5595 0.253679
0.5605 0.252333
0.5615 0.251702
0.5625 0.251071
0.5635 0.250382
0.5645 0.248619
0.5655 0.246698
0.5665 0.245459
0.5675 0.244067
0.5685 0.243097
0.5695 0.242446
0.5705 0.242167
0.5715 0.242372
0.5725 0.243032
0.5735 0.244243
0.5745 0.24587
0.5755 0.247038
0.5765 0.247797
0.5775 0.248385
0.5785 0.248854
0.5795 0.249323
0.5805 0.249676
0.5815 0.250362
0.5825 0.251036
0.5835 0.251269
0.5845 0.25147
0.5855 0.25164
0.5865 0.251954
0.5875 0.25228
0.5885 0.252434
0.5895 0.252658
0.5905 0.25313
0.5915 0.254146
0.5925 0.255984
0.5935 0.258504
0.5945 0.263172
0.5955 0.268305
0.5965 0.27029
0.5975 0.26943
0.5985 0.264869
0.5995 0.256071
0.6005 0.243929
0.6015 0.235131
0.6025 0.23057
0.6035 0.22971
0.6045 0.231695
0.6055 0.236828
0.6065 0.241496
0.6075 0.244016
0.6085 0.245854
0.6095 0.24687
0.6105 0.247342
0.6115 0.247566
0.6125 0.24772
0.6135 0.248046
0.6145 0.24836
0.6155 0.24853
0.6165 0.248731
0.6175 0.248964
0.6185 0.249638
0.6195 0.250324
0.6205 0.250677
0.6215 0.251146
0.6225 0.251615
0.6235 0.252203
0.6245 0.252962
0.6255 0.25413
0.6265 0.255757
0.6275 0.256968
0.6285 0.257628
0.6295 0.257833
0.6305 0.257554
0.6315 0.256903
0.6325 0.255933
0.6335 0.254541
0.6345 0.253302
0.6355 0.251381
0.6365 0.249618
0.6375 0.248929
0.6385 0.248298
0.6395 0.247667
0.6405 0.246321
0.6415 0.245041
0.6425 0.244885
0.6435 0.245178
0.6445 0.245803
0.6455 0.246389
0.6465 0.246788
0.6475 0.247344
0.6485 0.247796
0.6495 0.24812
0.6505 0.248536
0.6515 0.248837
0.6525 0.248984
0.6535 0.248989
0.6545 0.24886
0.6555 0.248486
0.6565 0.248039
0.6575 0.247734
0.6585 0.247266
0.6595 0.246688
0.6605 0.246364
0.6615 0.246419
0.6625 0.246909
0.6635 0.247342
0.6645 0.247523
0.6655 0.247803
0.6665 0.248527
0.6675 0.251152
0.6685 0.253679
0.6695 0.254196
0.6705 0.25401
0.6715 0.253548
0.6725 0.253161
0.6735 0.252863
0.6745 0.2525
0.6755 0.252055
0.6765 0.251693
0.6775 0.251416
0.6785 0.251035
0.6795 0.250741
0.6805 0.25072
0.6815 0.250922
0.6825 0.251212
0.6835 0.251365
0.6845 0.251386
0.6855 0.251475
0.6865 0.252027
0.6875 0.252543
0.6885 0.2524
0.6895 0.25196
0.6905 0.251674
0.6915 0.251818
0.6925 0.252065
0.6935 0.251809
0.6945 0.249825
0.6955 0.247954
0.6965 0.247739
0.6975 0.247981
0.6985 0.248099
0.6995 0.247522
0.7005 0.246815
0.7015 0.246685
0.7025 0.246669
0.7035 0.246526
0.7045 0.246386
0.7055 0.246598
0.7065 0.247078
0.7075 0.247266
0.7085 0.246729
0.7095 0.246081
0.7105 0.246498
0.7115 0.248863
0.7125 0.25076
0.7135 0.250497
0.7145 0.249429
0.7155 0.24912
0.7165 0.251535
0.7175 0.253897
0.7185 0.253604
0.7195 0.252424
0.7205 0.251598
0.7215 0.251763
0.7225 0.25206
0.7235 0.251622
0.7245 0.250933
0.7255 0.250657
0.7265 0.250842
0.7275 0.250929
0.7285 0.250166
0.7295 0.249555
0.7305 0.250123
0.7315 0.251118
0.7325 0.25144
0.7335 0.250365
0.7345 0.249629
0.7355 0.250635
0.7365 0.252229
0.7375 0.252492
0.7385 0.250532
0.7395 0.249119
0.7405 0.250246
0.7415 0.252261
0.7425 0.252627
0.7435 0.249857
0.7445 0.24812
0.7455 0.25527
0.7465 0.293405
0.7475 0.418585
0.7485 0.680289
0.7495 0.822777
0.7505 0.815723
0.7515 0.726128
0.7525 0.636226
0.7535 0.739671
0.7545 0.822176
0.7555 0.807633
0.7565 0.716629
0.7575 0.661543
0.7585 0.747767
0.7595 0.812858
0.7605 0.791447
0.7615 0.716899
0.7625 0.686743
0.7635 0.753025
0.7645 0.802702
0.7655 0.779388
0.7665 0.718476
0.7675 0.70405
0.7685 0.758755
0.7695 0.795303
0.7705 0.76888
0.7715 0.717975
0.7725 0.714362
0.7735 0.761882
0.7745 0.788007
0.7755 0.7606
0.7765 0.719383
0.7775 0.722515
0.7785 0.763727
0.7795 0.784805
0.7805 0.756361
0.7815 0.719358
0.7825 0.729239
0.7835 0.765168
0.7845 0.783654
0.7855 0.754737
0.7865 0.720962
0.7875 0.733524
0.7885 0.763959
0.7895 0.779767
0.7905 0.754404
0.7915 0.725522
0.7925 0.735885
0.7935 0.759387
0.7945 0.771753
0.7955 0.75206
0.7965 0.729781
0.7975 0.73834
0.7985 0.75687
0.7995 0.765863
0.8005 0.7528
0.8015 0.735916
0.8025 0.738983
0.8035 0.751816
0.8045 0.759303
0.8055 0.753721
0.8065 0.742729
0.8075 0.738418
0.8085 0.749965
0.8095 0.761025
0.8105 0.757139
0.8115 0.748054
0.8125 0.742992
0.8135 0.747202
0.8145 0.755774
0.8155 0.758399
0.8165 0.749946
0.8175 0.739376
0.8185 0.742138
0.8195 0.755506
0.8205 0.762293
0.8215 0.752191
0.8225 0.736643
0.8235 0.738627
0.8245 0.757079
0.8255 0.766761
0.8265 0.754057
0.8275 0.734721
0.8285 0.738663
0.8295 0.760651
0.8305 0.769929
0.8315 0.753484
0.8325 0.731935
0.8335 0.741044
0.8345 0.765307
0.8355 0.770807
0.8365 0.747463
0.8375 0.719758
0.8385 0.738281
0.8395 0.772064
0.8405 0.77672
0.8415 0.745002
0.8425 0.704642
0.8435 0.734369
0.8445 0.776768
0.8455 0.779296
0.8465 0.739369
0.8475 0.69126
0.8485 0.737587
0.8495 0.780803
0.8505 0.783172
0.8515 0.713448
0.8525 0.584757
0.8535 0.521783
0.8545 0.500177
0.8555 0.49547
0.8565 0.499714
0.8575 0.505255
0.8585 0.504521
0.8595 0.500492
0.8605 0.498239
0.8615 0.501064
0.8625 0.504984
0.8635 0.504458
0.8645 0.50127
0.8655 0.499258
0.8665 0.500731
0.8675 0.502881
0.8685 0.502236
0.8695 0.500246
0.8705 0.49911
0.8715 0.500331
0.8725 0.501859
0.8735 0.501683
0.8745 0.501315
0.8755 0.501866
0.8765 0.503244
0.8775 0.50412
0.8785 0.503525
0.8795 0.503196
0.8805 0.504847
0.8815 0.507209
0.8825 0.507794
0.8835 0.50307
0.8845 0.49824
0.8855 0.498857
0.8865 0.500993
0.8875 0.50152
0.8885 0.497726
0.8895 0.492997
0.8905 0.492162
0.8915 0.493458
0.8925 0.494532
0.8935 0.494155
0.8945 0.493195
0.8955 0.492772
0.8965 0.493052
0.8975 0.493339
0.8985 0.493371
0.8995 0.49363
0.9005 0.495043
0.9015 0.496197
0.9025 0.495962
0.9035 0.495477
0.9045 0.495908
0.9055 0.49965
0.9065 0.503618
0.9075 0.504131
0.9085 0.503635
0.9095 0.503349
0.9105 0.50392
0.9115 0.5048
0.9125 0.505087
0.9135 0.504053
0.9145 0.502949
0.9155 0.502772
0.9165 0.502729
0.9175 0.502424
0.9185 0.501845
0.9195 0.50144
0.9205 0.501483
0.9215 0.502071
0.9225 0.502832
0.9235 0.503387
0.9245 0.504111
0.9255 0.505001
0.9265 0.505726
0.9275 0.506321
0.9285 0.507096
0.9295 0.50802
0.9305 0.508391
0.9315 0.507359
0.9325 0.502305
0.9335 0.497054
0.9345 0.495606
0.9355 0.495045
0.9365 0.494684
0.9375 0.493817
0.9385 0.492838
0.9395 0.492727
0.9405 0.493375
0.9415 0.494531
0.9425 0.495468
0.9435 0.496077
0.9445 0.496972
0.9455 0.49772
0.9465 0.497977
0.9475 0.497969
0.9485 0.497674
0.9495 0.497073
0.9505 0.49624
0.9515 0.495592
0.9525 0.494688
0.9535 0.493576
0.9545 0.492778
0.9555 0.491607
0.9565 0.490355
0.9575 0.48977
0.9585 0.490083
0.9595 0.492642
0.9605 0.495333
0.9615 0.496597
0.9625 0.497857
0.9635 0.499236
0.9645 0.502762
0.9655 0.506604
0.9665 0.509082
0.9675 0.511866
0.9685 0.513807
0.9695 0.515109
0.9705 0.515665
0.9715 0.515255
0.9725 0.513936
0.9735 0.511513
0.9745 0.508261
0.9755 0.505924
0.9765 0.504406
0.9775 0.50323
0.9785 0.502291
0.9795 0.501353
0.9805 0.500648
0.9815 0.499275
0.9825 0.497926
0.9835 0.497459
0.9845 0.497054
0.9855 0.496712
0.9865 0.49607
0.9875 0.495344
0.9885 0.494942
0.9895 0.494295
0.9905 0.492948
0.9915 0.490237
0.9925 0.485498
0.9935 0.477724
0.9945 0.466331
0.9955 0.45126
0.9965 0.441053
0.9975 0.441629
0.9985 0.452989
0.9995 0.473716

# time= 0.4998
0.0005 4.12005
0.0015 3.35689
0.0025 2.53888
0.0035 1.96359
0.0045 1.4853
0.0055 1.17304
0.0065 0.929267
0.0075 0.773096
0.0085 0.661468
0.0095 0.592966
0.0105 0.550941
0.0115 0.527198
0.0125 0.514464
0.0135 0.507909
0.0145 0.504801
0.0155 0.503448
0.0165 0.502664
0.0175 0.50143
0.0185 0.50001
0.0195 0.499218
0.0205 0.49858
0.0215 0.49776
0.0225 0.496028
0.0235 0.493937
0.0245 0.492765
0.0255 0.491774
0.0265 0.490846
0.0275 0.489243
0.0285 0.487427
0.0295 0.487065
0.0305 0.488462
0.0315 0.490132
0.0325 0.490534
0.0335 0.490977
0.0345 0.492173
0.0355 0.496094
0.0365 0.499646
0.0375 0.500896
0.0385 0.501885
0.0395 0.503445
0.0405 0.505453
0.0415 0.506683
0.0425 0.506869
0.0435 0.506691
0.0445 0.507087
0.0455 0.507887
0.0465 0.508062
0.0475 0.506085
0.0485 0.50426
0.0495 0.504508
0.0505 0.50503
0.0515 0.504641
0.0525 0.503447
0.0535 0.502814
0.0545 0.503839
0.0555 0.505191
0.0565 0.504999
0.0575 0.504058
0.0585 0.50379
0.0595 0.50511
0.0605 0.506119
0.0615 0.505297
0.0625 0.503607
0.0635 0.502642
0.0645 0.502625
0.0655 0.502158
0.0665 0.500077
0.0675 0.497322
0.0685 0.496045
0.0695 0.496613
0.0705 0.497124
0.0715 0.495901
0.0725 0.493728
0.0735 0.49306
0.0745 0.495469
0.0755 0.497884
0.0765 0.497431
0.0775 0.494869
0.0785 0.493951
0.0795 0.496679
0.0805 0.49944
0.0815 0.499179
0.0825 0.495088
0.0835 0.493463
0.0845 0.496341
0.0855 0.499166
0.0865 0.499626
0.0875 0.494408
0.0885 0.493232
0.0895 0.496916
0.0905 0.499885
0.0915 0.501551
0.0925 0.496119
0.0935 0.496005
0.0945 0.496772
0.0955 0.48812
0.0965 0.460588
0.0975 0.392685
0.0985 0.307769
0.0995 0.267648
0.1005 0.243677
0.1015 0.203404
0.1025 0.117869
0.1035 0.0490839
0.1045 0.0202797
0.1055 0.0102259
0.1065 0.00975132
0.1075 0.00801015
0.1085 0.000859885
0.1095 0.00113068
0.1105 0.00284069
0.1115 0.00541629
0.1125 0.00302961
0.1135 -0.00334251
0.1145 -0.00371802
0.1155 -0.00183469
0.1165 0.000106988
0.1175 -0.00197912
0.1185 -0.00644133
0.1195 -0.00690397
0.1205 -0.00431353
0.1215 -0.00164426
0.1225 -0.00242577
0.1235 -0.00473611
0.1245 -0.0048338
0.1255 -0.00169557
0.1265 0.00159372
0.1275 0.00161664
0.1285 0.000272818
0.1295 -8.51321e-05
0.1305 0.00209463
0.1315 0.00442231
0.1325 0.00415438
0.1335 0.00263789
0.1345 0.00157784
0.1355 0.00185883
0.1365 0.00220903
0.1375 0.00101875
0.1385 -0.00106338
0.1395 -0.00229209
0.1405 -0.00197241
0.1415 -0.00141517
0.1425 -0.00210058
0.1435 -0.00350148
0.1445 -0.0041407
0.1455 -0.00299823
0.1465 -0.002032
0.1475 -0.00270485
0.1485 -0.00377357
0.1495 -0.00394066
0.1505 -0.00248692
0.1515 -0.00117092
0.1525 -0.000942326
0.1535 -0.000517622
0.1545 0.000954256
0.1555 0.00298324
0.1565 0.00421871
0.1575 0.00419457
0.1585 0.00394738
0.1595 0.00456157
0.1605 0.0053861
0.1615 0.00534097
0.1625 0.00416962
0.1635 0.00316307
0.1645 0.00304967
0.1655 0.0029938
0.1665 0.0022911
0.1675 0.000758768
0.1685 -0.00044461
0.1695 -0.000788805
0.1705 -0.00099905
0.1715 -0.00173374
0.1725 -0.00283121
0.1735 -0.00346265
0.1745 -0.00323452
0.1755 -0.00270687
0.1765 -0.00263694
0.1775 -0.00302176
0.1785 -0.00322047
0.1795 -0.00286128
0.1805 -0.00231812
0.1815 -0.00215098
0.1825 -0.0023316
0.1835 -0.00235051
0.1845 -0.0018098
0.1855 -0.00109295
0.1865 -0.00084052
0.1875 -0.000865069
0.1885 -0.000721816
0.1895 0.000472139
0.1905 0.00176993
0.1915 0.00196556
0.1925 0.0019243
0.1935 0.00210631
0.1945 0.00333405
0.1955 0.00447652
0.1965 0.00463
0.1975 0.00460046
0.1985 0.00475286
0.1995 0.0051054
0.2005 0.00529614
0.2015 0.0050876
0.2025 0.00442155
0.2035 0.00382077
0.2045 0.00342977
0.2055 0.00287183
0.2065 0.00119939
0.2075 -0.000448961
0.2085 -0.000821349
0.2095 -0.000873274
0.2105 -0.000938017
0.2115 -0.00150138
0.2125 -0.00211498
0.2135 -0.00222459
0.2145 -0.00223195
0.2155 -0.00229818
0.2165 -0.00249244
0.2175 -0.00264037
0.2185 -0.0026353
0.2195 -0.00257813
0.2205 -0.00259164
0.2215 -0.00269758
0.2225 -0.00277493
0.2235 -0.00275351
0.2245 -0.00271234
0.2255 -0.00276053
0.2265 -0.00288805
0.2275 -0.00296957
0.2285 -0.0029234
0.2295 -0.00267
0.2305 -0.00235275
0.2315 -0.00212197
0.2325 -0.00179608
0.2335 -0.000896971
0.2345 3.91014e-05
0.2355 0.000464128
0.2365 0.000894383
0.2375 0.00131563
0.2385 0.00195005
0.2395 0.00247481
0.2405 0.00257591
0.2415 0.00251333
0.2425 0.00250307
0.2435 0.00267812
0.2445 0.00292804
0.2455 0.00308148
0.2465 0.00319151
0.2475 0.00336389
0.2485 0.00392135
0.2495 0.00445826
0.2505 0.00461167
0.2515 0.00470004
0.2525 0.00477893
0.2535 0.00482919
0.2545 0.00481708
0.2555 0.00468257
0.2565 0.00436934
0.2575 0.00386552
0.2585 0.00337299
0.2595 0.0027874
0.2605 0.00205409
0.2615 0.000883182
0.2625 -0.000489781
0.2635 -0.00179162
0.2645 -0.003084
0.2655 -0.00419728
0.2665 -0.00528969
0.2675 -0.00600943
0.2685 -0.00652353
0.2695 -0.00687417
0.2705 -0.00697317
0.2715 -0.00679881
0.2725 -0.00638762
0.2735 -0.00565559
0.2745 -0.00494986
0.2755 -0.0040616
0.2765 -0.00326765
0.2775 -0.0020437
0.2785 -0.000715907
0.2795 -9.21197e-05
0.2805 0.000374481
0.2815 0.000678447
0.2825 0.00115933
0.2835 0.00160779
0.2845 0.00184731
0.2855 0.00221086
0.2865 0.00272962
0.2875 0.00335736
0.2885 0.00406347
0.2895 0.00510071
0.2905 0.00625692
0.2915 0.00770677
0.2925 0.00920942
0.2935 0.0101549
0.2945 0.0107965
0.2955 0.0108368
0.2965 0.010099
0.2975 0.00846777
0.2985 0.00607519
0.2995 0.000426421
0.3005 -0.00515432
0.3015 -0.00789018
0.3025 -0.00986474
0.3035 -0.0107062
0.3045 -0.0106123
0.3055 -0.0098158
0.3065 -0.00775392
0.3075 -0.00560316
0.3085 -0.0043786
0.3095 -0.00341674
0.3105 -0.00283927
0.3115 -0.00250139
0.3125 -0.00231
0.3135 -0.00215071
0.3145 -0.00199661
0.3155 -0.00170594
0.3165 -0.00139527
0.3175 -0.00119655
0.3185 -0.000932451
0.3195 -0.000503221
0.3205 -9.12994e-06
0.3215 0.000774693
0.3225 0.00160902
0.3235 0.00208819
0.3245 0.00295758
0.3255 0.00372158
0.3265 0.00421197
0.3275 0.00470959
0.3285 0.00498525
0.3295 0.00517209
0.3305 0.00518465
0.3315 0.0049277
0.3325 0.0044046
0.3335 0.00340942
0.3345 0.00223692
0.3355 0.00147704
0.3365 0.000202557
0.3375 -0.00095726
0.3385 -0.00150117
0.3395 -0.00199037
0.3405 -0.00234166
0.3415 -0.00278638
0.3425 -0.00307597
0.3435 -0.00304823
0.3445 -0.0025072
0.3455 -0.00194944
0.3465 -0.00161656
0.3475 -0.00124802
0.3485 -0.000795209
0.3495 -0.000361948
0.3505 -0.000173409
0.3515 -0.000130409
0.3525 -0.000177485
0.3535 -0.000216841
0.3545 -0.000293937
0.3555 -0.000573966
0.3565 -0.00166894
0.3575 -0.00265208
0.3585 -0.00279681
0.3595 -0.00274419
0.3605 -0.0027652
0.3615 -0.00291917
0.3625 -0.00299258
0.3635 -0.00282083
0.3645 -0.00219138
0.3655 -0.00150794
0.3665 -0.000969106
0.3675 -0.000387638
0.3685 0.00063171
0.3695 0.00164693
0.3705 0.00186116
0.3715 0.00176729
0.3725 0.00166051
0.3735 0.00176847
0.3745 0.00188245
0.3755 0.00174915
0.3765 0.00129152
0.3775 0.000917647
0.3785 0.000862765
0.3795 0.00089177
0.3805 0.000801998
0.3815 0.000617202
0.3825 0.000573822
0.3835 0.000914991
0.3845 0.00132418
0.3855 0.00134592
0.3865 0.00123641
0.3875 0.00136432
0.3885 0.00180801
0.3895 0.00205215
0.3905 0.00169469
0.3915 0.00106953
0.3925 0.000798612
0.3935 0.000985568
0.3945 0.00110736
0.3955 0.000758934
0.3965 0.000283528
0.3975 0.000277195
0.3985 0.000617745
0.3995 0.000651081
0.4005 -0.000310397
0.4015 -0.0014685
0.4025 -0.00157777
0.4035 -0.00115594
0.4045 -0.0010159
0.4055 -0.0023507
0.4065 -0.0035742
0.4075 -0.00310596
0.4085 -0.00209203
0.4095 -0.00155865
0.4105 -0.00186808
0.4115 -0.00206154
0.4125 -0.00137091
0.4135 -0.000316445
0.4145 0.000153747
0.4155 -9.14464e-05
0.4165 -0.000214368
0.4175 0.000441804
0.4185 0.0013136
0.4195 0.00130869
0.4205 0.000460038
0.4215 -8.91785e-05
0.4225 0.00045996
0.4235 0.00137687
0.4245 0.00129522
0.4255 -7.65571e-05
0.4265 -0.00102692
0.4275 -0.000382524
0.4285 0.000878692
0.4295 0.00105696
0.4305 -0.000262826
0.4315 -0.00118702
0.4325 -0.000423102
0.4335 0.000922723
0.4345 0.00106962
0.4355 -7.17074e-05
0.4365 -0.000757448
0.4375 0.00015156
0.4385 0.00153116
0.4395 0.00153055
0.4405 0.00021147
0.4415 -0.000554404
0.4425 0.000786437
0.4435 0.00238198
0.4445 0.00160188
0.4455 -0.000324543
0.4465 -0.00113498
0.4475 0.00124256
0.4485 0.00314046
0.4495 0.00142642
0.4505 -0.00102337
0.4515 -0.00103793
0.4525 0.000838405
0.4535 0.00197364
0.4545 -0.00038037
0.4555 -0.00307955
0.4565 -0.00197843
0.4575 0.000607819
0.4585 0.00185813
0.4595 -0.000653938
0.4605 -0.00288307
0.4615 -0.0014326
0.4625 0.00116787
0.4635 0.00178366
0.4645 -0.000600232
0.4655 -0.00235463
0.4665 -0.000887985
0.4675 0.00186206
0.4685 0.00223218
0.4695 -0.00109994
0.4705 -0.00369594
0.4715 -0.00209897
0.4725 0.00182235
0.4735 0.0030034
0.4745 -0.00137724
0.4755 -0.00549411
0.4765 -0.00409943
0.4775 0.00161146
0.4785 0.00392021
0.4795 -0.00117166
0.4805 -0.00647139
0.4815 -0.00583343
0.4825 0.0024113
0.4835 0.00562381
0.4845 7.23889e-05
0.4855 -0.00523788
0.4865 -0.00573208
0.4875 0.00536865
0.4885 0.00850457
0.4895 0.00208794
0.4905 -0.00264047
0.4915 -0.0044781
0.4925 0.0086776
0.4935 0.0112591
0.4945 0.0115572
0.4955 0.031145
0.4965 0.0883318
0.4975 0.225539
0.4985 0.396367
0.4995 0.477003
0.5005 0.525083
0.5015 0.605678
0.5025 0.776598
0.5035 0.913866
0.5045 0.970917
0.5055 0.99038
0.5065 0.990472
0.5075 0.992725
0.5085 1.00552
0.5095 1.00332
0.5105 0.998164
0.5115 0.991316
0.5125 0.994053
0.5135 1.0048
0.5145 1.00408
0.5155 0.998613
0.5165 0.992911
0.5175 0.996014
0.5185 1.00414
0.5195 1.00469
0.5205 0.999268
0.5215 0.994024
0.5225 0.996164
0.5235 1.00166
0.5245 1.00289
0.5255 0.998514
0.5265 0.994008
0.5275 0.995315
0.5285 0.999445
0.5295 1.00133
0.5305 0.999212
0.5315 0.996528
0.5325 0.997588
0.5335 1.00107
0.5345 1.00312
0.5355 1.0021
0.5365 1.00041
0.5375 1.00113
0.5385 1.00378
0.5395 1.00514
0.5405 1.00277
0.5415 0.999977
0.5425 1.00084
0.5435 1.00306
0.5445 1.00384
0.5455 1.001
0.5465 0.998633
0.5475 0.999752
0.5485 1.00173
0.5495 1.00184
0.5505 0.999811
0.5515 0.99852
0.5525 1.001
0.5535 1.00407
0.5545 1.00367
0.5555 1.00208
0.5565 1.00159
0.5575 1.003
0.5585 1.00401
0.5595 1.00299
0.5605 1.00114
0.5615 1.0004
0.5625 1.00093
0.5635 1.00097
0.5645 0.998971
0.5655 0.996402
0.5665 0.995799
0.5675 0.996534
0.5685 0.996924
0.5695 0.995377
0.5705 0.993563
0.5715 0.993988
0.5725 0.995654
0.5735 0.99685
0.5745 0.996734
0.5755 0.996299
0.5765 0.996845
0.5775 0.998431
0.5785 0.99962
0.5795 0.999692
0.5805 0.999447
0.5815 0.999875
0.5825 1.00102
0.5835 1.00186
0.5845 1.00186
0.5855 1.00166
0.5865 1.00212
0.5875 1.00343
0.5885 1.00444
0.5895 1.00459
0.5905 1.00489
0.5915 1.00622
0.5925 1.00806
0.5935 1.00915
0.5945 1.00909
0.5955 1.00853
0.5965 1.00819
0.5975 1.00779
0.5985 1.00643
0.5995 1.00087
0.6005 0.994902
0.6015 0.992845
0.6025 0.99132
0.6035 0.989601
0.6045 0.988559
0.6055 0.988728
0.6065 0.990314
0.6075 0.992373
0.6085 0.993445
0.6095 0.994066
0.6105 0.99466
0.6115 0.996422
0.6125 0.998189
0.6135 0.998479
0.6145 0.998412
0.6155 0.998478
0.6165 0.999378
0.6175 1.00031
0.6185 1.00049
0.6195 1.00054
0.6205 1.00078
0.6215 1.00186
0.6225 1.00293
0.6235 1.00342
0.6245 1.0039
0.6255 1.00443
0.6265 1.00522
0.6275 1.00584
0.6285 1.00601
0.6295 1.0059
0.6305 1.00564
0.6315 1.00537
0.6325 1.00498
0.6335 1.00406
0.6345 1.00288
0.6355 1.00187
0.6365 1.00087
0.6375 1.0002
0.6385 0.998785
0.6395 0.997409
0.6405 0.997023
0.6415 0.996846
0.6425 0.996704
0.6435 0.996508
0.6445 0.996403
0.6455 0.996564
0.6465 0.99703
0.6475 0.99742
0.6485 0.997657
0.6495 0.997869
0.6505 0.9982
0.6515 0.998591
0.6525 0.998703
0.6535 0.998559
0.6545 0.998275
0.6555 0.998063
0.6565 0.997953
0.6575 0.997817
0.6585 0.997325
0.6595 0.996818
0.6605 0.996752
0.6615 0.996962
0.6625 0.997233
0.6635 0.997403
0.6645 0.997689
0.6655 0.998152
0.6665 0.999278
0.6675 1.00031
0.6685 1.00089
0.6695 1.00137
0.6705 1.00203
0.6715 1.00259
0.6725 1.00271
0.6735 1.00266
0.6745 1.00255
0.6755 1.00254
0.6765 1.00258
0.6775 1.0025
0.6785 1.00214
0.6795 1.00188
0.6805 1.00199
0.6815 1.00226
0.6825 1.00238
0.6835 1.00223
0.6845 1.00212
0.6855 1.00227
0.6865 1.00251
0.6875 1.00254
0.6885 1.00205
0.6895 1.00158
0.6905 1.00147
0.6915 1.00131
0.6925 1.00082
0.6935 0.999412
0.6945 0.998157
0.6955 0.997736
0.6965 0.997449
0.6975 0.997012
0.6985 0.996458
0.6995 0.99613
0.7005 0.996127
0.7015 0.996195
0.7025 0.996009
0.7035 0.99565
0.7045 0.995542
0.7055 0.996345
0.7065 0.99723
0.7075 0.997194
0.7085 0.996941
0.7095 0.996978
0.7105 0.998097
0.7115 0.999237
0.7125 0.999456
0.7135 0.999613
0.7145 1.0001
0.7155 1.00104
0.7165 1.00173
0.7175 1.00178
0.7185 1.00158
0.7195 1.00166
0.7205 1.00204
0.7215 1.00223
0.7225 1.00185
0.7235 1.00129
0.7245 1.00122
0.7255 1.00181
0.7265 1.00222
0.7275 1.00188
0.7285 1.00127
0.7295 1.00121
0.7305 1.0019
0.7315 1.00239
0.7325 1.00205
0.7335 1.00145
0.7345 1.00143
0.7355 1.002
0.7365 1.00227
0.7375 1.00168
0.7385 1.0008
0.7395 1.00058
0.7405 1.00096
0.7415 1.00103
0.7425 0.999735
0.7435 0.998238
0.7445 0.998209
0.7455 0.998738
0.7465 0.9987
0.7475 0.997027
0.7485 0.995739
0.7495 0.99633
0.7505 0.997335
0.7515 0.997304
0.7525 0.99635
0.7535 0.995861
0.7545 0.99718
0.7555 0.99879
0.7565 0.998588
0.7575 0.99767
0.7585 0.997409
0.7595 0.999221
0.7605 1.00084
0.7615 1.00042
0.7625 0.99946
0.7635 0.999489
0.7645 1.00099
0.7655 1.00209
0.7665 1.00148
0.7675 1.00015
0.7685 0.99998
0.7695 1.00147
0.7705 1.00255
0.7715 1.00161
0.7725 0.99945
0.7735 0.998688
0.7745 1.00074
0.7755 1.00272
0.7765 1.00199
0.7775 0.999125
0.7785 0.997993
0.7795 1.00064
0.7805 1.00341
0.7815 1.00321
0.7825 0.999239
0.7835 0.997781
0.7845 1.00076
0.7855 1.00361
0.7865 1.00403
0.7875 0.998652
0.7885 0.997203
0.7895 1.00049
0.7905 1.00289
0.7915 1.00375
0.7925 0.99697
0.7935 0.995434
0.7945 0.995072
0.7955 0.985015
0.7965 0.956183
0.7975 0.887248
0.7985 0.801558
0.7995 0.761008
0.8005 0.736678
0.8015 0.696153
0.8025 0.610585
0.8035 0.541812
0.8045 0.513218
0.8055 0.503506
0.8065 0.503571
0.8075 0.502629
0.8085 0.496606
0.8095 0.498127
0.8105 0.500946
0.8115 0.504465
0.8125 0.503109
0.8135 0.497702
0.8145 0.497991
0.8155 0.500583
0.8165 0.50325
0.8175 0.501561
0.8185 0.49741
0.8195 0.49709
0.8205 0.499753
0.8215 0.502334
0.8225 0.501238
0.8235 0.498472
0.8245 0.497886
0.8255 0.500153
0.8265 0.502593
0.8275 0.502162
0.8285 0.500325
0.8295 0.499568
0.8305 0.500915
0.8315 0.502563
0.8325 0.502212
0.8335 0.500634
0.8345 0.499675
0.8355 0.50018
0.8365 0.500942
0.8375 0.500363
0.8385 0.498758
0.8395 0.497726
0.8405 0.498325
0.8415 0.49897
0.8425 0.497914
0.8435 0.496179
0.8445 0.495247
0.8455 0.496241
0.8465 0.497273
0.8475 0.496668
0.8485 0.495803
0.8495 0.495984
0.8505 0.497542
0.8515 0.498714
0.8525 0.49814
0.8535 0.497422
0.8545 0.498196
0.8555 0.499583
0.8565 0.500429
0.8575 0.500443
0.8585 0.500475
0.8595 0.501301
0.8605 0.502382
0.8615 0.502615
0.8625 0.502076
0.8635 0.501695
0.8645 0.502054
0.8655 0.502581
0.8665 0.502414
0.8675 0.501642
0.8685 0.501184
0.8695 0.501546
0.8705 0.502114
0.8715 0.502044
0.8725 0.501471
0.8735 0.501257
0.8745 0.501969
0.8755 0.502942
0.8765 0.503156
0.8775 0.502847
0.8785 0.50269
0.8795 0.503174
0.8805 0.503805
0.8815 0.503798
0.8825 0.502776
0.8835 0.50171
0.8845 0.501183
0.8855 0.500471
0.8865 0.499479
0.8875 0.49797
0.8885 0.496784
0.8895 0.496133
0.8905 0.495622
0.8915 0.49482
0.8925 0.493857
0.8935 0.493447
0.8945 0.493622
0.8955 0.493911
0.8965 0.493783
0.8975 0.493556
0.8985 0.493686
0.8995 0.494811
0.9005 0.495861
0.9015 0.496083
0.9025 0.496213
0.9035 0.496609
0.9045 0.49813
0.9055 0.499653
0.9065 0.500551
0.9075 0.501353
0.9085 0.502423
0.9095 0.503454
0.9105 0.503803
0.9115 0.503896
0.9125 0.503859
0.9135 0.50384
0.9145 0.503798
0.9155 0.503624
0.9165 0.503268
0.9175 0.502986
0.9185 0.502903
0.9195 0.502889
0.9205 0.502837
0.9215 0.502795
0.9225 0.502936
0.9235 0.503683
0.9245 0.504511
0.9255 0.504719
0.9265 0.504749
0.9275 0.504767
0.9285 0.504823
0.9295 0.504747
0.9305 0.504341
0.9315 0.502835
0.9325 0.501112
0.9335 0.500004
0.9345 0.498388
0.9355 0.496961
0.9365 0.496129
0.9375 0.495673
0.9385 0.495405
0.9395 0.495159
0.9405 0.494856
0.9415 0.494628
0.9425 0.49466
0.9435 0.495093
0.9445 0.495554
0.9455 0.495876
0.9465 0.496227
0.9475 0.496416
0.9485 0.496483
0.9495 0.496343
0.9505 0.496008
0.9515 0.495407
0.9525 0.494789
0.9535 0.494077
0.9545 0.493521
0.9555 0.49326
0.9565 0.493219
0.9575 0.493443
0.9585 0.493898
0.9595 0.494584
0.9605 0.495565
0.9615 0.496925
0.9625 0.498334
0.9635 0.500815
0.9645 0.503416
0.9655 0.504958
0.9665 0.507931
0.9675 0.510502
0.9685 0.511391
0.9695 0.511805
0.9705 0.511896
0.9715 0.511717
0.9725 0.511243
0.9735 0.510472
0.9745 0.509107
0.9755 0.507238
0.9765 0.505688
0.9775 0.504533
0.9785 0.502809
0.9795 0.501295
0.9805 0.500316
0.9815 0.499325
0.9825 0.498561
0.9835 0.497817
0.9845 0.497898
0.9855 0.499883
0.9865 0.505951
0.9875 0.51998
0.9885 0.54871
0.9895 0.602187
0.9905 0.692778
0.9915 0.832452
0.9925 1.06203
0.9935 1.37749
0.9945 1.90292
0.9955 2.55258
0.9965 3.52889
0.9975 4.39045
0.9985 4.62938
0.9995 4.61983

# time= 0.7497
0.0005 1.06738e+17
0.0015 1.02644e+17
0.0025 9.32887e+16
0.0035 6.86135e+16
0.0045 4.47016e+16
0.0055 3.01715e+16
0.0065 1.85126e+16
0.0075 1.16346e+16
0.0085 6.71677e+15
0.0095 3.7339e+15
0.0105 1.90194e+15
0.0115 8.92536e+14
0.0125 3.88067e+14
0.0135 1.56819e+14
0.0145 5.89595e+13
0.0155 2.06275e+13
0.0165 6.71509e+12
0.0175 2.03392e+12
0.0185 5.73126e+11
0.0195 1.50226e+11
0.0205 3.66211e+10
0.0215 8.29983e+09
0.0225 1.74808e+09
0.0235 3.41924e+08
0.0245 6.20608e+07
0.0255 1.04416e+07
0.0265 1.62639e+06
0.0275 234161
0.0285 31106.1
0.0295 3804.72
0.0305 427.764
0.0315 44.4368
0.0325 4.62189
0.0335 0.846659
0.0345 0.517371
0.0355 0.494111
0.0365 0.502098
0.0375 0.50785
0.0385 0.50118
0.0395 0.495243
0.0405 0.498362
0.0415 0.511553
0.0425 0.515281
0.0435 0.503894
0.0445 0.496684
0.0455 0.498402
0.0465 0.515837
0.0475 0.514696
0.0485 0.494295
0.0495 0.478861
0.0505 0.46102
0.0515 0.431328
0.0525 0.367788
0.0535 0.31199
0.0545 0.280365
0.0555 0.264791
0.0565 0.258114
0.0575 0.255609
0.0585 0.254749
0.0595 0.254405
0.0605 0.25415
0.0615 0.25381
0.0625 0.253337
0.0635 0.252608
0.0645 0.251616
0.0655 0.250831
0.0665 0.249786
0.0675 0.24855
0.0685 0.24763
0.0695 0.246926
0.0705 0.24643
0.0715 0.246083
0.0725 0.245857
0.0735 0.245728
0.0745 0.245687
0.0755 0.24572
0.0765 0.245808
0.0775 0.246055
0.0785 0.246308
0.0795 0.246436
0.0805 0.246542
0.0815 0.246628
0.0825 0.246701
0.0835 0.246756
0.0845 0.246828
0.0855 0.24692
0.0865 0.247032
0.0875 0.247197
0.0885 0.247433
0.0895 0.247806
0.0905 0.248303
0.0915 0.248942
0.0925 0.2498
0.0935 0.250614
0.0945 0.251325
0.0955 0.252361
0.0965 0.253354
0.0975 0.254024
0.0985 0.25458
0.0995 0.254915
0.1005 0.25516
0.1015 0.255292
0.1025 0.255339
0.1035 0.255303
0.1045 0.255193
0.1055 0.255017
0.1065 0.25473
0.1075 0.254346
0.1085 0.253764
0.1095 0.253118
0.1105 0.252182
0.1115 0.2513
0.1125 0.250731
0.1135 0.249956
0.1145 0.248934
0.1155 0.248118
0.1165 0.24754
0.1175 0.247117
0.1185 0.246862
0.1195 0.246723
0.1205 0.246707
0.1215 0.246813
0.1225 0.247061
0.1235 0.247406
0.1245 0.248133
0.1255 0.248925
0.1265 0.249333
0.1275 0.250154
0.1285 0.250935
0.1295 0.251403
0.1305 0.25177
0.1315 0.251943
0.1325 0.252009
0.1335 0.251965
0.1345 0.251817
0.1355 0.251502
0.1365 0.251094
0.1375 0.250372
0.1385 0.249615
0.1395 0.249223
0.1405 0.248537
0.1415 0.247931
0.1425 0.247611
0.1435 0.247373
0.1445 0.247244
0.1455 0.247189
0.1465 0.247203
0.1475 0.247285
0.1485 0.247438
0.1495 0.247664
0.1505 0.248039
0.1515 0.24852
0.1525 0.24917
0.1535 0.250093
0.1545 0.251192
0.1555 0.252042
0.1565 0.252763
0.1575 0.253343
0.1585 0.253661
0.1595 0.253875
0.1605 0.253949
0.1615 0.25388
0.1625 0.25369
0.1635 0.253353
0.1645 0.252926
0.1655 0.252349
0.1665 0.251571
0.1675 0.250819
0.1685 0.250105
0.1695 0.249411
0.1705 0.248846
0.1715 0.248399
0.1725 0.248065
0.1735 0.247814
0.1745 0.247639
0.1755 0.247531
0.1765 0.247472
0.1775 0.247462
0.1785 0.247495
0.1795 0.247567
0.1805 0.247664
0.1815 0.247835
0.1825 0.248028
0.1835 0.248269
0.1845 0.248555
0.1855 0.24876
0.1865 0.249098
0.1875 0.249506
0.1885 0.250099
0.1895 0.250701
0.1905 0.250993
0.1915 0.25147
0.1925 0.252077
0.1935 0.25274
0.1945 0.253211
0.1955 0.253533
0.1965 0.253897
0.1975 0.254142
0.1985 0.254297
0.1995 0.254359
0.2005 0.254284
0.2015 0.254092
0.2025 0.253705
0.2035 0.253269
0.2045 0.252744
0.2055 0.252178
0.2065 0.251342
0.2075 0.250568
0.2085 0.250168
0.2095 0.249504
0.2105 0.248917
0.2115 0.248559
0.2125 0.248261
0.2135 0.248069
0.2145 0.247917
0.2155 0.247719
0.2165 0.247565
0.2175 0.247466
0.2185 0.247382
0.2195 0.24733
0.2205 0.247232
0.2215 0.247141
0.2225 0.247143
0.2235 0.247282
0.2245 0.24743
0.2255 0.247465
0.2265 0.247522
0.2275 0.24766
0.2285 0.247952
0.2295 0.248199
0.2305 0.248336
0.2315 0.248514
0.2325 0.248757
0.2335 0.249238
0.2345 0.249768
0.2355 0.250192
0.2365 0.250548
0.2375 0.251072
0.2385 0.251633
0.2395 0.251877
0.2405 0.252175
0.2415 0.252794
0.2425 0.254762
0.2435 0.260145
0.2445 0.273658
0.2455 0.304897
0.2465 0.368231
0.2475 0.480077
0.2485 0.607279
0.2495 0.666299
0.2505 0.701274
0.2515 0.731429
0.2525 0.771787
0.2535 0.77389
0.2545 0.738695
0.2555 0.735117
0.2565 0.749494
0.2575 0.772574
0.2585 0.766088
0.2595 0.740607
0.2605 0.735699
0.2615 0.749444
0.2625 0.765084
0.2635 0.755355
0.2645 0.736785
0.2655 0.733135
0.2665 0.748607
0.2675 0.761282
0.2685 0.748507
0.2695 0.7333
0.2705 0.737034
0.2715 0.748693
0.2725 0.755461
0.2735 0.745601
0.2745 0.736231
0.2755 0.741307
0.2765 0.751084
0.2775 0.75498
0.2785 0.748274
0.2795 0.74286
0.2805 0.747005
0.2815 0.754714
0.2825 0.757217
0.2835 0.751114
0.2845 0.746293
0.2855 0.74955
0.2865 0.756021
0.2875 0.758318
0.2885 0.754087
0.2895 0.750896
0.2905 0.75405
0.2915 0.760002
0.2925 0.762694
0.2935 0.757713
0.2945 0.752974
0.2955 0.754739
0.2965 0.758679
0.2975 0.760055
0.2985 0.752852
0.2995 0.745047
0.3005 0.745294
0.3015 0.748032
0.3025 0.749158
0.3035 0.743506
0.3045 0.737936
0.3055 0.739707
0.3065 0.744083
0.3075 0.746632
0.3085 0.745263
0.3095 0.742808
0.3105 0.743477
0.3115 0.747377
0.3125 0.749971
0.3135 0.748342
0.3145 0.745486
0.3155 0.746055
0.3165 0.750287
0.3175 0.753172
0.3185 0.751471
0.3195 0.748023
0.3205 0.747567
0.3215 0.752509
0.3225 0.756155
0.3235 0.753648
0.3245 0.749229
0.3255 0.748417
0.3265 0.754918
0.3275 0.759792
0.3285 0.755805
0.3295 0.749796
0.3305 0.749573
0.3315 0.756113
0.3325 0.760664
0.3335 0.75347
0.3345 0.744844
0.3355 0.746223
0.3365 0.754508
0.3375 0.757535
0.3385 0.748442
0.3395 0.740837
0.3405 0.742524
0.3415 0.754746
0.3425 0.757256
0.3435 0.745546
0.3445 0.738494
0.3455 0.740469
0.3465 0.758315
0.3475 0.757328
0.3485 0.737278
0.3495 0.722527
0.3505 0.70548
0.3515 0.676206
0.3525 0.612461
0.3535 0.556318
0.3545 0.524651
0.3555 0.509092
0.3565 0.502266
0.3575 0.499253
0.3585 0.498003
0.3595 0.497696
0.3605 0.497659
0.3615 0.49762
0.3625 0.497575
0.3635 0.497721
0.3645 0.498311
0.3655 0.49906
0.3665 0.499501
0.3675 0.499868
0.3685 0.500264
0.3695 0.501025
0.3705 0.501702
0.3715 0.501875
0.3725 0.501891
0.3735 0.501874
0.3745 0.50186
0.3755 0.501766
0.3765 0.501292
0.3775 0.500787
0.3785 0.500684
0.3795 0.500716
0.3805 0.500775
0.3815 0.500799
0.3825 0.500835
0.3835 0.500927
0.3845 0.501042
0.3855 0.501102
0.3865 0.501129
0.3875 0.501152
0.3885 0.501219
0.3895 0.501292
0.3905 0.501282
0.3915 0.501112
0.3925 0.500916
0.3935 0.500841
0.3945 0.500779
0.3955 0.500682
0.3965 0.500365
0.3975 0.500057
0.3985 0.499902
0.3995 0.49973
0.4005 0.499546
0.4015 0.499063
0.4025 0.498581
0.4035 0.498409
0.4045 0.498267
0.4055 0.498117
0.4065 0.498018
0.4075 0.497977
0.4085 0.498019
0.4095 0.498149
0.4105 0.498376
0.4115 0.498625
0.4125 0.49886
0.4135 0.49919
0.4145 0.499562
0.4155 0.49985
0.4165 0.500112
0.4175 0.500291
0.4185 0.500564
0.4195 0.50079
0.4205 0.500859
0.4215 0.500867
0.4225 0.500836
0.4235 0.500769
0.4245 0.50068
0.4255 0.50061
0.4265 0.500524
0.4275 0.500421
0.4285 0.500343
0.4295 0.500213
0.4305 0.500085
0.4315 0.500037
0.4325 0.500017
0.4335 0.500029
0.4345 0.500065
0.4355 0.500149
0.4365 0.500246
0.4375 0.500372
0.4385 0.500486
0.4395 0.500532
0.4405 0.500563
0.4415 0.500587
0.4425 0.500613
0.4435 0.500629
0.4445 0.500629
0.4455 0.500614
0.4465 0.500584
0.4475 0.500539
0.4485 0.500485
0.4495 0.500411
0.4505 0.500201
0.4515 0.499992
0.4525 0.499865
0.4535 0.499714
0.4545 0.499607
0.4555 0.499432
0.4565 0.499288
0.4575 0.499257
0.4585 0.499279
0.4595 0.499333
0.4605 0.499439
0.4615 0.499537
0.4625 0.499596
0.4635 0.499717
0.4645 0.499827
0.4655 0.499864
0.4665 0.49988
0.4675 0.49988
0.4685 0.499864
0.4695 0.499836
0.4705 0.499792
0.4715 0.499731
0.4725 0.499629
0.4735 0.499509
0.4745 0.499429
0.4755 0.499289
0.4765 0.49914
0.4775 0.499072
0.4785 0.499026
0.4795 0.499016
0.4805 0.499046
0.4815 0.499122
0.4825 0.499251
0.4835 0.499449
0.4845 0.499751
0.4855 0.500082
0.4865 0.500345
0.4875 0.500735
0.4885 0.501094
0.4895 0.501327
0.4905 0.50152
0.4915 0.501626
0.4925 0.501696
0.4935 0.501722
0.4945 0.501709
0.4955 0.501667
0.4965 0.501578
0.4975 0.501465
0.4985 0.501314
0.4995 0.501116
0.5005 0.500883
0.5015 0.500706
0.5025 0.500594
0.5035 0.500413
0.5045 0.500188
0.5055 0.499883
0.5065 0.499578
0.5075 0.499362
0.5085 0.499189
0.5095 0.499077
0.5105 0.498995
0.5115 0.498953
0.5125 0.49894
0.5135 0.498953
0.5145 0.498987
0.5155 0.499084
0.5165 0.499177
0.5175 0.499203
0.5185 0.499199
0.5195 0.499159
0.5205 0.499076
0.5215 0.498956
0.5225 0.498687
0.5235 0.49841
0.5245 0.498279
0.5255 0.498186
0.5265 0.498151
0.5275 0.498173
0.5285 0.498257
0.5295 0.498414
0.5305 0.498653
0.5315 0.499021
0.5325 0.499577
0.5335 0.500137
0.5345 0.500566
0.5355 0.50118
0.5365 0.50171
0.5375 0.501976
0.5385 0.502167
0.5395 0.502257
0.5405 0.502239
0.5415 0.501989
0.5425 0.501097
0.5435 0.498461
0.5445 0.491452
0.5455 0.475497
0.5465 0.443754
0.5475 0.387992
0.5485 0.324576
0.5495 0.295136
0.5505 0.277694
0.5515 0.262747
0.5525 0.242976
0.5535 0.242339
0.5545 0.260047
0.5555 0.261744
0.5565 0.254382
0.5575 0.242729
0.5585 0.245857
0.5595 0.257865
0.5605 0.259322
0.5615 0.251033
0.5625 0.241937
0.5635 0.246166
0.5645 0.254173
0.5655 0.254526
0.5665 0.245623
0.5675 0.238596
0.5685 0.244566
0.5695 0.251603
0.5705 0.249135
0.5715 0.24333
0.5725 0.240415
0.5735 0.245875
0.5745 0.25097
0.5755 0.248981
0.5765 0.245092
0.5775 0.24451
0.5785 0.248962
0.5795 0.252405
0.5805 0.251064
0.5815 0.248173
0.5825 0.248191
0.5835 0.251833
0.5845 0.254507
0.5855 0.253473
0.5865 0.251285
0.5875 0.251647
0.5885 0.254822
0.5895 0.257117
0.5905 0.256416
0.5915 0.254729
0.5925 0.254981
0.5935 0.257084
0.5945 0.258175
0.5955 0.256621
0.5965 0.253991
0.5975 0.252676
0.5985 0.25274
0.5995 0.252196
0.6005 0.248839
0.6015 0.244751
0.6025 0.243438
0.6035 0.243753
0.6045 0.244062
0.6055 0.2425
0.6065 0.241004
0.6075 0.241843
0.6085 0.243781
0.6095 0.245206
0.6105 0.245447
0.6115 0.245544
0.6125 0.246591
0.6135 0.248181
0.6145 0.249001
0.6155 0.248445
0.6165 0.248063
0.6175 0.249157
0.6185 0.250747
0.6195 0.251419
0.6205 0.25135
0.6215 0.251374
0.6225 0.252658
0.6235 0.254027
0.6245 0.254159
0.6255 0.254029
0.6265 0.254107
0.6275 0.25444
0.6285 0.254632
0.6295 0.254427
0.6305 0.254071
0.6315 0.253928
0.6325 0.253948
0.6335 0.253755
0.6345 0.252702
0.6355 0.251438
0.6365 0.250789
0.6375 0.250313
0.6385 0.249621
0.6395 0.248909
0.6405 0.248533
0.6415 0.248212
0.6425 0.247796
0.6435 0.247379
0.6445 0.247251
0.6455 0.247439
0.6465 0.247763
0.6475 0.24787
0.6485 0.247579
0.6495 0.247338
0.6505 0.247454
0.6515 0.247691
0.6525 0.247777
0.6535 0.247736
0.6545 0.24785
0.6555 0.248163
0.6565 0.248261
0.6575 0.247828
0.6585 0.247228
0.6595 0.247128
0.6605 0.247747
0.6615 0.248234
0.6625 0.24805
0.6635 0.247739
0.6645 0.247998
0.6655 0.249232
0.6665 0.250235
0.6675 0.250308
0.6685 0.250195
0.6695 0.250614
0.6705 0.251521
0.6715 0.252126
0.6725 0.251999
0.6735 0.251802
0.6745 0.252408
0.6755 0.253486
0.6765 0.25378
0.6775 0.252058
0.6785 0.250664
0.6795 0.251314
0.6805 0.252351
0.6815 0.252032
0.6825 0.250398
0.6835 0.249503
0.6845 0.251721
0.6855 0.254246
0.6865 0.253339
0.6875 0.251181
0.6885 0.250358
0.6895 0.251991
0.6905 0.253114
0.6915 0.251462
0.6925 0.248776
0.6935 0.247999
0.6945 0.249503
0.6955 0.250335
0.6965 0.248372
0.6975 0.245551
0.6985 0.245359
0.6995 0.247848
0.7005 0.249256
0.7015 0.247091
0.7025 0.243878
0.7035 0.244095
0.7045 0.24783
0.7055 0.25018
0.7065 0.247869
0.7075 0.244117
0.7085 0.244666
0.7095 0.249621
0.7105 0.252756
0.7115 0.249992
0.7125 0.24551
0.7135 0.246398
0.7145 0.252438
0.7155 0.25589
0.7165 0.251998
0.7175 0.24626
0.7185 0.247319
0.7195 0.254378
0.7205 0.258118
0.7215 0.252502
0.7225 0.244954
0.7235 0.24699
0.7245 0.255769
0.7255 0.260439
0.7265 0.251423
0.7275 0.241359
0.7285 0.247065
0.7295 0.2585
0.7305 0.26312
0.7315 0.248093
0.7325 0.235037
0.7335 0.248143
0.7345 0.264502
0.7355 0.262123
0.7365 0.244465
0.7375 0.234904
0.7385 0.251473
0.7395 0.266408
0.7405 0.262326
0.7415 0.237384
0.7425 0.230519
0.7435 0.253369
0.7445 0.267682
0.7455 0.264052
0.7465 0.228684
0.7475 0.230204
0.7485 0.270112
0.7495 0.30015
0.7505 0.335109
0.7515 0.394022
0.7525 0.520849
0.7535 0.632378
0.7545 0.69573
0.7555 0.727131
0.7565 0.740971
0.7575 0.746358
0.7585 0.748261
0.7595 0.748972
0.7605 0.749439
0.7615 0.749822
0.7625 0.750096
0.7635 0.75035
0.7645 0.750516
0.7655 0.750651
0.7665 0.750726
0.7675 0.75077
0.7685 0.750782
0.7695 0.750765
0.7705 0.750732
0.7715 0.750656
0.7725 0.750585
0.7735 0.750554
0.7745 0.750534
0.7755 0.750529
0.7765 0.750542
0.7775 0.750575
0.7785 0.750621
0.7795 0.750714
0.7805 0.750801
0.7815 0.750844
0.7825 0.750875
0.7835 0.75089
0.7845 0.750892
0.7855 0.75088
0.7865 0.750854
0.7875 0.750813
0.7885 0.750747
0.7895 0.750661
0.7905 0.750539
0.7915 0.750385
0.7925 0.750203
0.7935 0.750014
0.7945 0.749847
0.7955 0.749704
0.7965 0.749513
0.7975 0.749289
0.7985 0.749124
0.7995 0.749002
0.8005 0.748927
0.8015 0.748881
0.8025 0.748867
0.8035 0.748892
0.8045 0.748955
0.8055 0.749076
0.8065 0.749236
0.8075 0.749544
0.8085 0.749869
0.8095 0.750063
0.8105 0.750218
0.8115 0.750302
0.8125 0.750349
0.8135 0.750358
0.8145 0.750334
0.8155 0.750284
0.8165 0.750149
0.8175 0.750018
0.8185 0.749971
0.8195 0.74995
0.8205 0.74996
0.8215 0.750001
0.8225 0.750094
0.8235 0.750213
0.8245 0.750414
0.8255 0.750617
0.8265 0.750728
0.8275 0.750874
0.8285 0.750979
0.8295 0.751026
0.8305 0.751032
0.8315 0.750995
0.8325 0.750918
0.8335 0.750801
0.8345 0.75058
0.8355 0.750301
0.8365 0.749922
0.8375 0.749476
0.8385 0.749105
0.8395 0.74874
0.8405 0.748179
0.8415 0.747429
0.8425 0.746257
0.8435 0.743464
0.8445 0.736589
0.8455 0.720878
0.8465 0.689246
0.8475 0.633549
0.8485 0.570241
0.8495 0.540939
0.8505 0.52367
0.8515 0.508891
0.8525 0.489261
0.8535 0.488748
0.8545 0.506727
0.8555 0.508806
0.8565 0.501772
0.8575 0.490576
0.8585 0.494312
0.8595 0.507034
0.8605 0.509211
0.8615 0.501857
0.8625 0.493634
0.8635 0.498357
0.8645 0.507145
0.8655 0.508274
0.8665 0.500062
0.8675 0.493519
0.8685 0.500013
0.8695 0.507549
0.8705 0.505318
0.8715 0.499705
0.8725 0.496952
0.8735 0.502191
0.8745 0.506911
0.8755 0.504708
0.8765 0.500479
0.8775 0.499632
0.8785 0.503439
0.8795 0.506205
0.8805 0.50421
0.8815 0.500396
0.8825 0.499496
0.8835 0.50195
0.8845 0.503407
0.8855 0.50108
0.8865 0.497402
0.8875 0.496349
0.8885 0.498074
0.8895 0.499
0.8905 0.496756
0.8915 0.493594
0.8925 0.493153
0.8935 0.494977
0.8945 0.496123
0.8955 0.494958
0.8965 0.493148
0.8975 0.493156
0.8985 0.495103
0.8995 0.496556
0.9005 0.496201
0.9015 0.495366
0.9025 0.49585
0.9035 0.497904
0.9045 0.499494
0.9055 0.499597
0.9065 0.499401
0.9075 0.500255
0.9085 0.501977
0.9095 0.503119
0.9105 0.502966
0.9115 0.502501
0.9125 0.502949
0.9135 0.504059
0.9145 0.504589
0.9155 0.503199
0.9165 0.501862
0.9175 0.502215
0.9185 0.50292
0.9195 0.503039
0.9205 0.502572
0.9215 0.502392
0.9225 0.503232
0.9235 0.504327
0.9245 0.504492
0.9255 0.504134
0.9265 0.503943
0.9275 0.504156
0.9285 0.50425
0.9295 0.503784
0.9305 0.502686
0.9315 0.501774
0.9325 0.50115
0.9335 0.500415
0.9345 0.4992
0.9355 0.497708
0.9365 0.496939
0.9375 0.49666
0.9385 0.496476
0.9395 0.4959
0.9405 0.495157
0.9415 0.494892
0.9425 0.495484
0.9435 0.496
0.9445 0.495702
0.9455 0.495178
0.9465 0.495117
0.9475 0.495884
0.9485 0.49644
0.9495 0.495997
0.9505 0.495059
0.9515 0.49451
0.9525 0.494762
0.9535 0.495166
0.9545 0.494949
0.9555 0.49439
0.9565 0.494224
0.9575 0.494793
0.9585 0.49566
0.9595 0.496259
0.9605 0.496693
0.9615 0.497433
0.9625 0.49977
0.9635 0.502322
0.9645 0.50365
0.9655 0.505682
0.9665 0.520387
0.9675 0.697537
0.9685 2.75999
0.9695 24.7718
0.9705 239.303
0.9715 2153.68
0.9725 17837.8
0.9735 136091
0.9745 958242
0.9755 6.23795e+06
0.9765 3.75993e+07
0.9775 2.10104e+08
0.9785 1.0896e+09
0.9795 5.24863e+09
0.9805 2.35006e+10
0.9815 9.78592e+10
0.9825 3.79137e+11
0.9835 1.36706e+12
0.9845 4.58819e+12
0.9855 1.43333e+13
0.9865 4.16667e+13
0.9875 1.12645e+14
0.9885 2.82924e+14
0.9895 6.59223e+14
0.9905 1.42252e+15
0.9915 2.83864e+15
0.9925 5.23687e+15
0.9935 8.95522e+15
0.9945 1.50175e+16
0.9955 2.34773e+16
0.9965 3.73518e+16
0.9975 5.51932e+16
0.9985 8.03625e+16
0.9995 1.01094e+17

# time= 0.9996
0.0005 3.75723e+43
0.0015 -1.26411e+39
0.0025 4.25309e+34
0.0035 -1.43095e+30
0.0045 4.81439e+25
0.0055 -1.62188e+21
0.0065 -1.23482e+18
0.0075 -7.52698e+17
0.0085 -4.52139e+17
0.0095 -2.48648e+17
0.0105 -1.26655e+17
0.0115 -5.89077e+16
0.0125 -2.48287e+16
0.0135 -9.33477e+15
0.0145 -2.9933e+15
0.0155 -7.00963e+14
0.0165 -1.13865e+13
0.0175 1.27163e+14
0.0185 1.04163e+14
0.0195 6.12697e+13
0.0205 3.75703e+13
0.0215 2.03934e+13
0.0225 1.03512e+13
0.0235 4.93021e+12
0.0245 2.23298e+12
0.0255 9.6877e+11
0.0265 4.04249e+11
0.0275 1.62591e+11
0.0285 6.31052e+10
0.0295 2.36498e+10
0.0305 8.56128e+09
0.0315 2.99423e+09
0.0325 1.01185e+09
0.0335 3.30419e+08
0.0345 1.04267e+08
0.0355 3.17953e+07
0.0365 9.36944e+06
0.0375 2.66801e+06
0.0385 734121
0.0395 195179
0.0405 50136.8
0.0415 12442.9
0.0425 2983.65
0.0435 691.64
0.0445 155.447
0.0455 34.3551
0.0465 7.96085
0.0475 2.40668
0.0485 1.27511
0.0495 1.05198
0.0505 1.01272
0.0515 1.00884
0.0525 1.00737
0.0535 1.00338
0.0545 1.00102
0.0555 1.00337
0.0565 1.00669
0.0575 1.00561
0.0585 1.00154
0.0595 0.999145
0.0605 1.00307
0.0615 1.00721
0.0625 1.00522
0.0635 1.00145
0.0645 0.999638
0.0655 1.00102
0.0665 1.00211
0.0675 1.0005
0.0685 0.998022
0.0695 0.997369
0.0705 0.998634
0.0715 0.99929
0.0725 0.997161
0.0735 0.994488
0.0745 0.994797
0.0755 0.996861
0.0765 0.998077
0.0775 0.996425
0.0785 0.994326
0.0795 0.995074
0.0805 0.997197
0.0815 0.998446
0.0825 0.997129
0.0835 0.99547
0.0845 0.996149
0.0855 0.997737
0.0865 0.998646
0.0875 0.997674
0.0885 0.996695
0.0895 0.997428
0.0905 0.998797
0.0915 0.999709
0.0925 0.999836
0.0935 0.999978
0.0945 1.00084
0.0955 1.0021
0.0965 1.00294
0.0975 1.0031
0.0985 1.00316
0.0995 1.00369
0.1005 1.0044
0.1015 1.00463
0.1025 1.00425
0.1035 1.00389
0.1045 1.00401
0.1055 1.00406
0.1065 1.00353
0.1075 1.00268
0.1085 1.00214
0.1095 1.00236
0.1105 1.00265
0.1115 1.00216
0.1125 1.00106
0.1135 1.00019
0.1145 0.999898
0.1155 0.999748
0.1165 0.999388
0.1175 0.998898
0.1185 0.998601
0.1195 0.998535
0.1205 0.998467
0.1215 0.998025
0.1225 0.997683
0.1235 0.997894
0.1245 0.998569
0.1255 0.999128
0.1265 0.999411
0.1275 0.999697
0.1285 1.00017
0.1295 1.00083
0.1305 1.00128
0.1315 1.00139
0.1325 1.00135
0.1335 1.0014
0.1345 1.00151
0.1355 1.00138
0.1365 1.00046
0.1375 0.999397
0.1385 0.99908
0.1395 0.998994
0.1405 0.998858
0.1415 0.998144
0.1425 0.997401
0.1435 0.997275
0.1445 0.997417
0.1455 0.997586
0.1465 0.997632
0.1475 0.997694
0.1485 0.997817
0.1495 0.998123
0.1505 0.998453
0.1515 0.998689
0.1525 0.998996
0.1535 0.999696
0.1545 1.00042
0.1555 1.00084
0.1565 1.00137
0.1575 1.00196
0.1585 1.00253
0.1595 1.00287
0.1605 1.00296
0.1615 1.00287
0.1625 1.00284
0.1635 1.00293
0.1645 1.00295
0.1655 1.00279
0.1665 1.00223
0.1675 1.00161
0.1685 1.00111
0.1695 1.0006
0.1705 0.999779
0.1715 0.99888
0.1725 0.998575
0.1735 0.998359
0.1745 0.998173
0.1755 0.997829
0.1765 0.997441
0.1775 0.997374
0.1785 0.997685
0.1795 0.998059
0.1805 0.998191
0.1815 0.998324
0.1825 0.998557
0.1835 0.998878
0.1845 0.999097
0.1855 0.99919
0.1865 0.999358
0.1875 0.999838
0.1885 1.00046
0.1895 1.00081
0.1905 1.00088
0.1915 1.00098
0.1925 1.00141
0.1935 1.00204
0.1945 1.00251
0.1955 1.0027
0.1965 1.00282
0.1975 1.00321
0.1985 1.0036
0.1995 1.00355
0.2005 1.00319
0.2015 1.00289
0.2025 1.00283
0.2035 1.00267
0.2045 1.00215
0.2055 1.00133
0.2065 1.00072
0.2075 1.00043
0.2085 1.00016
0.2095 0.999568
0.2105 0.998784
0.2115 0.998405
0.2125 0.998899
0.2135 0.999426
0.2145 0.998996
0.2155 0.998212
0.2165 0.997878
0.2175 0.998555
0.2185 0.999042
0.2195 0.99835
0.2205 0.997203
0.2215 0.996749
0.2225 0.997715
0.2235 0.998478
0.2245 0.997837
0.2255 0.996789
0.2265 0.996633
0.2275 0.997995
0.2285 0.999083
0.2295 0.998761
0.2305 0.998123
0.2315 0.998434
0.2325 0.999654
0.2335 1.00045
0.2345 0.999851
0.2355 0.99913
0.2365 1.0001
0.2375 1.00208
0.2385 1.00317
0.2395 1.00128
0.2405 0.999519
0.2415 1.00085
0.2425 1.00304
0.2435 1.00374
0.2445 1.00232
0.2455 1.00134
0.2465 1.00262
0.2475 1.0046
0.2485 1.00472
0.2495 1.00296
0.2505 1.00196
0.2515 1.00349
0.2525 1.00561
0.2535 1.00509
0.2545 1.00235
0.2555 1.00079
0.2565 1.00269
0.2575 1.0051
0.2585 1.0036
0.2595 0.999604
0.2605 0.997402
0.2615 0.999864
0.2625 1.00284
0.2635 1.00059
0.2645 0.995604
0.2655 0.993033
0.2665 0.996907
0.2675 1.0012
0.2685 0.998271
0.2695 0.99247
0.2705 0.989836
0.2715 0.996098
0.2725 1.00218
0.2735 0.998314
0.2745 0.991661
0.2755 0.989534
0.2765 0.99856
0.2775 1.00599
0.2785 1.00094
0.2795 0.993472
0.2805 0.993719
0.2815 1.00347
0.2825 1.01024
0.2835 1.00318
0.2845 0.99363
0.2855 0.996099
0.2865 1.00816
0.2875 1.01523
0.2885 1.0048
0.2895 0.994248
0.2905 0.998266
0.2915 1.01347
0.2925 1.01635
0.2935 0.997419
0.2945 0.977826
0.2955 0.963723
0.2965 0.953114
0.2975 0.900561
0.2985 0.821662
0.2995 0.770945
0.3005 0.727537
0.3015 0.677215
0.3025 0.598977
0.3035 0.546454
0.3045 0.536081
0.3055 0.522257
0.3065 0.502812
0.3075 0.484134
0.3085 0.487346
0.3095 0.502717
0.3105 0.506787
0.3115 0.496315
0.3125 0.485647
0.3135 0.492514
0.3145 0.504501
0.3155 0.507038
0.3165 0.497445
0.3175 0.490266
0.3185 0.497046
0.3195 0.506664
0.3205 0.506531
0.3215 0.49872
0.3225 0.493452
0.3235 0.500583
0.3245 0.509404
0.3255 0.507321
0.3265 0.500709
0.3275 0.496891
0.3285 0.503051
0.3295 0.509395
0.3305 0.50681
0.3315 0.501066
0.3325 0.498196
0.3335 0.502377
0.3345 0.506099
0.3355 0.503512
0.3365 0.498553
0.3375 0.496386
0.3385 0.499609
0.3395 0.502342
0.3405 0.500386
0.3415 0.496744
0.3425 0.495618
0.3435 0.498512
0.3445 0.50082
0.3455 0.499537
0.3465 0.497061
0.3475 0.496761
0.3485 0.499004
0.3495 0.500602
0.3505 0.499606
0.3515 0.497749
0.3525 0.497699
0.3535 0.499442
0.3545 0.500463
0.3555 0.499046
0.3565 0.497109
0.3575 0.497478
0.3585 0.499334
0.3595 0.500378
0.3605 0.498166
0.3615 0.495886
0.3625 0.496783
0.3635 0.498585
0.3645 0.499423
0.3655 0.498694
0.3665 0.498127
0.3675 0.498927
0.3685 0.500185
0.3695 0.500549
0.3705 0.499955
0.3715 0.49965
0.3725 0.500743
0.3735 0.5021
0.3745 0.501937
0.3755 0.500915
0.3765 0.50034
0.3775 0.501218
0.3785 0.502347
0.3795 0.502078
0.3805 0.501132
0.3815 0.500597
0.3825 0.50147
0.3835 0.502473
0.3845 0.502142
0.3855 0.501351
0.3865 0.500876
0.3875 0.50131
0.3885 0.501789
0.3895 0.501459
0.3905 0.500855
0.3915 0.500509
0.3925 0.500749
0.3935 0.500979
0.3945 0.500705
0.3955 0.50024
0.3965 0.499957
0.3975 0.499942
0.3985 0.499919
0.3995 0.499655
0.4005 0.49928
0.4015 0.499072
0.4025 0.499067
0.4035 0.499058
0.4045 0.498747
0.4055 0.498421
0.4065 0.4985
0.4075 0.498752
0.4085 0.498882
0.4095 0.498529
0.4105 0.498157
0.4115 0.498329
0.4125 0.498757
0.4135 0.499079
0.4145 0.499141
0.4155 0.499142
0.4165 0.499284
0.4175 0.499525
0.4185 0.499701
0.4195 0.499784
0.4205 0.499876
0.4215 0.500203
0.4225 0.500555
0.4235 0.500608
0.4245 0.500554
0.4255 0.500529
0.4265 0.500632
0.4275 0.500773
0.4285 0.500801
0.4295 0.500726
0.4305 0.500668
0.4315 0.500705
0.4325 0.500756
0.4335 0.500726
0.4345 0.500622
0.4355 0.500538
0.4365 0.500513
0.4375 0.500501
0.4385 0.500468
0.4395 0.500424
0.4405 0.500407
0.4415 0.500458
0.4425 0.500503
0.4435 0.500467
0.4445 0.500278
0.4455 0.500073
0.4465 0.500012
0.4475 0.5
0.4485 0.500031
0.4495 0.500151
0.4505 0.500271
0.4515 0.500306
0.4525 0.500302
0.4535 0.500248
0.4545 0.500141
0.4555 0.499852
0.4565 0.499594
0.4575 0.499534
0.4585 0.499535
0.4595 0.499548
0.4605 0.499529
0.4615 0.499482
0.4625 0.499447
0.4635 0.499433
0.4645 0.499406
0.4655 0.49932
0.4665 0.499215
0.4675 0.499186
0.4685 0.499254
0.4695 0.499307
0.4705 0.499258
0.4715 0.499192
0.4725 0.499224
0.4735 0.499347
0.4745 0.499431
0.4755 0.499395
0.4765 0.499326
0.4775 0.49936
0.4785 0.499654
0.4795 0.499925
0.4805 0.499987
0.4815 0.500039
0.4825 0.500189
0.4835 0.500403
0.4845 0.500522
0.4855 0.500504
0.4865 0.500554
0.4875 0.500869
0.4885 0.501297
0.4895 0.501483
0.4905 0.501167
0.4915 0.500876
0.4925 0.501033
0.4935 0.501319
0.4945 0.501442
0.4955 0.501262
0.4965 0.501096
0.4975 0.50116
0.4985 0.501238
0.4995 0.501097
0.5005 0.500782
0.5015 0.500562
0.5025 0.500601
0.5035 0.500637
0.5045 0.500339
0.5055 0.499845
0.5065 0.499535
0.5075 0.499679
0.5085 0.499829
0.5095 0.499442
0.5105 0.498801
0.5115 0.49844
0.5125 0.498864
0.5135 0.499249
0.5145 0.498749
0.5155 0.497932
0.5165 0.497576
0.5175 0.498519
0.5185 0.499328
0.5195 0.498763
0.5205 0.497785
0.5215 0.497486
0.5225 0.498642
0.5235 0.499558
0.5245 0.498993
0.5255 0.49799
0.5265 0.497848
0.5275 0.499147
0.5285 0.500172
0.5295 0.499834
0.5305 0.499193
0.5315 0.499511
0.5325 0.500737
0.5335 0.501526
0.5345 0.500934
0.5355 0.500198
0.5365 0.50109
0.5375 0.502957
0.5385 0.503917
0.5395 0.501752
0.5405 0.499656
0.5415 0.500768
0.5425 0.502697
0.5435 0.503132
0.5445 0.50125
0.5455 0.499871
0.5465 0.50092
0.5475 0.502683
0.5485 0.502645
0.5495 0.500792
0.5505 0.499791
0.5515 0.501375
0.5525 0.503595
0.5535 0.503267
0.5545 0.500764
0.5555 0.499456
0.5565 0.501733
0.5575 0.504585
0.5585 0.503415
0.5595 0.499721
0.5605 0.497705
0.5615 0.500375
0.5625 0.503503
0.5635 0.501229
0.5645 0.496216
0.5655 0.493624
0.5665 0.497404
0.5675 0.501638
0.5685 0.498764
0.5695 0.493012
0.5705 0.490418
0.5715 0.496743
0.5725 0.502882
0.5735 0.499051
0.5745 0.49242
0.5755 0.490303
0.5765 0.499203
0.5775 0.506467
0.5785 0.501283
0.5795 0.493626
0.5805 0.493686
0.5815 0.503343
0.5825 0.5101
0.5835 0.503037
0.5845 0.493526
0.5855 0.496012
0.5865 0.508006
0.5875 0.514969
0.5885 0.50435
0.5895 0.493618
0.5905 0.497519
0.5915 0.512627
0.5925 0.515405
0.5935 0.496441
0.5945 0.476889
0.5955 0.462839
0.5965 0.452328
0.5975 0.399817
0.5985 0.321325
0.5995 0.270942
0.6005 0.227537
0.6015 0.177306
0.6025 0.0990344
0.6035 0.0464951
0.6045 0.0360855
0.6055 0.0221578
0.6065 0.00269215
0.6075 -0.0161302
0.6085 -0.0131807
0.6095 0.00219134
0.6105 0.00643551
0.6115 -0.00404773
0.6125 -0.0145914
0.6135 -0.0075455
0.6145 0.00453928
0.6155 0.00702367
0.6165 -0.00250103
0.6175 -0.0095546
0.6185 -0.00281424
0.6195 0.00686537
0.6205 0.00702505
0.6215 -0.000644891
0.6225 -0.00589001
0.6235 0.00145569
0.6245 0.0103278
0.6255 0.00805898
0.6265 0.00130828
0.6275 -0.00261193
0.6285 0.00345186
0.6295 0.00974309
0.6305 0.00714429
0.6315 0.00140854
0.6325 -0.00143245
0.6335 0.00291263
0.6345 0.00679644
0.6355 0.00422129
0.6365 -0.000822985
0.6375 -0.00315247
0.6385 -8.38385e-05
0.6395 0.00253558
0.6405 0.000466282
0.6415 -0.00329361
0.6425 -0.00452579
0.6435 -0.00180916
0.6445 0.000333907
0.6455 -0.00107052
0.6465 -0.00369226
0.6475 -0.00413593
0.6485 -0.00202969
0.6495 -0.000529264
0.6505 -0.00157215
0.6515 -0.00342607
0.6525 -0.00342214
0.6535 -0.00158832
0.6545 -0.00046137
0.6555 -0.00168267
0.6565 -0.00339847
0.6575 -0.00291927
0.6585 -0.00095743
0.6595 0.000176745
0.6605 -0.00189399
0.6615 -0.00404609
0.6625 -0.00308658
0.6635 -0.00122793
0.6645 -0.000349562
0.6655 -0.00107369
0.6665 -0.00164363
0.6675 -0.00082754
0.6685 0.000466323
0.6695 0.000893779
0.6705 0.000382961
0.6715 0.000159036
0.6725 0.00141092
0.6735 0.00292762
0.6745 0.00280721
0.6755 0.0017968
0.6765 0.00117637
0.6775 0.00198585
0.6785 0.00298957
0.6795 0.0025427
0.6805 0.00145033
0.6815 0.000858962
0.6825 0.00161904
0.6835 0.00259827
0.6845 0.00238839
0.6855 0.00170213
0.6865 0.0013202
0.6875 0.00173032
0.6885 0.00208335
0.6895 0.00168478
0.6905 0.00091575
0.6915 0.000352499
0.6925 0.000113438
0.6935 -0.000129908
0.6945 -0.000694192
0.6955 -0.00146534
0.6965 -0.0019644
0.6975 -0.00213974
0.6985 -0.00223961
0.6995 -0.00257335
0.7005 -0.00298665
0.7015 -0.00312001
0.7025 -0.00291878
0.7035 -0.00271274
0.7045 -0.00275071
0.7055 -0.00273745
0.7065 -0.00244373
0.7075 -0.00197713
0.7085 -0.00166165
0.7095 -0.00164993
0.7105 -0.00165797
0.7115 -0.00136644
0.7125 -0.000770017
0.7135 -0.000297964
0.7145 -0.000122292
0.7155 -1.56361e-05
0.7165 0.0001997
0.7175 0.000503406
0.7185 0.00071613
0.7195 0.000843073
0.7205 0.000973042
0.7215 0.00136184
0.7225 0.00173438
0.7235 0.00173045
0.7245 0.00159603
0.7255 0.00150235
0.7265 0.00159452
0.7275 0.00168745
0.7285 0.00155386
0.7295 0.00130066
0.7305 0.00111695
0.7315 0.00108568
0.7325 0.00110328
0.7335 0.00104286
0.7345 0.000916328
0.7355 0.000852083
0.7365 0.000931601
0.7375 0.00104562
0.7385 0.001033
0.7395 0.000786893
0.7405 0.000480263
0.7415 0.000278869
0.7425 1.04577e-05
0.7435 -0.000376196
0.7445 -0.000833799
0.7455 -0.0011703
0.7465 -0.00143711
0.7475 -0.00163525
0.7485 -0.00192048
0.7495 -0.00215773
0.7505 -0.00221097
0.7515 -0.00218882
0.7525 -0.00211804
0.7535 -0.00200322
0.7545 -0.00183863
0.7555 -0.00169162
0.7565 -0.00141575
0.7575 -0.00108839
0.7585 -0.000865133
0.7595 -0.000561914
0.7605 -0.00021113
0.7615 3.16042e-05
0.7625 0.000161596
0.7635 0.000233324
0.7645 0.000283908
0.7655 0.000344083
0.7665 0.0004214
0.7675 0.000479522
0.7685 0.000502042
0.7695 0.000514377
0.7705 0.000540078
0.7715 0.000626451
0.7725 0.000708322
0.7735 0.000734236
0.7745 0.000743312
0.7755 0.00073684
0.7765 0.000709568
0.7775 0.000650277
0.7785 0.000461062
0.7795 0.000256084
0.7805 0.000163806
0.7815 9.751e-05
0.7825 6.14739e-05
0.7835 5.20061e-05
0.7845 7.60909e-05
0.7855 0.000137998
0.7865 0.000327686
0.7875 0.000525051
0.7885 0.000619806
0.7895 0.00068831
0.7905 0.000720131
0.7915 0.000718988
0.7925 0.000678676
0.7935 0.000595247
0.7945 0.000395533
0.7955 0.000158381
0.7965 1.1749e-05
0.7975 -0.000258451
0.7985 -0.000522937
0.7995 -0.000640375
0.8005 -0.000718877
0.8015 -0.000744954
0.8025 -0.000725268
0.8035 -0.000678066
0.8045 -0.000576551
0.8055 -0.000456367
0.8065 -0.000267565
0.8075 -5.37267e-05
0.8085 3.77412e-05
0.8095 0.000105067
0.8105 0.000165493
0.8115 0.000214052
0.8125 0.000227996
0.8135 0.000197157
0.8145 5.26545e-05
0.8155 -7.8178e-05
0.8165 -0.000100055
0.8175 -8.15588e-05
0.8185 -3.03705e-05
0.8195 3.03024e-05
0.8205 9.89561e-05
0.8215 0.000283539
0.8225 0.000478337
0.8235 0.000534097
0.8245 0.000540185
0.8255 0.000526068
0.8265 0.000520711
0.8275 0.000505144
0.8285 0.000441329
0.8295 0.000204604
0.8305 -3.52149e-05
0.8315 -0.000185741
0.8325 -0.000336495
0.8335 -0.000505551
0.8345 -0.000626549
0.8355 -0.000655541
0.8365 -0.000671793
0.8375 -0.000754193
0.8385 -0.000954933
0.8395 -0.00123808
0.8405 -0.00144462
0.8415 -0.0016024
0.8425 -0.00173497
0.8435 -0.00191765
0.8445 -0.00214636
0.8455 -0.00228677
0.8465 -0.00235537
0.8475 -0.00237571
0.8485 -0.00237212
0.8495 -0.00231844
0.8505 -0.00218945
0.8515 -0.00182648
0.8525 -0.00147236
0.8535 -0.00122749
0.8545 -0.000931901
0.8555 -0.000449739
0.8565 6.83282e-05
0.8575 0.000404099
0.8585 0.000743623
0.8595 0.000962706
0.8605 0.00132122
0.8615 0.001694
0.8625 0.00175855
0.8635 0.00162675
0.8645 0.00154226
0.8655 0.0016998
0.8665 0.00194448
0.8675 0.00201234
0.8685 0.00188082
0.8695 0.00183663
0.8705 0.00209699
0.8715 0.00249573
0.8725 0.00267763
0.8735 0.00243103
0.8745 0.00222043
0.8755 0.00238641
0.8765 0.00266
0.8775 0.00268949
0.8785 0.00198741
0.8795 0.0012457
0.8805 0.00101609
0.8815 0.000793801
0.8825 0.000390088
0.8835 -0.00018626
0.8845 -0.000593762
0.8855 -0.000778165
0.8865 -0.001096
0.8875 -0.00199098
0.8885 -0.00312666
0.8895 -0.00365659
0.8905 -0.00333196
0.8915 -0.00304268
0.8925 -0.00354275
0.8935 -0.00432516
0.8945 -0.00475786
0.8955 -0.00451573
0.8965 -0.00421041
0.8975 -0.00442765
0.8985 -0.00463717
0.8995 -0.00430874
0.9005 -0.00348454
0.9015 -0.00283916
0.9025 -0.002664
0.9035 -0.00239771
0.9045 -0.00151588
0.9055 -0.000248488
0.9065 0.00061221
0.9075 0.000741413
0.9085 0.000853777
0.9095 0.00175783
0.9105 0.00312273
0.9115 0.00386163
0.9125 0.002933
0.9135 0.00197449
0.9145 0.0028318
0.9155 0.00432715
0.9165 0.00490163
0.9175 0.00298843
0.9185 0.00143248
0.9195 0.00259253
0.9205 0.00465141
0.9215 0.00536807
0.9225 0.00325843
0.9235 0.00159984
0.9245 0.0028068
0.9255 0.00485906
0.9265 0.00516523
0.9275 0.0025542
0.9285 0.000486991
0.9295 0.00115179
0.9305 0.00240136
0.9315 0.00171305
0.9325 -0.00079384
0.9335 -0.00241187
0.9345 -0.00125607
0.9355 0.000177228
0.9365 -0.00167842
0.9375 -0.00550717
0.9385 -0.00752808
0.9395 -0.00338939
0.9405 0.000605008
0.9415 -0.00174284
0.9425 -0.00574942
0.9435 -0.00678055
0.9445 -0.00334205
0.9455 -0.000876458
0.9465 -0.00315006
0.9475 -0.00695093
0.9485 -0.00747004
0.9495 -0.00202473
0.9505 0.00621195
0.9515 0.028574
0.9525 0.160445
0.9535 0.862629
0.9545 4.34835
0.9555 21.0124
0.9565 97.9828
0.9575 441.254
0.9585 1919.25
0.9595 8063.59
0.9605 32728.7
0.9615 128344
0.9625 486295
0.9635 1.78045e+06
0.9645 6.29918e+06
0.9655 2.15365e+07
0.9665 7.11555e+07
0.9675 2.27187e+08
0.9685 7.00958e+08
0.9695 2.08985e+09
0.9705 6.0204e+09
0.9715 1.67563e+10
0.9725 4.50506e+10
0.9735 1.16968e+11
0.9745 2.93126e+11
0.9755 7.08339e+11
0.9765 1.64756e+12
0.9775 3.67609e+12
0.9785 7.81447e+12
0.9795 1.56608e+13
0.9805 2.9373e+13
0.9815 4.94891e+13
0.9825 8.41738e+13
0.9835 1.1508e+14
0.9845 4.75755e+13
0.9855 -3.86282e+14
0.9865 -1.92089e+15
0.9875 -6.28888e+15
0.9885 -1.71411e+16
0.9895 -4.13086e+16
0.9905 -8.998e+16
0.9915 -1.78912e+17
0.9925 -3.27443e+17
0.9935 -5.59665e+17
0.9945 -8.58216e+17
0.9955 -1.62122e+21
0.9965 4.81439e+25
0.9975 -1.43095e+30
0.9985 4.25309e+34
0.9995 -1.26411e+39
