
# time= 0
0.0005 1
0.0015 1
0.0025 1
0.0035 1
0.0045 1
0.0055 1
0.0065 1
0.0075 1
0.0085 1
0.0095 1
0.0105 1
0.0115 1
0.0125 1
0.0135 1
0.0145 1
0.0155 1
0.0165 1
0.0175 1
0.0185 1
0.0195 1
0.0205 1
0.0215 1
0.0225 1
0.0235 1
0.0245 1
0.0255 1
0.0265 1
0.0275 1
0.0285 1
0.0295 1
0.0305 1
0.0315 1
0.0325 1
0.0335 1
0.0345 1
0.0355 1
0.0365 1
0.0375 1
0.0385 1
0.0395 1
0.0405 1
0.0415 1
0.0425 1
0.0435 1
0.0445 1
0.0455 1
0.0465 1
0.0475 1
0.0485 1
0.0495 1
0.0505 1
0.0515 1
0.0525 1
0.0535 1
0.0545 1
0.0555 1
0.0565 1
0.0575 1
0.0585 1
0.0595 1
0.0605 1
0.0615 1
0.0625 1
0.0635 1
0.0645 1
0.0655 1
0.0665 1
0.0675 1
0.0685 1
0.0695 1
0.0705 1
0.0715 1
0.0725 1
0.0735 1
0.0745 1
0.0755 1
0.0765 1
0.0775 1
0.0785 1
0.0795 1
0.0805 1
0.0815 1
0.0825 1
0.0835 1
0.0845 1
0.0855 1
0.0865 1
0.0875 1
0.0885 1
0.0895 1
0.0905 1
0.0915 1
0.0925 1
0.0935 1
0.0945 1
0.0955 1
0.0965 1
0.0975 1
0.0985 1
0.0995 1
0.1005 1
0.1015 1
0.1025 1
0.1035 1
0.1045 1
0.1055 1
0.1065 1
0.1075 1
0.1085 1
0.1095 1
0.1105 1
0.1115 1
0.1125 1
0.1135 1
0.1145 1
0.1155 1
0.1165 1
0.1175 1
0.1185 1
0.1195 1
0.1205 1
0.1215 1
0.1225 1
0.1235 1
0.1245 1
0.1255 1
0.1265 1
0.1275 1
0.1285 1
0.1295 1
0.1305 1
0.1315 1
0.1325 1
0.1335 1
0.1345 1
0.1355 1
0.1365 1
0.1375 1
0.1385 1
0.1395 1
0.1405 1
0.1415 1
0.1425 1
0.1435 1
0.1445 1
0.1455 1
0.1465 1
0.1475 1
0.1485 1
0.1495 1
0.1505 1
0.1515 1
0.1525 1
0.1535 1
0.1545 1
0.1555 1
0.1565 1
0.1575 1
0.1585 1
0.1595 1
0.1605 1
0.1615 1
0.1625 1
0.1635 1
0.1645 1
0.1655 1
0.1665 1
0.1675 1
0.1685 1
0.1695 1
0.1705 1
0.1715 1
0.1725 1
0.1735 1
0.1745 1
0.1755 1
0.1765 1
0.1775 1
0.1785 1
0.1795 1
0.1805 1
0.1815 1
0.1825 1
0.1835 1
0.1845 1
0.1855 1
0.1865 1
0.1875 1
0.1885 1
0.1895 1
0.1905 1
0.1915 1
0.1925 1
0.1935 1
0.1945 1
0.1955 1
0.1965 1
0.1975 1
0.1985 1
0.1995 1
0.2005 1
0.2015 1
0.2025 1
0.2035 1
0.2045 1
0.2055 1
0.2065 1
0.2075 1
0.2085 1
0.2095 1
0.2105 1
0.2115 1
0.2125 1
0.2135 1
0.2145 1
0.2155 1
0.2165 1
0.2175 1
0.2185 1
0.2195 1
0.2205 1
0.2215 1
0.2225 1
0.2235 1
0.2245 1
0.2255 1
0.2265 1
0.2275 1
0.2285 1
0.2295 1
0.2305 1
0.2315 1
0.2325 1
0.2335 1
0.2345 1
0.2355 1
0.2365 1
0.2375 1
0.2385 1
0.2395 1
0.2405 1
0.2415 1
0.2425 1
0.2435 1
0.2445 1
0.2455 1
0.2465 1
0.2475 1
0.2485 1
0.2495 1
0.2505 1
0.2515 1
0.2525 1
0.2535 1
0.2545 1
0.2555 1
0.2565 1
0.2575 1
0.2585 1
0.2595 1
0.2605 1
0.2615 1
0.2625 1
0.2635 1
0.2645 1
0.2655 1
0.2665 1
0.2675 1
0.2685 1
0.2695 1
0.2705 1
0.2715 1
0.2725 1
0.2735 1
0.2745 1
0.2755 1
0.2765 1
0.2775 1
0.2785 1
0.2795 1
0.2805 1
0.2815 1
0.2825 1
0.2835 1
0.2845 1
0.2855 1
0.2865 1
0.2875 1
0.2885 1
0.2895 1
0.2905 1
0.2915 1
0.2925 1
0.2935 1
0.2945 1
0.2955 1
0.2965 1
0.2975 1
0.2985 1
0.2995 1
0.3005 0.5
0.3015 0.5
0.3025 0.5
0.3035 0.5
0.3045 0.5
0.3055 0.5
0.3065 0.5
0.3075 0.5
0.3085 0.5
0.3095 0.5
0.3105 0.5
0.3115 0.5
0.3125 0.5
0.3135 0.5
0.3145 0.5
0.3155 0.5
0.3165 0.5
0.3175 0.5
0.3185 0.5
0.3195 0.5
0.3205 0.5
0.3215 0.5
0.3225 0.5
0.3235 0.5
0.3245 0.5
0.3255 0.5
0.3265 0.5
0.3275 0.5
0.3285 0.5
0.3295 0.5
0.3305 0.5
0.3315 0.5
0.3325 0.5
0.3335 0.5
0.3345 0.5
0.3355 0.5
0.3365 0.5
0.3375 0.5
0.3385 0.5
0.3395 0.5
0.3405 0.5
0.3415 0.5
0.3425 0.5
0.3435 0.5
0.3445 0.5
0.3455 0.5
0.3465 0.5
0.3475 0.5
0.3485 0.5
0.3495 0.5
0.3505 0.5
0.3515 0.5
0.3525 0.5
0.3535 0.5
0.3545 0.5
0.3555 0.5
0.3565 0.5
0.3575 0.5
0.3585 0.5
0.3595 0.5
0.3605 0.5
0.3615 0.5
0.3625 0.5
0.3635 0.5
0.3645 0.5
0.3655 0.5
0.3665 0.5
0.3675 0.5
0.3685 0.5
0.3695 0.5
0.3705 0.5
0.3715 0.5
0.3725 0.5
0.3735 0.5
0.3745 0.5
0.3755 0.5
0.3765 0.5
0.3775 0.5
0.3785 0.5
0.3795 0.5
0.3805 0.5
0.3815 0.5
0.3825 0.5
0.3835 0.5
0.3845 0.5
0.3855 0.5
0.3865 0.5
0.3875 0.5
0.3885 0.5
0.3895 0.5
0.3905 0.5
0.3915 0.5
0.3925 0.5
0.3935 0.5
0.3945 0.5
0.3955 0.5
0.3965 0.5
0.3975 0.5
0.3985 0.5
0.3995 0.5
0.4005 0.5
0.4015 0.5
0.4025 0.5
0.4035 0.5
0.4045 0.5
0.4055 0.5
0.4065 0.5
0.4075 0.5
0.4085 0.5
0.4095 0.5
0.4105 0.5
0.4115 0.5
0.4125 0.5
0.4135 0.5
0.4145 0.5
0.4155 0.5
0.4165 0.5
0.4175 0.5
0.4185 0.5
0.4195 0.5
0.4205 0.5
0.4215 0.5
0.4225 0.5
0.4235 0.5
0.4245 0.5
0.4255 0.5
0.4265 0.5
0.4275 0.5
0.4285 0.5
0.4295 0.5
0.4305 0.5
0.4315 0.5
0.4325 0.5
0.4335 0.5
0.4345 0.5
0.4355 0.5
0.4365 0.5
0.4375 0.5
0.4385 0.5
0.4395 0.5
0.4405 0.5
0.4415 0.5
0.4425 0.5
0.4435 0.5
0.4445 0.5
0.4455 0.5
0.4465 0.5
0.4475 0.5
0.4485 0.5
0.4495 0.5
0.4505 0.5
0.4515 0.5
0.4525 0.5
0.4535 0.5
0.4545 0.5
0.4555 0.5
0.4565 0.5
0.4575 0.5
0.4585 0.5
0.4595 0.5
0.4605 0.5
0.4615 0.5
0.4625 0.5
0.4635 0.5
0.4645 0.5
0.4655 0.5
0.4665 0.5
0.4675 0.5
0.4685 0.5
0.4695 0.5
0.4705 0.5
0.4715 0.5
0.4725 0.5
0.4735 0.5
0.4745 0.5
0.4755 0.5
0.4765 0.5
0.4775 0.5
0.4785 0.5
0.4795 0.5
0.4805 0.5
0.4815 0.5
0.4825 0.5
0.4835 0.5
0.4845 0.5
0.4855 0.5
0.4865 0.5
0.4875 0.5
0.4885 0.5
0.4895 0.5
0.4905 0.5
0.4915 0.5
0.4925 0.5
0.4935 0.5
0.4945 0.5
0.4955 0.5
0.4965 0.5
0.4975 0.5
0.4985 0.5
0.4995 0.5
0.5005 0.5
0.5015 0.5
0.5025 0.5
0.5035 0.5
0.5045 0.5
0.5055 0.5
0.5065 0.5
0.5075 0.5
0.5085 0.5
0.5095 0.5
0.5105 0.5
0.5115 0.5
0.5125 0.5
0.5135 0.5
0.5145 0.5
0.5155 0.5
0.5165 0.5
0.5175 0.5
0.5185 0.5
0.5195 0.5
0.5205 0.5
0.5215 0.5
0.5225 0.5
0.5235 0.5
0.5245 0.5
0.5255 0.5
0.5265 0.5
0.5275 0.5
0.5285 0.5
0.5295 0.5
0.5305 0.5
0.5315 0.5
0.5325 0.5
0.5335 0.5
0.5345 0.5
0.5355 0.5
0.5365 0.5
0.5375 0.5
0.5385 0.5
0.5395 0.5
0.5405 0.5
0.5415 0.5
0.5425 0.5
0.5435 0.5
0.5445 0.5
0.5455 0.5
0.5465 0.5
0.5475 0.5
0.5485 0.5
0.5495 0.5
0.5505 0.5
0.5515 0.5
0.5525 0.5
0.5535 0.5
0.5545 0.5
0.5555 0.5
0.5565 0.5
0.5575 0.5
0.5585 0.5
0.5595 0.5
0.5605 0.5
0.5615 0.5
0.5625 0.5
0.5635 0.5
0.5645 0.5
0.5655 0.5
0.5665 0.5
0.5675 0.5
0.5685 0.5
0.5695 0.5
0.5705 0.5
0.5715 0.5
0.5725 0.5
0.5735 0.5
0.5745 0.5
0.5755 0.5
0.5765 0.5
0.5775 0.5
0.5785 0.5
0.5795 0.5
0.5805 0.5
0.5815 0.5
0.5825 0.5
0.5835 0.5
0.5845 0.5
0.5855 0.5
0.5865 0.5
0.5875 0.5
0.5885 0.5
0.5895 0.5
0.5905 0.5
0.5915 0.5
0.5925 0.5
0.5935 0.5
0.5945 0.5
0.5955 0.5
0.5965 0.5
0.5975 0.5
0.5985 0.5
0.5995 0.5
0.6005 0
0.6015 0
0.6025 0
0.6035 0
0.6045 0
0.6055 0
0.6065 0
0.6075 0
0.6085 0
0.6095 0
0.6105 0
0.6115 0
0.6125 0
0.6135 0
0.6145 0
0.6155 0
0.6165 0
0.6175 0
0.6185 0
0.6195 0
0.6205 0
0.6215 0
0.6225 0
0.6235 0
0.6245 0
0.6255 0
0.6265 0
0.6275 0
0.6285 0
0.6295 0
0.6305 0
0.6315 0
0.6325 0
0.6335 0
0.6345 0
0.6355 0
0.6365 0
0.6375 0
0.6385 0
0.6395 0
0.6405 0
0.6415 0
0.6425 0
0.6435 0
0.6445 0
0.6455 0
0.6465 0
0.6475 0
0.6485 0
0.6495 0
0.6505 0
0.6515 0
0.6525 0
0.6535 0
0.6545 0
0.6555 0
0.6565 0
0.6575 0
0.6585 0
0.6595 0
0.6605 0
0.6615 0
0.6625 0
0.6635 0
0.6645 0
0.6655 0
0.6665 0
0.6675 0
0.6685 0
0.6695 0
0.6705 0
0.6715 0
0.6725 0
0.6735 0
0.6745 0
0.6755 0
0.6765 0
0.6775 0
0.6785 0
0.6795 0
0.6805 0
0.6815 0
0.6825 0
0.6835 0
0.6845 0
0.6855 0
0.6865 0
0.6875 0
0.6885 0
0.6895 0
0.6905 0
0.6915 0
0.6925 0
0.6935 0
0.6945 0
0.6955 0
0.6965 0
0.6975 0
0.6985 0
0.6995 0
0.7005 0
0.7015 0
0.7025 0
0.7035 0
0.7045 0
0.7055 0
0.7065 0
0.7075 0
0.7085 0
0.7095 0
0.7105 0
0.7115 0
0.7125 0
0.7135 0
0.7145 0
0.7155 0
0.7165 0
0.7175 0
0.7185 0
0.7195 0
0.7205 0
0.7215 0
0.7225 0
0.7235 0
0.7245 0
0.7255 0
0.7265 0
0.7275 0
0.7285 0
0.7295 0
0.7305 0
0.7315 0
0.7325 0
0.7335 0
0.7345 0
0.7355 0
0.7365 0
0.7375 0
0.7385 0
0.7395 0
0.7405 0
0.7415 0
0.7425 0
0.7435 0
0.7445 0
0.7455 0
0.7465 0
0.7475 0
0.7485 0
0.7495 0
0.7505 0
0.7515 0
0.7525 0
0.7535 0
0.7545 0
0.7555 0
0.7565 0
0.7575 0
0.7585 0
0.7595 0
0.7605 0
0.7615 0
0.7625 0
0.7635 0
0.7645 0
0.7655 0
0.7665 0
0.7675 0
0.7685 0
0.7695 0
0.7705 0
0.7715 0
0.7725 0
0.7735 0
0.7745 0
0.7755 0
0.7765 0
0.7775 0
0.7785 0
0.7795 0
0.7805 0
0.7815 0
0.7825 0
0.7835 0
0.7845 0
0.7855 0
0.7865 0
0.7875 0
0.7885 0
0.7895 0
0.7905 0
0.7915 0
0.7925 0
0.7935 0
0.7945 0
0.7955 0
0.7965 0
0.7975 0
0.7985 0
0.7995 0
0.8005 0
0.8015 0
0.8025 0
0.8035 0
0.8045 0
0.8055 0
0.8065 0
0.8075 0
0.8085 0
0.8095 0
0.8105 0
0.8115 0
0.8125 0
0.8135 0
0.8145 0
0.8155 0
0.8165 0
0.8175 0
0.8185 0
0.8195 0
0.8205 0
0.8215 0
0.8225 0
0.8235 0
0.8245 0
0.8255 0
0.8265 0
0.8275 0
0.8285 0
0.8295 0
0.8305 0
0.8315 0
0.8325 0
0.8335 0
0.8345 0
0.8355 0
0.8365 0
0.8375 0
0.8385 0
0.8395 0
0.8405 0
0.8415 0
0.8425 0
0.8435 0
0.8445 0
0.8455 0
0.8465 0
0.8475 0
0.8485 0
0.8495 0
0.8505 0
0.8515 0
0.8525 0
0.8535 0
0.8545 0
0.8555 0
0.8565 0
0.8575 0
0.8585 0
0.8595 0
0.8605 0
0.8615 0
0.8625 0
0.8635 0
0.8645 0
0.8655 0
0.8665 0
0.8675 0
0.8685 0
0.8695 0
0.8705 0
0.8715 0
0.8725 0
0.8735 0
0.8745 0
0.8755 0
0.8765 0
0.8775 0
0.8785 0
0.8795 0
0.8805 0
0.8815 0
0.8825 0
0.8835 0
0.8845 0
0.8855 0
0.8865 0
0.8875 0
0.8885 0
0.8895 0
0.8905 0
0.8915 0
0.8925 0
0.8935 0
0.8945 0
0.8955 0
0.8965 0
0.8975 0
0.8985 0
0.8995 0
0.9005 0
0.9015 0
0.9025 0
0.9035 0
0.9045 0
0.9055 0
0.9065 0
0.9075 0
0.9085 0
0.9095 0
0.9105 0
0.9115 0
0.9125 0
0.9135 0
0.9145 0
0.9155 0
0.9165 0
0.9175 0
0.9185 0
0.9195 0
0.9205 0
0.9215 0
0.9225 0
0.9235 0
0.9245 0
0.9255 0
0.9265 0
0.9275 0
0.9285 0
0.9295 0
0.9305 0
0.9315 0
0.9325 0
0.9335 0
0.9345 0
0.9355 0
0.9365 0
0.9375 0
0.9385 0
0.9395 0
0.9405 0
0.9415 0
0.9425 0
0.9435 0
0.9445 0
0.9455 0
0.9465 0
0.9475 0
0.9485 0
0.9495 0
0.9505 0
0.9515 0
0.9525 0
0.9535 0
0.9545 0
0.9555 0
0.9565 0
0.9575 0
0.9585 0
0.9595 0
0.9605 0
0.9615 0
0.9625 0
0.9635 0
0.9645 0
0.9655 0
0.9665 0
0.9675 0
0.9685 0
0.9695 0
0.9705 0
0.9715 0
0.9725 0
0.9735 0
0.9745 0
0.9755 0
0.9765 0
0.9775 0
0.9785 0
0.9795 0
0.9805 0
0.9815 0
0.9825 0
0.9835 0
0.9845 0
0.9855 0
0.9865 0
0.9875 0
0.9885 0
0.9895 0
0.9905 0
0.9915 0
0.9925 0
0.9935 0
0.9945 0
0.9955 0
0.9965 0
0.9975 0
0.9985 0
0.9995 0

# time= 0.25
0.0005 0.511264
0.0015 0.523215
0.0025 0.532167
0.0035 0.536578
0.0045 0.537843
0.0055 0.536074
0.0065 0.529569
0.0075 0.520782
0.0085 0.513812
0.0095 0.508705
0.0105 0.505271
0.0115 0.502615
0.0125 0.501049
0.0135 0.499959
0.0145 0.499334
0.0155 0.49908
0.0165 0.499119
0.0175 0.49936
0.0185 0.499932
0.0195 0.50042
0.0205 0.500548
0.0215 0.500483
0.0225 0.500039
0.0235 0.49961
0.0245 0.499551
0.0255 0.499644
0.0265 0.499802
0.0275 0.499892
0.0285 0.499808
0.0295 0.499275
0.0305 0.498777
0.0315 0.498799
0.0325 0.49915
0.0335 0.50044
0.0345 0.501851
0.0355 0.502348
0.0365 0.502554
0.0375 0.502457
0.0385 0.502116
0.0395 0.501357
0.0405 0.500707
0.0415 0.500476
0.0425 0.50027
0.0435 0.499403
0.0445 0.495466
0.0455 0.482456
0.0465 0.446948
0.0475 0.363357
0.0485 0.25222
0.0495 0.196133
0.0505 0.184928
0.0515 0.21308
0.0525 0.296099
0.0535 0.314371
0.0545 0.272707
0.0555 0.218256
0.0565 0.196329
0.0575 0.219831
0.0585 0.272798
0.0595 0.303269
0.0605 0.282399
0.0615 0.233362
0.0625 0.209784
0.0635 0.218933
0.0645 0.258684
0.0655 0.286911
0.0665 0.283374
0.0675 0.247528
0.0685 0.220481
0.0695 0.218178
0.0705 0.246988
0.0715 0.277621
0.0725 0.277282
0.0735 0.251882
0.0745 0.224175
0.0755 0.21957
0.0765 0.240702
0.0775 0.266229
0.0785 0.269341
0.0795 0.261847
0.0805 0.246026
0.0815 0.23975
0.0825 0.244273
0.0835 0.254734
0.0845 0.260989
0.0855 0.258738
0.0865 0.245416
0.0875 0.235626
0.0885 0.235806
0.0895 0.249888
0.0905 0.263503
0.0915 0.26336
0.0925 0.248845
0.0935 0.233663
0.0945 0.233526
0.0955 0.248519
0.0965 0.264753
0.0975 0.265571
0.0985 0.251857
0.0995 0.236746
0.1005 0.236214
0.1015 0.249238
0.1025 0.263685
0.1035 0.265064
0.1045 0.258844
0.1055 0.249872
0.1065 0.245695
0.1075 0.245132
0.1085 0.249061
0.1095 0.252427
0.1105 0.252244
0.1115 0.246924
0.1125 0.24185
0.1135 0.242011
0.1145 0.247549
0.1155 0.252197
0.1165 0.250782
0.1175 0.244145
0.1185 0.238945
0.1195 0.240129
0.1205 0.251963
0.1215 0.263087
0.1225 0.263629
0.1235 0.254809
0.1245 0.245734
0.1255 0.245848
0.1265 0.255423
0.1275 0.264852
0.1285 0.264516
0.1295 0.256453
0.1305 0.24627
0.1315 0.242039
0.1325 0.241154
0.1335 0.244726
0.1345 0.248726
0.1355 0.249528
0.1365 0.249451
0.1375 0.248336
0.1385 0.247111
0.1395 0.246145
0.1405 0.24443
0.1415 0.242187
0.1425 0.240886
0.1435 0.24262
0.1445 0.247817
0.1455 0.255978
0.1465 0.261774
0.1475 0.261538
0.1485 0.251939
0.1495 0.243496
0.1505 0.244535
0.1515 0.257433
0.1525 0.268983
0.1535 0.268266
0.1545 0.25393
0.1555 0.238631
0.1565 0.236682
0.1575 0.240712
0.1585 0.246688
0.1595 0.249617
0.1605 0.249171
0.1615 0.247306
0.1625 0.2464
0.1635 0.2473
0.1645 0.248834
0.1655 0.249167
0.1665 0.245938
0.1675 0.243213
0.1685 0.244926
0.1695 0.250693
0.1705 0.257992
0.1715 0.26138
0.1725 0.259343
0.1735 0.248694
0.1745 0.240265
0.1755 0.242099
0.1765 0.258252
0.1775 0.272255
0.1785 0.271261
0.1795 0.251797
0.1805 0.232363
0.1815 0.230982
0.1825 0.245111
0.1835 0.26079
0.1845 0.261738
0.1855 0.249378
0.1865 0.235822
0.1875 0.234814
0.1885 0.243826
0.1895 0.254183
0.1905 0.255049
0.1915 0.250311
0.1925 0.244249
0.1935 0.244232
0.1945 0.250547
0.1955 0.26094
0.1965 0.266983
0.1975 0.262149
0.1985 0.242989
0.1995 0.227632
0.2005 0.229736
0.2015 0.25762
0.2025 0.281427
0.2035 0.279396
0.2045 0.247478
0.2055 0.218349
0.2065 0.218873
0.2075 0.249732
0.2085 0.279046
0.2095 0.279184
0.2105 0.25112
0.2115 0.221916
0.2125 0.221299
0.2135 0.240332
0.2145 0.266567
0.2155 0.271386
0.2165 0.259083
0.2175 0.238112
0.2185 0.228516
0.2195 0.23947
0.2205 0.270093
0.2215 0.28468
0.2225 0.27904
0.2235 0.232113
0.2245 0.193504
0.2255 0.206994
0.2265 0.259632
0.2275 0.307431
0.2285 0.308304
0.2295 0.243418
0.2305 0.184464
0.2315 0.188934
0.2325 0.244236
0.2335 0.316782
0.2345 0.323691
0.2355 0.266456
0.2365 0.185693
0.2375 0.166969
0.2385 0.213121
0.2395 0.312165
0.2405 0.354669
0.2415 0.294793
0.2425 0.191139
0.2435 0.144483
0.2445 0.188711
0.2455 0.297508
0.2465 0.380749
0.2475 0.344577
0.2485 0.179227
0.2495 0.123547
0.2505 0.146141
0.2515 0.257724
0.2525 0.47751
0.2535 0.642751
0.2545 0.713197
0.2555 0.73909
0.2565 0.747326
0.2575 0.749551
0.2585 0.750109
0.2595 0.750328
0.2605 0.750674
0.2615 0.751057
0.2625 0.751228
0.2635 0.751277
0.2645 0.751174
0.2655 0.750926
0.2665 0.75022
0.2675 0.749575
0.2685 0.749399
0.2695 0.749388
0.2705 0.749638
0.2715 0.749904
0.2725 0.749946
0.2735 0.749901
0.2745 0.749822
0.2755 0.749775
0.2765 0.749805
0.2775 0.750019
0.2785 0.750241
0.2795 0.750271
0.2805 0.750204
0.2815 0.74996
0.2825 0.74967
0.2835 0.749531
0.2845 0.749483
0.2855 0.749568
0.2865 0.749816
0.2875 0.750261
0.2885 0.750935
0.2895 0.752072
0.2905 0.75355
0.2915 0.755855
0.2925 0.758708
0.2935 0.76261
0.2945 0.765958
0.2955 0.766765
0.2965 0.766264
0.2975 0.764074
0.2985 0.761035
0.2995 0.755131
0.3005 0.744869
0.3015 0.738965
0.3025 0.735926
0.3035 0.733736
0.3045 0.733235
0.3055 0.734042
0.3065 0.73739
0.3075 0.741292
0.3085 0.744145
0.3095 0.74645
0.3105 0.747928
0.3115 0.749065
0.3125 0.749739
0.3135 0.750184
0.3145 0.750432
0.3155 0.750517
0.3165 0.750469
0.3175 0.75033
0.3185 0.75004
0.3195 0.749796
0.3205 0.749729
0.3215 0.749759
0.3225 0.749981
0.3235 0.750195
0.3245 0.750225
0.3255 0.750178
0.3265 0.750099
0.3275 0.750054
0.3285 0.750096
0.3295 0.750362
0.3305 0.750612
0.3315 0.750601
0.3325 0.750425
0.3335 0.74978
0.3345 0.749074
0.3355 0.748826
0.3365 0.748723
0.3375 0.748772
0.3385 0.748941
0.3395 0.749317
0.3405 0.749621
0.3415 0.749633
0.3425 0.749281
0.3435 0.747923
0.3445 0.743624
0.3455 0.730741
0.3465 0.69593
0.3475 0.614273
0.3485 0.505314
0.3495 0.44995
0.3505 0.438619
0.3515 0.466147
0.3525 0.548478
0.3535 0.566379
0.3545 0.524801
0.3555 0.470454
0.3565 0.448153
0.3575 0.471303
0.3585 0.522015
0.3595 0.551443
0.3605 0.529763
0.3615 0.479729
0.3625 0.457166
0.3635 0.466762
0.3645 0.507771
0.3655 0.536774
0.3665 0.533407
0.3675 0.496708
0.3685 0.468465
0.3695 0.466568
0.3705 0.496348
0.3715 0.529799
0.3725 0.52953
0.3735 0.50755
0.3745 0.483615
0.3755 0.474348
0.3765 0.491567
0.3775 0.513157
0.3785 0.515664
0.3795 0.508272
0.3805 0.493319
0.3815 0.488589
0.3825 0.493696
0.3835 0.504263
0.3845 0.510366
0.3855 0.507819
0.3865 0.49492
0.3875 0.485685
0.3885 0.486122
0.3895 0.501216
0.3905 0.51564
0.3915 0.515657
0.3925 0.500952
0.3935 0.48541
0.3945 0.484962
0.3955 0.498952
0.3965 0.51431
0.3975 0.515231
0.3985 0.505296
0.3995 0.492767
0.4005 0.490489
0.4015 0.494108
0.4025 0.499593
0.4035 0.50324
0.4045 0.502434
0.4055 0.49991
0.4065 0.498347
0.4075 0.499007
0.4085 0.501218
0.4095 0.502615
0.4105 0.501579
0.4115 0.496879
0.4125 0.49312
0.4135 0.493835
0.4145 0.501901
0.4155 0.509528
0.4165 0.509521
0.4175 0.50182
0.4185 0.493636
0.4195 0.493098
0.4205 0.498708
0.4215 0.505174
0.4225 0.505769
0.4235 0.503123
0.4245 0.499124
0.4255 0.496252
0.4265 0.495455
0.4275 0.497158
0.4285 0.499557
0.4295 0.500442
0.4305 0.500752
0.4315 0.501036
0.4325 0.501602
0.4335 0.502286
0.4345 0.502391
0.4355 0.501397
0.4365 0.498442
0.4375 0.496084
0.4385 0.496207
0.4395 0.499841
0.4405 0.503543
0.4415 0.503929
0.4425 0.502869
0.4435 0.500364
0.4445 0.498345
0.4455 0.497977
0.4465 0.498722
0.4475 0.499825
0.4485 0.500392
0.4495 0.50023
0.4505 0.49977
0.4515 0.499608
0.4525 0.500175
0.4535 0.501278
0.4545 0.502023
0.4555 0.501655
0.4565 0.499636
0.4575 0.497131
0.4585 0.496071
0.4595 0.496457
0.4605 0.500159
0.4615 0.503793
0.4625 0.503916
0.4635 0.501558
0.4645 0.498603
0.4655 0.497609
0.4665 0.497714
0.4675 0.498398
0.4685 0.498964
0.4695 0.499248
0.4705 0.499558
0.4715 0.500443
0.4725 0.502842
0.4735 0.504545
0.4745 0.503748
0.4755 0.500876
0.4765 0.496877
0.4775 0.494231
0.4785 0.494826
0.4795 0.501292
0.4805 0.506902
0.4815 0.506364
0.4825 0.49818
0.4835 0.490479
0.4845 0.490472
0.4855 0.498099
0.4865 0.506165
0.4875 0.50688
0.4885 0.503121
0.4895 0.498421
0.4905 0.497385
0.4915 0.498782
0.4925 0.500993
0.4935 0.501653
0.4945 0.50009
0.4955 0.497566
0.4965 0.49676
0.4975 0.500407
0.4985 0.505892
0.4995 0.509511
0.5005 0.507233
0.5015 0.494704
0.5025 0.484769
0.5035 0.48569
0.5045 0.501048
0.5055 0.515038
0.5065 0.51459
0.5075 0.499048
0.5085 0.484343
0.5095 0.48436
0.5105 0.498784
0.5115 0.513878
0.5125 0.514315
0.5135 0.50508
0.5145 0.492181
0.5155 0.489634
0.5165 0.495737
0.5175 0.506304
0.5185 0.511411
0.5195 0.506681
0.5205 0.491728
0.5215 0.484336
0.5225 0.486843
0.5235 0.508433
0.5245 0.525652
0.5255 0.516385
0.5265 0.49245
0.5275 0.47047
0.5285 0.470201
0.5295 0.503652
0.5305 0.533432
0.5315 0.531535
0.5325 0.503292
0.5335 0.466593
0.5345 0.463226
0.5355 0.492229
0.5365 0.533238
0.5375 0.542834
0.5385 0.520271
0.5395 0.470237
0.5405 0.448557
0.5415 0.477985
0.5425 0.528697
0.5435 0.551847
0.5445 0.529546
0.5455 0.475199
0.5465 0.433621
0.5475 0.451522
0.5485 0.533853
0.5495 0.561381
0.5505 0.55005
0.5515 0.494686
0.5525 0.385727
0.5535 0.30407
0.5545 0.269259
0.5555 0.256376
0.5565 0.252077
0.5575 0.250719
0.5585 0.250367
0.5595 0.250379
0.5605 0.250683
0.5615 0.251059
0.5625 0.251228
0.5635 0.251277
0.5645 0.251174
0.5655 0.250926
0.5665 0.25022
0.5675 0.249575
0.5685 0.249399
0.5695 0.249388
0.5705 0.249638
0.5715 0.249904
0.5725 0.249946
0.5735 0.249901
0.5745 0.249822
0.5755 0.249775
0.5765 0.249805
0.5775 0.250019
0.5785 0.250241
0.5795 0.250271
0.5805 0.250204
0.5815 0.24996
0.5825 0.24967
0.5835 0.249531
0.5845 0.249483
0.5855 0.249568
0.5865 0.249816
0.5875 0.250261
0.5885 0.250935
0.5895 0.252072
0.5905 0.25355
0.5915 0.255855
0.5925 0.258708
0.5935 0.26261
0.5945 0.265958
0.5955 0.266765
0.5965 0.266264
0.5975 0.264074
0.5985 0.261035
0.5995 0.255131
0.6005 0.244869
0.6015 0.238965
0.6025 0.235926
0.6035 0.233736
0.6045 0.233235
0.6055 0.234042
0.6065 0.23739
0.6075 0.241292
0.6085 0.244145
0.6095 0.24645
0.6105 0.247928
0.6115 0.249065
0.6125 0.249739
0.6135 0.250184
0.6145 0.250432
0.6155 0.250517
0.6165 0.250469
0.6175 0.25033
0.6185 0.25004
0.6195 0.249796
0.6205 0.249729
0.6215 0.249759
0.6225 0.249981
0.6235 0.250195
0.6245 0.250225
0.6255 0.250178
0.6265 0.250099
0.6275 0.250054
0.6285 0.250096
0.6295 0.250362
0.6305 0.250612
0.6315 0.250601
0.6325 0.250425
0.6335 0.24978
0.6345 0.249074
0.6355 0.248826
0.6365 0.248723
0.6375 0.248772
0.6385 0.248942
0.6395 0.24932
0.6405 0.249638
0.6415 0.249719
0.6425 0.24967
0.6435 0.249507
0.6445 0.249386
0.6455 0.249428
0.6465 0.249637
0.6475 0.250333
0.6485 0.251046
0.6495 0.251253
0.6505 0.251264
0.6515 0.25103
0.6525 0.250737
0.6535 0.250638
0.6545 0.250696
0.6555 0.250765
0.6565 0.250673
0.6575 0.250445
0.6585 0.249799
0.6595 0.249202
0.6605 0.24902
0.6615 0.248976
0.6625 0.249066
0.6635 0.249447
0.6645 0.249813
0.6655 0.249903
0.6665 0.249881
0.6675 0.249721
0.6685 0.249544
0.6695 0.249539
0.6705 0.249769
0.6715 0.250294
0.6725 0.251432
0.6735 0.252352
0.6745 0.252469
0.6755 0.252056
0.6765 0.250436
0.6775 0.248923
0.6785 0.248539
0.6795 0.248523
0.6805 0.249016
0.6815 0.249535
0.6825 0.249689
0.6835 0.249735
0.6845 0.249726
0.6855 0.249732
0.6865 0.249804
0.6875 0.249935
0.6885 0.250246
0.6895 0.250527
0.6905 0.250624
0.6915 0.250649
0.6925 0.250577
0.6935 0.250339
0.6945 0.250189
0.6955 0.25029
0.6965 0.250697
0.6975 0.251181
0.6985 0.251244
0.6995 0.250755
0.7005 0.24961
0.7015 0.247951
0.7025 0.246776
0.7035 0.24677
0.7045 0.248208
0.7055 0.250071
0.7065 0.250941
0.7075 0.251193
0.7085 0.250772
0.7095 0.250237
0.7105 0.250109
0.7115 0.250162
0.7125 0.250336
0.7135 0.25065
0.7145 0.250946
0.7155 0.251369
0.7165 0.251741
0.7175 0.251748
0.7185 0.2515
0.7195 0.250522
0.7205 0.249636
0.7215 0.249605
0.7225 0.249917
0.7235 0.250045
0.7245 0.24954
0.7255 0.248105
0.7265 0.246337
0.7275 0.245418
0.7285 0.245729
0.7295 0.249145
0.7305 0.252641
0.7315 0.253065
0.7325 0.252111
0.7335 0.25069
0.7345 0.24994
0.7355 0.24991
0.7365 0.250385
0.7375 0.250797
0.7385 0.250924
0.7395 0.250988
0.7405 0.251252
0.7415 0.252005
0.7425 0.253045
0.7435 0.255199
0.7445 0.261913
0.7455 0.286177
0.7465 0.356267
0.7475 0.521396
0.7485 0.741498
0.7495 0.853068
0.7505 0.873738
0.7515 0.815604
0.7525 0.648431
0.7535 0.613892
0.7545 0.701611
0.7555 0.814363
0.7565 0.859752
0.7575 0.810632
0.7585 0.704084
0.7595 0.642959
0.7605 0.68819
0.7615 0.791412
0.7625 0.83755
0.7635 0.817114
0.7645 0.734578
0.7655 0.676495
0.7665 0.684174
0.7675 0.75734
0.7685 0.811964
0.7695 0.81643
0.7705 0.754932
0.7715 0.688278
0.7725 0.689906
0.7735 0.739133
0.7745 0.792921
0.7755 0.806522
0.7765 0.76312
0.7775 0.712784
0.7785 0.70735
0.7795 0.729154
0.7805 0.767854
0.7815 0.77698
0.7825 0.763849
0.7835 0.740138
0.7845 0.726854
0.7855 0.738384
0.7865 0.762143
0.7875 0.779243
0.7885 0.77855
0.7895 0.747944
0.7905 0.720484
0.7915 0.721207
0.7925 0.755873
0.7935 0.789981
0.7945 0.787713
0.7955 0.744555
0.7965 0.701896
0.7975 0.701865
0.7985 0.744942
0.7995 0.78999
0.8005 0.792492
0.8015 0.756114
0.8025 0.715294
0.8035 0.712644
0.8045 0.738041
0.8055 0.768115
0.8065 0.773097
0.8075 0.758823
0.8085 0.740892
0.8095 0.738148
0.8105 0.749466
0.8115 0.765777
0.8125 0.768124
0.8135 0.759465
0.8145 0.744166
0.8155 0.733704
0.8165 0.741059
0.8175 0.760244
0.8185 0.773086
0.8195 0.770771
0.8205 0.737787
0.8215 0.713656
0.8225 0.716545
0.8235 0.750543
0.8245 0.782274
0.8255 0.780982
0.8265 0.746124
0.8275 0.713089
0.8285 0.71361
0.8295 0.748663
0.8305 0.783827
0.8315 0.782412
0.8325 0.755925
0.8335 0.718165
0.8345 0.713532
0.8355 0.743387
0.8365 0.786559
0.8375 0.799393
0.8385 0.775747
0.8395 0.718356
0.8405 0.691928
0.8415 0.724869
0.8425 0.783617
0.8435 0.812022
0.8445 0.788415
0.8455 0.725754
0.8465 0.674241
0.8475 0.689939
0.8485 0.776581
0.8495 0.809646
0.8505 0.801757
0.8515 0.746176
0.8525 0.634906
0.8535 0.551218
0.8545 0.516291
0.8555 0.506542
0.8565 0.505648
0.8575 0.504921
0.8585 0.503752
0.8595 0.502452
0.8605 0.501967
0.8615 0.501846
0.8625 0.501594
0.8635 0.50077
0.8645 0.49982
0.8655 0.499881
0.8665 0.50138
0.8675 0.504222
0.8685 0.506131
0.8695 0.505283
0.8705 0.49829
0.8715 0.491457
0.8725 0.490835
0.8735 0.492675
0.8745 0.49621
0.8755 0.49908
0.8765 0.500089
0.8775 0.499833
0.8785 0.499211
0.8795 0.499273
0.8805 0.501043
0.8815 0.503
0.8825 0.503495
0.8835 0.503482
0.8845 0.502737
0.8855 0.501891
0.8865 0.501301
0.8875 0.500672
0.8885 0.500325
0.8895 0.500217
0.8905 0.500475
0.8915 0.501545
0.8925 0.502385
0.8935 0.501882
0.8945 0.500142
0.8955 0.496415
0.8965 0.49354
0.8975 0.493551
0.8985 0.495902
0.8995 0.499219
0.9005 0.50151
0.9015 0.502487
0.9025 0.502362
0.9035 0.501394
0.9045 0.50058
0.9055 0.500378
0.9065 0.500679
0.9075 0.501153
0.9085 0.501299
0.9095 0.501248
0.9105 0.501053
0.9115 0.500493
0.9125 0.49987
0.9135 0.499608
0.9145 0.499464
0.9155 0.499453
0.9165 0.499471
0.9175 0.499378
0.9185 0.49907
0.9195 0.498032
0.9205 0.497046
0.9215 0.497079
0.9225 0.497845
0.9235 0.500871
0.9245 0.504113
0.9255 0.504937
0.9265 0.504704
0.9275 0.502863
0.9285 0.500588
0.9295 0.499539
0.9305 0.499077
0.9315 0.499087
0.9325 0.499442
0.9335 0.499761
0.9345 0.499805
0.9355 0.499627
0.9365 0.498893
0.9375 0.498133
0.9385 0.497952
0.9395 0.498039
0.9405 0.498405
0.9415 0.499598
0.9425 0.500889
0.9435 0.501346
0.9445 0.501531
0.9455 0.501391
0.9465 0.501276
0.9475 0.501473
0.9485 0.502061
0.9495 0.502529
0.9505 0.502506
0.9515 0.502093
0.9525 0.500666
0.9535 0.499275
0.9545 0.498857
0.9555 0.498772
0.9565 0.499013
0.9575 0.49934
0.9585 0.499438
0.9595 0.499276
0.9605 0.49864
0.9615 0.497884
0.9625 0.497543
0.9635 0.497446
0.9645 0.497652
0.9655 0.498149
0.9665 0.49956
0.9675 0.50085
0.9685 0.501201
0.9695 0.501223
0.9705 0.500725
0.9715 0.500192
0.9725 0.500108
0.9735 0.500198
0.9745 0.500356
0.9755 0.500449
0.9765 0.50039
0.9775 0.499961
0.9785 0.499517
0.9795 0.499452
0.9805 0.49958
0.9815 0.500068
0.9825 0.50064
0.9835 0.500881
0.9845 0.50092
0.9855 0.500666
0.9865 0.500041
0.9875 0.498951
0.9885 0.497385
0.9895 0.494729
0.9905 0.491295
0.9915 0.486188
0.9925 0.479218
0.9935 0.470431
0.9945 0.463926
0.9955 0.462157
0.9965 0.463422
0.9975 0.467833
0.9985 0.476785
0.9995 0.488736

# time= 0.5
0.0005 1.14795e+135
0.0015 -1.64524e+131
0.0025 2.35796e+127
0.0035 -3.37942e+123
0.0045 4.84337e+119
0.0055 -6.9415e+115
0.0065 9.94853e+111
0.0075 -1.42582e+108
0.0085 2.04348e+104
0.0095 -2.92871e+100
0.0105 4.19742e+96
0.0115 -6.01573e+92
0.0125 8.62172e+88
0.0135 -1.23566e+85
0.0145 1.77095e+81
0.0155 -2.53811e+77
0.0165 3.63762e+73
0.0175 -5.21342e+69
0.0185 7.47186e+65
0.0195 -1.07086e+62
0.0205 1.53476e+58
0.0215 -2.19961e+54
0.0225 3.15248e+50
0.0235 -4.51812e+46
0.0245 6.47535e+42
0.0255 -9.28045e+38
0.0265 1.33007e+35
0.0275 -1.90625e+31
0.0285 2.73204e+27
0.0295 -3.91555e+23
0.0305 5.61175e+19
0.0315 -8.04274e+15
0.0325 1.15268e+12
0.0335 -1.65202e+08
0.0345 23677.2
0.0355 -2.89132
0.0365 0.503945
0.0375 0.503753
0.0385 0.501542
0.0395 0.499064
0.0405 0.498844
0.0415 0.500475
0.0425 0.502221
0.0435 0.502208
0.0445 0.500899
0.0455 0.499271
0.0465 0.498779
0.0475 0.499035
0.0485 0.499632
0.0495 0.49983
0.0505 0.499096
0.0515 0.497939
0.0525 0.497426
0.0535 0.497762
0.0545 0.500041
0.0555 0.501521
0.0565 0.500842
0.0575 0.498834
0.0585 0.497296
0.0595 0.497812
0.0605 0.501231
0.0615 0.50428
0.0625 0.504337
0.0635 0.50062
0.0645 0.496886
0.0655 0.496842
0.0665 0.50013
0.0675 0.503855
0.0685 0.503695
0.0695 0.501178
0.0705 0.497705
0.0715 0.496
0.0725 0.497404
0.0735 0.501282
0.0745 0.503029
0.0755 0.501115
0.0765 0.497003
0.0775 0.494288
0.0785 0.496885
0.0795 0.502091
0.0805 0.50669
0.0815 0.506234
0.0825 0.497217
0.0835 0.491135
0.0845 0.492741
0.0855 0.502996
0.0865 0.508421
0.0875 0.505811
0.0885 0.501539
0.0895 0.491082
0.0905 0.489733
0.0915 0.495809
0.0925 0.505432
0.0935 0.502767
0.0945 0.484209
0.0955 0.460086
0.0965 0.39557
0.0975 0.32761
0.0985 0.299621
0.0995 0.265127
0.1005 0.236863
0.1015 0.202396
0.1025 0.174169
0.1035 0.105884
0.1045 0.040954
0.1055 0.016508
0.1065 -0.00252061
0.1075 -0.00479728
0.1085 0.00327386
0.1095 0.00797172
0.1105 0.0067001
0.1115 -0.00414725
0.1125 -0.0084142
0.1135 -0.011062
0.1145 -0.00558003
0.1155 0.00515154
0.1165 0.00704547
0.1175 0.00165997
0.1185 -0.00654379
0.1195 -0.00653574
0.1205 -0.00132226
0.1215 0.00449259
0.1225 0.0074769
0.1235 0.00496064
0.1245 0.000949534
0.1255 -0.000976191
0.1265 0.00068283
0.1275 0.0043942
0.1285 0.00558161
0.1295 0.00341847
0.1305 -0.000526835
0.1315 -0.00356898
0.1325 -0.00416932
0.1335 -0.00105828
0.1345 0.00166868
0.1355 0.00134143
0.1365 -0.00268048
0.1375 -0.00652716
0.1385 -0.00647511
0.1395 -0.00350249
0.1405 -9.52339e-05
0.1415 0.000618005
0.1425 -0.000547951
0.1435 -0.00208464
0.1445 -0.00238926
0.1455 -0.000234289
0.1465 0.00273283
0.1475 0.00346837
0.1485 0.00329239
0.1495 0.00235757
0.1505 0.00174199
0.1515 0.00184126
0.1525 0.00222038
0.1535 0.00215822
0.1545 0.00123272
0.1555 -0.00102958
0.1565 -0.0028802
0.1575 -0.00313946
0.1585 -0.00160534
0.1595 -3.22046e-05
0.1605 -0.000249701
0.1615 -0.00267167
0.1625 -0.00493243
0.1635 -0.00487885
0.1645 -0.00276128
0.1655 -0.000259612
0.1665 0.0004285
0.1675 0.000345477
0.1685 4.69511e-05
0.1695 0.000137243
0.1705 0.00107096
0.1715 0.0022781
0.1725 0.00286781
0.1735 0.00301822
0.1745 0.00268954
0.1755 0.00234859
0.1765 0.00217779
0.1775 0.00195529
0.1785 0.0015609
0.1795 0.00085587
0.1805 -0.000457401
0.1815 -0.00150704
0.1825 -0.00172648
0.1835 -0.00116172
0.1845 -0.000573345
0.1855 -0.00077187
0.1865 -0.00202815
0.1875 -0.00310941
0.1885 -0.00301155
0.1895 -0.00177842
0.1905 -0.000278798
0.1915 0.000320222
0.1925 0.000541605
0.1935 0.00058853
0.1945 0.000682488
0.1955 0.00103383
0.1965 0.00145732
0.1975 0.00161717
0.1985 0.00159947
0.1995 0.00125405
0.2005 0.000899768
0.2015 0.000683606
0.2025 0.000426137
0.2035 0.000151767
0.2045 -0.000223988
0.2055 -0.000769306
0.2065 -0.00116638
0.2075 -0.00122051
0.2085 -0.000781767
0.2095 -0.00030057
0.2105 -0.000285483
0.2115 -0.000707928
0.2125 -0.00109417
0.2135 -0.00101448
0.2145 -0.000313081
0.2155 0.000478117
0.2165 0.000692973
0.2175 0.000728898
0.2185 0.000622679
0.2195 0.000520839
0.2205 0.000471197
0.2215 0.000402406
0.2225 0.000258497
0.2235 4.50999e-05
0.2245 -0.000361509
0.2255 -0.000724259
0.2265 -0.000892795
0.2275 -0.00105368
0.2285 -0.00115428
0.2295 -0.00118929
0.2305 -0.0011639
0.2315 -0.00103073
0.2325 -0.000775779
0.2335 -0.000102609
0.2345 0.0004946
0.2355 0.000655234
0.2365 0.000683826
0.2375 0.000671255
0.2385 0.000710034
0.2395 0.000935197
0.2405 0.00112116
0.2415 0.00106887
0.2425 0.000800427
0.2435 0.000471164
0.2445 0.000240377
0.2455 3.46273e-05
0.2465 -0.000170455
0.2475 -0.000344606
0.2485 -0.000643843
0.2495 -0.000996388
0.2505 -0.00116309
0.2515 -0.00126435
0.2525 -0.00129432
0.2535 -0.00126658
0.2545 -0.00115659
0.2555 -0.000995337
0.2565 -0.000713432
0.2575 -0.000331634
0.2585 0.00023919
0.2595 0.000820539
0.2605 0.00107069
0.2615 0.0013344
0.2625 0.00151238
0.2635 0.00159185
0.2645 0.00163628
0.2655 0.00159728
0.2665 0.0014751
0.2675 0.00107119
0.2685 0.000607971
0.2695 0.000366572
0.2705 -2.55613e-05
0.2715 -0.000382581
0.2725 -0.000602087
0.2735 -0.00100406
0.2745 -0.0013346
0.2755 -0.00140972
0.2765 -0.00135055
0.2775 -0.00110056
0.2785 -0.000790972
0.2795 -0.000581092
0.2805 -0.000305432
0.2815 4.68673e-05
0.2825 0.000468476
0.2835 0.000796416
0.2845 0.00125844
0.2855 0.00187321
0.2865 0.00275021
0.2875 0.00366199
0.2885 0.00425066
0.2895 0.0050848
0.2905 0.0059939
0.2915 0.00672226
0.2925 0.00717078
0.2935 0.00736026
0.2945 0.00728729
0.2955 0.00690289
0.2965 0.00618825
0.2975 0.00497712
0.2985 0.00337125
0.2995 0.000493098
0.3005 -0.00274926
0.3015 -0.00448415
0.3025 -0.00598867
0.3035 -0.00719257
0.3045 -0.00778304
0.3055 -0.00808381
0.3065 -0.0080161
0.3075 -0.00753774
0.3085 -0.00683581
0.3095 -0.00528898
0.3105 -0.00315431
0.3115 -0.00199261
0.3125 -0.00114494
0.3135 -0.00054898
0.3145 -0.000235498
0.3155 -0.000120596
0.3165 -0.00015758
0.3175 -0.000377424
0.3185 -0.000704464
0.3195 -0.000978527
0.3205 -0.00117756
0.3215 -0.0012653
0.3225 -0.00129752
0.3235 -0.00125634
0.3245 -0.00113121
0.3255 -0.000752771
0.3265 -0.000352486
0.3275 -0.000207019
0.3285 -0.000123397
0.3295 -6.83284e-05
0.3305 2.13671e-05
0.3315 0.000206798
0.3325 0.000722285
0.3335 0.00116783
0.3345 0.00123641
0.3355 0.00115191
0.3365 0.000981338
0.3375 0.000833391
0.3385 0.000702542
0.3395 0.000532452
0.3405 0.00029898
0.3415 -0.000411827
0.3425 -0.00118272
0.3435 -0.00147613
0.3445 -0.0016452
0.3455 -0.00168645
0.3465 -0.00162498
0.3475 -0.00147607
0.3485 -0.00112107
0.3495 -0.000676342
0.3505 -5.19634e-05
0.3515 0.000499235
0.3525 0.000610131
0.3535 0.00056424
0.3545 0.000458597
0.3555 0.00043171
0.3565 0.000590537
0.3575 0.00118322
0.3585 0.00168896
0.3595 0.00170472
0.3605 0.00119195
0.3615 0.000630074
0.3625 0.000560744
0.3635 0.000637264
0.3645 0.000668729
0.3655 0.000465018
0.3665 -0.000492728
0.3675 -0.00149835
0.3685 -0.00178839
0.3695 -0.00183064
0.3705 -0.00156441
0.3715 -0.00119673
0.3725 -0.000994859
0.3735 -0.000630786
0.3745 -0.000244622
0.3755 0.000255538
0.3765 0.000665803
0.3775 0.000671689
0.3785 0.000457656
0.3795 0.000174728
0.3805 8.5589e-05
0.3815 0.000296458
0.3825 0.0009771
0.3835 0.00150568
0.3845 0.00142329
0.3855 0.000355184
0.3865 -0.000638065
0.3875 -0.000648184
0.3885 0.000266846
0.3895 0.00110037
0.3905 0.00099168
0.3915 -0.000267156
0.3925 -0.00156885
0.3935 -0.00173899
0.3945 -0.00145481
0.3955 -0.000976316
0.3965 -0.000589266
0.3975 -0.000405775
0.3985 -0.000329116
0.3995 -0.000214583
0.4005 0.000126808
0.4015 0.000485945
0.4025 0.000504906
0.4035 0.000271852
0.4045 -4.52858e-05
0.4055 -9.97723e-05
0.4065 0.000382271
0.4075 0.00125551
0.4085 0.00181441
0.4095 0.00146189
0.4105 -0.000570574
0.4115 -0.00228671
0.4125 -0.00216676
0.4135 0.000330291
0.4145 0.00281065
0.4155 0.00288529
0.4165 0.000917327
0.4175 -0.00136584
0.4185 -0.00180126
0.4195 -0.00133623
0.4205 -0.000536029
0.4215 -0.000161222
0.4225 -0.000213653
0.4235 -0.000503853
0.4245 -0.000485915
0.4255 -8.70016e-06
0.4265 0.000746439
0.4275 0.00104856
0.4285 0.000677797
0.4295 -0.000127742
0.4305 -0.000486157
0.4315 0.000359414
0.4325 0.0022846
0.4335 0.00363527
0.4345 0.00301666
0.4355 -0.00131007
0.4365 -0.00504094
0.4375 -0.00487345
0.4385 -0.000129358
0.4395 0.00456049
0.4405 0.00476513
0.4415 0.000848045
0.4425 -0.00338395
0.4435 -0.00372795
0.4445 -0.00180691
0.4455 0.000745552
0.4465 0.00141315
0.4475 0.000627671
0.4485 -0.000852122
0.4495 -0.00152947
0.4505 -0.000204844
0.4515 0.00205133
0.4525 0.00318153
0.4535 0.00258566
0.4545 -0.00156023
0.4555 -0.00405278
0.4565 -0.00245522
0.4575 0.00207001
0.4585 0.0056031
0.4595 0.00482622
0.4605 -0.00179103
0.4615 -0.00772285
0.4625 -0.00774126
0.4635 -0.000244012
0.4645 0.00713201
0.4655 0.00707212
0.4665 0.000153548
0.4675 -0.00768059
0.4685 -0.00765309
0.4695 -0.00291879
0.4705 0.00377068
0.4715 0.0069574
0.4725 0.00402645
0.4735 -0.00377142
0.4745 -0.00723175
0.4755 -0.00332622
0.4765 0.00510321
0.4775 0.0107857
0.4785 0.00589892
0.4795 -0.00426364
0.4805 -0.0132823
0.4815 -0.0121526
0.4825 0.00559678
0.4835 0.0173893
0.4845 0.0140677
0.4855 -0.00691131
0.4865 -0.017992
0.4875 -0.0128834
0.4885 -0.00442601
0.4895 0.016478
0.4905 0.0191805
0.4915 0.00717875
0.4925 -0.0118566
0.4935 -0.0063833
0.4945 0.0310323
0.4955 0.0795714
0.4965 0.209139
0.4975 0.345672
0.4985 0.402007
0.4995 0.471365
0.5005 0.528418
0.5015 0.597775
0.5025 0.654134
0.5035 0.790699
0.5045 0.920312
0.5055 0.968892
0.5065 1.00637
0.5075 1.01182
0.5085 0.992965
0.5095 0.981133
0.5105 0.98384
0.5115 1.00477
0.5125 1.01318
0.5135 1.01823
0.5145 1.00703
0.5155 0.98585
0.5165 0.98248
0.5175 0.994075
0.5185 1.01165
0.5195 1.01282
0.5205 1.0038
0.5215 0.993651
0.5225 0.988814
0.5235 0.994551
0.5245 1.00304
0.5255 1.00699
0.5265 1.0036
0.5275 0.995878
0.5285 0.992969
0.5295 0.9962
0.5305 1.00293
0.5315 1.00769
0.5325 1.00775
0.5335 0.99995
0.5345 0.993067
0.5355 0.993022
0.5365 1.0004
0.5375 1.00785
0.5385 1.00778
0.5395 1.00174
0.5405 0.994993
0.5415 0.9941
0.5425 0.997447
0.5435 1.00183
0.5445 1.00338
0.5455 1.0009
0.5465 0.996776
0.5475 0.996234
0.5485 0.997432
0.5495 0.999781
0.5505 1.00123
0.5515 1.00071
0.5525 0.999418
0.5535 0.998818
0.5545 0.999719
0.5555 1.00244
0.5565 1.00449
0.5575 1.00421
0.5585 0.999941
0.5595 0.99593
0.5605 0.996089
0.5615 1.0007
0.5625 1.00538
0.5635 1.00551
0.5645 1.00171
0.5655 0.997302
0.5665 0.996636
0.5675 0.997888
0.5685 0.999693
0.5695 1.00048
0.5705 1.00006
0.5715 0.999205
0.5725 0.998815
0.5735 0.999081
0.5745 0.999967
0.5755 1.00058
0.5765 1.00071
0.5775 1.00061
0.5785 1.00076
0.5795 1.00131
0.5805 1.00222
0.5815 1.00275
0.5825 1.00233
0.5835 1.00012
0.5845 0.998246
0.5855 0.998409
0.5865 1.00127
0.5875 1.00435
0.5885 1.00484
0.5895 1.00415
0.5905 1.00322
0.5915 1.00324
0.5925 1.00503
0.5935 1.00706
0.5945 1.00742
0.5955 1.00708
0.5965 1.00551
0.5975 1.00386
0.5985 1.00288
0.5995 1.00149
0.6005 1.00018
0.6015 0.998106
0.6025 0.995903
0.6035 0.995049
0.6045 0.994684
0.6055 0.994809
0.6065 0.994974
0.6075 0.994696
0.6085 0.994039
0.6095 0.99358
0.6105 0.99376
0.6115 0.995323
0.6125 0.997011
0.6135 0.997377
0.6145 0.997266
0.6155 0.997087
0.6165 0.997324
0.6175 0.998716
0.6185 1.00018
0.6195 1.00053
0.6205 1.00052
0.6215 1.00038
0.6225 1.00035
0.6235 1.00053
0.6245 1.00109
0.6255 1.00159
0.6265 1.00173
0.6275 1.00175
0.6285 1.00167
0.6295 1.00146
0.6305 1.00124
0.6315 1.00095
0.6325 1.00046
0.6335 0.999179
0.6345 0.997999
0.6355 0.997639
0.6365 0.997525
0.6375 0.99757
0.6385 0.997802
0.6395 0.998113
0.6405 0.99846
0.6415 0.998963
0.6425 0.999736
0.6435 1.00032
0.6445 1.00043
0.6455 1
0.6465 0.999552
0.6475 0.999622
0.6485 1.00036
0.6495 1.00112
0.6505 1.00122
0.6515 1.00086
0.6525 1.00048
0.6535 1.00057
0.6545 1.00105
0.6555 1.00167
0.6565 1.00202
0.6575 1.0021
0.6585 1.00183
0.6595 1.00078
0.6605 0.999557
0.6615 0.998902
0.6625 0.998446
0.6635 0.998241
0.6645 0.998235
0.6655 0.998407
0.6665 0.999003
0.6675 0.999574
0.6685 0.999849
0.6695 1.0001
0.6705 1.00041
0.6715 1.00071
0.6725 1.00124
0.6735 1.0018
0.6745 1.00192
0.6755 1.00182
0.6765 1.0012
0.6775 1.00053
0.6785 1.0004
0.6795 1.00042
0.6805 1.00042
0.6815 1.00021
0.6825 0.999338
0.6835 0.998502
0.6845 0.998355
0.6855 0.998526
0.6865 0.998763
0.6875 0.998784
0.6885 0.998713
0.6895 0.998727
0.6905 0.998972
0.6915 0.999974
0.6925 1.001
0.6935 1.00127
0.6945 1.00132
0.6955 1.00117
0.6965 1.00102
0.6975 1.00097
0.6985 1.00091
0.6995 1.00079
0.7005 1.00054
0.7015 1.0002
0.7025 0.99999
0.7035 0.999947
0.7045 0.999986
0.7055 0.999921
0.7065 0.999588
0.7075 0.998924
0.7085 0.998444
0.7095 0.998532
0.7105 0.999657
0.7115 1.00068
0.7125 1.00065
0.7135 0.999655
0.7145 0.998788
0.7155 0.998922
0.7165 1.00038
0.7175 1.00188
0.7185 1.0021
0.7195 1.00192
0.7205 1.00123
0.7215 1.00065
0.7225 1.00043
0.7235 1.00025
0.7245 1.00007
0.7255 0.999596
0.7265 0.999037
0.7275 0.998938
0.7285 0.999153
0.7295 0.999614
0.7305 0.999869
0.7315 0.999517
0.7325 0.998697
0.7335 0.998144
0.7345 0.998515
0.7355 1.00082
0.7365 1.00282
0.7375 1.0028
0.7385 1.00057
0.7395 0.998396
0.7405 0.998402
0.7415 1.0006
0.7425 1.00286
0.7435 1.00295
0.7445 1.00183
0.7455 1.00032
0.7465 0.999591
0.7475 0.99967
0.7485 1.00009
0.7495 1.00017
0.7505 0.999323
0.7515 0.99808
0.7525 0.997476
0.7535 0.997741
0.7545 0.999939
0.7555 1.00132
0.7565 1.00068
0.7575 0.998759
0.7585 0.997386
0.7595 0.998019
0.7605 1.00151
0.7615 1.00461
0.7625 1.00471
0.7635 1.001
0.7645 0.997243
0.7655 0.997198
0.7665 1.00052
0.7675 1.00425
0.7685 1.00408
0.7695 1.00146
0.7705 0.997859
0.7715 0.995985
0.7725 0.997288
0.7735 1.00098
0.7745 1.00256
0.7755 1.00053
0.7765 0.996254
0.7775 0.993401
0.7785 0.995892
0.7795 1.00113
0.7805 1.00583
0.7815 1.00526
0.7825 0.997166
0.7835 0.992044
0.7845 0.993908
0.7855 1.00502
0.7865 1.01078
0.7875 1.00832
0.7885 1.00425
0.7895 0.993679
0.7905 0.992444
0.7915 0.997551
0.7925 1.00596
0.7935 1.00326
0.7945 0.984003
0.7955 0.959355
0.7965 0.894167
0.7975 0.825684
0.7985 0.79739
0.7995 0.762754
0.8005 0.734276
0.8015 0.69964
0.8025 0.671629
0.8035 0.603685
0.8045 0.539343
0.8055 0.515434
0.8065 0.497205
0.8075 0.494772
0.8085 0.504906
0.8095 0.511414
0.8105 0.510194
0.8115 0.499901
0.8125 0.49568
0.8135 0.49311
0.8145 0.49858
0.8155 0.508541
0.8165 0.50997
0.8175 0.503139
0.8185 0.493273
0.8195 0.492489
0.8205 0.496582
0.8215 0.501279
0.8225 0.503491
0.8235 0.500542
0.8245 0.496303
0.8255 0.494408
0.8265 0.496304
0.8275 0.500488
0.8285 0.502198
0.8295 0.501048
0.8305 0.498176
0.8315 0.496321
0.8325 0.49675
0.8335 0.501149
0.8345 0.505016
0.8355 0.50525
0.8365 0.501759
0.8375 0.497999
0.8385 0.497899
0.8395 0.500724
0.8405 0.503811
0.8415 0.503863
0.8425 0.501432
0.8435 0.498431
0.8445 0.497372
0.8455 0.498071
0.8465 0.499635
0.8475 0.499886
0.8485 0.49923
0.8495 0.498197
0.8505 0.497743
0.8515 0.498437
0.8525 0.49963
0.8535 0.500452
0.8545 0.500539
0.8555 0.499732
0.8565 0.499157
0.8575 0.499552
0.8585 0.501788
0.8595 0.503761
0.8605 0.50368
0.8615 0.501288
0.8625 0.49878
0.8635 0.498591
0.8645 0.50023
0.8655 0.502125
0.8665 0.502251
0.8675 0.501181
0.8685 0.499748
0.8695 0.499096
0.8705 0.499033
0.8715 0.499221
0.8725 0.499315
0.8735 0.499073
0.8745 0.498682
0.8755 0.498663
0.8765 0.498813
0.8775 0.499427
0.8785 0.499901
0.8795 0.499967
0.8805 0.499919
0.8815 0.499965
0.8825 0.500363
0.8835 0.501389
0.8845 0.502199
0.8855 0.502158
0.8865 0.500837
0.8875 0.499467
0.8885 0.499337
0.8895 0.500017
0.8905 0.500844
0.8915 0.500941
0.8925 0.500512
0.8935 0.499905
0.8945 0.499594
0.8955 0.499551
0.8965 0.499713
0.8975 0.499852
0.8985 0.49987
0.8995 0.499812
0.9005 0.499779
0.9015 0.499824
0.9025 0.499918
0.9035 0.49996
0.9045 0.499864
0.9055 0.499655
0.9065 0.499518
0.9075 0.499616
0.9085 0.500166
0.9095 0.500633
0.9105 0.500614
0.9115 0.499997
0.9125 0.499369
0.9135 0.499332
0.9145 0.499675
0.9155 0.500108
0.9165 0.500243
0.9175 0.5002
0.9185 0.500093
0.9195 0.500054
0.9205 0.500145
0.9215 0.50055
0.9225 0.500951
0.9235 0.501074
0.9245 0.5011
0.9255 0.501027
0.9265 0.500882
0.9275 0.500609
0.9285 0.500205
0.9295 0.499703
0.9305 0.499368
0.9315 0.499239
0.9325 0.499236
0.9335 0.499498
0.9345 0.499759
0.9355 0.499742
0.9365 0.499483
0.9375 0.499174
0.9385 0.499091
0.9395 0.499176
0.9405 0.499651
0.9415 0.500233
0.9425 0.500639
0.9435 0.501009
0.9445 0.501318
0.9455 0.501558
0.9465 0.501643
0.9475 0.501647
0.9485 0.501533
0.9495 0.501316
0.9505 0.50075
0.9515 0.500231
0.9525 0.499906
0.9535 0.499556
0.9545 0.499253
0.9555 0.499003
0.9565 0.498888
0.9575 0.498811
0.9585 0.498822
0.9595 0.498974
0.9605 0.499117
0.9615 0.499115
0.9625 0.498999
0.9635 0.49889
0.9645 0.499297
0.9655 -1.81434
0.9665 16143.4
0.9675 -1.12636e+08
0.9685 7.85905e+11
0.9695 -5.48358e+15
0.9705 3.82612e+19
0.9715 -2.66964e+23
0.9725 1.86272e+27
0.9735 -1.29969e+31
0.9745 9.06849e+34
0.9755 -6.32746e+38
0.9765 4.41493e+42
0.9775 -3.08048e+46
0.9785 2.14937e+50
0.9795 -1.49971e+54
0.9805 1.04641e+58
0.9815 -7.30121e+61
0.9825 5.09435e+65
0.9835 -3.55454e+69
0.9845 2.48015e+73
0.9855 -1.7305e+77
0.9865 1.20744e+81
0.9875 -8.4248e+84
0.9885 5.87833e+88
0.9895 -4.10155e+92
0.9905 2.86182e+96
0.9915 -1.99681e+100
0.9925 1.39326e+104
0.9935 -9.72131e+107
0.9945 6.78296e+111
0.9955 -4.73275e+115
0.9965 3.30223e+119
0.9975 -2.3041e+123
0.9985 1.60767e+127
0.9995 -1.12173e+131

# time= 0.75
0.0005 6.35349e+151
0.0015 -9.1058e+147
0.0025 1.30504e+144
0.0035 -1.8676e+140
0.0045 1.35605e+137
0.0055 2.46688e+136
0.0065 -4.85649e+134
0.0075 -2.00777e+134
0.0085 -6.69654e+133
0.0095 -1.25857e+133
0.0105 3.9711e+132
0.0115 6.13865e+132
0.0125 4.67866e+132
0.0135 2.77767e+132
0.0145 1.66254e+132
0.0155 1.07848e+132
0.0165 6.50969e+131
0.0175 3.85052e+131
0.0185 2.17713e+131
0.0195 1.18181e+131
0.0205 6.14267e+130
0.0215 3.04606e+130
0.0225 1.42958e+130
0.0235 6.32332e+129
0.0245 2.63767e+129
0.0255 1.03591e+129
0.0265 3.82551e+128
0.0275 1.32845e+128
0.0285 4.32623e+127
0.0295 1.31563e+127
0.0305 3.71682e+126
0.0315 9.69363e+125
0.0325 2.31568e+125
0.0335 5.01695e+124
0.0345 9.73097e+123
0.0355 1.66071e+123
0.0365 2.434e+122
0.0375 2.95552e+121
0.0385 2.80574e+120
0.0395 1.86834e+119
0.0405 6.64524e+117
0.0415 -1.49907e+114
0.0425 2.14846e+110
0.0435 -3.07916e+106
0.0445 4.41305e+102
0.0455 -6.32477e+98
0.0465 9.06463e+94
0.0475 -1.29914e+91
0.0485 1.86192e+87
0.0495 -2.6685e+83
0.0505 3.82449e+79
0.0515 -5.48124e+75
0.0525 7.8557e+71
0.0535 -1.12588e+68
0.0545 1.6136e+64
0.0555 -2.31261e+60
0.0565 3.31443e+56
0.0575 -4.75022e+52
0.0585 6.808e+48
0.0595 -9.75721e+44
0.0605 1.3984e+41
0.0615 -2.00418e+37
0.0625 2.87239e+33
0.0635 -4.1167e+29
0.0645 5.90004e+25
0.0655 -8.45591e+21
0.0665 1.2119e+18
0.0675 -1.73689e+14
0.0685 2.4893e+10
0.0695 -3.56766e+06
0.0705 511.566
0.0715 0.176622
0.0725 0.249874
0.0735 0.249833
0.0745 0.249814
0.0755 0.249805
0.0765 0.249803
0.0775 0.249808
0.0785 0.249815
0.0795 0.249818
0.0805 0.249818
0.0815 0.249815
0.0825 0.249812
0.0835 0.249814
0.0845 0.249822
0.0855 0.249837
0.0865 0.249861
0.0875 0.249893
0.0885 0.249955
0.0895 0.250031
0.0905 0.250149
0.0915 0.250283
0.0925 0.250354
0.0935 0.250502
0.0945 0.250638
0.0955 0.250694
0.0965 0.250731
0.0975 0.250746
0.0985 0.250737
0.0995 0.250704
0.1005 0.250639
0.1015 0.250554
0.1025 0.2504
0.1035 0.250176
0.1045 0.249895
0.1055 0.249663
0.1065 0.249519
0.1075 0.249224
0.1085 0.248953
0.1095 0.248802
0.1105 0.248688
0.1115 0.248636
0.1125 0.248628
0.1135 0.248663
0.1145 0.248756
0.1155 0.248925
0.1165 0.24917
0.1175 0.249452
0.1185 0.249747
0.1195 0.250174
0.1205 0.250582
0.1215 0.250851
0.1225 0.251073
0.1235 0.251196
0.1245 0.251275
0.1255 0.251301
0.1265 0.251273
0.1275 0.251188
0.1285 0.251038
0.1295 0.250853
0.1305 0.25052
0.1315 0.250031
0.1325 0.249493
0.1335 0.249142
0.1345 0.248901
0.1355 0.24869
0.1365 0.248576
0.1375 0.24851
0.1385 0.248503
0.1395 0.248547
0.1405 0.248651
0.1415 0.248802
0.1425 0.249119
0.1435 0.249544
0.1445 0.249886
0.1455 0.250227
0.1465 0.250532
0.1475 0.250733
0.1485 0.250814
0.1495 0.250864
0.1505 0.250858
0.1515 0.250806
0.1525 0.250705
0.1535 0.250508
0.1545 0.250258
0.1555 0.249923
0.1565 0.249499
0.1575 0.249197
0.1585 0.248991
0.1595 0.248862
0.1605 0.24878
0.1615 0.248744
0.1625 0.248753
0.1635 0.248794
0.1645 0.248897
0.1655 0.24905
0.1665 0.249271
0.1675 0.249611
0.1685 0.250056
0.1695 0.250475
0.1705 0.250801
0.1715 0.251031
0.1725 0.251174
0.1735 0.25126
0.1745 0.251284
0.1755 0.25126
0.1765 0.251185
0.1775 0.251079
0.1785 0.250869
0.1795 0.250591
0.1805 0.250316
0.1815 0.249979
0.1825 0.249671
0.1835 0.249481
0.1845 0.249361
0.1855 0.249275
0.1865 0.249239
0.1875 0.249232
0.1885 0.249262
0.1895 0.249322
0.1905 0.249432
0.1915 0.249627
0.1925 0.249777
0.1935 0.249962
0.1945 0.250179
0.1955 0.25031
0.1965 0.250394
0.1975 0.25045
0.1985 0.250465
0.1995 0.250447
0.2005 0.250364
0.2015 0.250283
0.2025 0.250241
0.2035 0.250196
0.2045 0.250149
0.2055 0.250103
0.2065 0.250011
0.2075 0.249908
0.2085 0.249867
0.2095 0.249842
0.2105 0.249832
0.2115 0.249835
0.2125 0.249848
0.2135 0.249872
0.2145 0.249898
0.2155 0.249913
0.2165 0.24991
0.2175 0.249887
0.2185 0.249814
0.2195 0.249747
0.2205 0.249731
0.2215 0.249734
0.2225 0.249736
0.2235 0.24972
0.2245 0.249654
0.2255 0.249586
0.2265 0.249574
0.2275 0.249595
0.2285 0.249652
0.2295 0.249728
0.2305 0.249824
0.2315 0.249919
0.2325 0.250034
0.2335 0.250175
0.2345 0.250275
0.2355 0.250342
0.2365 0.250426
0.2375 0.250531
0.2385 0.250743
0.2395 0.251253
0.2405 0.252519
0.2415 0.255544
0.2425 0.262385
0.2435 0.277098
0.2445 0.306724
0.2455 0.362424
0.2465 0.459305
0.2475 0.570584
0.2485 0.644861
0.2495 0.687113
0.2505 0.719336
0.2515 0.748799
0.2525 0.76251
0.2535 0.756814
0.2545 0.742768
0.2555 0.730709
0.2565 0.743596
0.2575 0.757965
0.2585 0.759226
0.2595 0.757528
0.2605 0.747274
0.2615 0.741613
0.2625 0.742587
0.2635 0.753133
0.2645 0.756859
0.2655 0.755703
0.2665 0.752877
0.2675 0.745741
0.2685 0.743617
0.2695 0.748268
0.2705 0.755348
0.2715 0.755691
0.2725 0.75148
0.2735 0.746258
0.2745 0.744201
0.2755 0.748313
0.2765 0.753081
0.2775 0.754855
0.2785 0.751598
0.2795 0.747942
0.2805 0.746288
0.2815 0.748401
0.2825 0.751565
0.2835 0.753653
0.2845 0.754069
0.2855 0.751839
0.2865 0.750277
0.2875 0.750725
0.2885 0.753784
0.2895 0.756614
0.2905 0.756929
0.2915 0.755669
0.2925 0.754062
0.2935 0.753639
0.2945 0.754282
0.2955 0.755076
0.2965 0.754746
0.2975 0.753654
0.2985 0.750846
0.2995 0.748445
0.3005 0.747847
0.3015 0.748111
0.3025 0.748494
0.3035 0.748167
0.3045 0.745879
0.3055 0.743633
0.3065 0.743419
0.3075 0.744245
0.3085 0.745994
0.3095 0.746773
0.3105 0.746708
0.3115 0.746185
0.3125 0.745808
0.3135 0.746103
0.3145 0.748025
0.3155 0.749987
0.3165 0.750138
0.3175 0.749424
0.3185 0.748436
0.3195 0.747951
0.3205 0.749029
0.3215 0.750634
0.3225 0.751771
0.3235 0.750599
0.3245 0.748339
0.3255 0.746598
0.3265 0.74812
0.3275 0.750715
0.3285 0.752824
0.3295 0.752299
0.3305 0.748754
0.3315 0.746159
0.3325 0.747383
0.3335 0.751434
0.3345 0.75289
0.3355 0.753299
0.3365 0.751414
0.3375 0.746142
0.3385 0.745719
0.3395 0.748594
0.3405 0.753748
0.3415 0.754606
0.3425 0.753972
0.3435 0.74678
0.3445 0.740359
0.3455 0.746355
0.3465 0.753323
0.3475 0.756034
0.3485 0.749083
0.3495 0.73443
0.3505 0.718512
0.3515 0.697581
0.3525 0.660511
0.3535 0.604777
0.3545 0.556225
0.3555 0.528315
0.3565 0.513516
0.3575 0.506315
0.3585 0.503047
0.3595 0.501579
0.3605 0.500976
0.3615 0.500721
0.3625 0.500603
0.3635 0.500509
0.3645 0.500425
0.3655 0.50034
0.3665 0.50023
0.3675 0.500139
0.3685 0.500049
0.3695 0.499945
0.3705 0.499858
0.3715 0.499756
0.3725 0.499683
0.3735 0.499664
0.3745 0.499682
0.3755 0.499712
0.3765 0.499728
0.3775 0.499716
0.3785 0.499689
0.3795 0.499679
0.3805 0.499709
0.3815 0.499825
0.3825 0.500016
0.3835 0.500188
0.3845 0.500319
0.3855 0.500392
0.3865 0.50045
0.3875 0.500482
0.3885 0.500493
0.3895 0.500476
0.3905 0.500402
0.3915 0.500308
0.3925 0.500259
0.3935 0.500182
0.3945 0.500057
0.3955 0.499945
0.3965 0.499714
0.3975 0.499479
0.3985 0.49941
0.3995 0.499396
0.4005 0.499422
0.4015 0.49952
0.4025 0.499633
0.4035 0.499688
0.4045 0.499742
0.4055 0.499816
0.4065 0.499926
0.4075 0.500034
0.4085 0.500171
0.4095 0.500309
0.4105 0.500421
0.4115 0.500495
0.4125 0.500548
0.4135 0.500573
0.4145 0.500578
0.4155 0.500563
0.4165 0.500522
0.4175 0.50045
0.4185 0.50037
0.4195 0.50022
0.4205 0.500084
0.4215 0.499903
0.4225 0.499753
0.4235 0.499703
0.4245 0.499692
0.4255 0.49971
0.4265 0.499762
0.4275 0.499851
0.4285 0.499906
0.4295 0.499949
0.4305 0.500006
0.4315 0.500077
0.4325 0.500176
0.4335 0.500281
0.4345 0.500343
0.4355 0.500397
0.4365 0.500434
0.4375 0.500451
0.4385 0.500451
0.4395 0.500432
0.4405 0.500391
0.4415 0.500336
0.4425 0.500231
0.4435 0.500102
0.4445 0.500018
0.4455 0.499857
0.4465 0.499714
0.4475 0.499666
0.4485 0.499645
0.4495 0.499652
0.4505 0.499688
0.4515 0.499739
0.4525 0.499859
0.4535 0.499981
0.4545 0.500036
0.4555 0.500078
0.4565 0.500096
0.4575 0.500091
0.4585 0.500062
0.4595 0.500025
0.4605 0.500005
0.4615 0.499992
0.4625 0.499981
0.4635 0.49997
0.4645 0.499956
0.4655 0.499932
0.4665 0.499898
0.4675 0.499813
0.4685 0.499726
0.4695 0.499686
0.4705 0.499657
0.4715 0.499645
0.4725 0.499647
0.4735 0.499661
0.4745 0.49971
0.4755 0.499762
0.4765 0.499802
0.4775 0.499844
0.4785 0.499864
0.4795 0.499879
0.4805 0.499884
0.4815 0.499877
0.4825 0.499856
0.4835 0.499815
0.4845 0.499748
0.4855 0.499652
0.4865 0.499504
0.4875 0.499342
0.4885 0.499233
0.4895 0.499031
0.4905 0.498847
0.4915 0.498771
0.4925 0.498721
0.4935 0.498706
0.4945 0.49873
0.4955 0.498795
0.4965 0.498922
0.4975 0.499094
0.4985 0.499435
0.4995 0.499815
0.5005 0.500017
0.5015 0.500419
0.5025 0.500792
0.5035 0.501007
0.5045 0.501175
0.5055 0.501261
0.5065 0.501306
0.5075 0.501312
0.5085 0.501282
0.5095 0.501203
0.5105 0.501058
0.5115 0.500889
0.5125 0.500748
0.5135 0.500581
0.5145 0.500342
0.5155 0.500157
0.5165 0.50005
0.5175 0.499959
0.5185 0.499898
0.5195 0.499872
0.5205 0.49986
0.5215 0.499864
0.5225 0.499883
0.5235 0.499923
0.5245 0.499975
0.5255 0.500077
0.5265 0.500176
0.5275 0.500217
0.5285 0.500244
0.5295 0.500255
0.5305 0.500252
0.5315 0.500235
0.5325 0.500209
0.5335 0.500144
0.5345 0.500078
0.5355 0.500044
0.5365 0.499979
0.5375 0.499885
0.5385 0.499746
0.5395 0.499425
0.5405 0.498698
0.5415 0.497027
0.5425 0.493429
0.5435 0.485952
0.5445 0.47106
0.5455 0.443211
0.5465 0.394834
0.5475 0.339301
0.5485 0.302281
0.5495 0.281258
0.5505 0.265242
0.5515 0.250577
0.5525 0.243842
0.5535 0.246838
0.5545 0.25391
0.5555 0.25998
0.5565 0.253562
0.5575 0.246401
0.5585 0.245785
0.5595 0.246645
0.5605 0.251773
0.5615 0.254592
0.5625 0.254083
0.5635 0.248802
0.5645 0.246935
0.5655 0.247497
0.5665 0.248806
0.5675 0.252494
0.5685 0.253452
0.5695 0.250833
0.5705 0.247392
0.5715 0.247207
0.5725 0.249483
0.5735 0.252036
0.5745 0.253043
0.5755 0.251043
0.5765 0.248716
0.5775 0.24806
0.5785 0.249928
0.5795 0.251968
0.5805 0.25294
0.5815 0.251932
0.5825 0.25049
0.5835 0.249812
0.5845 0.250027
0.5855 0.251926
0.5865 0.253254
0.5875 0.253372
0.5885 0.252921
0.5895 0.252536
0.5905 0.252731
0.5915 0.253797
0.5925 0.254767
0.5935 0.254794
0.5945 0.254081
0.5955 0.253219
0.5965 0.252932
0.5975 0.252961
0.5985 0.252964
0.5995 0.25249
0.6005 0.25053
0.6015 0.24828
0.6025 0.247443
0.6035 0.247012
0.6045 0.24678
0.6055 0.246524
0.6065 0.245821
0.6075 0.245047
0.6085 0.2448
0.6095 0.244841
0.6105 0.245462
0.6115 0.246134
0.6125 0.246414
0.6135 0.246661
0.6145 0.246929
0.6155 0.247266
0.6165 0.248144
0.6175 0.249012
0.6185 0.249291
0.6195 0.249527
0.6205 0.24974
0.6215 0.249994
0.6225 0.25069
0.6235 0.251272
0.6245 0.251318
0.6255 0.251064
0.6265 0.250701
0.6275 0.250464
0.6285 0.250335
0.6295 0.250252
0.6305 0.250118
0.6315 0.249818
0.6325 0.249461
0.6335 0.249118
0.6345 0.248896
0.6355 0.248781
0.6365 0.248713
0.6375 0.248685
0.6385 0.248698
0.6395 0.248791
0.6405 0.248932
0.6415 0.249249
0.6425 0.249764
0.6435 0.250017
0.6445 0.250136
0.6455 0.25021
0.6465 0.250269
0.6475 0.250373
0.6485 0.250687
0.6495 0.251021
0.6505 0.251105
0.6515 0.251045
0.6525 0.250706
0.6535 0.250294
0.6545 0.250126
0.6555 0.250041
0.6565 0.250006
0.6575 0.249973
0.6585 0.249864
0.6595 0.249752
0.6605 0.249735
0.6615 0.249783
0.6625 0.249813
0.6635 0.249748
0.6645 0.24965
0.6655 0.24961
0.6665 0.249695
0.6675 0.250035
0.6685 0.250472
0.6695 0.250634
0.6705 0.25058
0.6715 0.250224
0.6725 0.249969
0.6735 0.250139
0.6745 0.251037
0.6755 0.251796
0.6765 0.251757
0.6775 0.250696
0.6785 0.249512
0.6795 0.249299
0.6805 0.249477
0.6815 0.249749
0.6825 0.249755
0.6835 0.249192
0.6845 0.248665
0.6855 0.24868
0.6865 0.249264
0.6875 0.249875
0.6885 0.249943
0.6895 0.249606
0.6905 0.249276
0.6915 0.249476
0.6925 0.250114
0.6935 0.250891
0.6945 0.25136
0.6955 0.250984
0.6965 0.24991
0.6975 0.249101
0.6985 0.249379
0.6995 0.250994
0.7005 0.252229
0.7015 0.252143
0.7025 0.250219
0.7035 0.248479
0.7045 0.248325
0.7055 0.249467
0.7065 0.250628
0.7075 0.250559
0.7085 0.249191
0.7095 0.247884
0.7105 0.24814
0.7115 0.249974
0.7125 0.252079
0.7135 0.252394
0.7145 0.250718
0.7155 0.24789
0.7165 0.247825
0.7175 0.249565
0.7185 0.252708
0.7195 0.254849
0.7205 0.252867
0.7215 0.24882
0.7225 0.245068
0.7235 0.246313
0.7245 0.251116
0.7255 0.255228
0.7265 0.253304
0.7275 0.248318
0.7285 0.243849
0.7295 0.244304
0.7305 0.25126
0.7315 0.256588
0.7325 0.2548
0.7335 0.247503
0.7345 0.244945
0.7355 0.243896
0.7365 0.24769
0.7375 0.258323
0.7385 0.259364
0.7395 0.25371
0.7405 0.243401
0.7415 0.241594
0.7425 0.242733
0.7435 0.256899
0.7445 0.269595
0.7455 0.257414
0.7465 0.243178
0.7475 0.23708
0.7485 0.250581
0.7495 0.279964
0.7505 0.312149
0.7515 0.354426
0.7525 0.428717
0.7535 0.539995
0.7545 0.636894
0.7555 0.692702
0.7565 0.72253
0.7575 0.73751
0.7585 0.744724
0.7595 0.748015
0.7605 0.749421
0.7615 0.750017
0.7625 0.750256
0.7635 0.750349
0.7645 0.750375
0.7655 0.750367
0.7665 0.750337
0.7675 0.750291
0.7685 0.750206
0.7695 0.75009
0.7705 0.749949
0.7715 0.749783
0.7725 0.749655
0.7735 0.749539
0.7745 0.749461
0.7755 0.749432
0.7765 0.749422
0.7775 0.749443
0.7785 0.7495
0.7795 0.749584
0.7805 0.749738
0.7815 0.749966
0.7825 0.750239
0.7835 0.750576
0.7845 0.750845
0.7855 0.751075
0.7865 0.751235
0.7875 0.751302
0.7885 0.751345
0.7895 0.751343
0.7905 0.751299
0.7915 0.75121
0.7925 0.75108
0.7935 0.750791
0.7945 0.750466
0.7955 0.750288
0.7965 0.749929
0.7975 0.749584
0.7985 0.749358
0.7995 0.749175
0.8005 0.749088
0.8015 0.749044
0.8025 0.749046
0.8035 0.749097
0.8045 0.749205
0.8055 0.74937
0.8065 0.749624
0.8075 0.750026
0.8085 0.750362
0.8095 0.750567
0.8105 0.750725
0.8115 0.750832
0.8125 0.750876
0.8135 0.750869
0.8145 0.750813
0.8155 0.750711
0.8165 0.750502
0.8175 0.750246
0.8185 0.749857
0.8195 0.749447
0.8205 0.749172
0.8215 0.748951
0.8225 0.748828
0.8235 0.748745
0.8245 0.748707
0.8255 0.748712
0.8265 0.748759
0.8275 0.748858
0.8285 0.748977
0.8295 0.749232
0.8305 0.74953
0.8315 0.74989
0.8325 0.750303
0.8335 0.750572
0.8345 0.750766
0.8355 0.750875
0.8365 0.750925
0.8375 0.750905
0.8385 0.750774
0.8395 0.750437
0.8405 0.749667
0.8415 0.747845
0.8425 0.744043
0.8435 0.736416
0.8445 0.721285
0.8455 0.693066
0.8465 0.644425
0.8475 0.588712
0.8485 0.551476
0.8495 0.530278
0.8505 0.514162
0.8515 0.499535
0.8525 0.492734
0.8535 0.49609
0.8545 0.503604
0.8555 0.50983
0.8565 0.503801
0.8575 0.496937
0.8585 0.496481
0.8595 0.497494
0.8605 0.502724
0.8615 0.505589
0.8625 0.50508
0.8635 0.499694
0.8645 0.497694
0.8655 0.498059
0.8665 0.499252
0.8675 0.502575
0.8685 0.503176
0.8695 0.500396
0.8705 0.496696
0.8715 0.496375
0.8725 0.498503
0.8735 0.500914
0.8745 0.50186
0.8755 0.4998
0.8765 0.497399
0.8775 0.496934
0.8785 0.499036
0.8795 0.501344
0.8805 0.502572
0.8815 0.501694
0.8825 0.500297
0.8835 0.499528
0.8845 0.499681
0.8855 0.501212
0.8865 0.502034
0.8875 0.501872
0.8885 0.5007
0.8895 0.499645
0.8905 0.499449
0.8915 0.499902
0.8925 0.500395
0.8935 0.500343
0.8945 0.499553
0.8955 0.498803
0.8965 0.498828
0.8975 0.499582
0.8985 0.500432
0.8995 0.500482
0.9005 0.499829
0.9015 0.499013
0.9025 0.498969
0.9035 0.499643
0.9045 0.500489
0.9055 0.500782
0.9065 0.500693
0.9075 0.500393
0.9085 0.500174
0.9095 0.500136
0.9105 0.500342
0.9115 0.500523
0.9125 0.500483
0.9135 0.500114
0.9145 0.499727
0.9155 0.49966
0.9165 0.499779
0.9175 0.499883
0.9185 0.499801
0.9195 0.499633
0.9205 0.499535
0.9215 0.499637
0.9225 0.500263
0.9235 0.500843
0.9245 0.500883
0.9255 0.500505
0.9265 0.500063
0.9275 0.500019
0.9285 0.500249
0.9295 0.450557
0.9305 349.118
0.9315 -2.43245e+06
0.9325 1.69722e+10
0.9335 -1.18422e+14
0.9345 8.26278e+17
0.9355 -5.76528e+21
0.9365 4.02267e+25
0.9375 -2.80678e+29
0.9385 1.95841e+33
0.9395 -1.36646e+37
0.9405 9.53436e+40
0.9415 -6.65251e+44
0.9425 4.64173e+48
0.9435 -3.23873e+52
0.9445 2.25979e+56
0.9455 -1.57675e+60
0.9465 1.10016e+64
0.9475 -7.67628e+67
0.9485 5.35606e+71
0.9495 -3.73714e+75
0.9505 2.60756e+79
0.9515 -1.8194e+83
0.9525 1.26947e+87
0.9535 -8.8576e+90
0.9545 6.18031e+94
0.9555 -4.31226e+98
0.9565 3.00884e+102
0.9575 -2.09939e+106
0.9585 1.46483e+110
0.9595 -1.02207e+114
0.9605 4.22135e+117
0.9615 1.19152e+119
0.9625 1.79948e+120
0.9635 1.90814e+121
0.9645 1.5821e+122
0.9655 1.08621e+123
0.9665 6.39783e+123
0.9675 3.31145e+124
0.9685 1.5325e+125
0.9695 6.42471e+125
0.9705 2.46454e+126
0.9715 8.71897e+126
0.9725 2.86272e+127
0.9735 8.76501e+127
0.9745 2.50984e+128
0.9755 6.73836e+128
0.9765 1.7002e+129
0.9775 4.04479e+129
0.9785 9.10214e+129
0.9795 1.94478e+130
0.9805 3.87654e+130
0.9815 6.7483e+130
0.9825 1.23373e+131
0.9835 2.31053e+131
0.9845 3.44594e+131
0.9855 6.4429e+131
0.9865 1.16873e+132
0.9875 1.70496e+132
0.9885 2.99166e+132
0.9895 4.30603e+132
0.9905 2.63143e+132
0.9915 -8.80901e+132
0.9925 -4.55865e+133
0.9935 -1.38263e+134
0.9945 -3.35938e+134
0.9955 1.56069e+136
0.9965 8.19427e+136
0.9975 -1.27358e+140
0.9985 8.89783e+143
0.9995 -6.20838e+147

# time= 1
0.0005 -9.03371e+207
0.0015 1.29471e+204
0.0025 -1.85557e+200
0.0035 2.6594e+196
0.0045 -3.81144e+192
0.0055 5.46254e+188
0.0065 -7.8289e+184
0.0075 1.12204e+181
0.0085 -1.6081e+177
0.0095 2.30472e+173
0.0105 -3.30312e+169
0.0115 4.73402e+165
0.0125 -6.78478e+161
0.0135 9.72387e+157
0.0145 -1.42036e+154
0.0155 -1.54279e+152
0.0165 -9.01889e+151
0.0175 -5.16872e+151
0.0185 -2.86437e+151
0.0195 -1.51658e+151
0.0205 -7.66798e+150
0.0215 -3.6864e+150
0.0225 -1.67501e+150
0.0235 -7.17062e+149
0.0245 -2.8861e+149
0.0255 -1.09031e+149
0.0265 -3.87061e+148
0.0275 -1.28818e+148
0.0285 -4.00244e+147
0.0295 -1.15503e+147
0.0305 -3.07662e+146
0.0315 -7.5057e+145
0.0325 -1.6606e+145
0.0335 -3.28938e+144
0.0345 -5.73376e+143
0.0355 -8.58501e+142
0.0365 -1.06527e+142
0.0375 -1.03388e+141
0.0385 -7.04331e+139
0.0395 -2.56636e+138
0.0405 5.789e+134
0.0415 -8.29505e+130
0.0425 2.02242e+127
0.0435 3.91625e+126
0.0445 1.78784e+126
0.0455 7.91178e+125
0.0465 3.39656e+125
0.0475 1.41572e+125
0.0485 5.73224e+124
0.0495 2.25438e+124
0.0505 8.60929e+123
0.0515 3.19116e+123
0.0525 1.14739e+123
0.0535 3.99878e+122
0.0545 1.34969e+122
0.0555 4.40782e+121
0.0565 1.39139e+121
0.0575 4.24049e+120
0.0585 1.24618e+120
0.0595 3.52641e+119
0.0605 9.59397e+118
0.0615 2.50505e+118
0.0625 6.26519e+117
0.0635 1.49759e+117
0.0645 3.4128e+116
0.0655 7.39357e+115
0.0665 1.51781e+115
0.0675 2.94159e+114
0.0685 5.35887e+113
0.0695 9.13039e+112
0.0705 1.44617e+112
0.0715 2.11407e+111
0.0725 2.8271e+110
0.0735 3.42036e+109
0.0745 3.69095e+108
0.0755 3.48622e+107
0.0765 2.80798e+106
0.0775 1.85612e+105
0.0785 9.46793e+103
0.0795 3.32437e+102
0.0805 6.04152e+100
0.0815 -1.36588e+97
0.0825 1.95757e+93
0.0835 -2.80559e+89
0.0845 4.02096e+85
0.0855 -5.76283e+81
0.0865 8.25926e+77
0.0875 -1.18372e+74
0.0885 1.6965e+70
0.0895 -2.43141e+66
0.0905 3.48469e+62
0.0915 -4.99425e+58
0.0925 7.15774e+54
0.0935 -1.02585e+51
0.0945 1.47024e+47
0.0955 -2.10714e+43
0.0965 3.01995e+39
0.0975 -4.32818e+35
0.0985 6.20313e+31
0.0995 -8.89031e+27
0.1005 1.27416e+24
0.1015 -1.82612e+20
0.1025 2.61718e+16
0.1035 -3.75094e+12
0.1045 5.37583e+08
0.1055 -77045.3
0.1065 12.0421
0.1075 0.998517
0.1085 1.00038
0.1095 1.00034
0.1105 0.999463
0.1115 0.998455
0.1125 0.998127
0.1135 0.998131
0.1145 0.998565
0.1155 0.999102
0.1165 0.999382
0.1175 0.999599
0.1185 0.999819
0.1195 0.999976
0.1205 1.00021
0.1215 1.00042
0.1225 1.0005
0.1235 1.00056
0.1245 1.00065
0.1255 1.00079
0.1265 1.00097
0.1275 1.00108
0.1285 1.00106
0.1295 1.00072
0.1305 1.00038
0.1315 1.00032
0.1325 1.00033
0.1335 1.00029
0.1345 1.0001
0.1355 0.999484
0.1365 0.998768
0.1375 0.998446
0.1385 0.99829
0.1395 0.998303
0.1405 0.998438
0.1415 0.99886
0.1425 0.999324
0.1435 0.999581
0.1445 0.999946
0.1455 1.00021
0.1465 1.0003
0.1475 1.00026
0.1485 1.00001
0.1495 0.999776
0.1505 0.99976
0.1515 0.999828
0.1525 0.999993
0.1535 1.00013
0.1545 1.00017
0.1555 1.00015
0.1565 1.00006
0.1575 0.999845
0.1585 0.999553
0.1595 0.999352
0.1605 0.999228
0.1615 0.999186
0.1625 0.999235
0.1635 0.999356
0.1645 0.999608
0.1655 0.999815
0.1665 0.999871
0.1675 0.999865
0.1685 0.999869
0.1695 0.999957
0.1705 1.00031
0.1715 1.00072
0.1725 1.00088
0.1735 1.00096
0.1745 1.001
0.1755 1.001
0.1765 1.00099
0.1775 1.00094
0.1785 1.00087
0.1795 1.00064
0.1805 1.00037
0.1815 1.00022
0.1825 1.00001
0.1835 0.999716
0.1845 0.999483
0.1855 0.99914
0.1865 0.998881
0.1875 0.99888
0.1885 0.999057
0.1895 0.999635
0.1905 1.00015
0.1915 1.00023
0.1925 1.00008
0.1935 0.999882
0.1945 0.999903
0.1955 1.00024
0.1965 1.00057
0.1975 1.00059
0.1985 1.0004
0.1995 1.00017
0.2005 1.00013
0.2015 1.00024
0.2025 1.00039
0.2035 1.00041
0.2045 1.00026
0.2055 1.00009
0.2065 1.00003
0.2075 1.00003
0.2085 0.999994
0.2095 0.999885
0.2105 0.999524
0.2115 0.999138
0.2125 0.99908
0.2135 0.999259
0.2145 1.00001
0.2155 1.00066
0.2165 1.00066
0.2175 0.999964
0.2185 0.999263
0.2195 0.999241
0.2205 0.999859
0.2215 1.00051
0.2225 1.00054
0.2235 0.999988
0.2245 0.999386
0.2255 0.999339
0.2265 0.99977
0.2275 1.00026
0.2285 1.0003
0.2295 0.999983
0.2305 0.999661
0.2315 0.999675
0.2325 0.999988
0.2335 1.00035
0.2345 1.00033
0.2355 0.99999
0.2365 0.999423
0.2375 0.999067
0.2385 0.999298
0.2395 1.00067
0.2405 1.00184
0.2415 1.00177
0.2425 1.00014
0.2435 0.998561
0.2445 0.998513
0.2455 0.999883
0.2465 1.00125
0.2475 1.00125
0.2485 0.999886
0.2495 0.998579
0.2505 0.998543
0.2515 0.999674
0.2525 1.0009
0.2535 1.00089
0.2545 1.00012
0.2555 0.999031
0.2565 0.998873
0.2575 0.999709
0.2585 1.00105
0.2595 1.00182
0.2605 1.00123
0.2615 0.999428
0.2625 0.997986
0.2635 0.998258
0.2645 1.00137
0.2655 1.00412
0.2665 1.00392
0.2675 1.00018
0.2685 0.996607
0.2695 0.996652
0.2705 1.00005
0.2715 1.00366
0.2725 1.00364
0.2735 1.00051
0.2745 0.996167
0.2755 0.995938
0.2765 0.999055
0.2775 1.00342
0.2785 1.00521
0.2795 1.00201
0.2805 0.99762
0.2815 0.995442
0.2825 0.996579
0.2835 1.0051
0.2845 1.01011
0.2855 1.00674
0.2865 1.00025
0.2875 0.994448
0.2885 0.995945
0.2895 1.00514
0.2905 1.00949
0.2915 1.00983
0.2925 0.994292
0.2935 0.973359
0.2945 0.953052
0.2955 0.928859
0.2965 0.904336
0.2975 0.857668
0.2985 0.806669
0.2995 0.770611
0.3005 0.729159
0.3015 0.693122
0.3025 0.642011
0.3035 0.595478
0.3045 0.571086
0.3055 0.546882
0.3065 0.526674
0.3075 0.505788
0.3085 0.490283
0.3095 0.490636
0.3105 0.494995
0.3115 0.504205
0.3125 0.505654
0.3135 0.499781
0.3145 0.49324
0.3155 0.489819
0.3165 0.494796
0.3175 0.50325
0.3185 0.50433
0.3195 0.502098
0.3205 0.497672
0.3215 0.494454
0.3225 0.496216
0.3235 0.500616
0.3245 0.503769
0.3255 0.50355
0.3265 0.499289
0.3275 0.496225
0.3285 0.496238
0.3295 0.500012
0.3305 0.50357
0.3315 0.50366
0.3325 0.500169
0.3335 0.49649
0.3345 0.49629
0.3355 0.499036
0.3365 0.502122
0.3375 0.502335
0.3385 0.500818
0.3395 0.498923
0.3405 0.498278
0.3415 0.498983
0.3425 0.500271
0.3435 0.501063
0.3445 0.500872
0.3455 0.499772
0.3465 0.49899
0.3475 0.498974
0.3485 0.500202
0.3495 0.501343
0.3505 0.501314
0.3515 0.500025
0.3525 0.498684
0.3535 0.498702
0.3545 0.500127
0.3555 0.50156
0.3565 0.50154
0.3575 0.500001
0.3585 0.498403
0.3595 0.498337
0.3605 0.499529
0.3615 0.500919
0.3625 0.501134
0.3635 0.500737
0.3645 0.500123
0.3655 0.499775
0.3665 0.499758
0.3675 0.500119
0.3685 0.500429
0.3695 0.500439
0.3705 0.500104
0.3715 0.499766
0.3725 0.499798
0.3735 0.500246
0.3745 0.50063
0.3755 0.500556
0.3765 0.499892
0.3775 0.499272
0.3785 0.499264
0.3795 0.499843
0.3805 0.500395
0.3815 0.500347
0.3825 0.499614
0.3835 0.498914
0.3845 0.498935
0.3855 0.499584
0.3865 0.500366
0.3875 0.500615
0.3885 0.500635
0.3895 0.500385
0.3905 0.500145
0.3915 0.500107
0.3925 0.500175
0.3935 0.500273
0.3945 0.50027
0.3955 0.500118
0.3965 0.49999
0.3975 0.500011
0.3985 0.500085
0.3995 0.500127
0.4005 0.500057
0.4015 0.499696
0.4025 0.499376
0.4035 0.49936
0.4045 0.499627
0.4055 0.499913
0.4065 0.49993
0.4075 0.499712
0.4085 0.49952
0.4095 0.499583
0.4105 0.500007
0.4115 0.50049
0.4125 0.50064
0.4135 0.500664
0.4145 0.500517
0.4155 0.500356
0.4165 0.500323
0.4175 0.500333
0.4185 0.500354
0.4195 0.500351
0.4205 0.500304
0.4215 0.500237
0.4225 0.500189
0.4235 0.500148
0.4245 0.500096
0.4255 0.500014
0.4265 0.499862
0.4275 0.499743
0.4285 0.49973
0.4295 0.499775
0.4305 0.499871
0.4315 0.49996
0.4325 0.500022
0.4335 0.50009
0.4345 0.500154
0.4355 0.50028
0.4365 0.500408
0.4375 0.500449
0.4385 0.500467
0.4395 0.500474
0.4405 0.500486
0.4415 0.500517
0.4425 0.500618
0.4435 0.500725
0.4445 0.500753
0.4455 0.500739
0.4465 0.500683
0.4475 0.500551
0.4485 0.500334
0.4495 0.500027
0.4505 0.499672
0.4515 0.499421
0.4525 0.499263
0.4535 0.499181
0.4545 0.499163
0.4555 0.499207
0.4565 0.499293
0.4575 0.499497
0.4585 0.499679
0.4595 0.499744
0.4605 0.499775
0.4615 0.499786
0.4625 0.499796
0.4635 0.499821
0.4645 0.49988
0.4655 0.499929
0.4665 0.499939
0.4675 0.499935
0.4685 0.499937
0.4695 0.49996
0.4705 0.499994
0.4715 0.500012
0.4725 0.499985
0.4735 0.499828
0.4745 0.499655
0.4755 0.499602
0.4765 0.499583
0.4775 0.499581
0.4785 0.499578
0.4795 0.499576
0.4805 0.499585
0.4815 0.499617
0.4825 0.499654
0.4835 0.499645
0.4845 0.499582
0.4855 0.499372
0.4865 0.499136
0.4875 0.499064
0.4885 0.499103
0.4895 0.499414
0.4905 0.499699
0.4915 0.499699
0.4925 0.499418
0.4935 0.499145
0.4945 0.499154
0.4955 0.499468
0.4965 0.499811
0.4975 0.49986
0.4985 0.4997
0.4995 0.499532
0.5005 0.499581
0.5015 0.499888
0.5025 0.500256
0.5035 0.500412
0.5045 0.500495
0.5055 0.500555
0.5065 0.500666
0.5075 0.50085
0.5085 0.500977
0.5095 0.500943
0.5105 0.50069
0.5115 0.500393
0.5125 0.500317
0.5135 0.500478
0.5145 0.501043
0.5155 0.501494
0.5165 0.501434
0.5175 0.500589
0.5185 0.499722
0.5195 0.499617
0.5205 0.500077
0.5215 0.500592
0.5225 0.500566
0.5235 0.499938
0.5245 0.49929
0.5255 0.499237
0.5265 0.499667
0.5275 0.500171
0.5285 0.50024
0.5295 0.499971
0.5305 0.499704
0.5315 0.49974
0.5325 0.5001
0.5335 0.500507
0.5345 0.500502
0.5355 0.500162
0.5365 0.499517
0.5375 0.499089
0.5385 0.49929
0.5395 0.500599
0.5405 0.501707
0.5415 0.501611
0.5425 0.499946
0.5435 0.498343
0.5445 0.498296
0.5455 0.49969
0.5465 0.501096
0.5475 0.501113
0.5485 0.499787
0.5495 0.498529
0.5505 0.498529
0.5515 0.499727
0.5525 0.501025
0.5535 0.50105
0.5545 0.500327
0.5555 0.499291
0.5565 0.499128
0.5575 0.499948
0.5585 0.501261
0.5595 0.501977
0.5605 0.501344
0.5615 0.499411
0.5625 0.49786
0.5635 0.498067
0.5645 0.501107
0.5655 0.503807
0.5665 0.503591
0.5675 0.499858
0.5685 0.496315
0.5695 0.49639
0.5705 0.499914
0.5715 0.503661
0.5725 0.503684
0.5735 0.500625
0.5745 0.496374
0.5755 0.49618
0.5765 0.499369
0.5775 0.503807
0.5785 0.505597
0.5795 0.502407
0.5805 0.497993
0.5815 0.495769
0.5825 0.496846
0.5835 0.50523
0.5845 0.510061
0.5855 0.506511
0.5865 0.499802
0.5875 0.493822
0.5885 0.495209
0.5895 0.504418
0.5905 0.508764
0.5915 0.50909
0.5925 0.49365
0.5935 0.472909
0.5945 0.452757
0.5955 0.428694
0.5965 0.404389
0.5975 0.358362
0.5985 0.307702
0.5995 0.271414
0.6005 0.229595
0.6015 0.193412
0.6025 0.142376
0.6035 0.0959287
0.6045 0.0714552
0.6055 0.0472203
0.6065 0.0268899
0.6075 0.00587936
0.6085 -0.00973666
0.6095 -0.00939864
0.6105 -0.00511288
0.6115 0.00401829
0.6125 0.00538705
0.6135 -0.000575914
0.6145 -0.007185
0.6155 -0.0105832
0.6165 -0.00557157
0.6175 0.00299898
0.6185 0.00427295
0.6195 0.00224305
0.6205 -0.00199341
0.6215 -0.00505907
0.6225 -0.00314826
0.6235 0.0012778
0.6245 0.00444825
0.6255 0.00427356
0.6265 -7.64639e-05
0.6275 -0.00323166
0.6285 -0.0032532
0.6295 0.000244854
0.6305 0.00351843
0.6315 0.00350956
0.6325 -0.000214529
0.6335 -0.00411658
0.6345 -0.0043591
0.6355 -0.00172324
0.6365 0.0012886
0.6375 0.00155815
0.6385 4.45939e-05
0.6395 -0.00182862
0.6405 -0.00235018
0.6415 -0.0015059
0.6425 -4.3359e-05
0.6435 0.000911084
0.6445 0.00086323
0.6455 -6.73287e-05
0.6465 -0.000708316
0.6475 -0.000639492
0.6485 0.000651846
0.6495 0.00181651
0.6505 0.00180644
0.6515 0.000495869
0.6525 -0.000904069
0.6535 -0.000934022
0.6545 0.000361374
0.6555 0.00164944
0.6565 0.00156192
0.6575 -9.16837e-05
0.6585 -0.00177281
0.6595 -0.00186158
0.6605 -0.000751574
0.6615 0.000572903
0.6625 0.000812944
0.6635 0.000462153
0.6645 -9.42504e-05
0.6655 -0.000390243
0.6665 -0.000354541
0.6675 0.000117455
0.6685 0.000535323
0.6695 0.000601224
0.6705 0.000382367
0.6715 0.000145631
0.6725 0.000236502
0.6735 0.000707553
0.6745 0.00109065
0.6755 0.00102536
0.6765 0.000307173
0.6775 -0.000411514
0.6785 -0.000488392
0.6795 -8.16032e-05
0.6805 0.000291304
0.6815 0.000164203
0.6825 -0.000696881
0.6835 -0.00148178
0.6845 -0.00148258
0.6855 -0.00091636
0.6865 -0.000201238
0.6875 8.32301e-05
0.6885 0.000140985
0.6895 -1.23465e-05
0.6905 -0.000154368
0.6915 -0.000143384
0.6925 6.767e-05
0.6935 0.000319526
0.6945 0.000378278
0.6955 0.000376775
0.6965 0.000382196
0.6975 0.000442051
0.6985 0.000535795
0.6995 0.000577866
0.7005 0.00049867
0.7015 8.00012e-05
0.7025 -0.00033842
0.7035 -0.000415141
0.7045 -0.000303801
0.7055 -0.00019429
0.7065 -0.00028008
0.7075 -0.000567626
0.7085 -0.000786681
0.7095 -0.000728945
0.7105 -0.000311244
0.7115 0.000206453
0.7125 0.000446988
0.7135 0.000526393
0.7145 0.00047712
0.7155 0.000388692
0.7165 0.000340676
0.7175 0.000348872
0.7185 0.000368552
0.7195 0.000370133
0.7205 0.000341122
0.7215 0.00028139
0.7225 0.000218905
0.7235 0.000161135
0.7245 8.59858e-05
0.7255 -4.26867e-05
0.7265 -0.000310015
0.7275 -0.00053134
0.7285 -0.000579106
0.7295 -0.000546553
0.7305 -0.000484105
0.7315 -0.000431707
0.7325 -0.000395564
0.7335 -0.000336983
0.7345 -0.000222277
0.7355 0.00013593
0.7365 0.000519958
0.7375 0.000647729
0.7385 0.000697775
0.7395 0.000687893
0.7405 0.000610047
0.7415 0.000509646
0.7425 0.000438315
0.7435 0.000351864
0.7445 0.000287799
0.7455 0.000181682
0.7465 6.87956e-05
0.7475 -3.02165e-05
0.7485 -0.000124958
0.7495 -0.000262225
0.7505 -0.000405088
0.7515 -0.000466999
0.7525 -0.000506324
0.7535 -0.000514137
0.7545 -0.000483521
0.7555 -0.000427655
0.7565 -0.000317501
0.7575 -0.000199777
0.7585 -4.9292e-05
0.7595 0.000100669
0.7605 0.000337006
0.7615 0.000579713
0.7625 0.000655796
0.7635 0.000669168
0.7645 0.000623561
0.7655 0.000535641
0.7665 0.0003824
0.7675 0.000195358
0.7685 4.51778e-05
0.7695 -9.22913e-05
0.7705 -0.000243623
0.7715 -0.000430984
0.7725 -0.000548717
0.7735 -0.000619652
0.7745 -0.000670253
0.7755 -0.000681721
0.7765 -0.000652483
0.7775 -0.000583875
0.7785 -0.000480032
0.7795 -0.000223988
0.7805 4.33516e-05
0.7815 0.000211529
0.7825 0.000379265
0.7835 0.00053769
0.7845 0.000653883
0.7855 0.000844024
0.7865 0.00102587
0.7875 0.0011118
0.7885 0.0011723
0.7895 0.00119295
0.7905 0.00117169
0.7915 0.00110907
0.7925 0.000977506
0.7935 0.000806339
0.7945 0.000502668
0.7955 0.000208291
0.7965 5.2711e-05
0.7975 -0.000190179
0.7985 -0.000443356
0.7995 -0.000573559
0.8005 -0.000691742
0.8015 -0.000767789
0.8025 -0.000793932
0.8035 -0.000778968
0.8045 -0.000706478
0.8055 -0.000572543
0.8065 -0.000247443
0.8075 0.000125632
0.8085 0.00036031
0.8095 0.000687209
0.8105 0.0009278
0.8115 0.00102585
0.8125 0.00103404
0.8135 0.000952955
0.8145 0.000720929
0.8155 0.000432727
0.8165 0.000237559
0.8175 -0.00012828
0.8185 -0.000480755
0.8195 -0.000657408
0.8205 -0.000917729
0.8215 -0.0011316
0.8225 -0.0012181
0.8235 -0.00124749
0.8245 -0.00121891
0.8255 -0.00115865
0.8265 -0.00103307
0.8275 -0.000876257
0.8285 -0.000697088
0.8295 -0.000460973
0.8305 -0.00028832
0.8315 -3.39197e-05
0.8325 0.000222729
0.8335 0.000375205
0.8345 0.000693123
0.8355 0.000990923
0.8365 0.00108048
0.8375 0.00108552
0.8385 0.000993736
0.8395 0.000648431
0.8405 0.000297562
0.8415 6.61258e-05
0.8425 -0.000196808
0.8435 -0.000392818
0.8445 -0.000628536
0.8455 -0.000765561
0.8465 -0.00084743
0.8475 -0.000871784
0.8485 -0.000824839
0.8495 -0.000710377
0.8505 -0.00053546
0.8515 -0.000349537
0.8525 -0.000200077
0.8535 -0.000107404
0.8545 8.59764e-05
0.8555 0.000274973
0.8565 0.000371935
0.8575 0.000493467
0.8585 0.000726916
0.8595 0.00094769
0.8605 0.0011846
0.8615 0.00135507
0.8625 0.00134148
0.8635 0.00115717
0.8645 0.000509751
0.8655 -0.000119168
0.8665 -0.000322606
0.8675 -0.000433285
0.8685 -0.000520555
0.8695 -0.000658596
0.8705 -0.000903834
0.8715 -0.0010781
0.8725 -0.00103883
0.8735 -0.000715084
0.8745 -0.000307472
0.8755 -9.9505e-05
0.8765 1.02897e-05
0.8775 8.04327e-05
0.8785 0.000145334
0.8795 0.000280107
0.8805 0.000418319
0.8815 0.000462483
0.8825 0.000501679
0.8835 0.000576085
0.8845 0.000744672
0.8855 0.00113266
0.8865 0.00142035
0.8875 0.00134877
0.8885 0.000966115
0.8895 -7.0346e-05
0.8905 -0.000954862
0.8915 -0.00110676
0.8925 -0.000693185
0.8935 -0.00131802
0.8945 7.52838
0.8955 -52530.5
0.8965 3.66527e+08
0.8975 -2.55741e+12
0.8985 1.78441e+16
0.8995 -1.24505e+20
0.9005 8.68726e+23
0.9015 -6.06146e+27
0.9025 4.22933e+31
0.9035 -2.95097e+35
0.9045 2.05902e+39
0.9055 -1.43666e+43
0.9065 1.00242e+47
0.9075 -6.99427e+50
0.9085 4.88019e+54
0.9095 -3.40511e+58
0.9105 2.37588e+62
0.9115 -1.65775e+66
0.9125 1.15668e+70
0.9135 -8.07063e+73
0.9145 5.63121e+77
0.9155 -3.92912e+81
0.9165 2.74151e+85
0.9175 -1.91286e+89
0.9185 1.33468e+93
0.9195 -9.31263e+96
0.9205 3.83614e+100
0.9215 2.11581e+102
0.9225 6.04126e+103
0.9235 1.1877e+105
0.9245 1.80226e+106
0.9255 2.24464e+107
0.9265 2.38401e+108
0.9275 2.21613e+109
0.9285 1.83724e+110
0.9295 1.37774e+111
0.9305 9.44926e+111
0.9315 5.97991e+112
0.9325 3.51717e+113
0.9335 1.9342e+114
0.9345 9.99575e+114
0.9355 4.87543e+115
0.9365 2.25273e+116
0.9375 9.89252e+116
0.9385 4.14032e+117
0.9395 1.65566e+118
0.9405 6.33975e+118
0.9415 2.3291e+119
0.9425 8.22384e+119
0.9435 2.7952e+120
0.9445 9.15819e+120
0.9455 2.89605e+121
0.9465 8.84878e+121
0.9475 2.61497e+122
0.9485 7.48042e+122
0.9495 2.07295e+123
0.9505 5.56856e+123
0.9515 1.45094e+124
0.9525 3.66901e+124
0.9535 9.00909e+124
0.9545 2.14923e+125
0.9555 4.98071e+125
0.9565 1.12081e+126
0.9575 2.44792e+126
0.9585 1.33094e+127
0.9595 -5.65571e+130
0.9605 3.94697e+134
0.9615 -1.63028e+138
0.9625 -4.49223e+139
0.9635 -6.63265e+140
0.9645 -6.88091e+141
0.9655 -5.58402e+142
0.9665 -3.75317e+143
0.9675 -2.16438e+144
0.9685 -1.09685e+145
0.9695 -4.96987e+145
0.9705 -2.03981e+146
0.9715 -7.65961e+146
0.9725 -2.65209e+147
0.9735 -8.51999e+147
0.9745 -2.55128e+148
0.9755 -7.13857e+148
0.9765 -1.87089e+149
0.9775 -4.60396e+149
0.9785 -1.06782e+150
0.9795 -2.33991e+150
0.9805 -4.84024e+150
0.9815 -9.50587e+150
0.9825 -1.78681e+151
0.9835 -3.23359e+151
0.9845 -5.68124e+151
0.9855 -9.74075e+151
0.9865 -9.67145e+153
0.9875 6.62979e+157
0.9885 -4.62589e+161
0.9895 3.22768e+165
0.9905 -2.25208e+169
0.9915 1.57137e+173
0.9925 -1.09641e+177
0.9935 7.65009e+180
0.9945 -5.33778e+184
0.9955 3.72439e+188
0.9965 -2.59866e+192
0.9975 1.81319e+196
0.9985 -1.26514e+200
0.9995 8.82738e+203
