
# time= 0
0.0005 1
0.0015 1
0.0025 1
0.0035 1
0.0045 1
0.0055 1
0.0065 1
0.0075 1
0.0085 1
0.0095 1
0.0105 1
0.0115 1
0.0125 1
0.0135 1
0.0145 1
0.0155 1
0.0165 1
0.0175 1
0.0185 1
0.0195 1
0.0205 1
0.0215 1
0.0225 1
0.0235 1
0.0245 1
0.0255 1
0.0265 1
0.0275 1
0.0285 1
0.0295 1
0.0305 1
0.0315 1
0.0325 1
0.0335 1
0.0345 1
0.0355 1
0.0365 1
0.0375 1
0.0385 1
0.0395 1
0.0405 1
0.0415 1
0.0425 1
0.0435 1
0.0445 1
0.0455 1
0.0465 1
0.0475 1
0.0485 1
0.0495 1
0.0505 1
0.0515 1
0.0525 1
0.0535 1
0.0545 1
0.0555 1
0.0565 1
0.0575 1
0.0585 1
0.0595 1
0.0605 1
0.0615 1
0.0625 1
0.0635 1
0.0645 1
0.0655 1
0.0665 1
0.0675 1
0.0685 1
0.0695 1
0.0705 1
0.0715 1
0.0725 1
0.0735 1
0.0745 1
0.0755 1
0.0765 1
0.0775 1
0.0785 1
0.0795 1
0.0805 1
0.0815 1
0.0825 1
0.0835 1
0.0845 1
0.0855 1
0.0865 1
0.0875 1
0.0885 1
0.0895 1
0.0905 1
0.0915 1
0.0925 1
0.0935 1
0.0945 1
0.0955 1
0.0965 1
0.0975 1
0.0985 1
0.0995 1
0.1005 1
0.1015 1
0.1025 1
0.1035 1
0.1045 1
0.1055 1
0.1065 1
0.1075 1
0.1085 1
0.1095 1
0.1105 1
0.1115 1
0.1125 1
0.1135 1
0.1145 1
0.1155 1
0.1165 1
0.1175 1
0.1185 1
0.1195 1
0.1205 1
0.1215 1
0.1225 1
0.1235 1
0.1245 1
0.1255 1
0.1265 1
0.1275 1
0.1285 1
0.1295 1
0.1305 1
0.1315 1
0.1325 1
0.1335 1
0.1345 1
0.1355 1
0.1365 1
0.1375 1
0.1385 1
0.1395 1
0.1405 1
0.1415 1
0.1425 1
0.1435 1
0.1445 1
0.1455 1
0.1465 1
0.1475 1
0.1485 1
0.1495 1
0.1505 1
0.1515 1
0.1525 1
0.1535 1
0.1545 1
0.1555 1
0.1565 1
0.1575 1
0.1585 1
0.1595 1
0.1605 1
0.1615 1
0.1625 1
0.1635 1
0.1645 1
0.1655 1
0.1665 1
0.1675 1
0.1685 1
0.1695 1
0.1705 1
0.1715 1
0.1725 1
0.1735 1
0.1745 1
0.1755 1
0.1765 1
0.1775 1
0.1785 1
0.1795 1
0.1805 1
0.1815 1
0.1825 1
0.1835 1
0.1845 1
0.1855 1
0.1865 1
0.1875 1
0.1885 1
0.1895 1
0.1905 1
0.1915 1
0.1925 1
0.1935 1
0.1945 1
0.1955 1
0.1965 1
0.1975 1
0.1985 1
0.1995 1
0.2005 1
0.2015 1
0.2025 1
0.2035 1
0.2045 1
0.2055 1
0.2065 1
0.2075 1
0.2085 1
0.2095 1
0.2105 1
0.2115 1
0.2125 1
0.2135 1
0.2145 1
0.2155 1
0.2165 1
0.2175 1
0.2185 1
0.2195 1
0.2205 1
0.2215 1
0.2225 1
0.2235 1
0.2245 1
0.2255 1
0.2265 1
0.2275 1
0.2285 1
0.2295 1
0.2305 1
0.2315 1
0.2325 1
0.2335 1
0.2345 1
0.2355 1
0.2365 1
0.2375 1
0.2385 1
0.2395 1
0.2405 1
0.2415 1
0.2425 1
0.2435 1
0.2445 1
0.2455 1
0.2465 1
0.2475 1
0.2485 1
0.2495 1
0.2505 1
0.2515 1
0.2525 1
0.2535 1
0.2545 1
0.2555 1
0.2565 1
0.2575 1
0.2585 1
0.2595 1
0.2605 1
0.2615 1
0.2625 1
0.2635 1
0.2645 1
0.2655 1
0.2665 1
0.2675 1
0.2685 1
0.2695 1
0.2705 1
0.2715 1
0.2725 1
0.2735 1
0.2745 1
0.2755 1
0.2765 1
0.2775 1
0.2785 1
0.2795 1
0.2805 1
0.2815 1
0.2825 1
0.2835 1
0.2845 1
0.2855 1
0.2865 1
0.2875 1
0.2885 1
0.2895 1
0.2905 1
0.2915 1
0.2925 1
0.2935 1
0.2945 1
0.2955 1
0.2965 1
0.2975 1
0.2985 1
0.2995 1
0.3005 0.5
0.3015 0.5
0.3025 0.5
0.3035 0.5
0.3045 0.5
0.3055 0.5
0.3065 0.5
0.3075 0.5
0.3085 0.5
0.3095 0.5
0.3105 0.5
0.3115 0.5
0.3125 0.5
0.3135 0.5
0.3145 0.5
0.3155 0.5
0.3165 0.5
0.3175 0.5
0.3185 0.5
0.3195 0.5
0.3205 0.5
0.3215 0.5
0.3225 0.5
0.3235 0.5
0.3245 0.5
0.3255 0.5
0.3265 0.5
0.3275 0.5
0.3285 0.5
0.3295 0.5
0.3305 0.5
0.3315 0.5
0.3325 0.5
0.3335 0.5
0.3345 0.5
0.3355 0.5
0.3365 0.5
0.3375 0.5
0.3385 0.5
0.3395 0.5
0.3405 0.5
0.3415 0.5
0.3425 0.5
0.3435 0.5
0.3445 0.5
0.3455 0.5
0.3465 0.5
0.3475 0.5
0.3485 0.5
0.3495 0.5
0.3505 0.5
0.3515 0.5
0.3525 0.5
0.3535 0.5
0.3545 0.5
0.3555 0.5
0.3565 0.5
0.3575 0.5
0.3585 0.5
0.3595 0.5
0.3605 0.5
0.3615 0.5
0.3625 0.5
0.3635 0.5
0.3645 0.5
0.3655 0.5
0.3665 0.5
0.3675 0.5
0.3685 0.5
0.3695 0.5
0.3705 0.5
0.3715 0.5
0.3725 0.5
0.3735 0.5
0.3745 0.5
0.3755 0.5
0.3765 0.5
0.3775 0.5
0.3785 0.5
0.3795 0.5
0.3805 0.5
0.3815 0.5
0.3825 0.5
0.3835 0.5
0.3845 0.5
0.3855 0.5
0.3865 0.5
0.3875 0.5
0.3885 0.5
0.3895 0.5
0.3905 0.5
0.3915 0.5
0.3925 0.5
0.3935 0.5
0.3945 0.5
0.3955 0.5
0.3965 0.5
0.3975 0.5
0.3985 0.5
0.3995 0.5
0.4005 0.5
0.4015 0.5
0.4025 0.5
0.4035 0.5
0.4045 0.5
0.4055 0.5
0.4065 0.5
0.4075 0.5
0.4085 0.5
0.4095 0.5
0.4105 0.5
0.4115 0.5
0.4125 0.5
0.4135 0.5
0.4145 0.5
0.4155 0.5
0.4165 0.5
0.4175 0.5
0.4185 0.5
0.4195 0.5
0.4205 0.5
0.4215 0.5
0.4225 0.5
0.4235 0.5
0.4245 0.5
0.4255 0.5
0.4265 0.5
0.4275 0.5
0.4285 0.5
0.4295 0.5
0.4305 0.5
0.4315 0.5
0.4325 0.5
0.4335 0.5
0.4345 0.5
0.4355 0.5
0.4365 0.5
0.4375 0.5
0.4385 0.5
0.4395 0.5
0.4405 0.5
0.4415 0.5
0.4425 0.5
0.4435 0.5
0.4445 0.5
0.4455 0.5
0.4465 0.5
0.4475 0.5
0.4485 0.5
0.4495 0.5
0.4505 0.5
0.4515 0.5
0.4525 0.5
0.4535 0.5
0.4545 0.5
0.4555 0.5
0.4565 0.5
0.4575 0.5
0.4585 0.5
0.4595 0.5
0.4605 0.5
0.4615 0.5
0.4625 0.5
0.4635 0.5
0.4645 0.5
0.4655 0.5
0.4665 0.5
0.4675 0.5
0.4685 0.5
0.4695 0.5
0.4705 0.5
0.4715 0.5
0.4725 0.5
0.4735 0.5
0.4745 0.5
0.4755 0.5
0.4765 0.5
0.4775 0.5
0.4785 0.5
0.4795 0.5
0.4805 0.5
0.4815 0.5
0.4825 0.5
0.4835 0.5
0.4845 0.5
0.4855 0.5
0.4865 0.5
0.4875 0.5
0.4885 0.5
0.4895 0.5
0.4905 0.5
0.4915 0.5
0.4925 0.5
0.4935 0.5
0.4945 0.5
0.4955 0.5
0.4965 0.5
0.4975 0.5
0.4985 0.5
0.4995 0.5
0.5005 0.5
0.5015 0.5
0.5025 0.5
0.5035 0.5
0.5045 0.5
0.5055 0.5
0.5065 0.5
0.5075 0.5
0.5085 0.5
0.5095 0.5
0.5105 0.5
0.5115 0.5
0.5125 0.5
0.5135 0.5
0.5145 0.5
0.5155 0.5
0.5165 0.5
0.5175 0.5
0.5185 0.5
0.5195 0.5
0.5205 0.5
0.5215 0.5
0.5225 0.5
0.5235 0.5
0.5245 0.5
0.5255 0.5
0.5265 0.5
0.5275 0.5
0.5285 0.5
0.5295 0.5
0.5305 0.5
0.5315 0.5
0.5325 0.5
0.5335 0.5
0.5345 0.5
0.5355 0.5
0.5365 0.5
0.5375 0.5
0.5385 0.5
0.5395 0.5
0.5405 0.5
0.5415 0.5
0.5425 0.5
0.5435 0.5
0.5445 0.5
0.5455 0.5
0.5465 0.5
0.5475 0.5
0.5485 0.5
0.5495 0.5
0.5505 0.5
0.5515 0.5
0.5525 0.5
0.5535 0.5
0.5545 0.5
0.5555 0.5
0.5565 0.5
0.5575 0.5
0.5585 0.5
0.5595 0.5
0.5605 0.5
0.5615 0.5
0.5625 0.5
0.5635 0.5
0.5645 0.5
0.5655 0.5
0.5665 0.5
0.5675 0.5
0.5685 0.5
0.5695 0.5
0.5705 0.5
0.5715 0.5
0.5725 0.5
0.5735 0.5
0.5745 0.5
0.5755 0.5
0.5765 0.5
0.5775 0.5
0.5785 0.5
0.5795 0.5
0.5805 0.5
0.5815 0.5
0.5825 0.5
0.5835 0.5
0.5845 0.5
0.5855 0.5
0.5865 0.5
0.5875 0.5
0.5885 0.5
0.5895 0.5
0.5905 0.5
0.5915 0.5
0.5925 0.5
0.5935 0.5
0.5945 0.5
0.5955 0.5
0.5965 0.5
0.5975 0.5
0.5985 0.5
0.5995 0.5
0.6005 0
0.6015 0
0.6025 0
0.6035 0
0.6045 0
0.6055 0
0.6065 0
0.6075 0
0.6085 0
0.6095 0
0.6105 0
0.6115 0
0.6125 0
0.6135 0
0.6145 0
0.6155 0
0.6165 0
0.6175 0
0.6185 0
0.6195 0
0.6205 0
0.6215 0
0.6225 0
0.6235 0
0.6245 0
0.6255 0
0.6265 0
0.6275 0
0.6285 0
0.6295 0
0.6305 0
0.6315 0
0.6325 0
0.6335 0
0.6345 0
0.6355 0
0.6365 0
0.6375 0
0.6385 0
0.6395 0
0.6405 0
0.6415 0
0.6425 0
0.6435 0
0.6445 0
0.6455 0
0.6465 0
0.6475 0
0.6485 0
0.6495 0
0.6505 0
0.6515 0
0.6525 0
0.6535 0
0.6545 0
0.6555 0
0.6565 0
0.6575 0
0.6585 0
0.6595 0
0.6605 0
0.6615 0
0.6625 0
0.6635 0
0.6645 0
0.6655 0
0.6665 0
0.6675 0
0.6685 0
0.6695 0
0.6705 0
0.6715 0
0.6725 0
0.6735 0
0.6745 0
0.6755 0
0.6765 0
0.6775 0
0.6785 0
0.6795 0
0.6805 0
0.6815 0
0.6825 0
0.6835 0
0.6845 0
0.6855 0
0.6865 0
0.6875 0
0.6885 0
0.6895 0
0.6905 0
0.6915 0
0.6925 0
0.6935 0
0.6945 0
0.6955 0
0.6965 0
0.6975 0
0.6985 0
0.6995 0
0.7005 0
0.7015 0
0.7025 0
0.7035 0
0.7045 0
0.7055 0
0.7065 0
0.7075 0
0.7085 0
0.7095 0
0.7105 0
0.7115 0
0.7125 0
0.7135 0
0.7145 0
0.7155 0
0.7165 0
0.7175 0
0.7185 0
0.7195 0
0.7205 0
0.7215 0
0.7225 0
0.7235 0
0.7245 0
0.7255 0
0.7265 0
0.7275 0
0.7285 0
0.7295 0
0.7305 0
0.7315 0
0.7325 0
0.7335 0
0.7345 0
0.7355 0
0.7365 0
0.7375 0
0.7385 0
0.7395 0
0.7405 0
0.7415 0
0.7425 0
0.7435 0
0.7445 0
0.7455 0
0.7465 0
0.7475 0
0.7485 0
0.7495 0
0.7505 0
0.7515 0
0.7525 0
0.7535 0
0.7545 0
0.7555 0
0.7565 0
0.7575 0
0.7585 0
0.7595 0
0.7605 0
0.7615 0
0.7625 0
0.7635 0
0.7645 0
0.7655 0
0.7665 0
0.7675 0
0.7685 0
0.7695 0
0.7705 0
0.7715 0
0.7725 0
0.7735 0
0.7745 0
0.7755 0
0.7765 0
0.7775 0
0.7785 0
0.7795 0
0.7805 0
0.7815 0
0.7825 0
0.7835 0
0.7845 0
0.7855 0
0.7865 0
0.7875 0
0.7885 0
0.7895 0
0.7905 0
0.7915 0
0.7925 0
0.7935 0
0.7945 0
0.7955 0
0.7965 0
0.7975 0
0.7985 0
0.7995 0
0.8005 0
0.8015 0
0.8025 0
0.8035 0
0.8045 0
0.8055 0
0.8065 0
0.8075 0
0.8085 0
0.8095 0
0.8105 0
0.8115 0
0.8125 0
0.8135 0
0.8145 0
0.8155 0
0.8165 0
0.8175 0
0.8185 0
0.8195 0
0.8205 0
0.8215 0
0.8225 0
0.8235 0
0.8245 0
0.8255 0
0.8265 0
0.8275 0
0.8285 0
0.8295 0
0.8305 0
0.8315 0
0.8325 0
0.8335 0
0.8345 0
0.8355 0
0.8365 0
0.8375 0
0.8385 0
0.8395 0
0.8405 0
0.8415 0
0.8425 0
0.8435 0
0.8445 0
0.8455 0
0.8465 0
0.8475 0
0.8485 0
0.8495 0
0.8505 0
0.8515 0
0.8525 0
0.8535 0
0.8545 0
0.8555 0
0.8565 0
0.8575 0
0.8585 0
0.8595 0
0.8605 0
0.8615 0
0.8625 0
0.8635 0
0.8645 0
0.8655 0
0.8665 0
0.8675 0
0.8685 0
0.8695 0
0.8705 0
0.8715 0
0.8725 0
0.8735 0
0.8745 0
0.8755 0
0.8765 0
0.8775 0
0.8785 0
0.8795 0
0.8805 0
0.8815 0
0.8825 0
0.8835 0
0.8845 0
0.8855 0
0.8865 0
0.8875 0
0.8885 0
0.8895 0
0.8905 0
0.8915 0
0.8925 0
0.8935 0
0.8945 0
0.8955 0
0.8965 0
0.8975 0
0.8985 0
0.8995 0
0.9005 0
0.9015 0
0.9025 0
0.9035 0
0.9045 0
0.9055 0
0.9065 0
0.9075 0
0.9085 0
0.9095 0
0.9105 0
0.9115 0
0.9125 0
0.9135 0
0.9145 0
0.9155 0
0.9165 0
0.9175 0
0.9185 0
0.9195 0
0.9205 0
0.9215 0
0.9225 0
0.9235 0
0.9245 0
0.9255 0
0.9265 0
0.9275 0
0.9285 0
0.9295 0
0.9305 0
0.9315 0
0.9325 0
0.9335 0
0.9345 0
0.9355 0
0.9365 0
0.9375 0
0.9385 0
0.9395 0
0.9405 0
0.9415 0
0.9425 0
0.9435 0
0.9445 0
0.9455 0
0.9465 0
0.9475 0
0.9485 0
0.9495 0
0.9505 0
0.9515 0
0.9525 0
0.9535 0
0.9545 0
0.9555 0
0.9565 0
0.9575 0
0.9585 0
0.9595 0
0.9605 0
0.9615 0
0.9625 0
0.9635 0
0.9645 0
0.9655 0
0.9665 0
0.9675 0
0.9685 0
0.9695 0
0.9705 0
0.9715 0
0.9725 0
0.9735 0
0.9745 0
0.9755 0
0.9765 0
0.9775 0
0.9785 0
0.9795 0
0.9805 0
0.9815 0
0.9825 0
0.9835 0
0.9845 0
0.9855 0
0.9865 0
0.9875 0
0.9885 0
0.9895 0
0.9905 0
0.9915 0
0.9925 0
0.9935 0
0.9945 0
0.9955 0
0.9965 0
0.9975 0
0.9985 0
0.9995 0

# time= 0.25
0.0005 0.513732
0.0015 0.527498
0.0025 0.537578
0.0035 0.542507
0.0045 0.543637
0.0055 0.541444
0.0065 0.532101
0.0075 0.521428
0.0085 0.514365
0.0095 0.508557
0.0105 0.504997
0.0115 0.502405
0.0125 0.50089
0.0135 0.500003
0.0145 0.499631
0.0155 0.499653
0.0165 0.499941
0.0175 0.500824
0.0185 0.501606
0.0195 0.501727
0.0205 0.501491
0.0215 0.500872
0.0225 0.499004
0.0235 0.497185
0.0245 0.496681
0.0255 0.496678
0.0265 0.497477
0.0275 0.498417
0.0285 0.498681
0.0295 0.498698
0.0305 0.498654
0.0315 0.498787
0.0325 0.499266
0.0335 0.500763
0.0345 0.502465
0.0355 0.503194
0.0365 0.503547
0.0375 0.503479
0.0385 0.503058
0.0395 0.501982
0.0405 0.501045
0.0415 0.500783
0.0425 0.500702
0.0435 0.500082
0.0445 0.496314
0.0455 0.48324
0.0465 0.447448
0.0475 0.36317
0.0485 0.25139
0.0495 0.195003
0.0505 0.183855
0.0515 0.212683
0.0525 0.296849
0.0535 0.31557
0.0545 0.271053
0.0555 0.216074
0.0565 0.194669
0.0575 0.218636
0.0585 0.273681
0.0595 0.3065
0.0605 0.283213
0.0615 0.231999
0.0625 0.208283
0.0635 0.215467
0.0645 0.25986
0.0655 0.291651
0.0665 0.282366
0.0675 0.246641
0.0685 0.219308
0.0695 0.216097
0.0705 0.24811
0.0715 0.281281
0.0725 0.282389
0.0735 0.251917
0.0745 0.219406
0.0755 0.218203
0.0765 0.241079
0.0775 0.26876
0.0785 0.272749
0.0795 0.262421
0.0805 0.244091
0.0815 0.235984
0.0825 0.242051
0.0835 0.255407
0.0845 0.263118
0.0855 0.259156
0.0865 0.244684
0.0875 0.234165
0.0885 0.234522
0.0895 0.250258
0.0905 0.264692
0.0915 0.26471
0.0925 0.248109
0.0935 0.231439
0.0945 0.23172
0.0955 0.249777
0.0965 0.268695
0.0975 0.269134
0.0985 0.251518
0.0995 0.233188
0.1005 0.232691
0.1015 0.249474
0.1025 0.267514
0.1035 0.268619
0.1045 0.259803
0.1055 0.247938
0.1065 0.243081
0.1075 0.24351
0.1085 0.248831
0.1095 0.253125
0.1105 0.253239
0.1115 0.247171
0.1125 0.241314
0.1135 0.24147
0.1145 0.247575
0.1155 0.252675
0.1165 0.250806
0.1175 0.242904
0.1185 0.236838
0.1195 0.238413
0.1205 0.2532
0.1215 0.266577
0.1225 0.266687
0.1235 0.254169
0.1245 0.241986
0.1255 0.242344
0.1265 0.255831
0.1275 0.269098
0.1285 0.268921
0.1295 0.25762
0.1305 0.243875
0.1315 0.23939
0.1325 0.239266
0.1335 0.244224
0.1345 0.24903
0.1355 0.249955
0.1365 0.2493
0.1375 0.248066
0.1385 0.246971
0.1395 0.246237
0.1405 0.245192
0.1415 0.241854
0.1425 0.239201
0.1435 0.240866
0.1445 0.246607
0.1455 0.25743
0.1465 0.265359
0.1475 0.264713
0.1485 0.251358
0.1495 0.239676
0.1505 0.240984
0.1515 0.258514
0.1525 0.274516
0.1535 0.273855
0.1545 0.255213
0.1555 0.235153
0.1565 0.232758
0.1575 0.238784
0.1585 0.247394
0.1595 0.251063
0.1605 0.250035
0.1615 0.247026
0.1625 0.245565
0.1635 0.246785
0.1645 0.248805
0.1655 0.249282
0.1665 0.245356
0.1675 0.241475
0.1685 0.243277
0.1695 0.249757
0.1705 0.2592
0.1715 0.265384
0.1725 0.263322
0.1735 0.247793
0.1745 0.234918
0.1755 0.236963
0.1765 0.258714
0.1775 0.27792
0.1785 0.276867
0.1795 0.252726
0.1805 0.228475
0.1815 0.226654
0.1825 0.243952
0.1835 0.263347
0.1845 0.264732
0.1855 0.250248
0.1865 0.234413
0.1875 0.233449
0.1885 0.243623
0.1895 0.255313
0.1905 0.256347
0.1915 0.250412
0.1925 0.242127
0.1935 0.240694
0.1945 0.247517
0.1955 0.262207
0.1965 0.271833
0.1975 0.267664
0.1985 0.241694
0.1995 0.219922
0.2005 0.222708
0.2015 0.258122
0.2025 0.289144
0.2035 0.286899
0.2045 0.249055
0.2055 0.214462
0.2065 0.214283
0.2075 0.248692
0.2085 0.282591
0.2095 0.282359
0.2105 0.252211
0.2115 0.219236
0.2125 0.218163
0.2135 0.238684
0.2145 0.267354
0.2155 0.276084
0.2165 0.261279
0.2175 0.234765
0.2185 0.221907
0.2195 0.236285
0.2205 0.270744
0.2215 0.290023
0.2225 0.283497
0.2235 0.232415
0.2245 0.190733
0.2255 0.197903
0.2265 0.260539
0.2275 0.316688
0.2285 0.314495
0.2295 0.244308
0.2305 0.179847
0.2315 0.186534
0.2325 0.242533
0.2335 0.315668
0.2345 0.333799
0.2355 0.269008
0.2365 0.178384
0.2375 0.16318
0.2385 0.209196
0.2395 0.313012
0.2405 0.36086
0.2415 0.296868
0.2425 0.189918
0.2435 0.142294
0.2445 0.185245
0.2455 0.294753
0.2465 0.383573
0.2475 0.346831
0.2485 0.179854
0.2495 0.12332
0.2505 0.14551
0.2515 0.257356
0.2525 0.477563
0.2535 0.643009
0.2545 0.713589
0.2555 0.739514
0.2565 0.747666
0.2575 0.749766
0.2585 0.750262
0.2595 0.750497
0.2605 0.750986
0.2615 0.751528
0.2625 0.751739
0.2635 0.751773
0.2645 0.751597
0.2655 0.751233
0.2665 0.750381
0.2675 0.749633
0.2685 0.749393
0.2695 0.749327
0.2705 0.749349
0.2715 0.74934
0.2725 0.749209
0.2735 0.748739
0.2745 0.748339
0.2755 0.74834
0.2765 0.748592
0.2775 0.749501
0.2785 0.750432
0.2795 0.750741
0.2805 0.750858
0.2815 0.750796
0.2825 0.750406
0.2835 0.749961
0.2845 0.749806
0.2855 0.749775
0.2865 0.749928
0.2875 0.750322
0.2885 0.751011
0.2895 0.75219
0.2905 0.753816
0.2915 0.756494
0.2925 0.759757
0.2935 0.764688
0.2945 0.768995
0.2955 0.769977
0.2965 0.769422
0.2975 0.766878
0.2985 0.763058
0.2995 0.755957
0.3005 0.744043
0.3015 0.736942
0.3025 0.733122
0.3035 0.730578
0.3045 0.730023
0.3055 0.731005
0.3065 0.735312
0.3075 0.740243
0.3085 0.743506
0.3095 0.746184
0.3105 0.74781
0.3115 0.748989
0.3125 0.749678
0.3135 0.750072
0.3145 0.750225
0.3155 0.750194
0.3165 0.750039
0.3175 0.749594
0.3185 0.749204
0.3195 0.749142
0.3205 0.749259
0.3215 0.749568
0.3225 0.750499
0.3235 0.751408
0.3245 0.75166
0.3255 0.751661
0.3265 0.751261
0.3275 0.750791
0.3285 0.75066
0.3295 0.750651
0.3305 0.750673
0.3315 0.750607
0.3325 0.750367
0.3335 0.749619
0.3345 0.748767
0.3355 0.748403
0.3365 0.748227
0.3375 0.74826
0.3385 0.74847
0.3395 0.749005
0.3405 0.749452
0.3415 0.749479
0.3425 0.749065
0.3435 0.747584
0.3445 0.743201
0.3455 0.730349
0.3465 0.695622
0.3475 0.614344
0.3485 0.505826
0.3495 0.450636
0.3505 0.439466
0.3515 0.467171
0.3525 0.549982
0.3535 0.568003
0.3545 0.5237
0.3555 0.469171
0.3565 0.447625
0.3575 0.47129
0.3585 0.523206
0.3595 0.554404
0.3605 0.52979
0.3615 0.477168
0.3625 0.454845
0.3635 0.462838
0.3645 0.509108
0.3655 0.542162
0.3665 0.533338
0.3675 0.495935
0.3685 0.467252
0.3695 0.46417
0.3705 0.496194
0.3715 0.532438
0.3725 0.533873
0.3735 0.508474
0.3745 0.478928
0.3755 0.472973
0.3765 0.491286
0.3775 0.514379
0.3785 0.517444
0.3795 0.508296
0.3805 0.492194
0.3815 0.486025
0.3825 0.492819
0.3835 0.505942
0.3845 0.512992
0.3855 0.508199
0.3865 0.494014
0.3875 0.484015
0.3885 0.484734
0.3895 0.501956
0.3905 0.51765
0.3915 0.51787
0.3925 0.500659
0.3935 0.483054
0.3945 0.482834
0.3955 0.498908
0.3965 0.516592
0.3975 0.517636
0.3985 0.505961
0.3995 0.491567
0.4005 0.488788
0.4015 0.493089
0.4025 0.499814
0.4035 0.503582
0.4045 0.502547
0.4055 0.499346
0.4065 0.497516
0.4075 0.498722
0.4085 0.501644
0.4095 0.503358
0.4105 0.501973
0.4115 0.496423
0.4125 0.492095
0.4135 0.492904
0.4145 0.502514
0.4155 0.511579
0.4165 0.511476
0.4175 0.502003
0.4185 0.492086
0.4195 0.491458
0.4205 0.498536
0.4215 0.506615
0.4225 0.507272
0.4235 0.503818
0.4245 0.498764
0.4255 0.495451
0.4265 0.494506
0.4275 0.496641
0.4285 0.499325
0.4295 0.50005
0.4305 0.500294
0.4315 0.500604
0.4325 0.50148
0.4335 0.502712
0.4345 0.503446
0.4355 0.502834
0.4365 0.499232
0.4375 0.496113
0.4385 0.496196
0.4395 0.499865
0.4405 0.503479
0.4415 0.503534
0.4425 0.5019
0.4435 0.499274
0.4445 0.497261
0.4455 0.496898
0.4465 0.498268
0.4475 0.500106
0.4485 0.500715
0.4495 0.500367
0.4505 0.499633
0.4515 0.499285
0.4525 0.499894
0.4535 0.501732
0.4545 0.503102
0.4555 0.502739
0.4565 0.500726
0.4575 0.4981
0.4585 0.496466
0.4595 0.496521
0.4605 0.500135
0.4615 0.503804
0.4625 0.503887
0.4635 0.500768
0.4645 0.497166
0.4655 0.496554
0.4665 0.497288
0.4675 0.49852
0.4685 0.499396
0.4695 0.499706
0.4705 0.49995
0.4715 0.500675
0.4725 0.503359
0.4735 0.505494
0.4745 0.504549
0.4755 0.501236
0.4765 0.496182
0.4775 0.492728
0.4785 0.493385
0.4795 0.501464
0.4805 0.508542
0.4815 0.507914
0.4825 0.497997
0.4835 0.488524
0.4845 0.488421
0.4855 0.497486
0.4865 0.507096
0.4875 0.507905
0.4885 0.503577
0.4895 0.498027
0.4905 0.496642
0.4915 0.498356
0.4925 0.501278
0.4935 0.502484
0.4945 0.500654
0.4955 0.497453
0.4965 0.496418
0.4975 0.500186
0.4985 0.506911
0.4995 0.511212
0.5005 0.508433
0.5015 0.494039
0.5025 0.482364
0.5035 0.483408
0.5045 0.501092
0.5055 0.517166
0.5065 0.516946
0.5075 0.499341
0.5085 0.48213
0.5095 0.48235
0.5105 0.498044
0.5115 0.515266
0.5125 0.515985
0.5135 0.505986
0.5145 0.491801
0.5155 0.487008
0.5165 0.494058
0.5175 0.507181
0.5185 0.513975
0.5195 0.507806
0.5205 0.491704
0.5215 0.482556
0.5225 0.485621
0.5235 0.508714
0.5245 0.527027
0.5255 0.521072
0.5265 0.491526
0.5275 0.466127
0.5285 0.467562
0.5295 0.503806
0.5305 0.53583
0.5315 0.532748
0.5325 0.504065
0.5335 0.466662
0.5345 0.457838
0.5355 0.490892
0.5365 0.537162
0.5375 0.545155
0.5385 0.522832
0.5395 0.47021
0.5405 0.445596
0.5415 0.476794
0.5425 0.52871
0.5435 0.552375
0.5445 0.530829
0.5455 0.4763
0.5465 0.431997
0.5475 0.450018
0.5485 0.532829
0.5495 0.560534
0.5505 0.549364
0.5515 0.494174
0.5525 0.385656
0.5535 0.304378
0.5545 0.269651
0.5555 0.256799
0.5565 0.252416
0.5575 0.250935
0.5585 0.250521
0.5595 0.250548
0.5605 0.250995
0.5615 0.25153
0.5625 0.25174
0.5635 0.251773
0.5645 0.251597
0.5655 0.251233
0.5665 0.250381
0.5675 0.249633
0.5685 0.249393
0.5695 0.249327
0.5705 0.249349
0.5715 0.24934
0.5725 0.249209
0.5735 0.248739
0.5745 0.248339
0.5755 0.24834
0.5765 0.248592
0.5775 0.249501
0.5785 0.250432
0.5795 0.250741
0.5805 0.250858
0.5815 0.250796
0.5825 0.250406
0.5835 0.249961
0.5845 0.249806
0.5855 0.249775
0.5865 0.249928
0.5875 0.250322
0.5885 0.251011
0.5895 0.25219
0.5905 0.253816
0.5915 0.256494
0.5925 0.259757
0.5935 0.264688
0.5945 0.268995
0.5955 0.269977
0.5965 0.269422
0.5975 0.266878
0.5985 0.263058
0.5995 0.255957
0.6005 0.244043
0.6015 0.236942
0.6025 0.233122
0.6035 0.230578
0.6045 0.230023
0.6055 0.231005
0.6065 0.235312
0.6075 0.240243
0.6085 0.243506
0.6095 0.246184
0.6105 0.24781
0.6115 0.248989
0.6125 0.249678
0.6135 0.250072
0.6145 0.250225
0.6155 0.250194
0.6165 0.250039
0.6175 0.249594
0.6185 0.249204
0.6195 0.249142
0.6205 0.249259
0.6215 0.249568
0.6225 0.250499
0.6235 0.251408
0.6245 0.25166
0.6255 0.251661
0.6265 0.251261
0.6275 0.250791
0.6285 0.25066
0.6295 0.250651
0.6305 0.250673
0.6315 0.250607
0.6325 0.250367
0.6335 0.249619
0.6345 0.248767
0.6355 0.248403
0.6365 0.248227
0.6375 0.24826
0.6385 0.248471
0.6395 0.249008
0.6405 0.249469
0.6415 0.249565
0.6425 0.249454
0.6435 0.249167
0.6445 0.248962
0.6455 0.249037
0.6465 0.249368
0.6475 0.250395
0.6485 0.251504
0.6495 0.251872
0.6505 0.251913
0.6515 0.251509
0.6525 0.250986
0.6535 0.250807
0.6545 0.250882
0.6555 0.251035
0.6565 0.251052
0.6575 0.250822
0.6585 0.249933
0.6595 0.249024
0.6605 0.24873
0.6615 0.248641
0.6625 0.24876
0.6635 0.249333
0.6645 0.249944
0.6655 0.250114
0.6665 0.250088
0.6675 0.249847
0.6685 0.249438
0.6695 0.24916
0.6705 0.249252
0.6715 0.249739
0.6725 0.251316
0.6735 0.252702
0.6745 0.252835
0.6755 0.252304
0.6765 0.250205
0.6775 0.248333
0.6785 0.248056
0.6795 0.248372
0.6805 0.249236
0.6815 0.249955
0.6825 0.250154
0.6835 0.250063
0.6845 0.249843
0.6855 0.249698
0.6865 0.249722
0.6875 0.249864
0.6885 0.25025
0.6895 0.250663
0.6905 0.250815
0.6915 0.250854
0.6925 0.250743
0.6935 0.250291
0.6945 0.249842
0.6955 0.249838
0.6965 0.25025
0.6975 0.251245
0.6985 0.251925
0.6995 0.251532
0.7005 0.250099
0.7015 0.247504
0.7025 0.245558
0.7035 0.245516
0.7045 0.247845
0.7055 0.250698
0.7065 0.251652
0.7075 0.251746
0.7085 0.250888
0.7095 0.25005
0.7105 0.24989
0.7115 0.249937
0.7125 0.250229
0.7135 0.250712
0.7145 0.251068
0.7155 0.25159
0.7165 0.251987
0.7175 0.251986
0.7185 0.251607
0.7195 0.25033
0.7205 0.249249
0.7215 0.249153
0.7225 0.250015
0.7235 0.250848
0.7245 0.250414
0.7255 0.248841
0.7265 0.246022
0.7275 0.244006
0.7285 0.244296
0.7295 0.248892
0.7305 0.253629
0.7315 0.254149
0.7325 0.252563
0.7335 0.250346
0.7345 0.249428
0.7355 0.249637
0.7365 0.250398
0.7375 0.251002
0.7385 0.251135
0.7395 0.251032
0.7405 0.251195
0.7415 0.2521
0.7425 0.253275
0.7435 0.255348
0.7445 0.261652
0.7455 0.285448
0.7465 0.355592
0.7475 0.52096
0.7485 0.74219
0.7495 0.85462
0.7505 0.874414
0.7515 0.814245
0.7525 0.644331
0.7535 0.609248
0.7545 0.703843
0.7555 0.818627
0.7565 0.8628
0.7575 0.81135
0.7585 0.70128
0.7595 0.635804
0.7605 0.687086
0.7615 0.796194
0.7625 0.842146
0.7635 0.824859
0.7645 0.731749
0.7655 0.665888
0.7665 0.685096
0.7675 0.759306
0.7685 0.815304
0.7695 0.821654
0.7705 0.75382
0.7715 0.680844
0.7725 0.679218
0.7735 0.738912
0.7745 0.805075
0.7755 0.811908
0.7765 0.762917
0.7775 0.705564
0.7785 0.698807
0.7795 0.727805
0.7805 0.77408
0.7815 0.785111
0.7825 0.767509
0.7835 0.736364
0.7845 0.720994
0.7855 0.735433
0.7865 0.764342
0.7875 0.78378
0.7885 0.780303
0.7895 0.745987
0.7905 0.716637
0.7915 0.716902
0.7925 0.757868
0.7935 0.797028
0.7945 0.794087
0.7955 0.743514
0.7965 0.693766
0.7975 0.693949
0.7985 0.744693
0.7995 0.796755
0.8005 0.799346
0.8015 0.756546
0.8025 0.709422
0.8035 0.706497
0.8045 0.737274
0.8055 0.773343
0.8065 0.778091
0.8075 0.760669
0.8085 0.738435
0.8095 0.734977
0.8105 0.747813
0.8115 0.766462
0.8125 0.772452
0.8135 0.76186
0.8145 0.742168
0.8155 0.729385
0.8165 0.736035
0.8175 0.762566
0.8185 0.781142
0.8195 0.77579
0.8205 0.73652
0.8215 0.705949
0.8225 0.709333
0.8235 0.750107
0.8245 0.787322
0.8255 0.788058
0.8265 0.747986
0.8275 0.708168
0.8285 0.708257
0.8295 0.747314
0.8305 0.787165
0.8315 0.785035
0.8325 0.757356
0.8335 0.718976
0.8345 0.707939
0.8355 0.741776
0.8365 0.790931
0.8375 0.802559
0.8385 0.778761
0.8395 0.717025
0.8405 0.686652
0.8415 0.722345
0.8425 0.783945
0.8435 0.815419
0.8445 0.793019
0.8455 0.726805
0.8465 0.668376
0.8475 0.685492
0.8485 0.775514
0.8495 0.811618
0.8505 0.804648
0.8515 0.747556
0.8525 0.634459
0.8535 0.549931
0.8545 0.514834
0.8555 0.506021
0.8565 0.505946
0.8575 0.50538
0.8585 0.503941
0.8595 0.502338
0.8605 0.502055
0.8615 0.502269
0.8625 0.502003
0.8635 0.500797
0.8645 0.499275
0.8655 0.498856
0.8665 0.500692
0.8675 0.505126
0.8685 0.508298
0.8695 0.507257
0.8705 0.497784
0.8715 0.488592
0.8725 0.488013
0.8735 0.492045
0.8745 0.497682
0.8755 0.500829
0.8765 0.501695
0.8775 0.50003
0.8785 0.498306
0.8795 0.498499
0.8805 0.50066
0.8815 0.503213
0.8825 0.503972
0.8835 0.503974
0.8845 0.503179
0.8855 0.502136
0.8865 0.501424
0.8875 0.500459
0.8885 0.499875
0.8895 0.499781
0.8905 0.5001
0.8915 0.501775
0.8925 0.503492
0.8935 0.503305
0.8945 0.501397
0.8955 0.49569
0.8965 0.491033
0.8975 0.491117
0.8985 0.495008
0.8995 0.500198
0.9005 0.503065
0.9015 0.503851
0.9025 0.50249
0.9035 0.5005
0.9045 0.499676
0.9055 0.499684
0.9065 0.500582
0.9075 0.501486
0.9085 0.501707
0.9095 0.50163
0.9105 0.501326
0.9115 0.500501
0.9125 0.499728
0.9135 0.499444
0.9145 0.499396
0.9155 0.499686
0.9165 0.500126
0.9175 0.500308
0.9185 0.499909
0.9195 0.498472
0.9205 0.496743
0.9215 0.496111
0.9225 0.496665
0.9235 0.500409
0.9245 0.504608
0.9255 0.505669
0.9265 0.505405
0.9275 0.502631
0.9285 0.499477
0.9295 0.498504
0.9305 0.49832
0.9315 0.498877
0.9325 0.499695
0.9335 0.500175
0.9345 0.500228
0.9355 0.499889
0.9365 0.498665
0.9375 0.497519
0.9385 0.497282
0.9395 0.497459
0.9405 0.498048
0.9415 0.499866
0.9425 0.501644
0.9435 0.502104
0.9445 0.502071
0.9455 0.501764
0.9465 0.501613
0.9475 0.501971
0.9485 0.503017
0.9495 0.503826
0.9505 0.503745
0.9515 0.503009
0.9525 0.50079
0.9535 0.498735
0.9545 0.498073
0.9555 0.497925
0.9565 0.498334
0.9575 0.498909
0.9585 0.49913
0.9595 0.498937
0.9605 0.498015
0.9615 0.496941
0.9625 0.496521
0.9635 0.496453
0.9645 0.496806
0.9655 0.497535
0.9665 0.499237
0.9675 0.500734
0.9685 0.501213
0.9695 0.501346
0.9705 0.501302
0.9715 0.501319
0.9725 0.501583
0.9735 0.502523
0.9745 0.503322
0.9755 0.503319
0.9765 0.502815
0.9775 0.500996
0.9785 0.499128
0.9795 0.498509
0.9805 0.498273
0.9815 0.498394
0.9825 0.499176
0.9835 0.500059
0.9845 0.500347
0.9855 0.500369
0.9865 0.499997
0.9875 0.49911
0.9885 0.497595
0.9895 0.495003
0.9905 0.491443
0.9915 0.485635
0.9925 0.478572
0.9935 0.467899
0.9945 0.458556
0.9955 0.456363
0.9965 0.457493
0.9975 0.462422
0.9985 0.472502
0.9995 0.486268

# time= 0.5
0.0005 0.212119
0.0015 0.246423
0.0025 0.287344
0.0035 0.339268
0.0045 0.385878
0.0055 0.423619
0.0065 0.444391
0.0075 0.467116
0.0085 0.483245
0.0095 0.491909
0.0105 0.498402
0.0115 0.501543
0.0125 0.502828
0.0135 0.50278
0.0145 0.502195
0.0155 0.501759
0.0165 0.501698
0.0175 0.501784
0.0185 0.501651
0.0195 0.500981
0.0205 0.500128
0.0215 0.499715
0.0225 0.499577
0.0235 0.499512
0.0245 0.49924
0.0255 0.498495
0.0265 0.497549
0.0275 0.497134
0.0285 0.49745
0.0295 0.499208
0.0305 0.500693
0.0315 0.500628
0.0325 0.499483
0.0335 0.498625
0.0345 0.499089
0.0355 0.502059
0.0365 0.504698
0.0375 0.504736
0.0385 0.502142
0.0395 0.499364
0.0405 0.499086
0.0415 0.500816
0.0425 0.502719
0.0435 0.502683
0.0445 0.501373
0.0455 0.499658
0.0465 0.498952
0.0475 0.499136
0.0485 0.499773
0.0495 0.499913
0.0505 0.49889
0.0515 0.497244
0.0525 0.496269
0.0535 0.496822
0.0545 0.499566
0.0555 0.501597
0.0565 0.501044
0.0575 0.498393
0.0585 0.496359
0.0595 0.496865
0.0605 0.501099
0.0615 0.504846
0.0625 0.504932
0.0635 0.500845
0.0645 0.496517
0.0655 0.496506
0.0665 0.499959
0.0675 0.503983
0.0685 0.504217
0.0695 0.501773
0.0705 0.498061
0.0715 0.496212
0.0725 0.497767
0.0735 0.501544
0.0745 0.503504
0.0755 0.501504
0.0765 0.496963
0.0775 0.494033
0.0785 0.496474
0.0795 0.502138
0.0805 0.506881
0.0815 0.506704
0.0825 0.497463
0.0835 0.490738
0.0845 0.492428
0.0855 0.501811
0.0865 0.508281
0.0875 0.506088
0.0885 0.501277
0.0895 0.49142
0.0905 0.488395
0.0915 0.49538
0.0925 0.506038
0.0935 0.5027
0.0945 0.484775
0.0955 0.460126
0.0965 0.39583
0.0975 0.327943
0.0985 0.299098
0.0995 0.265058
0.1005 0.237317
0.1015 0.203328
0.1025 0.174242
0.1035 0.10606
0.1045 0.0413091
0.1055 0.0162444
0.1065 -0.00226583
0.1075 -0.00537335
0.1085 0.00365236
0.1095 0.00899421
0.1105 0.00591673
0.1115 -0.00436164
0.1125 -0.00921101
0.1135 -0.011324
0.1145 -0.0048152
0.1155 0.00481836
0.1165 0.00699048
0.1175 0.00107287
0.1185 -0.00735875
0.1195 -0.00690541
0.1205 -0.00135227
0.1215 0.00506213
0.1225 0.00802039
0.1235 0.00531791
0.1245 0.000951434
0.1255 -0.00103295
0.1265 0.000926616
0.1275 0.00463205
0.1285 0.00576696
0.1295 0.00349496
0.1305 -0.000908425
0.1315 -0.00398188
0.1325 -0.00427894
0.1335 -0.00100356
0.1345 0.00181135
0.1355 0.00141547
0.1365 -0.00317108
0.1375 -0.00738054
0.1385 -0.00738696
0.1395 -0.00382741
0.1405 0.000326516
0.1415 0.00103821
0.1425 -0.000603247
0.1435 -0.00278083
0.1445 -0.00295339
0.1455 -0.000168275
0.1465 0.00339303
0.1475 0.00443181
0.1485 0.00396268
0.1495 0.00275133
0.1505 0.00202115
0.1515 0.00220773
0.1525 0.00272342
0.1535 0.0026072
0.1545 0.00148607
0.1555 -0.00099574
0.1565 -0.00296783
0.1575 -0.0032824
0.1585 -0.00165997
0.1595 -2.9834e-05
0.1605 -0.000336179
0.1615 -0.0031365
0.1625 -0.00568411
0.1635 -0.00559848
0.1645 -0.00285823
0.1655 0.000235754
0.1665 0.000788882
0.1675 0.000105695
0.1685 -0.000837017
0.1695 -0.000770389
0.1705 0.000925285
0.1715 0.00296356
0.1725 0.00356425
0.1735 0.00346752
0.1745 0.00289807
0.1755 0.00242481
0.1765 0.00225297
0.1775 0.00214352
0.1785 0.00180843
0.1795 0.00108248
0.1805 -0.000390801
0.1815 -0.00158602
0.1825 -0.00183414
0.1835 -0.00120798
0.1845 -0.000604984
0.1855 -0.000920538
0.1865 -0.0024218
0.1875 -0.00368209
0.1885 -0.00360099
0.1895 -0.00177919
0.1905 0.000223229
0.1915 0.000578082
0.1925 0.000261508
0.1935 -0.000206356
0.1945 -0.000181139
0.1955 0.000892675
0.1965 0.00209788
0.1975 0.00226305
0.1985 0.00199135
0.1995 0.00138014
0.2005 0.000882866
0.2015 0.000667634
0.2025 0.000561066
0.2035 0.000418629
0.2045 0.00011643
0.2055 -0.000510378
0.2065 -0.00100757
0.2075 -0.00105874
0.2085 -0.000605921
0.2095 -0.000216598
0.2105 -0.000361061
0.2115 -0.00107199
0.2125 -0.0016528
0.2135 -0.00158058
0.2145 -0.000547097
0.2155 0.00054369
0.2165 0.00070771
0.2175 0.000449263
0.2185 8.93694e-05
0.2195 4.30453e-05
0.2205 0.000560185
0.2215 0.00109182
0.2225 0.00101976
0.2235 0.000484089
0.2245 -0.000224507
0.2255 -0.000649501
0.2265 -0.000848757
0.2275 -0.000860577
0.2285 -0.000799072
0.2295 -0.000745053
0.2305 -0.000696854
0.2315 -0.000578346
0.2325 -0.000329677
0.2335 0.000204716
0.2345 0.000635423
0.2355 0.000689986
0.2365 0.000342436
0.2375 -2.71978e-05
0.2385 -2.19343e-05
0.2395 0.000369456
0.2405 0.000747552
0.2415 0.000726892
0.2425 0.000261878
0.2435 -0.000256552
0.2445 -0.000345408
0.2455 -0.000196146
0.2465 -2.02233e-05
0.2475 -8.31339e-05
0.2485 -0.000501623
0.2495 -0.000992776
0.2505 -0.00116056
0.2515 -0.0011729
0.2525 -0.000942918
0.2535 -0.000679304
0.2545 -0.000533465
0.2555 -0.000339391
0.2565 -0.000153549
0.2575 4.94986e-05
0.2585 0.00051968
0.2595 0.000978012
0.2605 0.00112322
0.2615 0.00119035
0.2625 0.00121699
0.2635 0.00123002
0.2645 0.00121802
0.2655 0.00114421
0.2665 0.00096984
0.2675 0.000418452
0.2685 -0.000119807
0.2695 -0.000355573
0.2705 -0.000569793
0.2715 -0.000785914
0.2725 -0.00104056
0.2735 -0.00125855
0.2745 -0.00136542
0.2755 -0.00133146
0.2765 -0.00114799
0.2775 -0.000624198
0.2785 -0.000131795
0.2795 7.04378e-05
0.2805 0.000260269
0.2815 0.000425118
0.2825 0.00061529
0.2835 0.000848502
0.2845 0.00123387
0.2855 0.00176418
0.2865 0.00272182
0.2875 0.00376323
0.2885 0.00431484
0.2895 0.00547852
0.2905 0.00668512
0.2915 0.00737523
0.2925 0.00828085
0.2935 0.00887414
0.2945 0.00901061
0.2955 0.008703
0.2965 0.00793804
0.2975 0.00674973
0.2985 0.0036878
0.2995 0.000387285
0.3005 -0.00120596
0.3015 -0.00418156
0.3025 -0.00688984
0.3035 -0.00832396
0.3045 -0.00939483
0.3055 -0.00984656
0.3065 -0.00983117
0.3075 -0.00937384
0.3085 -0.00853572
0.3095 -0.00674795
0.3105 -0.00436529
0.3115 -0.00279545
0.3125 -0.00167389
0.3135 -0.000989617
0.3145 -0.000610996
0.3155 -0.000452108
0.3165 -0.000446527
0.3175 -0.000600446
0.3185 -0.000771851
0.3195 -0.000891414
0.3205 -0.00102212
0.3215 -0.0010766
0.3225 -0.00105609
0.3235 -0.000910341
0.3245 -0.000649775
0.3255 6.04322e-05
0.3265 0.000810949
0.3275 0.00105205
0.3285 0.0010615
0.3295 0.000658188
0.3305 0.000186234
0.3315 0.00011612
0.3325 0.000420094
0.3335 0.000776393
0.3345 0.000777931
0.3355 0.000455445
0.3365 5.92462e-05
0.3375 -6.88252e-05
0.3385 -5.66155e-05
0.3395 -3.46598e-05
0.3405 -0.000160634
0.3415 -0.000670594
0.3425 -0.00126484
0.3435 -0.00151159
0.3445 -0.00162108
0.3455 -0.00160648
0.3465 -0.00148793
0.3475 -0.0012814
0.3485 -0.000937255
0.3495 -0.000453522
0.3505 0.000645454
0.3515 0.00172537
0.3525 0.00200464
0.3535 0.00192982
0.3545 0.00111054
0.3555 0.000311189
0.3565 0.000286087
0.3575 0.00097777
0.3585 0.00164235
0.3595 0.00158038
0.3605 0.000667154
0.3615 -0.000277287
0.3625 -0.000380403
0.3635 0.000165432
0.3645 0.000732605
0.3655 0.000626543
0.3665 -0.000264559
0.3675 -0.00130671
0.3685 -0.00165579
0.3695 -0.00175338
0.3705 -0.00164419
0.3715 -0.00146118
0.3725 -0.00131069
0.3735 -0.00104723
0.3745 -0.000614087
0.3755 0.000385985
0.3765 0.00147925
0.3775 0.00185452
0.3785 0.00171968
0.3795 0.000397447
0.3805 -0.000776882
0.3815 -0.000696946
0.3825 0.000785636
0.3835 0.00211865
0.3845 0.00202462
0.3855 0.000351977
0.3865 -0.00131854
0.3875 -0.00142348
0.3885 -0.000152164
0.3895 0.00122354
0.3905 0.00123438
0.3915 -7.90711e-05
0.3925 -0.00157607
0.3935 -0.00181953
0.3945 -0.00151092
0.3955 -0.00102278
0.3965 -0.000763654
0.3975 -0.000790178
0.3985 -0.000842019
0.3995 -0.000562864
0.4005 0.000236274
0.4015 0.0012617
0.4025 0.00183322
0.4035 0.00149151
0.4045 -0.000234735
0.4055 -0.00161154
0.4065 -0.00135653
0.4075 0.00103907
0.4085 0.00309578
0.4095 0.00289721
0.4105 -0.00019379
0.4115 -0.00308053
0.4125 -0.00306264
0.4135 -0.000130322
0.4145 0.00293187
0.4155 0.00310915
0.4165 0.00110556
0.4175 -0.00129677
0.4185 -0.0017798
0.4195 -0.00127965
0.4205 -0.000462547
0.4215 -0.00010416
0.4225 -0.000415802
0.4235 -0.000980725
0.4245 -0.0010385
0.4255 -0.000155552
0.4265 0.00131047
0.4275 0.00223791
0.4285 0.00172922
0.4295 -0.000388932
0.4305 -0.00193867
0.4315 -0.00129839
0.4325 0.00228391
0.4335 0.00518688
0.4345 0.00473079
0.4355 -0.000810075
0.4365 -0.0058364
0.4375 -0.00573729
0.4385 -0.000449756
0.4395 0.00485012
0.4405 0.00511326
0.4415 0.000906778
0.4425 -0.00377541
0.4435 -0.00416575
0.4445 -0.00234783
0.4455 0.000220578
0.4465 0.00124353
0.4475 0.000390064
0.4485 -0.00139303
0.4495 -0.00219253
0.4505 -0.000481039
0.4515 0.00265047
0.4525 0.00458517
0.4535 0.00358741
0.4545 -0.00132301
0.4555 -0.00474999
0.4565 -0.00336095
0.4575 0.00253379
0.4585 0.00713191
0.4595 0.00636818
0.4605 -0.0018404
0.4615 -0.00915545
0.4625 -0.0092386
0.4635 -0.000853921
0.4645 0.00790905
0.4655 0.00782381
0.4665 0.000669938
0.4675 -0.00762872
0.4685 -0.0082278
0.4695 -0.00343136
0.4705 0.00388227
0.4715 0.00743991
0.4725 0.00420878
0.4735 -0.00359174
0.4745 -0.00768678
0.4755 -0.00374362
0.4765 0.0053554
0.4775 0.0113534
0.4785 0.00664934
0.4795 -0.00452731
0.4805 -0.0139407
0.4815 -0.0135927
0.4825 0.00470708
0.4835 0.0177241
0.4845 0.0140056
0.4855 -0.00510014
0.4865 -0.0182244
0.4875 -0.0139578
0.4885 -0.00434138
0.4895 0.0154676
0.4905 0.0215939
0.4915 0.00797073
0.4925 -0.0129447
0.4935 -0.00602114
0.4945 0.0302936
0.4955 0.0800196
0.4965 0.209213
0.4975 0.345518
0.4985 0.403555
0.4995 0.471952
0.5005 0.527943
0.5015 0.596341
0.5025 0.654392
0.5035 0.79073
0.5045 0.919964
0.5055 0.969724
0.5065 1.00608
0.5075 1.01301
0.5085 0.992193
0.5095 0.97867
0.5105 0.984793
0.5115 1.00459
0.5125 1.01414
0.5135 1.01831
0.5145 1.00502
0.5155 0.985731
0.5165 0.981901
0.5175 0.994794
0.5185 1.01306
0.5195 1.01341
0.5205 1.00403
0.5215 0.9929
0.5225 0.988266
0.5235 0.994338
0.5245 1.0035
0.5255 1.00749
0.5265 1.00345
0.5275 0.995706
0.5285 0.992511
0.5295 0.996102
0.5305 1.00343
0.5315 1.00822
0.5325 1.00761
0.5335 0.999341
0.5345 0.992239
0.5355 0.992182
0.5365 1.00101
0.5375 1.00943
0.5385 1.00933
0.5395 1.00202
0.5405 0.993779
0.5415 0.992923
0.5425 0.997308
0.5435 1.00299
0.5445 1.00433
0.5455 1.00084
0.5465 0.995846
0.5475 0.994801
0.5485 0.996676
0.5495 0.999771
0.5505 1.00149
0.5515 1.00077
0.5525 0.999127
0.5535 0.99848
0.5545 0.999725
0.5555 1.00263
0.5565 1.00472
0.5575 1.00448
0.5585 0.999906
0.5595 0.995756
0.5605 0.996078
0.5615 1.00145
0.5625 1.00673
0.5635 1.0068
0.5645 1.00178
0.5655 0.996184
0.5665 0.995597
0.5675 0.998114
0.5685 1.00129
0.5695 1.0018
0.5705 0.999942
0.5715 0.997516
0.5725 0.996972
0.5735 0.997874
0.5745 0.999359
0.5755 1.00038
0.5765 1.00056
0.5775 1.00029
0.5785 1.00033
0.5795 1.00105
0.5805 1.00228
0.5815 1.00309
0.5825 1.00276
0.5835 1.00044
0.5845 0.998504
0.5855 0.998818
0.5865 1.00237
0.5875 1.00606
0.5885 1.00658
0.5895 1.0049
0.5905 1.00306
0.5915 1.0034
0.5925 1.00659
0.5935 1.00968
0.5945 1.00974
0.5955 1.0082
0.5965 1.00595
0.5975 1.00429
0.5985 1.00297
0.5995 1.00183
0.6005 1.00061
0.6015 0.997764
0.6025 0.994575
0.6035 0.993288
0.6045 0.992719
0.6055 0.99284
0.6065 0.993112
0.6075 0.993037
0.6085 0.992695
0.6095 0.992581
0.6105 0.993088
0.6115 0.99544
0.6125 0.997716
0.6135 0.998105
0.6145 0.997391
0.6155 0.996611
0.6165 0.996903
0.6175 0.998861
0.6185 1.00078
0.6195 1.001
0.6205 0.999919
0.6215 0.998746
0.6225 0.99888
0.6235 1.00002
0.6245 1.00151
0.6255 1.00234
0.6265 1.00258
0.6275 1.0023
0.6285 1.00182
0.6295 1.00148
0.6305 1.00126
0.6315 1.00098
0.6325 1.00051
0.6335 0.999169
0.6345 0.99791
0.6355 0.997565
0.6365 0.997508
0.6375 0.997604
0.6385 0.997888
0.6395 0.998256
0.6405 0.998622
0.6415 0.999355
0.6425 1.0002
0.6435 1.00061
0.6445 1.00057
0.6455 0.99952
0.6465 0.998524
0.6475 0.998566
0.6485 0.99974
0.6495 1.00105
0.6505 1.00127
0.6515 1.0009
0.6525 1.00044
0.6535 1.00055
0.6545 1.00122
0.6555 1.00209
0.6565 1.00256
0.6575 1.00267
0.6585 1.00238
0.6595 1.0012
0.6605 0.999914
0.6615 0.999268
0.6625 0.998795
0.6635 0.998571
0.6645 0.998531
0.6655 0.998655
0.6665 0.998984
0.6675 0.999255
0.6685 0.999316
0.6695 0.999314
0.6705 0.99941
0.6715 0.999756
0.6725 1.00039
0.6735 1.00128
0.6745 1.00192
0.6755 1.00197
0.6765 1.00117
0.6775 1.00022
0.6785 1.00005
0.6795 1.00048
0.6805 1.00092
0.6815 1.00079
0.6825 0.999808
0.6835 0.998802
0.6845 0.998661
0.6855 0.999045
0.6865 0.999503
0.6875 0.999474
0.6885 0.999009
0.6895 0.998638
0.6905 0.998771
0.6915 0.999802
0.6925 1.00083
0.6935 1.001
0.6945 1.00084
0.6955 1.00058
0.6965 1.00048
0.6975 1.00065
0.6985 1.00098
0.6995 1.00115
0.7005 1.00093
0.7015 0.999943
0.7025 0.999117
0.7035 0.999156
0.7045 1.00004
0.7055 1.00077
0.7065 1.00059
0.7075 0.999237
0.7085 0.998068
0.7095 0.998134
0.7105 0.999693
0.7115 1.00123
0.7125 1.00132
0.7135 1.00013
0.7145 0.998971
0.7155 0.999074
0.7165 1.00064
0.7175 1.0022
0.7185 1.00229
0.7195 1.0017
0.7205 1.00081
0.7215 1.00016
0.7225 0.999933
0.7235 0.999965
0.7245 0.999867
0.7255 0.999389
0.7265 0.998689
0.7275 0.998273
0.7285 0.998567
0.7295 0.999824
0.7305 1.00079
0.7315 1.00056
0.7325 0.999088
0.7335 0.997937
0.7345 0.998269
0.7355 1.0011
0.7365 1.00365
0.7375 1.00364
0.7385 1.00104
0.7395 0.998409
0.7405 0.998298
0.7415 1.00052
0.7425 1.00289
0.7435 1.00294
0.7445 1.00169
0.7455 0.999971
0.7465 0.999093
0.7475 0.999182
0.7485 0.999834
0.7495 1.00009
0.7505 0.99921
0.7515 0.997684
0.7525 0.996799
0.7535 0.997365
0.7545 1.00002
0.7555 1.00191
0.7565 1.00133
0.7575 0.998866
0.7585 0.99704
0.7595 0.997644
0.7605 1.00188
0.7615 1.00559
0.7625 1.00565
0.7635 1.00147
0.7645 0.996993
0.7655 0.996865
0.7665 1.00018
0.7675 1.00403
0.7685 1.00409
0.7695 1.00143
0.7705 0.997479
0.7715 0.995428
0.7725 0.996801
0.7735 1.0006
0.7745 1.00258
0.7755 1.00056
0.7765 0.996001
0.7775 0.992983
0.7785 0.995399
0.7795 1.00115
0.7805 1.00609
0.7815 1.00616
0.7825 0.997545
0.7835 0.991797
0.7845 0.994129
0.7855 1.00406
0.7865 1.01086
0.7875 1.00894
0.7885 1.00429
0.7895 0.994319
0.7905 0.991258
0.7915 0.997292
0.7925 1.00685
0.7935 1.00314
0.7945 0.984349
0.7955 0.959035
0.7965 0.894014
0.7975 0.825637
0.7985 0.796517
0.7995 0.762377
0.8005 0.734401
0.8015 0.700244
0.8025 0.671483
0.8035 0.603635
0.8045 0.539493
0.8055 0.515064
0.8065 0.497475
0.8075 0.494327
0.8085 0.505457
0.8095 0.512866
0.8105 0.509913
0.8115 0.500169
0.8125 0.495359
0.8135 0.493075
0.8145 0.499597
0.8155 0.508851
0.8165 0.51016
0.8175 0.502722
0.8185 0.492809
0.8195 0.492137
0.8205 0.496258
0.8215 0.501375
0.8225 0.503466
0.8235 0.500442
0.8245 0.495914
0.8255 0.494042
0.8265 0.496269
0.8275 0.500443
0.8285 0.502399
0.8295 0.501061
0.8305 0.497905
0.8315 0.496011
0.8325 0.496832
0.8335 0.501633
0.8345 0.505754
0.8355 0.506056
0.8365 0.501853
0.8375 0.497593
0.8385 0.497503
0.8395 0.500978
0.8405 0.504779
0.8415 0.504793
0.8425 0.501572
0.8435 0.497653
0.8445 0.496662
0.8455 0.497783
0.8465 0.499666
0.8475 0.500077
0.8485 0.499117
0.8495 0.49767
0.8505 0.497079
0.8515 0.497896
0.8525 0.499275
0.8535 0.500239
0.8545 0.500217
0.8555 0.499541
0.8565 0.499113
0.8575 0.49961
0.8585 0.502039
0.8595 0.504111
0.8605 0.504046
0.8615 0.501354
0.8625 0.498568
0.8635 0.498421
0.8645 0.500701
0.8655 0.503192
0.8665 0.50325
0.8675 0.501323
0.8685 0.499029
0.8695 0.498533
0.8705 0.49896
0.8715 0.499647
0.8725 0.499842
0.8735 0.49929
0.8745 0.498499
0.8755 0.498178
0.8765 0.498356
0.8775 0.499073
0.8785 0.499687
0.8795 0.499868
0.8805 0.499899
0.8815 0.500035
0.8825 0.500533
0.8835 0.501612
0.8845 0.50242
0.8855 0.502329
0.8865 0.500737
0.8875 0.499161
0.8885 0.499083
0.8895 0.500367
0.8905 0.501751
0.8915 0.501775
0.8925 0.500556
0.8935 0.499165
0.8945 0.498972
0.8955 0.499425
0.8965 0.500075
0.8975 0.500347
0.8985 0.50025
0.8995 0.499814
0.9005 0.499433
0.9015 0.499327
0.9025 0.499447
0.9035 0.499588
0.9045 0.499559
0.9055 0.499492
0.9065 0.499527
0.9075 0.499781
0.9085 0.500358
0.9095 0.500792
0.9105 0.500745
0.9115 0.499906
0.9125 0.499115
0.9135 0.499121
0.9145 0.499938
0.9155 0.500825
0.9165 0.50092
0.9175 0.500421
0.9185 0.499854
0.9195 0.499871
0.9205 0.500235
0.9215 0.500796
0.9225 0.501198
0.9235 0.501352
0.9245 0.501241
0.9255 0.500882
0.9265 0.500454
0.9275 0.500035
0.9285 0.499738
0.9295 0.499281
0.9305 0.498905
0.9315 0.498844
0.9325 0.498966
0.9335 0.499487
0.9345 0.499936
0.9355 0.499937
0.9365 0.499574
0.9375 0.499137
0.9385 0.499023
0.9395 0.499129
0.9405 0.499721
0.9415 0.500347
0.9425 0.500781
0.9435 0.501184
0.9445 0.501445
0.9455 0.501764
0.9465 0.502019
0.9475 0.502118
0.9485 0.502064
0.9495 0.501861
0.9505 0.501203
0.9515 0.500559
0.9525 0.500229
0.9535 0.499761
0.9545 0.499331
0.9555 0.498916
0.9565 0.498563
0.9575 0.498385
0.9585 0.498302
0.9595 0.498353
0.9605 0.498434
0.9615 0.498424
0.9625 0.498298
0.9635 0.498162
0.9645 0.498217
0.9655 0.498535
0.9665 0.499507
0.9675 0.500662
0.9685 0.501262
0.9695 0.501663
0.9705 0.501863
0.9715 0.5019
0.9725 0.501803
0.9735 0.501586
0.9745 0.501257
0.9755 0.500432
0.9765 0.499699
0.9775 0.499525
0.9785 0.499535
0.9795 0.499613
0.9805 0.499551
0.9815 0.499121
0.9825 0.498415
0.9835 0.49688
0.9845 0.49482
0.9855 0.492643
0.9865 0.489397
0.9875 0.483802
0.9885 0.476313
0.9895 0.462592
0.9905 0.442845
0.9915 0.420297
0.9925 0.371666
0.9935 0.326654
0.9945 0.273056
0.9955 0.220479
0.9965 0.194313
0.9975 0.178322
0.9985 0.174547
0.9995 0.182883

# time= 0.75
0.0005 -2.45679
0.0015 -2.19668
0.0025 -1.82755
0.0035 -1.31513
0.0045 -0.847969
0.0055 -0.481495
0.0065 -0.199109
0.0075 0.0180078
0.0085 0.1806
0.0095 0.267799
0.0105 0.35712
0.0115 0.406216
0.0125 0.433791
0.0135 0.461816
0.0145 0.480163
0.0155 0.488288
0.0165 0.494232
0.0175 0.496502
0.0185 0.496737
0.0195 0.496825
0.0205 0.498392
0.0215 0.500734
0.0225 0.502512
0.0235 0.501856
0.0245 0.498765
0.0255 0.496397
0.0265 0.497429
0.0275 0.50017
0.0285 0.502402
0.0295 0.501985
0.0305 0.499034
0.0315 0.497074
0.0325 0.496801
0.0335 0.501288
0.0345 0.504605
0.0355 0.503914
0.0365 0.501442
0.0375 0.496732
0.0385 0.496208
0.0395 0.499768
0.0405 0.504563
0.0415 0.505248
0.0425 0.504421
0.0435 0.496972
0.0445 0.491105
0.0455 0.496975
0.0465 0.503826
0.0475 0.506219
0.0485 0.498916
0.0495 0.484083
0.0505 0.467915
0.0515 0.446713
0.0525 0.409525
0.0535 0.353881
0.0545 0.305462
0.0555 0.277634
0.0565 0.262842
0.0575 0.255511
0.0585 0.252254
0.0595 0.250936
0.0605 0.250409
0.0615 0.250246
0.0625 0.250204
0.0635 0.250207
0.0645 0.250219
0.0655 0.250226
0.0665 0.250226
0.0675 0.250219
0.0685 0.250206
0.0695 0.250183
0.0705 0.250153
0.0715 0.250103
0.0725 0.250049
0.0735 0.250007
0.0745 0.249971
0.0755 0.249948
0.0765 0.249916
0.0775 0.249893
0.0785 0.249857
0.0795 0.249814
0.0805 0.249752
0.0815 0.249683
0.0825 0.249652
0.0835 0.249633
0.0845 0.249626
0.0855 0.249631
0.0865 0.249649
0.0875 0.249685
0.0885 0.249744
0.0895 0.249804
0.0905 0.249914
0.0915 0.250082
0.0925 0.250217
0.0935 0.25037
0.0945 0.250519
0.0955 0.250639
0.0965 0.250731
0.0975 0.250793
0.0985 0.250828
0.0995 0.250838
0.1005 0.250819
0.1015 0.250771
0.1025 0.250684
0.1035 0.250574
0.1045 0.250341
0.1055 0.250066
0.1065 0.249736
0.1075 0.24937
0.1085 0.249024
0.1095 0.248732
0.1105 0.248582
0.1115 0.248495
0.1125 0.24846
0.1135 0.248478
0.1145 0.248559
0.1155 0.248699
0.1165 0.249023
0.1175 0.2494
0.1185 0.24966
0.1195 0.250075
0.1205 0.250565
0.1215 0.250914
0.1225 0.251173
0.1235 0.251339
0.1245 0.251438
0.1255 0.251471
0.1265 0.251437
0.1275 0.251338
0.1285 0.251135
0.1295 0.250868
0.1305 0.250372
0.1315 0.249823
0.1325 0.249551
0.1335 0.24908
0.1345 0.248661
0.1355 0.248437
0.1365 0.248266
0.1375 0.248186
0.1385 0.248179
0.1395 0.248251
0.1405 0.248401
0.1415 0.248717
0.1425 0.249125
0.1435 0.249414
0.1445 0.249969
0.1455 0.250495
0.1465 0.250813
0.1475 0.251064
0.1485 0.251187
0.1495 0.251246
0.1505 0.251243
0.1515 0.251176
0.1525 0.251035
0.1535 0.250813
0.1545 0.250523
0.1555 0.250064
0.1565 0.249555
0.1575 0.24909
0.1585 0.248835
0.1595 0.248638
0.1605 0.248504
0.1615 0.248449
0.1625 0.248442
0.1635 0.248496
0.1645 0.248612
0.1655 0.248784
0.1665 0.249217
0.1675 0.2497
0.1685 0.249946
0.1695 0.250426
0.1705 0.250876
0.1715 0.251136
0.1725 0.251339
0.1735 0.251434
0.1745 0.251471
0.1755 0.251452
0.1765 0.251376
0.1775 0.251252
0.1785 0.251006
0.1795 0.250733
0.1805 0.250349
0.1815 0.249896
0.1825 0.249592
0.1835 0.249323
0.1845 0.249163
0.1855 0.249068
0.1865 0.249021
0.1875 0.249017
0.1885 0.249057
0.1895 0.249137
0.1905 0.249267
0.1915 0.249423
0.1925 0.249655
0.1935 0.249939
0.1945 0.250145
0.1955 0.250409
0.1965 0.250601
0.1975 0.25069
0.1985 0.250722
0.1995 0.250702
0.2005 0.250578
0.2015 0.250447
0.2025 0.250388
0.2035 0.250333
0.2045 0.250273
0.2055 0.2502
0.2065 0.250018
0.2075 0.249821
0.2085 0.249745
0.2095 0.249694
0.2105 0.249663
0.2115 0.249646
0.2125 0.249643
0.2135 0.249655
0.2145 0.249685
0.2155 0.249774
0.2165 0.249854
0.2175 0.249869
0.2185 0.249856
0.2195 0.249839
0.2205 0.249843
0.2215 0.249881
0.2225 0.249914
0.2235 0.249911
0.2245 0.249867
0.2255 0.249816
0.2265 0.249808
0.2275 0.249826
0.2285 0.249905
0.2295 0.249987
0.2305 0.250045
0.2315 0.250099
0.2325 0.250126
0.2335 0.250181
0.2345 0.250231
0.2355 0.25025
0.2365 0.250273
0.2375 0.250319
0.2385 0.250488
0.2395 0.250991
0.2405 0.252261
0.2415 0.255296
0.2425 0.262149
0.2435 0.276841
0.2445 0.306435
0.2455 0.362165
0.2465 0.459121
0.2475 0.570457
0.2485 0.6447
0.2495 0.686786
0.2505 0.718711
0.2515 0.748148
0.2525 0.762463
0.2535 0.757174
0.2545 0.743473
0.2555 0.731648
0.2565 0.743129
0.2575 0.757811
0.2585 0.759365
0.2595 0.757901
0.2605 0.748244
0.2615 0.741078
0.2625 0.742107
0.2635 0.751564
0.2645 0.756745
0.2655 0.758405
0.2665 0.752054
0.2675 0.743589
0.2685 0.742769
0.2695 0.748084
0.2705 0.755155
0.2715 0.755822
0.2725 0.751693
0.2735 0.745893
0.2745 0.743704
0.2755 0.747904
0.2765 0.753311
0.2775 0.755325
0.2785 0.752234
0.2795 0.748316
0.2805 0.746671
0.2815 0.748459
0.2825 0.751762
0.2835 0.75411
0.2845 0.754388
0.2855 0.752136
0.2865 0.750266
0.2875 0.750513
0.2885 0.754001
0.2895 0.757515
0.2905 0.757868
0.2915 0.75658
0.2925 0.754812
0.2935 0.754334
0.2945 0.755024
0.2955 0.756175
0.2965 0.756158
0.2975 0.754882
0.2985 0.751433
0.2995 0.748485
0.3005 0.747709
0.3015 0.748349
0.3025 0.749089
0.3035 0.748382
0.3045 0.74476
0.3055 0.741442
0.3065 0.741244
0.3075 0.742871
0.3085 0.745
0.3095 0.745812
0.3105 0.745642
0.3115 0.744991
0.3125 0.744623
0.3135 0.745082
0.3145 0.747712
0.3155 0.750162
0.3165 0.750389
0.3175 0.749357
0.3185 0.748055
0.3195 0.748104
0.3205 0.749381
0.3215 0.751045
0.3225 0.751759
0.3235 0.750512
0.3245 0.74863
0.3255 0.74777
0.3265 0.749384
0.3275 0.752113
0.3285 0.7534
0.3295 0.751964
0.3305 0.748235
0.3315 0.746286
0.3325 0.746717
0.3335 0.751018
0.3345 0.754111
0.3355 0.753149
0.3365 0.750403
0.3375 0.745604
0.3385 0.745112
0.3395 0.748704
0.3405 0.753556
0.3415 0.754307
0.3425 0.75355
0.3435 0.746275
0.3445 0.740644
0.3455 0.746582
0.3465 0.753447
0.3475 0.756141
0.3485 0.748993
0.3495 0.734445
0.3505 0.718802
0.3515 0.698049
0.3525 0.660975
0.3535 0.605102
0.3545 0.556403
0.3555 0.528444
0.3565 0.513718
0.3575 0.506482
0.3585 0.503129
0.3595 0.501608
0.3605 0.50088
0.3615 0.50052
0.3625 0.500366
0.3635 0.500272
0.3645 0.500209
0.3655 0.500123
0.3665 0.500024
0.3675 0.499972
0.3685 0.499931
0.3695 0.499892
0.3705 0.499852
0.3715 0.499773
0.3725 0.499702
0.3735 0.499697
0.3745 0.499729
0.3755 0.499811
0.3765 0.499878
0.3775 0.499881
0.3785 0.499834
0.3795 0.499799
0.3805 0.499828
0.3815 0.499991
0.3825 0.500177
0.3835 0.500245
0.3845 0.500279
0.3855 0.500296
0.3865 0.500307
0.3875 0.500309
0.3885 0.500292
0.3895 0.500251
0.3905 0.500152
0.3915 0.500068
0.3925 0.500042
0.3935 0.500031
0.3945 0.500004
0.3955 0.499932
0.3965 0.499696
0.3975 0.499468
0.3985 0.499415
0.3995 0.49943
0.4005 0.499572
0.4015 0.499735
0.4025 0.499793
0.4035 0.49984
0.4045 0.499882
0.4055 0.499924
0.4065 0.499978
0.4075 0.500049
0.4085 0.500199
0.4095 0.500339
0.4105 0.500411
0.4115 0.500465
0.4125 0.50049
0.4135 0.500499
0.4145 0.500492
0.4155 0.500469
0.4165 0.500439
0.4175 0.500374
0.4185 0.500285
0.4195 0.50019
0.4205 0.500064
0.4215 0.499853
0.4225 0.499678
0.4235 0.499619
0.4245 0.499622
0.4255 0.499696
0.4265 0.499799
0.4275 0.499876
0.4285 0.49999
0.4295 0.500102
0.4305 0.500246
0.4315 0.500362
0.4325 0.500401
0.4335 0.500417
0.4345 0.500409
0.4355 0.500382
0.4365 0.500347
0.4375 0.500313
0.4385 0.500275
0.4395 0.50022
0.4405 0.500169
0.4415 0.500106
0.4425 0.500018
0.4435 0.499857
0.4445 0.499684
0.4455 0.499602
0.4465 0.499546
0.4475 0.49953
0.4485 0.499553
0.4495 0.499614
0.4505 0.499704
0.4515 0.499917
0.4525 0.500132
0.4535 0.50024
0.4545 0.500318
0.4555 0.500351
0.4565 0.500347
0.4575 0.500306
0.4585 0.500173
0.4595 0.500024
0.4605 0.499957
0.4615 0.499912
0.4625 0.499887
0.4635 0.499879
0.4645 0.499876
0.4655 0.49987
0.4665 0.499855
0.4675 0.499813
0.4685 0.499764
0.4695 0.499736
0.4705 0.499716
0.4715 0.499707
0.4725 0.499708
0.4735 0.499718
0.4745 0.499731
0.4755 0.499746
0.4765 0.499762
0.4775 0.499783
0.4785 0.499804
0.4795 0.499838
0.4805 0.499873
0.4815 0.499881
0.4825 0.499871
0.4835 0.499836
0.4845 0.499777
0.4855 0.499676
0.4865 0.499585
0.4875 0.499446
0.4885 0.499313
0.4895 0.499214
0.4905 0.499114
0.4915 0.499067
0.4925 0.49904
0.4935 0.499044
0.4945 0.499079
0.4955 0.499144
0.4965 0.499237
0.4975 0.499416
0.4985 0.499575
0.4995 0.499842
0.5005 0.500138
0.5015 0.500335
0.5025 0.500572
0.5035 0.500737
0.5045 0.500871
0.5055 0.500958
0.5065 0.500998
0.5075 0.501014
0.5085 0.500998
0.5095 0.500955
0.5105 0.500858
0.5115 0.500736
0.5125 0.500548
0.5135 0.500346
0.5145 0.500242
0.5155 0.500066
0.5165 0.499916
0.5175 0.499854
0.5185 0.49982
0.5195 0.499811
0.5205 0.499824
0.5215 0.499847
0.5225 0.499895
0.5235 0.499963
0.5245 0.50001
0.5255 0.500045
0.5265 0.500109
0.5275 0.500169
0.5285 0.500192
0.5295 0.500206
0.5305 0.500211
0.5315 0.500208
0.5325 0.50019
0.5335 0.500172
0.5345 0.500166
0.5355 0.500161
0.5365 0.500145
0.5375 0.500092
0.5385 0.499953
0.5395 0.499621
0.5405 0.498866
0.5415 0.497067
0.5425 0.493347
0.5435 0.485799
0.5445 0.470851
0.5455 0.442989
0.5465 0.394599
0.5475 0.339055
0.5485 0.302076
0.5495 0.281182
0.5505 0.265392
0.5515 0.250809
0.5525 0.243874
0.5535 0.246797
0.5545 0.253715
0.5555 0.259703
0.5565 0.25404
0.5575 0.24678
0.5585 0.246053
0.5595 0.246823
0.5605 0.251661
0.5615 0.255225
0.5625 0.254637
0.5635 0.249858
0.5645 0.247124
0.5655 0.246111
0.5665 0.249127
0.5675 0.25321
0.5685 0.252725
0.5695 0.250401
0.5705 0.247225
0.5715 0.246699
0.5725 0.248943
0.5735 0.251799
0.5745 0.252963
0.5755 0.250941
0.5765 0.248224
0.5775 0.247621
0.5785 0.249592
0.5795 0.25201
0.5805 0.253005
0.5815 0.25225
0.5825 0.250855
0.5835 0.250212
0.5845 0.250656
0.5855 0.252597
0.5865 0.254144
0.5875 0.254418
0.5885 0.253645
0.5895 0.252877
0.5905 0.253108
0.5915 0.254828
0.5925 0.256417
0.5935 0.256465
0.5945 0.255405
0.5955 0.254075
0.5965 0.253584
0.5975 0.253421
0.5985 0.253205
0.5995 0.252521
0.6005 0.250126
0.6015 0.247452
0.6025 0.246484
0.6035 0.246024
0.6045 0.245824
0.6055 0.245585
0.6065 0.244751
0.6075 0.243866
0.6085 0.243703
0.6095 0.243885
0.6105 0.244829
0.6115 0.245761
0.6125 0.24605
0.6135 0.246279
0.6145 0.246533
0.6155 0.246883
0.6165 0.248024
0.6175 0.249131
0.6185 0.249446
0.6195 0.249564
0.6205 0.249645
0.6215 0.249857
0.6225 0.250629
0.6235 0.251309
0.6245 0.251353
0.6255 0.251037
0.6265 0.250618
0.6275 0.25044
0.6285 0.25042
0.6295 0.250433
0.6305 0.250325
0.6315 0.24995
0.6325 0.249466
0.6335 0.249158
0.6345 0.248971
0.6355 0.248891
0.6365 0.248859
0.6375 0.248821
0.6385 0.248774
0.6395 0.248769
0.6405 0.248861
0.6415 0.249062
0.6425 0.249515
0.6435 0.249907
0.6445 0.250031
0.6455 0.250068
0.6465 0.250097
0.6475 0.250195
0.6485 0.250513
0.6495 0.250872
0.6505 0.251004
0.6515 0.250994
0.6525 0.250709
0.6535 0.250381
0.6545 0.250321
0.6555 0.250438
0.6565 0.250578
0.6575 0.250544
0.6585 0.250233
0.6595 0.249904
0.6605 0.249842
0.6615 0.249922
0.6625 0.249995
0.6635 0.249922
0.6645 0.249601
0.6655 0.249351
0.6665 0.249443
0.6675 0.249793
0.6685 0.250249
0.6695 0.250536
0.6705 0.250422
0.6715 0.249755
0.6725 0.249234
0.6735 0.24938
0.6745 0.250684
0.6755 0.251861
0.6765 0.251851
0.6775 0.250637
0.6785 0.249301
0.6795 0.249128
0.6805 0.249755
0.6815 0.250482
0.6825 0.250445
0.6835 0.249476
0.6845 0.248529
0.6855 0.248505
0.6865 0.249364
0.6875 0.250264
0.6885 0.250314
0.6895 0.249787
0.6905 0.24919
0.6915 0.249247
0.6925 0.249933
0.6935 0.251023
0.6945 0.251708
0.6955 0.251269
0.6965 0.249698
0.6975 0.248498
0.6985 0.24881
0.6995 0.25061
0.7005 0.252108
0.7015 0.252145
0.7025 0.250081
0.7035 0.248112
0.7045 0.248085
0.7055 0.250002
0.7065 0.251965
0.7075 0.251799
0.7085 0.249168
0.7095 0.246727
0.7105 0.246863
0.7115 0.249843
0.7125 0.252889
0.7135 0.252897
0.7145 0.250921
0.7155 0.248275
0.7165 0.247882
0.7175 0.249769
0.7185 0.252985
0.7195 0.254764
0.7205 0.252842
0.7215 0.248243
0.7225 0.244473
0.7235 0.245639
0.7245 0.251407
0.7255 0.255749
0.7265 0.253555
0.7275 0.248013
0.7285 0.243641
0.7295 0.244753
0.7305 0.251114
0.7315 0.255699
0.7325 0.25666
0.7335 0.248371
0.7345 0.242217
0.7355 0.244115
0.7365 0.249482
0.7375 0.258987
0.7385 0.260119
0.7395 0.252972
0.7405 0.243274
0.7415 0.241701
0.7425 0.243116
0.7435 0.25757
0.7445 0.268822
0.7455 0.256828
0.7465 0.242872
0.7475 0.237084
0.7485 0.251109
0.7495 0.280434
0.7505 0.312321
0.7515 0.354429
0.7525 0.428642
0.7535 0.539893
0.7545 0.636797
0.7555 0.692621
0.7565 0.722523
0.7575 0.737606
0.7585 0.744925
0.7595 0.748256
0.7605 0.749665
0.7615 0.750253
0.7625 0.75048
0.7635 0.750544
0.7645 0.750527
0.7655 0.750427
0.7665 0.750299
0.7675 0.750211
0.7685 0.750031
0.7695 0.749845
0.7705 0.74975
0.7715 0.749558
0.7725 0.74938
0.7735 0.749304
0.7745 0.749252
0.7755 0.749229
0.7765 0.749239
0.7775 0.749278
0.7785 0.749346
0.7795 0.749477
0.7805 0.749677
0.7815 0.749869
0.7825 0.750231
0.7835 0.750686
0.7845 0.750918
0.7855 0.751136
0.7865 0.751286
0.7875 0.751358
0.7885 0.751391
0.7895 0.751377
0.7905 0.751309
0.7915 0.751207
0.7925 0.751004
0.7935 0.750746
0.7945 0.750379
0.7955 0.749859
0.7965 0.749603
0.7975 0.749337
0.7985 0.749149
0.7995 0.749068
0.8005 0.749017
0.8015 0.74902
0.8025 0.74907
0.8035 0.749173
0.8045 0.749327
0.8055 0.749534
0.8065 0.749877
0.8075 0.75032
0.8085 0.750658
0.8095 0.750862
0.8105 0.751012
0.8115 0.751103
0.8125 0.75113
0.8135 0.751099
0.8145 0.751012
0.8155 0.750881
0.8165 0.750613
0.8175 0.750293
0.8185 0.749827
0.8195 0.749349
0.8205 0.749053
0.8215 0.748811
0.8225 0.748686
0.8235 0.748598
0.8245 0.748563
0.8255 0.748582
0.8265 0.748652
0.8275 0.74878
0.8285 0.748948
0.8295 0.749213
0.8305 0.749583
0.8315 0.750057
0.8325 0.750504
0.8335 0.750735
0.8345 0.750937
0.8355 0.751055
0.8365 0.751098
0.8375 0.751068
0.8385 0.750925
0.8395 0.750579
0.8405 0.749755
0.8415 0.747961
0.8425 0.744239
0.8435 0.736427
0.8445 0.721055
0.8455 0.692862
0.8465 0.644291
0.8475 0.588517
0.8485 0.551311
0.8495 0.530201
0.8505 0.514243
0.8515 0.499634
0.8525 0.492586
0.8535 0.495826
0.8545 0.503179
0.8555 0.509338
0.8565 0.504088
0.8575 0.497135
0.8585 0.49656
0.8595 0.497459
0.8605 0.502375
0.8615 0.505976
0.8625 0.505402
0.8635 0.500599
0.8645 0.497833
0.8655 0.496766
0.8665 0.499703
0.8675 0.503648
0.8685 0.502918
0.8695 0.500421
0.8705 0.497045
0.8715 0.496325
0.8725 0.498369
0.8735 0.501019
0.8745 0.502087
0.8755 0.499894
0.8765 0.496995
0.8775 0.496592
0.8785 0.498702
0.8795 0.501277
0.8805 0.502479
0.8815 0.501782
0.8825 0.500346
0.8835 0.499536
0.8845 0.499848
0.8855 0.501241
0.8865 0.502267
0.8875 0.502274
0.8885 0.500677
0.8895 0.499061
0.8905 0.498913
0.8915 0.499937
0.8925 0.501036
0.8935 0.501013
0.8945 0.499831
0.8955 0.498708
0.8965 0.49866
0.8975 0.499559
0.8985 0.500527
0.8995 0.500505
0.9005 0.49967
0.9015 0.498704
0.9025 0.498644
0.9035 0.499504
0.9045 0.500575
0.9055 0.50088
0.9065 0.500661
0.9075 0.500245
0.9085 0.499974
0.9095 0.499999
0.9105 0.500359
0.9115 0.500667
0.9125 0.500656
0.9135 0.500177
0.9145 0.499674
0.9155 0.499626
0.9165 0.499933
0.9175 0.500215
0.9185 0.50014
0.9195 0.499784
0.9205 0.49951
0.9215 0.499585
0.9225 0.500276
0.9235 0.500911
0.9245 0.500925
0.9255 0.500351
0.9265 0.499733
0.9275 0.499687
0.9285 0.50007
0.9295 0.50052
0.9305 0.500565
0.9315 0.500367
0.9325 0.500072
0.9335 0.499871
0.9345 0.499793
0.9355 0.499825
0.9365 0.499896
0.9375 0.499943
0.9385 0.50001
0.9395 0.500105
0.9405 0.500337
0.9415 0.500612
0.9425 0.500811
0.9435 0.501052
0.9445 0.50121
0.9455 0.50146
0.9465 0.501636
0.9475 0.501652
0.9485 0.50153
0.9495 0.501263
0.9505 0.500537
0.9515 0.499857
0.9525 0.499613
0.9535 0.499414
0.9545 0.499225
0.9555 0.499074
0.9565 0.498866
0.9575 0.498691
0.9585 0.498655
0.9595 0.498677
0.9605 0.498722
0.9615 0.498754
0.9625 0.498793
0.9635 0.498889
0.9645 0.499057
0.9655 0.499319
0.9665 0.499522
0.9675 0.49959
0.9685 0.499616
0.9695 0.499711
0.9705 0.499974
0.9715 0.500563
0.9725 0.501027
0.9735 0.501024
0.9745 0.500433
0.9755 0.499732
0.9765 0.499414
0.9775 0.499113
0.9785 0.498533
0.9795 0.497217
0.9805 0.494673
0.9815 0.490309
0.9825 0.483357
0.9835 0.472366
0.9845 0.454762
0.9855 0.429463
0.9865 0.389196
0.9875 0.341662
0.9885 0.248967
0.9895 0.136483
0.9905 -0.0487868
0.9915 -0.317956
0.9925 -0.610406
0.9935 -1.03883
0.9945 -1.70179
0.9955 -2.25268
0.9965 -2.49622
0.9975 -2.65529
0.9985 -2.70408
0.9995 -2.63693

# time= 1
0.0005 -1.69398
0.0015 -1.48713
0.0025 -1.25927
0.0035 -0.961024
0.0045 -0.621819
0.0055 -0.268045
0.0065 -0.0151149
0.0075 0.209642
0.0085 0.444887
0.0095 0.569687
0.0105 0.669544
0.0115 0.723491
0.0125 0.792543
0.0135 0.876945
0.0145 0.931318
0.0155 0.955913
0.0165 0.963966
0.0175 0.963851
0.0185 0.966292
0.0195 0.97944
0.0205 0.996156
0.0215 1.00481
0.0225 1.00269
0.0235 0.994573
0.0245 0.988831
0.0255 0.990163
0.0265 1.0003
0.0275 1.00827
0.0285 1.00875
0.0295 0.999547
0.0305 0.990299
0.0315 0.990416
0.0325 0.999786
0.0335 1.00902
0.0345 1.00964
0.0355 1.00272
0.0365 0.994975
0.0375 0.994497
0.0385 0.998325
0.0395 1.0032
0.0405 1.00446
0.0415 1.00267
0.0425 0.999429
0.0435 0.997491
0.0445 0.998153
0.0455 1.00063
0.0465 1.00246
0.0475 1.00229
0.0485 0.999189
0.0495 0.996436
0.0505 0.99651
0.0515 1.00021
0.0525 1.00379
0.0535 1.00361
0.0545 0.999356
0.0555 0.995193
0.0565 0.995222
0.0575 0.999523
0.0585 1.00399
0.0595 1.00425
0.0605 1.00121
0.0615 0.997632
0.0625 0.997102
0.0635 0.998303
0.0645 1.00007
0.0655 1.00091
0.0665 1.00077
0.0675 0.999938
0.0685 0.999296
0.0695 0.999285
0.0705 1.00015
0.0715 1.00092
0.0725 1.0008
0.0735 0.999616
0.0745 0.998609
0.0755 0.998821
0.0765 1.00062
0.0775 1.00218
0.0785 1.00206
0.0795 1.00002
0.0805 0.998088
0.0815 0.998097
0.0825 1.00006
0.0835 1.00209
0.0845 1.00214
0.0855 1.00062
0.0865 0.9988
0.0875 0.998313
0.0885 0.998479
0.0895 0.99924
0.0905 0.999916
0.0915 1.00012
0.0925 1.00006
0.0935 0.999934
0.0945 1.00002
0.0955 1.00041
0.0965 1.00071
0.0975 1.00063
0.0985 1.0003
0.0995 1.00008
0.1005 1.00023
0.1015 1.00092
0.1025 1.00149
0.1035 1.00143
0.1045 1.00045
0.1055 0.999477
0.1065 0.999408
0.1075 1.0001
0.1085 1.00075
0.1095 1.0006
0.1105 0.999522
0.1115 0.998247
0.1125 0.997802
0.1135 0.997768
0.1145 0.998274
0.1155 0.998887
0.1165 0.999198
0.1175 0.999452
0.1185 0.999695
0.1195 0.999895
0.1205 1.00022
0.1215 1.00052
0.1225 1.00064
0.1235 1.00073
0.1245 1.00083
0.1255 1.00103
0.1265 1.00126
0.1275 1.00133
0.1285 1.00124
0.1295 1.00068
0.1305 1.00014
0.1315 1.0001
0.1325 1.00025
0.1335 1.00034
0.1345 1.00015
0.1355 0.999363
0.1365 0.998434
0.1375 0.998028
0.1385 0.997853
0.1395 0.997922
0.1405 0.998124
0.1415 0.998608
0.1425 0.999172
0.1435 0.999782
0.1445 1.00027
0.1455 1.00054
0.1465 1.00067
0.1475 1.00065
0.1485 1.00031
0.1495 0.999982
0.1505 0.999972
0.1515 1.00015
0.1525 1.00039
0.1535 1.00049
0.1545 1.00046
0.1555 1.00033
0.1565 1.00001
0.1575 0.99954
0.1585 0.999194
0.1595 0.998973
0.1605 0.998859
0.1615 0.998844
0.1625 0.998945
0.1635 0.999157
0.1645 0.999526
0.1655 0.99982
0.1665 0.999895
0.1675 0.999801
0.1685 0.999725
0.1695 0.999834
0.1705 1.00035
0.1715 1.00093
0.1725 1.00114
0.1735 1.00124
0.1745 1.00125
0.1755 1.00122
0.1765 1.00117
0.1775 1.00111
0.1785 1.00101
0.1795 1.00074
0.1805 1.00043
0.1815 1.00025
0.1825 0.999981
0.1835 0.999605
0.1845 0.999332
0.1855 0.998892
0.1865 0.998514
0.1875 0.998503
0.1885 0.998702
0.1895 0.999446
0.1905 1.00011
0.1915 1.00022
0.1925 0.999971
0.1935 0.999704
0.1945 0.999776
0.1955 1.00033
0.1965 1.00089
0.1975 1.00094
0.1985 1.00073
0.1995 1.00044
0.2005 1.00036
0.2015 1.00047
0.2025 1.00061
0.2035 1.00061
0.2045 1.00037
0.2055 1.00008
0.2065 0.999969
0.2075 0.999919
0.2085 0.999847
0.2095 0.999684
0.2105 0.99925
0.2115 0.998778
0.2125 0.998676
0.2135 0.998904
0.2145 0.99991
0.2155 1.00078
0.2165 1.00078
0.2175 0.999842
0.2185 0.998946
0.2195 0.998983
0.2205 1.00002
0.2215 1.00111
0.2225 1.00118
0.2235 1.00046
0.2245 0.999603
0.2255 0.999485
0.2265 1.00001
0.2275 1.0006
0.2285 1.00063
0.2295 1.0002
0.2305 0.999715
0.2315 0.999685
0.2325 0.999947
0.2335 1.00029
0.2345 1.00033
0.2355 0.999871
0.2365 0.998992
0.2375 0.998401
0.2385 0.998664
0.2395 1.0005
0.2405 1.00208
0.2415 1.00197
0.2425 0.999784
0.2435 0.997682
0.2445 0.997685
0.2455 0.999788
0.2465 1.00193
0.2475 1.00203
0.2485 1.00025
0.2495 0.998407
0.2505 0.998362
0.2515 0.999725
0.2525 1.00125
0.2535 1.00131
0.2545 1.00035
0.2555 0.999057
0.2565 0.998696
0.2575 0.99963
0.2585 1.00122
0.2595 1.00209
0.2605 1.00145
0.2615 0.999039
0.2625 0.997158
0.2635 0.997403
0.2645 1.0013
0.2655 1.00479
0.2665 1.00449
0.2675 0.999883
0.2685 0.995214
0.2695 0.995173
0.2705 0.999857
0.2715 1.00454
0.2725 1.00443
0.2735 1.00061
0.2745 0.995849
0.2755 0.995627
0.2765 0.998977
0.2775 1.00367
0.2785 1.00581
0.2795 1.00259
0.2805 0.99746
0.2815 0.994782
0.2825 0.996957
0.2835 1.00553
0.2845 1.01069
0.2855 1.0075
0.2865 1.00029
0.2875 0.99445
0.2885 0.996036
0.2895 1.00565
0.2905 1.0111
0.2915 1.01045
0.2925 0.99465
0.2935 0.973841
0.2945 0.954028
0.2955 0.930014
0.2965 0.90474
0.2975 0.858303
0.2985 0.806938
0.2995 0.770581
0.3005 0.729507
0.3015 0.693152
0.3025 0.641778
0.3035 0.595271
0.3045 0.569971
0.3055 0.545889
0.3065 0.526033
0.3075 0.505138
0.3085 0.489289
0.3095 0.48864
0.3105 0.49407
0.3115 0.503595
0.3125 0.505185
0.3135 0.49946
0.3145 0.492401
0.3155 0.489311
0.3165 0.494464
0.3175 0.503083
0.3185 0.505268
0.3195 0.50261
0.3205 0.497474
0.3215 0.494244
0.3225 0.496388
0.3235 0.501073
0.3245 0.504417
0.3255 0.50419
0.3265 0.499428
0.3275 0.495606
0.3285 0.495491
0.3295 0.500184
0.3305 0.504886
0.3315 0.504856
0.3325 0.500199
0.3335 0.495596
0.3345 0.495289
0.3355 0.498754
0.3365 0.502615
0.3375 0.502843
0.3385 0.500902
0.3395 0.498438
0.3405 0.497807
0.3415 0.49871
0.3425 0.500337
0.3435 0.501316
0.3445 0.500993
0.3455 0.49977
0.3465 0.498867
0.3475 0.498959
0.3485 0.500504
0.3495 0.501867
0.3505 0.501826
0.3515 0.499958
0.3525 0.49815
0.3535 0.498233
0.3545 0.500357
0.3555 0.502437
0.3565 0.502421
0.3575 0.500262
0.3585 0.498014
0.3595 0.49788
0.3605 0.499377
0.3615 0.501143
0.3625 0.501409
0.3635 0.500796
0.3645 0.499906
0.3655 0.499514
0.3665 0.499616
0.3675 0.500077
0.3685 0.500434
0.3695 0.500462
0.3705 0.500056
0.3715 0.499689
0.3725 0.49976
0.3735 0.500322
0.3745 0.500787
0.3755 0.500679
0.3765 0.499733
0.3775 0.498898
0.3785 0.498939
0.3795 0.499915
0.3805 0.500844
0.3815 0.500823
0.3825 0.499816
0.3835 0.498787
0.3845 0.498757
0.3855 0.499467
0.3865 0.500342
0.3875 0.500609
0.3885 0.500565
0.3895 0.500274
0.3905 0.500025
0.3915 0.499964
0.3925 0.500099
0.3935 0.50026
0.3945 0.500253
0.3955 0.500093
0.3965 0.499967
0.3975 0.500013
0.3985 0.500133
0.3995 0.500199
0.4005 0.500104
0.4015 0.499662
0.4025 0.499284
0.4035 0.499281
0.4045 0.499707
0.4055 0.500138
0.4065 0.500153
0.4075 0.499782
0.4085 0.49942
0.4095 0.499465
0.4105 0.499886
0.4115 0.500402
0.4125 0.500616
0.4135 0.500672
0.4145 0.500536
0.4155 0.500372
0.4165 0.500341
0.4175 0.500361
0.4185 0.500392
0.4195 0.500387
0.4205 0.500285
0.4215 0.500171
0.4225 0.500143
0.4235 0.500131
0.4245 0.500101
0.4255 0.500025
0.4265 0.499854
0.4275 0.49972
0.4285 0.499724
0.4295 0.49985
0.4305 0.50002
0.4315 0.500127
0.4325 0.500184
0.4335 0.500219
0.4345 0.500249
0.4355 0.500298
0.4365 0.500336
0.4375 0.500326
0.4385 0.500235
0.4395 0.500148
0.4405 0.500143
0.4415 0.500183
0.4425 0.50034
0.4435 0.500509
0.4445 0.500566
0.4455 0.500582
0.4465 0.500549
0.4475 0.500464
0.4485 0.500335
0.4495 0.500009
0.4505 0.499666
0.4515 0.499485
0.4525 0.499352
0.4535 0.499296
0.4545 0.499298
0.4555 0.499354
0.4565 0.499453
0.4575 0.499702
0.4585 0.499926
0.4595 0.499993
0.4605 0.500005
0.4615 0.499941
0.4625 0.499865
0.4635 0.49985
0.4645 0.499859
0.4655 0.499868
0.4665 0.499861
0.4675 0.499852
0.4685 0.499865
0.4695 0.499919
0.4705 0.500018
0.4715 0.500088
0.4725 0.500069
0.4735 0.499875
0.4745 0.499654
0.4755 0.499592
0.4765 0.499581
0.4775 0.499592
0.4785 0.499589
0.4795 0.499547
0.4805 0.499517
0.4815 0.499539
0.4825 0.499586
0.4835 0.499609
0.4845 0.499573
0.4855 0.499379
0.4865 0.49918
0.4875 0.499184
0.4885 0.499333
0.4895 0.499726
0.4905 0.500039
0.4915 0.500036
0.4925 0.499605
0.4935 0.499188
0.4945 0.499194
0.4955 0.499639
0.4965 0.500118
0.4975 0.500164
0.4985 0.499891
0.4995 0.499577
0.5005 0.499574
0.5015 0.499832
0.5025 0.500161
0.5035 0.500298
0.5045 0.500335
0.5055 0.500341
0.5065 0.500392
0.5075 0.500631
0.5085 0.500819
0.5095 0.500758
0.5105 0.500487
0.5115 0.50015
0.5125 0.500046
0.5135 0.50025
0.5145 0.50098
0.5155 0.501555
0.5165 0.501468
0.5175 0.500332
0.5185 0.499222
0.5195 0.499157
0.5205 0.500015
0.5215 0.50094
0.5225 0.500968
0.5235 0.500123
0.5245 0.499185
0.5255 0.499093
0.5265 0.499587
0.5275 0.500186
0.5285 0.500285
0.5295 0.499974
0.5305 0.499626
0.5315 0.499683
0.5325 0.500084
0.5335 0.500588
0.5345 0.500711
0.5355 0.50033
0.5365 0.499431
0.5375 0.498806
0.5385 0.49907
0.5395 0.500779
0.5405 0.502213
0.5415 0.502057
0.5425 0.499745
0.5435 0.497521
0.5445 0.497482
0.5455 0.499541
0.5465 0.501663
0.5475 0.501752
0.5485 0.499965
0.5495 0.498131
0.5505 0.498113
0.5515 0.499528
0.5525 0.501131
0.5535 0.50125
0.5545 0.500387
0.5555 0.499211
0.5565 0.498906
0.5575 0.499905
0.5585 0.501548
0.5595 0.502456
0.5605 0.501828
0.5615 0.499304
0.5625 0.497304
0.5635 0.497511
0.5645 0.501329
0.5655 0.504756
0.5665 0.504426
0.5675 0.499764
0.5685 0.495062
0.5695 0.495029
0.5705 0.499753
0.5715 0.50447
0.5725 0.504374
0.5735 0.500585
0.5745 0.495875
0.5755 0.495685
0.5765 0.499077
0.5775 0.503815
0.5785 0.505987
0.5795 0.502804
0.5805 0.497695
0.5815 0.495033
0.5825 0.497216
0.5835 0.505726
0.5845 0.510744
0.5855 0.507471
0.5865 0.500146
0.5875 0.494192
0.5885 0.495653
0.5895 0.505163
0.5905 0.510576
0.5915 0.509923
0.5925 0.494162
0.5935 0.473449
0.5945 0.453731
0.5955 0.429854
0.5965 0.404688
0.5975 0.358764
0.5985 0.307896
0.5995 0.271093
0.6005 0.229864
0.6015 0.193124
0.6025 0.141668
0.6035 0.0954647
0.6045 0.0700394
0.6055 0.0461723
0.6065 0.0262951
0.6075 0.00547599
0.6085 -0.0103933
0.6095 -0.0111258
0.6105 -0.00577826
0.6115 0.00368728
0.6125 0.00514463
0.6135 -0.000782515
0.6145 -0.00799621
0.6155 -0.0111058
0.6165 -0.00588469
0.6175 0.00281047
0.6185 0.00513673
0.6195 0.0026272
0.6205 -0.00235771
0.6215 -0.00546737
0.6225 -0.00327015
0.6235 0.0014356
0.6245 0.00478719
0.6255 0.00457481
0.6265 -0.000232811
0.6275 -0.00412283
0.6285 -0.00427606
0.6295 0.000286861
0.6305 0.0048277
0.6315 0.00470505
0.6325 -0.000132456
0.6335 -0.00488433
0.6345 -0.00522722
0.6355 -0.00184185
0.6365 0.00197517
0.6375 0.00223773
0.6385 0.000321816
0.6395 -0.00209991
0.6405 -0.00265859
0.6415 -0.00167443
0.6425 5.05637e-05
0.6435 0.00113174
0.6445 0.000897238
0.6455 -0.000217436
0.6465 -0.00103659
0.6475 -0.000891698
0.6485 0.000699465
0.6495 0.00209015
0.6505 0.00206535
0.6515 0.000199968
0.6525 -0.00162358
0.6535 -0.00155457
0.6545 0.000526725
0.6555 0.00255047
0.6565 0.00250191
0.6575 0.00027715
0.6585 -0.00202314
0.6595 -0.00217173
0.6605 -0.000718322
0.6615 0.00101087
0.6625 0.0012822
0.6635 0.000683917
0.6645 -0.000189316
0.6655 -0.000579803
0.6665 -0.000470512
0.6675 1.63078e-05
0.6685 0.000404622
0.6695 0.000453667
0.6705 0.00011251
0.6715 -0.000188085
0.6725 -8.55848e-05
0.6735 0.000516525
0.6745 0.00101091
0.6755 0.000916447
0.6765 -3.96159e-05
0.6775 -0.000919703
0.6785 -0.000915647
0.6795 -4.68535e-05
0.6805 0.000760829
0.6815 0.000684276
0.6825 -0.000415022
0.6835 -0.00149777
0.6845 -0.00153156
0.6855 -0.000837554
0.6865 3.97881e-05
0.6875 0.000354739
0.6885 0.000363687
0.6895 0.000135802
0.6905 -5.93587e-05
0.6915 -8.26813e-05
0.6925 0.000119365
0.6935 0.000347468
0.6945 0.000370506
0.6955 0.000287358
0.6965 0.000230521
0.6975 0.000298593
0.6985 0.00043198
0.6995 0.000507984
0.7005 0.00042122
0.7015 -9.49379e-05
0.7025 -0.00056722
0.7035 -0.000601344
0.7045 -0.0002795
0.7055 2.89722e-05
0.7065 -2.33324e-05
0.7075 -0.000477285
0.7085 -0.000863606
0.7095 -0.000801026
0.7105 -0.000316088
0.7115 0.000292841
0.7125 0.000590802
0.7135 0.000691266
0.7145 0.00063192
0.7155 0.000522476
0.7165 0.000455752
0.7175 0.000450946
0.7185 0.000455706
0.7195 0.000434187
0.7205 0.00031577
0.7215 0.000193949
0.7225 0.000137989
0.7235 8.30266e-05
0.7245 3.50678e-06
0.7255 -0.000139624
0.7265 -0.000413616
0.7275 -0.00063113
0.7285 -0.000661921
0.7295 -0.000514778
0.7305 -0.000337171
0.7315 -0.000301845
0.7325 -0.000314171
0.7335 -0.000297162
0.7345 -0.000179608
0.7355 0.00024435
0.7365 0.000726253
0.7375 0.000912383
0.7385 0.000991254
0.7395 0.000962342
0.7405 0.000876249
0.7415 0.000693378
0.7425 0.000477119
0.7435 0.000355078
0.7445 0.000256709
0.7455 6.73589e-05
0.7465 -0.000119478
0.7475 -0.000263708
0.7485 -0.000399092
0.7495 -0.000483434
0.7505 -0.000606488
0.7515 -0.00069042
0.7525 -0.000713667
0.7535 -0.00068888
0.7545 -0.000575971
0.7555 -0.000442712
0.7565 -0.000347934
0.7575 -0.000213307
0.7585 -7.80287e-05
0.7595 7.52707e-05
0.7605 0.000448404
0.7615 0.000828089
0.7625 0.000948281
0.7635 0.000980851
0.7645 0.000931167
0.7655 0.000820781
0.7665 0.000528093
0.7675 0.000236049
0.7685 6.31105e-05
0.7695 -0.000174004
0.7705 -0.000405251
0.7715 -0.000650382
0.7725 -0.00081915
0.7735 -0.00091283
0.7745 -0.000980433
0.7755 -0.000993468
0.7765 -0.000950214
0.7775 -0.000846552
0.7785 -0.000685808
0.7795 -0.00033637
0.7805 -3.28529e-05
0.7815 0.00014927
0.7825 0.000396131
0.7835 0.000567729
0.7845 0.000684306
0.7855 0.000896212
0.7865 0.0011243
0.7875 0.00123164
0.7885 0.00129879
0.7895 0.00131077
0.7905 0.00126828
0.7915 0.00117273
0.7925 0.00096759
0.7935 0.00069585
0.7945 0.000294263
0.7955 -8.53996e-05
0.7965 -0.000256823
0.7975 -0.000404592
0.7985 -0.000528101
0.7995 -0.000658912
0.8005 -0.000772735
0.8015 -0.000834245
0.8025 -0.000860538
0.8035 -0.000830331
0.8045 -0.000740707
0.8055 -0.000539028
0.8065 -0.000261361
0.8075 0.000277569
0.8085 0.000830698
0.8095 0.00111917
0.8105 0.00132521
0.8115 0.00140472
0.8125 0.00139186
0.8135 0.00127721
0.8145 0.000879884
0.8155 0.000435964
0.8165 0.000195112
0.8175 -0.000179353
0.8185 -0.000467255
0.8195 -0.000654569
0.8205 -0.00101001
0.8215 -0.00131794
0.8225 -0.0014209
0.8235 -0.00145859
0.8245 -0.00143193
0.8255 -0.00135303
0.8265 -0.00124001
0.8275 -0.00101803
0.8285 -0.000819695
0.8295 -0.000541227
0.8305 -0.00022045
0.8315 -4.13241e-05
0.8325 0.000219877
0.8335 0.000646754
0.8345 0.00108372
0.8355 0.00134106
0.8365 0.00147196
0.8375 0.00146098
0.8385 0.00131526
0.8395 0.000785424
0.8405 0.000251806
0.8415 1.44535e-05
0.8425 -0.000208855
0.8435 -0.000429294
0.8445 -0.000612937
0.8455 -0.000880885
0.8465 -0.00111952
0.8475 -0.0011738
0.8485 -0.00115011
0.8495 -0.000986378
0.8505 -0.000791545
0.8515 -0.000690517
0.8525 -0.000508545
0.8535 -0.000327889
0.8545 -7.11804e-05
0.8555 0.000217755
0.8565 0.000374925
0.8575 0.000552121
0.8585 0.000857049
0.8595 0.00118133
0.8605 0.00150034
0.8615 0.00166021
0.8625 0.00162163
0.8635 0.00136333
0.8645 0.00053716
0.8655 -0.000206438
0.8665 -0.000373417
0.8675 -0.000348744
0.8685 -0.000294451
0.8695 -0.000388305
0.8705 -0.000843351
0.8715 -0.00123047
0.8725 -0.00121799
0.8735 -0.000879471
0.8745 -0.000439334
0.8755 -0.000210124
0.8765 -9.41777e-05
0.8775 -3.68283e-05
0.8785 2.85555e-05
0.8795 0.000231106
0.8805 0.000454444
0.8815 0.000537314
0.8825 0.000600595
0.8835 0.000691775
0.8845 0.000876268
0.8855 0.00133284
0.8865 0.00167256
0.8875 0.00156462
0.8885 0.00107384
0.8895 -0.000142541
0.8905 -0.00114747
0.8915 -0.00128196
0.8925 -0.000561629
0.8935 0.000227706
0.8945 0.000222983
0.8955 -0.00060101
0.8965 -0.00143454
0.8975 -0.00142866
0.8985 -0.000677682
0.8995 0.000197019
0.9005 0.000375842
0.9015 0.00022392
0.9025 -2.84994e-05
0.9035 -0.000115179
0.9045 0.000159268
0.9055 0.000509017
0.9065 0.000558469
0.9075 0.000302426
0.9085 0.000104701
0.9095 0.000249666
0.9105 0.000792312
0.9115 0.0014016
0.9125 0.00146802
0.9135 0.000895724
0.9145 -0.000942191
0.9155 -0.00244152
0.9165 -0.00240298
0.9175 -0.000354606
0.9185 0.00167399
0.9195 0.00172752
0.9205 -9.89178e-05
0.9215 -0.00202149
0.9225 -0.00209555
0.9235 -0.000407361
0.9245 0.00149558
0.9255 0.00170897
0.9265 0.000779064
0.9275 -0.000347878
0.9285 -0.00049262
0.9295 0.000237646
0.9305 0.0010461
0.9315 0.000991495
0.9325 0.00027905
0.9335 -0.000635432
0.9345 -0.000829999
0.9355 -3.91188e-05
0.9365 0.00169971
0.9375 0.00288563
0.9385 0.00234036
0.9395 -0.0011535
0.9405 -0.00409852
0.9415 -0.00381538
0.9425 0.000744007
0.9435 0.00513531
0.9445 0.0051949
0.9455 0.00105723
0.9465 -0.00320374
0.9475 -0.00339087
0.9485 0.000158929
0.9495 0.00379395
0.9505 0.00380885
0.9515 0.000924371
0.9525 -0.0023387
0.9535 -0.0025866
0.9545 -0.00087424
0.9555 0.0014638
0.9565 0.00209717
0.9575 0.000116098
0.9585 -0.00314692
0.9595 -0.00495292
0.9605 -0.00369288
0.9615 0.00123867
0.9625 0.00512424
0.9635 0.00467328
0.9645 -0.00303028
0.9655 -0.00994623
0.9665 -0.00931342
0.9675 -2.86986e-05
0.9685 0.00934227
0.9695 0.00936631
0.9705 -0.000240563
0.9715 -0.00992302
0.9725 -0.0101348
0.9735 -0.00307667
0.9745 0.00515445
0.9755 0.00400102
0.9765 -0.00468714
0.9775 -0.0167888
0.9785 -0.0243447
0.9795 -0.0256974
0.9805 -0.0276019
0.9815 -0.0377796
0.9825 -0.0633202
0.9835 -0.106937
0.9845 -0.156645
0.9855 -0.223697
0.9865 -0.295034
0.9875 -0.359647
0.9885 -0.506642
0.9895 -0.696819
0.9905 -0.890102
0.9915 -1.18151
0.9925 -1.4986
0.9935 -1.72199
0.9945 -1.90893
0.9955 -2.04031
0.9965 -2.06464
0.9975 -2.06093
0.9985 -1.9815
0.9995 -1.87894
