
# time= 0
0.0005 1
0.0015 1
0.0025 1
0.0035 1
0.0045 1
0.0055 1
0.0065 1
0.0075 1
0.0085 1
0.0095 1
0.0105 1
0.0115 1
0.0125 1
0.0135 1
0.0145 1
0.0155 1
0.0165 1
0.0175 1
0.0185 1
0.0195 1
0.0205 1
0.0215 1
0.0225 1
0.0235 1
0.0245 1
0.0255 1
0.0265 1
0.0275 1
0.0285 1
0.0295 1
0.0305 1
0.0315 1
0.0325 1
0.0335 1
0.0345 1
0.0355 1
0.0365 1
0.0375 1
0.0385 1
0.0395 1
0.0405 1
0.0415 1
0.0425 1
0.0435 1
0.0445 1
0.0455 1
0.0465 1
0.0475 1
0.0485 1
0.0495 1
0.0505 1
0.0515 1
0.0525 1
0.0535 1
0.0545 1
0.0555 1
0.0565 1
0.0575 1
0.0585 1
0.0595 1
0.0605 1
0.0615 1
0.0625 1
0.0635 1
0.0645 1
0.0655 1
0.0665 1
0.0675 1
0.0685 1
0.0695 1
0.0705 1
0.0715 1
0.0725 1
0.0735 1
0.0745 1
0.0755 1
0.0765 1
0.0775 1
0.0785 1
0.0795 1
0.0805 1
0.0815 1
0.0825 1
0.0835 1
0.0845 1
0.0855 1
0.0865 1
0.0875 1
0.0885 1
0.0895 1
0.0905 1
0.0915 1
0.0925 1
0.0935 1
0.0945 1
0.0955 1
0.0965 1
0.0975 1
0.0985 1
0.0995 1
0.1005 1
0.1015 1
0.1025 1
0.1035 1
0.1045 1
0.1055 1
0.1065 1
0.1075 1
0.1085 1
0.1095 1
0.1105 1
0.1115 1
0.1125 1
0.1135 1
0.1145 1
0.1155 1
0.1165 1
0.1175 1
0.1185 1
0.1195 1
0.1205 1
0.1215 1
0.1225 1
0.1235 1
0.1245 1
0.1255 1
0.1265 1
0.1275 1
0.1285 1
0.1295 1
0.1305 1
0.1315 1
0.1325 1
0.1335 1
0.1345 1
0.1355 1
0.1365 1
0.1375 1
0.1385 1
0.1395 1
0.1405 1
0.1415 1
0.1425 1
0.1435 1
0.1445 1
0.1455 1
0.1465 1
0.1475 1
0.1485 1
0.1495 1
0.1505 1
0.1515 1
0.1525 1
0.1535 1
0.1545 1
0.1555 1
0.1565 1
0.1575 1
0.1585 1
0.1595 1
0.1605 1
0.1615 1
0.1625 1
0.1635 1
0.1645 1
0.1655 1
0.1665 1
0.1675 1
0.1685 1
0.1695 1
0.1705 1
0.1715 1
0.1725 1
0.1735 1
0.1745 1
0.1755 1
0.1765 1
0.1775 1
0.1785 1
0.1795 1
0.1805 1
0.1815 1
0.1825 1
0.1835 1
0.1845 1
0.1855 1
0.1865 1
0.1875 1
0.1885 1
0.1895 1
0.1905 1
0.1915 1
0.1925 1
0.1935 1
0.1945 1
0.1955 1
0.1965 1
0.1975 1
0.1985 1
0.1995 1
0.2005 1
0.2015 1
0.2025 1
0.2035 1
0.2045 1
0.2055 1
0.2065 1
0.2075 1
0.2085 1
0.2095 1
0.2105 1
0.2115 1
0.2125 1
0.2135 1
0.2145 1
0.2155 1
0.2165 1
0.2175 1
0.2185 1
0.2195 1
0.2205 1
0.2215 1
0.2225 1
0.2235 1
0.2245 1
0.2255 1
0.2265 1
0.2275 1
0.2285 1
0.2295 1
0.2305 1
0.2315 1
0.2325 1
0.2335 1
0.2345 1
0.2355 1
0.2365 1
0.2375 1
0.2385 1
0.2395 1
0.2405 1
0.2415 1
0.2425 1
0.2435 1
0.2445 1
0.2455 1
0.2465 1
0.2475 1
0.2485 1
0.2495 1
0.2505 1
0.2515 1
0.2525 1
0.2535 1
0.2545 1
0.2555 1
0.2565 1
0.2575 1
0.2585 1
0.2595 1
0.2605 1
0.2615 1
0.2625 1
0.2635 1
0.2645 1
0.2655 1
0.2665 1
0.2675 1
0.2685 1
0.2695 1
0.2705 1
0.2715 1
0.2725 1
0.2735 1
0.2745 1
0.2755 1
0.2765 1
0.2775 1
0.2785 1
0.2795 1
0.2805 1
0.2815 1
0.2825 1
0.2835 1
0.2845 1
0.2855 1
0.2865 1
0.2875 1
0.2885 1
0.2895 1
0.2905 1
0.2915 1
0.2925 1
0.2935 1
0.2945 1
0.2955 1
0.2965 1
0.2975 1
0.2985 1
0.2995 1
0.3005 0.5
0.3015 0.5
0.3025 0.5
0.3035 0.5
0.3045 0.5
0.3055 0.5
0.3065 0.5
0.3075 0.5
0.3085 0.5
0.3095 0.5
0.3105 0.5
0.3115 0.5
0.3125 0.5
0.3135 0.5
0.3145 0.5
0.3155 0.5
0.3165 0.5
0.3175 0.5
0.3185 0.5
0.3195 0.5
0.3205 0.5
0.3215 0.5
0.3225 0.5
0.3235 0.5
0.3245 0.5
0.3255 0.5
0.3265 0.5
0.3275 0.5
0.3285 0.5
0.3295 0.5
0.3305 0.5
0.3315 0.5
0.3325 0.5
0.3335 0.5
0.3345 0.5
0.3355 0.5
0.3365 0.5
0.3375 0.5
0.3385 0.5
0.3395 0.5
0.3405 0.5
0.3415 0.5
0.3425 0.5
0.3435 0.5
0.3445 0.5
0.3455 0.5
0.3465 0.5
0.3475 0.5
0.3485 0.5
0.3495 0.5
0.3505 0.5
0.3515 0.5
0.3525 0.5
0.3535 0.5
0.3545 0.5
0.3555 0.5
0.3565 0.5
0.3575 0.5
0.3585 0.5
0.3595 0.5
0.3605 0.5
0.3615 0.5
0.3625 0.5
0.3635 0.5
0.3645 0.5
0.3655 0.5
0.3665 0.5
0.3675 0.5
0.3685 0.5
0.3695 0.5
0.3705 0.5
0.3715 0.5
0.3725 0.5
0.3735 0.5
0.3745 0.5
0.3755 0.5
0.3765 0.5
0.3775 0.5
0.3785 0.5
0.3795 0.5
0.3805 0.5
0.3815 0.5
0.3825 0.5
0.3835 0.5
0.3845 0.5
0.3855 0.5
0.3865 0.5
0.3875 0.5
0.3885 0.5
0.3895 0.5
0.3905 0.5
0.3915 0.5
0.3925 0.5
0.3935 0.5
0.3945 0.5
0.3955 0.5
0.3965 0.5
0.3975 0.5
0.3985 0.5
0.3995 0.5
0.4005 0.5
0.4015 0.5
0.4025 0.5
0.4035 0.5
0.4045 0.5
0.4055 0.5
0.4065 0.5
0.4075 0.5
0.4085 0.5
0.4095 0.5
0.4105 0.5
0.4115 0.5
0.4125 0.5
0.4135 0.5
0.4145 0.5
0.4155 0.5
0.4165 0.5
0.4175 0.5
0.4185 0.5
0.4195 0.5
0.4205 0.5
0.4215 0.5
0.4225 0.5
0.4235 0.5
0.4245 0.5
0.4255 0.5
0.4265 0.5
0.4275 0.5
0.4285 0.5
0.4295 0.5
0.4305 0.5
0.4315 0.5
0.4325 0.5
0.4335 0.5
0.4345 0.5
0.4355 0.5
0.4365 0.5
0.4375 0.5
0.4385 0.5
0.4395 0.5
0.4405 0.5
0.4415 0.5
0.4425 0.5
0.4435 0.5
0.4445 0.5
0.4455 0.5
0.4465 0.5
0.4475 0.5
0.4485 0.5
0.4495 0.5
0.4505 0.5
0.4515 0.5
0.4525 0.5
0.4535 0.5
0.4545 0.5
0.4555 0.5
0.4565 0.5
0.4575 0.5
0.4585 0.5
0.4595 0.5
0.4605 0.5
0.4615 0.5
0.4625 0.5
0.4635 0.5
0.4645 0.5
0.4655 0.5
0.4665 0.5
0.4675 0.5
0.4685 0.5
0.4695 0.5
0.4705 0.5
0.4715 0.5
0.4725 0.5
0.4735 0.5
0.4745 0.5
0.4755 0.5
0.4765 0.5
0.4775 0.5
0.4785 0.5
0.4795 0.5
0.4805 0.5
0.4815 0.5
0.4825 0.5
0.4835 0.5
0.4845 0.5
0.4855 0.5
0.4865 0.5
0.4875 0.5
0.4885 0.5
0.4895 0.5
0.4905 0.5
0.4915 0.5
0.4925 0.5
0.4935 0.5
0.4945 0.5
0.4955 0.5
0.4965 0.5
0.4975 0.5
0.4985 0.5
0.4995 0.5
0.5005 0.5
0.5015 0.5
0.5025 0.5
0.5035 0.5
0.5045 0.5
0.5055 0.5
0.5065 0.5
0.5075 0.5
0.5085 0.5
0.5095 0.5
0.5105 0.5
0.5115 0.5
0.5125 0.5
0.5135 0.5
0.5145 0.5
0.5155 0.5
0.5165 0.5
0.5175 0.5
0.5185 0.5
0.5195 0.5
0.5205 0.5
0.5215 0.5
0.5225 0.5
0.5235 0.5
0.5245 0.5
0.5255 0.5
0.5265 0.5
0.5275 0.5
0.5285 0.5
0.5295 0.5
0.5305 0.5
0.5315 0.5
0.5325 0.5
0.5335 0.5
0.5345 0.5
0.5355 0.5
0.5365 0.5
0.5375 0.5
0.5385 0.5
0.5395 0.5
0.5405 0.5
0.5415 0.5
0.5425 0.5
0.5435 0.5
0.5445 0.5
0.5455 0.5
0.5465 0.5
0.5475 0.5
0.5485 0.5
0.5495 0.5
0.5505 0.5
0.5515 0.5
0.5525 0.5
0.5535 0.5
0.5545 0.5
0.5555 0.5
0.5565 0.5
0.5575 0.5
0.5585 0.5
0.5595 0.5
0.5605 0.5
0.5615 0.5
0.5625 0.5
0.5635 0.5
0.5645 0.5
0.5655 0.5
0.5665 0.5
0.5675 0.5
0.5685 0.5
0.5695 0.5
0.5705 0.5
0.5715 0.5
0.5725 0.5
0.5735 0.5
0.5745 0.5
0.5755 0.5
0.5765 0.5
0.5775 0.5
0.5785 0.5
0.5795 0.5
0.5805 0.5
0.5815 0.5
0.5825 0.5
0.5835 0.5
0.5845 0.5
0.5855 0.5
0.5865 0.5
0.5875 0.5
0.5885 0.5
0.5895 0.5
0.5905 0.5
0.5915 0.5
0.5925 0.5
0.5935 0.5
0.5945 0.5
0.5955 0.5
0.5965 0.5
0.5975 0.5
0.5985 0.5
0.5995 0.5
0.6005 0
0.6015 0
0.6025 0
0.6035 0
0.6045 0
0.6055 0
0.6065 0
0.6075 0
0.6085 0
0.6095 0
0.6105 0
0.6115 0
0.6125 0
0.6135 0
0.6145 0
0.6155 0
0.6165 0
0.6175 0
0.6185 0
0.6195 0
0.6205 0
0.6215 0
0.6225 0
0.6235 0
0.6245 0
0.6255 0
0.6265 0
0.6275 0
0.6285 0
0.6295 0
0.6305 0
0.6315 0
0.6325 0
0.6335 0
0.6345 0
0.6355 0
0.6365 0
0.6375 0
0.6385 0
0.6395 0
0.6405 0
0.6415 0
0.6425 0
0.6435 0
0.6445 0
0.6455 0
0.6465 0
0.6475 0
0.6485 0
0.6495 0
0.6505 0
0.6515 0
0.6525 0
0.6535 0
0.6545 0
0.6555 0
0.6565 0
0.6575 0
0.6585 0
0.6595 0
0.6605 0
0.6615 0
0.6625 0
0.6635 0
0.6645 0
0.6655 0
0.6665 0
0.6675 0
0.6685 0
0.6695 0
0.6705 0
0.6715 0
0.6725 0
0.6735 0
0.6745 0
0.6755 0
0.6765 0
0.6775 0
0.6785 0
0.6795 0
0.6805 0
0.6815 0
0.6825 0
0.6835 0
0.6845 0
0.6855 0
0.6865 0
0.6875 0
0.6885 0
0.6895 0
0.6905 0
0.6915 0
0.6925 0
0.6935 0
0.6945 0
0.6955 0
0.6965 0
0.6975 0
0.6985 0
0.6995 0
0.7005 0
0.7015 0
0.7025 0
0.7035 0
0.7045 0
0.7055 0
0.7065 0
0.7075 0
0.7085 0
0.7095 0
0.7105 0
0.7115 0
0.7125 0
0.7135 0
0.7145 0
0.7155 0
0.7165 0
0.7175 0
0.7185 0
0.7195 0
0.7205 0
0.7215 0
0.7225 0
0.7235 0
0.7245 0
0.7255 0
0.7265 0
0.7275 0
0.7285 0
0.7295 0
0.7305 0
0.7315 0
0.7325 0
0.7335 0
0.7345 0
0.7355 0
0.7365 0
0.7375 0
0.7385 0
0.7395 0
0.7405 0
0.7415 0
0.7425 0
0.7435 0
0.7445 0
0.7455 0
0.7465 0
0.7475 0
0.7485 0
0.7495 0
0.7505 0
0.7515 0
0.7525 0
0.7535 0
0.7545 0
0.7555 0
0.7565 0
0.7575 0
0.7585 0
0.7595 0
0.7605 0
0.7615 0
0.7625 0
0.7635 0
0.7645 0
0.7655 0
0.7665 0
0.7675 0
0.7685 0
0.7695 0
0.7705 0
0.7715 0
0.7725 0
0.7735 0
0.7745 0
0.7755 0
0.7765 0
0.7775 0
0.7785 0
0.7795 0
0.7805 0
0.7815 0
0.7825 0
0.7835 0
0.7845 0
0.7855 0
0.7865 0
0.7875 0
0.7885 0
0.7895 0
0.7905 0
0.7915 0
0.7925 0
0.7935 0
0.7945 0
0.7955 0
0.7965 0
0.7975 0
0.7985 0
0.7995 0
0.8005 0
0.8015 0
0.8025 0
0.8035 0
0.8045 0
0.8055 0
0.8065 0
0.8075 0
0.8085 0
0.8095 0
0.8105 0
0.8115 0
0.8125 0
0.8135 0
0.8145 0
0.8155 0
0.8165 0
0.8175 0
0.8185 0
0.8195 0
0.8205 0
0.8215 0
0.8225 0
0.8235 0
0.8245 0
0.8255 0
0.8265 0
0.8275 0
0.8285 0
0.8295 0
0.8305 0
0.8315 0
0.8325 0
0.8335 0
0.8345 0
0.8355 0
0.8365 0
0.8375 0
0.8385 0
0.8395 0
0.8405 0
0.8415 0
0.8425 0
0.8435 0
0.8445 0
0.8455 0
0.8465 0
0.8475 0
0.8485 0
0.8495 0
0.8505 0
0.8515 0
0.8525 0
0.8535 0
0.8545 0
0.8555 0
0.8565 0
0.8575 0
0.8585 0
0.8595 0
0.8605 0
0.8615 0
0.8625 0
0.8635 0
0.8645 0
0.8655 0
0.8665 0
0.8675 0
0.8685 0
0.8695 0
0.8705 0
0.8715 0
0.8725 0
0.8735 0
0.8745 0
0.8755 0
0.8765 0
0.8775 0
0.8785 0
0.8795 0
0.8805 0
0.8815 0
0.8825 0
0.8835 0
0.8845 0
0.8855 0
0.8865 0
0.8875 0
0.8885 0
0.8895 0
0.8905 0
0.8915 0
0.8925 0
0.8935 0
0.8945 0
0.8955 0
0.8965 0
0.8975 0
0.8985 0
0.8995 0
0.9005 0
0.9015 0
0.9025 0
0.9035 0
0.9045 0
0.9055 0
0.9065 0
0.9075 0
0.9085 0
0.9095 0
0.9105 0
0.9115 0
0.9125 0
0.9135 0
0.9145 0
0.9155 0
0.9165 0
0.9175 0
0.9185 0
0.9195 0
0.9205 0
0.9215 0
0.9225 0
0.9235 0
0.9245 0
0.9255 0
0.9265 0
0.9275 0
0.9285 0
0.9295 0
0.9305 0
0.9315 0
0.9325 0
0.9335 0
0.9345 0
0.9355 0
0.9365 0
0.9375 0
0.9385 0
0.9395 0
0.9405 0
0.9415 0
0.9425 0
0.9435 0
0.9445 0
0.9455 0
0.9465 0
0.9475 0
0.9485 0
0.9495 0
0.9505 0
0.9515 0
0.9525 0
0.9535 0
0.9545 0
0.9555 0
0.9565 0
0.9575 0
0.9585 0
0.9595 0
0.9605 0
0.9615 0
0.9625 0
0.9635 0
0.9645 0
0.9655 0
0.9665 0
0.9675 0
0.9685 0
0.9695 0
0.9705 0
0.9715 0
0.9725 0
0.9735 0
0.9745 0
0.9755 0
0.9765 0
0.9775 0
0.9785 0
0.9795 0
0.9805 0
0.9815 0
0.9825 0
0.9835 0
0.9845 0
0.9855 0
0.9865 0
0.9875 0
0.9885 0
0.9895 0
0.9905 0
0.9915 0
0.9925 0
0.9935 0
0.9945 0
0.9955 0
0.9965 0
0.9975 0
0.9985 0
0.9995 0

# time= 0.25
0.0005 0.507602
0.0015 0.512904
0.0025 0.514695
0.0035 0.513534
0.0045 0.509226
0.0055 0.505188
0.0065 0.503048
0.0075 0.501461
0.0085 0.500537
0.0095 0.500011
0.0105 0.499746
0.0115 0.499628
0.0125 0.499583
0.0135 0.499569
0.0145 0.499566
0.0155 0.499567
0.0165 0.499577
0.0175 0.4996
0.0185 0.499656
0.0195 0.499706
0.0205 0.499721
0.0215 0.499725
0.0225 0.499727
0.0235 0.499734
0.0245 0.499743
0.0255 0.49975
0.0265 0.499759
0.0275 0.499769
0.0285 0.499782
0.0295 0.499792
0.0305 0.499794
0.0315 0.499794
0.0325 0.499794
0.0335 0.499801
0.0345 0.499806
0.0355 0.499799
0.0365 0.499773
0.0375 0.49971
0.0385 0.499572
0.0395 0.49928
0.0405 0.498679
0.0415 0.497483
0.0425 0.495182
0.0435 0.490931
0.0445 0.483412
0.0455 0.470652
0.0465 0.451428
0.0475 0.427644
0.0485 0.401249
0.0495 0.373788
0.0505 0.346223
0.0515 0.319459
0.0525 0.295399
0.0535 0.277124
0.0545 0.265571
0.0555 0.258645
0.0565 0.254601
0.0575 0.252212
0.0585 0.250964
0.0595 0.25038
0.0605 0.250171
0.0615 0.250071
0.0625 0.249928
0.0635 0.249861
0.0645 0.24987
0.0655 0.249935
0.0665 0.24996
0.0675 0.249905
0.0685 0.249867
0.0695 0.249879
0.0705 0.249921
0.0715 0.249933
0.0725 0.249898
0.0735 0.24987
0.0745 0.249884
0.0755 0.249918
0.0765 0.24993
0.0775 0.249914
0.0785 0.249894
0.0795 0.2499
0.0805 0.249915
0.0815 0.249923
0.0825 0.249923
0.0835 0.249915
0.0845 0.249913
0.0855 0.249911
0.0865 0.249912
0.0875 0.249922
0.0885 0.249923
0.0895 0.249917
0.0905 0.249906
0.0915 0.249908
0.0925 0.249926
0.0935 0.249935
0.0945 0.249927
0.0955 0.24991
0.0965 0.249911
0.0975 0.249933
0.0985 0.249945
0.0995 0.249933
0.1005 0.24991
0.1015 0.249909
0.1025 0.249935
0.1035 0.249951
0.1045 0.249938
0.1055 0.249913
0.1065 0.249913
0.1075 0.249941
0.1085 0.249958
0.1095 0.249941
0.1105 0.249909
0.1115 0.249905
0.1125 0.249937
0.1135 0.249961
0.1145 0.249943
0.1155 0.249907
0.1165 0.249898
0.1175 0.249938
0.1185 0.24997
0.1195 0.249954
0.1205 0.249921
0.1215 0.249912
0.1225 0.249946
0.1235 0.249972
0.1245 0.249957
0.1255 0.249926
0.1265 0.249918
0.1275 0.249942
0.1285 0.249961
0.1295 0.249949
0.1305 0.249927
0.1315 0.249926
0.1325 0.249947
0.1335 0.249961
0.1345 0.249946
0.1355 0.249925
0.1365 0.249928
0.1375 0.249943
0.1385 0.24995
0.1395 0.249941
0.1405 0.249933
0.1415 0.249938
0.1425 0.249934
0.1435 0.249897
0.1445 0.249849
0.1455 0.249862
0.1465 0.249991
0.1475 0.25016
0.1485 0.250199
0.1495 0.25006
0.1505 0.249836
0.1515 0.249697
0.1525 0.249721
0.1535 0.249872
0.1545 0.249999
0.1555 0.25004
0.1565 0.250037
0.1575 0.249986
0.1585 0.249928
0.1595 0.249918
0.1605 0.249952
0.1615 0.249979
0.1625 0.249958
0.1635 0.249922
0.1645 0.249915
0.1655 0.249956
0.1665 0.249985
0.1675 0.24996
0.1685 0.249919
0.1695 0.249915
0.1705 0.249957
0.1715 0.249986
0.1725 0.249959
0.1735 0.249915
0.1745 0.249914
0.1755 0.24996
0.1765 0.24999
0.1775 0.249962
0.1785 0.249914
0.1795 0.249912
0.1805 0.249959
0.1815 0.249989
0.1825 0.249961
0.1835 0.249912
0.1845 0.24991
0.1855 0.249957
0.1865 0.249988
0.1875 0.249963
0.1885 0.249915
0.1895 0.249911
0.1905 0.249957
0.1915 0.249989
0.1925 0.249968
0.1935 0.249922
0.1945 0.249916
0.1955 0.249955
0.1965 0.249983
0.1975 0.249965
0.1985 0.249922
0.1995 0.249915
0.2005 0.24995
0.2015 0.249974
0.2025 0.249963
0.2035 0.249926
0.2045 0.249918
0.2055 0.249943
0.2065 0.249962
0.2075 0.249958
0.2085 0.249929
0.2095 0.249919
0.2105 0.249933
0.2115 0.249946
0.2125 0.249953
0.2135 0.249939
0.2145 0.249932
0.2155 0.24993
0.2165 0.249932
0.2175 0.249953
0.2185 0.249959
0.2195 0.249948
0.2205 0.249919
0.2215 0.249904
0.2225 0.249946
0.2235 0.249983
0.2245 0.249965
0.2255 0.249905
0.2265 0.249878
0.2275 0.249932
0.2285 0.250001
0.2295 0.24998
0.2305 0.249894
0.2315 0.249862
0.2325 0.249928
0.2335 0.250039
0.2345 0.250006
0.2355 0.249889
0.2365 0.249867
0.2375 0.249993
0.2385 0.250279
0.2395 0.2505
0.2405 0.25094
0.2415 0.25211
0.2425 0.254603
0.2435 0.259385
0.2445 0.267495
0.2455 0.281367
0.2465 0.304472
0.2475 0.341011
0.2485 0.389125
0.2495 0.442652
0.2505 0.497784
0.2515 0.552703
0.2525 0.605492
0.2535 0.653061
0.2545 0.691516
0.2555 0.717044
0.2565 0.732086
0.2575 0.740593
0.2585 0.745208
0.2595 0.747615
0.2605 0.748826
0.2615 0.749414
0.2625 0.74969
0.2635 0.749816
0.2645 0.74987
0.2655 0.749891
0.2665 0.749896
0.2675 0.749895
0.2685 0.749896
0.2695 0.749897
0.2705 0.749896
0.2715 0.749891
0.2725 0.749885
0.2735 0.749879
0.2745 0.749875
0.2755 0.749871
0.2765 0.749867
0.2775 0.749863
0.2785 0.749863
0.2795 0.749861
0.2805 0.749853
0.2815 0.749828
0.2825 0.7498
0.2835 0.749788
0.2845 0.749784
0.2855 0.749783
0.2865 0.749783
0.2875 0.749787
0.2885 0.749802
0.2895 0.749842
0.2905 0.74993
0.2915 0.750096
0.2925 0.750372
0.2935 0.750852
0.2945 0.751505
0.2955 0.752806
0.2965 0.753924
0.2975 0.753924
0.2985 0.753096
0.2995 0.751271
0.3005 0.748729
0.3015 0.746904
0.3025 0.746076
0.3035 0.746076
0.3045 0.747194
0.3055 0.748495
0.3065 0.749148
0.3075 0.749628
0.3085 0.749904
0.3095 0.75007
0.3105 0.750158
0.3115 0.750198
0.3125 0.750213
0.3135 0.750217
0.3145 0.750217
0.3155 0.750216
0.3165 0.750212
0.3175 0.7502
0.3185 0.750172
0.3195 0.750147
0.3205 0.750139
0.3215 0.750137
0.3225 0.750137
0.3235 0.750133
0.3245 0.750129
0.3255 0.750125
0.3265 0.750121
0.3275 0.750115
0.3285 0.750109
0.3295 0.750104
0.3305 0.750103
0.3315 0.750103
0.3325 0.750101
0.3335 0.750095
0.3345 0.750085
0.3355 0.750071
0.3365 0.750043
0.3375 0.74998
0.3385 0.749842
0.3395 0.749546
0.3405 0.748936
0.3415 0.747725
0.3425 0.745411
0.3435 0.741155
0.3445 0.733632
0.3455 0.720864
0.3465 0.701633
0.3475 0.677848
0.3485 0.651455
0.3495 0.623996
0.3505 0.59643
0.3515 0.569666
0.3525 0.545612
0.3535 0.527348
0.3545 0.515796
0.3555 0.50885
0.3565 0.504784
0.3575 0.502391
0.3585 0.501146
0.3595 0.50056
0.3605 0.500329
0.3615 0.500208
0.3625 0.500065
0.3635 0.500006
0.3645 0.500019
0.3655 0.500071
0.3665 0.500079
0.3675 0.500023
0.3685 0.499995
0.3695 0.500015
0.3705 0.500059
0.3715 0.500068
0.3725 0.500034
0.3735 0.500008
0.3745 0.50002
0.3755 0.500047
0.3765 0.500053
0.3775 0.500032
0.3785 0.500011
0.3795 0.500019
0.3805 0.500033
0.3815 0.500036
0.3825 0.50003
0.3835 0.500017
0.3845 0.500017
0.3855 0.500022
0.3865 0.500027
0.3875 0.500031
0.3885 0.500023
0.3895 0.500017
0.3905 0.500014
0.3915 0.500022
0.3925 0.500033
0.3935 0.500028
0.3945 0.500016
0.3955 0.500006
0.3965 0.500014
0.3975 0.50003
0.3985 0.500032
0.3995 0.500017
0.4005 0.500003
0.4015 0.500012
0.4025 0.500031
0.4035 0.500035
0.4045 0.500018
0.4055 0.5
0.4065 0.500009
0.4075 0.500029
0.4085 0.500036
0.4095 0.500016
0.4105 0.499997
0.4115 0.500008
0.4125 0.500029
0.4135 0.500035
0.4145 0.500012
0.4155 0.499994
0.4165 0.500005
0.4175 0.500026
0.4185 0.500032
0.4195 0.500005
0.4205 0.499983
0.4215 0.499994
0.4225 0.500018
0.4235 0.500029
0.4245 0.500004
0.4255 0.49998
0.4265 0.499992
0.4275 0.500017
0.4285 0.50003
0.4295 0.500009
0.4305 0.499984
0.4315 0.499992
0.4325 0.500013
0.4335 0.500024
0.4345 0.500009
0.4355 0.499989
0.4365 0.499992
0.4375 0.500009
0.4385 0.500019
0.4395 0.500009
0.4405 0.499991
0.4415 0.499987
0.4425 0.500006
0.4435 0.500046
0.4445 0.500108
0.4455 0.500205
0.4465 0.50046
0.4475 0.500671
0.4485 0.50059
0.4495 0.500246
0.4505 0.499754
0.4515 0.49941
0.4525 0.499329
0.4535 0.49954
0.4545 0.499795
0.4555 0.499892
0.4565 0.499954
0.4575 0.499994
0.4585 0.500013
0.4595 0.500009
0.4605 0.499991
0.4615 0.499981
0.4625 0.499991
0.4635 0.500008
0.4645 0.500011
0.4655 0.499991
0.4665 0.499976
0.4675 0.499987
0.4685 0.500008
0.4695 0.500016
0.4705 0.499991
0.4715 0.49997
0.4725 0.499983
0.4735 0.500008
0.4745 0.50002
0.4755 0.499996
0.4765 0.499971
0.4775 0.499982
0.4785 0.500006
0.4795 0.500017
0.4805 0.499995
0.4815 0.499968
0.4825 0.499974
0.4835 0.499995
0.4845 0.500006
0.4855 0.499988
0.4865 0.499965
0.4875 0.499971
0.4885 0.499992
0.4895 0.500003
0.4905 0.499984
0.4915 0.499964
0.4925 0.499971
0.4935 0.499991
0.4945 0.5
0.4955 0.499982
0.4965 0.499965
0.4975 0.499969
0.4985 0.499988
0.4995 0.499997
0.5005 0.499983
0.5015 0.499968
0.5025 0.49997
0.5035 0.499986
0.5045 0.499994
0.5055 0.499984
0.5065 0.499972
0.5075 0.499967
0.5085 0.499978
0.5095 0.499986
0.5105 0.499983
0.5115 0.499977
0.5125 0.499969
0.5135 0.499973
0.5145 0.499978
0.5155 0.499983
0.5165 0.499983
0.5175 0.49997
0.5185 0.499964
0.5195 0.499967
0.5205 0.499981
0.5215 0.499989
0.5225 0.499968
0.5235 0.499947
0.5245 0.499953
0.5255 0.49998
0.5265 0.499992
0.5275 0.499966
0.5285 0.499932
0.5295 0.499941
0.5305 0.499985
0.5315 0.500005
0.5325 0.499977
0.5335 0.499921
0.5345 0.499929
0.5355 0.499981
0.5365 0.499994
0.5375 0.499935
0.5385 0.499792
0.5395 0.499671
0.5405 0.49944
0.5415 0.498854
0.5425 0.497609
0.5435 0.495216
0.5445 0.49115
0.5455 0.484204
0.5465 0.472652
0.5475 0.454388
0.5485 0.430334
0.5495 0.40357
0.5505 0.376004
0.5515 0.348545
0.5525 0.322152
0.5535 0.298367
0.5545 0.279136
0.5555 0.266368
0.5565 0.258845
0.5575 0.254589
0.5585 0.252275
0.5595 0.251064
0.5605 0.250454
0.5615 0.250158
0.5625 0.25002
0.5635 0.249957
0.5645 0.249929
0.5655 0.249915
0.5665 0.249905
0.5675 0.249899
0.5685 0.249897
0.5695 0.249897
0.5705 0.249896
0.5715 0.249891
0.5725 0.249885
0.5735 0.249879
0.5745 0.249875
0.5755 0.249871
0.5765 0.249867
0.5775 0.249863
0.5785 0.249863
0.5795 0.249861
0.5805 0.249853
0.5815 0.249828
0.5825 0.2498
0.5835 0.249788
0.5845 0.249784
0.5855 0.249783
0.5865 0.249783
0.5875 0.249787
0.5885 0.249802
0.5895 0.249842
0.5905 0.24993
0.5915 0.250096
0.5925 0.250372
0.5935 0.250852
0.5945 0.251505
0.5955 0.252806
0.5965 0.253924
0.5975 0.253924
0.5985 0.253096
0.5995 0.251271
0.6005 0.248729
0.6015 0.246904
0.6025 0.246076
0.6035 0.246076
0.6045 0.247194
0.6055 0.248495
0.6065 0.249148
0.6075 0.249628
0.6085 0.249904
0.6095 0.25007
0.6105 0.250158
0.6115 0.250198
0.6125 0.250213
0.6135 0.250217
0.6145 0.250217
0.6155 0.250216
0.6165 0.250212
0.6175 0.2502
0.6185 0.250172
0.6195 0.250147
0.6205 0.250139
0.6215 0.250137
0.6225 0.250137
0.6235 0.250133
0.6245 0.250129
0.6255 0.250125
0.6265 0.250121
0.6275 0.250115
0.6285 0.250109
0.6295 0.250104
0.6305 0.250103
0.6315 0.250103
0.6325 0.250102
0.6335 0.250098
0.6345 0.250093
0.6355 0.250091
0.6365 0.25009
0.6375 0.25009
0.6385 0.25009
0.6395 0.250089
0.6405 0.250086
0.6415 0.250081
0.6425 0.250076
0.6435 0.250075
0.6445 0.250074
0.6455 0.250071
0.6465 0.250068
0.6475 0.250068
0.6485 0.250069
0.6495 0.250069
0.6505 0.250069
0.6515 0.250069
0.6525 0.250071
0.6535 0.250075
0.6545 0.250075
0.6555 0.250068
0.6565 0.250061
0.6575 0.25006
0.6585 0.250061
0.6595 0.250061
0.6605 0.250053
0.6615 0.250045
0.6625 0.250045
0.6635 0.250048
0.6645 0.25005
0.6655 0.250045
0.6665 0.25004
0.6675 0.250039
0.6685 0.250043
0.6695 0.250045
0.6705 0.250046
0.6715 0.250045
0.6725 0.250045
0.6735 0.250046
0.6745 0.250046
0.6755 0.250043
0.6765 0.25004
0.6775 0.250039
0.6785 0.250039
0.6795 0.25004
0.6805 0.250039
0.6815 0.250038
0.6825 0.250036
0.6835 0.250034
0.6845 0.250035
0.6855 0.250037
0.6865 0.250037
0.6875 0.250036
0.6885 0.250034
0.6895 0.250034
0.6905 0.250036
0.6915 0.250037
0.6925 0.250035
0.6935 0.250031
0.6945 0.25003
0.6955 0.250032
0.6965 0.250034
0.6975 0.250032
0.6985 0.250029
0.6995 0.250029
0.7005 0.250032
0.7015 0.250034
0.7025 0.250031
0.7035 0.250028
0.7045 0.250027
0.7055 0.25003
0.7065 0.250032
0.7075 0.250029
0.7085 0.250025
0.7095 0.250026
0.7105 0.250031
0.7115 0.250033
0.7125 0.250029
0.7135 0.250023
0.7145 0.250024
0.7155 0.250031
0.7165 0.250034
0.7175 0.250028
0.7185 0.250019
0.7195 0.250017
0.7205 0.250024
0.7215 0.250028
0.7225 0.250024
0.7235 0.250017
0.7245 0.250016
0.7255 0.250021
0.7265 0.250026
0.7275 0.250024
0.7285 0.250021
0.7295 0.25002
0.7305 0.250022
0.7315 0.250024
0.7325 0.250025
0.7335 0.250028
0.7345 0.250037
0.7355 0.25006
0.7365 0.250115
0.7375 0.25024
0.7385 0.250518
0.7395 0.251108
0.7405 0.25232
0.7415 0.25473
0.7425 0.259351
0.7435 0.267863
0.7445 0.282908
0.7455 0.308434
0.7465 0.346886
0.7475 0.394458
0.7485 0.447252
0.7495 0.502173
0.7505 0.557297
0.7515 0.610814
0.7525 0.65893
0.7535 0.695477
0.7545 0.718586
0.7555 0.732449
0.7565 0.740555
0.7575 0.745348
0.7585 0.747856
0.7595 0.749031
0.7605 0.749458
0.7615 0.749674
0.7625 0.749972
0.7635 0.750113
0.7645 0.750094
0.7655 0.749959
0.7665 0.749917
0.7675 0.750041
0.7685 0.750127
0.7695 0.750095
0.7705 0.749984
0.7715 0.749942
0.7725 0.750031
0.7735 0.750114
0.7745 0.750087
0.7755 0.750002
0.7765 0.749969
0.7775 0.75002
0.7785 0.750088
0.7795 0.750078
0.7805 0.750023
0.7815 0.749994
0.7825 0.750015
0.7835 0.750065
0.7845 0.750072
0.7855 0.750039
0.7865 0.750011
0.7875 0.750012
0.7885 0.75005
0.7895 0.750067
0.7905 0.750058
0.7915 0.750019
0.7925 0.749981
0.7935 0.749963
0.7945 0.749865
0.7955 0.749809
0.7965 0.750063
0.7975 0.750489
0.7985 0.750613
0.7995 0.750282
0.8005 0.749775
0.8015 0.749458
0.8025 0.749556
0.8035 0.750004
0.8045 0.750318
0.8055 0.750281
0.8065 0.750114
0.8075 0.749999
0.8085 0.749978
0.8095 0.750036
0.8105 0.750093
0.8115 0.750069
0.8125 0.750007
0.8135 0.749988
0.8145 0.750033
0.8155 0.750091
0.8165 0.750079
0.8175 0.750012
0.8185 0.749983
0.8195 0.750027
0.8205 0.750094
0.8215 0.750093
0.8225 0.750018
0.8235 0.749972
0.8245 0.750017
0.8255 0.750099
0.8265 0.75011
0.8275 0.750025
0.8285 0.749957
0.8295 0.750006
0.8305 0.7501
0.8315 0.750113
0.8325 0.750033
0.8335 0.749948
0.8345 0.749995
0.8355 0.750096
0.8365 0.7501
0.8375 0.750001
0.8385 0.749834
0.8395 0.749745
0.8405 0.749562
0.8415 0.748968
0.8425 0.747689
0.8435 0.745279
0.8445 0.741243
0.8455 0.734336
0.8465 0.722776
0.8475 0.704483
0.8485 0.680419
0.8495 0.653676
0.8505 0.626127
0.8515 0.598661
0.8525 0.572255
0.8535 0.548466
0.8545 0.529247
0.8555 0.516492
0.8565 0.508968
0.8575 0.504705
0.8585 0.502393
0.8595 0.501191
0.8605 0.500589
0.8615 0.500292
0.8625 0.50015
0.8635 0.500088
0.8645 0.500062
0.8655 0.500051
0.8665 0.500046
0.8675 0.500047
0.8685 0.500047
0.8695 0.500043
0.8705 0.500039
0.8715 0.500041
0.8725 0.500048
0.8735 0.500052
0.8745 0.500043
0.8755 0.500031
0.8765 0.500033
0.8775 0.500047
0.8785 0.500056
0.8795 0.500047
0.8805 0.500035
0.8815 0.500039
0.8825 0.500056
0.8835 0.500068
0.8845 0.500061
0.8855 0.500048
0.8865 0.500047
0.8875 0.500058
0.8885 0.500066
0.8895 0.500061
0.8905 0.500052
0.8915 0.50005
0.8925 0.500058
0.8935 0.500063
0.8945 0.50006
0.8955 0.500054
0.8965 0.500055
0.8975 0.500063
0.8985 0.500067
0.8995 0.500063
0.9005 0.500057
0.9015 0.500057
0.9025 0.500064
0.9035 0.500068
0.9045 0.500065
0.9055 0.500061
0.9065 0.500063
0.9075 0.50007
0.9085 0.500074
0.9095 0.500072
0.9105 0.500068
0.9115 0.500068
0.9125 0.500072
0.9135 0.500075
0.9145 0.500073
0.9155 0.500069
0.9165 0.500068
0.9175 0.500071
0.9185 0.500076
0.9195 0.500079
0.9205 0.500079
0.9215 0.500079
0.9225 0.500078
0.9235 0.50008
0.9245 0.500086
0.9255 0.500092
0.9265 0.500092
0.9275 0.500091
0.9285 0.50009
0.9295 0.500091
0.9305 0.500091
0.9315 0.500085
0.9325 0.500079
0.9335 0.500079
0.9345 0.50009
0.9355 0.500099
0.9365 0.500097
0.9375 0.500091
0.9385 0.50009
0.9395 0.500106
0.9405 0.500122
0.9415 0.500122
0.9425 0.500119
0.9435 0.500121
0.9445 0.500137
0.9455 0.50015
0.9465 0.500149
0.9475 0.500143
0.9485 0.500138
0.9495 0.500138
0.9505 0.500139
0.9515 0.500138
0.9525 0.500136
0.9535 0.500136
0.9545 0.500142
0.9555 0.500147
0.9565 0.500149
0.9575 0.500153
0.9585 0.500161
0.9595 0.500172
0.9605 0.500178
0.9615 0.50018
0.9625 0.50018
0.9635 0.50018
0.9645 0.500181
0.9655 0.500186
0.9665 0.500196
0.9675 0.500205
0.9685 0.500206
0.9695 0.500205
0.9705 0.500208
0.9715 0.500218
0.9725 0.500231
0.9735 0.500241
0.9745 0.50025
0.9755 0.500257
0.9765 0.500266
0.9775 0.500273
0.9785 0.500275
0.9795 0.500279
0.9805 0.500294
0.9815 0.500344
0.9825 0.5004
0.9835 0.500423
0.9845 0.500433
0.9855 0.500434
0.9865 0.500431
0.9875 0.500417
0.9885 0.500372
0.9895 0.500254
0.9905 0.499989
0.9915 0.499463
0.9925 0.498539
0.9935 0.496952
0.9945 0.494812
0.9955 0.490774
0.9965 0.486466
0.9975 0.485305
0.9985 0.487096
0.9995 0.492398

# time= 0.5
0.0005 0.503154
0.0015 0.505402
0.0025 0.506933
0.0035 0.507536
0.0045 0.507222
0.0055 0.506037
0.0065 0.504208
0.0075 0.502703
0.0085 0.501669
0.0095 0.500909
0.0105 0.500393
0.0115 0.500061
0.0125 0.499851
0.0135 0.499729
0.0145 0.499661
0.0155 0.499624
0.0165 0.499613
0.0175 0.499621
0.0185 0.499651
0.0195 0.499678
0.0205 0.49969
0.0215 0.4997
0.0225 0.499717
0.0235 0.499738
0.0245 0.499747
0.0255 0.499747
0.0265 0.499748
0.0275 0.499759
0.0285 0.499775
0.0295 0.499785
0.0305 0.499785
0.0315 0.499784
0.0325 0.499792
0.0335 0.499806
0.0345 0.499813
0.0355 0.499809
0.0365 0.499804
0.0375 0.499811
0.0385 0.499825
0.0395 0.499833
0.0405 0.499828
0.0415 0.499822
0.0425 0.499831
0.0435 0.499847
0.0445 0.499855
0.0455 0.49985
0.0465 0.499842
0.0475 0.499847
0.0485 0.499861
0.0495 0.499866
0.0505 0.499855
0.0515 0.499842
0.0525 0.499848
0.0535 0.499864
0.0545 0.499871
0.0555 0.499863
0.0565 0.499854
0.0575 0.499864
0.0585 0.499886
0.0595 0.499896
0.0605 0.499889
0.0615 0.49988
0.0625 0.499887
0.0635 0.499908
0.0645 0.499915
0.0655 0.499905
0.0665 0.499892
0.0675 0.499895
0.0685 0.499915
0.0695 0.49992
0.0705 0.499907
0.0715 0.499891
0.0725 0.499892
0.0735 0.499913
0.0745 0.499919
0.0755 0.499909
0.0765 0.499896
0.0775 0.499894
0.0785 0.499917
0.0795 0.499921
0.0805 0.499905
0.0815 0.499879
0.0825 0.499846
0.0835 0.499817
0.0845 0.499723
0.0855 0.499523
0.0865 0.499165
0.0875 0.49854
0.0885 0.497499
0.0895 0.495691
0.0905 0.492663
0.0915 0.487765
0.0925 0.480046
0.0935 0.468234
0.0945 0.450504
0.0955 0.425692
0.0965 0.393724
0.0975 0.355865
0.0985 0.314608
0.0995 0.271649
0.1005 0.228204
0.1015 0.185246
0.1025 0.143989
0.1035 0.10613
0.1045 0.0741611
0.1055 0.0493487
0.1065 0.0316177
0.1075 0.0198052
0.1085 0.0120845
0.1095 0.00718529
0.1105 0.00415713
0.1115 0.00234772
0.1125 0.00130639
0.1135 0.000681433
0.1145 0.000322721
0.1155 0.00012368
0.1165 3.10309e-05
0.1175 3.8978e-06
0.1185 -2.83949e-05
0.1195 -5.48752e-05
0.1205 -7.13118e-05
0.1215 -6.71457e-05
0.1225 -4.53491e-05
0.1235 -4.8065e-05
0.1245 -6.33777e-05
0.1255 -7.52089e-05
0.1265 -6.96361e-05
0.1275 -4.88474e-05
0.1285 -4.82104e-05
0.1295 -6.35098e-05
0.1305 -7.57725e-05
0.1315 -7.02875e-05
0.1325 -5.10417e-05
0.1335 -4.83185e-05
0.1345 -6.42361e-05
0.1355 -7.77467e-05
0.1365 -7.29443e-05
0.1375 -5.57395e-05
0.1385 -5.19769e-05
0.1395 -7.02448e-05
0.1405 -8.737e-05
0.1415 -8.4306e-05
0.1425 -6.87004e-05
0.1435 -6.07087e-05
0.1445 -6.18598e-05
0.1455 -5.81509e-05
0.1465 -3.86729e-05
0.1475 -1.44894e-05
0.1485 -1.24671e-05
0.1495 -4.85563e-05
0.1505 -9.07159e-05
0.1515 -0.000101058
0.1525 -8.99439e-05
0.1535 -7.57485e-05
0.1545 -7.15295e-05
0.1555 -6.61174e-05
0.1565 -5.1391e-05
0.1575 -3.39004e-05
0.1585 -3.04063e-05
0.1595 -4.67003e-05
0.1605 -6.15872e-05
0.1615 -5.8843e-05
0.1625 -4.90434e-05
0.1635 -4.4614e-05
0.1645 -5.60105e-05
0.1655 -6.62467e-05
0.1665 -6.1446e-05
0.1675 -5.05245e-05
0.1685 -4.5065e-05
0.1695 -5.57635e-05
0.1705 -6.61012e-05
0.1715 -6.13661e-05
0.1725 -5.08143e-05
0.1735 -4.52142e-05
0.1745 -5.50277e-05
0.1755 -6.51267e-05
0.1765 -6.06396e-05
0.1775 -5.05946e-05
0.1785 -4.51478e-05
0.1795 -5.45804e-05
0.1805 -6.52633e-05
0.1815 -6.16873e-05
0.1825 -5.27699e-05
0.1835 -4.79373e-05
0.1845 -5.57359e-05
0.1855 -6.50432e-05
0.1865 -6.1933e-05
0.1875 -5.3703e-05
0.1885 -4.92545e-05
0.1895 -5.4749e-05
0.1905 -6.19509e-05
0.1915 -5.98496e-05
0.1925 -5.30643e-05
0.1935 -4.96569e-05
0.1945 -5.42432e-05
0.1955 -6.07342e-05
0.1965 -6.05946e-05
0.1975 -5.60575e-05
0.1985 -5.37401e-05
0.1995 -5.74564e-05
0.2005 -6.2792e-05
0.2015 -6.32365e-05
0.2025 -5.99345e-05
0.2035 -5.80651e-05
0.2045 -6.04929e-05
0.2055 -6.43501e-05
0.2065 -6.52311e-05
0.2075 -6.30668e-05
0.2085 -6.17348e-05
0.2095 -6.37248e-05
0.2105 -6.69807e-05
0.2115 -6.7842e-05
0.2125 -6.5125e-05
0.2135 -6.30029e-05
0.2145 -6.42357e-05
0.2155 -6.67081e-05
0.2165 -6.72882e-05
0.2175 -6.49332e-05
0.2185 -6.32034e-05
0.2195 -6.4616e-05
0.2205 -6.74489e-05
0.2215 -6.87082e-05
0.2225 -6.68614e-05
0.2235 -6.54128e-05
0.2245 -6.70473e-05
0.2255 -7.0027e-05
0.2265 -7.14818e-05
0.2275 -6.85913e-05
0.2285 -6.53205e-05
0.2295 -6.61531e-05
0.2305 -6.83183e-05
0.2315 -6.93895e-05
0.2325 -6.69299e-05
0.2335 -6.45299e-05
0.2345 -6.57459e-05
0.2355 -6.86253e-05
0.2365 -7.07875e-05
0.2375 -7.13129e-05
0.2385 -7.16601e-05
0.2395 -7.32886e-05
0.2405 -7.75399e-05
0.2415 -8.11949e-05
0.2425 -8.31256e-05
0.2435 -8.48003e-05
0.2445 -8.71769e-05
0.2455 -9.02112e-05
0.2465 -9.20803e-05
0.2475 -9.26566e-05
0.2485 -9.26708e-05
0.2495 -9.32644e-05
0.2505 -9.44436e-05
0.2515 -9.51786e-05
0.2525 -9.47258e-05
0.2535 -9.41644e-05
0.2545 -9.49261e-05
0.2555 -9.78803e-05
0.2565 -0.000100517
0.2575 -0.000101913
0.2585 -0.000103394
0.2595 -0.000105128
0.2605 -0.000107852
0.2615 -0.000110032
0.2625 -0.000110841
0.2635 -0.000111382
0.2645 -0.000112663
0.2655 -0.000116395
0.2665 -0.000119622
0.2675 -0.000120428
0.2685 -0.000120873
0.2695 -0.000122414
0.2705 -0.000128987
0.2715 -0.000135472
0.2725 -0.000137205
0.2735 -0.000138336
0.2745 -0.000140518
0.2755 -0.000148492
0.2765 -0.000156376
0.2775 -0.000160064
0.2785 -0.000163866
0.2795 -0.000168674
0.2805 -0.000182899
0.2815 -0.000198905
0.2825 -0.000205524
0.2835 -0.000209336
0.2845 -0.000209196
0.2855 -0.000202164
0.2865 -0.000182858
0.2875 -0.000144833
0.2885 -8.07351e-05
0.2895 1.34484e-05
0.2905 0.00017063
0.2915 0.000380915
0.2925 0.000683555
0.2935 0.00107182
0.2945 0.00160024
0.2955 0.0020138
0.2965 0.00207532
0.2975 0.00189338
0.2985 0.00145368
0.2995 0.000814777
0.3005 -0.000476499
0.3015 -0.00161578
0.3025 -0.00203027
0.3035 -0.00219176
0.3045 -0.00211018
0.3055 -0.00168002
0.3065 -0.0011253
0.3075 -0.000715816
0.3085 -0.000406922
0.3095 -0.000202875
0.3105 -5.364e-05
0.3115 4.04355e-05
0.3125 0.000105139
0.3135 0.00014491
0.3145 0.00016692
0.3155 0.000175045
0.3165 0.000173582
0.3175 0.000165981
0.3185 0.000154053
0.3195 0.000143793
0.3205 0.000136672
0.3215 0.000126129
0.3225 0.00011745
0.3235 0.000113499
0.3245 0.000109819
0.3255 0.000106777
0.3265 0.00010072
0.3275 9.42591e-05
0.3285 9.11662e-05
0.3295 8.81908e-05
0.3305 8.61007e-05
0.3315 8.27493e-05
0.3325 7.89537e-05
0.3335 7.73148e-05
0.3345 7.63262e-05
0.3355 7.52513e-05
0.3365 7.34865e-05
0.3375 7.05218e-05
0.3385 6.82277e-05
0.3395 6.67769e-05
0.3405 6.53468e-05
0.3415 6.33192e-05
0.3425 5.88179e-05
0.3435 5.50384e-05
0.3445 5.37928e-05
0.3455 5.31647e-05
0.3465 5.20905e-05
0.3475 5.05802e-05
0.3485 4.98444e-05
0.3495 5.05875e-05
0.3505 5.18819e-05
0.3515 5.22089e-05
0.3525 5.09037e-05
0.3535 4.97916e-05
0.3545 5.00913e-05
0.3555 5.02693e-05
0.3565 4.86138e-05
0.3575 4.36379e-05
0.3585 3.94499e-05
0.3595 3.84303e-05
0.3605 3.79033e-05
0.3615 3.57883e-05
0.3625 3.13412e-05
0.3635 2.8095e-05
0.3645 2.82163e-05
0.3655 2.96174e-05
0.3665 2.91014e-05
0.3675 2.57385e-05
0.3685 2.34977e-05
0.3695 2.54172e-05
0.3705 2.9387e-05
0.3715 3.10008e-05
0.3725 2.52313e-05
0.3735 1.98364e-05
0.3745 2.20295e-05
0.3755 2.6579e-05
0.3765 2.8316e-05
0.3775 2.09085e-05
0.3785 1.3084e-05
0.3795 1.49406e-05
0.3805 1.99114e-05
0.3815 2.20631e-05
0.3825 1.59864e-05
0.3835 8.98794e-06
0.3845 1.07981e-05
0.3855 1.62972e-05
0.3865 1.88186e-05
0.3875 1.40737e-05
0.3885 7.86828e-06
0.3895 8.82394e-06
0.3905 1.43524e-05
0.3915 1.70835e-05
0.3925 1.26628e-05
0.3935 6.4612e-06
0.3945 6.91191e-06
0.3955 1.30575e-05
0.3965 1.62393e-05
0.3975 1.10306e-05
0.3985 3.41311e-06
0.3995 3.70383e-06
0.4005 1.26451e-05
0.4015 1.84285e-05
0.4025 1.27176e-05
0.4035 2.46501e-06
0.4045 1.05916e-06
0.4055 1.28885e-05
0.4065 2.12308e-05
0.4075 1.41388e-05
0.4085 8.03316e-07
0.4095 -2.71348e-06
0.4105 1.24835e-05
0.4115 2.40245e-05
0.4125 1.54054e-05
0.4135 -9.67187e-07
0.4145 -6.95219e-06
0.4155 1.02591e-05
0.4165 2.40305e-05
0.4175 1.34934e-05
0.4185 -5.74715e-06
0.4195 -1.43281e-05
0.4205 4.92099e-06
0.4215 2.20278e-05
0.4225 1.02753e-05
0.4235 -1.04794e-05
0.4245 -1.98386e-05
0.4255 1.59496e-07
0.4265 1.99658e-05
0.4275 8.93006e-06
0.4285 -1.20659e-05
0.4295 -2.1523e-05
0.4305 -9.08647e-07
0.4315 2.02405e-05
0.4325 9.0936e-06
0.4335 -1.29335e-05
0.4345 -2.26851e-05
0.4355 -1.86927e-06
0.4365 2.10245e-05
0.4375 1.17816e-05
0.4385 -7.2256e-06
0.4395 -8.79238e-06
0.4405 2.24681e-05
0.4415 6.42916e-05
0.4425 8.4826e-05
0.4435 0.000100026
0.4445 0.000135855
0.4455 0.000207684
0.4465 0.00025968
0.4475 0.000248882
0.4485 0.0001428
0.4495 2.56213e-05
0.4505 -4.92214e-05
0.4515 -0.000148988
0.4525 -0.000229797
0.4535 -0.000271309
0.4545 -0.00026384
0.4555 -0.00018578
0.4565 -9.43618e-05
0.4575 -6.62874e-05
0.4585 -7.12408e-05
0.4595 -6.6737e-05
0.4605 -2.66172e-05
0.4615 1.26177e-05
0.4625 5.53299e-06
0.4635 -2.92796e-05
0.4645 -3.97062e-05
0.4655 -1.4158e-05
0.4665 1.63282e-05
0.4675 1.04173e-05
0.4685 -2.844e-05
0.4695 -3.95799e-05
0.4705 -1.52114e-05
0.4715 1.5377e-05
0.4725 1.43408e-05
0.4735 -2.72908e-05
0.4745 -3.8926e-05
0.4755 -1.61059e-05
0.4765 1.40529e-05
0.4775 2.00186e-05
0.4785 -2.24265e-05
0.4795 -2.94662e-05
0.4805 4.62081e-06
0.4815 5.91506e-05
0.4825 0.00012708
0.4835 0.000185215
0.4845 0.000372175
0.4855 0.000770201
0.4865 0.00148674
0.4875 0.00273587
0.4885 0.00481795
0.4895 0.00843601
0.4905 0.0144912
0.4915 0.0242885
0.4925 0.0397294
0.4935 0.063355
0.4945 0.0988178
0.4955 0.148443
0.4965 0.212382
0.4975 0.288101
0.4985 0.370617
0.4995 0.456534
0.5005 0.543427
0.5015 0.629344
0.5025 0.711859
0.5035 0.787579
0.5045 0.851518
0.5055 0.901143
0.5065 0.936606
0.5075 0.960231
0.5085 0.975672
0.5095 0.98547
0.5105 0.991525
0.5115 0.995143
0.5125 0.997225
0.5135 0.998474
0.5145 0.999191
0.5155 0.99959
0.5165 0.999777
0.5175 0.999836
0.5185 0.999905
0.5195 0.99996
0.5205 0.999994
0.5215 0.999987
0.5225 0.999943
0.5235 0.999948
0.5245 0.999978
0.5255 1
0.5265 0.999988
0.5275 0.999946
0.5285 0.999944
0.5295 0.999975
0.5305 1
0.5315 0.999989
0.5325 0.99995
0.5335 0.999944
0.5345 0.999973
0.5355 0.999998
0.5365 0.999986
0.5375 0.999948
0.5385 0.999937
0.5395 0.999964
0.5405 0.999987
0.5415 0.999974
0.5425 0.999938
0.5435 0.999925
0.5445 0.999951
0.5455 0.999975
0.5465 0.999963
0.5475 0.999932
0.5485 0.99992
0.5495 0.999948
0.5505 0.999971
0.5515 0.999961
0.5525 0.999933
0.5535 0.999921
0.5545 0.999944
0.5555 0.999965
0.5565 0.999953
0.5575 0.999925
0.5585 0.999911
0.5595 0.999932
0.5605 0.999951
0.5615 0.999939
0.5625 0.999914
0.5635 0.999901
0.5645 0.999921
0.5655 0.99994
0.5665 0.999928
0.5675 0.999904
0.5685 0.99989
0.5695 0.999908
0.5705 0.999925
0.5715 0.999913
0.5725 0.999888
0.5735 0.999873
0.5745 0.999888
0.5755 0.999903
0.5765 0.999891
0.5775 0.999866
0.5785 0.999849
0.5795 0.999857
0.5805 0.999866
0.5815 0.99985
0.5825 0.999823
0.5835 0.999809
0.5845 0.999816
0.5855 0.999837
0.5865 0.999861
0.5875 0.999889
0.5885 0.999943
0.5895 1.00005
0.5905 1.00021
0.5915 1.00047
0.5925 1.00079
0.5935 1.00127
0.5945 1.00178
0.5955 1.00201
0.5965 1.00206
0.5975 1.00188
0.5985 1.00138
0.5995 1.00072
0.6005 0.999542
0.6015 0.998472
0.6025 0.998094
0.6035 0.997927
0.6045 0.998
0.6055 0.998267
0.6065 0.998797
0.6075 0.999266
0.6085 0.999576
0.6095 0.999824
0.6105 0.999975
0.6115 1.00007
0.6125 1.00013
0.6135 1.00017
0.6145 1.0002
0.6155 1.00022
0.6165 1.00022
0.6175 1.0002
0.6185 1.00018
0.6195 1.00017
0.6205 1.00017
0.6215 1.00017
0.6225 1.00015
0.6235 1.00014
0.6245 1.00014
0.6255 1.00014
0.6265 1.00014
0.6275 1.00013
0.6285 1.00012
0.6295 1.00012
0.6305 1.00012
0.6315 1.00012
0.6325 1.00012
0.6335 1.00011
0.6345 1.00011
0.6355 1.00011
0.6365 1.00011
0.6375 1.00011
0.6385 1.0001
0.6395 1.00009
0.6405 1.00007
0.6415 1.00005
0.6425 1
0.6435 0.999969
0.6445 0.999995
0.6455 1.00009
0.6465 1.00024
0.6475 1.00035
0.6485 1.00033
0.6495 1.00016
0.6505 0.999937
0.6515 0.999817
0.6525 0.999808
0.6535 0.999939
0.6545 1.00012
0.6555 1.0002
0.6565 1.00022
0.6575 1.00018
0.6585 1.00012
0.6595 1.00009
0.6605 1.00007
0.6615 1.00007
0.6625 1.00007
0.6635 1.00007
0.6645 1.00006
0.6655 1.00006
0.6665 1.00006
0.6675 1.00006
0.6685 1.00006
0.6695 1.00006
0.6705 1.00006
0.6715 1.00006
0.6725 1.00006
0.6735 1.00006
0.6745 1.00006
0.6755 1.00006
0.6765 1.00006
0.6775 1.00006
0.6785 1.00006
0.6795 1.00006
0.6805 1.00005
0.6815 1.00005
0.6825 1.00005
0.6835 1.00006
0.6845 1.00005
0.6855 1.00005
0.6865 1.00005
0.6875 1.00005
0.6885 1.00006
0.6895 1.00005
0.6905 1.00005
0.6915 1.00005
0.6925 1.00005
0.6935 1.00006
0.6945 1.00005
0.6955 1.00005
0.6965 1.00004
0.6975 1.00005
0.6985 1.00005
0.6995 1.00005
0.7005 1.00005
0.7015 1.00004
0.7025 1.00005
0.7035 1.00005
0.7045 1.00005
0.7055 1.00004
0.7065 1.00004
0.7075 1.00004
0.7085 1.00005
0.7095 1.00005
0.7105 1.00004
0.7115 1.00004
0.7125 1.00004
0.7135 1.00005
0.7145 1.00005
0.7155 1.00004
0.7165 1.00003
0.7175 1.00004
0.7185 1.00005
0.7195 1.00005
0.7205 1.00004
0.7215 1.00003
0.7225 1.00003
0.7235 1.00004
0.7245 1.00005
0.7255 1.00004
0.7265 1.00003
0.7275 1.00003
0.7285 1.00005
0.7295 1.00005
0.7305 1.00004
0.7315 1.00003
0.7325 1.00003
0.7335 1.00005
0.7345 1.00005
0.7355 1.00004
0.7365 1.00003
0.7375 1.00004
0.7385 1.00005
0.7395 1.00005
0.7405 1.00004
0.7415 1.00003
0.7425 1.00004
0.7435 1.00005
0.7445 1.00005
0.7455 1.00004
0.7465 1.00003
0.7475 1.00004
0.7485 1.00005
0.7495 1.00005
0.7505 1.00004
0.7515 1.00003
0.7525 1.00003
0.7535 1.00005
0.7545 1.00005
0.7555 1.00004
0.7565 1.00002
0.7575 1.00003
0.7585 1.00005
0.7595 1.00005
0.7605 1.00004
0.7615 1.00002
0.7625 1.00003
0.7635 1.00005
0.7645 1.00005
0.7655 1.00004
0.7665 1.00002
0.7675 1.00003
0.7685 1.00005
0.7695 1.00005
0.7705 1.00004
0.7715 1.00002
0.7725 1.00003
0.7735 1.00005
0.7745 1.00006
0.7755 1.00004
0.7765 1.00003
0.7775 1.00002
0.7785 1.00005
0.7795 1.00005
0.7805 1.00003
0.7815 1
0.7825 0.999969
0.7835 0.999939
0.7845 0.999845
0.7855 0.999645
0.7865 0.999285
0.7875 0.998658
0.7885 0.997614
0.7895 0.995801
0.7905 0.992766
0.7915 0.987857
0.7925 0.98013
0.7935 0.96832
0.7945 0.950603
0.7955 0.925821
0.7965 0.893886
0.7975 0.856041
0.7985 0.814768
0.7995 0.771777
0.8005 0.728291
0.8015 0.685296
0.8025 0.644025
0.8035 0.606191
0.8045 0.574257
0.8055 0.549471
0.8065 0.531752
0.8075 0.519941
0.8085 0.512213
0.8095 0.507306
0.8105 0.504272
0.8115 0.502459
0.8125 0.501416
0.8135 0.50079
0.8145 0.500432
0.8155 0.500233
0.8165 0.50014
0.8175 0.50011
0.8185 0.500076
0.8195 0.500048
0.8205 0.500031
0.8215 0.500034
0.8225 0.500055
0.8235 0.500052
0.8245 0.500037
0.8255 0.500026
0.8265 0.500031
0.8275 0.500052
0.8285 0.500053
0.8295 0.500037
0.8305 0.500025
0.8315 0.50003
0.8325 0.500048
0.8335 0.500051
0.8345 0.500036
0.8355 0.500023
0.8365 0.500028
0.8375 0.500045
0.8385 0.500049
0.8395 0.500035
0.8405 0.500023
0.8415 0.500028
0.8425 0.500044
0.8435 0.500049
0.8445 0.500036
0.8455 0.500025
0.8465 0.500032
0.8475 0.500047
0.8485 0.500053
0.8495 0.500042
0.8505 0.500032
0.8515 0.500038
0.8525 0.500052
0.8535 0.500058
0.8545 0.500047
0.8555 0.500036
0.8565 0.500041
0.8575 0.500054
0.8585 0.500059
0.8595 0.500047
0.8605 0.500037
0.8615 0.500042
0.8625 0.500053
0.8635 0.500058
0.8645 0.500047
0.8655 0.500037
0.8665 0.500042
0.8675 0.500053
0.8685 0.500058
0.8695 0.500048
0.8705 0.500038
0.8715 0.500042
0.8725 0.500052
0.8735 0.500057
0.8745 0.500047
0.8755 0.500038
0.8765 0.500042
0.8775 0.500052
0.8785 0.500058
0.8795 0.500051
0.8805 0.500044
0.8815 0.500049
0.8825 0.500059
0.8835 0.500065
0.8845 0.500059
0.8855 0.500051
0.8865 0.500055
0.8875 0.500063
0.8885 0.500067
0.8895 0.500061
0.8905 0.500053
0.8915 0.500055
0.8925 0.500062
0.8935 0.500066
0.8945 0.500062
0.8955 0.500056
0.8965 0.500058
0.8975 0.500064
0.8985 0.500068
0.8995 0.500064
0.9005 0.50006
0.9015 0.500061
0.9025 0.500066
0.9035 0.500069
0.9045 0.500067
0.9055 0.500065
0.9065 0.500066
0.9075 0.50007
0.9085 0.500073
0.9095 0.500072
0.9105 0.50007
0.9115 0.500071
0.9125 0.500073
0.9135 0.500075
0.9145 0.500074
0.9155 0.500072
0.9165 0.500072
0.9175 0.500076
0.9185 0.500078
0.9195 0.500078
0.9205 0.500078
0.9215 0.500078
0.9225 0.500083
0.9235 0.500087
0.9245 0.500088
0.9255 0.500088
0.9265 0.500088
0.9275 0.50009
0.9285 0.500091
0.9295 0.50009
0.9305 0.500088
0.9315 0.500087
0.9325 0.500089
0.9335 0.500091
0.9345 0.500092
0.9355 0.500092
0.9365 0.500094
0.9375 0.500099
0.9385 0.500107
0.9395 0.500116
0.9405 0.500128
0.9415 0.500153
0.9425 0.500198
0.9435 0.500272
0.9445 0.500381
0.9455 0.500539
0.9465 0.500654
0.9475 0.50065
0.9485 0.500542
0.9495 0.500287
0.9505 0.499966
0.9515 0.499755
0.9525 0.499636
0.9535 0.499629
0.9545 0.499743
0.9555 0.4999
0.9565 0.500008
0.9575 0.500083
0.9585 0.500128
0.9595 0.500152
0.9605 0.500164
0.9615 0.500171
0.9625 0.500179
0.9635 0.500185
0.9645 0.500187
0.9655 0.500188
0.9665 0.50019
0.9675 0.500199
0.9685 0.500208
0.9695 0.500211
0.9705 0.500214
0.9715 0.500218
0.9725 0.500229
0.9735 0.500242
0.9745 0.500249
0.9755 0.500255
0.9765 0.500263
0.9775 0.500272
0.9785 0.500286
0.9795 0.500305
0.9805 0.500324
0.9815 0.500345
0.9825 0.500366
0.9835 0.500378
0.9845 0.500371
0.9855 0.500337
0.9865 0.500266
0.9875 0.500141
0.9885 0.499936
0.9895 0.499623
0.9905 0.499117
0.9915 0.498388
0.9925 0.49737
0.9935 0.495882
0.9945 0.494033
0.9955 0.492812
0.9965 0.492638
0.9975 0.493445
0.9985 0.49536
0.9995 0.498004

# time= 0.75
0.0005 0.50898
0.0015 0.508767
0.0025 0.508156
0.0035 0.507039
0.0045 0.505966
0.0055 0.505133
0.0065 0.50428
0.0075 0.503093
0.0085 0.502016
0.0095 0.501321
0.0105 0.500758
0.0115 0.500384
0.0125 0.500106
0.0135 0.499924
0.0145 0.499799
0.0155 0.499724
0.0165 0.499687
0.0175 0.499672
0.0185 0.499667
0.0195 0.49967
0.0205 0.499682
0.0215 0.499701
0.0225 0.499717
0.0235 0.499726
0.0245 0.499733
0.0255 0.499742
0.0265 0.499753
0.0275 0.499759
0.0285 0.499761
0.0295 0.499755
0.0305 0.499742
0.0315 0.499723
0.0325 0.499683
0.0335 0.499607
0.0345 0.499473
0.0355 0.499246
0.0365 0.498895
0.0375 0.49834
0.0385 0.497473
0.0395 0.496143
0.0405 0.494142
0.0415 0.491231
0.0425 0.487044
0.0435 0.481134
0.0445 0.472942
0.0455 0.4618
0.0465 0.44749
0.0475 0.430969
0.0485 0.413119
0.0495 0.394615
0.0505 0.375911
0.0515 0.35724
0.0525 0.338812
0.0535 0.321042
0.0545 0.304489
0.0555 0.289791
0.0565 0.277628
0.0575 0.268608
0.0585 0.262301
0.0595 0.257979
0.0605 0.255074
0.0615 0.25316
0.0625 0.251921
0.0635 0.251134
0.0645 0.250643
0.0655 0.250341
0.0665 0.250159
0.0675 0.25005
0.0685 0.249986
0.0695 0.249949
0.0705 0.249928
0.0715 0.249917
0.0725 0.24991
0.0735 0.249907
0.0745 0.249906
0.0755 0.249905
0.0765 0.249907
0.0775 0.249908
0.0785 0.249909
0.0795 0.24991
0.0805 0.249912
0.0815 0.249913
0.0825 0.249913
0.0835 0.249914
0.0845 0.249915
0.0855 0.249916
0.0865 0.249918
0.0875 0.249921
0.0885 0.249929
0.0895 0.249943
0.0905 0.249965
0.0915 0.249999
0.0925 0.250047
0.0935 0.250125
0.0945 0.250218
0.0955 0.250273
0.0965 0.250284
0.0975 0.250246
0.0985 0.250163
0.0995 0.250021
0.1005 0.24983
0.1015 0.249692
0.1025 0.249608
0.1035 0.249569
0.1045 0.24958
0.1055 0.249634
0.1065 0.249726
0.1075 0.249803
0.1085 0.24985
0.1095 0.249884
0.1105 0.249906
0.1115 0.249919
0.1125 0.249926
0.1135 0.24993
0.1145 0.249931
0.1155 0.249933
0.1165 0.249934
0.1175 0.249935
0.1185 0.249937
0.1195 0.249938
0.1205 0.249939
0.1215 0.24994
0.1225 0.249941
0.1235 0.249941
0.1245 0.249941
0.1255 0.249942
0.1265 0.249942
0.1275 0.249941
0.1285 0.249941
0.1295 0.249941
0.1305 0.249941
0.1315 0.249941
0.1325 0.24994
0.1335 0.24994
0.1345 0.249939
0.1355 0.249938
0.1365 0.249937
0.1375 0.249936
0.1385 0.249934
0.1395 0.249934
0.1405 0.249934
0.1415 0.249935
0.1425 0.249937
0.1435 0.24994
0.1445 0.249945
0.1455 0.249951
0.1465 0.249954
0.1475 0.249955
0.1485 0.249953
0.1495 0.249945
0.1505 0.249936
0.1515 0.249932
0.1525 0.24993
0.1535 0.24993
0.1545 0.249932
0.1555 0.24994
0.1565 0.249947
0.1575 0.24995
0.1585 0.249951
0.1595 0.249952
0.1605 0.249952
0.1615 0.249951
0.1625 0.249949
0.1635 0.249947
0.1645 0.249947
0.1655 0.249947
0.1665 0.249947
0.1675 0.249946
0.1685 0.249946
0.1695 0.249946
0.1705 0.249946
0.1715 0.249946
0.1725 0.249946
0.1735 0.249946
0.1745 0.249946
0.1755 0.249946
0.1765 0.249946
0.1775 0.249946
0.1785 0.249946
0.1795 0.249945
0.1805 0.249946
0.1815 0.249946
0.1825 0.249945
0.1835 0.249945
0.1845 0.249945
0.1855 0.249945
0.1865 0.249946
0.1875 0.249945
0.1885 0.249945
0.1895 0.249945
0.1905 0.249946
0.1915 0.249947
0.1925 0.249946
0.1935 0.249945
0.1945 0.249945
0.1955 0.249946
0.1965 0.249946
0.1975 0.249945
0.1985 0.249943
0.1995 0.249942
0.2005 0.249943
0.2015 0.249943
0.2025 0.249942
0.2035 0.24994
0.2045 0.249939
0.2055 0.24994
0.2065 0.24994
0.2075 0.249939
0.2085 0.249937
0.2095 0.249936
0.2105 0.249937
0.2115 0.249938
0.2125 0.249937
0.2135 0.249935
0.2145 0.249935
0.2155 0.249937
0.2165 0.249938
0.2175 0.249937
0.2185 0.249934
0.2195 0.249934
0.2205 0.249936
0.2215 0.249937
0.2225 0.249936
0.2235 0.249933
0.2245 0.249933
0.2255 0.249938
0.2265 0.249945
0.2275 0.24995
0.2285 0.24996
0.2295 0.249983
0.2305 0.250028
0.2315 0.250105
0.2325 0.250232
0.2335 0.250448
0.2345 0.250814
0.2355 0.251423
0.2365 0.252412
0.2375 0.25399
0.2385 0.256469
0.2395 0.260302
0.2405 0.266121
0.2415 0.274777
0.2425 0.287395
0.2435 0.305438
0.2445 0.329769
0.2455 0.359172
0.2465 0.392282
0.2475 0.427826
0.2485 0.46468
0.2495 0.502019
0.2505 0.539432
0.2515 0.576446
0.2525 0.61215
0.2535 0.645188
0.2545 0.673807
0.2555 0.696102
0.2565 0.712499
0.2575 0.724323
0.2585 0.732696
0.2595 0.738522
0.2605 0.742537
0.2615 0.745207
0.2625 0.746944
0.2635 0.748052
0.2645 0.74876
0.2655 0.749228
0.2665 0.749508
0.2675 0.749664
0.2685 0.749742
0.2695 0.749789
0.2705 0.749835
0.2715 0.74986
0.2725 0.749864
0.2735 0.749851
0.2745 0.749841
0.2755 0.749849
0.2765 0.749857
0.2775 0.749852
0.2785 0.749832
0.2795 0.749813
0.2805 0.749816
0.2815 0.749824
0.2825 0.749823
0.2835 0.749814
0.2845 0.749816
0.2855 0.749846
0.2865 0.749897
0.2875 0.749949
0.2885 0.750013
0.2895 0.75011
0.2905 0.75032
0.2915 0.750514
0.2925 0.750641
0.2935 0.750819
0.2945 0.751102
0.2955 0.751497
0.2965 0.751762
0.2975 0.751713
0.2985 0.751308
0.2995 0.750687
0.3005 0.749549
0.3015 0.748547
0.3025 0.748183
0.3035 0.748135
0.3045 0.748472
0.3055 0.748838
0.3065 0.749064
0.3075 0.749312
0.3085 0.749507
0.3095 0.749684
0.3105 0.749841
0.3115 0.749959
0.3125 0.750043
0.3135 0.750094
0.3145 0.750113
0.3155 0.750122
0.3165 0.750144
0.3175 0.750167
0.3185 0.750168
0.3195 0.750148
0.3205 0.750124
0.3215 0.750123
0.3225 0.750134
0.3235 0.750133
0.3245 0.750115
0.3255 0.750092
0.3265 0.75009
0.3275 0.750102
0.3285 0.7501
0.3295 0.750076
0.3305 0.750038
0.3315 0.750008
0.3325 0.749979
0.3335 0.749903
0.3345 0.749752
0.3355 0.749506
0.3365 0.749149
0.3375 0.748604
0.3385 0.747738
0.3395 0.746391
0.3405 0.744371
0.3415 0.741459
0.3425 0.73728
0.3435 0.731365
0.3445 0.723154
0.3455 0.712
0.3465 0.697696
0.3475 0.681183
0.3485 0.663328
0.3495 0.644812
0.3505 0.626103
0.3515 0.607439
0.3525 0.589018
0.3535 0.571242
0.3545 0.554678
0.3555 0.539972
0.3565 0.527807
0.3575 0.518789
0.3585 0.512477
0.3595 0.50814
0.3605 0.505222
0.3615 0.503305
0.3625 0.502069
0.3635 0.50128
0.3645 0.500778
0.3655 0.500467
0.3665 0.500285
0.3675 0.500182
0.3685 0.500121
0.3695 0.500077
0.3705 0.500049
0.3715 0.50004
0.3725 0.500039
0.3735 0.500038
0.3745 0.50003
0.3755 0.500021
0.3765 0.500022
0.3775 0.500027
0.3785 0.500028
0.3795 0.500022
0.3805 0.500015
0.3815 0.500017
0.3825 0.500021
0.3835 0.500023
0.3845 0.500018
0.3855 0.500013
0.3865 0.500014
0.3875 0.500018
0.3885 0.50002
0.3895 0.500016
0.3905 0.500012
0.3915 0.500013
0.3925 0.500016
0.3935 0.500018
0.3945 0.500015
0.3955 0.500012
0.3965 0.500012
0.3975 0.500015
0.3985 0.500016
0.3995 0.500014
0.4005 0.500012
0.4015 0.500012
0.4025 0.500014
0.4035 0.500015
0.4045 0.500014
0.4055 0.500012
0.4065 0.500012
0.4075 0.500014
0.4085 0.500015
0.4095 0.500014
0.4105 0.500012
0.4115 0.500012
0.4125 0.500013
0.4135 0.500013
0.4145 0.500012
0.4155 0.50001
0.4165 0.500009
0.4175 0.500009
0.4185 0.500009
0.4195 0.500007
0.4205 0.500005
0.4215 0.500005
0.4225 0.500005
0.4235 0.500005
0.4245 0.500004
0.4255 0.500003
0.4265 0.500002
0.4275 0.500003
0.4285 0.500003
0.4295 0.500003
0.4305 0.500002
0.4315 0.500002
0.4325 0.500003
0.4335 0.500004
0.4345 0.500004
0.4355 0.500005
0.4365 0.500008
0.4375 0.500013
0.4385 0.500021
0.4395 0.500032
0.4405 0.500047
0.4415 0.500062
0.4425 0.500095
0.4435 0.50013
0.4445 0.500142
0.4455 0.500147
0.4465 0.500142
0.4475 0.500126
0.4485 0.500099
0.4495 0.500026
0.4505 0.499947
0.4515 0.499902
0.4525 0.499868
0.4535 0.499851
0.4545 0.499847
0.4555 0.499853
0.4565 0.499869
0.4575 0.4999
0.4585 0.499929
0.4595 0.499949
0.4605 0.499965
0.4615 0.499975
0.4625 0.499983
0.4635 0.499987
0.4645 0.49999
0.4655 0.499992
0.4665 0.499993
0.4675 0.499994
0.4685 0.499994
0.4695 0.499994
0.4705 0.499994
0.4715 0.499994
0.4725 0.499995
0.4735 0.499995
0.4745 0.499995
0.4755 0.499994
0.4765 0.499994
0.4775 0.499994
0.4785 0.499993
0.4795 0.499992
0.4805 0.499991
0.4815 0.499991
0.4825 0.49999
0.4835 0.499989
0.4845 0.499987
0.4855 0.499986
0.4865 0.499982
0.4875 0.499975
0.4885 0.49996
0.4895 0.499933
0.4905 0.499889
0.4915 0.499822
0.4925 0.499726
0.4935 0.499572
0.4945 0.499389
0.4955 0.499282
0.4965 0.499261
0.4975 0.499336
0.4985 0.4995
0.4995 0.4998
0.5005 0.500183
0.5015 0.500446
0.5025 0.50062
0.5035 0.500699
0.5045 0.500678
0.5055 0.500572
0.5065 0.500389
0.5075 0.500235
0.5085 0.500139
0.5095 0.500072
0.5105 0.500028
0.5115 0.500002
0.5125 0.499987
0.5135 0.499979
0.5145 0.499976
0.5155 0.499975
0.5165 0.499974
0.5175 0.499974
0.5185 0.499973
0.5195 0.499972
0.5205 0.499971
0.5215 0.49997
0.5225 0.499969
0.5235 0.499968
0.5245 0.499966
0.5255 0.499965
0.5265 0.499962
0.5275 0.499958
0.5285 0.499952
0.5295 0.49994
0.5305 0.499918
0.5315 0.499881
0.5325 0.499817
0.5335 0.499708
0.5345 0.499523
0.5355 0.499218
0.5365 0.498722
0.5375 0.497931
0.5385 0.496688
0.5395 0.494768
0.5405 0.491856
0.5415 0.487526
0.5425 0.481213
0.5435 0.472187
0.5445 0.460019
0.5455 0.445315
0.5465 0.42876
0.5475 0.410987
0.5485 0.392557
0.5495 0.373885
0.5505 0.355179
0.5515 0.336673
0.5525 0.318821
0.5535 0.302299
0.5545 0.287986
0.5555 0.276837
0.5565 0.268637
0.5575 0.262723
0.5585 0.258531
0.5595 0.255614
0.5605 0.253605
0.5615 0.252268
0.5625 0.251396
0.5635 0.250837
0.5645 0.250479
0.5655 0.250243
0.5665 0.250102
0.5675 0.25002
0.5685 0.249975
0.5695 0.249945
0.5705 0.249919
0.5715 0.249903
0.5725 0.249896
0.5735 0.249895
0.5745 0.249891
0.5755 0.249879
0.5765 0.249869
0.5775 0.249864
0.5785 0.249862
0.5795 0.249859
0.5805 0.249848
0.5815 0.249837
0.5825 0.249836
0.5835 0.249842
0.5845 0.249858
0.5855 0.24988
0.5865 0.24991
0.5875 0.249963
0.5885 0.250052
0.5895 0.250174
0.5905 0.250362
0.5915 0.250589
0.5925 0.250911
0.5935 0.251226
0.5945 0.251385
0.5955 0.251458
0.5965 0.251411
0.5975 0.251235
0.5985 0.250905
0.5995 0.250446
0.6005 0.249705
0.6015 0.249069
0.6025 0.248765
0.6035 0.248592
0.6045 0.248552
0.6055 0.248628
0.6065 0.248777
0.6075 0.249121
0.6085 0.249449
0.6095 0.249658
0.6105 0.249836
0.6115 0.249956
0.6125 0.250049
0.6135 0.250108
0.6145 0.250149
0.6155 0.250169
0.6165 0.250175
0.6175 0.250179
0.6185 0.250182
0.6195 0.25018
0.6205 0.250168
0.6215 0.250153
0.6225 0.250148
0.6235 0.250147
0.6245 0.250146
0.6255 0.250137
0.6265 0.250126
0.6275 0.250123
0.6285 0.250125
0.6295 0.250125
0.6305 0.250118
0.6315 0.250109
0.6325 0.250108
0.6335 0.250111
0.6345 0.250112
0.6355 0.250102
0.6365 0.25009
0.6375 0.250088
0.6385 0.250088
0.6395 0.250076
0.6405 0.250044
0.6415 0.249946
0.6425 0.249855
0.6435 0.24986
0.6445 0.24994
0.6455 0.250203
0.6465 0.250496
0.6475 0.25058
0.6485 0.250517
0.6495 0.250239
0.6505 0.249878
0.6515 0.249653
0.6525 0.249556
0.6535 0.249606
0.6545 0.249937
0.6555 0.250267
0.6565 0.250335
0.6575 0.250312
0.6585 0.250225
0.6595 0.250149
0.6605 0.250106
0.6615 0.250077
0.6625 0.250065
0.6635 0.250063
0.6645 0.250065
0.6655 0.250061
0.6665 0.250054
0.6675 0.250051
0.6685 0.250057
0.6695 0.250063
0.6705 0.25006
0.6715 0.250053
0.6725 0.25005
0.6735 0.250055
0.6745 0.250062
0.6755 0.250058
0.6765 0.25005
0.6775 0.250047
0.6785 0.250052
0.6795 0.250059
0.6805 0.250055
0.6815 0.250046
0.6825 0.250043
0.6835 0.250049
0.6845 0.250056
0.6855 0.250053
0.6865 0.250045
0.6875 0.250041
0.6885 0.250048
0.6895 0.250056
0.6905 0.250053
0.6915 0.250044
0.6925 0.250041
0.6935 0.250047
0.6945 0.250054
0.6955 0.250052
0.6965 0.250043
0.6975 0.250039
0.6985 0.250044
0.6995 0.250052
0.7005 0.25005
0.7015 0.250041
0.7025 0.250037
0.7035 0.250042
0.7045 0.25005
0.7055 0.250048
0.7065 0.250039
0.7075 0.250035
0.7085 0.250039
0.7095 0.250048
0.7105 0.250047
0.7115 0.250038
0.7125 0.250034
0.7135 0.250038
0.7145 0.250046
0.7155 0.250046
0.7165 0.250037
0.7175 0.250032
0.7185 0.250034
0.7195 0.250042
0.7205 0.250044
0.7215 0.250036
0.7225 0.25003
0.7235 0.250031
0.7245 0.250039
0.7255 0.250047
0.7265 0.250044
0.7275 0.250042
0.7285 0.250051
0.7295 0.250076
0.7305 0.250119
0.7315 0.250171
0.7325 0.250258
0.7335 0.250419
0.7345 0.250696
0.7355 0.251161
0.7365 0.251872
0.7375 0.252989
0.7385 0.25473
0.7395 0.257398
0.7405 0.261409
0.7415 0.267239
0.7425 0.27562
0.7435 0.287447
0.7445 0.30384
0.7455 0.326134
0.7465 0.354758
0.7475 0.3878
0.7485 0.423503
0.7495 0.460512
0.7505 0.497924
0.7515 0.535266
0.7525 0.572123
0.7535 0.607667
0.7545 0.640775
0.7555 0.670178
0.7565 0.694513
0.7575 0.71256
0.7585 0.725181
0.7595 0.733836
0.7605 0.739655
0.7615 0.743492
0.7625 0.745975
0.7635 0.747555
0.7645 0.748543
0.7655 0.749151
0.7665 0.749518
0.7675 0.749737
0.7685 0.749866
0.7695 0.749941
0.7705 0.749983
0.7715 0.750008
0.7725 0.750021
0.7735 0.750028
0.7745 0.750033
0.7755 0.750035
0.7765 0.750036
0.7775 0.750037
0.7785 0.750037
0.7795 0.750037
0.7805 0.750037
0.7815 0.750037
0.7825 0.750037
0.7835 0.750037
0.7845 0.750036
0.7855 0.750035
0.7865 0.750034
0.7875 0.750036
0.7885 0.750041
0.7895 0.750052
0.7905 0.750072
0.7915 0.750104
0.7925 0.750156
0.7935 0.750231
0.7945 0.75033
0.7955 0.7504
0.7965 0.750413
0.7975 0.750379
0.7985 0.750293
0.7995 0.750172
0.8005 0.74995
0.8015 0.749752
0.8025 0.749679
0.8035 0.749648
0.8045 0.749664
0.8055 0.749741
0.8065 0.749842
0.8075 0.749916
0.8085 0.749969
0.8095 0.750001
0.8105 0.750021
0.8115 0.750033
0.8125 0.750039
0.8135 0.750041
0.8145 0.750042
0.8155 0.750042
0.8165 0.750042
0.8175 0.750042
0.8185 0.750042
0.8195 0.750042
0.8205 0.750042
0.8215 0.750042
0.8225 0.750042
0.8235 0.750042
0.8245 0.750041
0.8255 0.75004
0.8265 0.750038
0.8275 0.750035
0.8285 0.750028
0.8295 0.750016
0.8305 0.749994
0.8315 0.749957
0.8325 0.749892
0.8335 0.749782
0.8345 0.749598
0.8355 0.749294
0.8365 0.7488
0.8375 0.74801
0.8385 0.746767
0.8395 0.744849
0.8405 0.74194
0.8415 0.737612
0.8425 0.731302
0.8435 0.722278
0.8445 0.710111
0.8455 0.69541
0.8465 0.678857
0.8475 0.661086
0.8485 0.642657
0.8495 0.623987
0.8505 0.605282
0.8515 0.586778
0.8525 0.568927
0.8535 0.552406
0.8545 0.538095
0.8555 0.526949
0.8565 0.518752
0.8575 0.512839
0.8585 0.508649
0.8595 0.505734
0.8605 0.503729
0.8615 0.502395
0.8625 0.501524
0.8635 0.500965
0.8645 0.50061
0.8655 0.500379
0.8665 0.50024
0.8675 0.500159
0.8685 0.500115
0.8695 0.50009
0.8705 0.500069
0.8715 0.500056
0.8725 0.500051
0.8735 0.500051
0.8745 0.500054
0.8755 0.500051
0.8765 0.500048
0.8775 0.500047
0.8785 0.500049
0.8795 0.500055
0.8805 0.500056
0.8815 0.500054
0.8825 0.500052
0.8835 0.500054
0.8845 0.50006
0.8855 0.500063
0.8865 0.500059
0.8875 0.500056
0.8885 0.500057
0.8895 0.500063
0.8905 0.500066
0.8915 0.500061
0.8925 0.500057
0.8935 0.500058
0.8945 0.500064
0.8955 0.500067
0.8965 0.500064
0.8975 0.500059
0.8985 0.500059
0.8995 0.500065
0.9005 0.50007
0.9015 0.500067
0.9025 0.500062
0.9035 0.50006
0.9045 0.500068
0.9055 0.500075
0.9065 0.500072
0.9075 0.500066
0.9085 0.500064
0.9095 0.500072
0.9105 0.500079
0.9115 0.500076
0.9125 0.50007
0.9135 0.500067
0.9145 0.500074
0.9155 0.500082
0.9165 0.500079
0.9175 0.500073
0.9185 0.500071
0.9195 0.500078
0.9205 0.500086
0.9215 0.500085
0.9225 0.500081
0.9235 0.500079
0.9245 0.500086
0.9255 0.500094
0.9265 0.500093
0.9275 0.500087
0.9285 0.500084
0.9295 0.500088
0.9305 0.500094
0.9315 0.500093
0.9325 0.500088
0.9335 0.500087
0.9345 0.500093
0.9355 0.500102
0.9365 0.500105
0.9375 0.500106
0.9385 0.500114
0.9395 0.50014
0.9405 0.50019
0.9415 0.500261
0.9425 0.500377
0.9435 0.500525
0.9445 0.500734
0.9455 0.500905
0.9465 0.500928
0.9475 0.500861
0.9485 0.500713
0.9495 0.500303
0.9505 0.499859
0.9515 0.49962
0.9525 0.499444
0.9535 0.499377
0.9545 0.499402
0.9555 0.499548
0.9565 0.499749
0.9575 0.499903
0.9585 0.500015
0.9595 0.500088
0.9605 0.500138
0.9615 0.500164
0.9625 0.500173
0.9635 0.500174
0.9645 0.500178
0.9655 0.500191
0.9665 0.500201
0.9675 0.500202
0.9685 0.500201
0.9695 0.500203
0.9705 0.500218
0.9715 0.500231
0.9725 0.500233
0.9735 0.500234
0.9745 0.500238
0.9755 0.500258
0.9765 0.500276
0.9775 0.500283
0.9785 0.500291
0.9795 0.500302
0.9805 0.50032
0.9815 0.500332
0.9825 0.500328
0.9835 0.500306
0.9845 0.500264
0.9855 0.500195
0.9865 0.50008
0.9875 0.499909
0.9885 0.499618
0.9895 0.499239
0.9905 0.498675
0.9915 0.497972
0.9925 0.496982
0.9935 0.496171
0.9945 0.49622
0.9955 0.497056
0.9965 0.498707
0.9975 0.502891
0.9985 0.506923
0.9995 0.508194

# time= 1
0.0005 -3.85697e+55
0.0015 5.38842e+51
0.0025 -7.52134e+47
0.0035 4.43515e+44
0.0045 1.71014e+44
0.0055 7.40837e+43
0.0065 2.75826e+43
0.0075 8.97728e+42
0.0085 2.57903e+42
0.0095 6.57038e+41
0.0105 1.48572e+41
0.0115 2.97058e+40
0.0125 5.18635e+39
0.0135 7.64951e+38
0.0145 8.6255e+37
0.0155 4.19222e+36
0.0165 -1.26689e+36
0.0175 -5.26458e+35
0.0185 -1.35263e+35
0.0195 -2.82307e+34
0.0205 -5.14102e+33
0.0215 -8.47378e+32
0.0225 -1.28976e+32
0.0235 -1.83415e+31
0.0245 -2.45546e+30
0.0255 -3.11092e+29
0.0265 -3.74428e+28
0.0275 -4.29381e+27
0.0285 -4.70231e+26
0.0295 -4.92703e+25
0.0305 -4.94698e+24
0.0315 -4.76593e+23
0.0325 -4.41068e+22
0.0335 -3.92511e+21
0.0345 -3.36184e+20
0.0355 -2.77355e+19
0.0365 -2.20572e+18
0.0375 -1.69207e+17
0.0385 -1.2529e+16
0.0395 -8.95972e+14
0.0405 -6.19149e+13
0.0415 -4.13657e+12
0.0425 -2.67325e+11
0.0435 -1.67182e+10
0.0445 -1.01222e+09
0.0455 -5.93564e+07
0.0465 -3.37235e+06
0.0475 -185704
0.0485 -9913.84
0.0495 -512.4
0.0505 -24.7914
0.0515 -0.257729
0.0525 0.940245
0.0535 0.997088
0.0545 0.999734
0.0555 0.999863
0.0565 0.999868
0.0575 0.999867
0.0585 0.999874
0.0595 0.999884
0.0605 0.99989
0.0615 0.999889
0.0625 0.999887
0.0635 0.999892
0.0645 0.999901
0.0655 0.999905
0.0665 0.999901
0.0675 0.999896
0.0685 0.999899
0.0695 0.999906
0.0705 0.999909
0.0715 0.999904
0.0725 0.999899
0.0735 0.999901
0.0745 0.999908
0.0755 0.999911
0.0765 0.999908
0.0775 0.999904
0.0785 0.999906
0.0795 0.999913
0.0805 0.999917
0.0815 0.999914
0.0825 0.99991
0.0835 0.999913
0.0845 0.99992
0.0855 0.999925
0.0865 0.999926
0.0875 0.99993
0.0885 0.999941
0.0895 0.999965
0.0905 1
0.0915 1.00004
0.0925 1.00007
0.0935 1.00012
0.0945 1.00017
0.0955 1.00019
0.0965 1.00018
0.0975 1.00014
0.0985 1.00008
0.0995 0.999995
0.1005 0.99987
0.1015 0.999755
0.1025 0.999709
0.1035 0.999682
0.1045 0.999678
0.1055 0.99969
0.1065 0.999723
0.1075 0.999766
0.1085 0.999823
0.1095 0.99987
0.1105 0.99989
0.1115 0.999902
0.1125 0.99991
0.1135 0.99992
0.1145 0.99993
0.1155 0.999934
0.1165 0.999934
0.1175 0.999934
0.1185 0.999935
0.1195 0.999939
0.1205 0.999941
0.1215 0.99994
0.1225 0.999939
0.1235 0.99994
0.1245 0.999942
0.1255 0.999944
0.1265 0.999942
0.1275 0.999941
0.1285 0.999941
0.1295 0.999943
0.1305 0.999943
0.1315 0.999942
0.1325 0.99994
0.1335 0.99994
0.1345 0.99994
0.1355 0.999939
0.1365 0.999935
0.1375 0.999927
0.1385 0.999914
0.1395 0.999895
0.1405 0.999863
0.1415 0.999815
0.1425 0.999785
0.1435 0.999809
0.1445 0.999894
0.1455 1.00012
0.1465 1.00032
0.1475 1.00035
0.1485 1.00029
0.1495 1.00004
0.1505 0.999747
0.1515 0.99963
0.1525 0.999585
0.1535 0.999616
0.1545 0.999798
0.1555 0.999995
0.1565 1.00006
0.1575 1.00008
0.1585 1.00007
0.1595 1.00003
0.1605 0.999985
0.1615 0.999966
0.1625 0.999955
0.1635 0.999951
0.1645 0.99995
0.1655 0.99995
0.1665 0.999949
0.1675 0.999948
0.1685 0.999947
0.1695 0.999947
0.1705 0.999948
0.1715 0.999947
0.1725 0.999946
0.1735 0.999947
0.1745 0.999948
0.1755 0.999949
0.1765 0.999947
0.1775 0.999945
0.1785 0.999946
0.1795 0.999947
0.1805 0.999948
0.1815 0.999946
0.1825 0.999944
0.1835 0.999945
0.1845 0.999946
0.1855 0.999947
0.1865 0.999946
0.1875 0.999945
0.1885 0.999946
0.1895 0.999947
0.1905 0.999947
0.1915 0.999946
0.1925 0.999945
0.1935 0.999946
0.1945 0.999948
0.1955 0.999947
0.1965 0.999945
0.1975 0.999943
0.1985 0.999945
0.1995 0.999946
0.2005 0.999945
0.2015 0.999942
0.2025 0.99994
0.2035 0.999942
0.2045 0.999944
0.2055 0.999942
0.2065 0.999939
0.2075 0.999937
0.2085 0.999939
0.2095 0.999941
0.2105 0.99994
0.2115 0.999937
0.2125 0.999936
0.2135 0.999938
0.2145 0.99994
0.2155 0.999939
0.2165 0.999936
0.2175 0.999935
0.2185 0.999937
0.2195 0.999939
0.2205 0.999937
0.2215 0.999934
0.2225 0.999933
0.2235 0.999935
0.2245 0.999938
0.2255 0.999936
0.2265 0.999933
0.2275 0.999932
0.2285 0.999935
0.2295 0.999938
0.2305 0.999937
0.2315 0.999934
0.2325 0.999932
0.2335 0.999935
0.2345 0.999937
0.2355 0.999935
0.2365 0.999931
0.2375 0.999928
0.2385 0.999929
0.2395 0.99993
0.2405 0.999927
0.2415 0.999922
0.2425 0.999919
0.2435 0.999919
0.2445 0.99992
0.2455 0.999917
0.2465 0.999913
0.2475 0.99991
0.2485 0.999911
0.2495 0.999913
0.2505 0.999912
0.2515 0.999908
0.2525 0.999905
0.2535 0.999906
0.2545 0.999908
0.2555 0.999907
0.2565 0.999902
0.2575 0.999898
0.2585 0.999899
0.2595 0.9999
0.2605 0.999899
0.2615 0.999894
0.2625 0.999889
0.2635 0.999889
0.2645 0.99989
0.2655 0.999889
0.2665 0.999884
0.2675 0.999879
0.2685 0.999876
0.2695 0.999877
0.2705 0.999875
0.2715 0.99987
0.2725 0.99986
0.2735 0.999852
0.2745 0.999848
0.2755 0.999838
0.2765 0.99982
0.2775 0.999788
0.2785 0.999743
0.2795 0.999683
0.2805 0.999587
0.2815 0.99943
0.2825 0.999177
0.2835 0.998791
0.2845 0.998201
0.2855 0.997291
0.2865 0.99591
0.2875 0.993841
0.2885 0.990812
0.2895 0.986435
0.2905 0.980171
0.2915 0.971375
0.2925 0.959206
0.2935 0.942684
0.2945 0.921606
0.2955 0.895921
0.2965 0.866536
0.2975 0.834681
0.2985 0.801331
0.2995 0.767327
0.3005 0.732894
0.3015 0.698554
0.3025 0.665205
0.3035 0.633388
0.3045 0.603984
0.3055 0.578305
0.3065 0.557247
0.3075 0.540765
0.3085 0.528623
0.3095 0.51982
0.3105 0.513549
0.3115 0.509167
0.3125 0.506134
0.3135 0.504061
0.3145 0.502678
0.3155 0.501768
0.3165 0.501177
0.3175 0.500791
0.3185 0.500538
0.3195 0.500381
0.3205 0.500284
0.3215 0.500224
0.3225 0.500181
0.3235 0.500149
0.3245 0.500129
0.3255 0.500118
0.3265 0.500114
0.3275 0.500106
0.3285 0.500097
0.3295 0.500091
0.3305 0.500088
0.3315 0.500089
0.3325 0.500088
0.3335 0.500082
0.3345 0.500077
0.3355 0.500076
0.3365 0.500077
0.3375 0.500078
0.3385 0.500073
0.3395 0.500067
0.3405 0.500065
0.3415 0.500066
0.3425 0.500067
0.3435 0.500062
0.3445 0.500057
0.3455 0.500055
0.3465 0.500057
0.3475 0.50006
0.3485 0.500057
0.3495 0.500053
0.3505 0.500051
0.3515 0.500054
0.3525 0.500057
0.3535 0.500054
0.3545 0.50005
0.3555 0.500047
0.3565 0.500048
0.3575 0.50005
0.3585 0.500046
0.3595 0.500041
0.3605 0.500038
0.3615 0.500038
0.3625 0.500039
0.3635 0.500037
0.3645 0.500032
0.3655 0.50003
0.3665 0.500032
0.3675 0.500034
0.3685 0.500032
0.3695 0.500029
0.3705 0.500027
0.3715 0.500028
0.3725 0.500031
0.3735 0.500029
0.3745 0.500026
0.3755 0.500024
0.3765 0.500025
0.3775 0.500026
0.3785 0.500025
0.3795 0.500021
0.3805 0.500019
0.3815 0.50002
0.3825 0.500021
0.3835 0.50002
0.3845 0.500017
0.3855 0.500015
0.3865 0.500017
0.3875 0.500019
0.3885 0.500018
0.3895 0.500016
0.3905 0.500014
0.3915 0.500015
0.3925 0.500017
0.3935 0.500017
0.3945 0.500014
0.3955 0.500013
0.3965 0.500014
0.3975 0.500016
0.3985 0.500016
0.3995 0.500014
0.4005 0.500012
0.4015 0.500013
0.4025 0.500016
0.4035 0.500016
0.4045 0.500014
0.4055 0.500012
0.4065 0.500013
0.4075 0.500015
0.4085 0.500016
0.4095 0.500013
0.4105 0.500011
0.4115 0.500012
0.4125 0.500014
0.4135 0.500015
0.4145 0.500011
0.4155 0.500008
0.4165 0.500009
0.4175 0.500011
0.4185 0.500012
0.4195 0.500008
0.4205 0.500004
0.4215 0.500005
0.4225 0.500007
0.4235 0.500008
0.4245 0.500005
0.4255 0.500001
0.4265 0.500002
0.4275 0.500005
0.4285 0.500006
0.4295 0.500003
0.4305 0.5
0.4315 0.500002
0.4325 0.500005
0.4335 0.500006
0.4345 0.500005
0.4355 0.500005
0.4365 0.500011
0.4375 0.500024
0.4385 0.500044
0.4395 0.500073
0.4405 0.500114
0.4415 0.500162
0.4425 0.500264
0.4435 0.500377
0.4445 0.500424
0.4455 0.500448
0.4465 0.500438
0.4475 0.50039
0.4485 0.500305
0.4495 0.500089
0.4505 0.499851
0.4515 0.499714
0.4525 0.499611
0.4535 0.499562
0.4545 0.49955
0.4555 0.499573
0.4565 0.499619
0.4575 0.499732
0.4585 0.499833
0.4595 0.499881
0.4605 0.499923
0.4615 0.499951
0.4625 0.499972
0.4635 0.499985
0.4645 0.499991
0.4655 0.499991
0.4665 0.49999
0.4675 0.499992
0.4685 0.499995
0.4695 0.499996
0.4705 0.499994
0.4715 0.499991
0.4725 0.499993
0.4735 0.499995
0.4745 0.499996
0.4755 0.499993
0.4765 0.49999
0.4775 0.499991
0.4785 0.499993
0.4795 0.499994
0.4805 0.49999
0.4815 0.499986
0.4825 0.499986
0.4835 0.499986
0.4845 0.499984
0.4855 0.499978
0.4865 0.499967
0.4875 0.499952
0.4885 0.499929
0.4895 0.499898
0.4905 0.49985
0.4915 0.499787
0.4925 0.499676
0.4935 0.499557
0.4945 0.499506
0.4955 0.499481
0.4965 0.499495
0.4975 0.499555
0.4985 0.499649
0.4995 0.499871
0.5005 0.500117
0.5015 0.500279
0.5025 0.500408
0.5035 0.500467
0.5045 0.500483
0.5055 0.500454
0.5065 0.500394
0.5075 0.50028
0.5085 0.500179
0.5095 0.500112
0.5105 0.50006
0.5115 0.500028
0.5125 0.500007
0.5135 0.499996
0.5145 0.49999
0.5155 0.49998
0.5165 0.499972
0.5175 0.499971
0.5185 0.499973
0.5195 0.499974
0.5205 0.499972
0.5215 0.499968
0.5225 0.499967
0.5235 0.499969
0.5245 0.49997
0.5255 0.499968
0.5265 0.499965
0.5275 0.499963
0.5285 0.499966
0.5295 0.499968
0.5305 0.499967
0.5315 0.499963
0.5325 0.499962
0.5335 0.499964
0.5345 0.499966
0.5355 0.499964
0.5365 0.499959
0.5375 0.499957
0.5385 0.499958
0.5395 0.499959
0.5405 0.499956
0.5415 0.49995
0.5425 0.499947
0.5435 0.499948
0.5445 0.49995
0.5455 0.499947
0.5465 0.499943
0.5475 0.49994
0.5485 0.499943
0.5495 0.499945
0.5505 0.499943
0.5515 0.499939
0.5525 0.499936
0.5535 0.499938
0.5545 0.49994
0.5555 0.499938
0.5565 0.499932
0.5575 0.499928
0.5585 0.499929
0.5595 0.49993
0.5605 0.499928
0.5615 0.499922
0.5625 0.499917
0.5635 0.499917
0.5645 0.499918
0.5655 0.499916
0.5665 0.499911
0.5675 0.499905
0.5685 0.499904
0.5695 0.499904
0.5705 0.499901
0.5715 0.499895
0.5725 0.499886
0.5735 0.499879
0.5745 0.499875
0.5755 0.499863
0.5765 0.499844
0.5775 0.499812
0.5785 0.499769
0.5795 0.49971
0.5805 0.499614
0.5815 0.499457
0.5825 0.499205
0.5835 0.498821
0.5845 0.498233
0.5855 0.497327
0.5865 0.495953
0.5875 0.493891
0.5885 0.490877
0.5895 0.486516
0.5905 0.480279
0.5915 0.471527
0.5925 0.45934
0.5935 0.442754
0.5945 0.421623
0.5955 0.39589
0.5965 0.36648
0.5975 0.334614
0.5985 0.30125
0.5995 0.267232
0.6005 0.232908
0.6015 0.198699
0.6025 0.165376
0.6035 0.13356
0.6045 0.104125
0.6055 0.0783881
0.6065 0.0572614
0.6075 0.0406754
0.6085 0.028491
0.6095 0.0197412
0.6105 0.0135039
0.6115 0.00914415
0.6125 0.00613042
0.6135 0.0040689
0.6145 0.0026941
0.6155 0.00178791
0.6165 0.00120018
0.6175 0.000815724
0.6185 0.000564018
0.6195 0.000407293
0.6205 0.000310637
0.6215 0.000250683
0.6225 0.000207441
0.6235 0.000175752
0.6245 0.00015609
0.6255 0.000144846
0.6265 0.000139946
0.6275 0.000132719
0.6285 0.000124092
0.6295 0.00011857
0.6305 0.000115952
0.6315 0.000116309
0.6325 0.000113856
0.6335 0.000106217
0.6345 9.91787e-05
0.6355 9.483e-05
0.6365 9.05924e-05
0.6375 8.11633e-05
0.6385 5.95474e-05
0.6395 3.15203e-05
0.6405 1.23228e-05
0.6415 4.24653e-06
0.6425 1.3724e-05
0.6435 4.49026e-05
0.6445 9.56351e-05
0.6455 0.000178513
0.6465 0.0002436
0.6475 0.000253098
0.6485 0.000218621
0.6495 0.000100754
0.6505 -1.96939e-05
0.6515 -7.17015e-05
0.6525 -9.14289e-05
0.6535 -6.99007e-05
0.6545 -1.42667e-05
0.6555 6.93334e-05
0.6565 0.000134062
0.6575 0.000164742
0.6585 0.000170677
0.6595 0.000149759
0.6605 0.000123542
0.6615 0.000108129
0.6625 9.60555e-05
0.6635 7.92221e-05
0.6645 6.47951e-05
0.6655 6.04468e-05
0.6665 6.00667e-05
0.6675 6.08392e-05
0.6685 5.89967e-05
0.6695 5.53104e-05
0.6705 5.35281e-05
0.6715 5.54492e-05
0.6725 5.79624e-05
0.6735 5.67951e-05
0.6745 5.3474e-05
0.6755 5.16789e-05
0.6765 5.31294e-05
0.6775 5.51191e-05
0.6785 5.39008e-05
0.6795 5.06064e-05
0.6805 4.87922e-05
0.6815 5.00092e-05
0.6825 5.18568e-05
0.6835 5.10841e-05
0.6845 4.82898e-05
0.6855 4.6792e-05
0.6865 4.81659e-05
0.6875 5.02069e-05
0.6885 4.98017e-05
0.6895 4.74125e-05
0.6905 4.60807e-05
0.6915 4.73497e-05
0.6925 4.92128e-05
0.6935 4.87635e-05
0.6945 4.64087e-05
0.6955 4.49716e-05
0.6965 4.589e-05
0.6975 4.73915e-05
0.6985 4.69069e-05
0.6995 4.464e-05
0.7005 4.31645e-05
0.7015 4.38679e-05
0.7025 4.5192e-05
0.7035 4.47789e-05
0.7045 4.27241e-05
0.7055 4.13411e-05
0.7065 4.19606e-05
0.7075 4.32283e-05
0.7085 4.29916e-05
0.7095 4.12109e-05
0.7105 3.99808e-05
0.7115 4.0556e-05
0.7125 4.17462e-05
0.7135 4.1621e-05
0.7145 3.97081e-05
0.7155 3.82396e-05
0.7165 3.85495e-05
0.7175 3.94443e-05
0.7185 3.92625e-05
0.7195 3.72823e-05
0.7205 3.57079e-05
0.7215 3.59212e-05
0.7225 3.6755e-05
0.7235 3.67412e-05
0.7245 3.54898e-05
0.7255 3.45903e-05
0.7265 3.51261e-05
0.7275 3.63021e-05
0.7285 3.67313e-05
0.7295 3.59139e-05
0.7305 3.5302e-05
0.7315 3.59378e-05
0.7325 3.70955e-05
0.7335 3.75294e-05
0.7345 3.66661e-05
0.7355 3.59958e-05
0.7365 3.66199e-05
0.7375 3.78266e-05
0.7385 3.84469e-05
0.7395 3.76072e-05
0.7405 3.68489e-05
0.7415 3.74307e-05
0.7425 3.84917e-05
0.7435 3.89941e-05
0.7445 3.79131e-05
0.7455 3.67792e-05
0.7465 3.70467e-05
0.7475 3.76832e-05
0.7485 3.78033e-05
0.7495 3.62209e-05
0.7505 3.46186e-05
0.7515 3.4563e-05
0.7525 3.48719e-05
0.7535 3.48227e-05
0.7545 3.33857e-05
0.7555 3.20304e-05
0.7565 3.19958e-05
0.7575 3.23107e-05
0.7585 3.24029e-05
0.7595 3.169e-05
0.7605 3.10506e-05
0.7615 3.11957e-05
0.7625 3.16119e-05
0.7635 3.18741e-05
0.7645 3.17825e-05
0.7655 3.17087e-05
0.7665 3.19537e-05
0.7675 3.2434e-05
0.7685 3.2814e-05
0.7695 3.30386e-05
0.7705 3.33329e-05
0.7715 3.40793e-05
0.7725 3.49578e-05
0.7735 3.53536e-05
0.7745 3.56304e-05
0.7755 3.59723e-05
0.7765 3.62332e-05
0.7775 3.62854e-05
0.7785 3.61374e-05
0.7795 3.58749e-05
0.7805 3.5667e-05
0.7815 3.55162e-05
0.7825 3.53102e-05
0.7835 3.52005e-05
0.7845 3.54725e-05
0.7855 3.62982e-05
0.7865 3.84688e-05
0.7875 4.02065e-05
0.7885 4.00443e-05
0.7895 3.93221e-05
0.7905 4.19171e-05
0.7915 5.57397e-05
0.7925 9.0982e-05
0.7935 0.000155829
0.7945 0.00025473
0.7955 0.000394217
0.7965 0.000493171
0.7975 0.000499845
0.7985 0.000419813
0.7995 0.000267881
0.8005 -7.32219e-05
0.8015 -0.000370168
0.8025 -0.000457832
0.8035 -0.000450617
0.8045 -0.000359333
0.8055 -0.000212063
0.8065 -9.46377e-05
0.8075 -2.53997e-05
0.8085 1.37844e-05
0.8095 2.95795e-05
0.8105 3.35928e-05
0.8115 3.39675e-05
0.8125 3.40737e-05
0.8135 3.46873e-05
0.8145 3.59517e-05
0.8155 3.79451e-05
0.8165 3.93905e-05
0.8175 3.95213e-05
0.8185 3.90248e-05
0.8195 3.88987e-05
0.8205 4.02602e-05
0.8215 4.14264e-05
0.8225 4.09621e-05
0.8235 3.99474e-05
0.8245 3.9467e-05
0.8255 4.05341e-05
0.8265 4.14377e-05
0.8275 4.06715e-05
0.8285 3.92817e-05
0.8295 3.8537e-05
0.8305 3.94614e-05
0.8315 4.02267e-05
0.8325 3.92037e-05
0.8335 3.74759e-05
0.8345 3.65171e-05
0.8355 3.75914e-05
0.8365 3.86523e-05
0.8375 3.76199e-05
0.8385 3.58493e-05
0.8395 3.49812e-05
0.8405 3.66002e-05
0.8415 3.84275e-05
0.8425 3.77653e-05
0.8435 3.63241e-05
0.8445 3.58534e-05
0.8455 3.85945e-05
0.8465 4.16e-05
0.8475 4.1322e-05
0.8485 4.01128e-05
0.8495 3.98464e-05
0.8505 4.31369e-05
0.8515 4.65612e-05
0.8525 4.61957e-05
0.8535 4.46782e-05
0.8545 4.40471e-05
0.8555 4.66191e-05
0.8565 4.93707e-05
0.8575 4.86409e-05
0.8585 4.67277e-05
0.8595 4.58162e-05
0.8605 4.7735e-05
0.8615 4.99694e-05
0.8625 4.92006e-05
0.8635 4.7148e-05
0.8645 4.61605e-05
0.8655 4.79006e-05
0.8665 5.00566e-05
0.8675 4.94027e-05
0.8685 4.72923e-05
0.8695 4.62531e-05
0.8705 4.78756e-05
0.8715 5.00095e-05
0.8725 4.95411e-05
0.8735 4.75225e-05
0.8745 4.67119e-05
0.8755 4.89157e-05
0.8765 5.18417e-05
0.8775 5.19784e-05
0.8785 5.03225e-05
0.8795 4.98794e-05
0.8805 5.28659e-05
0.8815 5.67409e-05
0.8825 5.73175e-05
0.8835 5.56356e-05
0.8845 5.49955e-05
0.8855 5.77677e-05
0.8865 6.14038e-05
0.8875 6.15666e-05
0.8885 5.90406e-05
0.8895 5.76971e-05
0.8905 5.99106e-05
0.8915 6.31892e-05
0.8925 6.33929e-05
0.8935 6.05108e-05
0.8945 5.88833e-05
0.8955 6.12565e-05
0.8965 6.49851e-05
0.8975 6.5435e-05
0.8985 6.24078e-05
0.8995 6.06463e-05
0.9005 6.33004e-05
0.9015 6.7606e-05
0.9025 6.84126e-05
0.9035 6.53295e-05
0.9045 6.35294e-05
0.9055 6.65656e-05
0.9065 7.15119e-05
0.9075 7.26339e-05
0.9085 6.92534e-05
0.9095 6.70313e-05
0.9105 6.99884e-05
0.9115 7.51272e-05
0.9125 7.62727e-05
0.9135 7.25027e-05
0.9145 6.99949e-05
0.9155 7.31801e-05
0.9165 7.89296e-05
0.9175 8.05631e-05
0.9185 7.69057e-05
0.9195 7.45034e-05
0.9205 7.81901e-05
0.9215 8.4841e-05
0.9225 8.72898e-05
0.9235 8.34685e-05
0.9245 8.07476e-05
0.9255 8.44738e-05
0.9265 9.1262e-05
0.9275 9.36538e-05
0.9285 8.82126e-05
0.9295 8.39289e-05
0.9305 8.73234e-05
0.9315 9.44877e-05
0.9325 9.77491e-05
0.9335 9.52352e-05
0.9345 9.42633e-05
0.9355 0.000100323
0.9365 0.000122589
0.9375 0.000146016
0.9385 0.000162267
0.9395 0.000189932
0.9405 0.000241194
0.9415 0.000308413
0.9425 0.000424535
0.9435 0.000552782
0.9445 0.000620745
0.9455 0.00065736
0.9465 0.000536891
0.9475 -0.002124
0.9485 -0.0589407
0.9495 -1.25661
0.9505 -25.7891
0.9515 -513.39
0.9525 -9914.67
0.9535 -185702
0.9545 -3.37228e+06
0.9555 -5.93552e+07
0.9565 -1.0122e+09
0.9575 -1.67179e+10
0.9585 -2.67322e+11
0.9595 -4.13655e+12
0.9605 -6.19153e+13
0.9615 -8.95995e+14
0.9625 -1.25296e+16
0.9635 -1.69223e+17
0.9645 -2.20604e+18
0.9655 -2.77414e+19
0.9665 -3.36287e+20
0.9675 -3.9268e+21
0.9685 -4.4133e+22
0.9695 -4.76977e+23
0.9705 -4.95229e+24
0.9715 -4.93402e+25
0.9725 -4.71101e+26
0.9735 -4.30407e+27
0.9745 -3.75576e+28
0.9755 -3.12309e+29
0.9765 -2.46769e+30
0.9775 -1.84582e+31
0.9785 -1.30038e+32
0.9795 -8.56627e+32
0.9805 -5.21854e+33
0.9815 -2.88571e+34
0.9825 -1.39988e+35
0.9835 -5.56507e+35
0.9845 -1.41798e+36
0.9855 3.42541e+36
0.9865 8.25004e+37
0.9875 7.48076e+38
0.9885 5.11954e+39
0.9895 2.94764e+40
0.9905 1.47836e+41
0.9915 6.54098e+41
0.9925 2.56181e+42
0.9935 8.87082e+42
0.9945 2.70471e+43
0.9955 7.20803e+43
0.9965 1.65546e+44
0.9975 4.30524e+44
0.9985 -7.52176e+47
0.9995 5.38842e+51
