
# time= 0
0.0005 1
0.0015 1
0.0025 1
0.0035 1
0.0045 1
0.0055 1
0.0065 1
0.0075 1
0.0085 1
0.0095 1
0.0105 1
0.0115 1
0.0125 1
0.0135 1
0.0145 1
0.0155 1
0.0165 1
0.0175 1
0.0185 1
0.0195 1
0.0205 1
0.0215 1
0.0225 1
0.0235 1
0.0245 1
0.0255 1
0.0265 1
0.0275 1
0.0285 1
0.0295 1
0.0305 1
0.0315 1
0.0325 1
0.0335 1
0.0345 1
0.0355 1
0.0365 1
0.0375 1
0.0385 1
0.0395 1
0.0405 1
0.0415 1
0.0425 1
0.0435 1
0.0445 1
0.0455 1
0.0465 1
0.0475 1
0.0485 1
0.0495 1
0.0505 1
0.0515 1
0.0525 1
0.0535 1
0.0545 1
0.0555 1
0.0565 1
0.0575 1
0.0585 1
0.0595 1
0.0605 1
0.0615 1
0.0625 1
0.0635 1
0.0645 1
0.0655 1
0.0665 1
0.0675 1
0.0685 1
0.0695 1
0.0705 1
0.0715 1
0.0725 1
0.0735 1
0.0745 1
0.0755 1
0.0765 1
0.0775 1
0.0785 1
0.0795 1
0.0805 1
0.0815 1
0.0825 1
0.0835 1
0.0845 1
0.0855 1
0.0865 1
0.0875 1
0.0885 1
0.0895 1
0.0905 1
0.0915 1
0.0925 1
0.0935 1
0.0945 1
0.0955 1
0.0965 1
0.0975 1
0.0985 1
0.0995 1
0.1005 1
0.1015 1
0.1025 1
0.1035 1
0.1045 1
0.1055 1
0.1065 1
0.1075 1
0.1085 1
0.1095 1
0.1105 1
0.1115 1
0.1125 1
0.1135 1
0.1145 1
0.1155 1
0.1165 1
0.1175 1
0.1185 1
0.1195 1
0.1205 1
0.1215 1
0.1225 1
0.1235 1
0.1245 1
0.1255 1
0.1265 1
0.1275 1
0.1285 1
0.1295 1
0.1305 1
0.1315 1
0.1325 1
0.1335 1
0.1345 1
0.1355 1
0.1365 1
0.1375 1
0.1385 1
0.1395 1
0.1405 1
0.1415 1
0.1425 1
0.1435 1
0.1445 1
0.1455 1
0.1465 1
0.1475 1
0.1485 1
0.1495 1
0.1505 1
0.1515 1
0.1525 1
0.1535 1
0.1545 1
0.1555 1
0.1565 1
0.1575 1
0.1585 1
0.1595 1
0.1605 1
0.1615 1
0.1625 1
0.1635 1
0.1645 1
0.1655 1
0.1665 1
0.1675 1
0.1685 1
0.1695 1
0.1705 1
0.1715 1
0.1725 1
0.1735 1
0.1745 1
0.1755 1
0.1765 1
0.1775 1
0.1785 1
0.1795 1
0.1805 1
0.1815 1
0.1825 1
0.1835 1
0.1845 1
0.1855 1
0.1865 1
0.1875 1
0.1885 1
0.1895 1
0.1905 1
0.1915 1
0.1925 1
0.1935 1
0.1945 1
0.1955 1
0.1965 1
0.1975 1
0.1985 1
0.1995 1
0.2005 1
0.2015 1
0.2025 1
0.2035 1
0.2045 1
0.2055 1
0.2065 1
0.2075 1
0.2085 1
0.2095 1
0.2105 1
0.2115 1
0.2125 1
0.2135 1
0.2145 1
0.2155 1
0.2165 1
0.2175 1
0.2185 1
0.2195 1
0.2205 1
0.2215 1
0.2225 1
0.2235 1
0.2245 1
0.2255 1
0.2265 1
0.2275 1
0.2285 1
0.2295 1
0.2305 1
0.2315 1
0.2325 1
0.2335 1
0.2345 1
0.2355 1
0.2365 1
0.2375 1
0.2385 1
0.2395 1
0.2405 1
0.2415 1
0.2425 1
0.2435 1
0.2445 1
0.2455 1
0.2465 1
0.2475 1
0.2485 1
0.2495 1
0.2505 1
0.2515 1
0.2525 1
0.2535 1
0.2545 1
0.2555 1
0.2565 1
0.2575 1
0.2585 1
0.2595 1
0.2605 1
0.2615 1
0.2625 1
0.2635 1
0.2645 1
0.2655 1
0.2665 1
0.2675 1
0.2685 1
0.2695 1
0.2705 1
0.2715 1
0.2725 1
0.2735 1
0.2745 1
0.2755 1
0.2765 1
0.2775 1
0.2785 1
0.2795 1
0.2805 1
0.2815 1
0.2825 1
0.2835 1
0.2845 1
0.2855 1
0.2865 1
0.2875 1
0.2885 1
0.2895 1
0.2905 1
0.2915 1
0.2925 1
0.2935 1
0.2945 1
0.2955 1
0.2965 1
0.2975 1
0.2985 1
0.2995 1
0.3005 0.5
0.3015 0.5
0.3025 0.5
0.3035 0.5
0.3045 0.5
0.3055 0.5
0.3065 0.5
0.3075 0.5
0.3085 0.5
0.3095 0.5
0.3105 0.5
0.3115 0.5
0.3125 0.5
0.3135 0.5
0.3145 0.5
0.3155 0.5
0.3165 0.5
0.3175 0.5
0.3185 0.5
0.3195 0.5
0.3205 0.5
0.3215 0.5
0.3225 0.5
0.3235 0.5
0.3245 0.5
0.3255 0.5
0.3265 0.5
0.3275 0.5
0.3285 0.5
0.3295 0.5
0.3305 0.5
0.3315 0.5
0.3325 0.5
0.3335 0.5
0.3345 0.5
0.3355 0.5
0.3365 0.5
0.3375 0.5
0.3385 0.5
0.3395 0.5
0.3405 0.5
0.3415 0.5
0.3425 0.5
0.3435 0.5
0.3445 0.5
0.3455 0.5
0.3465 0.5
0.3475 0.5
0.3485 0.5
0.3495 0.5
0.3505 0.5
0.3515 0.5
0.3525 0.5
0.3535 0.5
0.3545 0.5
0.3555 0.5
0.3565 0.5
0.3575 0.5
0.3585 0.5
0.3595 0.5
0.3605 0.5
0.3615 0.5
0.3625 0.5
0.3635 0.5
0.3645 0.5
0.3655 0.5
0.3665 0.5
0.3675 0.5
0.3685 0.5
0.3695 0.5
0.3705 0.5
0.3715 0.5
0.3725 0.5
0.3735 0.5
0.3745 0.5
0.3755 0.5
0.3765 0.5
0.3775 0.5
0.3785 0.5
0.3795 0.5
0.3805 0.5
0.3815 0.5
0.3825 0.5
0.3835 0.5
0.3845 0.5
0.3855 0.5
0.3865 0.5
0.3875 0.5
0.3885 0.5
0.3895 0.5
0.3905 0.5
0.3915 0.5
0.3925 0.5
0.3935 0.5
0.3945 0.5
0.3955 0.5
0.3965 0.5
0.3975 0.5
0.3985 0.5
0.3995 0.5
0.4005 0.5
0.4015 0.5
0.4025 0.5
0.4035 0.5
0.4045 0.5
0.4055 0.5
0.4065 0.5
0.4075 0.5
0.4085 0.5
0.4095 0.5
0.4105 0.5
0.4115 0.5
0.4125 0.5
0.4135 0.5
0.4145 0.5
0.4155 0.5
0.4165 0.5
0.4175 0.5
0.4185 0.5
0.4195 0.5
0.4205 0.5
0.4215 0.5
0.4225 0.5
0.4235 0.5
0.4245 0.5
0.4255 0.5
0.4265 0.5
0.4275 0.5
0.4285 0.5
0.4295 0.5
0.4305 0.5
0.4315 0.5
0.4325 0.5
0.4335 0.5
0.4345 0.5
0.4355 0.5
0.4365 0.5
0.4375 0.5
0.4385 0.5
0.4395 0.5
0.4405 0.5
0.4415 0.5
0.4425 0.5
0.4435 0.5
0.4445 0.5
0.4455 0.5
0.4465 0.5
0.4475 0.5
0.4485 0.5
0.4495 0.5
0.4505 0.5
0.4515 0.5
0.4525 0.5
0.4535 0.5
0.4545 0.5
0.4555 0.5
0.4565 0.5
0.4575 0.5
0.4585 0.5
0.4595 0.5
0.4605 0.5
0.4615 0.5
0.4625 0.5
0.4635 0.5
0.4645 0.5
0.4655 0.5
0.4665 0.5
0.4675 0.5
0.4685 0.5
0.4695 0.5
0.4705 0.5
0.4715 0.5
0.4725 0.5
0.4735 0.5
0.4745 0.5
0.4755 0.5
0.4765 0.5
0.4775 0.5
0.4785 0.5
0.4795 0.5
0.4805 0.5
0.4815 0.5
0.4825 0.5
0.4835 0.5
0.4845 0.5
0.4855 0.5
0.4865 0.5
0.4875 0.5
0.4885 0.5
0.4895 0.5
0.4905 0.5
0.4915 0.5
0.4925 0.5
0.4935 0.5
0.4945 0.5
0.4955 0.5
0.4965 0.5
0.4975 0.5
0.4985 0.5
0.4995 0.5
0.5005 0.5
0.5015 0.5
0.5025 0.5
0.5035 0.5
0.5045 0.5
0.5055 0.5
0.5065 0.5
0.5075 0.5
0.5085 0.5
0.5095 0.5
0.5105 0.5
0.5115 0.5
0.5125 0.5
0.5135 0.5
0.5145 0.5
0.5155 0.5
0.5165 0.5
0.5175 0.5
0.5185 0.5
0.5195 0.5
0.5205 0.5
0.5215 0.5
0.5225 0.5
0.5235 0.5
0.5245 0.5
0.5255 0.5
0.5265 0.5
0.5275 0.5
0.5285 0.5
0.5295 0.5
0.5305 0.5
0.5315 0.5
0.5325 0.5
0.5335 0.5
0.5345 0.5
0.5355 0.5
0.5365 0.5
0.5375 0.5
0.5385 0.5
0.5395 0.5
0.5405 0.5
0.5415 0.5
0.5425 0.5
0.5435 0.5
0.5445 0.5
0.5455 0.5
0.5465 0.5
0.5475 0.5
0.5485 0.5
0.5495 0.5
0.5505 0.5
0.5515 0.5
0.5525 0.5
0.5535 0.5
0.5545 0.5
0.5555 0.5
0.5565 0.5
0.5575 0.5
0.5585 0.5
0.5595 0.5
0.5605 0.5
0.5615 0.5
0.5625 0.5
0.5635 0.5
0.5645 0.5
0.5655 0.5
0.5665 0.5
0.5675 0.5
0.5685 0.5
0.5695 0.5
0.5705 0.5
0.5715 0.5
0.5725 0.5
0.5735 0.5
0.5745 0.5
0.5755 0.5
0.5765 0.5
0.5775 0.5
0.5785 0.5
0.5795 0.5
0.5805 0.5
0.5815 0.5
0.5825 0.5
0.5835 0.5
0.5845 0.5
0.5855 0.5
0.5865 0.5
0.5875 0.5
0.5885 0.5
0.5895 0.5
0.5905 0.5
0.5915 0.5
0.5925 0.5
0.5935 0.5
0.5945 0.5
0.5955 0.5
0.5965 0.5
0.5975 0.5
0.5985 0.5
0.5995 0.5
0.6005 0
0.6015 0
0.6025 0
0.6035 0
0.6045 0
0.6055 0
0.6065 0
0.6075 0
0.6085 0
0.6095 0
0.6105 0
0.6115 0
0.6125 0
0.6135 0
0.6145 0
0.6155 0
0.6165 0
0.6175 0
0.6185 0
0.6195 0
0.6205 0
0.6215 0
0.6225 0
0.6235 0
0.6245 0
0.6255 0
0.6265 0
0.6275 0
0.6285 0
0.6295 0
0.6305 0
0.6315 0
0.6325 0
0.6335 0
0.6345 0
0.6355 0
0.6365 0
0.6375 0
0.6385 0
0.6395 0
0.6405 0
0.6415 0
0.6425 0
0.6435 0
0.6445 0
0.6455 0
0.6465 0
0.6475 0
0.6485 0
0.6495 0
0.6505 0
0.6515 0
0.6525 0
0.6535 0
0.6545 0
0.6555 0
0.6565 0
0.6575 0
0.6585 0
0.6595 0
0.6605 0
0.6615 0
0.6625 0
0.6635 0
0.6645 0
0.6655 0
0.6665 0
0.6675 0
0.6685 0
0.6695 0
0.6705 0
0.6715 0
0.6725 0
0.6735 0
0.6745 0
0.6755 0
0.6765 0
0.6775 0
0.6785 0
0.6795 0
0.6805 0
0.6815 0
0.6825 0
0.6835 0
0.6845 0
0.6855 0
0.6865 0
0.6875 0
0.6885 0
0.6895 0
0.6905 0
0.6915 0
0.6925 0
0.6935 0
0.6945 0
0.6955 0
0.6965 0
0.6975 0
0.6985 0
0.6995 0
0.7005 0
0.7015 0
0.7025 0
0.7035 0
0.7045 0
0.7055 0
0.7065 0
0.7075 0
0.7085 0
0.7095 0
0.7105 0
0.7115 0
0.7125 0
0.7135 0
0.7145 0
0.7155 0
0.7165 0
0.7175 0
0.7185 0
0.7195 0
0.7205 0
0.7215 0
0.7225 0
0.7235 0
0.7245 0
0.7255 0
0.7265 0
0.7275 0
0.7285 0
0.7295 0
0.7305 0
0.7315 0
0.7325 0
0.7335 0
0.7345 0
0.7355 0
0.7365 0
0.7375 0
0.7385 0
0.7395 0
0.7405 0
0.7415 0
0.7425 0
0.7435 0
0.7445 0
0.7455 0
0.7465 0
0.7475 0
0.7485 0
0.7495 0
0.7505 0
0.7515 0
0.7525 0
0.7535 0
0.7545 0
0.7555 0
0.7565 0
0.7575 0
0.7585 0
0.7595 0
0.7605 0
0.7615 0
0.7625 0
0.7635 0
0.7645 0
0.7655 0
0.7665 0
0.7675 0
0.7685 0
0.7695 0
0.7705 0
0.7715 0
0.7725 0
0.7735 0
0.7745 0
0.7755 0
0.7765 0
0.7775 0
0.7785 0
0.7795 0
0.7805 0
0.7815 0
0.7825 0
0.7835 0
0.7845 0
0.7855 0
0.7865 0
0.7875 0
0.7885 0
0.7895 0
0.7905 0
0.7915 0
0.7925 0
0.7935 0
0.7945 0
0.7955 0
0.7965 0
0.7975 0
0.7985 0
0.7995 0
0.8005 0
0.8015 0
0.8025 0
0.8035 0
0.8045 0
0.8055 0
0.8065 0
0.8075 0
0.8085 0
0.8095 0
0.8105 0
0.8115 0
0.8125 0
0.8135 0
0.8145 0
0.8155 0
0.8165 0
0.8175 0
0.8185 0
0.8195 0
0.8205 0
0.8215 0
0.8225 0
0.8235 0
0.8245 0
0.8255 0
0.8265 0
0.8275 0
0.8285 0
0.8295 0
0.8305 0
0.8315 0
0.8325 0
0.8335 0
0.8345 0
0.8355 0
0.8365 0
0.8375 0
0.8385 0
0.8395 0
0.8405 0
0.8415 0
0.8425 0
0.8435 0
0.8445 0
0.8455 0
0.8465 0
0.8475 0
0.8485 0
0.8495 0
0.8505 0
0.8515 0
0.8525 0
0.8535 0
0.8545 0
0.8555 0
0.8565 0
0.8575 0
0.8585 0
0.8595 0
0.8605 0
0.8615 0
0.8625 0
0.8635 0
0.8645 0
0.8655 0
0.8665 0
0.8675 0
0.8685 0
0.8695 0
0.8705 0
0.8715 0
0.8725 0
0.8735 0
0.8745 0
0.8755 0
0.8765 0
0.8775 0
0.8785 0
0.8795 0
0.8805 0
0.8815 0
0.8825 0
0.8835 0
0.8845 0
0.8855 0
0.8865 0
0.8875 0
0.8885 0
0.8895 0
0.8905 0
0.8915 0
0.8925 0
0.8935 0
0.8945 0
0.8955 0
0.8965 0
0.8975 0
0.8985 0
0.8995 0
0.9005 0
0.9015 0
0.9025 0
0.9035 0
0.9045 0
0.9055 0
0.9065 0
0.9075 0
0.9085 0
0.9095 0
0.9105 0
0.9115 0
0.9125 0
0.9135 0
0.9145 0
0.9155 0
0.9165 0
0.9175 0
0.9185 0
0.9195 0
0.9205 0
0.9215 0
0.9225 0
0.9235 0
0.9245 0
0.9255 0
0.9265 0
0.9275 0
0.9285 0
0.9295 0
0.9305 0
0.9315 0
0.9325 0
0.9335 0
0.9345 0
0.9355 0
0.9365 0
0.9375 0
0.9385 0
0.9395 0
0.9405 0
0.9415 0
0.9425 0
0.9435 0
0.9445 0
0.9455 0
0.9465 0
0.9475 0
0.9485 0
0.9495 0
0.9505 0
0.9515 0
0.9525 0
0.9535 0
0.9545 0
0.9555 0
0.9565 0
0.9575 0
0.9585 0
0.9595 0
0.9605 0
0.9615 0
0.9625 0
0.9635 0
0.9645 0
0.9655 0
0.9665 0
0.9675 0
0.9685 0
0.9695 0
0.9705 0
0.9715 0
0.9725 0
0.9735 0
0.9745 0
0.9755 0
0.9765 0
0.9775 0
0.9785 0
0.9795 0
0.9805 0
0.9815 0
0.9825 0
0.9835 0
0.9845 0
0.9855 0
0.9865 0
0.9875 0
0.9885 0
0.9895 0
0.9905 0
0.9915 0
0.9925 0
0.9935 0
0.9945 0
0.9955 0
0.9965 0
0.9975 0
0.9985 0
0.9995 0

# time= 0.2499
0.0005 0.508906
0.0015 0.51867
0.0025 0.526073
0.0035 0.529704
0.0045 0.530907
0.0055 0.529895
0.0065 0.527276
0.0075 0.521474
0.0085 0.515855
0.0095 0.511459
0.0105 0.508099
0.0115 0.506117
0.0125 0.503781
0.0135 0.502577
0.0145 0.501708
0.0155 0.500854
0.0165 0.500175
0.0175 0.499613
0.0185 0.499088
0.0195 0.498582
0.0205 0.498106
0.0215 0.497533
0.0225 0.496698
0.0235 0.495775
0.0245 0.494732
0.0255 0.493044
0.0265 0.491523
0.0275 0.490573
0.0285 0.489929
0.0295 0.489703
0.0305 0.489835
0.0315 0.490353
0.0325 0.491412
0.0335 0.492796
0.0345 0.495079
0.0355 0.497426
0.0365 0.499137
0.0375 0.501079
0.0385 0.502089
0.0395 0.503006
0.0405 0.503831
0.0415 0.504255
0.0425 0.504628
0.0435 0.504879
0.0445 0.504768
0.0455 0.501664
0.0465 0.483487
0.0475 0.421022
0.0485 0.289362
0.0495 0.217137
0.0505 0.219221
0.0515 0.260427
0.0525 0.3023
0.0535 0.266283
0.0545 0.223377
0.0555 0.224571
0.0565 0.263965
0.0575 0.290544
0.0585 0.261033
0.0595 0.228669
0.0605 0.237943
0.0615 0.262552
0.0625 0.27696
0.0635 0.257269
0.0645 0.235115
0.0655 0.241664
0.0665 0.257362
0.0675 0.264766
0.0685 0.249311
0.0695 0.234918
0.0705 0.239898
0.0715 0.250174
0.0725 0.253223
0.0735 0.24554
0.0745 0.239589
0.0755 0.24339
0.0765 0.250351
0.0775 0.250956
0.0785 0.244865
0.0795 0.241126
0.0805 0.246096
0.0815 0.253038
0.0825 0.251889
0.0835 0.24519
0.0845 0.241185
0.0855 0.24634
0.0865 0.252991
0.0875 0.251121
0.0885 0.245624
0.0895 0.242556
0.0905 0.245592
0.0915 0.249839
0.0925 0.24898
0.0935 0.24583
0.0945 0.244552
0.0955 0.248694
0.0965 0.253892
0.0975 0.254371
0.0985 0.253155
0.0995 0.25268
0.1005 0.255489
0.1015 0.258534
0.1025 0.258602
0.1035 0.257847
0.1045 0.257395
0.1055 0.257519
0.1065 0.257483
0.1075 0.256668
0.1085 0.255413
0.1095 0.254473
0.1105 0.253964
0.1115 0.253292
0.1125 0.251291
0.1135 0.248983
0.1145 0.248146
0.1155 0.247927
0.1165 0.247746
0.1175 0.246974
0.1185 0.246013
0.1195 0.245714
0.1205 0.246255
0.1215 0.246917
0.1225 0.24701
0.1235 0.246952
0.1245 0.246951
0.1255 0.247213
0.1265 0.247574
0.1275 0.247835
0.1285 0.248162
0.1295 0.248944
0.1305 0.249703
0.1315 0.24992
0.1325 0.250068
0.1335 0.250332
0.1345 0.250915
0.1355 0.251694
0.1365 0.252232
0.1375 0.252521
0.1385 0.252524
0.1395 0.252206
0.1405 0.251548
0.1415 0.249641
0.1425 0.247789
0.1435 0.247294
0.1445 0.247263
0.1455 0.247913
0.1465 0.248669
0.1475 0.248908
0.1485 0.248955
0.1495 0.248787
0.1505 0.248575
0.1515 0.24858
0.1525 0.248921
0.1535 0.249631
0.1545 0.250784
0.1555 0.251861
0.1565 0.253269
0.1575 0.254405
0.1585 0.254755
0.1595 0.254536
0.1605 0.253369
0.1615 0.252336
0.1625 0.25207
0.1635 0.252007
0.1645 0.251723
0.1655 0.250287
0.1665 0.248926
0.1675 0.248707
0.1685 0.248866
0.1695 0.248998
0.1705 0.24887
0.1715 0.248666
0.1725 0.24854
0.1735 0.248306
0.1745 0.247607
0.1755 0.247116
0.1765 0.247349
0.1775 0.247841
0.1785 0.248029
0.1795 0.24735
0.1805 0.246675
0.1815 0.247153
0.1825 0.248181
0.1835 0.248831
0.1845 0.248586
0.1855 0.248255
0.1865 0.248998
0.1875 0.250795
0.1885 0.252114
0.1895 0.252147
0.1905 0.2519
0.1915 0.252664
0.1925 0.254311
0.1935 0.255395
0.1945 0.25489
0.1955 0.25434
0.1965 0.255723
0.1975 0.257952
0.1985 0.258658
0.1995 0.25442
0.2005 0.25078
0.2015 0.252752
0.2025 0.256208
0.2035 0.256237
0.2045 0.247616
0.2055 0.240895
0.2065 0.244117
0.2075 0.250949
0.2085 0.253164
0.2095 0.244911
0.2105 0.238929
0.2115 0.245154
0.2125 0.256077
0.2135 0.259681
0.2145 0.246128
0.2155 0.235603
0.2165 0.243517
0.2175 0.256835
0.2185 0.259083
0.2195 0.245743
0.2205 0.236367
0.2215 0.244151
0.2225 0.256773
0.2235 0.256142
0.2245 0.242837
0.2255 0.235651
0.2265 0.248039
0.2275 0.263709
0.2285 0.257192
0.2295 0.235955
0.2305 0.224866
0.2315 0.251848
0.2325 0.280281
0.2335 0.263248
0.2345 0.229988
0.2355 0.215699
0.2365 0.258851
0.2375 0.297547
0.2385 0.268677
0.2395 0.21955
0.2405 0.201128
0.2415 0.266099
0.2425 0.32525
0.2435 0.272178
0.2445 0.193417
0.2455 0.190873
0.2465 0.27649
0.2475 0.34821
0.2485 0.264025
0.2495 0.181195
0.2505 0.176758
0.2515 0.321061
0.2525 0.584305
0.2535 0.70923
0.2545 0.745651
0.2555 0.751999
0.2565 0.75244
0.2575 0.752314
0.2585 0.752128
0.2595 0.751915
0.2605 0.751503
0.2615 0.751044
0.2625 0.75054
0.2635 0.749568
0.2645 0.748713
0.2655 0.74754
0.2665 0.746398
0.2675 0.745706
0.2685 0.745177
0.2695 0.744917
0.2705 0.744851
0.2715 0.744963
0.2725 0.745285
0.2735 0.745762
0.2745 0.746521
0.2755 0.747366
0.2765 0.74789
0.2775 0.748362
0.2785 0.748794
0.2795 0.749055
0.2805 0.749279
0.2815 0.749527
0.2825 0.749752
0.2835 0.750027
0.2845 0.750363
0.2855 0.750735
0.2865 0.751099
0.2875 0.751605
0.2885 0.752506
0.2895 0.753215
0.2905 0.754348
0.2915 0.755949
0.2925 0.757938
0.2935 0.759777
0.2945 0.7606
0.2955 0.760841
0.2965 0.760223
0.2975 0.758668
0.2985 0.75613
0.2995 0.75233
0.3005 0.74767
0.3015 0.74387
0.3025 0.741332
0.3035 0.739777
0.3045 0.739159
0.3055 0.7394
0.3065 0.740223
0.3075 0.742062
0.3085 0.744051
0.3095 0.745652
0.3105 0.746785
0.3115 0.747494
0.3125 0.748395
0.3135 0.748901
0.3145 0.749265
0.3155 0.749637
0.3165 0.749973
0.3175 0.750248
0.3185 0.750473
0.3195 0.750721
0.3205 0.750945
0.3215 0.751206
0.3225 0.751638
0.3235 0.75211
0.3245 0.752634
0.3255 0.753479
0.3265 0.754238
0.3275 0.754715
0.3285 0.755037
0.3295 0.755149
0.3305 0.755083
0.3315 0.754823
0.3325 0.754294
0.3335 0.753602
0.3345 0.75246
0.3355 0.751287
0.3365 0.750432
0.3375 0.74946
0.3385 0.748956
0.3395 0.748497
0.3405 0.748085
0.3415 0.747872
0.3425 0.747686
0.3435 0.74756
0.3445 0.747231
0.3455 0.743987
0.3465 0.725743
0.3475 0.663283
0.3485 0.531699
0.3495 0.459621
0.3505 0.461974
0.3515 0.503599
0.3525 0.54591
0.3535 0.510207
0.3545 0.467495
0.3555 0.468846
0.3565 0.508213
0.3575 0.534706
0.3585 0.505066
0.3595 0.47246
0.3605 0.481607
0.3615 0.506125
0.3625 0.520587
0.3635 0.501583
0.3645 0.480581
0.3655 0.488318
0.3665 0.505875
0.3675 0.515503
0.3685 0.502539
0.3695 0.489956
0.3705 0.496067
0.3715 0.507024
0.3725 0.510488
0.3735 0.502501
0.3745 0.496061
0.3755 0.499447
0.3765 0.505791
0.3775 0.505817
0.3785 0.499285
0.3795 0.495238
0.3805 0.499648
0.3815 0.506047
0.3825 0.504946
0.3835 0.498327
0.3845 0.494418
0.3855 0.499788
0.3865 0.50669
0.3875 0.504956
0.3885 0.49954
0.3895 0.496391
0.3905 0.499322
0.3915 0.503305
0.3925 0.501957
0.3935 0.498286
0.3945 0.496342
0.3955 0.498922
0.3965 0.502343
0.3975 0.501835
0.3985 0.4996
0.3995 0.498129
0.4005 0.498954
0.4015 0.500115
0.4025 0.499346
0.4035 0.497843
0.4045 0.496901
0.4055 0.497321
0.4065 0.497959
0.4075 0.497649
0.4085 0.497169
0.4095 0.497191
0.4105 0.498373
0.4115 0.499465
0.4125 0.49962
0.4135 0.499605
0.4145 0.499889
0.4155 0.500657
0.4165 0.501242
0.4175 0.501239
0.4185 0.500989
0.4195 0.500923
0.4205 0.50111
0.4215 0.501209
0.4225 0.500976
0.4235 0.500587
0.4245 0.500367
0.4255 0.50047
0.4265 0.500588
0.4275 0.500494
0.4285 0.500338
0.4295 0.500263
0.4305 0.500348
0.4315 0.50045
0.4325 0.50048
0.4335 0.500524
0.4345 0.500643
0.4355 0.500785
0.4365 0.500823
0.4375 0.5007
0.4385 0.500587
0.4395 0.500608
0.4405 0.500624
0.4415 0.500486
0.4425 0.499924
0.4435 0.499261
0.4445 0.498995
0.4455 0.498919
0.4465 0.498979
0.4475 0.499135
0.4485 0.499381
0.4495 0.499753
0.4505 0.500247
0.4515 0.500619
0.4525 0.500865
0.4535 0.501021
0.4545 0.501081
0.4555 0.501005
0.4565 0.500739
0.4575 0.500076
0.4585 0.499514
0.4595 0.499376
0.4605 0.499392
0.4615 0.499413
0.4625 0.4993
0.4635 0.499177
0.4645 0.499215
0.4655 0.499357
0.4665 0.499476
0.4675 0.49952
0.4685 0.49955
0.4695 0.499652
0.4705 0.499737
0.4715 0.499662
0.4725 0.499506
0.4735 0.499412
0.4745 0.49953
0.4755 0.499633
0.4765 0.499413
0.4775 0.499024
0.4785 0.498791
0.4795 0.49889
0.4805 0.499077
0.4815 0.499011
0.4825 0.498761
0.4835 0.498758
0.4845 0.499343
0.4855 0.500111
0.4865 0.500395
0.4875 0.50038
0.4885 0.500535
0.4895 0.501627
0.4905 0.502809
0.4915 0.502831
0.4925 0.502351
0.4935 0.502041
0.4945 0.502679
0.4955 0.503099
0.4965 0.502157
0.4975 0.500654
0.4985 0.499885
0.4995 0.501046
0.5005 0.501871
0.5015 0.5004
0.5025 0.498165
0.5035 0.497657
0.5045 0.501078
0.5055 0.503658
0.5065 0.501714
0.5075 0.498043
0.5085 0.496695
0.5095 0.500678
0.5105 0.503609
0.5115 0.50046
0.5125 0.495044
0.5135 0.49331
0.5145 0.500212
0.5155 0.505582
0.5165 0.501673
0.5175 0.495054
0.5185 0.493953
0.5195 0.500352
0.5205 0.504762
0.5215 0.500715
0.5225 0.494183
0.5235 0.494209
0.5245 0.500553
0.5255 0.503939
0.5265 0.497499
0.5275 0.489512
0.5285 0.492976
0.5295 0.503933
0.5305 0.510044
0.5315 0.497461
0.5325 0.484497
0.5335 0.494125
0.5345 0.511682
0.5355 0.519419
0.5365 0.498417
0.5375 0.479413
0.5385 0.493875
0.5395 0.518393
0.5405 0.52754
0.5415 0.494934
0.5425 0.465294
0.5435 0.491787
0.5445 0.531154
0.5455 0.532505
0.5465 0.489793
0.5475 0.45409
0.5485 0.496401
0.5495 0.538026
0.5505 0.540379
0.5515 0.468301
0.5525 0.336717
0.5535 0.274257
0.5545 0.256013
0.5555 0.252769
0.5565 0.25244
0.5575 0.252314
0.5585 0.252128
0.5595 0.251915
0.5605 0.251503
0.5615 0.251044
0.5625 0.25054
0.5635 0.249568
0.5645 0.248713
0.5655 0.24754
0.5665 0.246398
0.5675 0.245706
0.5685 0.245177
0.5695 0.244917
0.5705 0.244851
0.5715 0.244963
0.5725 0.245285
0.5735 0.245762
0.5745 0.246521
0.5755 0.247366
0.5765 0.24789
0.5775 0.248362
0.5785 0.248794
0.5795 0.249055
0.5805 0.249279
0.5815 0.249527
0.5825 0.249752
0.5835 0.250027
0.5845 0.250363
0.5855 0.250735
0.5865 0.251099
0.5875 0.251605
0.5885 0.252506
0.5895 0.253215
0.5905 0.254348
0.5915 0.255949
0.5925 0.257938
0.5935 0.259777
0.5945 0.2606
0.5955 0.260841
0.5965 0.260223
0.5975 0.258668
0.5985 0.25613
0.5995 0.25233
0.6005 0.24767
0.6015 0.24387
0.6025 0.241332
0.6035 0.239777
0.6045 0.239159
0.6055 0.2394
0.6065 0.240223
0.6075 0.242062
0.6085 0.244051
0.6095 0.245652
0.6105 0.246785
0.6115 0.247494
0.6125 0.248395
0.6135 0.248901
0.6145 0.249265
0.6155 0.249637
0.6165 0.249973
0.6175 0.250248
0.6185 0.250473
0.6195 0.250721
0.6205 0.250945
0.6215 0.251206
0.6225 0.251638
0.6235 0.25211
0.6245 0.252634
0.6255 0.253479
0.6265 0.254238
0.6275 0.254715
0.6285 0.255037
0.6295 0.255149
0.6305 0.255083
0.6315 0.254823
0.6325 0.254294
0.6335 0.253602
0.6345 0.25246
0.6355 0.251287
0.6365 0.250432
0.6375 0.24946
0.6385 0.248956
0.6395 0.248497
0.6405 0.248085
0.6415 0.247872
0.6425 0.247686
0.6435 0.24756
0.6445 0.247488
0.6455 0.247441
0.6465 0.247419
0.6475 0.24742
0.6485 0.247444
0.6495 0.247494
0.6505 0.247565
0.6515 0.247722
0.6525 0.247885
0.6535 0.247976
0.6545 0.248046
0.6555 0.248078
0.6565 0.248085
0.6575 0.248066
0.6585 0.248022
0.6595 0.247939
0.6605 0.247875
0.6615 0.247878
0.6625 0.247946
0.6635 0.248093
0.6645 0.248327
0.6655 0.248745
0.6665 0.249287
0.6675 0.250302
0.6685 0.251311
0.6695 0.251773
0.6705 0.252107
0.6715 0.252289
0.6725 0.252364
0.6735 0.252351
0.6745 0.252273
0.6755 0.252036
0.6765 0.251773
0.6775 0.251641
0.6785 0.25142
0.6795 0.251228
0.6805 0.251144
0.6815 0.251089
0.6825 0.251064
0.6835 0.251065
0.6845 0.251089
0.6855 0.251128
0.6865 0.251204
0.6875 0.251269
0.6885 0.251289
0.6895 0.251284
0.6905 0.251248
0.6915 0.251172
0.6925 0.251049
0.6935 0.250848
0.6945 0.250602
0.6955 0.250215
0.6965 0.249768
0.6975 0.24926
0.6985 0.248846
0.6995 0.248232
0.7005 0.247605
0.7015 0.247176
0.7025 0.246826
0.7035 0.246661
0.7045 0.246569
0.7055 0.246565
0.7065 0.246656
0.7075 0.246818
0.7085 0.247136
0.7095 0.247582
0.7105 0.24811
0.7115 0.248859
0.7125 0.249504
0.7135 0.250008
0.7145 0.25063
0.7155 0.251047
0.7165 0.251303
0.7175 0.251506
0.7185 0.251621
0.7195 0.251654
0.7205 0.251608
0.7215 0.251521
0.7225 0.251366
0.7235 0.251169
0.7245 0.251039
0.7255 0.250953
0.7265 0.250882
0.7275 0.250785
0.7285 0.250708
0.7295 0.250682
0.7305 0.250672
0.7315 0.250665
0.7325 0.250645
0.7335 0.250623
0.7345 0.250618
0.7355 0.250611
0.7365 0.250584
0.7375 0.250525
0.7385 0.25035
0.7395 0.250157
0.7405 0.250058
0.7415 0.249891
0.7425 0.249729
0.7435 0.24952
0.7445 0.249845
0.7455 0.256174
0.7465 0.292591
0.7475 0.417545
0.7485 0.680843
0.7495 0.825167
0.7505 0.820595
0.7515 0.737325
0.7525 0.652466
0.7535 0.723714
0.7545 0.809464
0.7555 0.807672
0.7565 0.729495
0.7575 0.676694
0.7585 0.736069
0.7595 0.801044
0.7605 0.782565
0.7615 0.733196
0.7625 0.703981
0.7635 0.742312
0.7645 0.785369
0.7655 0.771005
0.7665 0.737516
0.7675 0.720012
0.7685 0.747618
0.7695 0.773919
0.7705 0.762444
0.7715 0.740872
0.7725 0.733975
0.7735 0.749988
0.7745 0.762912
0.7755 0.756
0.7765 0.742813
0.7775 0.741767
0.7785 0.753678
0.7795 0.761239
0.7805 0.753597
0.7815 0.742066
0.7825 0.743338
0.7835 0.75531
0.7845 0.762201
0.7855 0.753446
0.7865 0.741473
0.7875 0.743669
0.7885 0.753766
0.7895 0.759152
0.7905 0.753666
0.7915 0.745371
0.7925 0.745017
0.7935 0.750442
0.7945 0.753717
0.7955 0.751146
0.7965 0.746325
0.7975 0.74441
0.7985 0.747652
0.7995 0.750697
0.8005 0.74988
0.8015 0.747622
0.8025 0.746958
0.8035 0.749586
0.8045 0.753231
0.8055 0.754134
0.8065 0.75018
0.8075 0.746638
0.8085 0.747411
0.8095 0.749643
0.8105 0.750676
0.8115 0.747861
0.8125 0.74527
0.8135 0.747622
0.8145 0.751924
0.8155 0.753808
0.8165 0.750871
0.8175 0.746896
0.8185 0.747767
0.8195 0.752672
0.8205 0.755258
0.8215 0.751293
0.8225 0.745957
0.8235 0.747526
0.8245 0.754298
0.8255 0.757614
0.8265 0.750554
0.8275 0.742138
0.8285 0.745958
0.8295 0.75692
0.8305 0.762673
0.8315 0.749621
0.8325 0.735795
0.8335 0.744146
0.8345 0.760312
0.8355 0.767018
0.8365 0.745054
0.8375 0.726097
0.8385 0.741195
0.8395 0.766286
0.8405 0.775675
0.8415 0.743303
0.8425 0.713341
0.8435 0.739385
0.8445 0.777603
0.8455 0.777296
0.8465 0.734125
0.8475 0.699052
0.8485 0.742273
0.8495 0.78436
0.8505 0.786712
0.8515 0.714447
0.8525 0.582678
0.8535 0.520156
0.8545 0.501984
0.8555 0.498921
0.8565 0.499039
0.8575 0.499457
0.8585 0.499782
0.8595 0.500116
0.8605 0.500315
0.8615 0.500699
0.8625 0.501049
0.8635 0.501167
0.8645 0.501222
0.8655 0.501236
0.8665 0.501246
0.8675 0.50129
0.8685 0.50133
0.8695 0.501344
0.8705 0.501363
0.8715 0.501416
0.8725 0.501571
0.8735 0.501763
0.8745 0.501906
0.8755 0.502079
0.8765 0.502339
0.8775 0.502732
0.8785 0.503042
0.8795 0.503216
0.8805 0.503307
0.8815 0.503242
0.8825 0.503011
0.8835 0.502607
0.8845 0.502093
0.8855 0.501259
0.8865 0.500015
0.8875 0.499008
0.8885 0.497717
0.8895 0.496221
0.8905 0.495163
0.8915 0.494272
0.8925 0.493636
0.8935 0.493313
0.8945 0.493129
0.8955 0.493138
0.8965 0.493322
0.8975 0.493653
0.8985 0.494353
0.8995 0.495211
0.9005 0.496463
0.9015 0.497692
0.9025 0.49852
0.9035 0.499536
0.9045 0.500431
0.9055 0.501204
0.9065 0.501697
0.9075 0.502099
0.9085 0.502343
0.9095 0.502496
0.9105 0.502569
0.9115 0.502578
0.9125 0.502538
0.9135 0.502408
0.9145 0.502256
0.9155 0.502179
0.9165 0.502131
0.9175 0.502128
0.9185 0.502179
0.9195 0.502289
0.9205 0.502456
0.9215 0.50284
0.9225 0.503283
0.9235 0.503545
0.9245 0.504071
0.9255 0.504546
0.9265 0.504701
0.9275 0.504728
0.9285 0.504578
0.9295 0.504215
0.9305 0.503547
0.9315 0.502622
0.9325 0.500604
0.9335 0.498573
0.9345 0.497489
0.9355 0.496654
0.9365 0.496187
0.9375 0.495893
0.9385 0.495756
0.9395 0.495751
0.9405 0.495877
0.9415 0.496044
0.9425 0.496131
0.9435 0.496169
0.9445 0.496155
0.9455 0.496092
0.9465 0.495952
0.9475 0.495769
0.9485 0.495443
0.9495 0.495129
0.9505 0.494988
0.9515 0.494889
0.9525 0.49484
0.9535 0.494837
0.9545 0.494882
0.9555 0.494976
0.9565 0.495121
0.9575 0.495372
0.9585 0.495745
0.9595 0.496169
0.9605 0.496994
0.9615 0.497911
0.9625 0.498921
0.9635 0.500863
0.9645 0.502574
0.9655 0.504921
0.9665 0.507204
0.9675 0.508588
0.9685 0.509647
0.9695 0.510165
0.9705 0.510297
0.9715 0.510071
0.9725 0.509427
0.9735 0.508477
0.9745 0.506956
0.9755 0.505268
0.9765 0.504225
0.9775 0.503302
0.9785 0.502467
0.9795 0.501894
0.9805 0.501418
0.9815 0.500912
0.9825 0.500387
0.9835 0.499825
0.9845 0.499146
0.9855 0.498292
0.9865 0.497423
0.9875 0.496219
0.9885 0.493883
0.9895 0.491901
0.9905 0.488541
0.9915 0.484145
0.9925 0.478526
0.9935 0.472724
0.9945 0.470105
0.9955 0.469093
0.9965 0.470296
0.9975 0.473927
0.9985 0.48133
0.9995 0.491094

# time= 0.4998
0.0005 0.50296
0.0015 0.506513
0.0025 0.510531
0.0035 0.513334
0.0045 0.514723
0.0055 0.51568
0.0065 0.516032
0.0075 0.515819
0.0085 0.515181
0.0095 0.513904
0.0105 0.512176
0.0115 0.509949
0.0125 0.507754
0.0135 0.505946
0.0145 0.504309
0.0155 0.50315
0.0165 0.502165
0.0175 0.500834
0.0185 0.499666
0.0195 0.498864
0.0205 0.497981
0.0215 0.497396
0.0225 0.496249
0.0235 0.495182
0.0245 0.49459
0.0255 0.493945
0.0265 0.493487
0.0275 0.492844
0.0285 0.492414
0.0295 0.492397
0.0305 0.492638
0.0315 0.493137
0.0325 0.493605
0.0335 0.494209
0.0345 0.49492
0.0355 0.496198
0.0365 0.497579
0.0375 0.49844
0.0385 0.499797
0.0395 0.500836
0.0405 0.501448
0.0415 0.502128
0.0425 0.502739
0.0435 0.50314
0.0445 0.50375
0.0455 0.504199
0.0465 0.504393
0.0475 0.50454
0.0485 0.504767
0.0495 0.505039
0.0505 0.505146
0.0515 0.50498
0.0525 0.504844
0.0535 0.505013
0.0545 0.505238
0.0555 0.505189
0.0565 0.504678
0.0575 0.504247
0.0585 0.504232
0.0595 0.504259
0.0605 0.504009
0.0615 0.503294
0.0625 0.502696
0.0635 0.502467
0.0645 0.502126
0.0655 0.501312
0.0665 0.500058
0.0675 0.49915
0.0685 0.498985
0.0695 0.49905
0.0705 0.498533
0.0715 0.497093
0.0725 0.496068
0.0735 0.496386
0.0745 0.497326
0.0755 0.497708
0.0765 0.496917
0.0775 0.495805
0.0785 0.495658
0.0795 0.497314
0.0805 0.498744
0.0815 0.497858
0.0825 0.496273
0.0835 0.495829
0.0845 0.497336
0.0855 0.499073
0.0865 0.498497
0.0875 0.496287
0.0885 0.495711
0.0895 0.497373
0.0905 0.499426
0.0915 0.498981
0.0925 0.496672
0.0935 0.496066
0.0945 0.495392
0.0955 0.484594
0.0965 0.455173
0.0975 0.392152
0.0985 0.307543
0.0995 0.267352
0.1005 0.241238
0.1015 0.201081
0.1025 0.115769
0.1035 0.0520984
0.1045 0.0216852
0.1055 0.0100212
0.1065 0.00854931
0.1075 0.00709747
0.1085 0.00390197
0.1095 0.00256101
0.1105 0.00363644
0.1115 0.00421429
0.1125 0.0025332
0.1135 -0.00070928
0.1145 -0.00213096
0.1155 -0.00118724
0.1165 -0.00032141
0.1175 -0.00125442
0.1185 -0.00324256
0.1195 -0.0044095
0.1205 -0.00328515
0.1215 -0.00183486
0.1225 -0.00210308
0.1235 -0.00316193
0.1245 -0.00384082
0.1255 -0.00329728
0.1265 -0.00203375
0.1275 -0.00125631
0.1285 -0.00148016
0.1295 -0.00195885
0.1305 -0.00172422
0.1315 -0.000400659
0.1325 0.00070339
0.1335 0.000835207
0.1345 0.000570318
0.1355 0.00048722
0.1365 0.000779728
0.1375 0.000992871
0.1385 0.000797539
0.1395 0.000404718
0.1405 0.000180876
0.1415 0.000183902
0.1425 0.000118276
0.1435 -0.000487553
0.1445 -0.00116882
0.1455 -0.00124329
0.1465 -0.00100978
0.1475 -0.000800789
0.1485 -0.000751751
0.1495 -0.000681667
0.1505 -0.000461265
0.1515 4.92762e-05
0.1525 0.000525523
0.1535 0.00090039
0.1545 0.00123623
0.1555 0.0017988
0.1565 0.00235017
0.1575 0.00251299
0.1585 0.00262071
0.1595 0.00268439
0.1605 0.0026592
0.1615 0.00250621
0.1625 0.00198037
0.1635 0.00139978
0.1645 0.00105225
0.1655 0.000646009
0.1665 0.000337362
0.1675 -0.000213713
0.1685 -0.000731286
0.1695 -0.000971559
0.1705 -0.00124008
0.1715 -0.00145631
0.1725 -0.00177787
0.1735 -0.00206697
0.1745 -0.00215789
0.1755 -0.00219287
0.1765 -0.00222908
0.1775 -0.00229433
0.1785 -0.00233644
0.1795 -0.00230753
0.1805 -0.0021269
0.1815 -0.00190743
0.1825 -0.00177014
0.1835 -0.00155063
0.1845 -0.00122672
0.1855 -0.0007036
0.1865 9.23625e-05
0.1875 0.000859562
0.1885 0.00140669
0.1895 0.00175303
0.1905 0.00236342
0.1915 0.00293989
0.1925 0.00339801
0.1935 0.00381152
0.1945 0.00402757
0.1955 0.00417959
0.1965 0.00422328
0.1975 0.00416261
0.1985 0.0039841
0.1995 0.00371121
0.2005 0.0033196
0.2015 0.00274702
0.2025 0.00194305
0.2035 0.00124967
0.2045 0.000818553
0.2055 9.20906e-05
0.2065 -0.000530232
0.2075 -0.000856841
0.2085 -0.00109263
0.2095 -0.00122781
0.2105 -0.00130189
0.2115 -0.00135543
0.2125 -0.00140599
0.2135 -0.00144326
0.2145 -0.00149359
0.2155 -0.00155839
0.2165 -0.00166512
0.2175 -0.00181313
0.2185 -0.00193097
0.2195 -0.00201494
0.2205 -0.00207598
0.2215 -0.00216959
0.2225 -0.00224632
0.2235 -0.00226994
0.2245 -0.0022646
0.2255 -0.0022286
0.2265 -0.00215863
0.2275 -0.00204869
0.2285 -0.00187849
0.2295 -0.00167545
0.2305 -0.00136971
0.2315 -0.00097236
0.2325 -0.000627731
0.2335 -0.000251502
0.2345 0.000416826
0.2355 0.00101226
0.2365 0.00137061
0.2375 0.00169606
0.2385 0.00192946
0.2395 0.00226324
0.2405 0.00267512
0.2415 0.00297887
0.2425 0.0031992
0.2435 0.00337181
0.2445 0.00350513
0.2455 0.00356904
0.2465 0.00359961
0.2475 0.00359166
0.2485 0.00354636
0.2495 0.00346834
0.2505 0.00331115
0.2515 0.00311814
0.2525 0.00282067
0.2535 0.00253085
0.2545 0.00235342
0.2555 0.00215164
0.2565 0.00190937
0.2575 0.00157691
0.2585 0.00120947
0.2595 0.00090165
0.2605 0.000426942
0.2615 -0.00014784
0.2625 -0.000899647
0.2635 -0.00164948
0.2645 -0.00205797
0.2655 -0.00284813
0.2665 -0.00355734
0.2675 -0.00389372
0.2685 -0.00413774
0.2695 -0.00426915
0.2705 -0.0043185
0.2715 -0.00428932
0.2725 -0.00419167
0.2735 -0.00403424
0.2745 -0.00375783
0.2755 -0.00338363
0.2765 -0.00283895
0.2775 -0.00228538
0.2785 -0.0019472
0.2795 -0.00136513
0.2805 -0.00075029
0.2815 -0.000297303
0.2825 0.000125762
0.2835 0.0007342
0.2845 0.00152883
0.2855 0.00221744
0.2865 0.00290627
0.2875 0.0039473
0.2885 0.00507506
0.2895 0.00581561
0.2905 0.00642507
0.2915 0.00672098
0.2925 0.00685474
0.2935 0.00678383
0.2945 0.00650117
0.2955 0.00594808
0.2965 0.00517953
0.2975 0.00393806
0.2985 0.00242096
0.2995 0.000190824
0.3005 -0.00183852
0.3015 -0.0031922
0.3025 -0.00430472
0.3035 -0.00490071
0.3045 -0.0053098
0.3055 -0.00552803
0.3065 -0.00557971
0.3075 -0.00548115
0.3085 -0.00521552
0.3095 -0.00485073
0.3105 -0.00415182
0.3115 -0.00344378
0.3125 -0.00309907
0.3135 -0.00259739
0.3145 -0.00192536
0.3155 -0.0013113
0.3165 -0.000886955
0.3175 -0.00059656
0.3185 -0.000195876
0.3195 9.11305e-05
0.3205 0.000551272
0.3215 0.00108364
0.3225 0.00137671
0.3235 0.00187842
0.3245 0.00232861
0.3255 0.00263214
0.3265 0.00287098
0.3275 0.00299525
0.3285 0.00306778
0.3295 0.00308415
0.3305 0.00304462
0.3315 0.00295313
0.3325 0.00275679
0.3335 0.00251203
0.3345 0.00213061
0.3355 0.00172449
0.3365 0.00145664
0.3375 0.001106
0.3385 0.000827158
0.3395 0.000464368
0.3405 4.8883e-05
0.3415 -0.000533122
0.3425 -0.0010549
0.3435 -0.00137523
0.3445 -0.00162115
0.3455 -0.00176962
0.3465 -0.00184482
0.3475 -0.00186183
0.3485 -0.0018404
0.3495 -0.00176095
0.3505 -0.00168427
0.3515 -0.00164194
0.3525 -0.00160914
0.3535 -0.00159288
0.3545 -0.00158673
0.3555 -0.00159081
0.3565 -0.00160298
0.3575 -0.00163801
0.3585 -0.00167268
0.3595 -0.00167966
0.3605 -0.00166794
0.3615 -0.00162758
0.3625 -0.00154727
0.3635 -0.00140757
0.3645 -0.00120399
0.3655 -0.0010042
0.3665 -0.000805877
0.3675 -0.000504002
0.3685 -0.000135444
0.3695 0.000133421
0.3705 0.000449792
0.3715 0.000695632
0.3725 0.000857443
0.3735 0.000987614
0.3745 0.00106968
0.3755 0.0011171
0.3765 0.0011339
0.3775 0.00112688
0.3785 0.0011001
0.3795 0.00106111
0.3805 0.00103824
0.3815 0.00104152
0.3825 0.00108006
0.3835 0.00121863
0.3845 0.00137951
0.3855 0.00147669
0.3865 0.00154854
0.3875 0.00157576
0.3885 0.00156756
0.3895 0.0015213
0.3905 0.00136393
0.3915 0.00118408
0.3925 0.00108998
0.3935 0.000928416
0.3945 0.000729568
0.3955 0.000441451
0.3965 0.000115852
0.3975 -5.26069e-05
0.3985 -0.000310917
0.3995 -0.000633562
0.4005 -0.000979595
0.4015 -0.00123769
0.4025 -0.00146525
0.4035 -0.00170101
0.4045 -0.00183093
0.4055 -0.00190645
0.4065 -0.00189786
0.4075 -0.00176605
0.4085 -0.00159842
0.4095 -0.00146278
0.4105 -0.00130838
0.4115 -0.00102954
0.4125 -0.000730155
0.4135 -0.000618717
0.4145 -0.000512847
0.4155 -0.000392438
0.4165 -0.000233013
0.4175 3.88751e-05
0.4185 0.000243941
0.4195 0.000284375
0.4205 0.000249583
0.4215 0.000250755
0.4225 0.000317288
0.4235 0.000355335
0.4245 0.000284082
0.4255 0.000158978
0.4265 0.000110736
0.4275 0.000215883
0.4285 0.000359768
0.4295 0.00038438
0.4305 0.000341093
0.4315 0.000328709
0.4325 0.000478835
0.4335 0.000625525
0.4345 0.000585449
0.4355 0.000493623
0.4365 0.000480383
0.4375 0.000744004
0.4385 0.000986884
0.4395 0.000951871
0.4405 0.00083918
0.4415 0.000769296
0.4425 0.000745755
0.4435 0.000656503
0.4445 0.000444792
0.4455 0.000294878
0.4465 0.000395154
0.4475 0.000491606
0.4485 0.000290708
0.4495 -1.59065e-05
0.4505 -5.02582e-05
0.4515 0.000444639
0.4525 0.000789111
0.4535 0.000493935
0.4545 2.32022e-05
0.4555 -7.18272e-06
0.4565 0.000406691
0.4575 0.000639519
0.4585 0.000280849
0.4595 -0.000269251
0.4605 -0.000348386
0.4615 3.21884e-05
0.4625 0.000228669
0.4635 -0.000435634
0.4645 -0.00113063
0.4655 -0.000689609
0.4665 0.000192258
0.4675 0.000351259
0.4685 -0.00105274
0.4695 -0.00277695
0.4705 -0.00263751
0.4715 -0.000631415
0.4725 0.000758296
0.4735 -0.000227998
0.4745 -0.00232794
0.4755 -0.0031634
0.4765 -0.00158443
0.4775 0.000708477
0.4785 0.00119028
0.4795 -0.00178849
0.4805 -0.00425691
0.4815 -0.0022236
0.4825 0.00124457
0.4835 0.00240358
0.4845 -0.000269627
0.4855 -0.0033148
0.4865 -0.00178857
0.4875 0.00312574
0.4885 0.00478817
0.4895 0.00195897
0.4905 -0.00169077
0.4915 -0.00023954
0.4925 0.00521979
0.4935 0.0074772
0.4945 0.0100217
0.4955 0.0331442
0.4965 0.093758
0.4975 0.22154
0.4985 0.392038
0.4995 0.473813
0.5005 0.527906
0.5015 0.609673
0.5025 0.780227
0.5035 0.908042
0.5045 0.968663
0.5055 0.991743
0.5065 0.994198
0.5075 0.996314
0.5085 1.00157
0.5095 1.00276
0.5105 0.998809
0.5115 0.995622
0.5125 0.996868
0.5135 1.00136
0.5145 1.00254
0.5155 0.999168
0.5165 0.996252
0.5175 0.997245
0.5185 1.00057
0.5195 1.0025
0.5205 0.999897
0.5215 0.996801
0.5225 0.997212
0.5235 0.999471
0.5245 1.00104
0.5255 1.00021
0.5265 0.99816
0.5275 0.99725
0.5285 0.998804
0.5295 1.001
0.5305 1.00127
0.5315 1.00002
0.5325 0.999071
0.5335 0.999505
0.5345 1.00067
0.5355 1.00135
0.5365 1.00092
0.5375 1.00047
0.5385 1.00081
0.5395 1.00133
0.5405 1.00137
0.5415 1.00092
0.5425 1.00065
0.5435 1.00098
0.5445 1.00149
0.5455 1.00152
0.5465 1.00109
0.5475 1.00083
0.5485 1.00126
0.5495 1.00184
0.5505 1.00186
0.5515 1.00161
0.5525 1.00146
0.5535 1.00158
0.5545 1.00168
0.5555 1.00157
0.5565 1.00137
0.5575 1.00125
0.5585 1.00118
0.5595 1.00106
0.5605 1.00063
0.5615 1.00019
0.5625 0.999888
0.5635 0.99952
0.5645 0.998951
0.5655 0.99829
0.5665 0.997913
0.5675 0.997635
0.5685 0.997442
0.5695 0.997135
0.5705 0.99687
0.5715 0.996877
0.5725 0.997188
0.5735 0.997554
0.5745 0.997654
0.5755 0.997706
0.5765 0.997839
0.5775 0.998388
0.5785 0.998988
0.5795 0.99919
0.5805 0.999346
0.5815 0.999562
0.5825 1.00014
0.5835 1.00078
0.5845 1.00113
0.5855 1.00145
0.5865 1.00184
0.5875 1.00221
0.5885 1.00284
0.5895 1.00357
0.5905 1.00405
0.5915 1.0047
0.5925 1.00515
0.5935 1.00537
0.5945 1.00538
0.5955 1.00514
0.5965 1.00461
0.5975 1.00377
0.5985 1.00279
0.5995 1.00113
0.6005 0.998764
0.6015 0.997164
0.6025 0.995931
0.6035 0.994756
0.6045 0.994119
0.6055 0.993721
0.6065 0.99357
0.6075 0.99364
0.6085 0.99392
0.6095 0.994335
0.6105 0.995002
0.6115 0.99608
0.6125 0.997027
0.6135 0.997706
0.6145 0.99837
0.6155 0.998979
0.6165 0.999712
0.6175 1.00041
0.6185 1.00089
0.6195 1.00129
0.6205 1.00162
0.6215 1.002
0.6225 1.00257
0.6235 1.00301
0.6245 1.00334
0.6255 1.00369
0.6265 1.00395
0.6275 1.0041
0.6285 1.00417
0.6295 1.00414
0.6305 1.00401
0.6315 1.00378
0.6325 1.0034
0.6335 1.00292
0.6345 1.00216
0.6355 1.00143
0.6365 1.00102
0.6375 1.00019
0.6385 0.999404
0.6395 0.998879
0.6405 0.998443
0.6415 0.998165
0.6425 0.997955
0.6435 0.997838
0.6445 0.99777
0.6455 0.997749
0.6465 0.997767
0.6475 0.997823
0.6485 0.997905
0.6495 0.998042
0.6505 0.998156
0.6515 0.998185
0.6525 0.998162
0.6535 0.998084
0.6545 0.997924
0.6555 0.997715
0.6565 0.997408
0.6575 0.997139
0.6585 0.997033
0.6595 0.996998
0.6605 0.997046
0.6615 0.99718
0.6625 0.997375
0.6635 0.997799
0.6645 0.99828
0.6655 0.998927
0.6665 0.999588
0.6675 1.00001
0.6685 1.00051
0.6695 1.00097
0.6705 1.00142
0.6715 1.00167
0.6725 1.00187
0.6735 1.00203
0.6745 1.00212
0.6755 1.00218
0.6765 1.00221
0.6775 1.00222
0.6785 1.00222
0.6795 1.0022
0.6805 1.00217
0.6815 1.00214
0.6825 1.0021
0.6835 1.00199
0.6845 1.00186
0.6855 1.00178
0.6865 1.00165
0.6875 1.00154
0.6885 1.00137
0.6895 1.00111
0.6905 1.00088
0.6915 1.00073
0.6925 1.00044
0.6935 1.00013
0.6945 0.99996
0.6955 0.999726
0.6965 0.999376
0.6975 0.998935
0.6985 0.998622
0.6995 0.998412
0.7005 0.998107
0.7015 0.997681
0.7025 0.997231
0.7035 0.996926
0.7045 0.996761
0.7055 0.996669
0.7065 0.996638
0.7075 0.996675
0.7085 0.996786
0.7095 0.996999
0.7105 0.997291
0.7115 0.997776
0.7125 0.998342
0.7135 0.998723
0.7145 0.999408
0.7155 0.999976
0.7165 1.00025
0.7175 1.00051
0.7185 1.00067
0.7195 1.00092
0.7205 1.00115
0.7215 1.00125
0.7225 1.00133
0.7235 1.00141
0.7245 1.00151
0.7255 1.00164
0.7265 1.00169
0.7275 1.00168
0.7285 1.00165
0.7295 1.00166
0.7305 1.0017
0.7315 1.00171
0.7325 1.00165
0.7335 1.00158
0.7345 1.00157
0.7355 1.00156
0.7365 1.00151
0.7375 1.00124
0.7385 1.00095
0.7395 1.0008
0.7405 1.00065
0.7415 1.0005
0.7425 1.00013
0.7435 0.999816
0.7445 0.999582
0.7455 0.999341
0.7465 0.998953
0.7475 0.998552
0.7485 0.99845
0.7495 0.998378
0.7505 0.998162
0.7515 0.9977
0.7525 0.997375
0.7535 0.997446
0.7545 0.997681
0.7555 0.997777
0.7565 0.997719
0.7575 0.997773
0.7585 0.998174
0.7595 0.998696
0.7605 0.998911
0.7615 0.998906
0.7625 0.998952
0.7635 0.999521
0.7645 1.0001
0.7655 0.999967
0.7665 0.999628
0.7675 0.999639
0.7685 1.0005
0.7695 1.00152
0.7705 1.00148
0.7715 1.00056
0.7725 0.999929
0.7735 1.00046
0.7745 1.00154
0.7755 1.00199
0.7765 1.00124
0.7775 1.00014
0.7785 0.999929
0.7795 1.00147
0.7805 1.00275
0.7815 1.00176
0.7825 1.00007
0.7835 0.999536
0.7845 1.00094
0.7855 1.00255
0.7865 1.00187
0.7875 0.999489
0.7885 0.998691
0.7895 1.00007
0.7905 1.0018
0.7915 1.00093
0.7925 0.998018
0.7935 0.996687
0.7945 0.995219
0.7955 0.983468
0.7965 0.952996
0.7975 0.888973
0.7985 0.803624
0.7995 0.762699
0.8005 0.735595
0.8015 0.694649
0.8025 0.609478
0.8035 0.545619
0.8045 0.515272
0.8055 0.503686
0.8065 0.502381
0.8075 0.501206
0.8085 0.498449
0.8095 0.497748
0.8105 0.499656
0.8115 0.501221
0.8125 0.500614
0.8135 0.498432
0.8145 0.4979
0.8155 0.499808
0.8165 0.501469
0.8175 0.501114
0.8185 0.499602
0.8195 0.498737
0.8205 0.500115
0.8215 0.501693
0.8225 0.501497
0.8235 0.500364
0.8245 0.499571
0.8255 0.499982
0.8265 0.501007
0.8275 0.501464
0.8285 0.500694
0.8295 0.499605
0.8305 0.499483
0.8315 0.500136
0.8325 0.500633
0.8335 0.500424
0.8345 0.499843
0.8355 0.499499
0.8365 0.499581
0.8375 0.499648
0.8385 0.499369
0.8395 0.498945
0.8405 0.49873
0.8415 0.49876
0.8425 0.498715
0.8435 0.498181
0.8445 0.497555
0.8455 0.497453
0.8465 0.497665
0.8475 0.497851
0.8485 0.497855
0.8495 0.497882
0.8505 0.498075
0.8515 0.498482
0.8525 0.498816
0.8535 0.499037
0.8545 0.499236
0.8555 0.499678
0.8565 0.500164
0.8575 0.500387
0.8585 0.500586
0.8595 0.500826
0.8605 0.501065
0.8615 0.501212
0.8625 0.501305
0.8635 0.501375
0.8645 0.501485
0.8655 0.501624
0.8665 0.501709
0.8675 0.501743
0.8685 0.501763
0.8695 0.50182
0.8705 0.501894
0.8715 0.50193
0.8725 0.501933
0.8735 0.501946
0.8745 0.502005
0.8755 0.502086
0.8765 0.502126
0.8775 0.502107
0.8785 0.502038
0.8795 0.501918
0.8805 0.501784
0.8815 0.501581
0.8825 0.501252
0.8835 0.500701
0.8845 0.500172
0.8855 0.49951
0.8865 0.498938
0.8875 0.498093
0.8885 0.49713
0.8895 0.496419
0.8905 0.495582
0.8915 0.495086
0.8925 0.494725
0.8935 0.494498
0.8945 0.494411
0.8955 0.494458
0.8965 0.49463
0.8975 0.494954
0.8985 0.49537
0.8995 0.495997
0.9005 0.496955
0.9015 0.497862
0.9025 0.498531
0.9035 0.499034
0.9045 0.49996
0.9055 0.500811
0.9065 0.501312
0.9075 0.501818
0.9085 0.502253
0.9095 0.502561
0.9105 0.50276
0.9115 0.50292
0.9125 0.503008
0.9135 0.503061
0.9145 0.50308
0.9155 0.503073
0.9165 0.503055
0.9175 0.503045
0.9185 0.503058
0.9195 0.503094
0.9205 0.503194
0.9215 0.503295
0.9225 0.503331
0.9235 0.503341
0.9245 0.503309
0.9255 0.503226
0.9265 0.503072
0.9275 0.502853
0.9285 0.502508
0.9295 0.502051
0.9305 0.501438
0.9315 0.500709
0.9325 0.499731
0.9335 0.498917
0.9345 0.498446
0.9355 0.497638
0.9365 0.49693
0.9375 0.4965
0.9385 0.496167
0.9395 0.495976
0.9405 0.495853
0.9415 0.495787
0.9425 0.495765
0.9435 0.49578
0.9445 0.495798
0.9455 0.495788
0.9465 0.495754
0.9475 0.495698
0.9485 0.495554
0.9495 0.495404
0.9505 0.495344
0.9515 0.495312
0.9525 0.495323
0.9535 0.495389
0.9545 0.495525
0.9555 0.495733
0.9565 0.496085
0.9575 0.496521
0.9585 0.497222
0.9595 0.498112
0.9605 0.498899
0.9615 0.499951
0.9625 0.50129
0.9635 0.50266
0.9645 0.504094
0.9655 0.505284
0.9665 0.506003
0.9675 0.506671
0.9685 0.50715
0.9695 0.507405
0.9705 0.507527
0.9715 0.507488
0.9725 0.507304
0.9735 0.506941
0.9745 0.506485
0.9755 0.505787
0.9765 0.504884
0.9775 0.503919
0.9785 0.50295
0.9795 0.502145
0.9805 0.501195
0.9815 0.500092
0.9825 0.49923
0.9835 0.497913
0.9845 0.496498
0.9855 0.4957
0.9865 0.494165
0.9875 0.492467
0.9885 0.489994
0.9895 0.487372
0.9905 0.485724
0.9915 0.484411
0.9925 0.483816
0.9935 0.483635
0.9945 0.483941
0.9955 0.484762
0.9965 0.48633
0.9975 0.488646
0.9985 0.491923
0.9995 0.496263

# time= 0.7497
0.0005 0.526544
0.0015 0.524861
0.0025 0.522729
0.0035 0.519348
0.0045 0.516393
0.0055 0.514905
0.0065 0.514095
0.0075 0.513811
0.0085 0.513161
0.0095 0.510876
0.0105 0.508942
0.0115 0.508753
0.0125 0.508933
0.0135 0.508346
0.0145 0.504902
0.0155 0.501858
0.0165 0.501713
0.0175 0.50224
0.0185 0.501953
0.0195 0.498731
0.0205 0.49599
0.0215 0.496392
0.0225 0.497602
0.0235 0.497449
0.0245 0.494643
0.0255 0.492598
0.0265 0.493675
0.0275 0.495561
0.0285 0.495282
0.0295 0.492787
0.0305 0.49126
0.0315 0.494892
0.0325 0.498538
0.0335 0.496321
0.0345 0.493241
0.0355 0.494415
0.0365 0.499492
0.0375 0.502768
0.0385 0.498853
0.0395 0.494127
0.0405 0.498058
0.0415 0.506711
0.0425 0.508499
0.0435 0.501105
0.0445 0.49497
0.0455 0.497011
0.0465 0.514089
0.0475 0.51356
0.0485 0.492856
0.0495 0.480422
0.0505 0.462061
0.0515 0.43203
0.0525 0.368318
0.0535 0.31243
0.0545 0.280734
0.0555 0.265034
0.0565 0.258137
0.0575 0.255436
0.0585 0.254324
0.0595 0.25375
0.0605 0.253479
0.0615 0.253111
0.0625 0.252667
0.0635 0.252017
0.0645 0.251414
0.0655 0.251036
0.0665 0.250578
0.0675 0.249868
0.0685 0.249145
0.0695 0.248517
0.0705 0.247994
0.0715 0.247676
0.0725 0.247374
0.0735 0.247192
0.0745 0.247071
0.0755 0.246988
0.0765 0.246942
0.0775 0.24692
0.0785 0.246921
0.0795 0.246946
0.0805 0.246994
0.0815 0.247065
0.0825 0.247132
0.0835 0.247214
0.0845 0.247316
0.0855 0.24741
0.0865 0.247515
0.0875 0.247674
0.0885 0.24786
0.0895 0.248059
0.0905 0.248386
0.0915 0.248706
0.0925 0.249138
0.0935 0.249717
0.0945 0.25046
0.0955 0.251098
0.0965 0.251494
0.0975 0.252112
0.0985 0.252854
0.0995 0.253425
0.1005 0.253876
0.1015 0.254162
0.1025 0.254364
0.1035 0.254491
0.1045 0.254544
0.1055 0.254519
0.1065 0.25442
0.1075 0.254244
0.1085 0.254015
0.1095 0.253577
0.1105 0.253016
0.1115 0.252509
0.1125 0.251695
0.1135 0.250811
0.1145 0.250117
0.1155 0.249355
0.1165 0.248897
0.1175 0.248521
0.1185 0.248204
0.1195 0.248042
0.1205 0.247919
0.1215 0.24785
0.1225 0.247826
0.1235 0.247845
0.1245 0.247904
0.1255 0.247998
0.1265 0.248185
0.1275 0.248414
0.1285 0.248753
0.1295 0.249084
0.1305 0.249244
0.1315 0.249543
0.1325 0.249813
0.1335 0.249971
0.1345 0.250095
0.1355 0.250158
0.1365 0.250192
0.1375 0.250195
0.1385 0.250171
0.1395 0.250115
0.1405 0.250037
0.1415 0.249867
0.1425 0.249691
0.1435 0.249585
0.1445 0.249503
0.1455 0.249468
0.1465 0.249462
0.1475 0.24949
0.1485 0.24955
0.1495 0.249667
0.1505 0.249821
0.1515 0.25011
0.1525 0.250433
0.1535 0.250606
0.1545 0.250952
0.1555 0.251274
0.1565 0.251446
0.1575 0.251577
0.1585 0.251641
0.1595 0.25166
0.1605 0.251635
0.1615 0.251566
0.1625 0.251428
0.1635 0.251244
0.1645 0.250895
0.1655 0.250517
0.1665 0.250331
0.1675 0.249983
0.1685 0.249619
0.1695 0.24936
0.1705 0.249105
0.1715 0.248898
0.1725 0.248719
0.1735 0.248588
0.1745 0.24848
0.1755 0.24842
0.1765 0.248383
0.1775 0.248375
0.1785 0.248396
0.1795 0.248448
0.1805 0.248537
0.1815 0.248673
0.1825 0.248881
0.1835 0.249126
0.1845 0.249559
0.1855 0.249981
0.1865 0.25022
0.1875 0.250735
0.1885 0.251291
0.1895 0.251571
0.1905 0.252064
0.1915 0.252508
0.1925 0.252772
0.1935 0.252986
0.1945 0.253107
0.1955 0.253176
0.1965 0.253191
0.1975 0.253151
0.1985 0.253057
0.1995 0.252873
0.2005 0.252626
0.2015 0.252176
0.2025 0.251659
0.2035 0.251374
0.2045 0.250883
0.2055 0.250354
0.2065 0.249937
0.2075 0.249527
0.2085 0.249289
0.2095 0.249028
0.2105 0.248813
0.2115 0.248685
0.2125 0.248553
0.2135 0.248465
0.2145 0.248413
0.2155 0.248363
0.2165 0.248307
0.2175 0.24826
0.2185 0.248223
0.2195 0.248174
0.2205 0.248126
0.2215 0.248097
0.2225 0.248081
0.2235 0.248082
0.2245 0.248104
0.2255 0.248153
0.2265 0.248239
0.2275 0.248349
0.2285 0.248563
0.2295 0.248825
0.2305 0.249159
0.2315 0.249585
0.2325 0.249916
0.2335 0.250294
0.2345 0.250574
0.2355 0.250785
0.2365 0.25115
0.2375 0.251562
0.2385 0.251874
0.2395 0.252188
0.2405 0.252531
0.2415 0.253204
0.2425 0.254979
0.2435 0.26015
0.2445 0.273656
0.2455 0.304921
0.2465 0.368258
0.2475 0.47999
0.2485 0.607412
0.2495 0.667521
0.2505 0.704348
0.2515 0.729363
0.2525 0.771085
0.2535 0.772613
0.2545 0.73887
0.2555 0.735291
0.2565 0.748127
0.2575 0.763576
0.2585 0.76087
0.2595 0.744693
0.2605 0.737884
0.2615 0.748452
0.2625 0.757621
0.2635 0.752212
0.2645 0.743312
0.2655 0.742081
0.2665 0.749224
0.2675 0.754379
0.2685 0.747742
0.2695 0.740746
0.2705 0.744036
0.2715 0.749295
0.2725 0.749757
0.2735 0.745724
0.2745 0.743068
0.2755 0.746351
0.2765 0.750911
0.2775 0.750179
0.2785 0.746729
0.2795 0.745017
0.2805 0.74848
0.2815 0.752858
0.2825 0.752461
0.2835 0.750112
0.2845 0.749064
0.2855 0.751839
0.2865 0.755288
0.2875 0.755117
0.2885 0.753419
0.2895 0.752662
0.2905 0.753991
0.2915 0.756001
0.2925 0.756725
0.2935 0.755138
0.2945 0.753476
0.2955 0.753386
0.2965 0.753698
0.2975 0.753488
0.2985 0.751549
0.2995 0.74917
0.3005 0.748312
0.3015 0.748007
0.3025 0.747666
0.3035 0.746617
0.3045 0.745451
0.3055 0.745277
0.3065 0.746123
0.3075 0.746824
0.3085 0.746514
0.3095 0.745885
0.3105 0.745745
0.3115 0.746573
0.3125 0.747676
0.3135 0.74804
0.3145 0.748028
0.3155 0.748349
0.3165 0.749712
0.3175 0.751298
0.3185 0.751309
0.3195 0.749798
0.3205 0.748815
0.3215 0.749964
0.3225 0.752146
0.3235 0.753042
0.3245 0.751326
0.3255 0.750096
0.3265 0.751919
0.3275 0.754355
0.3285 0.75398
0.3295 0.751215
0.3305 0.74949
0.3315 0.752936
0.3325 0.755961
0.3335 0.752995
0.3345 0.748942
0.3355 0.749084
0.3365 0.753032
0.3375 0.755257
0.3385 0.749996
0.3395 0.744059
0.3405 0.746914
0.3415 0.754442
0.3425 0.755356
0.3435 0.747283
0.3445 0.740589
0.3455 0.742151
0.3465 0.758837
0.3475 0.75784
0.3485 0.736742
0.3495 0.724086
0.3505 0.705541
0.3515 0.675394
0.3525 0.611621
0.3535 0.555732
0.3545 0.524085
0.3555 0.50852
0.3565 0.501867
0.3575 0.499406
0.3585 0.498651
0.3595 0.49852
0.3605 0.498556
0.3615 0.498664
0.3625 0.498831
0.3635 0.498976
0.3645 0.499159
0.3655 0.499493
0.3665 0.499841
0.3675 0.500055
0.3685 0.500269
0.3695 0.500469
0.3705 0.500572
0.3715 0.500665
0.3725 0.50076
0.3735 0.500842
0.3745 0.500925
0.3755 0.501007
0.3765 0.501117
0.3775 0.501217
0.3785 0.501277
0.3795 0.50132
0.3805 0.501339
0.3815 0.501336
0.3825 0.501314
0.3835 0.501281
0.3845 0.501216
0.3855 0.501152
0.3865 0.501067
0.3875 0.500977
0.3885 0.500921
0.3895 0.500852
0.3905 0.500745
0.3915 0.500589
0.3925 0.500445
0.3935 0.500352
0.3945 0.500208
0.3955 0.500022
0.3965 0.499841
0.3975 0.499592
0.3985 0.499374
0.3995 0.499231
0.4005 0.499105
0.4015 0.498887
0.4025 0.498686
0.4035 0.4986
0.4045 0.49854
0.4055 0.498511
0.4065 0.498508
0.4075 0.498531
0.4085 0.498583
0.4095 0.498657
0.4105 0.498771
0.4115 0.498955
0.4125 0.499136
0.4135 0.499341
0.4145 0.499599
0.4155 0.49985
0.4165 0.500046
0.4175 0.500179
0.4185 0.500318
0.4195 0.500439
0.4205 0.500542
0.4215 0.500641
0.4225 0.500693
0.4235 0.500735
0.4245 0.500761
0.4255 0.500772
0.4265 0.500766
0.4275 0.500745
0.4285 0.500709
0.4295 0.500615
0.4305 0.500522
0.4315 0.500485
0.4325 0.500463
0.4335 0.500453
0.4345 0.500455
0.4355 0.500474
0.4365 0.500495
0.4375 0.500498
0.4385 0.500494
0.4395 0.500478
0.4405 0.500452
0.4415 0.500398
0.4425 0.500332
0.4435 0.50023
0.4445 0.500122
0.4455 0.50005
0.4465 0.49999
0.4475 0.499955
0.4485 0.499929
0.4495 0.499914
0.4505 0.499905
0.4515 0.4999
0.4525 0.499896
0.4535 0.499892
0.4545 0.499887
0.4555 0.499879
0.4565 0.499862
0.4575 0.499842
0.4585 0.499811
0.4595 0.499775
0.4605 0.499748
0.4615 0.499719
0.4625 0.499674
0.4635 0.499622
0.4645 0.499583
0.4655 0.49955
0.4665 0.499525
0.4675 0.499502
0.4685 0.499488
0.4695 0.499473
0.4705 0.49946
0.4715 0.499443
0.4725 0.499426
0.4735 0.499401
0.4745 0.499376
0.4755 0.499366
0.4765 0.499363
0.4775 0.499369
0.4785 0.499388
0.4795 0.499422
0.4805 0.499482
0.4815 0.499564
0.4825 0.499695
0.4835 0.499855
0.4845 0.500092
0.4855 0.500339
0.4865 0.500464
0.4875 0.500709
0.4885 0.500936
0.4895 0.501077
0.4905 0.50119
0.4915 0.501248
0.4925 0.501283
0.4935 0.501296
0.4945 0.501289
0.4955 0.501263
0.4965 0.501222
0.4975 0.501124
0.4985 0.50101
0.4995 0.50092
0.5005 0.500822
0.5015 0.500686
0.5025 0.500524
0.5035 0.500428
0.5045 0.500253
0.5055 0.500088
0.5065 0.500004
0.5075 0.499846
0.5085 0.499683
0.5095 0.499556
0.5105 0.499453
0.5115 0.499388
0.5125 0.499299
0.5135 0.499235
0.5145 0.499183
0.5155 0.499131
0.5165 0.499068
0.5175 0.499018
0.5185 0.498983
0.5195 0.498944
0.5205 0.498912
0.5215 0.498871
0.5225 0.49884
0.5235 0.498831
0.5245 0.498835
0.5255 0.498855
0.5265 0.498891
0.5275 0.498955
0.5285 0.499049
0.5295 0.499171
0.5305 0.499353
0.5315 0.499588
0.5325 0.499883
0.5335 0.500146
0.5345 0.50031
0.5355 0.500427
0.5365 0.500631
0.5375 0.500834
0.5385 0.500966
0.5395 0.501066
0.5405 0.501078
0.5415 0.500963
0.5425 0.50025
0.5435 0.497799
0.5445 0.491186
0.5455 0.475675
0.5465 0.444101
0.5475 0.388305
0.5485 0.324637
0.5495 0.294598
0.5505 0.276177
0.5515 0.263646
0.5525 0.242717
0.5535 0.241826
0.5545 0.258473
0.5555 0.259983
0.5565 0.253248
0.5575 0.245157
0.5585 0.24608
0.5595 0.253605
0.5605 0.256442
0.5615 0.250491
0.5625 0.245269
0.5635 0.247536
0.5645 0.251427
0.5655 0.251432
0.5665 0.247317
0.5675 0.244354
0.5685 0.247282
0.5695 0.250566
0.5705 0.248707
0.5715 0.24588
0.5725 0.245705
0.5735 0.247858
0.5745 0.249368
0.5755 0.24802
0.5765 0.246147
0.5775 0.246927
0.5785 0.249081
0.5795 0.250393
0.5805 0.249662
0.5815 0.248573
0.5825 0.249294
0.5835 0.251019
0.5845 0.252094
0.5855 0.25184
0.5865 0.251359
0.5875 0.251943
0.5885 0.253232
0.5895 0.25397
0.5905 0.253669
0.5915 0.253025
0.5925 0.25293
0.5935 0.253374
0.5945 0.25363
0.5955 0.253296
0.5965 0.252413
0.5975 0.251705
0.5985 0.251209
0.5995 0.250652
0.6005 0.249746
0.6015 0.248568
0.6025 0.247821
0.6035 0.247319
0.6045 0.246989
0.6055 0.246414
0.6065 0.24586
0.6075 0.245794
0.6085 0.246051
0.6095 0.246405
0.6105 0.246653
0.6115 0.246892
0.6125 0.247126
0.6135 0.247598
0.6145 0.248064
0.6155 0.248369
0.6165 0.248823
0.6175 0.249343
0.6185 0.250116
0.6195 0.250828
0.6205 0.251288
0.6215 0.25172
0.6225 0.25221
0.6235 0.252538
0.6245 0.252733
0.6255 0.252905
0.6265 0.253007
0.6275 0.25303
0.6285 0.252981
0.6295 0.252872
0.6305 0.252665
0.6315 0.252366
0.6325 0.25209
0.6335 0.251787
0.6345 0.251516
0.6355 0.251054
0.6365 0.250519
0.6375 0.250221
0.6385 0.249988
0.6395 0.249824
0.6405 0.249676
0.6415 0.249527
0.6425 0.249421
0.6435 0.249223
0.6445 0.249028
0.6455 0.248923
0.6465 0.248754
0.6475 0.248546
0.6485 0.248089
0.6495 0.247623
0.6505 0.247487
0.6515 0.247461
0.6525 0.247518
0.6535 0.247689
0.6545 0.247838
0.6555 0.247873
0.6565 0.24784
0.6575 0.247743
0.6585 0.247674
0.6595 0.247697
0.6605 0.247905
0.6615 0.24812
0.6625 0.248241
0.6635 0.248416
0.6645 0.248616
0.6655 0.249087
0.6665 0.249524
0.6675 0.249747
0.6685 0.250002
0.6695 0.250231
0.6705 0.250654
0.6715 0.251052
0.6725 0.251217
0.6735 0.251365
0.6745 0.251518
0.6755 0.251796
0.6765 0.252057
0.6775 0.25215
0.6785 0.25217
0.6795 0.252085
0.6805 0.251886
0.6815 0.251326
0.6825 0.250752
0.6835 0.250683
0.6845 0.251011
0.6855 0.251425
0.6865 0.251494
0.6875 0.251435
0.6885 0.251429
0.6895 0.251476
0.6905 0.251413
0.6915 0.250996
0.6925 0.250506
0.6935 0.250372
0.6945 0.250359
0.6955 0.250231
0.6965 0.249453
0.6975 0.248742
0.6985 0.248778
0.6995 0.248976
0.7005 0.248903
0.7015 0.24781
0.7025 0.246855
0.7035 0.247162
0.7045 0.247826
0.7055 0.247949
0.7065 0.246942
0.7075 0.245728
0.7085 0.246058
0.7095 0.248295
0.7105 0.249919
0.7115 0.249132
0.7125 0.24731
0.7135 0.24691
0.7145 0.249903
0.7155 0.252266
0.7165 0.250986
0.7175 0.248389
0.7185 0.24767
0.7195 0.251354
0.7205 0.254192
0.7215 0.252197
0.7225 0.248524
0.7235 0.247592
0.7245 0.251929
0.7255 0.255044
0.7265 0.2523
0.7275 0.248183
0.7285 0.248571
0.7295 0.253918
0.7305 0.257325
0.7315 0.250465
0.7325 0.244003
0.7335 0.24934
0.7345 0.256806
0.7355 0.255976
0.7365 0.247378
0.7375 0.242153
0.7385 0.251705
0.7395 0.262738
0.7405 0.256295
0.7415 0.240418
0.7425 0.237855
0.7435 0.253417
0.7445 0.266413
0.7455 0.262983
0.7465 0.229319
0.7475 0.230799
0.7485 0.272359
0.7495 0.297262
0.7505 0.333991
0.7515 0.394027
0.7525 0.521394
0.7535 0.633085
0.7545 0.696391
0.7555 0.727621
0.7565 0.741094
0.7575 0.746184
0.7585 0.747918
0.7595 0.748515
0.7605 0.748835
0.7615 0.749064
0.7625 0.749177
0.7635 0.749343
0.7645 0.749576
0.7655 0.749768
0.7665 0.749904
0.7675 0.750011
0.7685 0.750144
0.7695 0.750247
0.7705 0.750337
0.7715 0.750407
0.7725 0.750505
0.7735 0.750601
0.7745 0.750674
0.7755 0.750751
0.7765 0.750795
0.7775 0.75083
0.7785 0.750852
0.7795 0.750863
0.7805 0.750865
0.7815 0.750858
0.7825 0.75084
0.7835 0.750806
0.7845 0.750759
0.7855 0.750686
0.7865 0.750597
0.7875 0.750464
0.7885 0.750327
0.7895 0.750247
0.7905 0.750147
0.7915 0.749969
0.7925 0.749815
0.7935 0.749708
0.7945 0.749573
0.7955 0.749491
0.7965 0.749427
0.7975 0.749373
0.7985 0.749345
0.7995 0.749324
0.8005 0.749313
0.8015 0.74931
0.8025 0.749314
0.8035 0.749325
0.8045 0.749341
0.8055 0.749376
0.8065 0.749415
0.8075 0.749435
0.8085 0.749467
0.8095 0.749517
0.8105 0.749555
0.8115 0.749608
0.8125 0.749683
0.8135 0.749741
0.8145 0.74983
0.8155 0.749928
0.8165 0.750051
0.8175 0.75016
0.8185 0.75022
0.8195 0.750339
0.8205 0.750449
0.8215 0.750522
0.8225 0.750582
0.8235 0.750612
0.8245 0.750629
0.8255 0.750634
0.8265 0.750626
0.8275 0.750604
0.8285 0.750569
0.8295 0.750501
0.8305 0.750416
0.8315 0.75028
0.8325 0.750132
0.8335 0.750033
0.8345 0.749917
0.8355 0.749757
0.8365 0.749509
0.8375 0.749296
0.8385 0.749139
0.8395 0.748896
0.8405 0.748612
0.8415 0.748199
0.8425 0.747198
0.8435 0.744588
0.8445 0.7378
0.8455 0.722133
0.8465 0.690458
0.8475 0.634598
0.8485 0.570912
0.8495 0.540906
0.8505 0.522574
0.8515 0.510171
0.8525 0.489504
0.8535 0.488956
0.8545 0.50594
0.8555 0.507807
0.8565 0.50145
0.8575 0.493827
0.8585 0.495266
0.8595 0.503339
0.8605 0.506663
0.8615 0.501267
0.8625 0.496601
0.8635 0.499283
0.8645 0.503653
0.8655 0.504137
0.8665 0.500474
0.8675 0.497875
0.8685 0.501229
0.8695 0.504779
0.8705 0.503198
0.8715 0.500659
0.8725 0.500533
0.8735 0.50264
0.8745 0.504037
0.8755 0.502512
0.8765 0.500357
0.8775 0.500777
0.8785 0.502562
0.8795 0.503465
0.8805 0.501821
0.8815 0.499704
0.8825 0.499876
0.8835 0.500972
0.8845 0.501369
0.8855 0.499605
0.8865 0.497463
0.8875 0.497355
0.8885 0.497989
0.8895 0.498145
0.8905 0.496794
0.8915 0.495133
0.8925 0.494878
0.8935 0.495425
0.8945 0.495894
0.8955 0.49583
0.8965 0.495537
0.8975 0.495475
0.8985 0.496259
0.8995 0.497192
0.9005 0.497461
0.9015 0.497629
0.9025 0.497902
0.9035 0.498865
0.9045 0.499849
0.9055 0.500235
0.9065 0.500585
0.9075 0.500945
0.9085 0.501507
0.9095 0.502009
0.9105 0.502207
0.9115 0.50233
0.9125 0.502474
0.9135 0.502604
0.9145 0.502623
0.9155 0.502523
0.9165 0.502454
0.9175 0.502534
0.9185 0.502858
0.9195 0.503158
0.9205 0.503263
0.9215 0.503287
0.9225 0.503236
0.9235 0.503137
0.9245 0.502888
0.9255 0.502611
0.9265 0.502446
0.9275 0.502171
0.9285 0.501926
0.9295 0.501472
0.9305 0.500952
0.9315 0.500664
0.9325 0.500224
0.9335 0.499818
0.9345 0.499103
0.9355 0.498388
0.9365 0.497953
0.9375 0.497504
0.9385 0.497216
0.9395 0.496627
0.9405 0.496048
0.9415 0.495853
0.9425 0.495766
0.9435 0.495764
0.9445 0.49583
0.9455 0.495912
0.9465 0.49595
0.9475 0.495951
0.9485 0.495909
0.9495 0.495763
0.9505 0.495608
0.9515 0.495579
0.9525 0.495632
0.9535 0.495786
0.9545 0.49601
0.9555 0.496471
0.9565 0.497051
0.9575 0.497794
0.9585 0.498492
0.9595 0.498974
0.9605 0.499595
0.9615 0.500438
0.9625 0.50117
0.9635 0.50219
0.9645 0.503086
0.9655 0.503667
0.9665 0.504429
0.9675 0.505107
0.9685 0.505516
0.9695 0.505757
0.9705 0.505871
0.9715 0.505919
0.9725 0.505908
0.9735 0.505797
0.9745 0.505535
0.9755 0.504692
0.9765 0.503739
0.9775 0.503182
0.9785 0.502365
0.9795 0.501269
0.9805 0.500508
0.9815 0.499995
0.9825 0.499037
0.9835 0.497935
0.9845 0.496201
0.9855 0.494415
0.9865 0.49335
0.9875 0.491917
0.9885 0.490781
0.9895 0.490192
0.9905 0.490076
0.9915 0.490714
0.9925 0.492195
0.9935 0.494657
0.9945 0.499265
0.9955 0.505122
0.9965 0.514252
0.9975 0.522856
0.9985 0.526102
0.9995 0.527535

# time= 0.9996
0.0005 0.563951
0.0015 0.658835
0.0025 0.814091
0.0035 0.914706
0.0045 0.933142
0.0055 0.965407
0.0065 1.00117
0.0075 1.02629
0.0085 1.02183
0.0095 1.00097
0.0105 0.995689
0.0115 1.01073
0.0125 1.02114
0.0135 1.0122
0.0145 0.99715
0.0155 0.996583
0.0165 1.00599
0.0175 1.012
0.0185 1.00385
0.0195 0.992808
0.0205 0.993964
0.0215 1.00062
0.0225 1.00422
0.0235 0.99725
0.0245 0.989835
0.0255 0.99202
0.0265 0.997194
0.0275 0.999898
0.0285 0.995371
0.0295 0.990815
0.0305 0.992607
0.0315 0.996467
0.0325 0.998669
0.0335 0.996375
0.0345 0.994017
0.0355 0.995576
0.0365 0.998604
0.0375 1.00052
0.0385 0.99948
0.0395 0.998135
0.0405 0.99934
0.0415 1.00154
0.0425 1.0029
0.0435 1.00228
0.0445 1.00135
0.0455 1.00204
0.0465 1.00341
0.0475 1.00425
0.0485 1.00385
0.0495 1.00323
0.0505 1.00353
0.0515 1.00414
0.0525 1.00442
0.0535 1.00403
0.0545 1.00367
0.0555 1.00383
0.0565 1.00411
0.0575 1.00412
0.0585 1.00364
0.0595 1.00323
0.0605 1.00323
0.0615 1.00336
0.0625 1.00333
0.0635 1.00282
0.0645 1.00225
0.0655 1.00182
0.0665 1.00133
0.0675 1.00067
0.0685 0.999927
0.0695 0.99954
0.0705 0.999168
0.0715 0.99879
0.0725 0.998
0.0735 0.997193
0.0745 0.997015
0.0755 0.997024
0.0765 0.997043
0.0775 0.996962
0.0785 0.996854
0.0795 0.996841
0.0805 0.997031
0.0815 0.997237
0.0825 0.997302
0.0835 0.997352
0.0845 0.99743
0.0855 0.997681
0.0865 0.997919
0.0875 0.998047
0.0885 0.998201
0.0895 0.998355
0.0905 0.998735
0.0915 0.999163
0.0925 0.999368
0.0935 0.999726
0.0945 1.00009
0.0955 1.0006
0.0965 1.00117
0.0975 1.00146
0.0985 1.00198
0.0995 1.00242
0.1005 1.00272
0.1015 1.00301
0.1025 1.00315
0.1035 1.00327
0.1045 1.00334
0.1055 1.00336
0.1065 1.00333
0.1075 1.00325
0.1085 1.00314
0.1095 1.00295
0.1105 1.00272
0.1115 1.00252
0.1125 1.00225
0.1135 1.00194
0.1145 1.00149
0.1155 1.00089
0.1165 1.00041
0.1175 0.999883
0.1185 0.99946
0.1195 0.999016
0.1205 0.998577
0.1215 0.998269
0.1225 0.998094
0.1235 0.997982
0.1245 0.997966
0.1255 0.99803
0.1265 0.998139
0.1275 0.998317
0.1285 0.9986
0.1295 0.998863
0.1305 0.999167
0.1315 0.999389
0.1325 0.999569
0.1335 0.999711
0.1345 0.999788
0.1355 0.999834
0.1365 0.999845
0.1375 0.999829
0.1385 0.999797
0.1395 0.999717
0.1405 0.999639
0.1415 0.999605
0.1425 0.999583
0.1435 0.999579
0.1445 0.999593
0.1455 0.999629
0.1465 0.999682
0.1475 0.999756
0.1485 0.99986
0.1495 0.999955
0.1505 1.00006
0.1515 1.00013
0.1525 1.00019
0.1535 1.00027
0.1545 1.00038
0.1555 1.00052
0.1565 1.00065
0.1575 1.00085
0.1585 1.00105
0.1595 1.00114
0.1605 1.00121
0.1615 1.00124
0.1625 1.00123
0.1635 1.00119
0.1645 1.00111
0.1655 1.00096
0.1665 1.00076
0.1675 1.00041
0.1685 1.00001
0.1695 0.999792
0.1705 0.999428
0.1715 0.999034
0.1725 0.998774
0.1735 0.998574
0.1745 0.998453
0.1755 0.998384
0.1765 0.998375
0.1775 0.998429
0.1785 0.998543
0.1795 0.998693
0.1805 0.998972
0.1815 0.999282
0.1825 0.999538
0.1835 0.999801
0.1845 1.00022
0.1855 1.00062
0.1865 1.00087
0.1875 1.0012
0.1885 1.00143
0.1895 1.00163
0.1905 1.00185
0.1915 1.00205
0.1925 1.00218
0.1935 1.00226
0.1945 1.00231
0.1955 1.00232
0.1965 1.0023
0.1975 1.00223
0.1985 1.00214
0.1995 1.00197
0.2005 1.00176
0.2015 1.00145
0.2025 1.00109
0.2035 1.00087
0.2045 1.0005
0.2055 1.00013
0.2065 0.999859
0.2075 0.999628
0.2085 0.999494
0.2095 0.999284
0.2105 0.999114
0.2115 0.99905
0.2125 0.999018
0.2135 0.998981
0.2145 0.998907
0.2155 0.998805
0.2165 0.99872
0.2175 0.998629
0.2185 0.99854
0.2195 0.998347
0.2205 0.998149
0.2215 0.998101
0.2225 0.998104
0.2235 0.998109
0.2245 0.998053
0.2255 0.998023
0.2265 0.998125
0.2275 0.998572
0.2285 0.999011
0.2295 0.999226
0.2305 0.999457
0.2315 0.999692
0.2325 1.00014
0.2335 1.00058
0.2345 1.0009
0.2355 1.00121
0.2365 1.00161
0.2375 1.00196
0.2385 1.00206
0.2395 1.00209
0.2405 1.00215
0.2415 1.00246
0.2425 1.00278
0.2435 1.00276
0.2445 1.00261
0.2455 1.00252
0.2465 1.00268
0.2475 1.00285
0.2485 1.00267
0.2495 1.00233
0.2505 1.00214
0.2515 1.00235
0.2525 1.00244
0.2535 1.00197
0.2545 1.00122
0.2555 1.00081
0.2565 1.00116
0.2575 1.00136
0.2585 1.00063
0.2595 0.999491
0.2605 0.998856
0.2615 0.999482
0.2625 1
0.2635 0.999071
0.2645 0.997587
0.2655 0.996826
0.2665 0.998026
0.2675 0.999153
0.2685 0.998004
0.2695 0.99602
0.2705 0.995083
0.2715 0.997295
0.2725 0.999513
0.2735 0.998158
0.2745 0.995573
0.2755 0.994481
0.2765 0.998196
0.2775 1.0017
0.2785 0.99993
0.2795 0.996639
0.2805 0.996101
0.2815 1.00167
0.2825 1.00578
0.2835 1.0028
0.2845 0.998097
0.2855 0.99836
0.2865 1.00562
0.2875 1.00982
0.2885 1.00429
0.2895 0.996253
0.2905 0.998453
0.2915 1.00832
0.2925 1.00995
0.2935 0.996597
0.2945 0.977949
0.2955 0.960789
0.2965 0.950767
0.2975 0.899757
0.2985 0.821022
0.2995 0.772474
0.3005 0.727101
0.3015 0.678552
0.3025 0.599948
0.3035 0.549311
0.3045 0.539466
0.3055 0.522428
0.3065 0.503913
0.3075 0.490663
0.3085 0.492311
0.3095 0.502216
0.3105 0.5045
0.3115 0.49638
0.3125 0.490796
0.3135 0.494965
0.3145 0.50216
0.3155 0.502388
0.3165 0.497566
0.3175 0.494445
0.3185 0.498342
0.3195 0.503674
0.3205 0.502961
0.3215 0.499482
0.3225 0.497554
0.3235 0.500875
0.3245 0.504525
0.3255 0.503432
0.3265 0.500856
0.3275 0.499522
0.3285 0.501839
0.3295 0.50418
0.3305 0.503321
0.3315 0.501437
0.3325 0.50039
0.3335 0.501657
0.3345 0.502956
0.3355 0.50223
0.3365 0.500761
0.3375 0.499836
0.3385 0.5004
0.3395 0.501115
0.3405 0.500541
0.3415 0.499475
0.3425 0.498826
0.3435 0.499203
0.3445 0.499739
0.3455 0.499423
0.3465 0.498778
0.3475 0.498385
0.3485 0.498639
0.3495 0.498993
0.3505 0.498848
0.3515 0.498556
0.3525 0.498424
0.3535 0.498608
0.3545 0.498774
0.3555 0.498688
0.3565 0.498534
0.3575 0.498517
0.3585 0.498677
0.3595 0.498797
0.3605 0.498736
0.3615 0.498594
0.3625 0.498529
0.3635 0.498677
0.3645 0.498873
0.3655 0.498996
0.3665 0.499148
0.3675 0.499382
0.3685 0.49966
0.3695 0.499808
0.3705 0.49994
0.3715 0.500091
0.3725 0.500451
0.3735 0.50083
0.3745 0.500928
0.3755 0.50096
0.3765 0.501002
0.3775 0.501136
0.3785 0.5013
0.3795 0.501371
0.3805 0.501388
0.3815 0.501397
0.3825 0.50145
0.3835 0.501509
0.3845 0.501501
0.3855 0.501376
0.3865 0.501212
0.3875 0.501119
0.3885 0.500972
0.3895 0.500832
0.3905 0.500643
0.3915 0.500462
0.3925 0.500359
0.3935 0.500231
0.3945 0.500134
0.3955 0.499958
0.3965 0.499776
0.3975 0.499665
0.3985 0.499523
0.3995 0.499389
0.4005 0.499272
0.4015 0.499194
0.4025 0.499108
0.4035 0.49905
0.4045 0.499019
0.4055 0.498987
0.4065 0.498958
0.4075 0.498939
0.4085 0.498921
0.4095 0.498903
0.4105 0.498893
0.4115 0.498902
0.4125 0.498937
0.4135 0.499001
0.4145 0.499096
0.4155 0.499225
0.4165 0.499406
0.4175 0.499572
0.4185 0.499733
0.4195 0.499874
0.4205 0.500119
0.4215 0.500381
0.4225 0.500513
0.4235 0.500612
0.4245 0.500664
0.4255 0.500701
0.4265 0.500731
0.4275 0.500759
0.4285 0.500784
0.4295 0.500818
0.4305 0.50085
0.4315 0.500898
0.4325 0.500942
0.4335 0.500952
0.4345 0.500947
0.4355 0.500927
0.4365 0.500896
0.4375 0.500831
0.4385 0.500747
0.4395 0.500657
0.4405 0.500533
0.4415 0.500418
0.4425 0.500254
0.4435 0.500048
0.4445 0.499779
0.4455 0.499562
0.4465 0.499505
0.4475 0.499521
0.4485 0.499606
0.4495 0.499745
0.4505 0.500068
0.4515 0.500356
0.4525 0.500451
0.4535 0.500476
0.4545 0.500429
0.4555 0.50024
0.4565 0.500002
0.4575 0.499831
0.4585 0.499695
0.4595 0.499604
0.4605 0.499469
0.4615 0.49934
0.4625 0.499267
0.4635 0.4992
0.4645 0.499151
0.4655 0.499127
0.4665 0.499117
0.4675 0.499126
0.4685 0.499167
0.4695 0.499216
0.4705 0.499256
0.4715 0.499293
0.4725 0.499317
0.4735 0.499341
0.4745 0.499371
0.4755 0.499405
0.4765 0.499448
0.4775 0.499533
0.4785 0.499647
0.4795 0.499881
0.4805 0.500099
0.4815 0.500226
0.4825 0.500365
0.4835 0.500513
0.4845 0.500674
0.4855 0.500788
0.4865 0.50087
0.4875 0.500924
0.4885 0.500953
0.4895 0.500959
0.4905 0.500944
0.4915 0.500923
0.4925 0.500907
0.4935 0.500893
0.4945 0.500874
0.4955 0.500855
0.4965 0.50084
0.4975 0.500818
0.4985 0.500781
0.4995 0.500725
0.5005 0.500637
0.5015 0.500555
0.5025 0.500456
0.5035 0.500375
0.5045 0.50024
0.5055 0.5001
0.5065 0.500023
0.5075 0.49991
0.5085 0.499816
0.5095 0.499652
0.5105 0.499467
0.5115 0.499329
0.5125 0.499182
0.5135 0.499087
0.5145 0.498915
0.5155 0.498779
0.5165 0.498761
0.5175 0.498783
0.5185 0.4988
0.5195 0.498781
0.5205 0.498765
0.5215 0.498808
0.5225 0.498903
0.5235 0.498974
0.5245 0.498982
0.5255 0.498983
0.5265 0.499055
0.5275 0.499398
0.5285 0.499732
0.5295 0.499871
0.5305 0.499995
0.5315 0.500137
0.5325 0.500398
0.5335 0.500617
0.5345 0.500755
0.5355 0.500863
0.5365 0.501043
0.5375 0.501171
0.5385 0.5011
0.5395 0.500955
0.5405 0.500899
0.5415 0.501026
0.5425 0.501205
0.5435 0.501229
0.5445 0.501127
0.5455 0.50109
0.5465 0.501348
0.5475 0.501625
0.5485 0.501534
0.5495 0.501288
0.5505 0.501185
0.5515 0.501622
0.5525 0.501958
0.5535 0.501604
0.5545 0.500998
0.5555 0.500722
0.5565 0.501312
0.5575 0.50173
0.5585 0.501091
0.5595 0.500021
0.5605 0.499435
0.5615 0.500122
0.5625 0.500635
0.5635 0.499667
0.5645 0.498144
0.5655 0.497365
0.5665 0.498561
0.5675 0.499726
0.5685 0.498629
0.5695 0.496697
0.5705 0.495795
0.5715 0.498064
0.5725 0.5003
0.5735 0.49891
0.5745 0.496268
0.5755 0.495114
0.5765 0.498685
0.5775 0.501989
0.5785 0.500097
0.5795 0.496696
0.5805 0.496085
0.5815 0.501465
0.5825 0.505389
0.5835 0.502311
0.5845 0.497488
0.5855 0.497673
0.5865 0.504802
0.5875 0.508923
0.5885 0.503268
0.5895 0.495061
0.5905 0.497322
0.5915 0.507195
0.5925 0.50881
0.5935 0.495558
0.5945 0.477037
0.5955 0.459993
0.5965 0.450175
0.5975 0.399389
0.5985 0.321147
0.5995 0.272811
0.6005 0.227127
0.6015 0.178759
0.6025 0.100333
0.6035 0.0496083
0.6045 0.0397475
0.6055 0.0226549
0.6065 0.00411417
0.6075 -0.00915641
0.6085 -0.00753754
0.6095 0.00233879
0.6105 0.0046144
0.6115 -0.00357608
0.6125 -0.00923239
0.6135 -0.00510906
0.6145 0.00200445
0.6155 0.002148
0.6165 -0.00264811
0.6175 -0.00565595
0.6185 -0.00158904
0.6195 0.00394284
0.6205 0.0034102
0.6215 8.02654e-05
0.6225 -0.00176276
0.6235 0.00159496
0.6245 0.00519168
0.6255 0.00404508
0.6265 0.00140909
0.6275 1.77029e-05
0.6285 0.0022176
0.6295 0.00443195
0.6305 0.00349595
0.6315 0.00151778
0.6325 0.000376654
0.6335 0.00150496
0.6345 0.00269798
0.6355 0.00193466
0.6365 0.000454166
0.6375 -0.000453404
0.6385 0.000179852
0.6395 0.000968365
0.6405 0.000431358
0.6415 -0.000599084
0.6425 -0.00123832
0.6435 -0.000852242
0.6445 -0.000333235
0.6455 -0.000685414
0.6465 -0.00136524
0.6475 -0.00179722
0.6485 -0.0016446
0.6495 -0.00139433
0.6505 -0.00158316
0.6515 -0.0019196
0.6525 -0.00208941
0.6535 -0.00194728
0.6545 -0.00181557
0.6555 -0.00192448
0.6565 -0.00210031
0.6575 -0.00213713
0.6585 -0.00197109
0.6595 -0.00183885
0.6605 -0.00188837
0.6615 -0.00200765
0.6625 -0.00204008
0.6635 -0.0018146
0.6645 -0.00152964
0.6655 -0.00133156
0.6665 -0.00108503
0.6675 -0.000703072
0.6685 -0.000293246
0.6695 -4.95359e-05
0.6705 0.000206622
0.6715 0.000444842
0.6725 0.00093937
0.6735 0.00144481
0.6745 0.00157015
0.6755 0.00159241
0.6765 0.00159958
0.6775 0.00166792
0.6785 0.00174856
0.6795 0.00175728
0.6805 0.00166495
0.6815 0.00156619
0.6825 0.00153634
0.6835 0.00151518
0.6845 0.00148208
0.6855 0.00137411
0.6865 0.00127275
0.6875 0.00121967
0.6885 0.0011649
0.6895 0.00110283
0.6905 0.000917283
0.6915 0.000711045
0.6925 0.000611604
0.6935 0.00042725
0.6945 0.000217791
0.6955 -6.01762e-05
0.6965 -0.000387984
0.6975 -0.000578439
0.6985 -0.000872982
0.6995 -0.00117897
0.7005 -0.00139816
0.7015 -0.00165092
0.7025 -0.00183735
0.7035 -0.00195229
0.7045 -0.00204548
0.7055 -0.00210152
0.7065 -0.00212456
0.7075 -0.00211564
0.7085 -0.00207895
0.7095 -0.00202422
0.7105 -0.00194094
0.7115 -0.00179994
0.7125 -0.00167603
0.7135 -0.00151297
0.7145 -0.0012749
0.7155 -0.000934702
0.7165 -0.000609059
0.7175 -0.000370928
0.7185 -8.1117e-05
0.7195 0.000203395
0.7205 0.000415315
0.7215 0.000720122
0.7225 0.000962261
0.7235 0.00112336
0.7245 0.00125428
0.7255 0.00131707
0.7265 0.00136431
0.7275 0.00138919
0.7285 0.00139253
0.7295 0.00137555
0.7305 0.00134336
0.7315 0.00126123
0.7325 0.00116913
0.7335 0.00111962
0.7345 0.00103764
0.7355 0.000958567
0.7365 0.000910376
0.7375 0.000832524
0.7385 0.000763011
0.7395 0.000659813
0.7405 0.000533312
0.7415 0.000435305
0.7425 0.000330889
0.7435 0.000186624
0.7445 4.40489e-06
0.7455 -0.00021871
0.7465 -0.000424725
0.7475 -0.000577413
0.7485 -0.000710192
0.7495 -0.000897025
0.7505 -0.00108214
0.7515 -0.00120833
0.7525 -0.00131294
0.7535 -0.0013713
0.7545 -0.00141278
0.7555 -0.00143422
0.7565 -0.00143909
0.7575 -0.00142776
0.7585 -0.00140084
0.7595 -0.00135858
0.7605 -0.00129255
0.7615 -0.00121167
0.7625 -0.00107341
0.7635 -0.000924312
0.7645 -0.000724829
0.7655 -0.000526599
0.7665 -0.000415719
0.7675 -0.000174468
0.7685 7.12318e-05
0.7695 0.000192562
0.7705 0.000427383
0.7715 0.000641596
0.7725 0.000764143
0.7735 0.000860059
0.7745 0.000908841
0.7755 0.000934169
0.7765 0.000935539
0.7775 0.000913432
0.7785 0.000869387
0.7795 0.000775977
0.7805 0.000660744
0.7815 0.000489058
0.7825 0.000326327
0.7835 0.000240922
0.7845 0.000176833
0.7855 0.000141465
0.7865 0.000114908
0.7875 9.18557e-05
0.7885 6.87378e-05
0.7895 5.04528e-05
0.7905 2.50522e-05
0.7915 -4.38679e-06
0.7925 -5.36339e-05
0.7935 -9.76854e-05
0.7945 -0.000125905
0.7955 -0.000150457
0.7965 -0.000168884
0.7975 -0.000189302
0.7985 -0.000215912
0.7995 -0.000245882
0.8005 -0.00030043
0.8015 -0.000360125
0.8025 -0.000384879
0.8035 -0.000401966
0.8045 -0.000411412
0.8055 -0.000415232
0.8065 -0.000415859
0.8075 -0.000415521
0.8085 -0.000414776
0.8095 -0.000411954
0.8105 -0.000403872
0.8115 -0.00038761
0.8125 -0.000362099
0.8135 -0.000316193
0.8145 -0.000246535
0.8155 -0.00016649
0.8165 -2.18224e-05
0.8175 0.000139642
0.8185 0.000328518
0.8195 0.00052216
0.8205 0.000633034
0.8215 0.000731868
0.8225 0.000801878
0.8235 0.000836445
0.8245 0.000850388
0.8255 0.00083783
0.8265 0.000795097
0.8275 0.000720895
0.8285 0.000578225
0.8295 0.000397886
0.8305 0.000103083
0.8315 -0.000218867
0.8325 -0.000450094
0.8335 -0.000708181
0.8345 -0.000913155
0.8355 -0.00105571
0.8365 -0.0011552
0.8375 -0.00123455
0.8385 -0.00127728
0.8395 -0.00130751
0.8405 -0.00133017
0.8415 -0.00134937
0.8425 -0.00136024
0.8435 -0.00136627
0.8445 -0.00136759
0.8455 -0.00136183
0.8465 -0.00134637
0.8475 -0.0013197
0.8485 -0.00127288
0.8495 -0.00121001
0.8505 -0.00110728
0.8515 -0.000982812
0.8525 -0.000797169
0.8535 -0.000601774
0.8545 -0.000497338
0.8555 -0.000323733
0.8565 -8.96478e-05
0.8575 0.000100609
0.8585 0.00025154
0.8595 0.000381002
0.8605 0.000519604
0.8615 0.000746419
0.8625 0.000952231
0.8635 0.00108249
0.8645 0.00122359
0.8655 0.00136891
0.8665 0.00154993
0.8675 0.00170489
0.8685 0.00181954
0.8695 0.00190242
0.8705 0.00202137
0.8715 0.00212423
0.8725 0.00216778
0.8735 0.0021902
0.8745 0.00218462
0.8755 0.00213794
0.8765 0.00202487
0.8775 0.00181958
0.8785 0.00154869
0.8795 0.000989798
0.8805 0.00043465
0.8815 7.52744e-05
0.8825 -0.000383484
0.8835 -0.00073308
0.8845 -0.00128828
0.8855 -0.00184701
0.8865 -0.00224484
0.8875 -0.00255976
0.8885 -0.00272721
0.8895 -0.00291778
0.8905 -0.0030861
0.8915 -0.00319382
0.8925 -0.00326515
0.8935 -0.00330416
0.8945 -0.00330062
0.8955 -0.00325311
0.8965 -0.00315063
0.8975 -0.00299751
0.8985 -0.00280022
0.8995 -0.00244737
0.9005 -0.002149
0.9015 -0.00166628
0.9025 -0.00114369
0.9035 -0.00086043
0.9045 -0.000290572
0.9055 0.000206653
0.9065 0.000535022
0.9075 0.000875971
0.9085 0.00108008
0.9095 0.00149688
0.9105 0.00187546
0.9115 0.00204875
0.9125 0.00224108
0.9135 0.00237603
0.9145 0.00261937
0.9155 0.00285252
0.9165 0.00290073
0.9175 0.00290734
0.9185 0.00292857
0.9195 0.00305798
0.9205 0.0031763
0.9215 0.00312842
0.9225 0.00294988
0.9235 0.0028072
0.9245 0.00278524
0.9255 0.00275285
0.9265 0.00255384
0.9275 0.00172281
0.9285 0.000918412
0.9295 0.000552953
0.9305 0.000214635
0.9315 -0.000147074
0.9325 -0.000844781
0.9335 -0.00144741
0.9345 -0.00190368
0.9355 -0.00229514
0.9365 -0.00282307
0.9375 -0.00328975
0.9385 -0.00327231
0.9395 -0.0030958
0.9405 -0.00304707
0.9415 -0.00338023
0.9425 -0.003782
0.9435 -0.00374308
0.9445 -0.00343751
0.9455 -0.00327147
0.9465 -0.00361344
0.9475 -0.00399563
0.9485 -0.00374793
0.9495 -0.00318532
0.9505 -0.00291794
0.9515 -0.00366119
0.9525 -0.00419208
0.9535 -0.00340477
0.9545 -0.00209065
0.9555 -0.00143564
0.9565 -0.00237512
0.9575 -0.00298711
0.9585 -0.00162541
0.9595 0.000579647
0.9605 0.00179317
0.9615 0.000462367
0.9625 -0.000589351
0.9635 0.00130347
0.9645 0.00430471
0.9655 0.00584311
0.9665 0.0034608
0.9675 0.00114599
0.9685 0.00333698
0.9695 0.00718303
0.9705 0.00896166
0.9715 0.00438029
0.9725 -0.000178386
0.9735 0.00249991
0.9745 0.00764209
0.9755 0.0098005
0.9765 0.00237199
0.9775 -0.00453929
0.9785 -0.000916922
0.9795 0.00573999
0.9805 0.00685741
0.9815 -0.00406696
0.9825 -0.0120649
0.9835 -0.00597907
0.9845 0.00365884
0.9855 0.00333892
0.9865 -0.010518
0.9875 -0.0183373
0.9885 -0.00655625
0.9895 0.0106243
0.9905 0.0069106
0.9915 -0.0117179
0.9925 -0.0139542
0.9935 0.0153224
0.9945 0.0545711
0.9955 0.0922563
0.9965 0.114995
0.9975 0.218619
0.9985 0.377023
0.9995 0.481973
