
# time = 1
0.0025 0.023633
0.0075 0.043263
0.0125 0.0628436
0.0175 0.0823592
0.0225 0.101795
0.0275 0.121131
0.0325 0.140347
0.0375 0.159425
0.0425 0.178345
0.0475 0.19709
0.0525 0.21564
0.0575 0.233977
0.0625 0.252083
0.0675 0.269941
0.0725 0.287532
0.0775 0.304839
0.0825 0.321845
0.0875 0.338534
0.0925 0.354889
0.0975 0.370893
0.1025 0.38653
0.1075 0.401786
0.1125 0.416646
0.1175 0.431097
0.1225 0.445123
0.1275 0.458711
0.1325 0.471843
0.1375 0.484508
0.1425 0.496694
0.1475 0.508391
0.1525 0.519587
0.1575 0.530271
0.1625 0.540431
0.1675 0.550058
0.1725 0.559141
0.1775 0.567674
0.1825 0.575645
0.1875 0.583049
0.1925 0.589879
0.1975 0.596124
0.2025 0.601779
0.2075 0.606846
0.2125 0.61132
0.2175 0.615187
0.2225 0.618428
0.2275 0.621007
0.2325 0.622972
0.2375 0.624343
0.2425 0.625082
0.2475 0.625287
0.2525 0.624847
0.2575 0.623853
0.2625 0.622283
0.2675 0.620084
0.2725 0.617216
0.2775 0.613693
0.2825 0.609571
0.2875 0.604865
0.2925 0.599567
0.2975 0.593669
0.3025 0.587185
0.3075 0.580124
0.3125 0.572489
0.3175 0.564289
0.3225 0.555533
0.3275 0.546228
0.3325 0.536385
0.3375 0.526012
0.3425 0.515119
0.3475 0.503719
0.3525 0.491822
0.3575 0.479441
0.3625 0.466585
0.3675 0.453267
0.3725 0.439501
0.3775 0.425301
0.3825 0.410683
0.3875 0.395661
0.3925 0.38025
0.3975 0.364463
0.4025 0.348315
0.4075 0.331823
0.4125 0.315003
0.4175 0.297873
0.4225 0.280449
0.4275 0.262748
0.4325 0.244788
0.4375 0.226586
0.4425 0.208161
0.4475 0.18953
0.4525 0.170712
0.4575 0.151726
0.4625 0.13259
0.4675 0.113323
0.4725 0.093944
0.4775 0.074473
0.4825 0.0549276
0.4875 0.0353235
0.4925 0.0156797
0.4975 -0.00397825
0.5025 -0.023633
0.5075 -0.043263
0.5125 -0.0628436
0.5175 -0.0823592
0.5225 -0.101795
0.5275 -0.121131
0.5325 -0.140347
0.5375 -0.159425
0.5425 -0.178345
0.5475 -0.19709
0.5525 -0.21564
0.5575 -0.233977
0.5625 -0.252083
0.5675 -0.269941
0.5725 -0.287532
0.5775 -0.304839
0.5825 -0.321845
0.5875 -0.338534
0.5925 -0.354889
0.5975 -0.370893
0.6025 -0.38653
0.6075 -0.401786
0.6125 -0.416646
0.6175 -0.431097
0.6225 -0.445123
0.6275 -0.458711
0.6325 -0.471843
0.6375 -0.484508
0.6425 -0.496694
0.6475 -0.508391
0.6525 -0.519587
0.6575 -0.530271
0.6625 -0.540431
0.6675 -0.550058
0.6725 -0.559141
0.6775 -0.567674
0.6825 -0.575645
0.6875 -0.583049
0.6925 -0.589879
0.6975 -0.596124
0.7025 -0.601779
0.7075 -0.606846
0.7125 -0.61132
0.7175 -0.615187
0.7225 -0.618428
0.7275 -0.621007
0.7325 -0.622972
0.7375 -0.624343
0.7425 -0.625082
0.7475 -0.625287
0.7525 -0.624847
0.7575 -0.623853
0.7625 -0.622283
0.7675 -0.620084
0.7725 -0.617216
0.7775 -0.613693
0.7825 -0.609571
0.7875 -0.604865
0.7925 -0.599567
0.7975 -0.593669
0.8025 -0.587185
0.8075 -0.580124
0.8125 -0.572489
0.8175 -0.564289
0.8225 -0.555533
0.8275 -0.546228
0.8325 -0.536385
0.8375 -0.526012
0.8425 -0.515119
0.8475 -0.503719
0.8525 -0.491822
0.8575 -0.479441
0.8625 -0.466585
0.8675 -0.453267
0.8725 -0.439501
0.8775 -0.425301
0.8825 -0.410683
0.8875 -0.395661
0.8925 -0.38025
0.8975 -0.364463
0.9025 -0.348315
0.9075 -0.331823
0.9125 -0.315003
0.9175 -0.297873
0.9225 -0.280449
0.9275 -0.262748
0.9325 -0.244788
0.9375 -0.226586
0.9425 -0.208161
0.9475 -0.18953
0.9525 -0.170712
0.9575 -0.151726
0.9625 -0.13259
0.9675 -0.113323
0.9725 -0.093944
0.9775 -0.074473
0.9825 -0.0549276
0.9875 -0.0353235
0.9925 -0.0156797
0.9975 0.00397825
