
# time = 1
0.000833333 0.0177429
0.0025 0.02429
0.00416667 0.0308345
0.00583333 0.0373755
0.0075 0.0439123
0.00916667 0.0504442
0.0108333 0.0569703
0.0125 0.0634902
0.0141667 0.0700032
0.0158333 0.0765085
0.0175 0.0830055
0.0191667 0.0894933
0.0208333 0.0959713
0.0225 0.102439
0.0241667 0.108895
0.0258333 0.115339
0.0275 0.121771
0.0291667 0.128189
0.0308333 0.134594
0.0325 0.140983
0.0341667 0.147357
0.0358333 0.153715
0.0375 0.160056
0.0391667 0.166379
0.0408333 0.172685
0.0425 0.178971
0.0441667 0.185238
0.0458333 0.191484
0.0475 0.19771
0.0491667 0.203913
0.0508333 0.210095
0.0525 0.216253
0.0541667 0.222387
0.0558333 0.228497
0.0575 0.234582
0.0591667 0.240642
0.0608333 0.246675
0.0625 0.252681
0.0641667 0.258659
0.0658333 0.264609
0.0675 0.27053
0.0691667 0.276421
0.0708333 0.282282
0.0725 0.288112
0.0741667 0.29391
0.0758333 0.299676
0.0775 0.305409
0.0791667 0.311109
0.0808333 0.316775
0.0825 0.322406
0.0841667 0.328001
0.0858333 0.333561
0.0875 0.339084
0.0891667 0.34457
0.0908333 0.350018
0.0925 0.355427
0.0941667 0.360798
0.0958333 0.366129
0.0975 0.37142
0.0991667 0.37667
0.100833 0.381879
0.1025 0.387046
0.104167 0.39217
0.105833 0.397252
0.1075 0.40229
0.109167 0.407284
0.110833 0.412233
0.1125 0.417137
0.114167 0.421995
0.115833 0.426807
0.1175 0.431573
0.119167 0.436291
0.120833 0.440961
0.1225 0.445582
0.124167 0.450155
0.125833 0.454679
0.1275 0.459152
0.129167 0.463576
0.130833 0.467948
0.1325 0.472269
0.134167 0.476538
0.135833 0.480755
0.1375 0.48492
0.139167 0.489031
0.140833 0.493088
0.1425 0.497092
0.144167 0.501041
0.145833 0.504934
0.1475 0.508773
0.149167 0.512556
0.150833 0.516282
0.1525 0.519952
0.154167 0.523565
0.155833 0.527121
0.1575 0.530619
0.159167 0.534058
0.160833 0.537439
0.1625 0.540761
0.164167 0.544024
0.165833 0.547227
0.1675 0.550371
0.169167 0.553453
0.170833 0.556475
0.1725 0.559436
0.174167 0.562336
0.175833 0.565174
0.1775 0.56795
0.179167 0.570664
0.180833 0.573315
0.1825 0.575903
0.184167 0.578428
0.185833 0.58089
0.1875 0.583288
0.189167 0.585622
0.190833 0.587892
0.1925 0.590097
0.194167 0.592238
0.195833 0.594314
0.1975 0.596324
0.199167 0.598269
0.200833 0.600149
0.2025 0.601962
0.204167 0.60371
0.205833 0.605392
0.2075 0.607007
0.209167 0.608555
0.210833 0.610037
0.2125 0.611453
0.214167 0.612801
0.215833 0.614081
0.2175 0.615293
0.219167 0.616439
0.220833 0.617519
0.2225 0.618531
0.224167 0.619474
0.225833 0.620349
0.2275 0.621152
0.229167 0.621882
0.230833 0.622542
0.2325 0.623138
0.234167 0.623672
0.235833 0.62414
0.2375 0.624538
0.239167 0.624869
0.240833 0.625131
0.2425 0.62532
0.244167 0.625441
0.245833 0.625498
0.2475 0.625478
0.249167 0.625391
0.250833 0.625239
0.2525 0.625024
0.254167 0.624737
0.255833 0.624381
0.2575 0.623958
0.259167 0.623467
0.260833 0.62291
0.2625 0.622287
0.264167 0.621594
0.265833 0.620828
0.2675 0.619991
0.269167 0.619085
0.270833 0.618114
0.2725 0.617075
0.274167 0.615969
0.275833 0.614796
0.2775 0.613554
0.279167 0.612245
0.280833 0.610869
0.2825 0.609426
0.284167 0.607917
0.285833 0.60634
0.2875 0.604697
0.289167 0.602988
0.290833 0.601213
0.2925 0.599371
0.294167 0.597464
0.295833 0.595492
0.2975 0.593454
0.299167 0.591351
0.300833 0.589183
0.3025 0.586951
0.304167 0.584655
0.305833 0.582294
0.3075 0.579869
0.309167 0.577381
0.310833 0.574829
0.3125 0.572215
0.314167 0.569537
0.315833 0.566798
0.3175 0.563996
0.319167 0.561132
0.320833 0.558207
0.3225 0.55522
0.324167 0.552173
0.325833 0.549065
0.3275 0.545896
0.329167 0.542668
0.330833 0.539381
0.3325 0.536034
0.334167 0.532628
0.335833 0.529164
0.3375 0.525642
0.339167 0.522063
0.340833 0.518426
0.3425 0.514732
0.344167 0.510982
0.345833 0.507176
0.3475 0.503314
0.349167 0.499397
0.350833 0.495426
0.3525 0.491399
0.354167 0.487319
0.355833 0.483186
0.3575 0.479
0.359167 0.474761
0.360833 0.47047
0.3625 0.466127
0.364167 0.461733
0.365833 0.457289
0.3675 0.452795
0.369167 0.448251
0.370833 0.443657
0.3725 0.439015
0.374167 0.434325
0.375833 0.429587
0.3775 0.424803
0.379167 0.419971
0.380833 0.415094
0.3825 0.410171
0.384167 0.405203
0.385833 0.40019
0.3875 0.395134
0.389167 0.390035
0.390833 0.384892
0.3925 0.379708
0.394167 0.374481
0.395833 0.369214
0.3975 0.363906
0.399167 0.358559
0.400833 0.353172
0.4025 0.347746
0.404167 0.342282
0.405833 0.336781
0.4075 0.331242
0.409167 0.325668
0.410833 0.320057
0.4125 0.314412
0.414167 0.308732
0.415833 0.303018
0.4175 0.297271
0.419167 0.291491
0.420833 0.28568
0.4225 0.279837
0.424167 0.273963
0.425833 0.268059
0.4275 0.262126
0.429167 0.256164
0.430833 0.250175
0.4325 0.244157
0.434167 0.238113
0.435833 0.232043
0.4375 0.225947
0.439167 0.219827
0.440833 0.213683
0.4425 0.207515
0.444167 0.201324
0.445833 0.195111
0.4475 0.188877
0.449167 0.182622
0.450833 0.176347
0.4525 0.170053
0.454167 0.16374
0.455833 0.157409
0.4575 0.151061
0.459167 0.144696
0.460833 0.138315
0.4625 0.131919
0.464167 0.125509
0.465833 0.119085
0.4675 0.112648
0.469167 0.106199
0.470833 0.0997377
0.4725 0.0932659
0.474167 0.0867838
0.475833 0.080292
0.4775 0.0737914
0.479167 0.0672828
0.480833 0.0607668
0.4825 0.054244
0.484167 0.0477152
0.485833 0.041181
0.4875 0.0346423
0.489167 0.0280999
0.490833 0.0215544
0.4925 0.0150066
0.494167 0.008457
0.495833 0.00190666
0.4975 -0.00464388
0.499167 -0.011194
0.500833 -0.0177429
0.5025 -0.02429
0.504167 -0.0308345
0.505833 -0.0373755
0.5075 -0.0439123
0.509167 -0.0504442
0.510833 -0.0569703
0.5125 -0.0634902
0.514167 -0.0700032
0.515833 -0.0765085
0.5175 -0.0830055
0.519167 -0.0894933
0.520833 -0.0959713
0.5225 -0.102439
0.524167 -0.108895
0.525833 -0.115339
0.5275 -0.121771
0.529167 -0.128189
0.530833 -0.134594
0.5325 -0.140983
0.534167 -0.147357
0.535833 -0.153715
0.5375 -0.160056
0.539167 -0.166379
0.540833 -0.172685
0.5425 -0.178971
0.544167 -0.185238
0.545833 -0.191484
0.5475 -0.19771
0.549167 -0.203913
0.550833 -0.210095
0.5525 -0.216253
0.554167 -0.222387
0.555833 -0.228497
0.5575 -0.234582
0.559167 -0.240642
0.560833 -0.246675
0.5625 -0.252681
0.564167 -0.258659
0.565833 -0.264609
0.5675 -0.27053
0.569167 -0.276421
0.570833 -0.282282
0.5725 -0.288112
0.574167 -0.29391
0.575833 -0.299676
0.5775 -0.305409
0.579167 -0.311109
0.580833 -0.316775
0.5825 -0.322406
0.584167 -0.328001
0.585833 -0.333561
0.5875 -0.339084
0.589167 -0.34457
0.590833 -0.350018
0.5925 -0.355427
0.594167 -0.360798
0.595833 -0.366129
0.5975 -0.37142
0.599167 -0.37667
0.600833 -0.381879
0.6025 -0.387046
0.604167 -0.39217
0.605833 -0.397252
0.6075 -0.40229
0.609167 -0.407284
0.610833 -0.412233
0.6125 -0.417137
0.614167 -0.421995
0.615833 -0.426807
0.6175 -0.431573
0.619167 -0.436291
0.620833 -0.440961
0.6225 -0.445582
0.624167 -0.450155
0.625833 -0.454679
0.6275 -0.459152
0.629167 -0.463576
0.630833 -0.467948
0.6325 -0.472269
0.634167 -0.476538
0.635833 -0.480755
0.6375 -0.48492
0.639167 -0.489031
0.640833 -0.493088
0.6425 -0.497092
0.644167 -0.501041
0.645833 -0.504934
0.6475 -0.508773
0.649167 -0.512556
0.650833 -0.516282
0.6525 -0.519952
0.654167 -0.523565
0.655833 -0.527121
0.6575 -0.530619
0.659167 -0.534058
0.660833 -0.537439
0.6625 -0.540761
0.664167 -0.544024
0.665833 -0.547227
0.6675 -0.550371
0.669167 -0.553453
0.670833 -0.556475
0.6725 -0.559436
0.674167 -0.562336
0.675833 -0.565174
0.6775 -0.56795
0.679167 -0.570664
0.680833 -0.573315
0.6825 -0.575903
0.684167 -0.578428
0.685833 -0.58089
0.6875 -0.583288
0.689167 -0.585622
0.690833 -0.587892
0.6925 -0.590097
0.694167 -0.592238
0.695833 -0.594314
0.6975 -0.596324
0.699167 -0.598269
0.700833 -0.600149
0.7025 -0.601962
0.704167 -0.60371
0.705833 -0.605392
0.7075 -0.607007
0.709167 -0.608555
0.710833 -0.610037
0.7125 -0.611453
0.714167 -0.612801
0.715833 -0.614081
0.7175 -0.615293
0.719167 -0.616439
0.720833 -0.617519
0.7225 -0.618531
0.724167 -0.619474
0.725833 -0.620349
0.7275 -0.621152
0.729167 -0.621882
0.730833 -0.622542
0.7325 -0.623138
0.734167 -0.623672
0.735833 -0.62414
0.7375 -0.624538
0.739167 -0.624869
0.740833 -0.625131
0.7425 -0.62532
0.744167 -0.625441
0.745833 -0.625498
0.7475 -0.625478
0.749167 -0.625391
0.750833 -0.625239
0.7525 -0.625024
0.754167 -0.624737
0.755833 -0.624381
0.7575 -0.623958
0.759167 -0.623467
0.760833 -0.62291
0.7625 -0.622287
0.764167 -0.621594
0.765833 -0.620828
0.7675 -0.619991
0.769167 -0.619085
0.770833 -0.618114
0.7725 -0.617075
0.774167 -0.615969
0.775833 -0.614796
0.7775 -0.613554
0.779167 -0.612245
0.780833 -0.610869
0.7825 -0.609426
0.784167 -0.607917
0.785833 -0.60634
0.7875 -0.604697
0.789167 -0.602988
0.790833 -0.601213
0.7925 -0.599371
0.794167 -0.597464
0.795833 -0.595492
0.7975 -0.593454
0.799167 -0.591351
0.800833 -0.589183
0.8025 -0.586951
0.804167 -0.584655
0.805833 -0.582294
0.8075 -0.579869
0.809167 -0.577381
0.810833 -0.574829
0.8125 -0.572215
0.814167 -0.569537
0.815833 -0.566798
0.8175 -0.563996
0.819167 -0.561132
0.820833 -0.558207
0.8225 -0.55522
0.824167 -0.552173
0.825833 -0.549065
0.8275 -0.545896
0.829167 -0.542668
0.830833 -0.539381
0.8325 -0.536034
0.834167 -0.532628
0.835833 -0.529164
0.8375 -0.525642
0.839167 -0.522063
0.840833 -0.518426
0.8425 -0.514732
0.844167 -0.510982
0.845833 -0.507176
0.8475 -0.503314
0.849167 -0.499397
0.850833 -0.495426
0.8525 -0.491399
0.854167 -0.487319
0.855833 -0.483186
0.8575 -0.479
0.859167 -0.474761
0.860833 -0.47047
0.8625 -0.466127
0.864167 -0.461733
0.865833 -0.457289
0.8675 -0.452795
0.869167 -0.448251
0.870833 -0.443657
0.8725 -0.439015
0.874167 -0.434325
0.875833 -0.429587
0.8775 -0.424803
0.879167 -0.419971
0.880833 -0.415094
0.8825 -0.410171
0.884167 -0.405203
0.885833 -0.40019
0.8875 -0.395134
0.889167 -0.390035
0.890833 -0.384892
0.8925 -0.379708
0.894167 -0.374481
0.895833 -0.369214
0.8975 -0.363906
0.899167 -0.358559
0.900833 -0.353172
0.9025 -0.347746
0.904167 -0.342282
0.905833 -0.336781
0.9075 -0.331242
0.909167 -0.325668
0.910833 -0.320057
0.9125 -0.314412
0.914167 -0.308732
0.915833 -0.303018
0.9175 -0.297271
0.919167 -0.291491
0.920833 -0.28568
0.9225 -0.279837
0.924167 -0.273963
0.925833 -0.268059
0.9275 -0.262126
0.929167 -0.256164
0.930833 -0.250175
0.9325 -0.244157
0.934167 -0.238113
0.935833 -0.232043
0.9375 -0.225947
0.939167 -0.219827
0.940833 -0.213683
0.9425 -0.207515
0.944167 -0.201324
0.945833 -0.195111
0.9475 -0.188877
0.949167 -0.182622
0.950833 -0.176347
0.9525 -0.170053
0.954167 -0.16374
0.955833 -0.157409
0.9575 -0.151061
0.959167 -0.144696
0.960833 -0.138315
0.9625 -0.131919
0.964167 -0.125509
0.965833 -0.119085
0.9675 -0.112648
0.969167 -0.106199
0.970833 -0.0997377
0.9725 -0.0932659
0.974167 -0.0867838
0.975833 -0.080292
0.9775 -0.0737914
0.979167 -0.0672828
0.980833 -0.0607668
0.9825 -0.054244
0.984167 -0.0477152
0.985833 -0.041181
0.9875 -0.0346423
0.989167 -0.0280999
0.990833 -0.0215544
0.9925 -0.0150066
0.994167 -0.008457
0.995833 -0.00190666
0.9975 0.00464388
0.999167 0.011194
