
# time = 1
0.00125 0.705059
0.00375 0.689509
0.00625 0.673778
0.00875 0.657874
0.01125 0.641807
0.01375 0.625588
0.01625 0.609216
0.01875 0.592687
0.02125 0.576014
0.02375 0.559213
0.02625 0.542282
0.02875 0.525211
0.03125 0.507999
0.03375 0.490661
0.03625 0.473205
0.03875 0.455627
0.04125 0.437927
0.04375 0.420112
0.04625 0.40219
0.04875 0.38418
0.05125 0.366095
0.05375 0.347942
0.05625 0.329704
0.05875 0.311362
0.06125 0.292923
0.06375 0.27441
0.06625 0.255841
0.06875 0.237222
0.07125 0.218538
0.07375 0.199794
0.07625 0.180995
0.07875 0.162155
0.08125 0.143282
0.08375 0.124369
0.08625 0.105416
0.08875 0.0864429
0.09125 0.0674553
0.09375 0.0484492
0.09625 0.029425
0.09875 0.0103974
0.10125 -0.00862253
0.10375 -0.0276335
0.10625 -0.0466405
0.10875 -0.0656456
0.11125 -0.0846486
0.11375 -0.103643
0.11625 -0.122621
0.11875 -0.141559
0.12125 -0.160434
0.12375 -0.179245
0.12625 -0.198006
0.12875 -0.216733
0.13125 -0.235429
0.13375 -0.254073
0.13625 -0.272648
0.13875 -0.291161
0.14125 -0.309615
0.14375 -0.327989
0.14625 -0.346256
0.14875 -0.364415
0.15125 -0.382497
0.15375 -0.400501
0.15625 -0.418402
0.15875 -0.436209
0.16125 -0.45393
0.16375 -0.471551
0.16625 -0.489049
0.16875 -0.506399
0.17125 -0.523599
0.17375 -0.540661
0.17625 -0.557616
0.17875 -0.574449
0.18125 -0.591131
0.18375 -0.607663
0.18625 -0.624049
0.18875 -0.640287
0.19125 -0.656362
0.19375 -0.672267
0.19625 -0.688008
0.19875 -0.703599
0.20125 -0.719014
0.20375 -0.734222
0.20625 -0.74923
0.20875 -0.764092
0.21125 -0.778795
0.21375 -0.793294
0.21625 -0.807582
0.21875 -0.821649
0.22125 -0.835519
0.22375 -0.849189
0.22625 -0.862632
0.22875 -0.875873
0.23125 -0.888934
0.23375 -0.901795
0.23625 -0.914405
0.23875 -0.926718
0.24125 -0.938788
0.24375 -0.95068
0.24625 -0.962392
0.24875 -0.97387
0.25125 -0.985036
0.25375 -0.99597
0.25625 -1.00672
0.25875 -1.01722
0.26125 -1.02743
0.26375 -1.03736
0.26625 -1.04704
0.26875 -1.0565
0.27125 -1.06569
0.27375 -1.07459
0.27625 -1.08322
0.27875 -1.09159
0.28125 -1.09972
0.28375 -1.10757
0.28625 -1.11511
0.28875 -1.12239
0.29125 -1.1294
0.29375 -1.13616
0.29625 -1.14263
0.29875 -1.14883
0.30125 -1.15476
0.30375 -1.16035
0.30625 -1.16561
0.30875 -1.17061
0.31125 -1.1754
0.31375 -1.17992
0.31625 -1.18404
0.31875 -1.18785
0.32125 -1.19148
0.32375 -1.19476
0.32625 -1.19773
0.32875 -1.20044
0.33125 -1.20286
0.33375 -1.20499
0.33625 -1.20674
0.33875 -1.20826
0.34125 -1.20951
0.34375 -1.21041
0.34625 -1.21099
0.34875 -1.2113
0.35125 -1.21133
0.35375 -1.21103
0.35625 -1.21045
0.35875 -1.20958
0.36125 -1.2084
0.36375 -1.20692
0.36625 -1.20514
0.36875 -1.20304
0.37125 -1.20075
0.37375 -1.19808
0.37625 -1.19509
0.37875 -1.1918
0.38125 -1.18828
0.38375 -1.18443
0.38625 -1.18026
0.38875 -1.17584
0.39125 -1.17113
0.39375 -1.16614
0.39625 -1.16085
0.39875 -1.15526
0.40125 -1.14939
0.40375 -1.14326
0.40625 -1.13682
0.40875 -1.1301
0.41125 -1.12311
0.41375 -1.11585
0.41625 -1.1083
0.41875 -1.10048
0.42125 -1.0924
0.42375 -1.08404
0.42625 -1.07541
0.42875 -1.06652
0.43125 -1.05737
0.43375 -1.04797
0.43625 -1.03829
0.43875 -1.02835
0.44125 -1.01815
0.44375 -1.00772
0.44625 -0.997028
0.44875 -0.986097
0.45125 -0.974929
0.45375 -0.963524
0.45625 -0.951879
0.45875 -0.939994
0.46125 -0.927874
0.46375 -0.915525
0.46625 -0.902954
0.46875 -0.890158
0.47125 -0.877139
0.47375 -0.863905
0.47625 -0.850464
0.47875 -0.836814
0.48125 -0.822956
0.48375 -0.808896
0.48625 -0.794636
0.48875 -0.78017
0.49125 -0.765501
0.49375 -0.750645
0.49625 -0.735619
0.49875 -0.720427
0.50125 -0.705059
0.50375 -0.689509
0.50625 -0.673778
0.50875 -0.657874
0.51125 -0.641807
0.51375 -0.625588
0.51625 -0.609216
0.51875 -0.592687
0.52125 -0.576014
0.52375 -0.559213
0.52625 -0.542282
0.52875 -0.525211
0.53125 -0.507999
0.53375 -0.490661
0.53625 -0.473205
0.53875 -0.455627
0.54125 -0.437927
0.54375 -0.420112
0.54625 -0.40219
0.54875 -0.38418
0.55125 -0.366095
0.55375 -0.347942
0.55625 -0.329704
0.55875 -0.311362
0.56125 -0.292923
0.56375 -0.27441
0.56625 -0.255841
0.56875 -0.237222
0.57125 -0.218538
0.57375 -0.199794
0.57625 -0.180995
0.57875 -0.162155
0.58125 -0.143282
0.58375 -0.124369
0.58625 -0.105416
0.58875 -0.0864429
0.59125 -0.0674553
0.59375 -0.0484492
0.59625 -0.029425
0.59875 -0.0103974
0.60125 0.00862253
0.60375 0.0276335
0.60625 0.0466405
0.60875 0.0656456
0.61125 0.0846486
0.61375 0.103643
0.61625 0.122621
0.61875 0.141559
0.62125 0.160434
0.62375 0.179245
0.62625 0.198006
0.62875 0.216733
0.63125 0.235429
0.63375 0.254073
0.63625 0.272648
0.63875 0.291161
0.64125 0.309615
0.64375 0.327989
0.64625 0.346256
0.64875 0.364415
0.65125 0.382497
0.65375 0.400501
0.65625 0.418402
0.65875 0.436209
0.66125 0.45393
0.66375 0.471551
0.66625 0.489049
0.66875 0.506399
0.67125 0.523599
0.67375 0.540661
0.67625 0.557616
0.67875 0.574449
0.68125 0.591131
0.68375 0.607663
0.68625 0.624049
0.68875 0.640287
0.69125 0.656362
0.69375 0.672267
0.69625 0.688008
0.69875 0.703599
0.70125 0.719014
0.70375 0.734222
0.70625 0.74923
0.70875 0.764092
0.71125 0.778795
0.71375 0.793294
0.71625 0.807582
0.71875 0.821649
0.72125 0.835519
0.72375 0.849189
0.72625 0.862632
0.72875 0.875873
0.73125 0.888934
0.73375 0.901795
0.73625 0.914405
0.73875 0.926718
0.74125 0.938788
0.74375 0.95068
0.74625 0.962392
0.74875 0.97387
0.75125 0.985036
0.75375 0.99597
0.75625 1.00672
0.75875 1.01722
0.76125 1.02743
0.76375 1.03736
0.76625 1.04704
0.76875 1.0565
0.77125 1.06569
0.77375 1.07459
0.77625 1.08322
0.77875 1.09159
0.78125 1.09972
0.78375 1.10757
0.78625 1.11511
0.78875 1.12239
0.79125 1.1294
0.79375 1.13616
0.79625 1.14263
0.79875 1.14883
0.80125 1.15476
0.80375 1.16035
0.80625 1.16561
0.80875 1.17061
0.81125 1.1754
0.81375 1.17992
0.81625 1.18404
0.81875 1.18785
0.82125 1.19148
0.82375 1.19476
0.82625 1.19773
0.82875 1.20044
0.83125 1.20286
0.83375 1.20499
0.83625 1.20674
0.83875 1.20826
0.84125 1.20951
0.84375 1.21041
0.84625 1.21099
0.84875 1.2113
0.85125 1.21133
0.85375 1.21103
0.85625 1.21045
0.85875 1.20958
0.86125 1.2084
0.86375 1.20692
0.86625 1.20514
0.86875 1.20304
0.87125 1.20075
0.87375 1.19808
0.87625 1.19509
0.87875 1.1918
0.88125 1.18828
0.88375 1.18443
0.88625 1.18026
0.88875 1.17584
0.89125 1.17113
0.89375 1.16614
0.89625 1.16085
0.89875 1.15526
0.90125 1.14939
0.90375 1.14326
0.90625 1.13682
0.90875 1.1301
0.91125 1.12311
0.91375 1.11585
0.91625 1.1083
0.91875 1.10048
0.92125 1.0924
0.92375 1.08404
0.92625 1.07541
0.92875 1.06652
0.93125 1.05737
0.93375 1.04797
0.93625 1.03829
0.93875 1.02835
0.94125 1.01815
0.94375 1.00772
0.94625 0.997028
0.94875 0.986097
0.95125 0.974929
0.95375 0.963524
0.95625 0.951879
0.95875 0.939994
0.96125 0.927874
0.96375 0.915525
0.96625 0.902954
0.96875 0.890158
0.97125 0.877139
0.97375 0.863905
0.97625 0.850464
0.97875 0.836814
0.98125 0.822956
0.98375 0.808896
0.98625 0.794636
0.98875 0.78017
0.99125 0.765501
0.99375 0.750645
0.99625 0.735619
0.99875 0.720427
