
# time = 1
0.0005 0.0164858
0.0015 0.0204144
0.0025 0.0243422
0.0035 0.0282691
0.0045 0.0321948
0.0055 0.0361193
0.0065 0.0400423
0.0075 0.0439637
0.0085 0.0478834
0.0095 0.0518012
0.0105 0.0557169
0.0115 0.0596304
0.0125 0.0635415
0.0135 0.0674502
0.0145 0.0713562
0.0155 0.0752594
0.0165 0.0791596
0.0175 0.0830566
0.0185 0.0869504
0.0195 0.0908408
0.0205 0.0947276
0.0215 0.0986106
0.0225 0.10249
0.0235 0.106365
0.0245 0.110236
0.0255 0.114102
0.0265 0.117964
0.0275 0.121822
0.0285 0.125674
0.0295 0.129522
0.0305 0.133364
0.0315 0.137202
0.0325 0.141033
0.0335 0.14486
0.0345 0.14868
0.0355 0.152495
0.0365 0.156304
0.0375 0.160106
0.0385 0.163902
0.0395 0.167692
0.0405 0.171475
0.0415 0.175251
0.0425 0.179021
0.0435 0.182783
0.0445 0.186538
0.0455 0.190286
0.0465 0.194026
0.0475 0.197758
0.0485 0.201483
0.0495 0.2052
0.0505 0.208909
0.0515 0.212609
0.0525 0.216301
0.0535 0.219985
0.0545 0.22366
0.0555 0.227326
0.0565 0.230983
0.0575 0.23463
0.0585 0.238269
0.0595 0.241898
0.0605 0.245518
0.0615 0.249128
0.0625 0.252728
0.0635 0.256318
0.0645 0.259898
0.0655 0.263468
0.0665 0.267028
0.0675 0.270576
0.0685 0.274115
0.0695 0.277642
0.0705 0.281158
0.0715 0.284664
0.0725 0.288158
0.0735 0.29164
0.0745 0.295111
0.0755 0.298571
0.0765 0.302019
0.0775 0.305455
0.0785 0.308878
0.0795 0.31229
0.0805 0.315689
0.0815 0.319076
0.0825 0.32245
0.0835 0.325811
0.0845 0.32916
0.0855 0.332496
0.0865 0.335818
0.0875 0.339127
0.0885 0.342423
0.0895 0.345705
0.0905 0.348974
0.0915 0.352229
0.0925 0.35547
0.0935 0.358697
0.0945 0.361909
0.0955 0.365108
0.0965 0.368292
0.0975 0.371461
0.0985 0.374616
0.0995 0.377756
0.1005 0.380882
0.1015 0.383992
0.1025 0.387087
0.1035 0.390166
0.1045 0.393231
0.1055 0.396279
0.1065 0.399312
0.1075 0.40233
0.1085 0.405331
0.1095 0.408317
0.1105 0.411286
0.1115 0.414239
0.1125 0.417176
0.1135 0.420096
0.1145 0.423
0.1155 0.425887
0.1165 0.428757
0.1175 0.43161
0.1185 0.434446
0.1195 0.437266
0.1205 0.440067
0.1215 0.442852
0.1225 0.445619
0.1235 0.448368
0.1245 0.4511
0.1255 0.453814
0.1265 0.45651
0.1275 0.459187
0.1285 0.461847
0.1295 0.464489
0.1305 0.467112
0.1315 0.469717
0.1325 0.472303
0.1335 0.474871
0.1345 0.477419
0.1355 0.479949
0.1365 0.48246
0.1375 0.484952
0.1385 0.487425
0.1395 0.489879
0.1405 0.492313
0.1415 0.494728
0.1425 0.497123
0.1435 0.499499
0.1445 0.501855
0.1455 0.504191
0.1465 0.506507
0.1475 0.508803
0.1485 0.511079
0.1495 0.513335
0.1505 0.515571
0.1515 0.517787
0.1525 0.519981
0.1535 0.522156
0.1545 0.52431
0.1555 0.526443
0.1565 0.528555
0.1575 0.530646
0.1585 0.532717
0.1595 0.534766
0.1605 0.536795
0.1615 0.538802
0.1625 0.540788
0.1635 0.542752
0.1645 0.544695
0.1655 0.546617
0.1665 0.548517
0.1675 0.550395
0.1685 0.552252
0.1695 0.554087
0.1705 0.555899
0.1715 0.55769
0.1725 0.559459
0.1735 0.561206
0.1745 0.562931
0.1755 0.564634
0.1765 0.566314
0.1775 0.567972
0.1785 0.569607
0.1795 0.57122
0.1805 0.572811
0.1815 0.574378
0.1825 0.575924
0.1835 0.577446
0.1845 0.578945
0.1855 0.580422
0.1865 0.581876
0.1875 0.583307
0.1885 0.584715
0.1895 0.586099
0.1905 0.587461
0.1915 0.588799
0.1925 0.590115
0.1935 0.591406
0.1945 0.592675
0.1955 0.59392
0.1965 0.595142
0.1975 0.59634
0.1985 0.597515
0.1995 0.598666
0.2005 0.599793
0.2015 0.600897
0.2025 0.601977
0.2035 0.603033
0.2045 0.604065
0.2055 0.605074
0.2065 0.606059
0.2075 0.60702
0.2085 0.607956
0.2095 0.608869
0.2105 0.609758
0.2115 0.610623
0.2125 0.611463
0.2135 0.61228
0.2145 0.613072
0.2155 0.61384
0.2165 0.614584
0.2175 0.615303
0.2185 0.615999
0.2195 0.61667
0.2205 0.617316
0.2215 0.617938
0.2225 0.618536
0.2235 0.61911
0.2245 0.61966
0.2255 0.620185
0.2265 0.620685
0.2275 0.62116
0.2285 0.621611
0.2295 0.622034
0.2305 0.622432
0.2315 0.622806
0.2325 0.623158
0.2335 0.623486
0.2345 0.623791
0.2355 0.624071
0.2365 0.624326
0.2375 0.624556
0.2385 0.624761
0.2395 0.624941
0.2405 0.625097
0.2415 0.625228
0.2425 0.625333
0.2435 0.625414
0.2445 0.625474
0.2455 0.625507
0.2465 0.625512
0.2475 0.625493
0.2485 0.625451
0.2495 0.625384
0.2505 0.625292
0.2515 0.625178
0.2525 0.625038
0.2535 0.624873
0.2545 0.624683
0.2555 0.624469
0.2565 0.62423
0.2575 0.623966
0.2585 0.623678
0.2595 0.623365
0.2605 0.623029
0.2615 0.62267
0.2625 0.622286
0.2635 0.621876
0.2645 0.621439
0.2655 0.620977
0.2665 0.620491
0.2675 0.619981
0.2685 0.619448
0.2695 0.618889
0.2705 0.618306
0.2715 0.617699
0.2725 0.617067
0.2735 0.616411
0.2745 0.61573
0.2755 0.615026
0.2765 0.614297
0.2775 0.613543
0.2785 0.612766
0.2795 0.611964
0.2805 0.611138
0.2815 0.610288
0.2825 0.609414
0.2835 0.608516
0.2845 0.607594
0.2855 0.606648
0.2865 0.605678
0.2875 0.604684
0.2885 0.603666
0.2895 0.602624
0.2905 0.601558
0.2915 0.600469
0.2925 0.599356
0.2935 0.59822
0.2945 0.597059
0.2955 0.595875
0.2965 0.594668
0.2975 0.593437
0.2985 0.592183
0.2995 0.590905
0.3005 0.589604
0.3015 0.58828
0.3025 0.586933
0.3035 0.585562
0.3045 0.584168
0.3055 0.582752
0.3065 0.581312
0.3075 0.579849
0.3085 0.578363
0.3095 0.576855
0.3105 0.575324
0.3115 0.57377
0.3125 0.572193
0.3135 0.570594
0.3145 0.568972
0.3155 0.567328
0.3165 0.565661
0.3175 0.563972
0.3185 0.562261
0.3195 0.560528
0.3205 0.558772
0.3215 0.556995
0.3225 0.555195
0.3235 0.553374
0.3245 0.55153
0.3255 0.549665
0.3265 0.547778
0.3275 0.54587
0.3285 0.54394
0.3295 0.541988
0.3305 0.540016
0.3315 0.538021
0.3325 0.536006
0.3335 0.533969
0.3345 0.531912
0.3355 0.529833
0.3365 0.527734
0.3375 0.525613
0.3385 0.523472
0.3395 0.52131
0.3405 0.519128
0.3415 0.516925
0.3425 0.514702
0.3435 0.512458
0.3445 0.510194
0.3455 0.50791
0.3465 0.505606
0.3475 0.503282
0.3485 0.500938
0.3495 0.498575
0.3505 0.496191
0.3515 0.493788
0.3525 0.491366
0.3535 0.488924
0.3545 0.486463
0.3555 0.483983
0.3565 0.481483
0.3575 0.478965
0.3585 0.476427
0.3595 0.473871
0.3605 0.471296
0.3615 0.468703
0.3625 0.466091
0.3635 0.463461
0.3645 0.460812
0.3655 0.458145
0.3665 0.45546
0.3675 0.452757
0.3685 0.450036
0.3695 0.447298
0.3705 0.444542
0.3715 0.441768
0.3725 0.438977
0.3735 0.436168
0.3745 0.433342
0.3755 0.430499
0.3765 0.42764
0.3775 0.424763
0.3785 0.421869
0.3795 0.418959
0.3805 0.416032
0.3815 0.413089
0.3825 0.41013
0.3835 0.407154
0.3845 0.404163
0.3855 0.401155
0.3865 0.398131
0.3875 0.395092
0.3885 0.392037
0.3895 0.388967
0.3905 0.385881
0.3915 0.382781
0.3925 0.379665
0.3935 0.376534
0.3945 0.373388
0.3955 0.370227
0.3965 0.367052
0.3975 0.363862
0.3985 0.360658
0.3995 0.35744
0.4005 0.354207
0.4015 0.350961
0.4025 0.347701
0.4035 0.344427
0.4045 0.341139
0.4055 0.337838
0.4065 0.334524
0.4075 0.331196
0.4085 0.327856
0.4095 0.324502
0.4105 0.321136
0.4115 0.317756
0.4125 0.314365
0.4135 0.310961
0.4145 0.307544
0.4155 0.304116
0.4165 0.300676
0.4175 0.297223
0.4185 0.293759
0.4195 0.290283
0.4205 0.286796
0.4215 0.283298
0.4225 0.279788
0.4235 0.276268
0.4245 0.272736
0.4255 0.269194
0.4265 0.265641
0.4275 0.262077
0.4285 0.258503
0.4295 0.254919
0.4305 0.251325
0.4315 0.247721
0.4325 0.244107
0.4335 0.240484
0.4345 0.236851
0.4355 0.233209
0.4365 0.229557
0.4375 0.225897
0.4385 0.222227
0.4395 0.218549
0.4405 0.214862
0.4415 0.211167
0.4425 0.207463
0.4435 0.203751
0.4445 0.200031
0.4455 0.196304
0.4465 0.192568
0.4475 0.188825
0.4485 0.185074
0.4495 0.181316
0.4505 0.177551
0.4515 0.173779
0.4525 0.17
0.4535 0.166215
0.4545 0.162422
0.4555 0.158624
0.4565 0.154819
0.4575 0.151008
0.4585 0.147191
0.4595 0.143368
0.4605 0.13954
0.4615 0.135706
0.4625 0.131866
0.4635 0.128022
0.4645 0.124172
0.4655 0.120318
0.4665 0.116459
0.4675 0.112595
0.4685 0.108727
0.4695 0.104854
0.4705 0.100977
0.4715 0.0970967
0.4725 0.0932121
0.4735 0.0893239
0.4745 0.0854322
0.4755 0.0815371
0.4765 0.0776388
0.4775 0.0737374
0.4785 0.0698332
0.4795 0.0659261
0.4805 0.0620164
0.4815 0.0581043
0.4825 0.0541898
0.4835 0.0502732
0.4845 0.0463547
0.4855 0.0424343
0.4865 0.0385122
0.4875 0.0345887
0.4885 0.0306637
0.4895 0.0267376
0.4905 0.0228103
0.4915 0.0188822
0.4925 0.0149533
0.4935 0.0110239
0.4945 0.00709396
0.4955 0.00316379
0.4965 -0.000766501
0.4975 -0.00469675
0.4985 -0.0086268
0.4995 -0.0125565
0.5005 -0.0164858
0.5015 -0.0204144
0.5025 -0.0243422
0.5035 -0.0282691
0.5045 -0.0321948
0.5055 -0.0361193
0.5065 -0.0400423
0.5075 -0.0439637
0.5085 -0.0478834
0.5095 -0.0518012
0.5105 -0.0557169
0.5115 -0.0596304
0.5125 -0.0635415
0.5135 -0.0674502
0.5145 -0.0713562
0.5155 -0.0752594
0.5165 -0.0791596
0.5175 -0.0830566
0.5185 -0.0869504
0.5195 -0.0908408
0.5205 -0.0947276
0.5215 -0.0986106
0.5225 -0.10249
0.5235 -0.106365
0.5245 -0.110236
0.5255 -0.114102
0.5265 -0.117964
0.5275 -0.121822
0.5285 -0.125674
0.5295 -0.129522
0.5305 -0.133364
0.5315 -0.137202
0.5325 -0.141033
0.5335 -0.14486
0.5345 -0.14868
0.5355 -0.152495
0.5365 -0.156304
0.5375 -0.160106
0.5385 -0.163902
0.5395 -0.167692
0.5405 -0.171475
0.5415 -0.175251
0.5425 -0.179021
0.5435 -0.182783
0.5445 -0.186538
0.5455 -0.190286
0.5465 -0.194026
0.5475 -0.197758
0.5485 -0.201483
0.5495 -0.2052
0.5505 -0.208909
0.5515 -0.212609
0.5525 -0.216301
0.5535 -0.219985
0.5545 -0.22366
0.5555 -0.227326
0.5565 -0.230983
0.5575 -0.23463
0.5585 -0.238269
0.5595 -0.241898
0.5605 -0.245518
0.5615 -0.249128
0.5625 -0.252728
0.5635 -0.256318
0.5645 -0.259898
0.5655 -0.263468
0.5665 -0.267028
0.5675 -0.270576
0.5685 -0.274115
0.5695 -0.277642
0.5705 -0.281158
0.5715 -0.284664
0.5725 -0.288158
0.5735 -0.29164
0.5745 -0.295111
0.5755 -0.298571
0.5765 -0.302019
0.5775 -0.305455
0.5785 -0.308878
0.5795 -0.31229
0.5805 -0.315689
0.5815 -0.319076
0.5825 -0.32245
0.5835 -0.325811
0.5845 -0.32916
0.5855 -0.332496
0.5865 -0.335818
0.5875 -0.339127
0.5885 -0.342423
0.5895 -0.345705
0.5905 -0.348974
0.5915 -0.352229
0.5925 -0.35547
0.5935 -0.358697
0.5945 -0.361909
0.5955 -0.365108
0.5965 -0.368292
0.5975 -0.371461
0.5985 -0.374616
0.5995 -0.377756
0.6005 -0.380882
0.6015 -0.383992
0.6025 -0.387087
0.6035 -0.390166
0.6045 -0.393231
0.6055 -0.396279
0.6065 -0.399312
0.6075 -0.40233
0.6085 -0.405331
0.6095 -0.408317
0.6105 -0.411286
0.6115 -0.414239
0.6125 -0.417176
0.6135 -0.420096
0.6145 -0.423
0.6155 -0.425887
0.6165 -0.428757
0.6175 -0.43161
0.6185 -0.434446
0.6195 -0.437266
0.6205 -0.440067
0.6215 -0.442852
0.6225 -0.445619
0.6235 -0.448368
0.6245 -0.4511
0.6255 -0.453814
0.6265 -0.45651
0.6275 -0.459187
0.6285 -0.461847
0.6295 -0.464489
0.6305 -0.467112
0.6315 -0.469717
0.6325 -0.472303
0.6335 -0.474871
0.6345 -0.477419
0.6355 -0.479949
0.6365 -0.48246
0.6375 -0.484952
0.6385 -0.487425
0.6395 -0.489879
0.6405 -0.492313
0.6415 -0.494728
0.6425 -0.497123
0.6435 -0.499499
0.6445 -0.501855
0.6455 -0.504191
0.6465 -0.506507
0.6475 -0.508803
0.6485 -0.511079
0.6495 -0.513335
0.6505 -0.515571
0.6515 -0.517787
0.6525 -0.519981
0.6535 -0.522156
0.6545 -0.52431
0.6555 -0.526443
0.6565 -0.528555
0.6575 -0.530646
0.6585 -0.532717
0.6595 -0.534766
0.6605 -0.536795
0.6615 -0.538802
0.6625 -0.540788
0.6635 -0.542752
0.6645 -0.544695
0.6655 -0.546617
0.6665 -0.548517
0.6675 -0.550395
0.6685 -0.552252
0.6695 -0.554087
0.6705 -0.555899
0.6715 -0.55769
0.6725 -0.559459
0.6735 -0.561206
0.6745 -0.562931
0.6755 -0.564634
0.6765 -0.566314
0.6775 -0.567972
0.6785 -0.569607
0.6795 -0.57122
0.6805 -0.572811
0.6815 -0.574378
0.6825 -0.575924
0.6835 -0.577446
0.6845 -0.578945
0.6855 -0.580422
0.6865 -0.581876
0.6875 -0.583307
0.6885 -0.584715
0.6895 -0.586099
0.6905 -0.587461
0.6915 -0.588799
0.6925 -0.590115
0.6935 -0.591406
0.6945 -0.592675
0.6955 -0.59392
0.6965 -0.595142
0.6975 -0.59634
0.6985 -0.597515
0.6995 -0.598666
0.7005 -0.599793
0.7015 -0.600897
0.7025 -0.601977
0.7035 -0.603033
0.7045 -0.604065
0.7055 -0.605074
0.7065 -0.606059
0.7075 -0.60702
0.7085 -0.607956
0.7095 -0.608869
0.7105 -0.609758
0.7115 -0.610623
0.7125 -0.611463
0.7135 -0.61228
0.7145 -0.613072
0.7155 -0.61384
0.7165 -0.614584
0.7175 -0.615303
0.7185 -0.615999
0.7195 -0.61667
0.7205 -0.617316
0.7215 -0.617938
0.7225 -0.618536
0.7235 -0.61911
0.7245 -0.61966
0.7255 -0.620185
0.7265 -0.620685
0.7275 -0.62116
0.7285 -0.621611
0.7295 -0.622034
0.7305 -0.622432
0.7315 -0.622806
0.7325 -0.623158
0.7335 -0.623486
0.7345 -0.623791
0.7355 -0.624071
0.7365 -0.624326
0.7375 -0.624556
0.7385 -0.624761
0.7395 -0.624941
0.7405 -0.625097
0.7415 -0.625228
0.7425 -0.625333
0.7435 -0.625414
0.7445 -0.625474
0.7455 -0.625507
0.7465 -0.625512
0.7475 -0.625493
0.7485 -0.625451
0.7495 -0.625384
0.7505 -0.625292
0.7515 -0.625178
0.7525 -0.625038
0.7535 -0.624873
0.7545 -0.624683
0.7555 -0.624469
0.7565 -0.62423
0.7575 -0.623966
0.7585 -0.623678
0.7595 -0.623365
0.7605 -0.623029
0.7615 -0.62267
0.7625 -0.622286
0.7635 -0.621876
0.7645 -0.621439
0.7655 -0.620977
0.7665 -0.620491
0.7675 -0.619981
0.7685 -0.619448
0.7695 -0.618889
0.7705 -0.618306
0.7715 -0.617699
0.7725 -0.617067
0.7735 -0.616411
0.7745 -0.61573
0.7755 -0.615026
0.7765 -0.614297
0.7775 -0.613543
0.7785 -0.612766
0.7795 -0.611964
0.7805 -0.611138
0.7815 -0.610288
0.7825 -0.609414
0.7835 -0.608516
0.7845 -0.607594
0.7855 -0.606648
0.7865 -0.605678
0.7875 -0.604684
0.7885 -0.603666
0.7895 -0.602624
0.7905 -0.601558
0.7915 -0.600469
0.7925 -0.599356
0.7935 -0.59822
0.7945 -0.597059
0.7955 -0.595875
0.7965 -0.594668
0.7975 -0.593437
0.7985 -0.592183
0.7995 -0.590905
0.8005 -0.589604
0.8015 -0.58828
0.8025 -0.586933
0.8035 -0.585562
0.8045 -0.584168
0.8055 -0.582752
0.8065 -0.581312
0.8075 -0.579849
0.8085 -0.578363
0.8095 -0.576855
0.8105 -0.575324
0.8115 -0.57377
0.8125 -0.572193
0.8135 -0.570594
0.8145 -0.568972
0.8155 -0.567328
0.8165 -0.565661
0.8175 -0.563972
0.8185 -0.562261
0.8195 -0.560528
0.8205 -0.558772
0.8215 -0.556995
0.8225 -0.555195
0.8235 -0.553374
0.8245 -0.55153
0.8255 -0.549665
0.8265 -0.547778
0.8275 -0.54587
0.8285 -0.54394
0.8295 -0.541988
0.8305 -0.540016
0.8315 -0.538021
0.8325 -0.536006
0.8335 -0.533969
0.8345 -0.531912
0.8355 -0.529833
0.8365 -0.527734
0.8375 -0.525613
0.8385 -0.523472
0.8395 -0.52131
0.8405 -0.519128
0.8415 -0.516925
0.8425 -0.514702
0.8435 -0.512458
0.8445 -0.510194
0.8455 -0.50791
0.8465 -0.505606
0.8475 -0.503282
0.8485 -0.500938
0.8495 -0.498575
0.8505 -0.496191
0.8515 -0.493788
0.8525 -0.491366
0.8535 -0.488924
0.8545 -0.486463
0.8555 -0.483983
0.8565 -0.481483
0.8575 -0.478965
0.8585 -0.476427
0.8595 -0.473871
0.8605 -0.471296
0.8615 -0.468703
0.8625 -0.466091
0.8635 -0.463461
0.8645 -0.460812
0.8655 -0.458145
0.8665 -0.45546
0.8675 -0.452757
0.8685 -0.450036
0.8695 -0.447298
0.8705 -0.444542
0.8715 -0.441768
0.8725 -0.438977
0.8735 -0.436168
0.8745 -0.433342
0.8755 -0.430499
0.8765 -0.42764
0.8775 -0.424763
0.8785 -0.421869
0.8795 -0.418959
0.8805 -0.416032
0.8815 -0.413089
0.8825 -0.41013
0.8835 -0.407154
0.8845 -0.404163
0.8855 -0.401155
0.8865 -0.398131
0.8875 -0.395092
0.8885 -0.392037
0.8895 -0.388967
0.8905 -0.385881
0.8915 -0.382781
0.8925 -0.379665
0.8935 -0.376534
0.8945 -0.373388
0.8955 -0.370227
0.8965 -0.367052
0.8975 -0.363862
0.8985 -0.360658
0.8995 -0.35744
0.9005 -0.354207
0.9015 -0.350961
0.9025 -0.347701
0.9035 -0.344427
0.9045 -0.341139
0.9055 -0.337838
0.9065 -0.334524
0.9075 -0.331196
0.9085 -0.327856
0.9095 -0.324502
0.9105 -0.321136
0.9115 -0.317756
0.9125 -0.314365
0.9135 -0.310961
0.9145 -0.307544
0.9155 -0.304116
0.9165 -0.300676
0.9175 -0.297223
0.9185 -0.293759
0.9195 -0.290283
0.9205 -0.286796
0.9215 -0.283298
0.9225 -0.279788
0.9235 -0.276268
0.9245 -0.272736
0.9255 -0.269194
0.9265 -0.265641
0.9275 -0.262077
0.9285 -0.258503
0.9295 -0.254919
0.9305 -0.251325
0.9315 -0.247721
0.9325 -0.244107
0.9335 -0.240484
0.9345 -0.236851
0.9355 -0.233209
0.9365 -0.229557
0.9375 -0.225897
0.9385 -0.222227
0.9395 -0.218549
0.9405 -0.214862
0.9415 -0.211167
0.9425 -0.207463
0.9435 -0.203751
0.9445 -0.200031
0.9455 -0.196304
0.9465 -0.192568
0.9475 -0.188825
0.9485 -0.185074
0.9495 -0.181316
0.9505 -0.177551
0.9515 -0.173779
0.9525 -0.17
0.9535 -0.166215
0.9545 -0.162422
0.9555 -0.158624
0.9565 -0.154819
0.9575 -0.151008
0.9585 -0.147191
0.9595 -0.143368
0.9605 -0.13954
0.9615 -0.135706
0.9625 -0.131866
0.9635 -0.128022
0.9645 -0.124172
0.9655 -0.120318
0.9665 -0.116459
0.9675 -0.112595
0.9685 -0.108727
0.9695 -0.104854
0.9705 -0.100977
0.9715 -0.0970967
0.9725 -0.0932121
0.9735 -0.0893239
0.9745 -0.0854322
0.9755 -0.0815371
0.9765 -0.0776388
0.9775 -0.0737374
0.9785 -0.0698332
0.9795 -0.0659261
0.9805 -0.0620164
0.9815 -0.0581043
0.9825 -0.0541898
0.9835 -0.0502732
0.9845 -0.0463547
0.9855 -0.0424343
0.9865 -0.0385122
0.9875 -0.0345887
0.9885 -0.0306637
0.9895 -0.0267376
0.9905 -0.0228103
0.9915 -0.0188822
0.9925 -0.0149533
0.9935 -0.0110239
0.9945 -0.00709396
0.9955 -0.00316379
0.9965 0.000766501
0.9975 0.00469675
0.9985 0.0086268
0.9995 0.0125565
