
# time = 1
0.000625 0.0169603
0.001875 0.0218709
0.003125 0.0267802
0.004375 0.0316878
0.005625 0.0365934
0.006875 0.0414968
0.008125 0.0463975
0.009375 0.0512954
0.010625 0.05619
0.011875 0.0610811
0.013125 0.0659685
0.014375 0.0708518
0.015625 0.0757308
0.016875 0.0806051
0.018125 0.0854744
0.019375 0.0903385
0.020625 0.095197
0.021875 0.10005
0.023125 0.104896
0.024375 0.109736
0.025625 0.114569
0.026875 0.119395
0.028125 0.124214
0.029375 0.129025
0.030625 0.133828
0.031875 0.138623
0.033125 0.14341
0.034375 0.148187
0.035625 0.152956
0.036875 0.157715
0.038125 0.162464
0.039375 0.167203
0.040625 0.171932
0.041875 0.17665
0.043125 0.181357
0.044375 0.186053
0.045625 0.190738
0.046875 0.195411
0.048125 0.200072
0.049375 0.20472
0.050625 0.209356
0.051875 0.213979
0.053125 0.218589
0.054375 0.223185
0.055625 0.227768
0.056875 0.232336
0.058125 0.236891
0.059375 0.24143
0.060625 0.245955
0.061875 0.250464
0.063125 0.254958
0.064375 0.259437
0.065625 0.263899
0.066875 0.268345
0.068125 0.272774
0.069375 0.277187
0.070625 0.281583
0.071875 0.285961
0.073125 0.290321
0.074375 0.294664
0.075625 0.298988
0.076875 0.303294
0.078125 0.307582
0.079375 0.31185
0.080625 0.316099
0.081875 0.320329
0.083125 0.324538
0.084375 0.328728
0.085625 0.332898
0.086875 0.337047
0.088125 0.341175
0.089375 0.345282
0.090625 0.349368
0.091875 0.353432
0.093125 0.357475
0.094375 0.361495
0.095625 0.365494
0.096875 0.369469
0.098125 0.373422
0.099375 0.377352
0.100625 0.381258
0.101875 0.385141
0.103125 0.389001
0.104375 0.392836
0.105625 0.396647
0.106875 0.400433
0.108125 0.404195
0.109375 0.407932
0.110625 0.411644
0.111875 0.41533
0.113125 0.418991
0.114375 0.422626
0.115625 0.426235
0.116875 0.429817
0.118125 0.433373
0.119375 0.436902
0.120625 0.440405
0.121875 0.44388
0.123125 0.447328
0.124375 0.450748
0.125625 0.45414
0.126875 0.457505
0.128125 0.460841
0.129375 0.464149
0.130625 0.467428
0.131875 0.470678
0.133125 0.473899
0.134375 0.477091
0.135625 0.480254
0.136875 0.483387
0.138125 0.48649
0.139375 0.489563
0.140625 0.492606
0.141875 0.495618
0.143125 0.4986
0.144375 0.501551
0.145625 0.504472
0.146875 0.507361
0.148125 0.510219
0.149375 0.513045
0.150625 0.51584
0.151875 0.518603
0.153125 0.521334
0.154375 0.524032
0.155625 0.526699
0.156875 0.529333
0.158125 0.531934
0.159375 0.534503
0.160625 0.537038
0.161875 0.539541
0.163125 0.54201
0.164375 0.544445
0.165625 0.546848
0.166875 0.549216
0.168125 0.55155
0.169375 0.553851
0.170625 0.556117
0.171875 0.558349
0.173125 0.560547
0.174375 0.56271
0.175625 0.564838
0.176875 0.566931
0.178125 0.56899
0.179375 0.571013
0.180625 0.573001
0.181875 0.574954
0.183125 0.576871
0.184375 0.578753
0.185625 0.580599
0.186875 0.582409
0.188125 0.584184
0.189375 0.585922
0.190625 0.587624
0.191875 0.58929
0.193125 0.590919
0.194375 0.592512
0.195625 0.594069
0.196875 0.595589
0.198125 0.597072
0.199375 0.598518
0.200625 0.599928
0.201875 0.6013
0.203125 0.602635
0.204375 0.603933
0.205625 0.605194
0.206875 0.606418
0.208125 0.607604
0.209375 0.608752
0.210625 0.609864
0.211875 0.610937
0.213125 0.611973
0.214375 0.612971
0.215625 0.613931
0.216875 0.614854
0.218125 0.615738
0.219375 0.616584
0.220625 0.617392
0.221875 0.618163
0.223125 0.618896
0.224375 0.619591
0.225625 0.620247
0.226875 0.620865
0.228125 0.621442
0.229375 0.621978
0.230625 0.622475
0.231875 0.622935
0.233125 0.62336
0.234375 0.623748
0.235625 0.624098
0.236875 0.62441
0.238125 0.624682
0.239375 0.624915
0.240625 0.62511
0.241875 0.625266
0.243125 0.625383
0.244375 0.625463
0.245625 0.625506
0.246875 0.625503
0.248125 0.625465
0.249375 0.625388
0.250625 0.625274
0.251875 0.625124
0.253125 0.624934
0.254375 0.624704
0.255625 0.624436
0.256875 0.624131
0.258125 0.623787
0.259375 0.623404
0.260625 0.622985
0.261875 0.622528
0.263125 0.622034
0.264375 0.621498
0.265625 0.620921
0.266875 0.620305
0.268125 0.619652
0.269375 0.618962
0.270625 0.618234
0.271875 0.617468
0.273125 0.616663
0.274375 0.61582
0.275625 0.614939
0.276875 0.61402
0.278125 0.613064
0.279375 0.612069
0.280625 0.611037
0.281875 0.609967
0.283125 0.608859
0.284375 0.607714
0.285625 0.606532
0.286875 0.605312
0.288125 0.604054
0.289375 0.60276
0.290625 0.601428
0.291875 0.600059
0.293125 0.598653
0.294375 0.597211
0.295625 0.595731
0.296875 0.594215
0.298125 0.592662
0.299375 0.591072
0.300625 0.589446
0.301875 0.587783
0.303125 0.586085
0.304375 0.58435
0.305625 0.582579
0.306875 0.580772
0.308125 0.57893
0.309375 0.577051
0.310625 0.575137
0.311875 0.573188
0.313125 0.571203
0.314375 0.569183
0.315625 0.567128
0.316875 0.565038
0.318125 0.562913
0.319375 0.560753
0.320625 0.558559
0.321875 0.55633
0.323125 0.554067
0.324375 0.55177
0.325625 0.549439
0.326875 0.547074
0.328125 0.544675
0.329375 0.542242
0.330625 0.539776
0.331875 0.537277
0.333125 0.534745
0.334375 0.532179
0.335625 0.529581
0.336875 0.52695
0.338125 0.524287
0.339375 0.521591
0.340625 0.518863
0.341875 0.516103
0.343125 0.513311
0.344375 0.510488
0.345625 0.507633
0.346875 0.504747
0.348125 0.50183
0.349375 0.498881
0.350625 0.495902
0.351875 0.492893
0.353125 0.489853
0.354375 0.486782
0.355625 0.483682
0.356875 0.480552
0.358125 0.477392
0.359375 0.474203
0.360625 0.470985
0.361875 0.467737
0.363125 0.464461
0.364375 0.461156
0.365625 0.457822
0.366875 0.45446
0.368125 0.451071
0.369375 0.447653
0.370625 0.444208
0.371875 0.440735
0.373125 0.437236
0.374375 0.433709
0.375625 0.430155
0.376875 0.426575
0.378125 0.422969
0.379375 0.419337
0.380625 0.415678
0.381875 0.411994
0.383125 0.408285
0.384375 0.40455
0.385625 0.400791
0.386875 0.397007
0.388125 0.393198
0.389375 0.389365
0.390625 0.385508
0.391875 0.381627
0.393125 0.377723
0.394375 0.373795
0.395625 0.369845
0.396875 0.365871
0.398125 0.361875
0.399375 0.357857
0.400625 0.353817
0.401875 0.349754
0.403125 0.34567
0.404375 0.341565
0.405625 0.337439
0.406875 0.333292
0.408125 0.329124
0.409375 0.324937
0.410625 0.320729
0.411875 0.316501
0.413125 0.312253
0.414375 0.307987
0.415625 0.303701
0.416875 0.299397
0.418125 0.295075
0.419375 0.290734
0.420625 0.286375
0.421875 0.281998
0.423125 0.277605
0.424375 0.273193
0.425625 0.268766
0.426875 0.264321
0.428125 0.25986
0.429375 0.255384
0.430625 0.250891
0.431875 0.246383
0.433125 0.24186
0.434375 0.237322
0.435625 0.232769
0.436875 0.228202
0.438125 0.22362
0.439375 0.219025
0.440625 0.214417
0.441875 0.209795
0.443125 0.20516
0.444375 0.200513
0.445625 0.195853
0.446875 0.191181
0.448125 0.186498
0.449375 0.181803
0.450625 0.177097
0.451875 0.17238
0.453125 0.167652
0.454375 0.162913
0.455625 0.158165
0.456875 0.153407
0.458125 0.14864
0.459375 0.143863
0.460625 0.139077
0.461875 0.134283
0.463125 0.129481
0.464375 0.124671
0.465625 0.119853
0.466875 0.115027
0.468125 0.110195
0.469375 0.105355
0.470625 0.100509
0.471875 0.0956574
0.473125 0.0907994
0.474375 0.0859358
0.475625 0.0810669
0.476875 0.076193
0.478125 0.0713145
0.479375 0.0664316
0.480625 0.0615446
0.481875 0.0566538
0.483125 0.0517595
0.484375 0.0468618
0.485625 0.0419612
0.486875 0.037058
0.488125 0.0321526
0.489375 0.0272453
0.490625 0.0223363
0.491875 0.0174258
0.493125 0.0125143
0.494375 0.00760197
0.495625 0.00268924
0.496875 -0.00222363
0.498125 -0.00713636
0.499375 -0.0120487
0.500625 -0.0169603
0.501875 -0.0218709
0.503125 -0.0267802
0.504375 -0.0316878
0.505625 -0.0365934
0.506875 -0.0414968
0.508125 -0.0463975
0.509375 -0.0512954
0.510625 -0.05619
0.511875 -0.0610811
0.513125 -0.0659685
0.514375 -0.0708518
0.515625 -0.0757308
0.516875 -0.0806051
0.518125 -0.0854744
0.519375 -0.0903385
0.520625 -0.095197
0.521875 -0.10005
0.523125 -0.104896
0.524375 -0.109736
0.525625 -0.114569
0.526875 -0.119395
0.528125 -0.124214
0.529375 -0.129025
0.530625 -0.133828
0.531875 -0.138623
0.533125 -0.14341
0.534375 -0.148187
0.535625 -0.152956
0.536875 -0.157715
0.538125 -0.162464
0.539375 -0.167203
0.540625 -0.171932
0.541875 -0.17665
0.543125 -0.181357
0.544375 -0.186053
0.545625 -0.190738
0.546875 -0.195411
0.548125 -0.200072
0.549375 -0.20472
0.550625 -0.209356
0.551875 -0.213979
0.553125 -0.218589
0.554375 -0.223185
0.555625 -0.227768
0.556875 -0.232336
0.558125 -0.236891
0.559375 -0.24143
0.560625 -0.245955
0.561875 -0.250464
0.563125 -0.254958
0.564375 -0.259437
0.565625 -0.263899
0.566875 -0.268345
0.568125 -0.272774
0.569375 -0.277187
0.570625 -0.281583
0.571875 -0.285961
0.573125 -0.290321
0.574375 -0.294664
0.575625 -0.298988
0.576875 -0.303294
0.578125 -0.307582
0.579375 -0.31185
0.580625 -0.316099
0.581875 -0.320329
0.583125 -0.324538
0.584375 -0.328728
0.585625 -0.332898
0.586875 -0.337047
0.588125 -0.341175
0.589375 -0.345282
0.590625 -0.349368
0.591875 -0.353432
0.593125 -0.357475
0.594375 -0.361495
0.595625 -0.365494
0.596875 -0.369469
0.598125 -0.373422
0.599375 -0.377352
0.600625 -0.381258
0.601875 -0.385141
0.603125 -0.389001
0.604375 -0.392836
0.605625 -0.396647
0.606875 -0.400433
0.608125 -0.404195
0.609375 -0.407932
0.610625 -0.411644
0.611875 -0.41533
0.613125 -0.418991
0.614375 -0.422626
0.615625 -0.426235
0.616875 -0.429817
0.618125 -0.433373
0.619375 -0.436902
0.620625 -0.440405
0.621875 -0.44388
0.623125 -0.447328
0.624375 -0.450748
0.625625 -0.45414
0.626875 -0.457505
0.628125 -0.460841
0.629375 -0.464149
0.630625 -0.467428
0.631875 -0.470678
0.633125 -0.473899
0.634375 -0.477091
0.635625 -0.480254
0.636875 -0.483387
0.638125 -0.48649
0.639375 -0.489563
0.640625 -0.492606
0.641875 -0.495618
0.643125 -0.4986
0.644375 -0.501551
0.645625 -0.504472
0.646875 -0.507361
0.648125 -0.510219
0.649375 -0.513045
0.650625 -0.51584
0.651875 -0.518603
0.653125 -0.521334
0.654375 -0.524032
0.655625 -0.526699
0.656875 -0.529333
0.658125 -0.531934
0.659375 -0.534503
0.660625 -0.537038
0.661875 -0.539541
0.663125 -0.54201
0.664375 -0.544445
0.665625 -0.546848
0.666875 -0.549216
0.668125 -0.55155
0.669375 -0.553851
0.670625 -0.556117
0.671875 -0.558349
0.673125 -0.560547
0.674375 -0.56271
0.675625 -0.564838
0.676875 -0.566931
0.678125 -0.56899
0.679375 -0.571013
0.680625 -0.573001
0.681875 -0.574954
0.683125 -0.576871
0.684375 -0.578753
0.685625 -0.580599
0.686875 -0.582409
0.688125 -0.584184
0.689375 -0.585922
0.690625 -0.587624
0.691875 -0.58929
0.693125 -0.590919
0.694375 -0.592512
0.695625 -0.594069
0.696875 -0.595589
0.698125 -0.597072
0.699375 -0.598518
0.700625 -0.599928
0.701875 -0.6013
0.703125 -0.602635
0.704375 -0.603933
0.705625 -0.605194
0.706875 -0.606418
0.708125 -0.607604
0.709375 -0.608752
0.710625 -0.609864
0.711875 -0.610937
0.713125 -0.611973
0.714375 -0.612971
0.715625 -0.613931
0.716875 -0.614854
0.718125 -0.615738
0.719375 -0.616584
0.720625 -0.617392
0.721875 -0.618163
0.723125 -0.618896
0.724375 -0.619591
0.725625 -0.620247
0.726875 -0.620865
0.728125 -0.621442
0.729375 -0.621978
0.730625 -0.622475
0.731875 -0.622935
0.733125 -0.62336
0.734375 -0.623748
0.735625 -0.624098
0.736875 -0.62441
0.738125 -0.624682
0.739375 -0.624915
0.740625 -0.62511
0.741875 -0.625266
0.743125 -0.625383
0.744375 -0.625463
0.745625 -0.625506
0.746875 -0.625503
0.748125 -0.625465
0.749375 -0.625388
0.750625 -0.625274
0.751875 -0.625124
0.753125 -0.624934
0.754375 -0.624704
0.755625 -0.624436
0.756875 -0.624131
0.758125 -0.623787
0.759375 -0.623404
0.760625 -0.622985
0.761875 -0.622528
0.763125 -0.622034
0.764375 -0.621498
0.765625 -0.620921
0.766875 -0.620305
0.768125 -0.619652
0.769375 -0.618962
0.770625 -0.618234
0.771875 -0.617468
0.773125 -0.616663
0.774375 -0.61582
0.775625 -0.614939
0.776875 -0.61402
0.778125 -0.613064
0.779375 -0.612069
0.780625 -0.611037
0.781875 -0.609967
0.783125 -0.608859
0.784375 -0.607714
0.785625 -0.606532
0.786875 -0.605312
0.788125 -0.604054
0.789375 -0.60276
0.790625 -0.601428
0.791875 -0.600059
0.793125 -0.598653
0.794375 -0.597211
0.795625 -0.595731
0.796875 -0.594215
0.798125 -0.592662
0.799375 -0.591072
0.800625 -0.589446
0.801875 -0.587783
0.803125 -0.586085
0.804375 -0.58435
0.805625 -0.582579
0.806875 -0.580772
0.808125 -0.57893
0.809375 -0.577051
0.810625 -0.575137
0.811875 -0.573188
0.813125 -0.571203
0.814375 -0.569183
0.815625 -0.567128
0.816875 -0.565038
0.818125 -0.562913
0.819375 -0.560753
0.820625 -0.558559
0.821875 -0.55633
0.823125 -0.554067
0.824375 -0.55177
0.825625 -0.549439
0.826875 -0.547074
0.828125 -0.544675
0.829375 -0.542242
0.830625 -0.539776
0.831875 -0.537277
0.833125 -0.534745
0.834375 -0.532179
0.835625 -0.529581
0.836875 -0.52695
0.838125 -0.524287
0.839375 -0.521591
0.840625 -0.518863
0.841875 -0.516103
0.843125 -0.513311
0.844375 -0.510488
0.845625 -0.507633
0.846875 -0.504747
0.848125 -0.50183
0.849375 -0.498881
0.850625 -0.495902
0.851875 -0.492893
0.853125 -0.489853
0.854375 -0.486782
0.855625 -0.483682
0.856875 -0.480552
0.858125 -0.477392
0.859375 -0.474203
0.860625 -0.470985
0.861875 -0.467737
0.863125 -0.464461
0.864375 -0.461156
0.865625 -0.457822
0.866875 -0.45446
0.868125 -0.451071
0.869375 -0.447653
0.870625 -0.444208
0.871875 -0.440735
0.873125 -0.437236
0.874375 -0.433709
0.875625 -0.430155
0.876875 -0.426575
0.878125 -0.422969
0.879375 -0.419337
0.880625 -0.415678
0.881875 -0.411994
0.883125 -0.408285
0.884375 -0.40455
0.885625 -0.400791
0.886875 -0.397007
0.888125 -0.393198
0.889375 -0.389365
0.890625 -0.385508
0.891875 -0.381627
0.893125 -0.377723
0.894375 -0.373795
0.895625 -0.369845
0.896875 -0.365871
0.898125 -0.361875
0.899375 -0.357857
0.900625 -0.353817
0.901875 -0.349754
0.903125 -0.34567
0.904375 -0.341565
0.905625 -0.337439
0.906875 -0.333292
0.908125 -0.329124
0.909375 -0.324937
0.910625 -0.320729
0.911875 -0.316501
0.913125 -0.312253
0.914375 -0.307987
0.915625 -0.303701
0.916875 -0.299397
0.918125 -0.295075
0.919375 -0.290734
0.920625 -0.286375
0.921875 -0.281998
0.923125 -0.277605
0.924375 -0.273193
0.925625 -0.268766
0.926875 -0.264321
0.928125 -0.25986
0.929375 -0.255384
0.930625 -0.250891
0.931875 -0.246383
0.933125 -0.24186
0.934375 -0.237322
0.935625 -0.232769
0.936875 -0.228202
0.938125 -0.22362
0.939375 -0.219025
0.940625 -0.214417
0.941875 -0.209795
0.943125 -0.20516
0.944375 -0.200513
0.945625 -0.195853
0.946875 -0.191181
0.948125 -0.186498
0.949375 -0.181803
0.950625 -0.177097
0.951875 -0.17238
0.953125 -0.167652
0.954375 -0.162913
0.955625 -0.158165
0.956875 -0.153407
0.958125 -0.14864
0.959375 -0.143863
0.960625 -0.139077
0.961875 -0.134283
0.963125 -0.129481
0.964375 -0.124671
0.965625 -0.119853
0.966875 -0.115027
0.968125 -0.110195
0.969375 -0.105355
0.970625 -0.100509
0.971875 -0.0956574
0.973125 -0.0907994
0.974375 -0.0859358
0.975625 -0.0810669
0.976875 -0.076193
0.978125 -0.0713145
0.979375 -0.0664316
0.980625 -0.0615446
0.981875 -0.0566538
0.983125 -0.0517595
0.984375 -0.0468618
0.985625 -0.0419612
0.986875 -0.037058
0.988125 -0.0321526
0.989375 -0.0272453
0.990625 -0.0223363
0.991875 -0.0174258
0.993125 -0.0125143
0.994375 -0.00760197
0.995625 -0.00268924
0.996875 0.00222363
0.998125 0.00713636
0.999375 0.0120487
