
# time = 1
0.00125 0.0194645
0.00375 0.0292826
0.00625 0.0390934
0.00875 0.0488946
0.01125 0.0586837
0.01375 0.0684584
0.01625 0.0782161
0.01875 0.0879546
0.02125 0.0976714
0.02375 0.107364
0.02625 0.11703
0.02875 0.126667
0.03125 0.136274
0.03375 0.145846
0.03625 0.155382
0.03875 0.16488
0.04125 0.174338
0.04375 0.183752
0.04625 0.193121
0.04875 0.202443
0.05125 0.211714
0.05375 0.220933
0.05625 0.230098
0.05875 0.239206
0.06125 0.248255
0.06375 0.257243
0.06625 0.266167
0.06875 0.275025
0.07125 0.283816
0.07375 0.292537
0.07625 0.301185
0.07875 0.309759
0.08125 0.318257
0.08375 0.326676
0.08625 0.335015
0.08875 0.343271
0.09125 0.351442
0.09375 0.359526
0.09625 0.367522
0.09875 0.375427
0.10125 0.38324
0.10375 0.390958
0.10625 0.398579
0.10875 0.406102
0.11125 0.413525
0.11375 0.420846
0.11625 0.428063
0.11875 0.435175
0.12125 0.442179
0.12375 0.449074
0.12625 0.455858
0.12875 0.462529
0.13125 0.469087
0.13375 0.475529
0.13625 0.481853
0.13875 0.488059
0.14125 0.494144
0.14375 0.500107
0.14625 0.505947
0.14875 0.511662
0.15125 0.517251
0.15375 0.522712
0.15625 0.528044
0.15875 0.533246
0.16125 0.538317
0.16375 0.543254
0.16625 0.548058
0.16875 0.552726
0.17125 0.557258
0.17375 0.561652
0.17625 0.565908
0.17875 0.570024
0.18125 0.574
0.18375 0.577834
0.18625 0.581525
0.18875 0.585073
0.19125 0.588476
0.19375 0.591735
0.19625 0.594847
0.19875 0.597812
0.20125 0.60063
0.20375 0.6033
0.20625 0.605821
0.20875 0.608193
0.21125 0.610414
0.21375 0.612485
0.21625 0.614405
0.21875 0.616173
0.22125 0.617789
0.22375 0.619252
0.22625 0.620563
0.22875 0.621721
0.23125 0.622725
0.23375 0.623576
0.23625 0.624273
0.23875 0.624816
0.24125 0.625204
0.24375 0.625439
0.24625 0.625519
0.24875 0.625444
0.25125 0.625216
0.25375 0.624833
0.25625 0.624296
0.25875 0.623605
0.26125 0.62276
0.26375 0.621761
0.26625 0.620609
0.26875 0.619304
0.27125 0.617846
0.27375 0.616236
0.27625 0.614473
0.27875 0.612559
0.28125 0.610494
0.28375 0.608278
0.28625 0.605912
0.28875 0.603397
0.29125 0.600733
0.29375 0.59792
0.29625 0.59496
0.29875 0.591853
0.30125 0.588601
0.30375 0.585203
0.30625 0.58166
0.30875 0.577974
0.31125 0.574146
0.31375 0.570175
0.31625 0.566064
0.31875 0.561814
0.32125 0.557425
0.32375 0.552898
0.32625 0.548235
0.32875 0.543436
0.33125 0.538504
0.33375 0.533438
0.33625 0.528241
0.33875 0.522914
0.34125 0.517457
0.34375 0.511873
0.34625 0.506163
0.34875 0.500328
0.35125 0.494369
0.35375 0.488289
0.35625 0.482087
0.35875 0.475767
0.36125 0.46933
0.36375 0.462777
0.36625 0.456109
0.36875 0.449329
0.37125 0.442438
0.37375 0.435438
0.37625 0.428331
0.37875 0.421118
0.38125 0.413801
0.38375 0.406381
0.38625 0.398862
0.38875 0.391244
0.39125 0.38353
0.39375 0.375721
0.39625 0.367819
0.39875 0.359827
0.40125 0.351745
0.40375 0.343577
0.40625 0.335325
0.40875 0.326989
0.41125 0.318573
0.41375 0.310078
0.41625 0.301507
0.41875 0.292861
0.42125 0.284143
0.42375 0.275355
0.42625 0.266499
0.42875 0.257577
0.43125 0.248592
0.43375 0.239545
0.43625 0.230439
0.43875 0.221277
0.44125 0.21206
0.44375 0.20279
0.44625 0.19347
0.44875 0.184103
0.45125 0.17469
0.45375 0.165235
0.45625 0.155738
0.45875 0.146203
0.46125 0.136632
0.46375 0.127027
0.46625 0.117391
0.46875 0.107726
0.47125 0.098034
0.47375 0.0883181
0.47625 0.0785804
0.47875 0.0688233
0.48125 0.0590493
0.48375 0.0492606
0.48625 0.0394598
0.48875 0.0296493
0.49125 0.0198315
0.49375 0.0100088
0.49625 0.00018357
0.49875 -0.00964167
0.50125 -0.0194645
0.50375 -0.0292826
0.50625 -0.0390934
0.50875 -0.0488946
0.51125 -0.0586837
0.51375 -0.0684584
0.51625 -0.0782161
0.51875 -0.0879546
0.52125 -0.0976714
0.52375 -0.107364
0.52625 -0.11703
0.52875 -0.126667
0.53125 -0.136274
0.53375 -0.145846
0.53625 -0.155382
0.53875 -0.16488
0.54125 -0.174338
0.54375 -0.183752
0.54625 -0.193121
0.54875 -0.202443
0.55125 -0.211714
0.55375 -0.220933
0.55625 -0.230098
0.55875 -0.239206
0.56125 -0.248255
0.56375 -0.257243
0.56625 -0.266167
0.56875 -0.275025
0.57125 -0.283816
0.57375 -0.292537
0.57625 -0.301185
0.57875 -0.309759
0.58125 -0.318257
0.58375 -0.326676
0.58625 -0.335015
0.58875 -0.343271
0.59125 -0.351442
0.59375 -0.359526
0.59625 -0.367522
0.59875 -0.375427
0.60125 -0.38324
0.60375 -0.390958
0.60625 -0.398579
0.60875 -0.406102
0.61125 -0.413525
0.61375 -0.420846
0.61625 -0.428063
0.61875 -0.435175
0.62125 -0.442179
0.62375 -0.449074
0.62625 -0.455858
0.62875 -0.462529
0.63125 -0.469087
0.63375 -0.475529
0.63625 -0.481853
0.63875 -0.488059
0.64125 -0.494144
0.64375 -0.500107
0.64625 -0.505947
0.64875 -0.511662
0.65125 -0.517251
0.65375 -0.522712
0.65625 -0.528044
0.65875 -0.533246
0.66125 -0.538317
0.66375 -0.543254
0.66625 -0.548058
0.66875 -0.552726
0.67125 -0.557258
0.67375 -0.561652
0.67625 -0.565908
0.67875 -0.570024
0.68125 -0.574
0.68375 -0.577834
0.68625 -0.581525
0.68875 -0.585073
0.69125 -0.588476
0.69375 -0.591735
0.69625 -0.594847
0.69875 -0.597812
0.70125 -0.60063
0.70375 -0.6033
0.70625 -0.605821
0.70875 -0.608193
0.71125 -0.610414
0.71375 -0.612485
0.71625 -0.614405
0.71875 -0.616173
0.72125 -0.617789
0.72375 -0.619252
0.72625 -0.620563
0.72875 -0.621721
0.73125 -0.622725
0.73375 -0.623576
0.73625 -0.624273
0.73875 -0.624816
0.74125 -0.625204
0.74375 -0.625439
0.74625 -0.625519
0.74875 -0.625444
0.75125 -0.625216
0.75375 -0.624833
0.75625 -0.624296
0.75875 -0.623605
0.76125 -0.62276
0.76375 -0.621761
0.76625 -0.620609
0.76875 -0.619304
0.77125 -0.617846
0.77375 -0.616236
0.77625 -0.614473
0.77875 -0.612559
0.78125 -0.610494
0.78375 -0.608278
0.78625 -0.605912
0.78875 -0.603397
0.79125 -0.600733
0.79375 -0.59792
0.79625 -0.59496
0.79875 -0.591853
0.80125 -0.588601
0.80375 -0.585203
0.80625 -0.58166
0.80875 -0.577974
0.81125 -0.574146
0.81375 -0.570175
0.81625 -0.566064
0.81875 -0.561814
0.82125 -0.557425
0.82375 -0.552898
0.82625 -0.548235
0.82875 -0.543436
0.83125 -0.538504
0.83375 -0.533438
0.83625 -0.528241
0.83875 -0.522914
0.84125 -0.517457
0.84375 -0.511873
0.84625 -0.506163
0.84875 -0.500328
0.85125 -0.494369
0.85375 -0.488289
0.85625 -0.482087
0.85875 -0.475767
0.86125 -0.46933
0.86375 -0.462777
0.86625 -0.456109
0.86875 -0.449329
0.87125 -0.442438
0.87375 -0.435438
0.87625 -0.428331
0.87875 -0.421118
0.88125 -0.413801
0.88375 -0.406381
0.88625 -0.398862
0.88875 -0.391244
0.89125 -0.38353
0.89375 -0.375721
0.89625 -0.367819
0.89875 -0.359827
0.90125 -0.351745
0.90375 -0.343577
0.90625 -0.335325
0.90875 -0.326989
0.91125 -0.318573
0.91375 -0.310078
0.91625 -0.301507
0.91875 -0.292861
0.92125 -0.284143
0.92375 -0.275355
0.92625 -0.266499
0.92875 -0.257577
0.93125 -0.248592
0.93375 -0.239545
0.93625 -0.230439
0.93875 -0.221277
0.94125 -0.21206
0.94375 -0.20279
0.94625 -0.19347
0.94875 -0.184103
0.95125 -0.17469
0.95375 -0.165235
0.95625 -0.155738
0.95875 -0.146203
0.96125 -0.136632
0.96375 -0.127027
0.96625 -0.117391
0.96875 -0.107726
0.97125 -0.098034
0.97375 -0.0883181
0.97625 -0.0785804
0.97875 -0.0688233
0.98125 -0.0590493
0.98375 -0.0492606
0.98625 -0.0394598
0.98875 -0.0296493
0.99125 -0.0198315
0.99375 -0.0100088
0.99625 -0.00018357
0.99875 0.00964167
