
# time = 1
0.000625 0.0170071
0.001875 0.0219175
0.003125 0.0268266
0.004375 0.031734
0.005625 0.0366395
0.006875 0.0415427
0.008125 0.0464434
0.009375 0.0513411
0.010625 0.0562358
0.011875 0.0611269
0.013125 0.0660143
0.014375 0.0708976
0.015625 0.0757765
0.016875 0.0806508
0.018125 0.08552
0.019375 0.090384
0.020625 0.0952425
0.021875 0.100095
0.023125 0.104941
0.024375 0.109781
0.025625 0.114614
0.026875 0.11944
0.028125 0.124259
0.029375 0.12907
0.030625 0.133873
0.031875 0.138668
0.033125 0.143454
0.034375 0.148232
0.035625 0.153
0.036875 0.157759
0.038125 0.162508
0.039375 0.167247
0.040625 0.171976
0.041875 0.176694
0.043125 0.181401
0.044375 0.186097
0.045625 0.190782
0.046875 0.195455
0.048125 0.200115
0.049375 0.204764
0.050625 0.2094
0.051875 0.214022
0.053125 0.218632
0.054375 0.223228
0.055625 0.227811
0.056875 0.232379
0.058125 0.236933
0.059375 0.241472
0.060625 0.245997
0.061875 0.250506
0.063125 0.255
0.064375 0.259478
0.065625 0.26394
0.066875 0.268386
0.068125 0.272816
0.069375 0.277228
0.070625 0.281623
0.071875 0.286001
0.073125 0.290362
0.074375 0.294704
0.075625 0.299029
0.076875 0.303334
0.078125 0.307622
0.079375 0.31189
0.080625 0.316139
0.081875 0.320368
0.083125 0.324578
0.084375 0.328767
0.085625 0.332937
0.086875 0.337085
0.088125 0.341213
0.089375 0.34532
0.090625 0.349406
0.091875 0.35347
0.093125 0.357512
0.094375 0.361533
0.095625 0.365531
0.096875 0.369506
0.098125 0.373459
0.099375 0.377388
0.100625 0.381295
0.101875 0.385177
0.103125 0.389036
0.104375 0.392871
0.105625 0.396682
0.106875 0.400468
0.108125 0.40423
0.109375 0.407967
0.110625 0.411678
0.111875 0.415364
0.113125 0.419025
0.114375 0.422659
0.115625 0.426268
0.116875 0.42985
0.118125 0.433406
0.119375 0.436935
0.120625 0.440437
0.121875 0.443912
0.123125 0.44736
0.124375 0.45078
0.125625 0.454172
0.126875 0.457536
0.128125 0.460872
0.129375 0.464179
0.130625 0.467458
0.131875 0.470708
0.133125 0.473929
0.134375 0.477121
0.135625 0.480283
0.136875 0.483416
0.138125 0.486519
0.139375 0.489591
0.140625 0.492634
0.141875 0.495646
0.143125 0.498628
0.144375 0.501579
0.145625 0.504499
0.146875 0.507388
0.148125 0.510245
0.149375 0.513071
0.150625 0.515866
0.151875 0.518628
0.153125 0.521359
0.154375 0.524057
0.155625 0.526724
0.156875 0.529357
0.158125 0.531958
0.159375 0.534526
0.160625 0.537062
0.161875 0.539564
0.163125 0.542032
0.164375 0.544468
0.165625 0.54687
0.166875 0.549238
0.168125 0.551572
0.169375 0.553872
0.170625 0.556138
0.171875 0.55837
0.173125 0.560567
0.174375 0.562729
0.175625 0.564857
0.176875 0.56695
0.178125 0.569009
0.179375 0.571032
0.180625 0.573019
0.181875 0.574972
0.183125 0.576889
0.184375 0.57877
0.185625 0.580616
0.186875 0.582426
0.188125 0.5842
0.189375 0.585938
0.190625 0.587639
0.191875 0.589305
0.193125 0.590934
0.194375 0.592527
0.195625 0.594083
0.196875 0.595603
0.198125 0.597085
0.199375 0.598531
0.200625 0.59994
0.201875 0.601312
0.203125 0.602647
0.204375 0.603945
0.205625 0.605206
0.206875 0.606429
0.208125 0.607615
0.209375 0.608763
0.210625 0.609874
0.211875 0.610947
0.213125 0.611982
0.214375 0.61298
0.215625 0.61394
0.216875 0.614862
0.218125 0.615746
0.219375 0.616592
0.220625 0.6174
0.221875 0.61817
0.223125 0.618902
0.224375 0.619595
0.225625 0.620251
0.226875 0.620868
0.228125 0.621447
0.229375 0.621987
0.230625 0.62249
0.231875 0.622953
0.233125 0.623379
0.234375 0.623766
0.235625 0.624114
0.236875 0.624424
0.238125 0.624696
0.239375 0.624928
0.240625 0.625123
0.241875 0.625279
0.243125 0.625396
0.244375 0.625474
0.245625 0.625514
0.246875 0.625516
0.248125 0.625479
0.249375 0.625403
0.250625 0.625289
0.251875 0.625136
0.253125 0.624944
0.254375 0.624714
0.255625 0.624446
0.256875 0.624139
0.258125 0.623793
0.259375 0.623409
0.260625 0.622987
0.261875 0.622526
0.263125 0.622027
0.264375 0.621489
0.265625 0.620913
0.266875 0.620299
0.268125 0.619646
0.269375 0.618956
0.270625 0.618227
0.271875 0.617459
0.273125 0.616654
0.274375 0.615811
0.275625 0.61493
0.276875 0.614011
0.278125 0.613054
0.279375 0.612059
0.280625 0.611026
0.281875 0.609956
0.283125 0.608848
0.284375 0.607703
0.285625 0.60652
0.286875 0.605299
0.288125 0.604042
0.289375 0.602747
0.290625 0.601415
0.291875 0.600045
0.293125 0.598639
0.294375 0.597196
0.295625 0.595716
0.296875 0.594199
0.298125 0.592646
0.299375 0.591056
0.300625 0.589429
0.301875 0.587767
0.303125 0.586068
0.304375 0.584332
0.305625 0.582561
0.306875 0.580754
0.308125 0.578911
0.309375 0.577032
0.310625 0.575118
0.311875 0.573168
0.313125 0.571183
0.314375 0.569163
0.315625 0.567107
0.316875 0.565017
0.318125 0.562892
0.319375 0.560731
0.320625 0.558537
0.321875 0.556308
0.323125 0.554044
0.324375 0.551747
0.325625 0.549415
0.326875 0.54705
0.328125 0.544651
0.329375 0.542218
0.330625 0.539751
0.331875 0.537252
0.333125 0.534719
0.334375 0.532153
0.335625 0.529555
0.336875 0.526924
0.338125 0.52426
0.339375 0.521564
0.340625 0.518836
0.341875 0.516076
0.343125 0.513284
0.344375 0.51046
0.345625 0.507605
0.346875 0.504718
0.348125 0.501801
0.349375 0.498852
0.350625 0.495873
0.351875 0.492863
0.353125 0.489822
0.354375 0.486752
0.355625 0.483651
0.356875 0.480521
0.358125 0.477361
0.359375 0.474171
0.360625 0.470952
0.361875 0.467705
0.363125 0.464428
0.364375 0.461123
0.365625 0.457789
0.366875 0.454427
0.368125 0.451037
0.369375 0.447619
0.370625 0.444174
0.371875 0.440701
0.373125 0.437201
0.374375 0.433674
0.375625 0.43012
0.376875 0.42654
0.378125 0.422933
0.379375 0.4193
0.380625 0.415642
0.381875 0.411958
0.383125 0.408248
0.384375 0.404513
0.385625 0.400754
0.386875 0.396969
0.388125 0.39316
0.389375 0.389327
0.390625 0.38547
0.391875 0.381589
0.393125 0.377684
0.394375 0.373756
0.395625 0.369806
0.396875 0.365832
0.398125 0.361836
0.399375 0.357817
0.400625 0.353776
0.401875 0.349714
0.403125 0.34563
0.404375 0.341525
0.405625 0.337398
0.406875 0.333251
0.408125 0.329083
0.409375 0.324895
0.410625 0.320687
0.411875 0.316459
0.413125 0.312212
0.414375 0.307945
0.415625 0.303659
0.416875 0.299355
0.418125 0.295032
0.419375 0.290691
0.420625 0.286332
0.421875 0.281955
0.423125 0.277561
0.424375 0.27315
0.425625 0.268722
0.426875 0.264277
0.428125 0.259816
0.429375 0.255339
0.430625 0.250846
0.431875 0.246338
0.433125 0.241815
0.434375 0.237277
0.435625 0.232724
0.436875 0.228156
0.438125 0.223575
0.439375 0.21898
0.440625 0.214371
0.441875 0.209749
0.443125 0.205115
0.444375 0.200467
0.445625 0.195807
0.446875 0.191135
0.448125 0.186452
0.449375 0.181757
0.450625 0.17705
0.451875 0.172333
0.453125 0.167605
0.454375 0.162867
0.455625 0.158118
0.456875 0.15336
0.458125 0.148593
0.459375 0.143816
0.460625 0.13903
0.461875 0.134236
0.463125 0.129434
0.464375 0.124623
0.465625 0.119805
0.466875 0.114979
0.468125 0.110147
0.469375 0.105307
0.470625 0.100462
0.471875 0.0956095
0.473125 0.0907515
0.474375 0.0858879
0.475625 0.081019
0.476875 0.0761451
0.478125 0.0712665
0.479375 0.0663835
0.480625 0.0614965
0.481875 0.0566056
0.483125 0.0517112
0.484375 0.0468137
0.485625 0.0419132
0.486875 0.0370102
0.488125 0.0321049
0.489375 0.0271976
0.490625 0.0222887
0.491875 0.0173783
0.493125 0.0124669
0.494375 0.00755472
0.495625 0.00264207
0.496875 -0.00227074
0.498125 -0.0071834
0.499375 -0.0120956
0.500625 -0.0170071
0.501875 -0.0219175
0.503125 -0.0268266
0.504375 -0.031734
0.505625 -0.0366395
0.506875 -0.0415427
0.508125 -0.0464434
0.509375 -0.0513411
0.510625 -0.0562358
0.511875 -0.0611269
0.513125 -0.0660143
0.514375 -0.0708976
0.515625 -0.0757765
0.516875 -0.0806508
0.518125 -0.08552
0.519375 -0.090384
0.520625 -0.0952425
0.521875 -0.100095
0.523125 -0.104941
0.524375 -0.109781
0.525625 -0.114614
0.526875 -0.11944
0.528125 -0.124259
0.529375 -0.12907
0.530625 -0.133873
0.531875 -0.138668
0.533125 -0.143454
0.534375 -0.148232
0.535625 -0.153
0.536875 -0.157759
0.538125 -0.162508
0.539375 -0.167247
0.540625 -0.171976
0.541875 -0.176694
0.543125 -0.181401
0.544375 -0.186097
0.545625 -0.190782
0.546875 -0.195455
0.548125 -0.200115
0.549375 -0.204764
0.550625 -0.2094
0.551875 -0.214022
0.553125 -0.218632
0.554375 -0.223228
0.555625 -0.227811
0.556875 -0.232379
0.558125 -0.236933
0.559375 -0.241472
0.560625 -0.245997
0.561875 -0.250506
0.563125 -0.255
0.564375 -0.259478
0.565625 -0.26394
0.566875 -0.268386
0.568125 -0.272816
0.569375 -0.277228
0.570625 -0.281623
0.571875 -0.286001
0.573125 -0.290362
0.574375 -0.294704
0.575625 -0.299029
0.576875 -0.303334
0.578125 -0.307622
0.579375 -0.31189
0.580625 -0.316139
0.581875 -0.320368
0.583125 -0.324578
0.584375 -0.328767
0.585625 -0.332937
0.586875 -0.337085
0.588125 -0.341213
0.589375 -0.34532
0.590625 -0.349406
0.591875 -0.35347
0.593125 -0.357512
0.594375 -0.361533
0.595625 -0.365531
0.596875 -0.369506
0.598125 -0.373459
0.599375 -0.377388
0.600625 -0.381295
0.601875 -0.385177
0.603125 -0.389036
0.604375 -0.392871
0.605625 -0.396682
0.606875 -0.400468
0.608125 -0.40423
0.609375 -0.407967
0.610625 -0.411678
0.611875 -0.415364
0.613125 -0.419025
0.614375 -0.422659
0.615625 -0.426268
0.616875 -0.42985
0.618125 -0.433406
0.619375 -0.436935
0.620625 -0.440437
0.621875 -0.443912
0.623125 -0.44736
0.624375 -0.45078
0.625625 -0.454172
0.626875 -0.457536
0.628125 -0.460872
0.629375 -0.464179
0.630625 -0.467458
0.631875 -0.470708
0.633125 -0.473929
0.634375 -0.477121
0.635625 -0.480283
0.636875 -0.483416
0.638125 -0.486519
0.639375 -0.489591
0.640625 -0.492634
0.641875 -0.495646
0.643125 -0.498628
0.644375 -0.501579
0.645625 -0.504499
0.646875 -0.507388
0.648125 -0.510245
0.649375 -0.513071
0.650625 -0.515866
0.651875 -0.518628
0.653125 -0.521359
0.654375 -0.524057
0.655625 -0.526724
0.656875 -0.529357
0.658125 -0.531958
0.659375 -0.534526
0.660625 -0.537062
0.661875 -0.539564
0.663125 -0.542032
0.664375 -0.544468
0.665625 -0.54687
0.666875 -0.549238
0.668125 -0.551572
0.669375 -0.553872
0.670625 -0.556138
0.671875 -0.55837
0.673125 -0.560567
0.674375 -0.562729
0.675625 -0.564857
0.676875 -0.56695
0.678125 -0.569009
0.679375 -0.571032
0.680625 -0.573019
0.681875 -0.574972
0.683125 -0.576889
0.684375 -0.57877
0.685625 -0.580616
0.686875 -0.582426
0.688125 -0.5842
0.689375 -0.585938
0.690625 -0.587639
0.691875 -0.589305
0.693125 -0.590934
0.694375 -0.592527
0.695625 -0.594083
0.696875 -0.595603
0.698125 -0.597085
0.699375 -0.598531
0.700625 -0.59994
0.701875 -0.601312
0.703125 -0.602647
0.704375 -0.603945
0.705625 -0.605206
0.706875 -0.606429
0.708125 -0.607615
0.709375 -0.608763
0.710625 -0.609874
0.711875 -0.610947
0.713125 -0.611982
0.714375 -0.61298
0.715625 -0.61394
0.716875 -0.614862
0.718125 -0.615746
0.719375 -0.616592
0.720625 -0.6174
0.721875 -0.61817
0.723125 -0.618902
0.724375 -0.619595
0.725625 -0.620251
0.726875 -0.620868
0.728125 -0.621447
0.729375 -0.621987
0.730625 -0.62249
0.731875 -0.622953
0.733125 -0.623379
0.734375 -0.623766
0.735625 -0.624114
0.736875 -0.624424
0.738125 -0.624696
0.739375 -0.624928
0.740625 -0.625123
0.741875 -0.625279
0.743125 -0.625396
0.744375 -0.625474
0.745625 -0.625514
0.746875 -0.625516
0.748125 -0.625479
0.749375 -0.625403
0.750625 -0.625289
0.751875 -0.625136
0.753125 -0.624944
0.754375 -0.624714
0.755625 -0.624446
0.756875 -0.624139
0.758125 -0.623793
0.759375 -0.623409
0.760625 -0.622987
0.761875 -0.622526
0.763125 -0.622027
0.764375 -0.621489
0.765625 -0.620913
0.766875 -0.620299
0.768125 -0.619646
0.769375 -0.618956
0.770625 -0.618227
0.771875 -0.617459
0.773125 -0.616654
0.774375 -0.615811
0.775625 -0.61493
0.776875 -0.614011
0.778125 -0.613054
0.779375 -0.612059
0.780625 -0.611026
0.781875 -0.609956
0.783125 -0.608848
0.784375 -0.607703
0.785625 -0.60652
0.786875 -0.605299
0.788125 -0.604042
0.789375 -0.602747
0.790625 -0.601415
0.791875 -0.600045
0.793125 -0.598639
0.794375 -0.597196
0.795625 -0.595716
0.796875 -0.594199
0.798125 -0.592646
0.799375 -0.591056
0.800625 -0.589429
0.801875 -0.587767
0.803125 -0.586068
0.804375 -0.584332
0.805625 -0.582561
0.806875 -0.580754
0.808125 -0.578911
0.809375 -0.577032
0.810625 -0.575118
0.811875 -0.573168
0.813125 -0.571183
0.814375 -0.569163
0.815625 -0.567107
0.816875 -0.565017
0.818125 -0.562892
0.819375 -0.560731
0.820625 -0.558537
0.821875 -0.556308
0.823125 -0.554044
0.824375 -0.551747
0.825625 -0.549415
0.826875 -0.54705
0.828125 -0.544651
0.829375 -0.542218
0.830625 -0.539751
0.831875 -0.537252
0.833125 -0.534719
0.834375 -0.532153
0.835625 -0.529555
0.836875 -0.526924
0.838125 -0.52426
0.839375 -0.521564
0.840625 -0.518836
0.841875 -0.516076
0.843125 -0.513284
0.844375 -0.51046
0.845625 -0.507605
0.846875 -0.504718
0.848125 -0.501801
0.849375 -0.498852
0.850625 -0.495873
0.851875 -0.492863
0.853125 -0.489822
0.854375 -0.486752
0.855625 -0.483651
0.856875 -0.480521
0.858125 -0.477361
0.859375 -0.474171
0.860625 -0.470952
0.861875 -0.467705
0.863125 -0.464428
0.864375 -0.461123
0.865625 -0.457789
0.866875 -0.454427
0.868125 -0.451037
0.869375 -0.447619
0.870625 -0.444174
0.871875 -0.440701
0.873125 -0.437201
0.874375 -0.433674
0.875625 -0.43012
0.876875 -0.42654
0.878125 -0.422933
0.879375 -0.4193
0.880625 -0.415642
0.881875 -0.411958
0.883125 -0.408248
0.884375 -0.404513
0.885625 -0.400754
0.886875 -0.396969
0.888125 -0.39316
0.889375 -0.389327
0.890625 -0.38547
0.891875 -0.381589
0.893125 -0.377684
0.894375 -0.373756
0.895625 -0.369806
0.896875 -0.365832
0.898125 -0.361836
0.899375 -0.357817
0.900625 -0.353776
0.901875 -0.349714
0.903125 -0.34563
0.904375 -0.341525
0.905625 -0.337398
0.906875 -0.333251
0.908125 -0.329083
0.909375 -0.324895
0.910625 -0.320687
0.911875 -0.316459
0.913125 -0.312212
0.914375 -0.307945
0.915625 -0.303659
0.916875 -0.299355
0.918125 -0.295032
0.919375 -0.290691
0.920625 -0.286332
0.921875 -0.281955
0.923125 -0.277561
0.924375 -0.27315
0.925625 -0.268722
0.926875 -0.264277
0.928125 -0.259816
0.929375 -0.255339
0.930625 -0.250846
0.931875 -0.246338
0.933125 -0.241815
0.934375 -0.237277
0.935625 -0.232724
0.936875 -0.228156
0.938125 -0.223575
0.939375 -0.21898
0.940625 -0.214371
0.941875 -0.209749
0.943125 -0.205115
0.944375 -0.200467
0.945625 -0.195807
0.946875 -0.191135
0.948125 -0.186452
0.949375 -0.181757
0.950625 -0.17705
0.951875 -0.172333
0.953125 -0.167605
0.954375 -0.162867
0.955625 -0.158118
0.956875 -0.15336
0.958125 -0.148593
0.959375 -0.143816
0.960625 -0.13903
0.961875 -0.134236
0.963125 -0.129434
0.964375 -0.124623
0.965625 -0.119805
0.966875 -0.114979
0.968125 -0.110147
0.969375 -0.105307
0.970625 -0.100462
0.971875 -0.0956095
0.973125 -0.0907515
0.974375 -0.0858879
0.975625 -0.081019
0.976875 -0.0761451
0.978125 -0.0712665
0.979375 -0.0663835
0.980625 -0.0614965
0.981875 -0.0566056
0.983125 -0.0517112
0.984375 -0.0468137
0.985625 -0.0419132
0.986875 -0.0370102
0.988125 -0.0321049
0.989375 -0.0271976
0.990625 -0.0222887
0.991875 -0.0173783
0.993125 -0.0124669
0.994375 -0.00755472
0.995625 -0.00264207
0.996875 0.00227074
0.998125 0.0071834
0.999375 0.0120956
