
# time = 1
0.0005 0.0927043
0.0015 0.0873317
0.0025 0.0819556
0.0035 0.0765763
0.0045 0.071194
0.0055 0.0658089
0.0065 0.0604212
0.0075 0.0550311
0.0085 0.0496388
0.0095 0.0442445
0.0105 0.0388486
0.0115 0.033451
0.0125 0.0280522
0.0135 0.0226522
0.0145 0.0172514
0.0155 0.0118499
0.0165 0.00644788
0.0175 0.00104563
0.0185 -0.00435666
0.0195 -0.00975878
0.0205 -0.0151605
0.0215 -0.0205616
0.0225 -0.025962
0.0235 -0.0313613
0.0245 -0.0367593
0.0255 -0.0421559
0.0265 -0.0475509
0.0275 -0.0529439
0.0285 -0.0583349
0.0295 -0.0637236
0.0305 -0.0691097
0.0315 -0.0744932
0.0325 -0.0798737
0.0335 -0.085251
0.0345 -0.090625
0.0355 -0.0959954
0.0365 -0.101362
0.0375 -0.106725
0.0385 -0.112083
0.0395 -0.117437
0.0405 -0.122786
0.0415 -0.128131
0.0425 -0.13347
0.0435 -0.138804
0.0445 -0.144133
0.0455 -0.149456
0.0465 -0.154773
0.0475 -0.160084
0.0485 -0.165389
0.0495 -0.170687
0.0505 -0.175978
0.0515 -0.181263
0.0525 -0.18654
0.0535 -0.19181
0.0545 -0.197072
0.0555 -0.202327
0.0565 -0.207573
0.0575 -0.212812
0.0585 -0.218042
0.0595 -0.223263
0.0605 -0.228476
0.0615 -0.233679
0.0625 -0.238873
0.0635 -0.244058
0.0645 -0.249234
0.0655 -0.254399
0.0665 -0.259554
0.0675 -0.264699
0.0685 -0.269834
0.0695 -0.274958
0.0705 -0.280071
0.0715 -0.285173
0.0725 -0.290264
0.0735 -0.295344
0.0745 -0.300411
0.0755 -0.305467
0.0765 -0.310511
0.0775 -0.315543
0.0785 -0.320562
0.0795 -0.325568
0.0805 -0.330562
0.0815 -0.335542
0.0825 -0.340509
0.0835 -0.345463
0.0845 -0.350404
0.0855 -0.35533
0.0865 -0.360242
0.0875 -0.36514
0.0885 -0.370024
0.0895 -0.374893
0.0905 -0.379747
0.0915 -0.384587
0.0925 -0.389411
0.0935 -0.39422
0.0945 -0.399013
0.0955 -0.40379
0.0965 -0.408552
0.0975 -0.413297
0.0985 -0.418026
0.0995 -0.422739
0.1005 -0.427435
0.1015 -0.432114
0.1025 -0.436776
0.1035 -0.44142
0.1045 -0.446047
0.1055 -0.450657
0.1065 -0.455249
0.1075 -0.459823
0.1085 -0.464379
0.1095 -0.468916
0.1105 -0.473435
0.1115 -0.477935
0.1125 -0.482416
0.1135 -0.486879
0.1145 -0.491322
0.1155 -0.495745
0.1165 -0.500149
0.1175 -0.504534
0.1185 -0.508898
0.1195 -0.513243
0.1205 -0.517567
0.1215 -0.52187
0.1225 -0.526153
0.1235 -0.530416
0.1245 -0.534657
0.1255 -0.538877
0.1265 -0.543076
0.1275 -0.547254
0.1285 -0.55141
0.1295 -0.555544
0.1305 -0.559656
0.1315 -0.563746
0.1325 -0.567814
0.1335 -0.571859
0.1345 -0.575882
0.1355 -0.579882
0.1365 -0.58386
0.1375 -0.587814
0.1385 -0.591745
0.1395 -0.595652
0.1405 -0.599536
0.1415 -0.603397
0.1425 -0.607233
0.1435 -0.611046
0.1445 -0.614835
0.1455 -0.618599
0.1465 -0.622339
0.1475 -0.626054
0.1485 -0.629744
0.1495 -0.63341
0.1505 -0.637051
0.1515 -0.640666
0.1525 -0.644257
0.1535 -0.647821
0.1545 -0.651361
0.1555 -0.654874
0.1565 -0.658362
0.1575 -0.661823
0.1585 -0.665259
0.1595 -0.668668
0.1605 -0.672051
0.1615 -0.675407
0.1625 -0.678737
0.1635 -0.68204
0.1645 -0.685316
0.1655 -0.688565
0.1665 -0.691787
0.1675 -0.694981
0.1685 -0.698148
0.1695 -0.701287
0.1705 -0.704399
0.1715 -0.707483
0.1725 -0.710539
0.1735 -0.713567
0.1745 -0.716567
0.1755 -0.719538
0.1765 -0.722481
0.1775 -0.725396
0.1785 -0.728282
0.1795 -0.731139
0.1805 -0.733967
0.1815 -0.736766
0.1825 -0.739537
0.1835 -0.742278
0.1845 -0.744989
0.1855 -0.747672
0.1865 -0.750325
0.1875 -0.752948
0.1885 -0.755541
0.1895 -0.758105
0.1905 -0.760639
0.1915 -0.763142
0.1925 -0.765616
0.1935 -0.768059
0.1945 -0.770472
0.1955 -0.772855
0.1965 -0.775207
0.1975 -0.777528
0.1985 -0.779819
0.1995 -0.782079
0.2005 -0.784308
0.2015 -0.786506
0.2025 -0.788673
0.2035 -0.790809
0.2045 -0.792914
0.2055 -0.794987
0.2065 -0.797029
0.2075 -0.79904
0.2085 -0.801019
0.2095 -0.802967
0.2105 -0.804882
0.2115 -0.806766
0.2125 -0.808618
0.2135 -0.810438
0.2145 -0.812227
0.2155 -0.813983
0.2165 -0.815707
0.2175 -0.817399
0.2185 -0.819058
0.2195 -0.820685
0.2205 -0.82228
0.2215 -0.823842
0.2225 -0.825372
0.2235 -0.826869
0.2245 -0.828334
0.2255 -0.829766
0.2265 -0.831165
0.2275 -0.832531
0.2285 -0.833864
0.2295 -0.835165
0.2305 -0.836433
0.2315 -0.837667
0.2325 -0.838868
0.2335 -0.840037
0.2345 -0.841172
0.2355 -0.842274
0.2365 -0.843343
0.2375 -0.844378
0.2385 -0.84538
0.2395 -0.846349
0.2405 -0.847284
0.2415 -0.848186
0.2425 -0.849054
0.2435 -0.849889
0.2445 -0.85069
0.2455 -0.851458
0.2465 -0.852192
0.2475 -0.852893
0.2485 -0.853559
0.2495 -0.854192
0.2505 -0.854792
0.2515 -0.855357
0.2525 -0.855889
0.2535 -0.856387
0.2545 -0.856851
0.2555 -0.857282
0.2565 -0.857678
0.2575 -0.858041
0.2585 -0.85837
0.2595 -0.858665
0.2605 -0.858926
0.2615 -0.859153
0.2625 -0.859346
0.2635 -0.859506
0.2645 -0.859631
0.2655 -0.859722
0.2665 -0.85978
0.2675 -0.859803
0.2685 -0.859793
0.2695 -0.859749
0.2705 -0.85967
0.2715 -0.859558
0.2725 -0.859412
0.2735 -0.859232
0.2745 -0.859018
0.2755 -0.85877
0.2765 -0.858488
0.2775 -0.858172
0.2785 -0.857823
0.2795 -0.857439
0.2805 -0.857022
0.2815 -0.856571
0.2825 -0.856086
0.2835 -0.855567
0.2845 -0.855015
0.2855 -0.854428
0.2865 -0.853808
0.2875 -0.853155
0.2885 -0.852467
0.2895 -0.851746
0.2905 -0.850992
0.2915 -0.850203
0.2925 -0.849381
0.2935 -0.848526
0.2945 -0.847637
0.2955 -0.846715
0.2965 -0.845759
0.2975 -0.84477
0.2985 -0.843747
0.2995 -0.842692
0.3005 -0.841602
0.3015 -0.84048
0.3025 -0.839325
0.3035 -0.838136
0.3045 -0.836914
0.3055 -0.83566
0.3065 -0.834372
0.3075 -0.833051
0.3085 -0.831698
0.3095 -0.830311
0.3105 -0.828892
0.3115 -0.82744
0.3125 -0.825956
0.3135 -0.824438
0.3145 -0.822889
0.3155 -0.821306
0.3165 -0.819692
0.3175 -0.818045
0.3185 -0.816365
0.3195 -0.814654
0.3205 -0.81291
0.3215 -0.811134
0.3225 -0.809327
0.3235 -0.807487
0.3245 -0.805615
0.3255 -0.803712
0.3265 -0.801777
0.3275 -0.79981
0.3285 -0.797812
0.3295 -0.795782
0.3305 -0.79372
0.3315 -0.791628
0.3325 -0.789504
0.3335 -0.787349
0.3345 -0.785163
0.3355 -0.782946
0.3365 -0.780697
0.3375 -0.778419
0.3385 -0.776109
0.3395 -0.773769
0.3405 -0.771398
0.3415 -0.768997
0.3425 -0.766565
0.3435 -0.764103
0.3445 -0.761611
0.3455 -0.759089
0.3465 -0.756537
0.3475 -0.753955
0.3485 -0.751344
0.3495 -0.748702
0.3505 -0.746031
0.3515 -0.743331
0.3525 -0.740601
0.3535 -0.737842
0.3545 -0.735054
0.3555 -0.732237
0.3565 -0.729391
0.3575 -0.726516
0.3585 -0.723613
0.3595 -0.720681
0.3605 -0.71772
0.3615 -0.714731
0.3625 -0.711714
0.3635 -0.708669
0.3645 -0.705596
0.3655 -0.702495
0.3665 -0.699366
0.3675 -0.69621
0.3685 -0.693026
0.3695 -0.689815
0.3705 -0.686577
0.3715 -0.683311
0.3725 -0.680019
0.3735 -0.6767
0.3745 -0.673353
0.3755 -0.669981
0.3765 -0.666582
0.3775 -0.663156
0.3785 -0.659705
0.3795 -0.656227
0.3805 -0.652724
0.3815 -0.649194
0.3825 -0.64564
0.3835 -0.642059
0.3845 -0.638453
0.3855 -0.634822
0.3865 -0.631166
0.3875 -0.627485
0.3885 -0.62378
0.3895 -0.620049
0.3905 -0.616295
0.3915 -0.612516
0.3925 -0.608712
0.3935 -0.604885
0.3945 -0.601034
0.3955 -0.597159
0.3965 -0.59326
0.3975 -0.589338
0.3985 -0.585393
0.3995 -0.581425
0.4005 -0.577433
0.4015 -0.573419
0.4025 -0.569383
0.4035 -0.565323
0.4045 -0.561242
0.4055 -0.557138
0.4065 -0.553012
0.4075 -0.548865
0.4085 -0.544696
0.4095 -0.540505
0.4105 -0.536293
0.4115 -0.53206
0.4125 -0.527806
0.4135 -0.523531
0.4145 -0.519235
0.4155 -0.514919
0.4165 -0.510582
0.4175 -0.506226
0.4185 -0.501849
0.4195 -0.497453
0.4205 -0.493036
0.4215 -0.488601
0.4225 -0.484146
0.4235 -0.479672
0.4245 -0.475179
0.4255 -0.470667
0.4265 -0.466137
0.4275 -0.461589
0.4285 -0.457022
0.4295 -0.452437
0.4305 -0.447834
0.4315 -0.443214
0.4325 -0.438576
0.4335 -0.43392
0.4345 -0.429248
0.4355 -0.424559
0.4365 -0.419852
0.4375 -0.41513
0.4385 -0.410391
0.4395 -0.405635
0.4405 -0.400864
0.4415 -0.396077
0.4425 -0.391274
0.4435 -0.386456
0.4445 -0.381623
0.4455 -0.376774
0.4465 -0.371911
0.4475 -0.367033
0.4485 -0.36214
0.4495 -0.357233
0.4505 -0.352312
0.4515 -0.347377
0.4525 -0.342429
0.4535 -0.337467
0.4545 -0.332491
0.4555 -0.327503
0.4565 -0.322501
0.4575 -0.317487
0.4585 -0.31246
0.4595 -0.307421
0.4605 -0.30237
0.4615 -0.297307
0.4625 -0.292232
0.4635 -0.287145
0.4645 -0.282048
0.4655 -0.276939
0.4665 -0.271819
0.4675 -0.266688
0.4685 -0.261547
0.4695 -0.256396
0.4705 -0.251234
0.4715 -0.246063
0.4725 -0.240882
0.4735 -0.235691
0.4745 -0.230491
0.4755 -0.225282
0.4765 -0.220064
0.4775 -0.214837
0.4785 -0.209602
0.4795 -0.204359
0.4805 -0.199107
0.4815 -0.193848
0.4825 -0.188581
0.4835 -0.183306
0.4845 -0.178025
0.4855 -0.172736
0.4865 -0.16744
0.4875 -0.162138
0.4885 -0.15683
0.4895 -0.151515
0.4905 -0.146194
0.4915 -0.140868
0.4925 -0.135536
0.4935 -0.130198
0.4945 -0.124856
0.4955 -0.119508
0.4965 -0.114156
0.4975 -0.108799
0.4985 -0.103438
0.4995 -0.0980733
0.5005 -0.0927043
0.5015 -0.0873317
0.5025 -0.0819556
0.5035 -0.0765763
0.5045 -0.071194
0.5055 -0.0658089
0.5065 -0.0604212
0.5075 -0.0550311
0.5085 -0.0496388
0.5095 -0.0442445
0.5105 -0.0388486
0.5115 -0.033451
0.5125 -0.0280522
0.5135 -0.0226522
0.5145 -0.0172514
0.5155 -0.0118499
0.5165 -0.00644788
0.5175 -0.00104563
0.5185 0.00435666
0.5195 0.00975878
0.5205 0.0151605
0.5215 0.0205616
0.5225 0.025962
0.5235 0.0313613
0.5245 0.0367593
0.5255 0.0421559
0.5265 0.0475509
0.5275 0.0529439
0.5285 0.0583349
0.5295 0.0637236
0.5305 0.0691097
0.5315 0.0744932
0.5325 0.0798737
0.5335 0.085251
0.5345 0.090625
0.5355 0.0959954
0.5365 0.101362
0.5375 0.106725
0.5385 0.112083
0.5395 0.117437
0.5405 0.122786
0.5415 0.128131
0.5425 0.13347
0.5435 0.138804
0.5445 0.144133
0.5455 0.149456
0.5465 0.154773
0.5475 0.160084
0.5485 0.165389
0.5495 0.170687
0.5505 0.175978
0.5515 0.181263
0.5525 0.18654
0.5535 0.19181
0.5545 0.197072
0.5555 0.202327
0.5565 0.207573
0.5575 0.212812
0.5585 0.218042
0.5595 0.223263
0.5605 0.228476
0.5615 0.233679
0.5625 0.238873
0.5635 0.244058
0.5645 0.249234
0.5655 0.254399
0.5665 0.259554
0.5675 0.264699
0.5685 0.269834
0.5695 0.274958
0.5705 0.280071
0.5715 0.285173
0.5725 0.290264
0.5735 0.295344
0.5745 0.300411
0.5755 0.305467
0.5765 0.310511
0.5775 0.315543
0.5785 0.320562
0.5795 0.325568
0.5805 0.330562
0.5815 0.335542
0.5825 0.340509
0.5835 0.345463
0.5845 0.350404
0.5855 0.35533
0.5865 0.360242
0.5875 0.36514
0.5885 0.370024
0.5895 0.374893
0.5905 0.379747
0.5915 0.384587
0.5925 0.389411
0.5935 0.39422
0.5945 0.399013
0.5955 0.40379
0.5965 0.408552
0.5975 0.413297
0.5985 0.418026
0.5995 0.422739
0.6005 0.427435
0.6015 0.432114
0.6025 0.436776
0.6035 0.44142
0.6045 0.446047
0.6055 0.450657
0.6065 0.455249
0.6075 0.459823
0.6085 0.464379
0.6095 0.468916
0.6105 0.473435
0.6115 0.477935
0.6125 0.482416
0.6135 0.486879
0.6145 0.491322
0.6155 0.495745
0.6165 0.500149
0.6175 0.504534
0.6185 0.508898
0.6195 0.513243
0.6205 0.517567
0.6215 0.52187
0.6225 0.526153
0.6235 0.530416
0.6245 0.534657
0.6255 0.538877
0.6265 0.543076
0.6275 0.547254
0.6285 0.55141
0.6295 0.555544
0.6305 0.559656
0.6315 0.563746
0.6325 0.567814
0.6335 0.571859
0.6345 0.575882
0.6355 0.579882
0.6365 0.58386
0.6375 0.587814
0.6385 0.591745
0.6395 0.595652
0.6405 0.599536
0.6415 0.603397
0.6425 0.607233
0.6435 0.611046
0.6445 0.614835
0.6455 0.618599
0.6465 0.622339
0.6475 0.626054
0.6485 0.629744
0.6495 0.63341
0.6505 0.637051
0.6515 0.640666
0.6525 0.644257
0.6535 0.647821
0.6545 0.651361
0.6555 0.654874
0.6565 0.658362
0.6575 0.661823
0.6585 0.665259
0.6595 0.668668
0.6605 0.672051
0.6615 0.675407
0.6625 0.678737
0.6635 0.68204
0.6645 0.685316
0.6655 0.688565
0.6665 0.691787
0.6675 0.694981
0.6685 0.698148
0.6695 0.701287
0.6705 0.704399
0.6715 0.707483
0.6725 0.710539
0.6735 0.713567
0.6745 0.716567
0.6755 0.719538
0.6765 0.722481
0.6775 0.725396
0.6785 0.728282
0.6795 0.731139
0.6805 0.733967
0.6815 0.736766
0.6825 0.739537
0.6835 0.742278
0.6845 0.744989
0.6855 0.747672
0.6865 0.750325
0.6875 0.752948
0.6885 0.755541
0.6895 0.758105
0.6905 0.760639
0.6915 0.763142
0.6925 0.765616
0.6935 0.768059
0.6945 0.770472
0.6955 0.772855
0.6965 0.775207
0.6975 0.777528
0.6985 0.779819
0.6995 0.782079
0.7005 0.784308
0.7015 0.786506
0.7025 0.788673
0.7035 0.790809
0.7045 0.792914
0.7055 0.794987
0.7065 0.797029
0.7075 0.79904
0.7085 0.801019
0.7095 0.802967
0.7105 0.804882
0.7115 0.806766
0.7125 0.808618
0.7135 0.810438
0.7145 0.812227
0.7155 0.813983
0.7165 0.815707
0.7175 0.817399
0.7185 0.819058
0.7195 0.820685
0.7205 0.82228
0.7215 0.823842
0.7225 0.825372
0.7235 0.826869
0.7245 0.828334
0.7255 0.829766
0.7265 0.831165
0.7275 0.832531
0.7285 0.833864
0.7295 0.835165
0.7305 0.836433
0.7315 0.837667
0.7325 0.838868
0.7335 0.840037
0.7345 0.841172
0.7355 0.842274
0.7365 0.843343
0.7375 0.844378
0.7385 0.84538
0.7395 0.846349
0.7405 0.847284
0.7415 0.848186
0.7425 0.849054
0.7435 0.849889
0.7445 0.85069
0.7455 0.851458
0.7465 0.852192
0.7475 0.852893
0.7485 0.853559
0.7495 0.854192
0.7505 0.854792
0.7515 0.855357
0.7525 0.855889
0.7535 0.856387
0.7545 0.856851
0.7555 0.857282
0.7565 0.857678
0.7575 0.858041
0.7585 0.85837
0.7595 0.858665
0.7605 0.858926
0.7615 0.859153
0.7625 0.859346
0.7635 0.859506
0.7645 0.859631
0.7655 0.859722
0.7665 0.85978
0.7675 0.859803
0.7685 0.859793
0.7695 0.859749
0.7705 0.85967
0.7715 0.859558
0.7725 0.859412
0.7735 0.859232
0.7745 0.859018
0.7755 0.85877
0.7765 0.858488
0.7775 0.858172
0.7785 0.857823
0.7795 0.857439
0.7805 0.857022
0.7815 0.856571
0.7825 0.856086
0.7835 0.855567
0.7845 0.855015
0.7855 0.854428
0.7865 0.853808
0.7875 0.853155
0.7885 0.852467
0.7895 0.851746
0.7905 0.850992
0.7915 0.850203
0.7925 0.849381
0.7935 0.848526
0.7945 0.847637
0.7955 0.846715
0.7965 0.845759
0.7975 0.84477
0.7985 0.843747
0.7995 0.842692
0.8005 0.841602
0.8015 0.84048
0.8025 0.839325
0.8035 0.838136
0.8045 0.836914
0.8055 0.83566
0.8065 0.834372
0.8075 0.833051
0.8085 0.831698
0.8095 0.830311
0.8105 0.828892
0.8115 0.82744
0.8125 0.825956
0.8135 0.824438
0.8145 0.822889
0.8155 0.821306
0.8165 0.819692
0.8175 0.818045
0.8185 0.816365
0.8195 0.814654
0.8205 0.81291
0.8215 0.811134
0.8225 0.809327
0.8235 0.807487
0.8245 0.805615
0.8255 0.803712
0.8265 0.801777
0.8275 0.79981
0.8285 0.797812
0.8295 0.795782
0.8305 0.79372
0.8315 0.791628
0.8325 0.789504
0.8335 0.787349
0.8345 0.785163
0.8355 0.782946
0.8365 0.780697
0.8375 0.778419
0.8385 0.776109
0.8395 0.773769
0.8405 0.771398
0.8415 0.768997
0.8425 0.766565
0.8435 0.764103
0.8445 0.761611
0.8455 0.759089
0.8465 0.756537
0.8475 0.753955
0.8485 0.751344
0.8495 0.748702
0.8505 0.746031
0.8515 0.743331
0.8525 0.740601
0.8535 0.737842
0.8545 0.735054
0.8555 0.732237
0.8565 0.729391
0.8575 0.726516
0.8585 0.723613
0.8595 0.720681
0.8605 0.71772
0.8615 0.714731
0.8625 0.711714
0.8635 0.708669
0.8645 0.705596
0.8655 0.702495
0.8665 0.699366
0.8675 0.69621
0.8685 0.693026
0.8695 0.689815
0.8705 0.686577
0.8715 0.683311
0.8725 0.680019
0.8735 0.6767
0.8745 0.673353
0.8755 0.669981
0.8765 0.666582
0.8775 0.663156
0.8785 0.659705
0.8795 0.656227
0.8805 0.652724
0.8815 0.649194
0.8825 0.64564
0.8835 0.642059
0.8845 0.638453
0.8855 0.634822
0.8865 0.631166
0.8875 0.627485
0.8885 0.62378
0.8895 0.620049
0.8905 0.616295
0.8915 0.612516
0.8925 0.608712
0.8935 0.604885
0.8945 0.601034
0.8955 0.597159
0.8965 0.59326
0.8975 0.589338
0.8985 0.585393
0.8995 0.581425
0.9005 0.577433
0.9015 0.573419
0.9025 0.569383
0.9035 0.565323
0.9045 0.561242
0.9055 0.557138
0.9065 0.553012
0.9075 0.548865
0.9085 0.544696
0.9095 0.540505
0.9105 0.536293
0.9115 0.53206
0.9125 0.527806
0.9135 0.523531
0.9145 0.519235
0.9155 0.514919
0.9165 0.510582
0.9175 0.506226
0.9185 0.501849
0.9195 0.497453
0.9205 0.493036
0.9215 0.488601
0.9225 0.484146
0.9235 0.479672
0.9245 0.475179
0.9255 0.470667
0.9265 0.466137
0.9275 0.461589
0.9285 0.457022
0.9295 0.452437
0.9305 0.447834
0.9315 0.443214
0.9325 0.438576
0.9335 0.43392
0.9345 0.429248
0.9355 0.424559
0.9365 0.419852
0.9375 0.41513
0.9385 0.410391
0.9395 0.405635
0.9405 0.400864
0.9415 0.396077
0.9425 0.391274
0.9435 0.386456
0.9445 0.381623
0.9455 0.376774
0.9465 0.371911
0.9475 0.367033
0.9485 0.36214
0.9495 0.357233
0.9505 0.352312
0.9515 0.347377
0.9525 0.342429
0.9535 0.337467
0.9545 0.332491
0.9555 0.327503
0.9565 0.322501
0.9575 0.317487
0.9585 0.31246
0.9595 0.307421
0.9605 0.30237
0.9615 0.297307
0.9625 0.292232
0.9635 0.287145
0.9645 0.282048
0.9655 0.276939
0.9665 0.271819
0.9675 0.266688
0.9685 0.261547
0.9695 0.256396
0.9705 0.251234
0.9715 0.246063
0.9725 0.240882
0.9735 0.235691
0.9745 0.230491
0.9755 0.225282
0.9765 0.220064
0.9775 0.214837
0.9785 0.209602
0.9795 0.204359
0.9805 0.199107
0.9815 0.193848
0.9825 0.188581
0.9835 0.183306
0.9845 0.178025
0.9855 0.172736
0.9865 0.16744
0.9875 0.162138
0.9885 0.15683
0.9895 0.151515
0.9905 0.146194
0.9915 0.140868
0.9925 0.135536
0.9935 0.130198
0.9945 0.124856
0.9955 0.119508
0.9965 0.114156
0.9975 0.108799
0.9985 0.103438
0.9995 0.0980733
