
# time = 0.25
0.0005 -0.0530423
0.0015 -0.0523571
0.0025 -0.05167
0.0035 -0.0509807
0.0045 -0.0502895
0.0055 -0.0495962
0.0065 -0.048901
0.0075 -0.0482039
0.0085 -0.0475049
0.0095 -0.046804
0.0105 -0.0461012
0.0115 -0.0453967
0.0125 -0.0446903
0.0135 -0.0439822
0.0145 -0.0432723
0.0155 -0.0425608
0.0165 -0.0418475
0.0175 -0.0411326
0.0185 -0.0404161
0.0195 -0.039698
0.0205 -0.0389783
0.0215 -0.0382571
0.0225 -0.0375343
0.0235 -0.0368101
0.0245 -0.0360844
0.0255 -0.0353573
0.0265 -0.0346288
0.0275 -0.033899
0.0285 -0.0331678
0.0295 -0.0324353
0.0305 -0.0317015
0.0315 -0.0309664
0.0325 -0.0302302
0.0335 -0.0294927
0.0345 -0.0287541
0.0355 -0.0280144
0.0365 -0.0272735
0.0375 -0.0265316
0.0385 -0.0257886
0.0395 -0.0250446
0.0405 -0.0242996
0.0415 -0.0235536
0.0425 -0.0228067
0.0435 -0.022059
0.0445 -0.0213103
0.0455 -0.0205608
0.0465 -0.0198105
0.0475 -0.0190594
0.0485 -0.0183076
0.0495 -0.017555
0.0505 -0.0168018
0.0515 -0.0160478
0.0525 -0.0152933
0.0535 -0.0145381
0.0545 -0.0137824
0.0555 -0.0130261
0.0565 -0.0122693
0.0575 -0.0115121
0.0585 -0.0107543
0.0595 -0.00999619
0.0605 -0.00923765
0.0615 -0.00847874
0.0625 -0.00771949
0.0635 -0.00695994
0.0645 -0.00620011
0.0655 -0.00544004
0.0665 -0.00467976
0.0675 -0.00391929
0.0685 -0.00315867
0.0695 -0.00239792
0.0705 -0.00163707
0.0715 -0.000876165
0.0725 -0.000115222
0.0735 0.000645725
0.0745 0.00140665
0.0755 0.00216751
0.0765 0.00292829
0.0775 0.00368896
0.0785 0.00444948
0.0795 0.00520982
0.0805 0.00596996
0.0815 0.00672986
0.0825 0.0074895
0.0835 0.00824884
0.0845 0.00900786
0.0855 0.00976652
0.0865 0.0105248
0.0875 0.0112827
0.0885 0.0120401
0.0895 0.012797
0.0905 0.0135534
0.0915 0.0143093
0.0925 0.0150647
0.0935 0.0158194
0.0945 0.0165735
0.0955 0.017327
0.0965 0.0180798
0.0975 0.0188318
0.0985 0.0195831
0.0995 0.0203337
0.1005 0.0210834
0.1015 0.0218323
0.1025 0.0225804
0.1035 0.0233275
0.1045 0.0240738
0.1055 0.0248191
0.1065 0.0255634
0.1075 0.0263067
0.1085 0.0270489
0.1095 0.0277901
0.1105 0.0285302
0.1115 0.0292692
0.1125 0.030007
0.1135 0.0307436
0.1145 0.031479
0.1155 0.0322132
0.1165 0.0329461
0.1175 0.0336777
0.1185 0.0344079
0.1195 0.0351369
0.1205 0.0358644
0.1215 0.0365905
0.1225 0.0373151
0.1235 0.0380383
0.1245 0.03876
0.1255 0.0394802
0.1265 0.0401988
0.1275 0.0409158
0.1285 0.0416312
0.1295 0.0423449
0.1305 0.043057
0.1315 0.0437674
0.1325 0.0444761
0.1335 0.045183
0.1345 0.0458881
0.1355 0.0465914
0.1365 0.0472928
0.1375 0.0479924
0.1385 0.0486901
0.1395 0.0493859
0.1405 0.0500797
0.1415 0.0507716
0.1425 0.0514614
0.1435 0.0521493
0.1445 0.052835
0.1455 0.0535187
0.1465 0.0542002
0.1475 0.0548797
0.1485 0.0555569
0.1495 0.056232
0.1505 0.0569048
0.1515 0.0575754
0.1525 0.0582437
0.1535 0.0589097
0.1545 0.0595734
0.1555 0.0602348
0.1565 0.0608937
0.1575 0.0615503
0.1585 0.0622044
0.1595 0.0628561
0.1605 0.0635053
0.1615 0.064152
0.1625 0.0647962
0.1635 0.0654377
0.1645 0.0660768
0.1655 0.0667132
0.1665 0.0673469
0.1675 0.067978
0.1685 0.0686065
0.1695 0.0692322
0.1705 0.0698552
0.1715 0.0704754
0.1725 0.0710929
0.1735 0.0717075
0.1745 0.0723193
0.1755 0.0729283
0.1765 0.0735343
0.1775 0.0741375
0.1785 0.0747377
0.1795 0.075335
0.1805 0.0759294
0.1815 0.0765207
0.1825 0.077109
0.1835 0.0776942
0.1845 0.0782764
0.1855 0.0788555
0.1865 0.0794315
0.1875 0.0800044
0.1885 0.0805741
0.1895 0.0811406
0.1905 0.0817039
0.1915 0.082264
0.1925 0.0828208
0.1935 0.0833744
0.1945 0.0839246
0.1955 0.0844716
0.1965 0.0850152
0.1975 0.0855555
0.1985 0.0860924
0.1995 0.0866259
0.2005 0.087156
0.2015 0.0876826
0.2025 0.0882058
0.2035 0.0887255
0.2045 0.0892416
0.2055 0.0897543
0.2065 0.0902634
0.2075 0.090769
0.2085 0.091271
0.2095 0.0917693
0.2105 0.0922641
0.2115 0.0927552
0.2125 0.0932426
0.2135 0.0937264
0.2145 0.0942064
0.2155 0.0946828
0.2165 0.0951554
0.2175 0.0956242
0.2185 0.0960893
0.2195 0.0965506
0.2205 0.0970081
0.2215 0.0974617
0.2225 0.0979115
0.2235 0.0983574
0.2245 0.0987995
0.2255 0.0992376
0.2265 0.0996718
0.2275 0.100102
0.2285 0.100528
0.2295 0.100951
0.2305 0.101369
0.2315 0.101784
0.2325 0.102194
0.2335 0.1026
0.2345 0.103003
0.2355 0.103401
0.2365 0.103795
0.2375 0.104185
0.2385 0.104571
0.2395 0.104953
0.2405 0.10533
0.2415 0.105704
0.2425 0.106073
0.2435 0.106438
0.2445 0.106799
0.2455 0.107156
0.2465 0.107508
0.2475 0.107857
0.2485 0.108201
0.2495 0.10854
0.2505 0.108876
0.2515 0.109207
0.2525 0.109534
0.2535 0.109856
0.2545 0.110174
0.2555 0.110488
0.2565 0.110797
0.2575 0.111103
0.2585 0.111403
0.2595 0.1117
0.2605 0.111991
0.2615 0.112279
0.2625 0.112562
0.2635 0.11284
0.2645 0.113115
0.2655 0.113384
0.2665 0.113649
0.2675 0.11391
0.2685 0.114166
0.2695 0.114418
0.2705 0.114665
0.2715 0.114908
0.2725 0.115146
0.2735 0.115379
0.2745 0.115608
0.2755 0.115833
0.2765 0.116053
0.2775 0.116268
0.2785 0.116479
0.2795 0.116685
0.2805 0.116886
0.2815 0.117083
0.2825 0.117275
0.2835 0.117463
0.2845 0.117646
0.2855 0.117824
0.2865 0.117998
0.2875 0.118167
0.2885 0.118332
0.2895 0.118491
0.2905 0.118646
0.2915 0.118797
0.2925 0.118942
0.2935 0.119083
0.2945 0.119219
0.2955 0.119351
0.2965 0.119478
0.2975 0.1196
0.2985 0.119717
0.2995 0.11983
0.3005 0.119938
0.3015 0.120041
0.3025 0.12014
0.3035 0.120233
0.3045 0.120322
0.3055 0.120406
0.3065 0.120486
0.3075 0.120561
0.3085 0.120631
0.3095 0.120696
0.3105 0.120756
0.3115 0.120812
0.3125 0.120863
0.3135 0.120909
0.3145 0.12095
0.3155 0.120987
0.3165 0.121019
0.3175 0.121046
0.3185 0.121068
0.3195 0.121085
0.3205 0.121098
0.3215 0.121106
0.3225 0.121109
0.3235 0.121107
0.3245 0.121101
0.3255 0.12109
0.3265 0.121074
0.3275 0.121053
0.3285 0.121027
0.3295 0.120997
0.3305 0.120962
0.3315 0.120922
0.3325 0.120877
0.3335 0.120828
0.3345 0.120774
0.3355 0.120715
0.3365 0.120651
0.3375 0.120582
0.3385 0.120509
0.3395 0.120431
0.3405 0.120348
0.3415 0.120261
0.3425 0.120168
0.3435 0.120071
0.3445 0.11997
0.3455 0.119863
0.3465 0.119752
0.3475 0.119636
0.3485 0.119515
0.3495 0.11939
0.3505 0.11926
0.3515 0.119125
0.3525 0.118985
0.3535 0.118841
0.3545 0.118692
0.3555 0.118539
0.3565 0.11838
0.3575 0.118217
0.3585 0.11805
0.3595 0.117878
0.3605 0.117701
0.3615 0.117519
0.3625 0.117333
0.3635 0.117142
0.3645 0.116946
0.3655 0.116746
0.3665 0.116542
0.3675 0.116332
0.3685 0.116118
0.3695 0.1159
0.3705 0.115677
0.3715 0.115449
0.3725 0.115217
0.3735 0.11498
0.3745 0.114739
0.3755 0.114493
0.3765 0.114243
0.3775 0.113988
0.3785 0.113729
0.3795 0.113465
0.3805 0.113197
0.3815 0.112924
0.3825 0.112647
0.3835 0.112365
0.3845 0.112079
0.3855 0.111788
0.3865 0.111493
0.3875 0.111194
0.3885 0.11089
0.3895 0.110582
0.3905 0.11027
0.3915 0.109953
0.3925 0.109632
0.3935 0.109306
0.3945 0.108976
0.3955 0.108642
0.3965 0.108304
0.3975 0.107961
0.3985 0.107614
0.3995 0.107263
0.4005 0.106908
0.4015 0.106548
0.4025 0.106184
0.4035 0.105816
0.4045 0.105444
0.4055 0.105067
0.4065 0.104687
0.4075 0.104302
0.4085 0.103913
0.4095 0.103521
0.4105 0.103124
0.4115 0.102723
0.4125 0.102317
0.4135 0.101908
0.4145 0.101495
0.4155 0.101078
0.4165 0.100657
0.4175 0.100232
0.4185 0.0998026
0.4195 0.0993695
0.4205 0.0989326
0.4215 0.0984917
0.4225 0.0980469
0.4235 0.0975983
0.4245 0.0971458
0.4255 0.0966895
0.4265 0.0962294
0.4275 0.0957655
0.4285 0.0952978
0.4295 0.0948263
0.4305 0.0943511
0.4315 0.0938722
0.4325 0.0933895
0.4335 0.0929032
0.4345 0.0924132
0.4355 0.0919195
0.4365 0.0914223
0.4375 0.0909214
0.4385 0.0904169
0.4395 0.0899089
0.4405 0.0893973
0.4415 0.0888822
0.4425 0.0883635
0.4435 0.0878414
0.4445 0.0873158
0.4455 0.0867868
0.4465 0.0862543
0.4475 0.0857185
0.4485 0.0851792
0.4495 0.0846366
0.4505 0.0840906
0.4515 0.0835414
0.4525 0.0829888
0.4535 0.0824329
0.4545 0.0818738
0.4555 0.0813115
0.4565 0.080746
0.4575 0.0801772
0.4585 0.0796053
0.4595 0.0790303
0.4605 0.0784521
0.4615 0.0778709
0.4625 0.0772865
0.4635 0.0766992
0.4645 0.0761088
0.4655 0.0755153
0.4665 0.0749189
0.4675 0.0743196
0.4685 0.0737173
0.4695 0.0731121
0.4705 0.072504
0.4715 0.0718931
0.4725 0.0712793
0.4735 0.0706627
0.4745 0.0700433
0.4755 0.0694211
0.4765 0.0687963
0.4775 0.0681686
0.4785 0.0675383
0.4795 0.0669054
0.4805 0.0662698
0.4815 0.0656315
0.4825 0.0649907
0.4835 0.0643473
0.4845 0.0637014
0.4855 0.063053
0.4865 0.0624021
0.4875 0.0617487
0.4885 0.0610928
0.4895 0.0604346
0.4905 0.059774
0.4915 0.059111
0.4925 0.0584457
0.4935 0.057778
0.4945 0.0571081
0.4955 0.056436
0.4965 0.0557616
0.4975 0.055085
0.4985 0.0544062
0.4995 0.0537253
0.5005 0.0530423
0.5015 0.0523571
0.5025 0.05167
0.5035 0.0509807
0.5045 0.0502895
0.5055 0.0495962
0.5065 0.048901
0.5075 0.0482039
0.5085 0.0475049
0.5095 0.046804
0.5105 0.0461012
0.5115 0.0453967
0.5125 0.0446903
0.5135 0.0439822
0.5145 0.0432723
0.5155 0.0425608
0.5165 0.0418475
0.5175 0.0411326
0.5185 0.0404161
0.5195 0.039698
0.5205 0.0389783
0.5215 0.0382571
0.5225 0.0375343
0.5235 0.0368101
0.5245 0.0360844
0.5255 0.0353573
0.5265 0.0346288
0.5275 0.033899
0.5285 0.0331678
0.5295 0.0324353
0.5305 0.0317015
0.5315 0.0309664
0.5325 0.0302302
0.5335 0.0294927
0.5345 0.0287541
0.5355 0.0280144
0.5365 0.0272735
0.5375 0.0265316
0.5385 0.0257886
0.5395 0.0250446
0.5405 0.0242996
0.5415 0.0235536
0.5425 0.0228067
0.5435 0.022059
0.5445 0.0213103
0.5455 0.0205608
0.5465 0.0198105
0.5475 0.0190594
0.5485 0.0183076
0.5495 0.017555
0.5505 0.0168018
0.5515 0.0160478
0.5525 0.0152933
0.5535 0.0145381
0.5545 0.0137824
0.5555 0.0130261
0.5565 0.0122693
0.5575 0.0115121
0.5585 0.0107543
0.5595 0.00999619
0.5605 0.00923765
0.5615 0.00847874
0.5625 0.00771949
0.5635 0.00695994
0.5645 0.00620011
0.5655 0.00544004
0.5665 0.00467976
0.5675 0.00391929
0.5685 0.00315867
0.5695 0.00239792
0.5705 0.00163707
0.5715 0.000876165
0.5725 0.000115222
0.5735 -0.000645725
0.5745 -0.00140665
0.5755 -0.00216751
0.5765 -0.00292829
0.5775 -0.00368896
0.5785 -0.00444948
0.5795 -0.00520982
0.5805 -0.00596996
0.5815 -0.00672986
0.5825 -0.0074895
0.5835 -0.00824884
0.5845 -0.00900786
0.5855 -0.00976652
0.5865 -0.0105248
0.5875 -0.0112827
0.5885 -0.0120401
0.5895 -0.012797
0.5905 -0.0135534
0.5915 -0.0143093
0.5925 -0.0150647
0.5935 -0.0158194
0.5945 -0.0165735
0.5955 -0.017327
0.5965 -0.0180798
0.5975 -0.0188318
0.5985 -0.0195831
0.5995 -0.0203337
0.6005 -0.0210834
0.6015 -0.0218323
0.6025 -0.0225804
0.6035 -0.0233275
0.6045 -0.0240738
0.6055 -0.0248191
0.6065 -0.0255634
0.6075 -0.0263067
0.6085 -0.0270489
0.6095 -0.0277901
0.6105 -0.0285302
0.6115 -0.0292692
0.6125 -0.030007
0.6135 -0.0307436
0.6145 -0.031479
0.6155 -0.0322132
0.6165 -0.0329461
0.6175 -0.0336777
0.6185 -0.0344079
0.6195 -0.0351369
0.6205 -0.0358644
0.6215 -0.0365905
0.6225 -0.0373151
0.6235 -0.0380383
0.6245 -0.03876
0.6255 -0.0394802
0.6265 -0.0401988
0.6275 -0.0409158
0.6285 -0.0416312
0.6295 -0.0423449
0.6305 -0.043057
0.6315 -0.0437674
0.6325 -0.0444761
0.6335 -0.045183
0.6345 -0.0458881
0.6355 -0.0465914
0.6365 -0.0472928
0.6375 -0.0479924
0.6385 -0.0486901
0.6395 -0.0493859
0.6405 -0.0500797
0.6415 -0.0507716
0.6425 -0.0514614
0.6435 -0.0521493
0.6445 -0.052835
0.6455 -0.0535187
0.6465 -0.0542002
0.6475 -0.0548797
0.6485 -0.0555569
0.6495 -0.056232
0.6505 -0.0569048
0.6515 -0.0575754
0.6525 -0.0582437
0.6535 -0.0589097
0.6545 -0.0595734
0.6555 -0.0602348
0.6565 -0.0608937
0.6575 -0.0615503
0.6585 -0.0622044
0.6595 -0.0628561
0.6605 -0.0635053
0.6615 -0.064152
0.6625 -0.0647962
0.6635 -0.0654377
0.6645 -0.0660768
0.6655 -0.0667132
0.6665 -0.0673469
0.6675 -0.067978
0.6685 -0.0686065
0.6695 -0.0692322
0.6705 -0.0698552
0.6715 -0.0704754
0.6725 -0.0710929
0.6735 -0.0717075
0.6745 -0.0723193
0.6755 -0.0729283
0.6765 -0.0735343
0.6775 -0.0741375
0.6785 -0.0747377
0.6795 -0.075335
0.6805 -0.0759294
0.6815 -0.0765207
0.6825 -0.077109
0.6835 -0.0776942
0.6845 -0.0782764
0.6855 -0.0788555
0.6865 -0.0794315
0.6875 -0.0800044
0.6885 -0.0805741
0.6895 -0.0811406
0.6905 -0.0817039
0.6915 -0.082264
0.6925 -0.0828208
0.6935 -0.0833744
0.6945 -0.0839246
0.6955 -0.0844716
0.6965 -0.0850152
0.6975 -0.0855555
0.6985 -0.0860924
0.6995 -0.0866259
0.7005 -0.087156
0.7015 -0.0876826
0.7025 -0.0882058
0.7035 -0.0887255
0.7045 -0.0892416
0.7055 -0.0897543
0.7065 -0.0902634
0.7075 -0.090769
0.7085 -0.091271
0.7095 -0.0917693
0.7105 -0.0922641
0.7115 -0.0927552
0.7125 -0.0932426
0.7135 -0.0937264
0.7145 -0.0942064
0.7155 -0.0946828
0.7165 -0.0951554
0.7175 -0.0956242
0.7185 -0.0960893
0.7195 -0.0965506
0.7205 -0.0970081
0.7215 -0.0974617
0.7225 -0.0979115
0.7235 -0.0983574
0.7245 -0.0987995
0.7255 -0.0992376
0.7265 -0.0996718
0.7275 -0.100102
0.7285 -0.100528
0.7295 -0.100951
0.7305 -0.101369
0.7315 -0.101784
0.7325 -0.102194
0.7335 -0.1026
0.7345 -0.103003
0.7355 -0.103401
0.7365 -0.103795
0.7375 -0.104185
0.7385 -0.104571
0.7395 -0.104953
0.7405 -0.10533
0.7415 -0.105704
0.7425 -0.106073
0.7435 -0.106438
0.7445 -0.106799
0.7455 -0.107156
0.7465 -0.107508
0.7475 -0.107857
0.7485 -0.108201
0.7495 -0.10854
0.7505 -0.108876
0.7515 -0.109207
0.7525 -0.109534
0.7535 -0.109856
0.7545 -0.110174
0.7555 -0.110488
0.7565 -0.110797
0.7575 -0.111103
0.7585 -0.111403
0.7595 -0.1117
0.7605 -0.111991
0.7615 -0.112279
0.7625 -0.112562
0.7635 -0.11284
0.7645 -0.113115
0.7655 -0.113384
0.7665 -0.113649
0.7675 -0.11391
0.7685 -0.114166
0.7695 -0.114418
0.7705 -0.114665
0.7715 -0.114908
0.7725 -0.115146
0.7735 -0.115379
0.7745 -0.115608
0.7755 -0.115833
0.7765 -0.116053
0.7775 -0.116268
0.7785 -0.116479
0.7795 -0.116685
0.7805 -0.116886
0.7815 -0.117083
0.7825 -0.117275
0.7835 -0.117463
0.7845 -0.117646
0.7855 -0.117824
0.7865 -0.117998
0.7875 -0.118167
0.7885 -0.118332
0.7895 -0.118491
0.7905 -0.118646
0.7915 -0.118797
0.7925 -0.118942
0.7935 -0.119083
0.7945 -0.119219
0.7955 -0.119351
0.7965 -0.119478
0.7975 -0.1196
0.7985 -0.119717
0.7995 -0.11983
0.8005 -0.119938
0.8015 -0.120041
0.8025 -0.12014
0.8035 -0.120233
0.8045 -0.120322
0.8055 -0.120406
0.8065 -0.120486
0.8075 -0.120561
0.8085 -0.120631
0.8095 -0.120696
0.8105 -0.120756
0.8115 -0.120812
0.8125 -0.120863
0.8135 -0.120909
0.8145 -0.12095
0.8155 -0.120987
0.8165 -0.121019
0.8175 -0.121046
0.8185 -0.121068
0.8195 -0.121085
0.8205 -0.121098
0.8215 -0.121106
0.8225 -0.121109
0.8235 -0.121107
0.8245 -0.121101
0.8255 -0.12109
0.8265 -0.121074
0.8275 -0.121053
0.8285 -0.121027
0.8295 -0.120997
0.8305 -0.120962
0.8315 -0.120922
0.8325 -0.120877
0.8335 -0.120828
0.8345 -0.120774
0.8355 -0.120715
0.8365 -0.120651
0.8375 -0.120582
0.8385 -0.120509
0.8395 -0.120431
0.8405 -0.120348
0.8415 -0.120261
0.8425 -0.120168
0.8435 -0.120071
0.8445 -0.11997
0.8455 -0.119863
0.8465 -0.119752
0.8475 -0.119636
0.8485 -0.119515
0.8495 -0.11939
0.8505 -0.11926
0.8515 -0.119125
0.8525 -0.118985
0.8535 -0.118841
0.8545 -0.118692
0.8555 -0.118539
0.8565 -0.11838
0.8575 -0.118217
0.8585 -0.11805
0.8595 -0.117878
0.8605 -0.117701
0.8615 -0.117519
0.8625 -0.117333
0.8635 -0.117142
0.8645 -0.116946
0.8655 -0.116746
0.8665 -0.116542
0.8675 -0.116332
0.8685 -0.116118
0.8695 -0.1159
0.8705 -0.115677
0.8715 -0.115449
0.8725 -0.115217
0.8735 -0.11498
0.8745 -0.114739
0.8755 -0.114493
0.8765 -0.114243
0.8775 -0.113988
0.8785 -0.113729
0.8795 -0.113465
0.8805 -0.113197
0.8815 -0.112924
0.8825 -0.112647
0.8835 -0.112365
0.8845 -0.112079
0.8855 -0.111788
0.8865 -0.111493
0.8875 -0.111194
0.8885 -0.11089
0.8895 -0.110582
0.8905 -0.11027
0.8915 -0.109953
0.8925 -0.109632
0.8935 -0.109306
0.8945 -0.108976
0.8955 -0.108642
0.8965 -0.108304
0.8975 -0.107961
0.8985 -0.107614
0.8995 -0.107263
0.9005 -0.106908
0.9015 -0.106548
0.9025 -0.106184
0.9035 -0.105816
0.9045 -0.105444
0.9055 -0.105067
0.9065 -0.104687
0.9075 -0.104302
0.9085 -0.103913
0.9095 -0.103521
0.9105 -0.103124
0.9115 -0.102723
0.9125 -0.102317
0.9135 -0.101908
0.9145 -0.101495
0.9155 -0.101078
0.9165 -0.100657
0.9175 -0.100232
0.9185 -0.0998026
0.9195 -0.0993695
0.9205 -0.0989326
0.9215 -0.0984917
0.9225 -0.0980469
0.9235 -0.0975983
0.9245 -0.0971458
0.9255 -0.0966895
0.9265 -0.0962294
0.9275 -0.0957655
0.9285 -0.0952978
0.9295 -0.0948263
0.9305 -0.0943511
0.9315 -0.0938722
0.9325 -0.0933895
0.9335 -0.0929032
0.9345 -0.0924132
0.9355 -0.0919195
0.9365 -0.0914223
0.9375 -0.0909214
0.9385 -0.0904169
0.9395 -0.0899089
0.9405 -0.0893973
0.9415 -0.0888822
0.9425 -0.0883635
0.9435 -0.0878414
0.9445 -0.0873158
0.9455 -0.0867868
0.9465 -0.0862543
0.9475 -0.0857185
0.9485 -0.0851792
0.9495 -0.0846366
0.9505 -0.0840906
0.9515 -0.0835414
0.9525 -0.0829888
0.9535 -0.0824329
0.9545 -0.0818738
0.9555 -0.0813115
0.9565 -0.080746
0.9575 -0.0801772
0.9585 -0.0796053
0.9595 -0.0790303
0.9605 -0.0784521
0.9615 -0.0778709
0.9625 -0.0772865
0.9635 -0.0766992
0.9645 -0.0761088
0.9655 -0.0755153
0.9665 -0.0749189
0.9675 -0.0743196
0.9685 -0.0737173
0.9695 -0.0731121
0.9705 -0.072504
0.9715 -0.0718931
0.9725 -0.0712793
0.9735 -0.0706627
0.9745 -0.0700433
0.9755 -0.0694211
0.9765 -0.0687963
0.9775 -0.0681686
0.9785 -0.0675383
0.9795 -0.0669054
0.9805 -0.0662698
0.9815 -0.0656315
0.9825 -0.0649907
0.9835 -0.0643473
0.9845 -0.0637014
0.9855 -0.063053
0.9865 -0.0624021
0.9875 -0.0617487
0.9885 -0.0610928
0.9895 -0.0604346
0.9905 -0.059774
0.9915 -0.059111
0.9925 -0.0584457
0.9935 -0.057778
0.9945 -0.0571081
0.9955 -0.056436
0.9965 -0.0557616
0.9975 -0.055085
0.9985 -0.0544062
0.9995 -0.0537253
