
# time = 0.75
0.0005 -0.558387
0.0015 -0.562757
0.0025 -0.567104
0.0035 -0.571429
0.0045 -0.575731
0.0055 -0.58001
0.0065 -0.584267
0.0075 -0.5885
0.0085 -0.59271
0.0095 -0.596897
0.0105 -0.601061
0.0115 -0.6052
0.0125 -0.609316
0.0135 -0.613407
0.0145 -0.617475
0.0155 -0.621518
0.0165 -0.625536
0.0175 -0.62953
0.0185 -0.633499
0.0195 -0.637443
0.0205 -0.641362
0.0215 -0.645255
0.0225 -0.649123
0.0235 -0.652965
0.0245 -0.656782
0.0255 -0.660573
0.0265 -0.664337
0.0275 -0.668075
0.0285 -0.671787
0.0295 -0.675473
0.0305 -0.679131
0.0315 -0.682763
0.0325 -0.686368
0.0335 -0.689946
0.0345 -0.693497
0.0355 -0.69702
0.0365 -0.700516
0.0375 -0.703984
0.0385 -0.707424
0.0395 -0.710837
0.0405 -0.714221
0.0415 -0.717577
0.0425 -0.720905
0.0435 -0.724204
0.0445 -0.727475
0.0455 -0.730717
0.0465 -0.73393
0.0475 -0.737115
0.0485 -0.74027
0.0495 -0.743396
0.0505 -0.746492
0.0515 -0.749559
0.0525 -0.752597
0.0535 -0.755604
0.0545 -0.758582
0.0555 -0.76153
0.0565 -0.764448
0.0575 -0.767336
0.0585 -0.770193
0.0595 -0.77302
0.0605 -0.775817
0.0615 -0.778583
0.0625 -0.781318
0.0635 -0.784022
0.0645 -0.786696
0.0655 -0.789338
0.0665 -0.791949
0.0675 -0.794529
0.0685 -0.797078
0.0695 -0.799595
0.0705 -0.80208
0.0715 -0.804534
0.0725 -0.806956
0.0735 -0.809346
0.0745 -0.811704
0.0755 -0.814031
0.0765 -0.816325
0.0775 -0.818586
0.0785 -0.820816
0.0795 -0.823013
0.0805 -0.825178
0.0815 -0.82731
0.0825 -0.829409
0.0835 -0.831476
0.0845 -0.83351
0.0855 -0.83551
0.0865 -0.837478
0.0875 -0.839413
0.0885 -0.841315
0.0895 -0.843184
0.0905 -0.845019
0.0915 -0.846821
0.0925 -0.848589
0.0935 -0.850324
0.0945 -0.852025
0.0955 -0.853693
0.0965 -0.855327
0.0975 -0.856927
0.0985 -0.858494
0.0995 -0.860026
0.1005 -0.861525
0.1015 -0.862989
0.1025 -0.86442
0.1035 -0.865816
0.1045 -0.867179
0.1055 -0.868506
0.1065 -0.8698
0.1075 -0.871059
0.1085 -0.872284
0.1095 -0.873475
0.1105 -0.874631
0.1115 -0.875752
0.1125 -0.876839
0.1135 -0.877892
0.1145 -0.878909
0.1155 -0.879892
0.1165 -0.880841
0.1175 -0.881754
0.1185 -0.882633
0.1195 -0.883476
0.1205 -0.884285
0.1215 -0.885059
0.1225 -0.885798
0.1235 -0.886502
0.1245 -0.887172
0.1255 -0.887806
0.1265 -0.888405
0.1275 -0.888969
0.1285 -0.889497
0.1295 -0.889991
0.1305 -0.89045
0.1315 -0.890873
0.1325 -0.891261
0.1335 -0.891615
0.1345 -0.891932
0.1355 -0.892215
0.1365 -0.892463
0.1375 -0.892675
0.1385 -0.892852
0.1395 -0.892994
0.1405 -0.8931
0.1415 -0.893171
0.1425 -0.893207
0.1435 -0.893208
0.1445 -0.893173
0.1455 -0.893104
0.1465 -0.892998
0.1475 -0.892858
0.1485 -0.892683
0.1495 -0.892472
0.1505 -0.892226
0.1515 -0.891944
0.1525 -0.891628
0.1535 -0.891276
0.1545 -0.890889
0.1555 -0.890467
0.1565 -0.89001
0.1575 -0.889518
0.1585 -0.88899
0.1595 -0.888428
0.1605 -0.88783
0.1615 -0.887197
0.1625 -0.88653
0.1635 -0.885827
0.1645 -0.885089
0.1655 -0.884317
0.1665 -0.883509
0.1675 -0.882667
0.1685 -0.881789
0.1695 -0.880877
0.1705 -0.879931
0.1715 -0.878949
0.1725 -0.877933
0.1735 -0.876882
0.1745 -0.875796
0.1755 -0.874676
0.1765 -0.873521
0.1775 -0.872332
0.1785 -0.871109
0.1795 -0.869851
0.1805 -0.868558
0.1815 -0.867232
0.1825 -0.865871
0.1835 -0.864476
0.1845 -0.863047
0.1855 -0.861584
0.1865 -0.860086
0.1875 -0.858555
0.1885 -0.85699
0.1895 -0.855391
0.1905 -0.853758
0.1915 -0.852092
0.1925 -0.850392
0.1935 -0.848658
0.1945 -0.846891
0.1955 -0.845091
0.1965 -0.843257
0.1975 -0.84139
0.1985 -0.839489
0.1995 -0.837556
0.2005 -0.835589
0.2015 -0.833589
0.2025 -0.831557
0.2035 -0.829492
0.2045 -0.827394
0.2055 -0.825263
0.2065 -0.823099
0.2075 -0.820904
0.2085 -0.818675
0.2095 -0.816415
0.2105 -0.814122
0.2115 -0.811797
0.2125 -0.80944
0.2135 -0.807051
0.2145 -0.80463
0.2155 -0.802178
0.2165 -0.799694
0.2175 -0.797178
0.2185 -0.794631
0.2195 -0.792052
0.2205 -0.789442
0.2215 -0.786801
0.2225 -0.784129
0.2235 -0.781426
0.2245 -0.778692
0.2255 -0.775927
0.2265 -0.773132
0.2275 -0.770306
0.2285 -0.76745
0.2295 -0.764563
0.2305 -0.761646
0.2315 -0.7587
0.2325 -0.755723
0.2335 -0.752716
0.2345 -0.74968
0.2355 -0.746614
0.2365 -0.743519
0.2375 -0.740394
0.2385 -0.73724
0.2395 -0.734057
0.2405 -0.730845
0.2415 -0.727604
0.2425 -0.724335
0.2435 -0.721036
0.2445 -0.71771
0.2455 -0.714355
0.2465 -0.710971
0.2475 -0.70756
0.2485 -0.704121
0.2495 -0.700654
0.2505 -0.697159
0.2515 -0.693637
0.2525 -0.690088
0.2535 -0.686511
0.2545 -0.682907
0.2555 -0.679276
0.2565 -0.675618
0.2575 -0.671934
0.2585 -0.668223
0.2595 -0.664486
0.2605 -0.660722
0.2615 -0.656933
0.2625 -0.653117
0.2635 -0.649276
0.2645 -0.645409
0.2655 -0.641516
0.2665 -0.637599
0.2675 -0.633656
0.2685 -0.629688
0.2695 -0.625695
0.2705 -0.621677
0.2715 -0.617635
0.2725 -0.613569
0.2735 -0.609478
0.2745 -0.605364
0.2755 -0.601225
0.2765 -0.597063
0.2775 -0.592877
0.2785 -0.588667
0.2795 -0.584435
0.2805 -0.580179
0.2815 -0.575901
0.2825 -0.5716
0.2835 -0.567276
0.2845 -0.562929
0.2855 -0.558561
0.2865 -0.55417
0.2875 -0.549758
0.2885 -0.545324
0.2895 -0.540868
0.2905 -0.536391
0.2915 -0.531893
0.2925 -0.527374
0.2935 -0.522834
0.2945 -0.518274
0.2955 -0.513693
0.2965 -0.509091
0.2975 -0.50447
0.2985 -0.499828
0.2995 -0.495167
0.3005 -0.490487
0.3015 -0.485787
0.3025 -0.481067
0.3035 -0.476329
0.3045 -0.471572
0.3055 -0.466797
0.3065 -0.462003
0.3075 -0.45719
0.3085 -0.45236
0.3095 -0.447512
0.3105 -0.442646
0.3115 -0.437763
0.3125 -0.432862
0.3135 -0.427945
0.3145 -0.42301
0.3155 -0.418059
0.3165 -0.413091
0.3175 -0.408107
0.3185 -0.403107
0.3195 -0.398091
0.3205 -0.393059
0.3215 -0.388011
0.3225 -0.382949
0.3235 -0.377871
0.3245 -0.372778
0.3255 -0.367671
0.3265 -0.362549
0.3275 -0.357413
0.3285 -0.352262
0.3295 -0.347098
0.3305 -0.34192
0.3315 -0.336729
0.3325 -0.331524
0.3335 -0.326306
0.3345 -0.321075
0.3355 -0.315832
0.3365 -0.310576
0.3375 -0.305308
0.3385 -0.300028
0.3395 -0.294736
0.3405 -0.289432
0.3415 -0.284117
0.3425 -0.278791
0.3435 -0.273453
0.3445 -0.268105
0.3455 -0.262747
0.3465 -0.257378
0.3475 -0.251998
0.3485 -0.246609
0.3495 -0.24121
0.3505 -0.235802
0.3515 -0.230384
0.3525 -0.224957
0.3535 -0.219522
0.3545 -0.214077
0.3555 -0.208624
0.3565 -0.203163
0.3575 -0.197694
0.3585 -0.192217
0.3595 -0.186733
0.3605 -0.181241
0.3615 -0.175742
0.3625 -0.170236
0.3635 -0.164723
0.3645 -0.159204
0.3655 -0.153679
0.3665 -0.148147
0.3675 -0.14261
0.3685 -0.137067
0.3695 -0.131518
0.3705 -0.125965
0.3715 -0.120406
0.3725 -0.114843
0.3735 -0.109275
0.3745 -0.103703
0.3755 -0.0981265
0.3765 -0.0925464
0.3775 -0.0869626
0.3785 -0.0813753
0.3795 -0.0757849
0.3805 -0.0701914
0.3815 -0.0645952
0.3825 -0.0589965
0.3835 -0.0533954
0.3845 -0.0477922
0.3855 -0.0421871
0.3865 -0.0365804
0.3875 -0.0309722
0.3885 -0.0253627
0.3895 -0.0197523
0.3905 -0.0141411
0.3915 -0.00852938
0.3925 -0.00291728
0.3935 0.00269492
0.3945 0.00830702
0.3955 0.0139188
0.3965 0.01953
0.3975 0.0251405
0.3985 0.0307499
0.3995 0.0363582
0.4005 0.041965
0.4015 0.0475701
0.4025 0.0531734
0.4035 0.0587746
0.4045 0.0643734
0.4055 0.0699698
0.4065 0.0755633
0.4075 0.0811539
0.4085 0.0867413
0.4095 0.0923252
0.4105 0.0979055
0.4115 0.103482
0.4125 0.109054
0.4135 0.114622
0.4145 0.120186
0.4155 0.125745
0.4165 0.131298
0.4175 0.136847
0.4185 0.14239
0.4195 0.147928
0.4205 0.15346
0.4215 0.158985
0.4225 0.164505
0.4235 0.170018
0.4245 0.175524
0.4255 0.181023
0.4265 0.186515
0.4275 0.192
0.4285 0.197477
0.4295 0.202947
0.4305 0.208408
0.4315 0.213861
0.4325 0.219306
0.4335 0.224742
0.4345 0.230169
0.4355 0.235587
0.4365 0.240996
0.4375 0.246395
0.4385 0.251785
0.4395 0.257165
0.4405 0.262534
0.4415 0.267893
0.4425 0.273242
0.4435 0.278579
0.4445 0.283906
0.4455 0.289222
0.4465 0.294526
0.4475 0.299818
0.4485 0.305099
0.4495 0.310368
0.4505 0.315624
0.4515 0.320868
0.4525 0.326099
0.4535 0.331317
0.4545 0.336523
0.4555 0.341715
0.4565 0.346893
0.4575 0.352058
0.4585 0.357209
0.4595 0.362346
0.4605 0.367468
0.4615 0.372576
0.4625 0.377669
0.4635 0.382748
0.4645 0.387811
0.4655 0.392859
0.4665 0.397892
0.4675 0.402908
0.4685 0.407909
0.4695 0.412894
0.4705 0.417862
0.4715 0.422814
0.4725 0.427749
0.4735 0.432668
0.4745 0.437569
0.4755 0.442453
0.4765 0.44732
0.4775 0.452168
0.4785 0.456999
0.4795 0.461812
0.4805 0.466607
0.4815 0.471383
0.4825 0.476141
0.4835 0.48088
0.4845 0.4856
0.4855 0.490301
0.4865 0.494982
0.4875 0.499644
0.4885 0.504286
0.4895 0.508908
0.4905 0.513511
0.4915 0.518092
0.4925 0.522654
0.4935 0.527195
0.4945 0.531715
0.4955 0.536214
0.4965 0.540691
0.4975 0.545148
0.4985 0.549583
0.4995 0.553996
0.5005 0.558387
0.5015 0.562757
0.5025 0.567104
0.5035 0.571429
0.5045 0.575731
0.5055 0.58001
0.5065 0.584267
0.5075 0.5885
0.5085 0.59271
0.5095 0.596897
0.5105 0.601061
0.5115 0.6052
0.5125 0.609316
0.5135 0.613407
0.5145 0.617475
0.5155 0.621518
0.5165 0.625536
0.5175 0.62953
0.5185 0.633499
0.5195 0.637443
0.5205 0.641362
0.5215 0.645255
0.5225 0.649123
0.5235 0.652965
0.5245 0.656782
0.5255 0.660573
0.5265 0.664337
0.5275 0.668075
0.5285 0.671787
0.5295 0.675473
0.5305 0.679131
0.5315 0.682763
0.5325 0.686368
0.5335 0.689946
0.5345 0.693497
0.5355 0.69702
0.5365 0.700516
0.5375 0.703984
0.5385 0.707424
0.5395 0.710837
0.5405 0.714221
0.5415 0.717577
0.5425 0.720905
0.5435 0.724204
0.5445 0.727475
0.5455 0.730717
0.5465 0.73393
0.5475 0.737115
0.5485 0.74027
0.5495 0.743396
0.5505 0.746492
0.5515 0.749559
0.5525 0.752597
0.5535 0.755604
0.5545 0.758582
0.5555 0.76153
0.5565 0.764448
0.5575 0.767336
0.5585 0.770193
0.5595 0.77302
0.5605 0.775817
0.5615 0.778583
0.5625 0.781318
0.5635 0.784022
0.5645 0.786696
0.5655 0.789338
0.5665 0.791949
0.5675 0.794529
0.5685 0.797078
0.5695 0.799595
0.5705 0.80208
0.5715 0.804534
0.5725 0.806956
0.5735 0.809346
0.5745 0.811704
0.5755 0.814031
0.5765 0.816325
0.5775 0.818586
0.5785 0.820816
0.5795 0.823013
0.5805 0.825178
0.5815 0.82731
0.5825 0.829409
0.5835 0.831476
0.5845 0.83351
0.5855 0.83551
0.5865 0.837478
0.5875 0.839413
0.5885 0.841315
0.5895 0.843184
0.5905 0.845019
0.5915 0.846821
0.5925 0.848589
0.5935 0.850324
0.5945 0.852025
0.5955 0.853693
0.5965 0.855327
0.5975 0.856927
0.5985 0.858494
0.5995 0.860026
0.6005 0.861525
0.6015 0.862989
0.6025 0.86442
0.6035 0.865816
0.6045 0.867179
0.6055 0.868506
0.6065 0.8698
0.6075 0.871059
0.6085 0.872284
0.6095 0.873475
0.6105 0.874631
0.6115 0.875752
0.6125 0.876839
0.6135 0.877892
0.6145 0.878909
0.6155 0.879892
0.6165 0.880841
0.6175 0.881754
0.6185 0.882633
0.6195 0.883476
0.6205 0.884285
0.6215 0.885059
0.6225 0.885798
0.6235 0.886502
0.6245 0.887172
0.6255 0.887806
0.6265 0.888405
0.6275 0.888969
0.6285 0.889497
0.6295 0.889991
0.6305 0.89045
0.6315 0.890873
0.6325 0.891261
0.6335 0.891615
0.6345 0.891932
0.6355 0.892215
0.6365 0.892463
0.6375 0.892675
0.6385 0.892852
0.6395 0.892994
0.6405 0.8931
0.6415 0.893171
0.6425 0.893207
0.6435 0.893208
0.6445 0.893173
0.6455 0.893104
0.6465 0.892998
0.6475 0.892858
0.6485 0.892683
0.6495 0.892472
0.6505 0.892226
0.6515 0.891944
0.6525 0.891628
0.6535 0.891276
0.6545 0.890889
0.6555 0.890467
0.6565 0.89001
0.6575 0.889518
0.6585 0.88899
0.6595 0.888428
0.6605 0.88783
0.6615 0.887197
0.6625 0.88653
0.6635 0.885827
0.6645 0.885089
0.6655 0.884317
0.6665 0.883509
0.6675 0.882667
0.6685 0.881789
0.6695 0.880877
0.6705 0.879931
0.6715 0.878949
0.6725 0.877933
0.6735 0.876882
0.6745 0.875796
0.6755 0.874676
0.6765 0.873521
0.6775 0.872332
0.6785 0.871109
0.6795 0.869851
0.6805 0.868558
0.6815 0.867232
0.6825 0.865871
0.6835 0.864476
0.6845 0.863047
0.6855 0.861584
0.6865 0.860086
0.6875 0.858555
0.6885 0.85699
0.6895 0.855391
0.6905 0.853758
0.6915 0.852092
0.6925 0.850392
0.6935 0.848658
0.6945 0.846891
0.6955 0.845091
0.6965 0.843257
0.6975 0.84139
0.6985 0.839489
0.6995 0.837556
0.7005 0.835589
0.7015 0.833589
0.7025 0.831557
0.7035 0.829492
0.7045 0.827394
0.7055 0.825263
0.7065 0.823099
0.7075 0.820904
0.7085 0.818675
0.7095 0.816415
0.7105 0.814122
0.7115 0.811797
0.7125 0.80944
0.7135 0.807051
0.7145 0.80463
0.7155 0.802178
0.7165 0.799694
0.7175 0.797178
0.7185 0.794631
0.7195 0.792052
0.7205 0.789442
0.7215 0.786801
0.7225 0.784129
0.7235 0.781426
0.7245 0.778692
0.7255 0.775927
0.7265 0.773132
0.7275 0.770306
0.7285 0.76745
0.7295 0.764563
0.7305 0.761646
0.7315 0.7587
0.7325 0.755723
0.7335 0.752716
0.7345 0.74968
0.7355 0.746614
0.7365 0.743519
0.7375 0.740394
0.7385 0.73724
0.7395 0.734057
0.7405 0.730845
0.7415 0.727604
0.7425 0.724335
0.7435 0.721036
0.7445 0.71771
0.7455 0.714355
0.7465 0.710971
0.7475 0.70756
0.7485 0.704121
0.7495 0.700654
0.7505 0.697159
0.7515 0.693637
0.7525 0.690088
0.7535 0.686511
0.7545 0.682907
0.7555 0.679276
0.7565 0.675618
0.7575 0.671934
0.7585 0.668223
0.7595 0.664486
0.7605 0.660722
0.7615 0.656933
0.7625 0.653117
0.7635 0.649276
0.7645 0.645409
0.7655 0.641516
0.7665 0.637599
0.7675 0.633656
0.7685 0.629688
0.7695 0.625695
0.7705 0.621677
0.7715 0.617635
0.7725 0.613569
0.7735 0.609478
0.7745 0.605364
0.7755 0.601225
0.7765 0.597063
0.7775 0.592877
0.7785 0.588667
0.7795 0.584435
0.7805 0.580179
0.7815 0.575901
0.7825 0.5716
0.7835 0.567276
0.7845 0.562929
0.7855 0.558561
0.7865 0.55417
0.7875 0.549758
0.7885 0.545324
0.7895 0.540868
0.7905 0.536391
0.7915 0.531893
0.7925 0.527374
0.7935 0.522834
0.7945 0.518274
0.7955 0.513693
0.7965 0.509091
0.7975 0.50447
0.7985 0.499828
0.7995 0.495167
0.8005 0.490487
0.8015 0.485787
0.8025 0.481067
0.8035 0.476329
0.8045 0.471572
0.8055 0.466797
0.8065 0.462003
0.8075 0.45719
0.8085 0.45236
0.8095 0.447512
0.8105 0.442646
0.8115 0.437763
0.8125 0.432862
0.8135 0.427945
0.8145 0.42301
0.8155 0.418059
0.8165 0.413091
0.8175 0.408107
0.8185 0.403107
0.8195 0.398091
0.8205 0.393059
0.8215 0.388011
0.8225 0.382949
0.8235 0.377871
0.8245 0.372778
0.8255 0.367671
0.8265 0.362549
0.8275 0.357413
0.8285 0.352262
0.8295 0.347098
0.8305 0.34192
0.8315 0.336729
0.8325 0.331524
0.8335 0.326306
0.8345 0.321075
0.8355 0.315832
0.8365 0.310576
0.8375 0.305308
0.8385 0.300028
0.8395 0.294736
0.8405 0.289432
0.8415 0.284117
0.8425 0.278791
0.8435 0.273453
0.8445 0.268105
0.8455 0.262747
0.8465 0.257378
0.8475 0.251998
0.8485 0.246609
0.8495 0.24121
0.8505 0.235802
0.8515 0.230384
0.8525 0.224957
0.8535 0.219522
0.8545 0.214077
0.8555 0.208624
0.8565 0.203163
0.8575 0.197694
0.8585 0.192217
0.8595 0.186733
0.8605 0.181241
0.8615 0.175742
0.8625 0.170236
0.8635 0.164723
0.8645 0.159204
0.8655 0.153679
0.8665 0.148147
0.8675 0.14261
0.8685 0.137067
0.8695 0.131518
0.8705 0.125965
0.8715 0.120406
0.8725 0.114843
0.8735 0.109275
0.8745 0.103703
0.8755 0.0981265
0.8765 0.0925464
0.8775 0.0869626
0.8785 0.0813753
0.8795 0.0757849
0.8805 0.0701914
0.8815 0.0645952
0.8825 0.0589965
0.8835 0.0533954
0.8845 0.0477922
0.8855 0.0421871
0.8865 0.0365804
0.8875 0.0309722
0.8885 0.0253627
0.8895 0.0197523
0.8905 0.0141411
0.8915 0.00852938
0.8925 0.00291728
0.8935 -0.00269492
0.8945 -0.00830702
0.8955 -0.0139188
0.8965 -0.01953
0.8975 -0.0251405
0.8985 -0.0307499
0.8995 -0.0363582
0.9005 -0.041965
0.9015 -0.0475701
0.9025 -0.0531734
0.9035 -0.0587746
0.9045 -0.0643734
0.9055 -0.0699698
0.9065 -0.0755633
0.9075 -0.0811539
0.9085 -0.0867413
0.9095 -0.0923252
0.9105 -0.0979055
0.9115 -0.103482
0.9125 -0.109054
0.9135 -0.114622
0.9145 -0.120186
0.9155 -0.125745
0.9165 -0.131298
0.9175 -0.136847
0.9185 -0.14239
0.9195 -0.147928
0.9205 -0.15346
0.9215 -0.158985
0.9225 -0.164505
0.9235 -0.170018
0.9245 -0.175524
0.9255 -0.181023
0.9265 -0.186515
0.9275 -0.192
0.9285 -0.197477
0.9295 -0.202947
0.9305 -0.208408
0.9315 -0.213861
0.9325 -0.219306
0.9335 -0.224742
0.9345 -0.230169
0.9355 -0.235587
0.9365 -0.240996
0.9375 -0.246395
0.9385 -0.251785
0.9395 -0.257165
0.9405 -0.262534
0.9415 -0.267893
0.9425 -0.273242
0.9435 -0.278579
0.9445 -0.283906
0.9455 -0.289222
0.9465 -0.294526
0.9475 -0.299818
0.9485 -0.305099
0.9495 -0.310368
0.9505 -0.315624
0.9515 -0.320868
0.9525 -0.326099
0.9535 -0.331317
0.9545 -0.336523
0.9555 -0.341715
0.9565 -0.346893
0.9575 -0.352058
0.9585 -0.357209
0.9595 -0.362346
0.9605 -0.367468
0.9615 -0.372576
0.9625 -0.377669
0.9635 -0.382748
0.9645 -0.387811
0.9655 -0.392859
0.9665 -0.397892
0.9675 -0.402908
0.9685 -0.407909
0.9695 -0.412894
0.9705 -0.417862
0.9715 -0.422814
0.9725 -0.427749
0.9735 -0.432668
0.9745 -0.437569
0.9755 -0.442453
0.9765 -0.44732
0.9775 -0.452168
0.9785 -0.456999
0.9795 -0.461812
0.9805 -0.466607
0.9815 -0.471383
0.9825 -0.476141
0.9835 -0.48088
0.9845 -0.4856
0.9855 -0.490301
0.9865 -0.494982
0.9875 -0.499644
0.9885 -0.504286
0.9895 -0.508908
0.9905 -0.513511
0.9915 -0.518092
0.9925 -0.522654
0.9935 -0.527195
0.9945 -0.531715
0.9955 -0.536214
0.9965 -0.540691
0.9975 -0.545148
0.9985 -0.549583
0.9995 -0.553996
