
# time = 0.75
0.0005 0.10862
0.0015 0.108061
0.0025 0.107497
0.0035 0.106928
0.0045 0.106356
0.0055 0.105779
0.0065 0.105198
0.0075 0.104613
0.0085 0.104024
0.0095 0.103431
0.0105 0.102834
0.0115 0.102232
0.0125 0.101627
0.0135 0.101018
0.0145 0.100404
0.0155 0.0997868
0.0165 0.0991655
0.0175 0.0985402
0.0185 0.0979111
0.0195 0.0972781
0.0205 0.0966413
0.0215 0.0960006
0.0225 0.0953562
0.0235 0.094708
0.0245 0.0940561
0.0255 0.0934004
0.0265 0.0927411
0.0275 0.0920781
0.0285 0.0914114
0.0295 0.0907412
0.0305 0.0900674
0.0315 0.08939
0.0325 0.0887091
0.0335 0.0880246
0.0345 0.0873368
0.0355 0.0866454
0.0365 0.0859507
0.0375 0.0852525
0.0385 0.084551
0.0395 0.0838461
0.0405 0.083138
0.0415 0.0824265
0.0425 0.0817118
0.0435 0.0809939
0.0445 0.0802728
0.0455 0.0795485
0.0465 0.0788211
0.0475 0.0780905
0.0485 0.0773569
0.0495 0.0766202
0.0505 0.0758805
0.0515 0.0751378
0.0525 0.0743921
0.0535 0.0736435
0.0545 0.072892
0.0555 0.0721376
0.0565 0.0713804
0.0575 0.0706203
0.0585 0.0698575
0.0595 0.0690919
0.0605 0.0683235
0.0615 0.0675525
0.0625 0.0667788
0.0635 0.0660025
0.0645 0.0652236
0.0655 0.0644421
0.0665 0.063658
0.0675 0.0628714
0.0685 0.0620824
0.0695 0.0612909
0.0705 0.060497
0.0715 0.0597006
0.0725 0.058902
0.0735 0.058101
0.0745 0.0572977
0.0755 0.0564922
0.0765 0.0556844
0.0775 0.0548744
0.0785 0.0540623
0.0795 0.053248
0.0805 0.0524316
0.0815 0.0516132
0.0825 0.0507927
0.0835 0.0499702
0.0845 0.0491457
0.0855 0.0483193
0.0865 0.047491
0.0875 0.0466608
0.0885 0.0458288
0.0895 0.044995
0.0905 0.0441593
0.0915 0.043322
0.0925 0.0424829
0.0935 0.0416422
0.0945 0.0407998
0.0955 0.0399558
0.0965 0.0391102
0.0975 0.0382631
0.0985 0.0374145
0.0995 0.0365644
0.1005 0.0357128
0.1015 0.0348598
0.1025 0.0340055
0.1035 0.0331498
0.1045 0.0322928
0.1055 0.0314346
0.1065 0.0305751
0.1075 0.0297144
0.1085 0.0288525
0.1095 0.0279894
0.1105 0.0271253
0.1115 0.0262601
0.1125 0.0253939
0.1135 0.0245266
0.1145 0.0236584
0.1155 0.0227893
0.1165 0.0219192
0.1175 0.0210483
0.1185 0.0201766
0.1195 0.0193041
0.1205 0.0184308
0.1215 0.0175568
0.1225 0.016682
0.1235 0.0158067
0.1245 0.0149307
0.1255 0.0140541
0.1265 0.0131769
0.1275 0.0122993
0.1285 0.0114211
0.1295 0.0105425
0.1305 0.0096635
0.1315 0.0087841
0.1325 0.00790436
0.1335 0.0070243
0.1345 0.00614397
0.1355 0.00526339
0.1365 0.00438261
0.1375 0.00350165
0.1385 0.00262055
0.1395 0.00173935
0.1405 0.000858087
0.1415 -2.32146e-05
0.1425 -0.000904515
0.1435 -0.00178578
0.1445 -0.00266697
0.1455 -0.00354806
0.1465 -0.00442901
0.1475 -0.00530979
0.1485 -0.00619035
0.1495 -0.00707067
0.1505 -0.00795071
0.1515 -0.00883044
0.1525 -0.00970982
0.1535 -0.0105888
0.1545 -0.0114674
0.1555 -0.0123455
0.1565 -0.0132232
0.1575 -0.0141003
0.1585 -0.0149768
0.1595 -0.0158528
0.1605 -0.0167281
0.1615 -0.0176028
0.1625 -0.0184768
0.1635 -0.0193501
0.1645 -0.0202226
0.1655 -0.0210942
0.1665 -0.0219651
0.1675 -0.0228351
0.1685 -0.0237042
0.1695 -0.0245724
0.1705 -0.0254395
0.1715 -0.0263057
0.1725 -0.0271709
0.1735 -0.0280349
0.1745 -0.0288979
0.1755 -0.0297597
0.1765 -0.0306204
0.1775 -0.0314798
0.1785 -0.032338
0.1795 -0.0331949
0.1805 -0.0340505
0.1815 -0.0349048
0.1825 -0.0357577
0.1835 -0.0366092
0.1845 -0.0374592
0.1855 -0.0383078
0.1865 -0.0391548
0.1875 -0.0400003
0.1885 -0.0408442
0.1895 -0.0416865
0.1905 -0.0425272
0.1915 -0.0433661
0.1925 -0.0442034
0.1935 -0.0450389
0.1945 -0.0458727
0.1955 -0.0467046
0.1965 -0.0475347
0.1975 -0.0483629
0.1985 -0.0491892
0.1995 -0.0500136
0.2005 -0.050836
0.2015 -0.0516563
0.2025 -0.0524747
0.2035 -0.0532909
0.2045 -0.0541051
0.2055 -0.0549171
0.2065 -0.055727
0.2075 -0.0565347
0.2085 -0.0573401
0.2095 -0.0581432
0.2105 -0.0589441
0.2115 -0.0597427
0.2125 -0.0605388
0.2135 -0.0613326
0.2145 -0.062124
0.2155 -0.0629129
0.2165 -0.0636994
0.2175 -0.0644833
0.2185 -0.0652647
0.2195 -0.0660435
0.2205 -0.0668197
0.2215 -0.0675932
0.2225 -0.0683641
0.2235 -0.0691323
0.2245 -0.0698977
0.2255 -0.0706604
0.2265 -0.0714203
0.2275 -0.0721774
0.2285 -0.0729317
0.2295 -0.073683
0.2305 -0.0744315
0.2315 -0.075177
0.2325 -0.0759195
0.2335 -0.0766591
0.2345 -0.0773956
0.2355 -0.0781291
0.2365 -0.0788595
0.2375 -0.0795867
0.2385 -0.0803109
0.2395 -0.0810318
0.2405 -0.0817496
0.2415 -0.0824641
0.2425 -0.0831754
0.2435 -0.0838834
0.2445 -0.084588
0.2455 -0.0852894
0.2465 -0.0859873
0.2475 -0.0866819
0.2485 -0.0873731
0.2495 -0.0880608
0.2505 -0.088745
0.2515 -0.0894257
0.2525 -0.0901029
0.2535 -0.0907766
0.2545 -0.0914466
0.2555 -0.0921131
0.2565 -0.0927759
0.2575 -0.093435
0.2585 -0.0940905
0.2595 -0.0947422
0.2605 -0.0953902
0.2615 -0.0960345
0.2625 -0.0966749
0.2635 -0.0973115
0.2645 -0.0979443
0.2655 -0.0985733
0.2665 -0.0991983
0.2675 -0.0998194
0.2685 -0.100437
0.2695 -0.10105
0.2705 -0.101659
0.2715 -0.102264
0.2725 -0.102865
0.2735 -0.103462
0.2745 -0.104055
0.2755 -0.104644
0.2765 -0.105229
0.2775 -0.10581
0.2785 -0.106386
0.2795 -0.106959
0.2805 -0.107527
0.2815 -0.10809
0.2825 -0.10865
0.2835 -0.109205
0.2845 -0.109756
0.2855 -0.110303
0.2865 -0.110845
0.2875 -0.111383
0.2885 -0.111916
0.2895 -0.112445
0.2905 -0.11297
0.2915 -0.11349
0.2925 -0.114006
0.2935 -0.114517
0.2945 -0.115023
0.2955 -0.115525
0.2965 -0.116023
0.2975 -0.116516
0.2985 -0.117004
0.2995 -0.117488
0.3005 -0.117967
0.3015 -0.118442
0.3025 -0.118911
0.3035 -0.119376
0.3045 -0.119837
0.3055 -0.120292
0.3065 -0.120743
0.3075 -0.121189
0.3085 -0.121631
0.3095 -0.122067
0.3105 -0.122499
0.3115 -0.122926
0.3125 -0.123348
0.3135 -0.123765
0.3145 -0.124177
0.3155 -0.124585
0.3165 -0.124987
0.3175 -0.125384
0.3185 -0.125777
0.3195 -0.126165
0.3205 -0.126547
0.3215 -0.126925
0.3225 -0.127297
0.3235 -0.127665
0.3245 -0.128028
0.3255 -0.128385
0.3265 -0.128737
0.3275 -0.129085
0.3285 -0.129427
0.3295 -0.129764
0.3305 -0.130096
0.3315 -0.130423
0.3325 -0.130745
0.3335 -0.131061
0.3345 -0.131373
0.3355 -0.131679
0.3365 -0.13198
0.3375 -0.132276
0.3385 -0.132566
0.3395 -0.132852
0.3405 -0.133132
0.3415 -0.133406
0.3425 -0.133676
0.3435 -0.13394
0.3445 -0.134199
0.3455 -0.134453
0.3465 -0.134701
0.3475 -0.134945
0.3485 -0.135182
0.3495 -0.135415
0.3505 -0.135642
0.3515 -0.135863
0.3525 -0.13608
0.3535 -0.136291
0.3545 -0.136496
0.3555 -0.136697
0.3565 -0.136891
0.3575 -0.137081
0.3585 -0.137265
0.3595 -0.137443
0.3605 -0.137617
0.3615 -0.137784
0.3625 -0.137947
0.3635 -0.138103
0.3645 -0.138255
0.3655 -0.138401
0.3665 -0.138541
0.3675 -0.138676
0.3685 -0.138806
0.3695 -0.13893
0.3705 -0.139048
0.3715 -0.139161
0.3725 -0.139269
0.3735 -0.139371
0.3745 -0.139467
0.3755 -0.139558
0.3765 -0.139644
0.3775 -0.139724
0.3785 -0.139799
0.3795 -0.139868
0.3805 -0.139931
0.3815 -0.139989
0.3825 -0.140041
0.3835 -0.140088
0.3845 -0.14013
0.3855 -0.140166
0.3865 -0.140196
0.3875 -0.140221
0.3885 -0.14024
0.3895 -0.140254
0.3905 -0.140262
0.3915 -0.140264
0.3925 -0.140261
0.3935 -0.140253
0.3945 -0.140239
0.3955 -0.140219
0.3965 -0.140194
0.3975 -0.140164
0.3985 -0.140128
0.3995 -0.140086
0.4005 -0.140039
0.4015 -0.139986
0.4025 -0.139928
0.4035 -0.139864
0.4045 -0.139795
0.4055 -0.13972
0.4065 -0.13964
0.4075 -0.139554
0.4085 -0.139462
0.4095 -0.139366
0.4105 -0.139263
0.4115 -0.139155
0.4125 -0.139042
0.4135 -0.138923
0.4145 -0.138799
0.4155 -0.138669
0.4165 -0.138534
0.4175 -0.138393
0.4185 -0.138247
0.4195 -0.138095
0.4205 -0.137938
0.4215 -0.137776
0.4225 -0.137608
0.4235 -0.137434
0.4245 -0.137255
0.4255 -0.137071
0.4265 -0.136881
0.4275 -0.136686
0.4285 -0.136486
0.4295 -0.13628
0.4305 -0.136069
0.4315 -0.135852
0.4325 -0.13563
0.4335 -0.135403
0.4345 -0.13517
0.4355 -0.134932
0.4365 -0.134688
0.4375 -0.13444
0.4385 -0.134186
0.4395 -0.133927
0.4405 -0.133662
0.4415 -0.133392
0.4425 -0.133117
0.4435 -0.132837
0.4445 -0.132551
0.4455 -0.13226
0.4465 -0.131964
0.4475 -0.131663
0.4485 -0.131356
0.4495 -0.131045
0.4505 -0.130728
0.4515 -0.130406
0.4525 -0.130079
0.4535 -0.129747
0.4545 -0.129409
0.4555 -0.129067
0.4565 -0.128719
0.4575 -0.128366
0.4585 -0.128009
0.4595 -0.127646
0.4605 -0.127278
0.4615 -0.126905
0.4625 -0.126527
0.4635 -0.126144
0.4645 -0.125756
0.4655 -0.125364
0.4665 -0.124966
0.4675 -0.124563
0.4685 -0.124156
0.4695 -0.123743
0.4705 -0.123326
0.4715 -0.122903
0.4725 -0.122476
0.4735 -0.122044
0.4745 -0.121608
0.4755 -0.121166
0.4765 -0.12072
0.4775 -0.120268
0.4785 -0.119813
0.4795 -0.119352
0.4805 -0.118887
0.4815 -0.118417
0.4825 -0.117942
0.4835 -0.117463
0.4845 -0.116979
0.4855 -0.11649
0.4865 -0.115997
0.4875 -0.115499
0.4885 -0.114997
0.4895 -0.11449
0.4905 -0.113978
0.4915 -0.113463
0.4925 -0.112942
0.4935 -0.112417
0.4945 -0.111888
0.4955 -0.111354
0.4965 -0.110816
0.4975 -0.110274
0.4985 -0.109727
0.4995 -0.109176
0.5005 -0.10862
0.5015 -0.108061
0.5025 -0.107497
0.5035 -0.106928
0.5045 -0.106356
0.5055 -0.105779
0.5065 -0.105198
0.5075 -0.104613
0.5085 -0.104024
0.5095 -0.103431
0.5105 -0.102834
0.5115 -0.102232
0.5125 -0.101627
0.5135 -0.101018
0.5145 -0.100404
0.5155 -0.0997868
0.5165 -0.0991655
0.5175 -0.0985402
0.5185 -0.0979111
0.5195 -0.0972781
0.5205 -0.0966413
0.5215 -0.0960006
0.5225 -0.0953562
0.5235 -0.094708
0.5245 -0.0940561
0.5255 -0.0934004
0.5265 -0.0927411
0.5275 -0.0920781
0.5285 -0.0914114
0.5295 -0.0907412
0.5305 -0.0900674
0.5315 -0.08939
0.5325 -0.0887091
0.5335 -0.0880246
0.5345 -0.0873368
0.5355 -0.0866454
0.5365 -0.0859507
0.5375 -0.0852525
0.5385 -0.084551
0.5395 -0.0838461
0.5405 -0.083138
0.5415 -0.0824265
0.5425 -0.0817118
0.5435 -0.0809939
0.5445 -0.0802728
0.5455 -0.0795485
0.5465 -0.0788211
0.5475 -0.0780905
0.5485 -0.0773569
0.5495 -0.0766202
0.5505 -0.0758805
0.5515 -0.0751378
0.5525 -0.0743921
0.5535 -0.0736435
0.5545 -0.072892
0.5555 -0.0721376
0.5565 -0.0713804
0.5575 -0.0706203
0.5585 -0.0698575
0.5595 -0.0690919
0.5605 -0.0683235
0.5615 -0.0675525
0.5625 -0.0667788
0.5635 -0.0660025
0.5645 -0.0652236
0.5655 -0.0644421
0.5665 -0.063658
0.5675 -0.0628714
0.5685 -0.0620824
0.5695 -0.0612909
0.5705 -0.060497
0.5715 -0.0597006
0.5725 -0.058902
0.5735 -0.058101
0.5745 -0.0572977
0.5755 -0.0564922
0.5765 -0.0556844
0.5775 -0.0548744
0.5785 -0.0540623
0.5795 -0.053248
0.5805 -0.0524316
0.5815 -0.0516132
0.5825 -0.0507927
0.5835 -0.0499702
0.5845 -0.0491457
0.5855 -0.0483193
0.5865 -0.047491
0.5875 -0.0466608
0.5885 -0.0458288
0.5895 -0.044995
0.5905 -0.0441593
0.5915 -0.043322
0.5925 -0.0424829
0.5935 -0.0416422
0.5945 -0.0407998
0.5955 -0.0399558
0.5965 -0.0391102
0.5975 -0.0382631
0.5985 -0.0374145
0.5995 -0.0365644
0.6005 -0.0357128
0.6015 -0.0348598
0.6025 -0.0340055
0.6035 -0.0331498
0.6045 -0.0322928
0.6055 -0.0314346
0.6065 -0.0305751
0.6075 -0.0297144
0.6085 -0.0288525
0.6095 -0.0279894
0.6105 -0.0271253
0.6115 -0.0262601
0.6125 -0.0253939
0.6135 -0.0245266
0.6145 -0.0236584
0.6155 -0.0227893
0.6165 -0.0219192
0.6175 -0.0210483
0.6185 -0.0201766
0.6195 -0.0193041
0.6205 -0.0184308
0.6215 -0.0175568
0.6225 -0.016682
0.6235 -0.0158067
0.6245 -0.0149307
0.6255 -0.0140541
0.6265 -0.0131769
0.6275 -0.0122993
0.6285 -0.0114211
0.6295 -0.0105425
0.6305 -0.0096635
0.6315 -0.0087841
0.6325 -0.00790436
0.6335 -0.0070243
0.6345 -0.00614397
0.6355 -0.00526339
0.6365 -0.00438261
0.6375 -0.00350165
0.6385 -0.00262055
0.6395 -0.00173935
0.6405 -0.000858087
0.6415 2.32146e-05
0.6425 0.000904515
0.6435 0.00178578
0.6445 0.00266697
0.6455 0.00354806
0.6465 0.00442901
0.6475 0.00530979
0.6485 0.00619035
0.6495 0.00707067
0.6505 0.00795071
0.6515 0.00883044
0.6525 0.00970982
0.6535 0.0105888
0.6545 0.0114674
0.6555 0.0123455
0.6565 0.0132232
0.6575 0.0141003
0.6585 0.0149768
0.6595 0.0158528
0.6605 0.0167281
0.6615 0.0176028
0.6625 0.0184768
0.6635 0.0193501
0.6645 0.0202226
0.6655 0.0210942
0.6665 0.0219651
0.6675 0.0228351
0.6685 0.0237042
0.6695 0.0245724
0.6705 0.0254395
0.6715 0.0263057
0.6725 0.0271709
0.6735 0.0280349
0.6745 0.0288979
0.6755 0.0297597
0.6765 0.0306204
0.6775 0.0314798
0.6785 0.032338
0.6795 0.0331949
0.6805 0.0340505
0.6815 0.0349048
0.6825 0.0357577
0.6835 0.0366092
0.6845 0.0374592
0.6855 0.0383078
0.6865 0.0391548
0.6875 0.0400003
0.6885 0.0408442
0.6895 0.0416865
0.6905 0.0425272
0.6915 0.0433661
0.6925 0.0442034
0.6935 0.0450389
0.6945 0.0458727
0.6955 0.0467046
0.6965 0.0475347
0.6975 0.0483629
0.6985 0.0491892
0.6995 0.0500136
0.7005 0.050836
0.7015 0.0516563
0.7025 0.0524747
0.7035 0.0532909
0.7045 0.0541051
0.7055 0.0549171
0.7065 0.055727
0.7075 0.0565347
0.7085 0.0573401
0.7095 0.0581432
0.7105 0.0589441
0.7115 0.0597427
0.7125 0.0605388
0.7135 0.0613326
0.7145 0.062124
0.7155 0.0629129
0.7165 0.0636994
0.7175 0.0644833
0.7185 0.0652647
0.7195 0.0660435
0.7205 0.0668197
0.7215 0.0675932
0.7225 0.0683641
0.7235 0.0691323
0.7245 0.0698977
0.7255 0.0706604
0.7265 0.0714203
0.7275 0.0721774
0.7285 0.0729317
0.7295 0.073683
0.7305 0.0744315
0.7315 0.075177
0.7325 0.0759195
0.7335 0.0766591
0.7345 0.0773956
0.7355 0.0781291
0.7365 0.0788595
0.7375 0.0795867
0.7385 0.0803109
0.7395 0.0810318
0.7405 0.0817496
0.7415 0.0824641
0.7425 0.0831754
0.7435 0.0838834
0.7445 0.084588
0.7455 0.0852894
0.7465 0.0859873
0.7475 0.0866819
0.7485 0.0873731
0.7495 0.0880608
0.7505 0.088745
0.7515 0.0894257
0.7525 0.0901029
0.7535 0.0907766
0.7545 0.0914466
0.7555 0.0921131
0.7565 0.0927759
0.7575 0.093435
0.7585 0.0940905
0.7595 0.0947422
0.7605 0.0953902
0.7615 0.0960345
0.7625 0.0966749
0.7635 0.0973115
0.7645 0.0979443
0.7655 0.0985733
0.7665 0.0991983
0.7675 0.0998194
0.7685 0.100437
0.7695 0.10105
0.7705 0.101659
0.7715 0.102264
0.7725 0.102865
0.7735 0.103462
0.7745 0.104055
0.7755 0.104644
0.7765 0.105229
0.7775 0.10581
0.7785 0.106386
0.7795 0.106959
0.7805 0.107527
0.7815 0.10809
0.7825 0.10865
0.7835 0.109205
0.7845 0.109756
0.7855 0.110303
0.7865 0.110845
0.7875 0.111383
0.7885 0.111916
0.7895 0.112445
0.7905 0.11297
0.7915 0.11349
0.7925 0.114006
0.7935 0.114517
0.7945 0.115023
0.7955 0.115525
0.7965 0.116023
0.7975 0.116516
0.7985 0.117004
0.7995 0.117488
0.8005 0.117967
0.8015 0.118442
0.8025 0.118911
0.8035 0.119376
0.8045 0.119837
0.8055 0.120292
0.8065 0.120743
0.8075 0.121189
0.8085 0.121631
0.8095 0.122067
0.8105 0.122499
0.8115 0.122926
0.8125 0.123348
0.8135 0.123765
0.8145 0.124177
0.8155 0.124585
0.8165 0.124987
0.8175 0.125384
0.8185 0.125777
0.8195 0.126165
0.8205 0.126547
0.8215 0.126925
0.8225 0.127297
0.8235 0.127665
0.8245 0.128028
0.8255 0.128385
0.8265 0.128737
0.8275 0.129085
0.8285 0.129427
0.8295 0.129764
0.8305 0.130096
0.8315 0.130423
0.8325 0.130745
0.8335 0.131061
0.8345 0.131373
0.8355 0.131679
0.8365 0.13198
0.8375 0.132276
0.8385 0.132566
0.8395 0.132852
0.8405 0.133132
0.8415 0.133406
0.8425 0.133676
0.8435 0.13394
0.8445 0.134199
0.8455 0.134453
0.8465 0.134701
0.8475 0.134945
0.8485 0.135182
0.8495 0.135415
0.8505 0.135642
0.8515 0.135863
0.8525 0.13608
0.8535 0.136291
0.8545 0.136496
0.8555 0.136697
0.8565 0.136891
0.8575 0.137081
0.8585 0.137265
0.8595 0.137443
0.8605 0.137617
0.8615 0.137784
0.8625 0.137947
0.8635 0.138103
0.8645 0.138255
0.8655 0.138401
0.8665 0.138541
0.8675 0.138676
0.8685 0.138806
0.8695 0.13893
0.8705 0.139048
0.8715 0.139161
0.8725 0.139269
0.8735 0.139371
0.8745 0.139467
0.8755 0.139558
0.8765 0.139644
0.8775 0.139724
0.8785 0.139799
0.8795 0.139868
0.8805 0.139931
0.8815 0.139989
0.8825 0.140041
0.8835 0.140088
0.8845 0.14013
0.8855 0.140166
0.8865 0.140196
0.8875 0.140221
0.8885 0.14024
0.8895 0.140254
0.8905 0.140262
0.8915 0.140264
0.8925 0.140261
0.8935 0.140253
0.8945 0.140239
0.8955 0.140219
0.8965 0.140194
0.8975 0.140164
0.8985 0.140128
0.8995 0.140086
0.9005 0.140039
0.9015 0.139986
0.9025 0.139928
0.9035 0.139864
0.9045 0.139795
0.9055 0.13972
0.9065 0.13964
0.9075 0.139554
0.9085 0.139462
0.9095 0.139366
0.9105 0.139263
0.9115 0.139155
0.9125 0.139042
0.9135 0.138923
0.9145 0.138799
0.9155 0.138669
0.9165 0.138534
0.9175 0.138393
0.9185 0.138247
0.9195 0.138095
0.9205 0.137938
0.9215 0.137776
0.9225 0.137608
0.9235 0.137434
0.9245 0.137255
0.9255 0.137071
0.9265 0.136881
0.9275 0.136686
0.9285 0.136486
0.9295 0.13628
0.9305 0.136069
0.9315 0.135852
0.9325 0.13563
0.9335 0.135403
0.9345 0.13517
0.9355 0.134932
0.9365 0.134688
0.9375 0.13444
0.9385 0.134186
0.9395 0.133927
0.9405 0.133662
0.9415 0.133392
0.9425 0.133117
0.9435 0.132837
0.9445 0.132551
0.9455 0.13226
0.9465 0.131964
0.9475 0.131663
0.9485 0.131356
0.9495 0.131045
0.9505 0.130728
0.9515 0.130406
0.9525 0.130079
0.9535 0.129747
0.9545 0.129409
0.9555 0.129067
0.9565 0.128719
0.9575 0.128366
0.9585 0.128009
0.9595 0.127646
0.9605 0.127278
0.9615 0.126905
0.9625 0.126527
0.9635 0.126144
0.9645 0.125756
0.9655 0.125364
0.9665 0.124966
0.9675 0.124563
0.9685 0.124156
0.9695 0.123743
0.9705 0.123326
0.9715 0.122903
0.9725 0.122476
0.9735 0.122044
0.9745 0.121608
0.9755 0.121166
0.9765 0.12072
0.9775 0.120268
0.9785 0.119813
0.9795 0.119352
0.9805 0.118887
0.9815 0.118417
0.9825 0.117942
0.9835 0.117463
0.9845 0.116979
0.9855 0.11649
0.9865 0.115997
0.9875 0.115499
0.9885 0.114997
0.9895 0.11449
0.9905 0.113978
0.9915 0.113463
0.9925 0.112942
0.9935 0.112417
0.9945 0.111888
0.9955 0.111354
0.9965 0.110816
0.9975 0.110274
0.9985 0.109727
0.9995 0.109176
