
# time = 1
0.0005 -0.00544848
0.0015 -0.0115482
0.0025 -0.0176474
0.0035 -0.023746
0.0045 -0.0298436
0.0055 -0.03594
0.0065 -0.042035
0.0075 -0.0481284
0.0085 -0.0542199
0.0095 -0.0603092
0.0105 -0.0663961
0.0115 -0.0724804
0.0125 -0.0785619
0.0135 -0.0846402
0.0145 -0.0907153
0.0155 -0.0967867
0.0165 -0.102854
0.0175 -0.108918
0.0185 -0.114977
0.0195 -0.121032
0.0205 -0.127082
0.0215 -0.133127
0.0225 -0.139166
0.0235 -0.1452
0.0245 -0.151229
0.0255 -0.157251
0.0265 -0.163268
0.0275 -0.169277
0.0285 -0.175281
0.0295 -0.181277
0.0305 -0.187266
0.0315 -0.193247
0.0325 -0.199221
0.0335 -0.205188
0.0345 -0.211146
0.0355 -0.217095
0.0365 -0.223037
0.0375 -0.228969
0.0385 -0.234892
0.0395 -0.240806
0.0405 -0.246711
0.0415 -0.252606
0.0425 -0.25849
0.0435 -0.264365
0.0445 -0.270229
0.0455 -0.276083
0.0465 -0.281925
0.0475 -0.287757
0.0485 -0.293577
0.0495 -0.299385
0.0505 -0.305182
0.0515 -0.310967
0.0525 -0.316739
0.0535 -0.322499
0.0545 -0.328246
0.0555 -0.33398
0.0565 -0.339701
0.0575 -0.345409
0.0585 -0.351103
0.0595 -0.356783
0.0605 -0.362449
0.0615 -0.368101
0.0625 -0.373738
0.0635 -0.37936
0.0645 -0.384968
0.0655 -0.39056
0.0665 -0.396137
0.0675 -0.401698
0.0685 -0.407243
0.0695 -0.412773
0.0705 -0.418286
0.0715 -0.423782
0.0725 -0.429262
0.0735 -0.434725
0.0745 -0.44017
0.0755 -0.445598
0.0765 -0.451009
0.0775 -0.456402
0.0785 -0.461777
0.0795 -0.467133
0.0805 -0.472471
0.0815 -0.477791
0.0825 -0.483092
0.0835 -0.488373
0.0845 -0.493635
0.0855 -0.498878
0.0865 -0.504101
0.0875 -0.509304
0.0885 -0.514487
0.0895 -0.51965
0.0905 -0.524793
0.0915 -0.529914
0.0925 -0.535015
0.0935 -0.540094
0.0945 -0.545152
0.0955 -0.550189
0.0965 -0.555204
0.0975 -0.560197
0.0985 -0.565168
0.0995 -0.570116
0.1005 -0.575043
0.1015 -0.579946
0.1025 -0.584826
0.1035 -0.589684
0.1045 -0.594518
0.1055 -0.599329
0.1065 -0.604116
0.1075 -0.608879
0.1085 -0.613618
0.1095 -0.618333
0.1105 -0.623023
0.1115 -0.627689
0.1125 -0.63233
0.1135 -0.636946
0.1145 -0.641537
0.1155 -0.646103
0.1165 -0.650643
0.1175 -0.655157
0.1185 -0.659646
0.1195 -0.664109
0.1205 -0.668545
0.1215 -0.672955
0.1225 -0.677338
0.1235 -0.681695
0.1245 -0.686025
0.1255 -0.690327
0.1265 -0.694603
0.1275 -0.698851
0.1285 -0.703071
0.1295 -0.707264
0.1305 -0.711428
0.1315 -0.715565
0.1325 -0.719673
0.1335 -0.723753
0.1345 -0.727805
0.1355 -0.731827
0.1365 -0.735821
0.1375 -0.739786
0.1385 -0.743721
0.1395 -0.747627
0.1405 -0.751504
0.1415 -0.755351
0.1425 -0.759168
0.1435 -0.762955
0.1445 -0.766712
0.1455 -0.770439
0.1465 -0.774135
0.1475 -0.777801
0.1485 -0.781436
0.1495 -0.78504
0.1505 -0.788614
0.1515 -0.792156
0.1525 -0.795667
0.1535 -0.799146
0.1545 -0.802594
0.1555 -0.80601
0.1565 -0.809395
0.1575 -0.812747
0.1585 -0.816067
0.1595 -0.819355
0.1605 -0.822611
0.1615 -0.825835
0.1625 -0.829025
0.1635 -0.832183
0.1645 -0.835308
0.1655 -0.8384
0.1665 -0.841459
0.1675 -0.844485
0.1685 -0.847478
0.1695 -0.850437
0.1705 -0.853362
0.1715 -0.856254
0.1725 -0.859112
0.1735 -0.861936
0.1745 -0.864726
0.1755 -0.867482
0.1765 -0.870204
0.1775 -0.872891
0.1785 -0.875544
0.1795 -0.878162
0.1805 -0.880745
0.1815 -0.883294
0.1825 -0.885808
0.1835 -0.888287
0.1845 -0.890731
0.1855 -0.89314
0.1865 -0.895513
0.1875 -0.897851
0.1885 -0.900154
0.1895 -0.902421
0.1905 -0.904653
0.1915 -0.906849
0.1925 -0.909009
0.1935 -0.911133
0.1945 -0.913221
0.1955 -0.915273
0.1965 -0.917289
0.1975 -0.919269
0.1985 -0.921212
0.1995 -0.923119
0.2005 -0.92499
0.2015 -0.926824
0.2025 -0.928622
0.2035 -0.930382
0.2045 -0.932107
0.2055 -0.933794
0.2065 -0.935444
0.2075 -0.937058
0.2085 -0.938635
0.2095 -0.940174
0.2105 -0.941676
0.2115 -0.943142
0.2125 -0.94457
0.2135 -0.94596
0.2145 -0.947314
0.2155 -0.94863
0.2165 -0.949908
0.2175 -0.951149
0.2185 -0.952353
0.2195 -0.953518
0.2205 -0.954647
0.2215 -0.955737
0.2225 -0.95679
0.2235 -0.957805
0.2245 -0.958782
0.2255 -0.959721
0.2265 -0.960623
0.2275 -0.961486
0.2285 -0.962312
0.2295 -0.9631
0.2305 -0.963849
0.2315 -0.964561
0.2325 -0.965234
0.2335 -0.96587
0.2345 -0.966467
0.2355 -0.967026
0.2365 -0.967547
0.2375 -0.968029
0.2385 -0.968474
0.2395 -0.96888
0.2405 -0.969248
0.2415 -0.969578
0.2425 -0.969869
0.2435 -0.970122
0.2445 -0.970337
0.2455 -0.970514
0.2465 -0.970652
0.2475 -0.970752
0.2485 -0.970813
0.2495 -0.970837
0.2505 -0.970822
0.2515 -0.970768
0.2525 -0.970676
0.2535 -0.970546
0.2545 -0.970378
0.2555 -0.970171
0.2565 -0.969926
0.2575 -0.969643
0.2585 -0.969322
0.2595 -0.968962
0.2605 -0.968564
0.2615 -0.968127
0.2625 -0.967653
0.2635 -0.96714
0.2645 -0.966589
0.2655 -0.966
0.2665 -0.965373
0.2675 -0.964708
0.2685 -0.964004
0.2695 -0.963263
0.2705 -0.962483
0.2715 -0.961666
0.2725 -0.960811
0.2735 -0.959917
0.2745 -0.958986
0.2755 -0.958017
0.2765 -0.95701
0.2775 -0.955965
0.2785 -0.954883
0.2795 -0.953763
0.2805 -0.952605
0.2815 -0.951409
0.2825 -0.950176
0.2835 -0.948906
0.2845 -0.947598
0.2855 -0.946253
0.2865 -0.94487
0.2875 -0.94345
0.2885 -0.941992
0.2895 -0.940498
0.2905 -0.938966
0.2915 -0.937398
0.2925 -0.935792
0.2935 -0.93415
0.2945 -0.93247
0.2955 -0.930754
0.2965 -0.929001
0.2975 -0.927211
0.2985 -0.925385
0.2995 -0.923522
0.3005 -0.921623
0.3015 -0.919687
0.3025 -0.917715
0.3035 -0.915707
0.3045 -0.913662
0.3055 -0.911582
0.3065 -0.909465
0.3075 -0.907313
0.3085 -0.905125
0.3095 -0.902901
0.3105 -0.900641
0.3115 -0.898346
0.3125 -0.896016
0.3135 -0.89365
0.3145 -0.891249
0.3155 -0.888812
0.3165 -0.886341
0.3175 -0.883834
0.3185 -0.881293
0.3195 -0.878717
0.3205 -0.876106
0.3215 -0.87346
0.3225 -0.87078
0.3235 -0.868066
0.3245 -0.865318
0.3255 -0.862535
0.3265 -0.859718
0.3275 -0.856867
0.3285 -0.853983
0.3295 -0.851064
0.3305 -0.848113
0.3315 -0.845127
0.3325 -0.842109
0.3335 -0.839057
0.3345 -0.835972
0.3355 -0.832853
0.3365 -0.829702
0.3375 -0.826519
0.3385 -0.823302
0.3395 -0.820054
0.3405 -0.816772
0.3415 -0.813459
0.3425 -0.810113
0.3435 -0.806736
0.3445 -0.803326
0.3455 -0.799885
0.3465 -0.796412
0.3475 -0.792908
0.3485 -0.789373
0.3495 -0.785806
0.3505 -0.782209
0.3515 -0.77858
0.3525 -0.774921
0.3535 -0.771231
0.3545 -0.767511
0.3555 -0.76376
0.3565 -0.759979
0.3575 -0.756169
0.3585 -0.752328
0.3595 -0.748458
0.3605 -0.744558
0.3615 -0.740629
0.3625 -0.73667
0.3635 -0.732683
0.3645 -0.728666
0.3655 -0.724621
0.3665 -0.720547
0.3675 -0.716445
0.3685 -0.712314
0.3695 -0.708155
0.3705 -0.703969
0.3715 -0.699754
0.3725 -0.695512
0.3735 -0.691243
0.3745 -0.686946
0.3755 -0.682622
0.3765 -0.678271
0.3775 -0.673893
0.3785 -0.669489
0.3795 -0.665058
0.3805 -0.660601
0.3815 -0.656118
0.3825 -0.651609
0.3835 -0.647075
0.3845 -0.642514
0.3855 -0.637929
0.3865 -0.633318
0.3875 -0.628682
0.3885 -0.624022
0.3895 -0.619337
0.3905 -0.614627
0.3915 -0.609893
0.3925 -0.605135
0.3935 -0.600353
0.3945 -0.595547
0.3955 -0.590718
0.3965 -0.585866
0.3975 -0.58099
0.3985 -0.576092
0.3995 -0.57117
0.4005 -0.566227
0.4015 -0.561261
0.4025 -0.556272
0.4035 -0.551262
0.4045 -0.54623
0.4055 -0.541176
0.4065 -0.536101
0.4075 -0.531005
0.4085 -0.525888
0.4095 -0.52075
0.4105 -0.515592
0.4115 -0.510413
0.4125 -0.505214
0.4135 -0.499995
0.4145 -0.494757
0.4155 -0.489499
0.4165 -0.484221
0.4175 -0.478925
0.4185 -0.473609
0.4195 -0.468275
0.4205 -0.462922
0.4215 -0.457551
0.4225 -0.452162
0.4235 -0.446756
0.4245 -0.441331
0.4255 -0.435889
0.4265 -0.43043
0.4275 -0.424954
0.4285 -0.419461
0.4295 -0.413952
0.4305 -0.408426
0.4315 -0.402884
0.4325 -0.397326
0.4335 -0.391753
0.4345 -0.386164
0.4355 -0.380559
0.4365 -0.37494
0.4375 -0.369306
0.4385 -0.363657
0.4395 -0.357995
0.4405 -0.352317
0.4415 -0.346626
0.4425 -0.340922
0.4435 -0.335204
0.4445 -0.329472
0.4455 -0.323728
0.4465 -0.317971
0.4475 -0.312201
0.4485 -0.306419
0.4495 -0.300625
0.4505 -0.294819
0.4515 -0.289001
0.4525 -0.283172
0.4535 -0.277332
0.4545 -0.27148
0.4555 -0.265618
0.4565 -0.259746
0.4575 -0.253863
0.4585 -0.247971
0.4595 -0.242068
0.4605 -0.236156
0.4615 -0.230235
0.4625 -0.224304
0.4635 -0.218365
0.4645 -0.212417
0.4655 -0.206461
0.4665 -0.200496
0.4675 -0.194524
0.4685 -0.188544
0.4695 -0.182557
0.4705 -0.176562
0.4715 -0.17056
0.4725 -0.164552
0.4735 -0.158537
0.4745 -0.152516
0.4755 -0.146489
0.4765 -0.140456
0.4775 -0.134417
0.4785 -0.128373
0.4795 -0.122324
0.4805 -0.116271
0.4815 -0.110212
0.4825 -0.10415
0.4835 -0.098083
0.4845 -0.0920123
0.4855 -0.0859381
0.4865 -0.0798604
0.4875 -0.0737796
0.4885 -0.0676959
0.4895 -0.0616095
0.4905 -0.0555207
0.4915 -0.0494296
0.4925 -0.0433367
0.4935 -0.037242
0.4945 -0.0311458
0.4955 -0.0250485
0.4965 -0.0189501
0.4975 -0.012851
0.4985 -0.00675133
0.4995 -0.000651441
0.5005 0.00544848
0.5015 0.0115482
0.5025 0.0176474
0.5035 0.023746
0.5045 0.0298436
0.5055 0.03594
0.5065 0.042035
0.5075 0.0481284
0.5085 0.0542199
0.5095 0.0603092
0.5105 0.0663961
0.5115 0.0724804
0.5125 0.0785619
0.5135 0.0846402
0.5145 0.0907153
0.5155 0.0967867
0.5165 0.102854
0.5175 0.108918
0.5185 0.114977
0.5195 0.121032
0.5205 0.127082
0.5215 0.133127
0.5225 0.139166
0.5235 0.1452
0.5245 0.151229
0.5255 0.157251
0.5265 0.163268
0.5275 0.169277
0.5285 0.175281
0.5295 0.181277
0.5305 0.187266
0.5315 0.193247
0.5325 0.199221
0.5335 0.205188
0.5345 0.211146
0.5355 0.217095
0.5365 0.223037
0.5375 0.228969
0.5385 0.234892
0.5395 0.240806
0.5405 0.246711
0.5415 0.252606
0.5425 0.25849
0.5435 0.264365
0.5445 0.270229
0.5455 0.276083
0.5465 0.281925
0.5475 0.287757
0.5485 0.293577
0.5495 0.299385
0.5505 0.305182
0.5515 0.310967
0.5525 0.316739
0.5535 0.322499
0.5545 0.328246
0.5555 0.33398
0.5565 0.339701
0.5575 0.345409
0.5585 0.351103
0.5595 0.356783
0.5605 0.362449
0.5615 0.368101
0.5625 0.373738
0.5635 0.37936
0.5645 0.384968
0.5655 0.39056
0.5665 0.396137
0.5675 0.401698
0.5685 0.407243
0.5695 0.412773
0.5705 0.418286
0.5715 0.423782
0.5725 0.429262
0.5735 0.434725
0.5745 0.44017
0.5755 0.445598
0.5765 0.451009
0.5775 0.456402
0.5785 0.461777
0.5795 0.467133
0.5805 0.472471
0.5815 0.477791
0.5825 0.483092
0.5835 0.488373
0.5845 0.493635
0.5855 0.498878
0.5865 0.504101
0.5875 0.509304
0.5885 0.514487
0.5895 0.51965
0.5905 0.524793
0.5915 0.529914
0.5925 0.535015
0.5935 0.540094
0.5945 0.545152
0.5955 0.550189
0.5965 0.555204
0.5975 0.560197
0.5985 0.565168
0.5995 0.570116
0.6005 0.575043
0.6015 0.579946
0.6025 0.584826
0.6035 0.589684
0.6045 0.594518
0.6055 0.599329
0.6065 0.604116
0.6075 0.608879
0.6085 0.613618
0.6095 0.618333
0.6105 0.623023
0.6115 0.627689
0.6125 0.63233
0.6135 0.636946
0.6145 0.641537
0.6155 0.646103
0.6165 0.650643
0.6175 0.655157
0.6185 0.659646
0.6195 0.664109
0.6205 0.668545
0.6215 0.672955
0.6225 0.677338
0.6235 0.681695
0.6245 0.686025
0.6255 0.690327
0.6265 0.694603
0.6275 0.698851
0.6285 0.703071
0.6295 0.707264
0.6305 0.711428
0.6315 0.715565
0.6325 0.719673
0.6335 0.723753
0.6345 0.727805
0.6355 0.731827
0.6365 0.735821
0.6375 0.739786
0.6385 0.743721
0.6395 0.747627
0.6405 0.751504
0.6415 0.755351
0.6425 0.759168
0.6435 0.762955
0.6445 0.766712
0.6455 0.770439
0.6465 0.774135
0.6475 0.777801
0.6485 0.781436
0.6495 0.78504
0.6505 0.788614
0.6515 0.792156
0.6525 0.795667
0.6535 0.799146
0.6545 0.802594
0.6555 0.80601
0.6565 0.809395
0.6575 0.812747
0.6585 0.816067
0.6595 0.819355
0.6605 0.822611
0.6615 0.825835
0.6625 0.829025
0.6635 0.832183
0.6645 0.835308
0.6655 0.8384
0.6665 0.841459
0.6675 0.844485
0.6685 0.847478
0.6695 0.850437
0.6705 0.853362
0.6715 0.856254
0.6725 0.859112
0.6735 0.861936
0.6745 0.864726
0.6755 0.867482
0.6765 0.870204
0.6775 0.872891
0.6785 0.875544
0.6795 0.878162
0.6805 0.880745
0.6815 0.883294
0.6825 0.885808
0.6835 0.888287
0.6845 0.890731
0.6855 0.89314
0.6865 0.895513
0.6875 0.897851
0.6885 0.900154
0.6895 0.902421
0.6905 0.904653
0.6915 0.906849
0.6925 0.909009
0.6935 0.911133
0.6945 0.913221
0.6955 0.915273
0.6965 0.917289
0.6975 0.919269
0.6985 0.921212
0.6995 0.923119
0.7005 0.92499
0.7015 0.926824
0.7025 0.928622
0.7035 0.930382
0.7045 0.932107
0.7055 0.933794
0.7065 0.935444
0.7075 0.937058
0.7085 0.938635
0.7095 0.940174
0.7105 0.941676
0.7115 0.943142
0.7125 0.94457
0.7135 0.94596
0.7145 0.947314
0.7155 0.94863
0.7165 0.949908
0.7175 0.951149
0.7185 0.952353
0.7195 0.953518
0.7205 0.954647
0.7215 0.955737
0.7225 0.95679
0.7235 0.957805
0.7245 0.958782
0.7255 0.959721
0.7265 0.960623
0.7275 0.961486
0.7285 0.962312
0.7295 0.9631
0.7305 0.963849
0.7315 0.964561
0.7325 0.965234
0.7335 0.96587
0.7345 0.966467
0.7355 0.967026
0.7365 0.967547
0.7375 0.968029
0.7385 0.968474
0.7395 0.96888
0.7405 0.969248
0.7415 0.969578
0.7425 0.969869
0.7435 0.970122
0.7445 0.970337
0.7455 0.970514
0.7465 0.970652
0.7475 0.970752
0.7485 0.970813
0.7495 0.970837
0.7505 0.970822
0.7515 0.970768
0.7525 0.970676
0.7535 0.970546
0.7545 0.970378
0.7555 0.970171
0.7565 0.969926
0.7575 0.969643
0.7585 0.969322
0.7595 0.968962
0.7605 0.968564
0.7615 0.968127
0.7625 0.967653
0.7635 0.96714
0.7645 0.966589
0.7655 0.966
0.7665 0.965373
0.7675 0.964708
0.7685 0.964004
0.7695 0.963263
0.7705 0.962483
0.7715 0.961666
0.7725 0.960811
0.7735 0.959917
0.7745 0.958986
0.7755 0.958017
0.7765 0.95701
0.7775 0.955965
0.7785 0.954883
0.7795 0.953763
0.7805 0.952605
0.7815 0.951409
0.7825 0.950176
0.7835 0.948906
0.7845 0.947598
0.7855 0.946253
0.7865 0.94487
0.7875 0.94345
0.7885 0.941992
0.7895 0.940498
0.7905 0.938966
0.7915 0.937398
0.7925 0.935792
0.7935 0.93415
0.7945 0.93247
0.7955 0.930754
0.7965 0.929001
0.7975 0.927211
0.7985 0.925385
0.7995 0.923522
0.8005 0.921623
0.8015 0.919687
0.8025 0.917715
0.8035 0.915707
0.8045 0.913662
0.8055 0.911582
0.8065 0.909465
0.8075 0.907313
0.8085 0.905125
0.8095 0.902901
0.8105 0.900641
0.8115 0.898346
0.8125 0.896016
0.8135 0.89365
0.8145 0.891249
0.8155 0.888812
0.8165 0.886341
0.8175 0.883834
0.8185 0.881293
0.8195 0.878717
0.8205 0.876106
0.8215 0.87346
0.8225 0.87078
0.8235 0.868066
0.8245 0.865318
0.8255 0.862535
0.8265 0.859718
0.8275 0.856867
0.8285 0.853983
0.8295 0.851064
0.8305 0.848113
0.8315 0.845127
0.8325 0.842109
0.8335 0.839057
0.8345 0.835972
0.8355 0.832853
0.8365 0.829702
0.8375 0.826519
0.8385 0.823302
0.8395 0.820054
0.8405 0.816772
0.8415 0.813459
0.8425 0.810113
0.8435 0.806736
0.8445 0.803326
0.8455 0.799885
0.8465 0.796412
0.8475 0.792908
0.8485 0.789373
0.8495 0.785806
0.8505 0.782209
0.8515 0.77858
0.8525 0.774921
0.8535 0.771231
0.8545 0.767511
0.8555 0.76376
0.8565 0.759979
0.8575 0.756169
0.8585 0.752328
0.8595 0.748458
0.8605 0.744558
0.8615 0.740629
0.8625 0.73667
0.8635 0.732683
0.8645 0.728666
0.8655 0.724621
0.8665 0.720547
0.8675 0.716445
0.8685 0.712314
0.8695 0.708155
0.8705 0.703969
0.8715 0.699754
0.8725 0.695512
0.8735 0.691243
0.8745 0.686946
0.8755 0.682622
0.8765 0.678271
0.8775 0.673893
0.8785 0.669489
0.8795 0.665058
0.8805 0.660601
0.8815 0.656118
0.8825 0.651609
0.8835 0.647075
0.8845 0.642514
0.8855 0.637929
0.8865 0.633318
0.8875 0.628682
0.8885 0.624022
0.8895 0.619337
0.8905 0.614627
0.8915 0.609893
0.8925 0.605135
0.8935 0.600353
0.8945 0.595547
0.8955 0.590718
0.8965 0.585866
0.8975 0.58099
0.8985 0.576092
0.8995 0.57117
0.9005 0.566227
0.9015 0.561261
0.9025 0.556272
0.9035 0.551262
0.9045 0.54623
0.9055 0.541176
0.9065 0.536101
0.9075 0.531005
0.9085 0.525888
0.9095 0.52075
0.9105 0.515592
0.9115 0.510413
0.9125 0.505214
0.9135 0.499995
0.9145 0.494757
0.9155 0.489499
0.9165 0.484221
0.9175 0.478925
0.9185 0.473609
0.9195 0.468275
0.9205 0.462922
0.9215 0.457551
0.9225 0.452162
0.9235 0.446756
0.9245 0.441331
0.9255 0.435889
0.9265 0.43043
0.9275 0.424954
0.9285 0.419461
0.9295 0.413952
0.9305 0.408426
0.9315 0.402884
0.9325 0.397326
0.9335 0.391753
0.9345 0.386164
0.9355 0.380559
0.9365 0.37494
0.9375 0.369306
0.9385 0.363657
0.9395 0.357995
0.9405 0.352317
0.9415 0.346626
0.9425 0.340922
0.9435 0.335204
0.9445 0.329472
0.9455 0.323728
0.9465 0.317971
0.9475 0.312201
0.9485 0.306419
0.9495 0.300625
0.9505 0.294819
0.9515 0.289001
0.9525 0.283172
0.9535 0.277332
0.9545 0.27148
0.9555 0.265618
0.9565 0.259746
0.9575 0.253863
0.9585 0.247971
0.9595 0.242068
0.9605 0.236156
0.9615 0.230235
0.9625 0.224304
0.9635 0.218365
0.9645 0.212417
0.9655 0.206461
0.9665 0.200496
0.9675 0.194524
0.9685 0.188544
0.9695 0.182557
0.9705 0.176562
0.9715 0.17056
0.9725 0.164552
0.9735 0.158537
0.9745 0.152516
0.9755 0.146489
0.9765 0.140456
0.9775 0.134417
0.9785 0.128373
0.9795 0.122324
0.9805 0.116271
0.9815 0.110212
0.9825 0.10415
0.9835 0.098083
0.9845 0.0920123
0.9855 0.0859381
0.9865 0.0798604
0.9875 0.0737796
0.9885 0.0676959
0.9895 0.0616095
0.9905 0.0555207
0.9915 0.0494296
0.9925 0.0433367
0.9935 0.037242
0.9945 0.0311458
0.9955 0.0250485
0.9965 0.0189501
0.9975 0.012851
0.9985 0.00675133
0.9995 0.000651441
