
# time = 0.25
0.0005 1.62641e-05
0.0015 1.54363e-05
0.0025 1.46499e-05
0.0035 1.39027e-05
0.0045 1.31929e-05
0.0055 1.25186e-05
0.0065 1.1878e-05
0.0075 1.12697e-05
0.0085 1.06918e-05
0.0095 1.0143e-05
0.0105 9.62189e-06
0.0115 9.127e-06
0.0125 8.65709e-06
0.0135 8.21091e-06
0.0145 7.7873e-06
0.0155 7.38514e-06
0.0165 7.00337e-06
0.0175 6.64097e-06
0.0185 6.29698e-06
0.0195 5.97048e-06
0.0205 5.66061e-06
0.0215 5.36654e-06
0.0225 5.08747e-06
0.0235 4.82266e-06
0.0245 4.57139e-06
0.0255 4.33298e-06
0.0265 4.10679e-06
0.0275 3.8922e-06
0.0285 3.68864e-06
0.0295 3.49554e-06
0.0305 3.31238e-06
0.0315 3.13865e-06
0.0325 2.97389e-06
0.0335 2.81763e-06
0.0345 2.66944e-06
0.0355 2.52892e-06
0.0365 2.39568e-06
0.0375 2.26934e-06
0.0385 2.14956e-06
0.0395 2.036e-06
0.0405 1.92834e-06
0.0415 1.82629e-06
0.0425 1.72955e-06
0.0435 1.63786e-06
0.0445 1.55095e-06
0.0455 1.46858e-06
0.0465 1.39052e-06
0.0475 1.31654e-06
0.0485 1.24644e-06
0.0495 1.18002e-06
0.0505 1.11708e-06
0.0515 1.05745e-06
0.0525 1.00096e-06
0.0535 9.47439e-07
0.0545 8.96738e-07
0.0555 8.4871e-07
0.0565 8.03218e-07
0.0575 7.60129e-07
0.0585 7.19318e-07
0.0595 6.80667e-07
0.0605 6.44063e-07
0.0615 6.094e-07
0.0625 5.76577e-07
0.0635 5.45496e-07
0.0645 5.16068e-07
0.0655 4.88205e-07
0.0665 4.61827e-07
0.0675 4.36854e-07
0.0685 4.13213e-07
0.0695 3.90834e-07
0.0705 3.69651e-07
0.0715 3.496e-07
0.0725 3.30623e-07
0.0735 3.12662e-07
0.0745 2.95665e-07
0.0755 2.79579e-07
0.0765 2.64357e-07
0.0775 2.49953e-07
0.0785 2.36323e-07
0.0795 2.23428e-07
0.0805 2.11227e-07
0.0815 1.99684e-07
0.0825 1.88764e-07
0.0835 1.78433e-07
0.0845 1.68661e-07
0.0855 1.59418e-07
0.0865 1.50674e-07
0.0875 1.42405e-07
0.0885 1.34584e-07
0.0895 1.27187e-07
0.0905 1.20191e-07
0.0915 1.13576e-07
0.0925 1.07321e-07
0.0935 1.01406e-07
0.0945 9.58129e-08
0.0955 9.05249e-08
0.0965 8.55253e-08
0.0975 8.07986e-08
0.0985 7.63301e-08
0.0995 7.21059e-08
0.1005 6.81128e-08
0.1015 6.43383e-08
0.1025 6.07706e-08
0.1035 5.73985e-08
0.1045 5.42114e-08
0.1055 5.11993e-08
0.1065 4.83526e-08
0.1075 4.56625e-08
0.1085 4.31205e-08
0.1095 4.07183e-08
0.1105 3.84486e-08
0.1115 3.63039e-08
0.1125 3.42777e-08
0.1135 3.23632e-08
0.1145 3.05546e-08
0.1155 2.8846e-08
0.1165 2.72319e-08
0.1175 2.57071e-08
0.1185 2.42669e-08
0.1195 2.29065e-08
0.1205 2.16215e-08
0.1215 2.04079e-08
0.1225 1.92617e-08
0.1235 1.81793e-08
0.1245 1.7157e-08
0.1255 1.61916e-08
0.1265 1.528e-08
0.1275 1.44192e-08
0.1285 1.36065e-08
0.1295 1.2839e-08
0.1305 1.21145e-08
0.1315 1.14304e-08
0.1325 1.07846e-08
0.1335 1.01749e-08
0.1345 9.59929e-09
0.1355 9.05597e-09
0.1365 8.5431e-09
0.1375 8.059e-09
0.1385 7.60207e-09
0.1395 7.1708e-09
0.1405 6.76376e-09
0.1415 6.37961e-09
0.1425 6.01707e-09
0.1435 5.67495e-09
0.1445 5.35209e-09
0.1455 5.04743e-09
0.1465 4.75996e-09
0.1475 4.48871e-09
0.1485 4.23277e-09
0.1495 3.9913e-09
0.1505 3.76347e-09
0.1515 3.54853e-09
0.1525 3.34576e-09
0.1535 3.15447e-09
0.1545 2.97402e-09
0.1555 2.8038e-09
0.1565 2.64324e-09
0.1575 2.4918e-09
0.1585 2.34895e-09
0.1595 2.21422e-09
0.1605 2.08715e-09
0.1615 1.96731e-09
0.1625 1.8543e-09
0.1635 1.74772e-09
0.1645 1.64721e-09
0.1655 1.55244e-09
0.1665 1.46307e-09
0.1675 1.3788e-09
0.1685 1.29935e-09
0.1695 1.22443e-09
0.1705 1.1538e-09
0.1715 1.08721e-09
0.1725 1.02443e-09
0.1735 9.65251e-10
0.1745 9.09459e-10
0.1755 8.56866e-10
0.1765 8.0729e-10
0.1775 7.60558e-10
0.1785 7.16511e-10
0.1795 6.74994e-10
0.1805 6.35863e-10
0.1815 5.98983e-10
0.1825 5.64225e-10
0.1835 5.31469e-10
0.1845 5.00599e-10
0.1855 4.71508e-10
0.1865 4.44094e-10
0.1875 4.18263e-10
0.1885 3.93922e-10
0.1895 3.70986e-10
0.1905 3.49376e-10
0.1915 3.29016e-10
0.1925 3.09832e-10
0.1935 2.91759e-10
0.1945 2.74732e-10
0.1955 2.58692e-10
0.1965 2.43581e-10
0.1975 2.29346e-10
0.1985 2.15937e-10
0.1995 2.03306e-10
0.2005 1.91408e-10
0.2015 1.80202e-10
0.2025 1.69647e-10
0.2035 1.59706e-10
0.2045 1.50343e-10
0.2055 1.41525e-10
0.2065 1.3322e-10
0.2075 1.254e-10
0.2085 1.18035e-10
0.2095 1.111e-10
0.2105 1.04569e-10
0.2115 9.84196e-11
0.2125 9.26292e-11
0.2135 8.71772e-11
0.2145 8.20438e-11
0.2155 7.72106e-11
0.2165 7.26601e-11
0.2175 6.83761e-11
0.2185 6.43428e-11
0.2195 6.05459e-11
0.2205 5.69715e-11
0.2215 5.36067e-11
0.2225 5.04393e-11
0.2235 4.74578e-11
0.2245 4.46514e-11
0.2255 4.20098e-11
0.2265 3.95234e-11
0.2275 3.71833e-11
0.2285 3.49808e-11
0.2295 3.29079e-11
0.2305 3.0957e-11
0.2315 2.9121e-11
0.2325 2.73933e-11
0.2335 2.57673e-11
0.2345 2.42373e-11
0.2355 2.27975e-11
0.2365 2.14427e-11
0.2375 2.01679e-11
0.2385 1.89684e-11
0.2395 1.78399e-11
0.2405 1.6778e-11
0.2415 1.57789e-11
0.2425 1.4839e-11
0.2435 1.39547e-11
0.2445 1.31228e-11
0.2455 1.23402e-11
0.2465 1.16039e-11
0.2475 1.09113e-11
0.2485 1.02598e-11
0.2495 9.64699e-12
0.2505 9.07054e-12
0.2515 8.52832e-12
0.2525 8.01832e-12
0.2535 7.53864e-12
0.2545 7.08749e-12
0.2555 6.66317e-12
0.2565 6.26411e-12
0.2575 5.8888e-12
0.2585 5.53585e-12
0.2595 5.20393e-12
0.2605 4.89179e-12
0.2615 4.59827e-12
0.2625 4.32226e-12
0.2635 4.06272e-12
0.2645 3.81868e-12
0.2655 3.58921e-12
0.2665 3.37345e-12
0.2675 3.17058e-12
0.2685 2.97985e-12
0.2695 2.80053e-12
0.2705 2.63193e-12
0.2715 2.47343e-12
0.2725 2.32442e-12
0.2735 2.18434e-12
0.2745 2.05266e-12
0.2755 1.92886e-12
0.2765 1.8125e-12
0.2775 1.70311e-12
0.2785 1.60029e-12
0.2795 1.50364e-12
0.2805 1.4128e-12
0.2815 1.32742e-12
0.2825 1.24717e-12
0.2835 1.17174e-12
0.2845 1.10085e-12
0.2855 1.03423e-12
0.2865 9.71619e-13
0.2875 9.12778e-13
0.2885 8.5748e-13
0.2895 8.05516e-13
0.2905 7.56683e-13
0.2915 7.10796e-13
0.2925 6.67677e-13
0.2935 6.2716e-13
0.2945 5.89088e-13
0.2955 5.53316e-13
0.2965 5.19705e-13
0.2975 4.88126e-13
0.2985 4.58455e-13
0.2995 4.30579e-13
0.3005 4.04389e-13
0.3015 3.79784e-13
0.3025 3.56668e-13
0.3035 3.34953e-13
0.3045 3.14553e-13
0.3055 2.95389e-13
0.3065 2.77387e-13
0.3075 2.60476e-13
0.3085 2.44592e-13
0.3095 2.29671e-13
0.3105 2.15656e-13
0.3115 2.02492e-13
0.3125 1.90127e-13
0.3135 1.78514e-13
0.3145 1.67607e-13
0.3155 1.57363e-13
0.3165 1.47742e-13
0.3175 1.38707e-13
0.3185 1.30221e-13
0.3195 1.22252e-13
0.3205 1.14769e-13
0.3215 1.07741e-13
0.3225 1.01142e-13
0.3235 9.49448e-14
0.3245 8.91257e-14
0.3255 8.36616e-14
0.3265 7.8531e-14
0.3275 7.37136e-14
0.3285 6.91905e-14
0.3295 6.49438e-14
0.3305 6.09568e-14
0.3315 5.72138e-14
0.3325 5.37002e-14
0.3335 5.04024e-14
0.3345 4.73077e-14
0.3355 4.44043e-14
0.3365 4.16816e-14
0.3375 3.91303e-14
0.3385 3.67421e-14
0.3395 3.45106e-14
0.3405 3.24311e-14
0.3415 3.05017e-14
0.3425 2.87239e-14
0.3435 2.71035e-14
0.3445 2.56522e-14
0.3455 2.43893e-14
0.3465 2.33434e-14
0.3475 2.25545e-14
0.3485 2.2075e-14
0.3495 2.19681e-14
0.3505 2.23016e-14
0.3515 2.31306e-14
0.3525 2.44612e-14
0.3535 2.6178e-14
0.3545 2.79069e-14
0.3555 2.87691e-14
0.3565 2.69459e-14
0.3575 1.89287e-14
0.3585 -1.75186e-15
0.3595 -4.66513e-14
0.3605 -1.35919e-13
0.3615 -3.04027e-13
0.3625 -6.09032e-13
0.3635 -1.14741e-12
0.3645 -2.07766e-12
0.3655 -3.65742e-12
0.3665 -6.30164e-12
0.3675 -1.06728e-11
0.3685 -1.78201e-11
0.3695 -2.93922e-11
0.3705 -4.79612e-11
0.3715 -7.75105e-11
0.3725 -1.24167e-10
0.3735 -1.97292e-10
0.3745 -3.11086e-10
0.3755 -4.86956e-10
0.3765 -7.56946e-10
0.3775 -1.16871e-09
0.3785 -1.79262e-09
0.3795 -2.73192e-09
0.3805 -4.13698e-09
0.3815 -6.22528e-09
0.3825 -9.3091e-09
0.3835 -1.38336e-08
0.3845 -2.04284e-08
0.3855 -2.99775e-08
0.3865 -4.37119e-08
0.3875 -6.33322e-08
0.3885 -9.11683e-08
0.3895 -1.30385e-07
0.3905 -1.85243e-07
0.3915 -2.61429e-07
0.3925 -3.66464e-07
0.3935 -5.10197e-07
0.3945 -7.0541e-07
0.3955 -9.68526e-07
0.3965 -1.32044e-06
0.3975 -1.78747e-06
0.3985 -2.40244e-06
0.3995 -3.20583e-06
0.4005 -4.24713e-06
0.4015 -5.58612e-06
0.4025 -7.29436e-06
0.4035 -9.45654e-06
0.4045 -1.21719e-05
0.4055 -1.55556e-05
0.4065 -1.97397e-05
0.4075 -2.48742e-05
0.4085 -3.11277e-05
0.4095 -3.86876e-05
0.4105 -4.77601e-05
0.4115 -5.85696e-05
0.4125 -7.13573e-05
0.4135 -8.63797e-05
0.4145 -0.000103906
0.4155 -0.000124215
0.4165 -0.000147592
0.4175 -0.000174322
0.4185 -0.000204687
0.4195 -0.000238957
0.4205 -0.000277387
0.4215 -0.000320205
0.4225 -0.000367607
0.4235 -0.000419747
0.4245 -0.000476726
0.4255 -0.000538586
0.4265 -0.000605295
0.4275 -0.000676741
0.4285 -0.000752718
0.4295 -0.000832914
0.4305 -0.000916907
0.4315 -0.00100415
0.4325 -0.00109395
0.4335 -0.00118548
0.4345 -0.00127775
0.4355 -0.00136963
0.4365 -0.00145977
0.4375 -0.00154668
0.4385 -0.00162868
0.4395 -0.00170389
0.4405 -0.00177022
0.4415 -0.00182541
0.4425 -0.00186698
0.4435 -0.00189225
0.4445 -0.00189833
0.4455 -0.00188216
0.4465 -0.00184044
0.4475 -0.00176971
0.4485 -0.0016663
0.4495 -0.00152637
0.4505 -0.0013459
0.4515 -0.00112072
0.4525 -0.000846478
0.4535 -0.000518703
0.4545 -0.000132783
0.4555 0.000316009
0.4565 0.000832505
0.4575 0.00142163
0.4585 0.00208836
0.4595 0.00283777
0.4605 0.00367493
0.4615 0.00460495
0.4625 0.00563297
0.4635 0.00676408
0.4645 0.00800335
0.4655 0.00935583
0.4665 0.0108265
0.4675 0.0124201
0.4685 0.0141416
0.4695 0.0159956
0.4705 0.0179865
0.4715 0.0201188
0.4725 0.0223967
0.4735 0.0248242
0.4745 0.0274052
0.4755 0.0301432
0.4765 0.0330417
0.4775 0.0361038
0.4785 0.0393324
0.4795 0.0427303
0.4805 0.0462998
0.4815 0.050043
0.4825 0.0539619
0.4835 0.0580579
0.4845 0.0623323
0.4855 0.0667862
0.4865 0.0714202
0.4875 0.0762347
0.4885 0.0812298
0.4895 0.0864053
0.4905 0.0917606
0.4915 0.0972949
0.4925 0.103007
0.4935 0.108896
0.4945 0.11496
0.4955 0.121196
0.4965 0.127603
0.4975 0.134179
0.4985 0.140919
0.4995 0.147822
0.5005 0.154884
0.5015 0.162102
0.5025 0.169471
0.5035 0.176988
0.5045 0.184649
0.5055 0.192449
0.5065 0.200384
0.5075 0.20845
0.5085 0.21664
0.5095 0.22495
0.5105 0.233376
0.5115 0.241911
0.5125 0.250551
0.5135 0.25929
0.5145 0.268122
0.5155 0.277041
0.5165 0.286043
0.5175 0.295121
0.5185 0.304269
0.5195 0.313481
0.5205 0.322752
0.5215 0.332076
0.5225 0.341447
0.5235 0.350859
0.5245 0.360307
0.5255 0.369783
0.5265 0.379283
0.5275 0.388802
0.5285 0.398332
0.5295 0.40787
0.5305 0.417408
0.5315 0.426943
0.5325 0.436468
0.5335 0.445978
0.5345 0.455468
0.5355 0.464934
0.5365 0.47437
0.5375 0.483771
0.5385 0.493133
0.5395 0.502452
0.5405 0.511722
0.5415 0.52094
0.5425 0.530101
0.5435 0.539202
0.5445 0.548239
0.5455 0.557207
0.5465 0.566104
0.5475 0.574927
0.5485 0.58367
0.5495 0.592333
0.5505 0.600911
0.5515 0.609403
0.5525 0.617804
0.5535 0.626114
0.5545 0.634329
0.5555 0.642447
0.5565 0.650466
0.5575 0.658385
0.5585 0.666201
0.5595 0.673912
0.5605 0.681518
0.5615 0.689017
0.5625 0.696408
0.5635 0.70369
0.5645 0.710861
0.5655 0.71792
0.5665 0.724868
0.5675 0.731703
0.5685 0.738426
0.5695 0.745034
0.5705 0.751529
0.5715 0.75791
0.5725 0.764178
0.5735 0.770331
0.5745 0.77637
0.5755 0.782296
0.5765 0.788108
0.5775 0.793808
0.5785 0.799395
0.5795 0.80487
0.5805 0.810234
0.5815 0.815488
0.5825 0.820631
0.5835 0.825666
0.5845 0.830593
0.5855 0.835412
0.5865 0.840125
0.5875 0.844733
0.5885 0.849237
0.5895 0.853639
0.5905 0.857938
0.5915 0.862137
0.5925 0.866237
0.5935 0.870239
0.5945 0.874145
0.5955 0.877955
0.5965 0.881672
0.5975 0.885296
0.5985 0.888829
0.5995 0.892273
0.6005 0.895628
0.6015 0.898898
0.6025 0.902082
0.6035 0.905183
0.6045 0.908203
0.6055 0.911142
0.6065 0.914003
0.6075 0.916787
0.6085 0.919496
0.6095 0.922131
0.6105 0.924695
0.6115 0.927188
0.6125 0.929614
0.6135 0.931972
0.6145 0.934266
0.6155 0.936497
0.6165 0.938666
0.6175 0.940776
0.6185 0.942828
0.6195 0.944824
0.6205 0.946764
0.6215 0.948653
0.6225 0.950489
0.6235 0.952276
0.6245 0.954014
0.6255 0.955705
0.6265 0.957351
0.6275 0.958951
0.6285 0.960508
0.6295 0.962023
0.6305 0.963495
0.6315 0.964926
0.6325 0.966317
0.6335 0.967667
0.6345 0.968977
0.6355 0.970247
0.6365 0.971476
0.6375 0.972664
0.6385 0.973811
0.6395 0.974916
0.6405 0.975977
0.6415 0.976993
0.6425 0.977963
0.6435 0.978885
0.6445 0.979757
0.6455 0.980577
0.6465 0.981343
0.6475 0.982052
0.6485 0.982701
0.6495 0.983287
0.6505 0.983807
0.6515 0.984257
0.6525 0.984635
0.6535 0.984935
0.6545 0.985155
0.6555 0.985291
0.6565 0.985337
0.6575 0.985291
0.6585 0.985147
0.6595 0.984902
0.6605 0.98455
0.6615 0.984088
0.6625 0.98351
0.6635 0.982812
0.6645 0.98199
0.6655 0.98104
0.6665 0.979956
0.6675 0.978735
0.6685 0.977371
0.6695 0.975862
0.6705 0.974203
0.6715 0.972389
0.6725 0.970418
0.6735 0.968285
0.6745 0.965988
0.6755 0.963522
0.6765 0.960886
0.6775 0.958075
0.6785 0.955089
0.6795 0.951923
0.6805 0.948577
0.6815 0.945048
0.6825 0.941336
0.6835 0.937437
0.6845 0.933353
0.6855 0.929081
0.6865 0.924623
0.6875 0.919976
0.6885 0.915142
0.6895 0.910122
0.6905 0.904915
0.6915 0.899523
0.6925 0.893947
0.6935 0.88819
0.6945 0.882252
0.6955 0.876136
0.6965 0.869844
0.6975 0.86338
0.6985 0.856745
0.6995 0.849944
0.7005 0.84298
0.7015 0.835856
0.7025 0.828576
0.7035 0.821145
0.7045 0.813566
0.7055 0.805845
0.7065 0.797985
0.7075 0.789993
0.7085 0.781871
0.7095 0.773627
0.7105 0.765265
0.7115 0.75679
0.7125 0.748209
0.7135 0.739526
0.7145 0.730747
0.7155 0.721878
0.7165 0.712925
0.7175 0.703894
0.7185 0.694791
0.7195 0.685621
0.7205 0.676391
0.7215 0.667106
0.7225 0.657772
0.7235 0.648396
0.7245 0.638983
0.7255 0.629538
0.7265 0.620069
0.7275 0.610581
0.7285 0.601079
0.7295 0.591569
0.7305 0.582056
0.7315 0.572546
0.7325 0.563045
0.7335 0.553557
0.7345 0.544089
0.7355 0.534644
0.7365 0.525228
0.7375 0.515845
0.7385 0.506501
0.7395 0.4972
0.7405 0.487946
0.7415 0.478744
0.7425 0.469597
0.7435 0.460511
0.7445 0.451487
0.7455 0.442532
0.7465 0.433647
0.7475 0.424837
0.7485 0.416104
0.7495 0.407452
0.7505 0.398884
0.7515 0.390403
0.7525 0.38201
0.7535 0.37371
0.7545 0.365503
0.7555 0.357393
0.7565 0.349382
0.7575 0.341471
0.7585 0.333662
0.7595 0.325956
0.7605 0.318357
0.7615 0.310864
0.7625 0.303479
0.7635 0.296203
0.7645 0.289037
0.7655 0.281982
0.7665 0.275039
0.7675 0.268209
0.7685 0.261491
0.7695 0.254886
0.7705 0.248395
0.7715 0.242018
0.7725 0.235754
0.7735 0.229604
0.7745 0.223568
0.7755 0.217645
0.7765 0.211836
0.7775 0.206139
0.7785 0.200554
0.7795 0.195082
0.7805 0.18972
0.7815 0.184469
0.7825 0.179327
0.7835 0.174295
0.7845 0.16937
0.7855 0.164553
0.7865 0.159841
0.7875 0.155235
0.7885 0.150732
0.7895 0.146333
0.7905 0.142035
0.7915 0.137837
0.7925 0.133738
0.7935 0.129738
0.7945 0.125834
0.7955 0.122025
0.7965 0.11831
0.7975 0.114687
0.7985 0.111156
0.7995 0.107713
0.8005 0.10436
0.8015 0.101092
0.8025 0.0979104
0.8035 0.0948122
0.8045 0.0917962
0.8055 0.0888609
0.8065 0.0860049
0.8075 0.0832266
0.8085 0.0805246
0.8095 0.0778973
0.8105 0.0753432
0.8115 0.072861
0.8125 0.070449
0.8135 0.0681057
0.8145 0.0658299
0.8155 0.0636198
0.8165 0.0614742
0.8175 0.0593916
0.8185 0.0573704
0.8195 0.0554095
0.8205 0.0535072
0.8215 0.0516623
0.8225 0.0498734
0.8235 0.0481391
0.8245 0.0464581
0.8255 0.044829
0.8265 0.0432506
0.8275 0.0417217
0.8285 0.0402408
0.8295 0.0388068
0.8305 0.0374185
0.8315 0.0360746
0.8325 0.034774
0.8335 0.0335155
0.8345 0.032298
0.8355 0.0311203
0.8365 0.0299813
0.8375 0.0288801
0.8385 0.0278154
0.8395 0.0267863
0.8405 0.0257918
0.8415 0.0248308
0.8425 0.0239024
0.8435 0.0230056
0.8445 0.0221395
0.8455 0.0213032
0.8465 0.0204958
0.8475 0.0197164
0.8485 0.0189642
0.8495 0.0182384
0.8505 0.017538
0.8515 0.0168624
0.8525 0.0162108
0.8535 0.0155824
0.8545 0.0149765
0.8555 0.0143924
0.8565 0.0138293
0.8575 0.0132866
0.8585 0.0127637
0.8595 0.0122598
0.8605 0.0117744
0.8615 0.0113069
0.8625 0.0108567
0.8635 0.0104231
0.8645 0.0100057
0.8655 0.00960385
0.8665 0.00921708
0.8675 0.00884486
0.8685 0.0084867
0.8695 0.00814211
0.8705 0.00781062
0.8715 0.00749178
0.8725 0.00718515
0.8735 0.0068903
0.8745 0.00660681
0.8755 0.00633429
0.8765 0.00607234
0.8775 0.00582059
0.8785 0.00557867
0.8795 0.00534622
0.8805 0.00512292
0.8815 0.00490841
0.8825 0.00470239
0.8835 0.00450455
0.8845 0.00431457
0.8855 0.00413217
0.8865 0.00395708
0.8875 0.00378901
0.8885 0.00362771
0.8895 0.00347292
0.8905 0.0033244
0.8915 0.00318191
0.8925 0.00304523
0.8935 0.00291412
0.8945 0.00278838
0.8955 0.00266781
0.8965 0.0025522
0.8975 0.00244136
0.8985 0.0023351
0.8995 0.00223326
0.9005 0.00213565
0.9015 0.00204212
0.9025 0.00195249
0.9035 0.00186663
0.9045 0.00178437
0.9055 0.00170558
0.9065 0.00163011
0.9075 0.00155785
0.9085 0.00148864
0.9095 0.00142239
0.9105 0.00135895
0.9115 0.00129823
0.9125 0.00124012
0.9135 0.00118449
0.9145 0.00113126
0.9155 0.00108033
0.9165 0.0010316
0.9175 0.000984985
0.9185 0.000940392
0.9195 0.000897741
0.9205 0.00085695
0.9215 0.000817942
0.9225 0.000780643
0.9235 0.000744982
0.9245 0.00071089
0.9255 0.000678302
0.9265 0.000647153
0.9275 0.000617383
0.9285 0.000588935
0.9295 0.000561751
0.9305 0.000535777
0.9315 0.000510964
0.9325 0.00048726
0.9335 0.000464618
0.9345 0.000442993
0.9355 0.000422341
0.9365 0.000402619
0.9375 0.000383789
0.9385 0.00036581
0.9395 0.000348646
0.9405 0.000332262
0.9415 0.000316623
0.9425 0.000301697
0.9435 0.000287453
0.9445 0.00027386
0.9455 0.000260891
0.9465 0.000248517
0.9475 0.000236712
0.9485 0.00022545
0.9495 0.000214709
0.9505 0.000204464
0.9515 0.000194694
0.9525 0.000185377
0.9535 0.000176493
0.9545 0.000168023
0.9555 0.000159948
0.9565 0.00015225
0.9575 0.000144912
0.9585 0.000137917
0.9595 0.000131251
0.9605 0.000124899
0.9615 0.000118846
0.9625 0.000113078
0.9635 0.000107582
0.9645 0.000102347
0.9655 9.73594e-05
0.9665 9.26088e-05
0.9675 8.80839e-05
0.9685 8.37745e-05
0.9695 7.96705e-05
0.9705 7.57625e-05
0.9715 7.20413e-05
0.9725 6.84984e-05
0.9735 6.51254e-05
0.9745 6.19144e-05
0.9755 5.88578e-05
0.9765 5.59485e-05
0.9775 5.31795e-05
0.9785 5.05443e-05
0.9795 4.80366e-05
0.9805 4.56504e-05
0.9815 4.338e-05
0.9825 4.12198e-05
0.9835 3.91648e-05
0.9845 3.72098e-05
0.9855 3.53502e-05
0.9865 3.35815e-05
0.9875 3.18993e-05
0.9885 3.02994e-05
0.9895 2.87781e-05
0.9905 2.73314e-05
0.9915 2.59559e-05
0.9925 2.46481e-05
0.9935 2.34048e-05
0.9945 2.22229e-05
0.9955 2.10994e-05
0.9965 2.00315e-05
0.9975 1.90165e-05
0.9985 1.80519e-05
0.9995 1.71352e-05
