
# time = 1
0.000625 0.0763933
0.001875 0.0764096
0.003125 0.0764267
0.004375 0.0764447
0.005625 0.0764635
0.006875 0.0764831
0.008125 0.0765036
0.009375 0.0765249
0.010625 0.0765471
0.011875 0.0765701
0.013125 0.0765939
0.014375 0.0766186
0.015625 0.0766442
0.016875 0.0766706
0.018125 0.0766978
0.019375 0.076726
0.020625 0.076755
0.021875 0.0767849
0.023125 0.0768157
0.024375 0.0768475
0.025625 0.0768801
0.026875 0.0769137
0.028125 0.0769482
0.029375 0.0769837
0.030625 0.0770202
0.031875 0.0770576
0.033125 0.077096
0.034375 0.0771355
0.035625 0.077176
0.036875 0.0772175
0.038125 0.0772602
0.039375 0.0773039
0.040625 0.0773487
0.041875 0.0773946
0.043125 0.0774417
0.044375 0.07749
0.045625 0.0775395
0.046875 0.0775902
0.048125 0.0776421
0.049375 0.0776954
0.050625 0.0777499
0.051875 0.0778057
0.053125 0.0778629
0.054375 0.0779215
0.055625 0.0779816
0.056875 0.078043
0.058125 0.078106
0.059375 0.0781705
0.060625 0.0782365
0.061875 0.0783041
0.063125 0.0783733
0.064375 0.0784442
0.065625 0.0785168
0.066875 0.0785911
0.068125 0.0786672
0.069375 0.0787452
0.070625 0.078825
0.071875 0.0789067
0.073125 0.0789903
0.074375 0.079076
0.075625 0.0791636
0.076875 0.0792534
0.078125 0.0793453
0.079375 0.0794395
0.080625 0.0795358
0.081875 0.0796345
0.083125 0.0797355
0.084375 0.0798389
0.085625 0.0799447
0.086875 0.0800531
0.088125 0.080164
0.089375 0.0802776
0.090625 0.0803939
0.091875 0.0805129
0.093125 0.0806347
0.094375 0.0807595
0.095625 0.0808871
0.096875 0.0810178
0.098125 0.0811515
0.099375 0.0812884
0.100625 0.0814285
0.101875 0.0815719
0.103125 0.0817187
0.104375 0.0818688
0.105625 0.0820225
0.106875 0.0821798
0.108125 0.0823407
0.109375 0.0825053
0.110625 0.0826738
0.111875 0.0828461
0.113125 0.0830225
0.114375 0.0832028
0.115625 0.0833873
0.116875 0.0835761
0.118125 0.0837691
0.119375 0.0839666
0.120625 0.0841685
0.121875 0.084375
0.123125 0.0845861
0.124375 0.084802
0.125625 0.0850227
0.126875 0.0852484
0.128125 0.0854791
0.129375 0.085715
0.130625 0.085956
0.131875 0.0862024
0.133125 0.0864541
0.134375 0.0867114
0.135625 0.0869743
0.136875 0.087243
0.138125 0.0875174
0.139375 0.0877978
0.140625 0.0880841
0.141875 0.0883766
0.143125 0.0886753
0.144375 0.0889804
0.145625 0.0892919
0.146875 0.0896099
0.148125 0.0899346
0.149375 0.0902661
0.150625 0.0906044
0.151875 0.0909497
0.153125 0.0913021
0.154375 0.0916617
0.155625 0.0920287
0.156875 0.092403
0.158125 0.0927849
0.159375 0.0931744
0.160625 0.0935717
0.161875 0.0939768
0.163125 0.0943899
0.164375 0.0948112
0.165625 0.0952406
0.166875 0.0956784
0.168125 0.0961246
0.169375 0.0965793
0.170625 0.0970427
0.171875 0.0975149
0.173125 0.097996
0.174375 0.0984861
0.175625 0.0989853
0.176875 0.0994938
0.178125 0.100012
0.179375 0.100539
0.180625 0.101076
0.181875 0.101622
0.183125 0.102178
0.184375 0.102745
0.185625 0.103321
0.186875 0.103907
0.188125 0.104504
0.189375 0.105111
0.190625 0.105728
0.191875 0.106356
0.193125 0.106994
0.194375 0.107644
0.195625 0.108304
0.196875 0.108975
0.198125 0.109657
0.199375 0.110351
0.200625 0.111056
0.201875 0.111772
0.203125 0.112499
0.204375 0.113238
0.205625 0.113989
0.206875 0.114752
0.208125 0.115526
0.209375 0.116312
0.210625 0.117111
0.211875 0.117921
0.213125 0.118744
0.214375 0.119578
0.215625 0.120426
0.216875 0.121285
0.218125 0.122157
0.219375 0.123042
0.220625 0.123939
0.221875 0.124849
0.223125 0.125772
0.224375 0.126708
0.225625 0.127657
0.226875 0.128618
0.228125 0.129593
0.229375 0.130581
0.230625 0.131582
0.231875 0.132596
0.233125 0.133623
0.234375 0.134663
0.235625 0.135717
0.236875 0.136785
0.238125 0.137865
0.239375 0.138959
0.240625 0.140067
0.241875 0.141188
0.243125 0.142322
0.244375 0.14347
0.245625 0.144632
0.246875 0.145807
0.248125 0.146996
0.249375 0.148198
0.250625 0.149414
0.251875 0.150643
0.253125 0.151886
0.254375 0.153143
0.255625 0.154413
0.256875 0.155697
0.258125 0.156994
0.259375 0.158305
0.260625 0.159629
0.261875 0.160967
0.263125 0.162318
0.264375 0.163682
0.265625 0.16506
0.266875 0.166451
0.268125 0.167855
0.269375 0.169273
0.270625 0.170703
0.271875 0.172147
0.273125 0.173604
0.274375 0.175073
0.275625 0.176556
0.276875 0.178051
0.278125 0.179559
0.279375 0.181079
0.280625 0.182612
0.281875 0.184158
0.283125 0.185716
0.284375 0.187286
0.285625 0.188868
0.286875 0.190462
0.288125 0.192068
0.289375 0.193686
0.290625 0.195315
0.291875 0.196956
0.293125 0.198608
0.294375 0.200272
0.295625 0.201946
0.296875 0.203632
0.298125 0.205328
0.299375 0.207035
0.300625 0.208753
0.301875 0.210481
0.303125 0.212218
0.304375 0.213966
0.305625 0.215724
0.306875 0.217491
0.308125 0.219268
0.309375 0.221054
0.310625 0.222849
0.311875 0.224653
0.313125 0.226466
0.314375 0.228287
0.315625 0.230116
0.316875 0.231953
0.318125 0.233798
0.319375 0.235651
0.320625 0.237511
0.321875 0.239378
0.323125 0.241252
0.324375 0.243133
0.325625 0.24502
0.326875 0.246913
0.328125 0.248812
0.329375 0.250717
0.330625 0.252627
0.331875 0.254542
0.333125 0.256462
0.334375 0.258387
0.335625 0.260316
0.336875 0.26225
0.338125 0.264187
0.339375 0.266127
0.340625 0.268071
0.341875 0.270018
0.343125 0.271967
0.344375 0.273919
0.345625 0.275873
0.346875 0.277828
0.348125 0.279785
0.349375 0.281743
0.350625 0.283702
0.351875 0.285662
0.353125 0.287622
0.354375 0.289582
0.355625 0.291541
0.356875 0.2935
0.358125 0.295458
0.359375 0.297414
0.360625 0.299368
0.361875 0.301321
0.363125 0.303271
0.364375 0.305219
0.365625 0.307164
0.366875 0.309105
0.368125 0.311043
0.369375 0.312977
0.370625 0.314906
0.371875 0.316831
0.373125 0.318751
0.374375 0.320665
0.375625 0.322574
0.376875 0.324477
0.378125 0.326373
0.379375 0.328263
0.380625 0.330145
0.381875 0.332021
0.383125 0.333888
0.384375 0.335748
0.385625 0.337599
0.386875 0.339441
0.388125 0.341274
0.389375 0.343098
0.390625 0.344912
0.391875 0.346716
0.393125 0.348509
0.394375 0.350292
0.395625 0.352063
0.396875 0.353823
0.398125 0.355571
0.399375 0.357307
0.400625 0.359031
0.401875 0.360741
0.403125 0.362439
0.404375 0.364123
0.405625 0.365793
0.406875 0.367449
0.408125 0.36909
0.409375 0.370717
0.410625 0.372328
0.411875 0.373924
0.413125 0.375505
0.414375 0.377069
0.415625 0.378617
0.416875 0.380148
0.418125 0.381662
0.419375 0.383159
0.420625 0.384638
0.421875 0.386099
0.423125 0.387542
0.424375 0.388966
0.425625 0.390372
0.426875 0.391758
0.428125 0.393125
0.429375 0.394473
0.430625 0.3958
0.431875 0.397107
0.433125 0.398394
0.434375 0.39966
0.435625 0.400905
0.436875 0.402129
0.438125 0.403331
0.439375 0.404511
0.440625 0.40567
0.441875 0.406806
0.443125 0.407919
0.444375 0.40901
0.445625 0.410078
0.446875 0.411123
0.448125 0.412144
0.449375 0.413142
0.450625 0.414116
0.451875 0.415065
0.453125 0.415991
0.454375 0.416892
0.455625 0.417769
0.456875 0.41862
0.458125 0.419447
0.459375 0.420249
0.460625 0.421025
0.461875 0.421776
0.463125 0.422501
0.464375 0.4232
0.465625 0.423874
0.466875 0.424521
0.468125 0.425142
0.469375 0.425737
0.470625 0.426305
0.471875 0.426847
0.473125 0.427362
0.474375 0.42785
0.475625 0.428311
0.476875 0.428745
0.478125 0.429153
0.479375 0.429533
0.480625 0.429885
0.481875 0.430211
0.483125 0.430509
0.484375 0.43078
0.485625 0.431023
0.486875 0.431238
0.488125 0.431426
0.489375 0.431587
0.490625 0.431719
0.491875 0.431824
0.493125 0.431902
0.494375 0.431952
0.495625 0.431974
0.496875 0.431968
0.498125 0.431934
0.499375 0.431873
0.500625 0.431785
0.501875 0.431668
0.503125 0.431524
0.504375 0.431353
0.505625 0.431154
0.506875 0.430927
0.508125 0.430673
0.509375 0.430392
0.510625 0.430084
0.511875 0.429748
0.513125 0.429385
0.514375 0.428995
0.515625 0.428578
0.516875 0.428135
0.518125 0.427664
0.519375 0.427167
0.520625 0.426644
0.521875 0.426094
0.523125 0.425518
0.524375 0.424915
0.525625 0.424287
0.526875 0.423633
0.528125 0.422953
0.529375 0.422247
0.530625 0.421517
0.531875 0.42076
0.533125 0.419979
0.534375 0.419173
0.535625 0.418342
0.536875 0.417487
0.538125 0.416607
0.539375 0.415704
0.540625 0.414776
0.541875 0.413824
0.543125 0.412849
0.544375 0.411851
0.545625 0.410829
0.546875 0.409785
0.548125 0.408718
0.549375 0.407628
0.550625 0.406516
0.551875 0.405383
0.553125 0.404227
0.554375 0.40305
0.555625 0.401852
0.556875 0.400633
0.558125 0.399393
0.559375 0.398133
0.560625 0.396852
0.561875 0.395552
0.563125 0.394232
0.564375 0.392893
0.565625 0.391534
0.566875 0.390157
0.568125 0.388761
0.569375 0.387347
0.570625 0.385914
0.571875 0.384465
0.573125 0.382998
0.574375 0.381513
0.575625 0.380012
0.576875 0.378495
0.578125 0.376961
0.579375 0.375412
0.580625 0.373846
0.581875 0.372266
0.583125 0.370671
0.584375 0.369061
0.585625 0.367437
0.586875 0.365798
0.588125 0.364147
0.589375 0.362481
0.590625 0.360803
0.591875 0.359112
0.593125 0.357409
0.594375 0.355693
0.595625 0.353966
0.596875 0.352228
0.598125 0.350478
0.599375 0.348718
0.600625 0.346947
0.601875 0.345166
0.603125 0.343375
0.604375 0.341575
0.605625 0.339766
0.606875 0.337948
0.608125 0.336122
0.609375 0.334287
0.610625 0.332445
0.611875 0.330595
0.613125 0.328738
0.614375 0.326874
0.615625 0.325004
0.616875 0.323128
0.618125 0.321245
0.619375 0.319358
0.620625 0.317465
0.621875 0.315567
0.623125 0.313665
0.624375 0.311758
0.625625 0.309848
0.626875 0.307934
0.628125 0.306017
0.629375 0.304096
0.630625 0.302173
0.631875 0.300248
0.633125 0.298321
0.634375 0.296392
0.635625 0.294462
0.636875 0.292531
0.638125 0.290598
0.639375 0.288666
0.640625 0.286733
0.641875 0.2848
0.643125 0.282868
0.644375 0.280936
0.645625 0.279005
0.646875 0.277076
0.648125 0.275148
0.649375 0.273222
0.650625 0.271298
0.651875 0.269376
0.653125 0.267457
0.654375 0.265541
0.655625 0.263629
0.656875 0.261719
0.658125 0.259813
0.659375 0.257912
0.660625 0.256014
0.661875 0.254121
0.663125 0.252233
0.664375 0.25035
0.665625 0.248471
0.666875 0.246599
0.668125 0.244732
0.669375 0.242871
0.670625 0.241016
0.671875 0.239167
0.673125 0.237325
0.674375 0.23549
0.675625 0.233662
0.676875 0.231841
0.678125 0.230027
0.679375 0.228221
0.680625 0.226423
0.681875 0.224633
0.683125 0.222851
0.684375 0.221078
0.685625 0.219313
0.686875 0.217557
0.688125 0.21581
0.689375 0.214072
0.690625 0.212344
0.691875 0.210625
0.693125 0.208915
0.694375 0.207215
0.695625 0.205525
0.696875 0.203846
0.698125 0.202176
0.699375 0.200517
0.700625 0.198868
0.701875 0.19723
0.703125 0.195603
0.704375 0.193987
0.705625 0.192382
0.706875 0.190788
0.708125 0.189205
0.709375 0.187633
0.710625 0.186073
0.711875 0.184525
0.713125 0.182988
0.714375 0.181463
0.715625 0.17995
0.716875 0.178449
0.718125 0.176959
0.719375 0.175482
0.720625 0.174017
0.721875 0.172565
0.723125 0.171125
0.724375 0.169697
0.725625 0.168282
0.726875 0.166879
0.728125 0.165488
0.729375 0.164111
0.730625 0.162746
0.731875 0.161394
0.733125 0.160054
0.734375 0.158727
0.735625 0.157414
0.736875 0.156113
0.738125 0.154824
0.739375 0.153549
0.740625 0.152287
0.741875 0.151038
0.743125 0.149801
0.744375 0.148578
0.745625 0.147368
0.746875 0.14617
0.748125 0.144986
0.749375 0.143814
0.750625 0.142656
0.751875 0.14151
0.753125 0.140378
0.754375 0.139258
0.755625 0.138151
0.756875 0.137058
0.758125 0.135977
0.759375 0.134909
0.760625 0.133853
0.761875 0.132811
0.763125 0.131781
0.764375 0.130765
0.765625 0.12976
0.766875 0.128769
0.768125 0.12779
0.769375 0.126823
0.770625 0.12587
0.771875 0.124928
0.773125 0.123999
0.774375 0.123083
0.775625 0.122178
0.776875 0.121286
0.778125 0.120406
0.779375 0.119539
0.780625 0.118683
0.781875 0.117839
0.783125 0.117008
0.784375 0.116188
0.785625 0.11538
0.786875 0.114583
0.788125 0.113798
0.789375 0.113025
0.790625 0.112263
0.791875 0.111513
0.793125 0.110774
0.794375 0.110046
0.795625 0.10933
0.796875 0.108624
0.798125 0.10793
0.799375 0.107246
0.800625 0.106573
0.801875 0.105911
0.803125 0.10526
0.804375 0.104619
0.805625 0.103988
0.806875 0.103368
0.808125 0.102759
0.809375 0.102159
0.810625 0.101569
0.811875 0.10099
0.813125 0.10042
0.814375 0.0998599
0.815625 0.0993096
0.816875 0.0987689
0.818125 0.0982376
0.819375 0.0977158
0.820625 0.0972032
0.821875 0.0966998
0.823125 0.0962055
0.824375 0.0957202
0.825625 0.0952438
0.826875 0.0947761
0.828125 0.0943171
0.829375 0.0938667
0.830625 0.0934248
0.831875 0.0929912
0.833125 0.0925659
0.834375 0.0921487
0.835625 0.0917397
0.836875 0.0913385
0.838125 0.0909453
0.839375 0.0905598
0.840625 0.0901819
0.841875 0.0898116
0.843125 0.0894487
0.844375 0.0890932
0.845625 0.088745
0.846875 0.0884039
0.848125 0.0880698
0.849375 0.0877427
0.850625 0.0874225
0.851875 0.087109
0.853125 0.0868021
0.854375 0.0865018
0.855625 0.086208
0.856875 0.0859205
0.858125 0.0856393
0.859375 0.0853643
0.860625 0.0850953
0.861875 0.0848324
0.863125 0.0845753
0.864375 0.084324
0.865625 0.0840784
0.866875 0.0838384
0.868125 0.0836039
0.869375 0.0833749
0.870625 0.0831511
0.871875 0.0829327
0.873125 0.0827194
0.874375 0.0825112
0.875625 0.082308
0.876875 0.0821096
0.878125 0.0819161
0.879375 0.0817273
0.880625 0.0815432
0.881875 0.0813637
0.883125 0.0811886
0.884375 0.081018
0.885625 0.0808516
0.886875 0.0806896
0.888125 0.0805317
0.889375 0.0803778
0.890625 0.0802281
0.891875 0.0800822
0.893125 0.0799403
0.894375 0.0798021
0.895625 0.0796676
0.896875 0.0795369
0.898125 0.0794097
0.899375 0.079286
0.900625 0.0791657
0.901875 0.0790489
0.903125 0.0789354
0.904375 0.0788251
0.905625 0.078718
0.906875 0.078614
0.908125 0.0785131
0.909375 0.0784152
0.910625 0.0783202
0.911875 0.0782281
0.913125 0.0781388
0.914375 0.0780523
0.915625 0.0779685
0.916875 0.0778873
0.918125 0.0778088
0.919375 0.0777328
0.920625 0.0776592
0.921875 0.0775882
0.923125 0.0775195
0.924375 0.0774531
0.925625 0.077389
0.926875 0.0773272
0.928125 0.0772676
0.929375 0.0772101
0.930625 0.0771547
0.931875 0.0771014
0.933125 0.0770501
0.934375 0.0770007
0.935625 0.0769533
0.936875 0.0769078
0.938125 0.0768641
0.939375 0.0768223
0.940625 0.0767822
0.941875 0.0767438
0.943125 0.0767072
0.944375 0.0766722
0.945625 0.0766388
0.946875 0.0766071
0.948125 0.0765769
0.949375 0.0765482
0.950625 0.076521
0.951875 0.0764953
0.953125 0.076471
0.954375 0.0764481
0.955625 0.0764266
0.956875 0.0764065
0.958125 0.0763877
0.959375 0.0763702
0.960625 0.0763539
0.961875 0.0763389
0.963125 0.0763252
0.964375 0.0763126
0.965625 0.0763012
0.966875 0.076291
0.968125 0.0762819
0.969375 0.0762739
0.970625 0.076267
0.971875 0.0762612
0.973125 0.0762565
0.974375 0.0762528
0.975625 0.0762502
0.976875 0.0762485
0.978125 0.0762479
0.979375 0.0762482
0.980625 0.0762495
0.981875 0.0762517
0.983125 0.0762549
0.984375 0.076259
0.985625 0.0762641
0.986875 0.07627
0.988125 0.0762769
0.989375 0.0762846
0.990625 0.0762933
0.991875 0.0763028
0.993125 0.0763131
0.994375 0.0763244
0.995625 0.0763365
0.996875 0.0763494
0.998125 0.0763632
0.999375 0.0763778
