
# time = 1
0.005 0.336413
0.015 0.349218
0.025 0.361025
0.035 0.371823
0.045 0.38161
0.055 0.390388
0.065 0.398166
0.075 0.404957
0.085 0.410778
0.095 0.415651
0.105 0.419601
0.115 0.422657
0.125 0.424848
0.135 0.426208
0.145 0.426771
0.155 0.426572
0.165 0.425651
0.175 0.424043
0.185 0.421787
0.195 0.418923
0.205 0.415488
0.215 0.411522
0.225 0.407062
0.235 0.402145
0.245 0.39681
0.255 0.391091
0.265 0.385024
0.275 0.378643
0.285 0.37198
0.295 0.365069
0.305 0.357937
0.315 0.350619
0.325 0.343131
0.335 0.335523
0.345 0.327779
0.355 0.319991
0.365 0.312077
0.375 0.304201
0.385 0.296221
0.395 0.28828
0.405 0.280389
0.415 0.272475
0.425 0.26441
0.435 0.256044
0.445 0.247224
0.455 0.237806
0.465 0.227666
0.475 0.216708
0.485 0.204864
0.495 0.192097
0.505 0.178403
0.515 0.163801
0.525 0.14835
0.535 0.132103
0.545 0.115192
0.555 0.0976599
0.565 0.0797345
0.575 0.0614048
0.585 0.0429748
0.595 0.0244624
0.605 0.00601811
0.615 -0.0121235
0.625 -0.0296815
0.635 -0.0463575
0.645 -0.0618573
0.655 -0.0759059
0.665 -0.0882589
0.675 -0.0987089
0.685 -0.10709
0.695 -0.113278
0.705 -0.117192
0.715 -0.118792
0.725 -0.118074
0.735 -0.115072
0.745 -0.109847
0.755 -0.102491
0.765 -0.0931178
0.775 -0.081859
0.785 -0.0688632
0.795 -0.0542902
0.805 -0.0383083
0.815 -0.021091
0.825 -0.00281459
0.835 0.0163449
0.845 0.0362133
0.855 0.0566206
0.865 0.0774024
0.875 0.0984012
0.885 0.119468
0.895 0.140461
0.905 0.161251
0.915 0.181715
0.925 0.201744
0.935 0.221238
0.945 0.240106
0.955 0.258268
0.965 0.275656
0.975 0.29221
0.985 0.30788
0.995 0.322625
