
# time = 1
0.000833333 0.651849
0.0025 0.654368
0.00416667 0.656759
0.00583333 0.65902
0.0075 0.661152
0.00916667 0.663153
0.0108333 0.665024
0.0125 0.666762
0.0141667 0.668368
0.0158333 0.669841
0.0175 0.671181
0.0191667 0.672387
0.0208333 0.67346
0.0225 0.674399
0.0241667 0.675205
0.0258333 0.675876
0.0275 0.676414
0.0291667 0.676818
0.0308333 0.67709
0.0325 0.677228
0.0341667 0.677234
0.0358333 0.677108
0.0375 0.67685
0.0391667 0.676462
0.0408333 0.675943
0.0425 0.675296
0.0441667 0.674519
0.0458333 0.673616
0.0475 0.672585
0.0491667 0.67143
0.0508333 0.670149
0.0525 0.668746
0.0541667 0.66722
0.0558333 0.665574
0.0575 0.663809
0.0591667 0.661925
0.0608333 0.659925
0.0625 0.657811
0.0641667 0.655582
0.0658333 0.653243
0.0675 0.650793
0.0691667 0.648234
0.0708333 0.645569
0.0725 0.6428
0.0741667 0.639927
0.0758333 0.636954
0.0775 0.633881
0.0791667 0.630711
0.0808333 0.627446
0.0825 0.624088
0.0841667 0.620639
0.0858333 0.617102
0.0875 0.613477
0.0891667 0.609768
0.0908333 0.605976
0.0925 0.602104
0.0941667 0.598154
0.0958333 0.594128
0.0975 0.590029
0.0991667 0.585858
0.100833 0.581618
0.1025 0.577311
0.104167 0.57294
0.105833 0.568507
0.1075 0.564014
0.109167 0.559463
0.110833 0.554857
0.1125 0.550198
0.114167 0.545488
0.115833 0.54073
0.1175 0.535926
0.119167 0.531077
0.120833 0.526188
0.1225 0.521259
0.124167 0.516293
0.125833 0.511292
0.1275 0.506259
0.129167 0.501195
0.130833 0.496104
0.1325 0.490986
0.134167 0.485845
0.135833 0.480681
0.1375 0.475499
0.139167 0.470298
0.140833 0.465083
0.1425 0.459854
0.144167 0.454613
0.145833 0.449364
0.1475 0.444107
0.149167 0.438844
0.150833 0.433578
0.1525 0.42831
0.154167 0.423042
0.155833 0.417777
0.1575 0.412515
0.159167 0.407258
0.160833 0.402009
0.1625 0.396768
0.164167 0.391538
0.165833 0.38632
0.1675 0.381116
0.169167 0.375927
0.170833 0.370754
0.1725 0.3656
0.174167 0.360466
0.175833 0.355352
0.1775 0.35026
0.179167 0.345193
0.180833 0.34015
0.1825 0.335133
0.184167 0.330144
0.185833 0.325183
0.1875 0.320252
0.189167 0.315351
0.190833 0.310482
0.1925 0.305646
0.194167 0.300844
0.195833 0.296076
0.1975 0.291344
0.199167 0.286648
0.200833 0.28199
0.2025 0.27737
0.204167 0.272788
0.205833 0.268246
0.2075 0.263744
0.209167 0.259283
0.210833 0.254864
0.2125 0.250487
0.214167 0.246152
0.215833 0.24186
0.2175 0.237613
0.219167 0.233409
0.220833 0.229249
0.2225 0.225135
0.224167 0.221065
0.225833 0.217042
0.2275 0.213064
0.229167 0.209132
0.230833 0.205247
0.2325 0.201408
0.234167 0.197616
0.235833 0.193871
0.2375 0.190174
0.239167 0.186523
0.240833 0.182919
0.2425 0.179363
0.244167 0.175855
0.245833 0.172393
0.2475 0.168979
0.249167 0.165612
0.250833 0.162293
0.2525 0.159021
0.254167 0.155796
0.255833 0.152618
0.2575 0.149486
0.259167 0.146402
0.260833 0.143364
0.2625 0.140372
0.264167 0.137427
0.265833 0.134527
0.2675 0.131673
0.269167 0.128865
0.270833 0.126101
0.2725 0.123383
0.274167 0.120709
0.275833 0.11808
0.2775 0.115494
0.279167 0.112952
0.280833 0.110454
0.2825 0.107998
0.284167 0.105586
0.285833 0.103215
0.2875 0.100886
0.289167 0.0985987
0.290833 0.0963525
0.2925 0.0941469
0.294167 0.0919816
0.295833 0.0898562
0.2975 0.0877702
0.299167 0.0857233
0.300833 0.0837149
0.3025 0.0817447
0.304167 0.0798121
0.305833 0.0779169
0.3075 0.0760584
0.309167 0.0742363
0.310833 0.07245
0.3125 0.0706992
0.314167 0.0689834
0.315833 0.0673021
0.3175 0.0656549
0.319167 0.0640412
0.320833 0.0624606
0.3225 0.0609127
0.324167 0.059397
0.325833 0.057913
0.3275 0.0564602
0.329167 0.0550382
0.330833 0.0536465
0.3325 0.0522847
0.334167 0.0509522
0.335833 0.0496487
0.3375 0.0483736
0.339167 0.0471265
0.340833 0.045907
0.3425 0.0447145
0.344167 0.0435487
0.345833 0.042409
0.3475 0.0412951
0.349167 0.0402065
0.350833 0.0391427
0.3525 0.0381034
0.354167 0.037088
0.355833 0.0360962
0.3575 0.0351275
0.359167 0.0341814
0.360833 0.0332577
0.3625 0.0323558
0.364167 0.0314754
0.365833 0.030616
0.3675 0.0297772
0.369167 0.0289587
0.370833 0.02816
0.3725 0.0273808
0.374167 0.0266206
0.375833 0.0258792
0.3775 0.025156
0.379167 0.0244508
0.380833 0.0237632
0.3825 0.0230927
0.384167 0.0224392
0.385833 0.0218021
0.3875 0.0211812
0.389167 0.0205761
0.390833 0.0199865
0.3925 0.019412
0.394167 0.0188524
0.395833 0.0183072
0.3975 0.0177763
0.399167 0.0172592
0.400833 0.0167556
0.4025 0.0162653
0.404167 0.015788
0.405833 0.0153233
0.4075 0.014871
0.409167 0.0144308
0.410833 0.0140024
0.4125 0.0135855
0.414167 0.01318
0.415833 0.0127854
0.4175 0.0124016
0.419167 0.0120282
0.420833 0.0116652
0.4225 0.0113121
0.424167 0.0109688
0.425833 0.010635
0.4275 0.0103105
0.429167 0.00999502
0.430833 0.00968843
0.4325 0.00939045
0.434167 0.00910089
0.435833 0.00881953
0.4375 0.00854616
0.439167 0.00828059
0.440833 0.00802261
0.4425 0.00777204
0.444167 0.00752868
0.445833 0.00729235
0.4475 0.00706287
0.449167 0.00684006
0.450833 0.00662375
0.4525 0.00641377
0.454167 0.00620995
0.455833 0.00601213
0.4575 0.00582015
0.459167 0.00563385
0.460833 0.00545309
0.4625 0.00527772
0.464167 0.00510759
0.465833 0.00494255
0.4675 0.00478248
0.469167 0.00462723
0.470833 0.00447668
0.4725 0.0043307
0.474167 0.00418915
0.475833 0.00405192
0.4775 0.00391889
0.479167 0.00378993
0.480833 0.00366494
0.4825 0.00354381
0.484167 0.00342642
0.485833 0.00331267
0.4875 0.00320246
0.489167 0.00309568
0.490833 0.00299223
0.4925 0.00289203
0.494167 0.00279497
0.495833 0.00270097
0.4975 0.00260993
0.499167 0.00252178
0.500833 0.00243641
0.5025 0.00235376
0.504167 0.00227374
0.505833 0.00219627
0.5075 0.00212128
0.509167 0.00204869
0.510833 0.00197842
0.5125 0.00191041
0.514167 0.00184458
0.515833 0.00178088
0.5175 0.00171922
0.519167 0.00165955
0.520833 0.0016018
0.5225 0.00154591
0.524167 0.00149181
0.525833 0.00143946
0.5275 0.00138878
0.529167 0.00133972
0.530833 0.00129222
0.5325 0.00124623
0.534167 0.00120169
0.535833 0.00115855
0.5375 0.00111674
0.539167 0.00107623
0.540833 0.00103694
0.5425 0.000998838
0.544167 0.000961861
0.545833 0.000925958
0.5475 0.000891076
0.549167 0.000857162
0.550833 0.000824163
0.5525 0.000792025
0.554167 0.000760695
0.555833 0.000730117
0.5575 0.000700237
0.559167 0.000671
0.560833 0.000642349
0.5625 0.000614227
0.564167 0.000586576
0.565833 0.000559336
0.5675 0.000532447
0.569167 0.000505848
0.570833 0.000479476
0.5725 0.000453267
0.574167 0.000427155
0.575833 0.000401074
0.5775 0.000374955
0.579167 0.000348728
0.580833 0.000322322
0.5825 0.000295664
0.584167 0.000268679
0.585833 0.00024129
0.5875 0.000213422
0.589167 0.000184993
0.590833 0.000155924
0.5925 0.000126132
0.594167 9.5534e-05
0.595833 6.40455e-05
0.5975 3.15806e-05
0.599167 -1.94738e-06
0.600833 -3.6626e-05
0.6025 -7.25434e-05
0.604167 -0.000109788
0.605833 -0.00014845
0.6075 -0.000188617
0.609167 -0.000230378
0.610833 -0.000273821
0.6125 -0.000319034
0.614167 -0.000366104
0.615833 -0.000415114
0.6175 -0.000466149
0.619167 -0.000519288
0.620833 -0.00057461
0.6225 -0.00063219
0.624167 -0.0006921
0.625833 -0.000754406
0.6275 -0.000819173
0.629167 -0.000886456
0.630833 -0.00095631
0.6325 -0.00102878
0.634167 -0.0011039
0.635833 -0.00118171
0.6375 -0.00126224
0.639167 -0.00134548
0.640833 -0.00143146
0.6425 -0.00152017
0.644167 -0.00161159
0.645833 -0.00170569
0.6475 -0.00180245
0.649167 -0.0019018
0.650833 -0.00200368
0.6525 -0.00210801
0.654167 -0.0022147
0.655833 -0.00232364
0.6575 -0.0024347
0.659167 -0.00254774
0.660833 -0.0026626
0.6625 -0.00277909
0.664167 -0.00289701
0.665833 -0.00301616
0.6675 -0.00313628
0.669167 -0.00325711
0.670833 -0.00337838
0.6725 -0.00349976
0.674167 -0.00362094
0.675833 -0.00374155
0.6775 -0.00386122
0.679167 -0.00397955
0.680833 -0.0040961
0.6825 -0.00421042
0.684167 -0.00432203
0.685833 -0.00443042
0.6875 -0.00453505
0.689167 -0.00463536
0.690833 -0.00473076
0.6925 -0.00482062
0.694167 -0.00490431
0.695833 -0.00498114
0.6975 -0.00505041
0.699167 -0.00511139
0.700833 -0.00516332
0.7025 -0.0052054
0.704167 -0.00523683
0.705833 -0.00525675
0.7075 -0.00526429
0.709167 -0.00525855
0.710833 -0.0052386
0.7125 -0.00520349
0.714167 -0.00515224
0.715833 -0.00508384
0.7175 -0.00499726
0.719167 -0.00489144
0.720833 -0.0047653
0.7225 -0.00461775
0.724167 -0.00444764
0.725833 -0.00425385
0.7275 -0.0040352
0.729167 -0.0037905
0.730833 -0.00351855
0.7325 -0.00321813
0.734167 -0.00288799
0.735833 -0.00252689
0.7375 -0.00213355
0.739167 -0.0017067
0.740833 -0.00124504
0.7425 -0.000747266
0.744167 -0.000212072
0.745833 0.000361864
0.7475 0.000975865
0.749167 0.00163126
0.750833 0.00232939
0.7525 0.00307157
0.754167 0.00385916
0.755833 0.00469347
0.7575 0.00557584
0.759167 0.00650759
0.760833 0.00749004
0.7625 0.00852451
0.764167 0.00961229
0.765833 0.0107547
0.7675 0.0119529
0.769167 0.0132084
0.770833 0.0145222
0.7725 0.0158956
0.774167 0.0173299
0.775833 0.0188262
0.7775 0.0203857
0.779167 0.0220095
0.780833 0.0236988
0.7825 0.0254546
0.784167 0.027278
0.785833 0.0291701
0.7875 0.0311319
0.789167 0.0331642
0.790833 0.0352681
0.7925 0.0374445
0.794167 0.0396942
0.795833 0.042018
0.7975 0.0444167
0.799167 0.0468911
0.800833 0.0494419
0.8025 0.0520697
0.804167 0.0547751
0.805833 0.0575588
0.8075 0.0604211
0.809167 0.0633627
0.810833 0.0663838
0.8125 0.069485
0.814167 0.0726664
0.815833 0.0759285
0.8175 0.0792714
0.819167 0.0826952
0.820833 0.0862001
0.8225 0.0897861
0.824167 0.0934533
0.825833 0.0972015
0.8275 0.101031
0.829167 0.104941
0.830833 0.108931
0.8325 0.113002
0.834167 0.117153
0.835833 0.121383
0.8375 0.125692
0.839167 0.13008
0.840833 0.134546
0.8425 0.139089
0.844167 0.143709
0.845833 0.148404
0.8475 0.153175
0.849167 0.15802
0.850833 0.162938
0.8525 0.167927
0.854167 0.172989
0.855833 0.17812
0.8575 0.183319
0.859167 0.188587
0.860833 0.19392
0.8625 0.199319
0.864167 0.20478
0.865833 0.210304
0.8675 0.215888
0.869167 0.221531
0.870833 0.227231
0.8725 0.232986
0.874167 0.238795
0.875833 0.244656
0.8775 0.250567
0.879167 0.256526
0.880833 0.262531
0.8825 0.26858
0.884167 0.274671
0.885833 0.280801
0.8875 0.28697
0.889167 0.293173
0.890833 0.29941
0.8925 0.305678
0.894167 0.311974
0.895833 0.318296
0.8975 0.324642
0.899167 0.331008
0.900833 0.337394
0.9025 0.343796
0.904167 0.350211
0.905833 0.356637
0.9075 0.363071
0.909167 0.369511
0.910833 0.375953
0.9125 0.382396
0.914167 0.388836
0.915833 0.395271
0.9175 0.401698
0.919167 0.408113
0.920833 0.414515
0.9225 0.4209
0.924167 0.427266
0.925833 0.433609
0.9275 0.439927
0.929167 0.446217
0.930833 0.452476
0.9325 0.458701
0.934167 0.46489
0.935833 0.471038
0.9375 0.477145
0.939167 0.483206
0.940833 0.489218
0.9425 0.49518
0.944167 0.501088
0.945833 0.506939
0.9475 0.512731
0.949167 0.518461
0.950833 0.524126
0.9525 0.529723
0.954167 0.53525
0.955833 0.540704
0.9575 0.546082
0.959167 0.551382
0.960833 0.556601
0.9625 0.561737
0.964167 0.566788
0.965833 0.57175
0.9675 0.576622
0.969167 0.5814
0.970833 0.586084
0.9725 0.59067
0.974167 0.595157
0.975833 0.599542
0.9775 0.603823
0.979167 0.607998
0.980833 0.612066
0.9825 0.616024
0.984167 0.61987
0.985833 0.623604
0.9875 0.627222
0.989167 0.630724
0.990833 0.634107
0.9925 0.637371
0.994167 0.640514
0.995833 0.643535
0.9975 0.646431
0.999167 0.649203
