
# time = 1
0.000625 0.704698
0.001875 0.705926
0.003125 0.707068
0.004375 0.708123
0.005625 0.709093
0.006875 0.709975
0.008125 0.710771
0.009375 0.71148
0.010625 0.712102
0.011875 0.712637
0.013125 0.713084
0.014375 0.713444
0.015625 0.713717
0.016875 0.713902
0.018125 0.714001
0.019375 0.714012
0.020625 0.713936
0.021875 0.713773
0.023125 0.713524
0.024375 0.713188
0.025625 0.712765
0.026875 0.712257
0.028125 0.711663
0.029375 0.710984
0.030625 0.71022
0.031875 0.709371
0.033125 0.708438
0.034375 0.707421
0.035625 0.706321
0.036875 0.705138
0.038125 0.703873
0.039375 0.702527
0.040625 0.701099
0.041875 0.69959
0.043125 0.698002
0.044375 0.696335
0.045625 0.694589
0.046875 0.692765
0.048125 0.690865
0.049375 0.688888
0.050625 0.686836
0.051875 0.684708
0.053125 0.682508
0.054375 0.680234
0.055625 0.677888
0.056875 0.675471
0.058125 0.672983
0.059375 0.670427
0.060625 0.667802
0.061875 0.665109
0.063125 0.662351
0.064375 0.659526
0.065625 0.656638
0.066875 0.653686
0.068125 0.650673
0.069375 0.647598
0.070625 0.644463
0.071875 0.641269
0.073125 0.638017
0.074375 0.634709
0.075625 0.631345
0.076875 0.627927
0.078125 0.624456
0.079375 0.620933
0.080625 0.61736
0.081875 0.613736
0.083125 0.610065
0.084375 0.606346
0.085625 0.602582
0.086875 0.598773
0.088125 0.59492
0.089375 0.591026
0.090625 0.58709
0.091875 0.583115
0.093125 0.579102
0.094375 0.575051
0.095625 0.570965
0.096875 0.566844
0.098125 0.56269
0.099375 0.558504
0.100625 0.554287
0.101875 0.55004
0.103125 0.545766
0.104375 0.541464
0.105625 0.537137
0.106875 0.532785
0.108125 0.52841
0.109375 0.524014
0.110625 0.519596
0.111875 0.515159
0.113125 0.510704
0.114375 0.506232
0.115625 0.501744
0.116875 0.497241
0.118125 0.492726
0.119375 0.488197
0.120625 0.483658
0.121875 0.47911
0.123125 0.474552
0.124375 0.469987
0.125625 0.465416
0.126875 0.460839
0.128125 0.456258
0.129375 0.451675
0.130625 0.447089
0.131875 0.442503
0.133125 0.437917
0.134375 0.433332
0.135625 0.42875
0.136875 0.42417
0.138125 0.419596
0.139375 0.415027
0.140625 0.410464
0.141875 0.405908
0.143125 0.401361
0.144375 0.396823
0.145625 0.392295
0.146875 0.387778
0.148125 0.383274
0.149375 0.378782
0.150625 0.374303
0.151875 0.36984
0.153125 0.365391
0.154375 0.360959
0.155625 0.356544
0.156875 0.352146
0.158125 0.347767
0.159375 0.343407
0.160625 0.339067
0.161875 0.334748
0.163125 0.33045
0.164375 0.326174
0.165625 0.321921
0.166875 0.31769
0.168125 0.313484
0.169375 0.309302
0.170625 0.305145
0.171875 0.301014
0.173125 0.296909
0.174375 0.292831
0.175625 0.288779
0.176875 0.284756
0.178125 0.28076
0.179375 0.276793
0.180625 0.272855
0.181875 0.268947
0.183125 0.265068
0.184375 0.261219
0.185625 0.257401
0.186875 0.253614
0.188125 0.249859
0.189375 0.246135
0.190625 0.242442
0.191875 0.238782
0.193125 0.235155
0.194375 0.23156
0.195625 0.227998
0.196875 0.224469
0.198125 0.220973
0.199375 0.217511
0.200625 0.214083
0.201875 0.210689
0.203125 0.207329
0.204375 0.204003
0.205625 0.200711
0.206875 0.197454
0.208125 0.194231
0.209375 0.191043
0.210625 0.187889
0.211875 0.18477
0.213125 0.181686
0.214375 0.178637
0.215625 0.175623
0.216875 0.172643
0.218125 0.169698
0.219375 0.166788
0.220625 0.163913
0.221875 0.161072
0.223125 0.158267
0.224375 0.155495
0.225625 0.152759
0.226875 0.150056
0.228125 0.147389
0.229375 0.144755
0.230625 0.142156
0.231875 0.13959
0.233125 0.137059
0.234375 0.134561
0.235625 0.132097
0.236875 0.129667
0.238125 0.127269
0.239375 0.124906
0.240625 0.122575
0.241875 0.120276
0.243125 0.118011
0.244375 0.115778
0.245625 0.113577
0.246875 0.111408
0.248125 0.109271
0.249375 0.107166
0.250625 0.105092
0.251875 0.103049
0.253125 0.101037
0.254375 0.0990561
0.255625 0.0971054
0.256875 0.0951848
0.258125 0.0932942
0.259375 0.0914334
0.260625 0.0896019
0.261875 0.0877997
0.263125 0.0860263
0.264375 0.0842816
0.265625 0.0825653
0.266875 0.0808771
0.268125 0.0792167
0.269375 0.0775839
0.270625 0.0759783
0.271875 0.0743997
0.273125 0.0728479
0.274375 0.0713224
0.275625 0.0698231
0.276875 0.0683496
0.278125 0.0669017
0.279375 0.065479
0.280625 0.0640813
0.281875 0.0627083
0.283125 0.0613597
0.284375 0.0600352
0.285625 0.0587344
0.286875 0.0574572
0.288125 0.0562031
0.289375 0.054972
0.290625 0.0537635
0.291875 0.0525773
0.293125 0.0514132
0.294375 0.0502708
0.295625 0.0491499
0.296875 0.0480501
0.298125 0.0469711
0.299375 0.0459128
0.300625 0.0448747
0.301875 0.0438567
0.303125 0.0428583
0.304375 0.0418794
0.305625 0.0409196
0.306875 0.0399787
0.308125 0.0390564
0.309375 0.0381524
0.310625 0.0372664
0.311875 0.0363981
0.313125 0.0355474
0.314375 0.0347138
0.315625 0.0338972
0.316875 0.0330972
0.318125 0.0323137
0.319375 0.0315463
0.320625 0.0307947
0.321875 0.0300588
0.323125 0.0293382
0.324375 0.0286328
0.325625 0.0279422
0.326875 0.0272662
0.328125 0.0266045
0.329375 0.025957
0.330625 0.0253233
0.331875 0.0247033
0.333125 0.0240966
0.334375 0.0235031
0.335625 0.0229225
0.336875 0.0223547
0.338125 0.0217992
0.339375 0.021256
0.340625 0.0207249
0.341875 0.0202055
0.343125 0.0196977
0.344375 0.0192012
0.345625 0.018716
0.346875 0.0182416
0.348125 0.017778
0.349375 0.0173249
0.350625 0.0168822
0.351875 0.0164496
0.353125 0.0160269
0.354375 0.015614
0.355625 0.0152106
0.356875 0.0148166
0.358125 0.0144318
0.359375 0.014056
0.360625 0.013689
0.361875 0.0133307
0.363125 0.0129808
0.364375 0.0126392
0.365625 0.0123057
0.366875 0.0119802
0.368125 0.0116626
0.369375 0.0113525
0.370625 0.0110499
0.371875 0.0107547
0.373125 0.0104666
0.374375 0.0101855
0.375625 0.00991132
0.376875 0.00964384
0.378125 0.00938294
0.379375 0.00912848
0.380625 0.00888032
0.381875 0.00863832
0.383125 0.00840234
0.384375 0.00817227
0.385625 0.00794796
0.386875 0.00772928
0.388125 0.00751612
0.389375 0.00730836
0.390625 0.00710586
0.391875 0.00690851
0.393125 0.00671621
0.394375 0.00652882
0.395625 0.00634624
0.396875 0.00616836
0.398125 0.00599508
0.399375 0.00582628
0.400625 0.00566187
0.401875 0.00550173
0.403125 0.00534578
0.404375 0.00519391
0.405625 0.00504603
0.406875 0.00490205
0.408125 0.00476187
0.409375 0.00462539
0.410625 0.00449255
0.411875 0.00436324
0.413125 0.00423738
0.414375 0.00411489
0.415625 0.00399568
0.416875 0.00387969
0.418125 0.00376682
0.419375 0.00365701
0.420625 0.00355018
0.421875 0.00344625
0.423125 0.00334515
0.424375 0.00324682
0.425625 0.00315118
0.426875 0.00305817
0.428125 0.00296772
0.429375 0.00287977
0.430625 0.00279425
0.431875 0.00271111
0.433125 0.00263028
0.434375 0.0025517
0.435625 0.00247532
0.436875 0.00240107
0.438125 0.00232892
0.439375 0.00225879
0.440625 0.00219065
0.441875 0.00212443
0.443125 0.00206009
0.444375 0.00199758
0.445625 0.00193684
0.446875 0.00187785
0.448125 0.00182054
0.449375 0.00176487
0.450625 0.00171081
0.451875 0.0016583
0.453125 0.00160731
0.454375 0.0015578
0.455625 0.00150972
0.456875 0.00146304
0.458125 0.00141773
0.459375 0.00137373
0.460625 0.00133102
0.461875 0.00128957
0.463125 0.00124933
0.464375 0.00121028
0.465625 0.00117238
0.466875 0.00113561
0.468125 0.00109992
0.469375 0.0010653
0.470625 0.0010317
0.471875 0.00099911
0.473125 0.000967493
0.474375 0.000936823
0.475625 0.000907074
0.476875 0.000878219
0.478125 0.000850235
0.479375 0.000823096
0.480625 0.000796779
0.481875 0.00077126
0.483125 0.000746517
0.484375 0.000722527
0.485625 0.000699269
0.486875 0.000676722
0.488125 0.000654866
0.489375 0.000633681
0.490625 0.000613147
0.491875 0.000593246
0.493125 0.00057396
0.494375 0.00055527
0.495625 0.000537159
0.496875 0.000519611
0.498125 0.000502608
0.499375 0.000486136
0.500625 0.000470177
0.501875 0.000454718
0.503125 0.000439744
0.504375 0.000425239
0.505625 0.000411191
0.506875 0.000397585
0.508125 0.000384409
0.509375 0.00037165
0.510625 0.000359294
0.511875 0.000347331
0.513125 0.000335747
0.514375 0.000324533
0.515625 0.000313676
0.516875 0.000303165
0.518125 0.000292991
0.519375 0.000283143
0.520625 0.00027361
0.521875 0.000264384
0.523125 0.000255454
0.524375 0.000246812
0.525625 0.000238448
0.526875 0.000230355
0.528125 0.000222523
0.529375 0.000214944
0.530625 0.00020761
0.531875 0.000200514
0.533125 0.000193648
0.534375 0.000187004
0.535625 0.000180576
0.536875 0.000174355
0.538125 0.000168337
0.539375 0.000162513
0.540625 0.000156877
0.541875 0.000151423
0.543125 0.000146145
0.544375 0.000141037
0.545625 0.000136093
0.546875 0.000131307
0.548125 0.000126673
0.549375 0.000122186
0.550625 0.000117841
0.551875 0.000113632
0.553125 0.000109554
0.554375 0.000105602
0.555625 0.000101771
0.556875 9.80562e-05
0.558125 9.44524e-05
0.559375 9.09549e-05
0.560625 8.75591e-05
0.561875 8.42602e-05
0.563125 8.10538e-05
0.564375 7.79353e-05
0.565625 7.49001e-05
0.566875 7.19438e-05
0.568125 6.9062e-05
0.569375 6.62502e-05
0.570625 6.35042e-05
0.571875 6.08196e-05
0.573125 5.8192e-05
0.574375 5.56173e-05
0.575625 5.3091e-05
0.576875 5.0609e-05
0.578125 4.81671e-05
0.579375 4.5761e-05
0.580625 4.33865e-05
0.581875 4.10394e-05
0.583125 3.87155e-05
0.584375 3.64108e-05
0.585625 3.41211e-05
0.586875 3.18423e-05
0.588125 2.95703e-05
0.589375 2.73012e-05
0.590625 2.5031e-05
0.591875 2.27557e-05
0.593125 2.04715e-05
0.594375 1.81748e-05
0.595625 1.58618e-05
0.596875 1.35289e-05
0.598125 1.11727e-05
0.599375 8.78996e-06
0.600625 6.37751e-06
0.601875 3.93239e-06
0.603125 1.45187e-06
0.604375 -1.06658e-06
0.605625 -3.62523e-06
0.606875 -6.22604e-06
0.608125 -8.87067e-06
0.609375 -1.15604e-05
0.610625 -1.42962e-05
0.611875 -1.70785e-05
0.613125 -1.99073e-05
0.614375 -2.27821e-05
0.615625 -2.57019e-05
0.616875 -2.86649e-05
0.618125 -3.16688e-05
0.619375 -3.47105e-05
0.620625 -3.77861e-05
0.621875 -4.08909e-05
0.623125 -4.40193e-05
0.624375 -4.71647e-05
0.625625 -5.03193e-05
0.626875 -5.34743e-05
0.628125 -5.66198e-05
0.629375 -5.97443e-05
0.630625 -6.28352e-05
0.631875 -6.58782e-05
0.633125 -6.88576e-05
0.634375 -7.17559e-05
0.635625 -7.45538e-05
0.636875 -7.72304e-05
0.638125 -7.97624e-05
0.639375 -8.21246e-05
0.640625 -8.42897e-05
0.641875 -8.62278e-05
0.643125 -8.79068e-05
0.644375 -8.92916e-05
0.645625 -9.03449e-05
0.646875 -9.10262e-05
0.648125 -9.12919e-05
0.649375 -9.10957e-05
0.650625 -9.03875e-05
0.651875 -8.91141e-05
0.653125 -8.72185e-05
0.654375 -8.46403e-05
0.655625 -8.13148e-05
0.656875 -7.71735e-05
0.658125 -7.21435e-05
0.659375 -6.61478e-05
0.660625 -5.91045e-05
0.661875 -5.09273e-05
0.663125 -4.15248e-05
0.664375 -3.08008e-05
0.665625 -1.86536e-05
0.666875 -4.97621e-06
0.668125 1.03438e-05
0.669375 2.74247e-05
0.670625 4.63907e-05
0.671875 6.73719e-05
0.673125 9.0505e-05
0.674375 0.000115933
0.675625 0.000143805
0.676875 0.000174277
0.678125 0.000207512
0.679375 0.000243682
0.680625 0.000282963
0.681875 0.00032554
0.683125 0.000371605
0.684375 0.000421359
0.685625 0.000475009
0.686875 0.000532773
0.688125 0.000594872
0.689375 0.000661541
0.690625 0.000733019
0.691875 0.000809557
0.693125 0.000891411
0.694375 0.000978848
0.695625 0.00107214
0.696875 0.00117158
0.698125 0.00127746
0.699375 0.00139007
0.700625 0.00150974
0.701875 0.00163677
0.703125 0.00177151
0.704375 0.00191429
0.705625 0.00206545
0.706875 0.00222536
0.708125 0.00239439
0.709375 0.00257291
0.710625 0.0027613
0.711875 0.00295997
0.713125 0.00316931
0.714375 0.00338975
0.715625 0.0036217
0.716875 0.00386559
0.718125 0.00412187
0.719375 0.00439099
0.720625 0.00467341
0.721875 0.00496959
0.723125 0.00528001
0.724375 0.00560516
0.725625 0.00594553
0.726875 0.00630161
0.728125 0.00667392
0.729375 0.00706298
0.730625 0.00746931
0.731875 0.00789344
0.733125 0.00833591
0.734375 0.00879726
0.735625 0.00927805
0.736875 0.00977884
0.738125 0.0103002
0.739375 0.0108427
0.740625 0.0114068
0.741875 0.0119933
0.743125 0.0126026
0.744375 0.0132354
0.745625 0.0138922
0.746875 0.0145737
0.748125 0.0152804
0.749375 0.016013
0.750625 0.016772
0.751875 0.0175581
0.753125 0.0183718
0.754375 0.0192138
0.755625 0.0200847
0.756875 0.0209851
0.758125 0.0219156
0.759375 0.0228769
0.760625 0.0238694
0.761875 0.0248939
0.763125 0.0259509
0.764375 0.027041
0.765625 0.0281649
0.766875 0.029323
0.768125 0.0305161
0.769375 0.0317447
0.770625 0.0330094
0.771875 0.0343107
0.773125 0.0356493
0.774375 0.0370256
0.775625 0.0384403
0.776875 0.0398938
0.778125 0.0413868
0.779375 0.0429197
0.780625 0.0444931
0.781875 0.0461074
0.783125 0.0477633
0.784375 0.0494611
0.785625 0.0512013
0.786875 0.0529844
0.788125 0.0548109
0.789375 0.0566812
0.790625 0.0585958
0.791875 0.0605549
0.793125 0.0625591
0.794375 0.0646087
0.795625 0.0667041
0.796875 0.0688456
0.798125 0.0710335
0.799375 0.0732683
0.800625 0.0755502
0.801875 0.0778794
0.803125 0.0802563
0.804375 0.082681
0.805625 0.0851539
0.806875 0.0876751
0.808125 0.0902448
0.809375 0.0928633
0.810625 0.0955306
0.811875 0.0982468
0.813125 0.101012
0.814375 0.103827
0.815625 0.10669
0.816875 0.109604
0.818125 0.112566
0.819375 0.115578
0.820625 0.118639
0.821875 0.121749
0.823125 0.124909
0.824375 0.128117
0.825625 0.131375
0.826875 0.134682
0.828125 0.138037
0.829375 0.141441
0.830625 0.144893
0.831875 0.148393
0.833125 0.151942
0.834375 0.155538
0.835625 0.159181
0.836875 0.162871
0.838125 0.166608
0.839375 0.170391
0.840625 0.17422
0.841875 0.178095
0.843125 0.182015
0.844375 0.185979
0.845625 0.189987
0.846875 0.194039
0.848125 0.198135
0.849375 0.202272
0.850625 0.206452
0.851875 0.210673
0.853125 0.214935
0.854375 0.219237
0.855625 0.223578
0.856875 0.227959
0.858125 0.232377
0.859375 0.236832
0.860625 0.241324
0.861875 0.245852
0.863125 0.250415
0.864375 0.255012
0.865625 0.259643
0.866875 0.264306
0.868125 0.269
0.869375 0.273726
0.870625 0.278481
0.871875 0.283265
0.873125 0.288077
0.874375 0.292916
0.875625 0.297781
0.876875 0.302671
0.878125 0.307584
0.879375 0.312521
0.880625 0.317479
0.881875 0.322459
0.883125 0.327457
0.884375 0.332475
0.885625 0.33751
0.886875 0.342561
0.888125 0.347627
0.889375 0.352707
0.890625 0.3578
0.891875 0.362905
0.893125 0.36802
0.894375 0.373144
0.895625 0.378276
0.896875 0.383415
0.898125 0.388559
0.899375 0.393707
0.900625 0.398859
0.901875 0.404011
0.903125 0.409165
0.904375 0.414317
0.905625 0.419467
0.906875 0.424613
0.908125 0.429754
0.909375 0.434889
0.910625 0.440017
0.911875 0.445135
0.913125 0.450244
0.914375 0.45534
0.915625 0.460424
0.916875 0.465493
0.918125 0.470546
0.919375 0.475582
0.920625 0.4806
0.921875 0.485598
0.923125 0.490574
0.924375 0.495528
0.925625 0.500458
0.926875 0.505363
0.928125 0.510241
0.929375 0.51509
0.930625 0.519911
0.931875 0.5247
0.933125 0.529457
0.934375 0.534181
0.935625 0.538869
0.936875 0.543522
0.938125 0.548136
0.939375 0.552712
0.940625 0.557248
0.941875 0.561742
0.943125 0.566193
0.944375 0.570599
0.945625 0.574961
0.946875 0.579275
0.948125 0.583541
0.949375 0.587758
0.950625 0.591924
0.951875 0.596039
0.953125 0.6001
0.954375 0.604107
0.955625 0.608059
0.956875 0.611954
0.958125 0.615791
0.959375 0.619569
0.960625 0.623287
0.961875 0.626943
0.963125 0.630537
0.964375 0.634068
0.965625 0.637534
0.966875 0.640934
0.968125 0.644268
0.969375 0.647534
0.970625 0.650732
0.971875 0.65386
0.973125 0.656917
0.974375 0.659903
0.975625 0.662816
0.976875 0.665656
0.978125 0.668422
0.979375 0.671113
0.980625 0.673728
0.981875 0.676267
0.983125 0.678728
0.984375 0.681111
0.985625 0.683415
0.986875 0.68564
0.988125 0.687785
0.989375 0.689849
0.990625 0.691831
0.991875 0.693732
0.993125 0.69555
0.994375 0.697285
0.995625 0.698936
0.996875 0.700504
0.998125 0.701987
0.999375 0.703385
