
# time = 1
0.00125 0.58491
0.00375 0.59107
0.00625 0.596991
0.00875 0.602669
0.01125 0.608102
0.01375 0.613285
0.01625 0.618217
0.01875 0.622894
0.02125 0.627314
0.02375 0.631475
0.02625 0.635376
0.02875 0.639015
0.03125 0.642391
0.03375 0.645504
0.03625 0.648352
0.03875 0.650937
0.04125 0.653257
0.04375 0.655314
0.04625 0.657108
0.04875 0.65864
0.05125 0.659911
0.05375 0.660923
0.05625 0.661678
0.05875 0.662178
0.06125 0.662424
0.06375 0.662419
0.06625 0.662167
0.06875 0.661669
0.07125 0.66093
0.07375 0.659952
0.07625 0.658739
0.07875 0.657295
0.08125 0.655623
0.08375 0.653728
0.08625 0.651613
0.08875 0.649284
0.09125 0.646745
0.09375 0.644
0.09625 0.641054
0.09875 0.637912
0.10125 0.634579
0.10375 0.63106
0.10625 0.62736
0.10875 0.623485
0.11125 0.61944
0.11375 0.61523
0.11625 0.61086
0.11875 0.606337
0.12125 0.601665
0.12375 0.59685
0.12625 0.591898
0.12875 0.586815
0.13125 0.581605
0.13375 0.576275
0.13625 0.570829
0.13875 0.565275
0.14125 0.559616
0.14375 0.55386
0.14625 0.54801
0.14875 0.542074
0.15125 0.536055
0.15375 0.52996
0.15625 0.523793
0.15875 0.517561
0.16125 0.511267
0.16375 0.504918
0.16625 0.498518
0.16875 0.492073
0.17125 0.485586
0.17375 0.479064
0.17625 0.47251
0.17875 0.465929
0.18125 0.459326
0.18375 0.452706
0.18625 0.446071
0.18875 0.439428
0.19125 0.43278
0.19375 0.42613
0.19625 0.419483
0.19875 0.412843
0.20125 0.406213
0.20375 0.399597
0.20625 0.392999
0.20875 0.386421
0.21125 0.379868
0.21375 0.373341
0.21625 0.366845
0.21875 0.360382
0.22125 0.353955
0.22375 0.347567
0.22625 0.34122
0.22875 0.334917
0.23125 0.32866
0.23375 0.322451
0.23625 0.316293
0.23875 0.310188
0.24125 0.304137
0.24375 0.298143
0.24625 0.292207
0.24875 0.286331
0.25125 0.280516
0.25375 0.274764
0.25625 0.269077
0.25875 0.263455
0.26125 0.2579
0.26375 0.252412
0.26625 0.246993
0.26875 0.241645
0.27125 0.236366
0.27375 0.231159
0.27625 0.226024
0.27875 0.220962
0.28125 0.215972
0.28375 0.211057
0.28625 0.206215
0.28875 0.201447
0.29125 0.196754
0.29375 0.192136
0.29625 0.187592
0.29875 0.183123
0.30125 0.178729
0.30375 0.17441
0.30625 0.170165
0.30875 0.165995
0.31125 0.161899
0.31375 0.157877
0.31625 0.153928
0.31875 0.150053
0.32125 0.146251
0.32375 0.142522
0.32625 0.138864
0.32875 0.135278
0.33125 0.131763
0.33375 0.128319
0.33625 0.124944
0.33875 0.121638
0.34125 0.118401
0.34375 0.115231
0.34625 0.112129
0.34875 0.109093
0.35125 0.106123
0.35375 0.103217
0.35625 0.100376
0.35875 0.0975976
0.36125 0.0948818
0.36375 0.0922275
0.36625 0.089634
0.36875 0.0871003
0.37125 0.0846257
0.37375 0.0822091
0.37625 0.0798498
0.37875 0.0775469
0.38125 0.0752994
0.38375 0.0731065
0.38625 0.0709672
0.38875 0.0688806
0.39125 0.0668459
0.39375 0.0648621
0.39625 0.0629283
0.39875 0.0610436
0.40125 0.0592072
0.40375 0.057418
0.40625 0.0556753
0.40875 0.0539781
0.41125 0.0523255
0.41375 0.0507166
0.41625 0.0491506
0.41875 0.0476266
0.42125 0.0461437
0.42375 0.044701
0.42625 0.0432978
0.42875 0.0419331
0.43125 0.0406062
0.43375 0.0393161
0.43625 0.0380622
0.43875 0.0368435
0.44125 0.0356593
0.44375 0.0345088
0.44625 0.0333912
0.44875 0.0323058
0.45125 0.0312517
0.45375 0.0302283
0.45625 0.0292348
0.45875 0.0282705
0.46125 0.0273346
0.46375 0.0264265
0.46625 0.0255454
0.46875 0.0246907
0.47125 0.0238617
0.47375 0.0230577
0.47625 0.0222781
0.47875 0.0215222
0.48125 0.0207894
0.48375 0.0200791
0.48625 0.0193905
0.48875 0.0187231
0.49125 0.0180763
0.49375 0.0174495
0.49625 0.016842
0.49875 0.0162532
0.50125 0.0156825
0.50375 0.0151293
0.50625 0.014593
0.50875 0.014073
0.51125 0.0135686
0.51375 0.0130791
0.51625 0.0126041
0.51875 0.0121426
0.52125 0.0116943
0.52375 0.0112582
0.52625 0.0108337
0.52875 0.0104202
0.53125 0.0100167
0.53375 0.00962269
0.53625 0.00923723
0.53875 0.00885954
0.54125 0.00848877
0.54375 0.00812405
0.54625 0.00776448
0.54875 0.00740911
0.55125 0.00705698
0.55375 0.00670709
0.55625 0.00635842
0.55875 0.00600989
0.56125 0.00566041
0.56375 0.00530884
0.56625 0.00495404
0.56875 0.00459481
0.57125 0.00422993
0.57375 0.00385814
0.57625 0.0034782
0.57875 0.00308879
0.58125 0.00268861
0.58375 0.00227632
0.58625 0.00185059
0.58875 0.00141007
0.59125 0.000953396
0.59375 0.000479216
0.59625 -1.38203e-05
0.59875 -0.000527053
0.60125 -0.00106181
0.60375 -0.00161938
0.60625 -0.00220106
0.60875 -0.00280809
0.61125 -0.00344165
0.61375 -0.00410292
0.61625 -0.004793
0.61875 -0.00551292
0.62125 -0.00626367
0.62375 -0.00704614
0.62625 -0.00786115
0.62875 -0.00870944
0.63125 -0.00959165
0.63375 -0.0105083
0.63625 -0.0114599
0.63875 -0.0124466
0.64125 -0.0134687
0.64375 -0.0145263
0.64625 -0.0156192
0.64875 -0.0167474
0.65125 -0.0179103
0.65375 -0.0191077
0.65625 -0.0203386
0.65875 -0.0216025
0.66125 -0.0228983
0.66375 -0.0242249
0.66625 -0.0255809
0.66875 -0.026965
0.67125 -0.0283755
0.67375 -0.0298105
0.67625 -0.0312682
0.67875 -0.0327463
0.68125 -0.0342426
0.68375 -0.0357545
0.68625 -0.0372794
0.68875 -0.0388144
0.69125 -0.0403566
0.69375 -0.0419027
0.69625 -0.0434495
0.69875 -0.0449935
0.70125 -0.0465311
0.70375 -0.0480584
0.70625 -0.0495716
0.70875 -0.0510665
0.71125 -0.052539
0.71375 -0.0539848
0.71625 -0.0553993
0.71875 -0.0567782
0.72125 -0.0581166
0.72375 -0.0594098
0.72625 -0.060653
0.72875 -0.0618412
0.73125 -0.0629694
0.73375 -0.0640325
0.73625 -0.0650253
0.73875 -0.0659428
0.74125 -0.0667796
0.74375 -0.0675304
0.74625 -0.06819
0.74875 -0.0687531
0.75125 -0.0692143
0.75375 -0.0695684
0.75625 -0.06981
0.75875 -0.0699339
0.76125 -0.0699349
0.76375 -0.0698078
0.76625 -0.0695474
0.76875 -0.0691488
0.77125 -0.0686069
0.77375 -0.0679168
0.77625 -0.0670738
0.77875 -0.0660731
0.78125 -0.0649102
0.78375 -0.0635807
0.78625 -0.0620803
0.78875 -0.0604049
0.79125 -0.0585504
0.79375 -0.0565131
0.79625 -0.0542893
0.79875 -0.0518756
0.80125 -0.0492688
0.80375 -0.0464659
0.80625 -0.043464
0.80875 -0.0402607
0.81125 -0.0368535
0.81375 -0.0332404
0.81625 -0.0294197
0.81875 -0.0253896
0.82125 -0.021149
0.82375 -0.0166968
0.82625 -0.0120324
0.82875 -0.00715519
0.83125 -0.00206517
0.83375 0.00323752
0.83625 0.00875241
0.83875 0.0144787
0.84125 0.0204153
0.84375 0.0265608
0.84625 0.0329134
0.84875 0.039471
0.85125 0.0462314
0.85375 0.0531917
0.85625 0.0603489
0.85875 0.0676997
0.86125 0.0752404
0.86375 0.082967
0.86625 0.0908752
0.86875 0.0989604
0.87125 0.107218
0.87375 0.115642
0.87625 0.124227
0.87875 0.132968
0.88125 0.141858
0.88375 0.150891
0.88625 0.160061
0.88875 0.16936
0.89125 0.178781
0.89375 0.188318
0.89625 0.197962
0.89875 0.207706
0.90125 0.217541
0.90375 0.22746
0.90625 0.237453
0.90875 0.247514
0.91125 0.257632
0.91375 0.267799
0.91625 0.278007
0.91875 0.288245
0.92125 0.298506
0.92375 0.30878
0.92625 0.319057
0.92875 0.329328
0.93125 0.339585
0.93375 0.349817
0.93625 0.360015
0.93875 0.37017
0.94125 0.380273
0.94375 0.390315
0.94625 0.400286
0.94875 0.410177
0.95125 0.419979
0.95375 0.429684
0.95625 0.439283
0.95875 0.448766
0.96125 0.458125
0.96375 0.467353
0.96625 0.476441
0.96875 0.485381
0.97125 0.494165
0.97375 0.502786
0.97625 0.511236
0.97875 0.519508
0.98125 0.527596
0.98375 0.535492
0.98625 0.543191
0.98875 0.550686
0.99125 0.557972
0.99375 0.565042
0.99625 0.571892
0.99875 0.578516
