
# time = 1
0.000833333 0.0789716
0.0025 0.0789848
0.00416667 0.0790014
0.00583333 0.0790216
0.0075 0.0790453
0.00916667 0.0790725
0.0108333 0.0791032
0.0125 0.0791374
0.0141667 0.0791753
0.0158333 0.0792167
0.0175 0.0792617
0.0191667 0.0793103
0.0208333 0.0793626
0.0225 0.0794186
0.0241667 0.0794784
0.0258333 0.0795419
0.0275 0.0796092
0.0291667 0.0796804
0.0308333 0.0797555
0.0325 0.0798345
0.0341667 0.0799175
0.0358333 0.0800046
0.0375 0.0800959
0.0391667 0.0801913
0.0408333 0.080291
0.0425 0.0803949
0.0441667 0.0805033
0.0458333 0.0806161
0.0475 0.0807335
0.0491667 0.0808555
0.0508333 0.0809822
0.0525 0.0811136
0.0541667 0.08125
0.0558333 0.0813912
0.0575 0.0815376
0.0591667 0.0816891
0.0608333 0.0818458
0.0625 0.0820079
0.0641667 0.0821754
0.0658333 0.0823484
0.0675 0.0825272
0.0691667 0.0827117
0.0708333 0.0829021
0.0725 0.0830985
0.0741667 0.083301
0.0758333 0.0835098
0.0775 0.0837249
0.0791667 0.0839465
0.0808333 0.0841748
0.0825 0.0844098
0.0841667 0.0846517
0.0858333 0.0849006
0.0875 0.0851567
0.0891667 0.08542
0.0908333 0.0856908
0.0925 0.0859692
0.0941667 0.0862553
0.0958333 0.0865492
0.0975 0.0868512
0.0991667 0.0871614
0.100833 0.0874799
0.1025 0.0878068
0.104167 0.0881424
0.105833 0.0884868
0.1075 0.0888401
0.109167 0.0892025
0.110833 0.0895742
0.1125 0.0899553
0.114167 0.090346
0.115833 0.0907465
0.1175 0.0911569
0.119167 0.0915773
0.120833 0.092008
0.1225 0.0924492
0.124167 0.0929009
0.125833 0.0933633
0.1275 0.0938367
0.129167 0.0943211
0.130833 0.0948169
0.1325 0.095324
0.134167 0.0958427
0.135833 0.0963732
0.1375 0.0969156
0.139167 0.0974701
0.140833 0.0980369
0.1425 0.0986161
0.144167 0.0992079
0.145833 0.0998124
0.1475 0.10043
0.149167 0.10106
0.150833 0.101704
0.1525 0.102361
0.154167 0.103032
0.155833 0.103717
0.1575 0.104415
0.159167 0.105127
0.160833 0.105854
0.1625 0.106595
0.164167 0.10735
0.165833 0.10812
0.1675 0.108905
0.169167 0.109704
0.170833 0.110519
0.1725 0.111349
0.174167 0.112194
0.175833 0.113054
0.1775 0.11393
0.179167 0.114822
0.180833 0.115729
0.1825 0.116653
0.184167 0.117592
0.185833 0.118548
0.1875 0.119519
0.189167 0.120507
0.190833 0.121512
0.1925 0.122533
0.194167 0.12357
0.195833 0.124624
0.1975 0.125695
0.199167 0.126782
0.200833 0.127887
0.2025 0.129008
0.204167 0.130146
0.205833 0.131301
0.2075 0.132474
0.209167 0.133663
0.210833 0.13487
0.2125 0.136093
0.214167 0.137334
0.215833 0.138592
0.2175 0.139867
0.219167 0.141159
0.220833 0.142468
0.2225 0.143795
0.224167 0.145139
0.225833 0.146499
0.2275 0.147877
0.229167 0.149272
0.230833 0.150684
0.2325 0.152112
0.234167 0.153558
0.235833 0.15502
0.2375 0.156499
0.239167 0.157995
0.240833 0.159507
0.2425 0.161035
0.244167 0.16258
0.245833 0.164141
0.2475 0.165718
0.249167 0.167311
0.250833 0.16892
0.2525 0.170545
0.254167 0.172185
0.255833 0.17384
0.2575 0.175511
0.259167 0.177196
0.260833 0.178897
0.2625 0.180612
0.264167 0.182341
0.265833 0.184085
0.2675 0.185842
0.269167 0.187614
0.270833 0.189399
0.2725 0.191197
0.274167 0.193009
0.275833 0.194833
0.2775 0.19667
0.279167 0.198519
0.280833 0.20038
0.2825 0.202252
0.284167 0.204137
0.285833 0.206032
0.2875 0.207938
0.289167 0.209855
0.290833 0.211782
0.2925 0.213719
0.294167 0.215665
0.295833 0.21762
0.2975 0.219585
0.299167 0.221558
0.300833 0.223539
0.3025 0.225527
0.304167 0.227523
0.305833 0.229526
0.3075 0.231536
0.309167 0.233552
0.310833 0.235574
0.3125 0.237601
0.314167 0.239633
0.315833 0.24167
0.3175 0.243711
0.319167 0.245756
0.320833 0.247804
0.3225 0.249855
0.324167 0.251908
0.325833 0.253964
0.3275 0.256021
0.329167 0.258079
0.330833 0.260138
0.3325 0.262196
0.334167 0.264255
0.335833 0.266313
0.3375 0.268369
0.339167 0.270424
0.340833 0.272477
0.3425 0.274527
0.344167 0.276574
0.345833 0.278617
0.3475 0.280656
0.349167 0.282691
0.350833 0.28472
0.3525 0.286744
0.354167 0.288762
0.355833 0.290773
0.3575 0.292777
0.359167 0.294773
0.360833 0.296761
0.3625 0.298741
0.364167 0.300712
0.365833 0.302673
0.3675 0.304624
0.369167 0.306564
0.370833 0.308493
0.3725 0.310411
0.374167 0.312316
0.375833 0.314209
0.3775 0.316089
0.379167 0.317955
0.380833 0.319808
0.3825 0.321645
0.384167 0.323468
0.385833 0.325275
0.3875 0.327066
0.389167 0.328841
0.390833 0.330599
0.3925 0.332339
0.394167 0.334061
0.395833 0.335765
0.3975 0.33745
0.399167 0.339116
0.400833 0.340762
0.4025 0.342388
0.404167 0.343994
0.405833 0.345578
0.4075 0.347141
0.409167 0.348682
0.410833 0.3502
0.4125 0.351696
0.414167 0.353168
0.415833 0.354617
0.4175 0.356042
0.419167 0.357443
0.420833 0.358819
0.4225 0.360169
0.424167 0.361495
0.425833 0.362794
0.4275 0.364067
0.429167 0.365313
0.430833 0.366533
0.4325 0.367725
0.434167 0.36889
0.435833 0.370026
0.4375 0.371135
0.439167 0.372215
0.440833 0.373266
0.4425 0.374288
0.444167 0.37528
0.445833 0.376243
0.4475 0.377176
0.449167 0.378078
0.450833 0.378951
0.4525 0.379792
0.454167 0.380603
0.455833 0.381382
0.4575 0.38213
0.459167 0.382846
0.460833 0.383531
0.4625 0.384184
0.464167 0.384804
0.465833 0.385393
0.4675 0.385949
0.469167 0.386472
0.470833 0.386963
0.4725 0.38742
0.474167 0.387845
0.475833 0.388237
0.4775 0.388595
0.479167 0.388921
0.480833 0.389213
0.4825 0.389471
0.484167 0.389696
0.485833 0.389888
0.4875 0.390046
0.489167 0.390171
0.490833 0.390262
0.4925 0.390319
0.494167 0.390343
0.495833 0.390333
0.4975 0.39029
0.499167 0.390213
0.500833 0.390102
0.5025 0.389958
0.504167 0.389781
0.505833 0.389571
0.5075 0.389327
0.509167 0.38905
0.510833 0.38874
0.5125 0.388397
0.514167 0.388021
0.515833 0.387613
0.5175 0.387172
0.519167 0.386699
0.520833 0.386193
0.5225 0.385655
0.524167 0.385086
0.525833 0.384484
0.5275 0.383851
0.529167 0.383187
0.530833 0.382491
0.5325 0.381765
0.534167 0.381008
0.535833 0.38022
0.5375 0.379402
0.539167 0.378554
0.540833 0.377677
0.5425 0.37677
0.544167 0.375833
0.545833 0.374868
0.5475 0.373874
0.549167 0.372852
0.550833 0.371802
0.5525 0.370724
0.554167 0.369618
0.555833 0.368486
0.5575 0.367326
0.559167 0.366141
0.560833 0.364929
0.5625 0.363691
0.564167 0.362428
0.565833 0.36114
0.5675 0.359828
0.569167 0.358491
0.570833 0.35713
0.5725 0.355745
0.574167 0.354338
0.575833 0.352908
0.5775 0.351455
0.579167 0.34998
0.580833 0.348484
0.5825 0.346967
0.584167 0.345429
0.585833 0.34387
0.5875 0.342292
0.589167 0.340694
0.590833 0.339078
0.5925 0.337442
0.594167 0.335789
0.595833 0.334118
0.5975 0.332429
0.599167 0.330724
0.600833 0.329002
0.6025 0.327264
0.604167 0.325511
0.605833 0.323743
0.6075 0.32196
0.609167 0.320164
0.610833 0.318353
0.6125 0.316529
0.614167 0.314693
0.615833 0.312844
0.6175 0.310984
0.619167 0.309112
0.620833 0.307229
0.6225 0.305336
0.624167 0.303433
0.625833 0.301521
0.6275 0.299599
0.629167 0.297669
0.630833 0.295731
0.6325 0.293785
0.634167 0.291832
0.635833 0.289872
0.6375 0.287906
0.639167 0.285934
0.640833 0.283957
0.6425 0.281975
0.644167 0.279989
0.645833 0.277998
0.6475 0.276004
0.649167 0.274007
0.650833 0.272008
0.6525 0.270006
0.654167 0.268002
0.655833 0.265997
0.6575 0.263991
0.659167 0.261985
0.660833 0.259978
0.6625 0.257972
0.664167 0.255967
0.665833 0.253963
0.6675 0.251961
0.669167 0.24996
0.670833 0.247962
0.6725 0.245967
0.674167 0.243975
0.675833 0.241987
0.6775 0.240002
0.679167 0.238022
0.680833 0.236047
0.6825 0.234077
0.684167 0.232112
0.685833 0.230153
0.6875 0.228201
0.689167 0.226254
0.690833 0.224315
0.6925 0.222383
0.694167 0.220459
0.695833 0.218542
0.6975 0.216633
0.699167 0.214733
0.700833 0.212842
0.7025 0.21096
0.704167 0.209088
0.705833 0.207225
0.7075 0.205372
0.709167 0.203529
0.710833 0.201697
0.7125 0.199876
0.714167 0.198065
0.715833 0.196266
0.7175 0.194479
0.719167 0.192703
0.720833 0.19094
0.7225 0.189188
0.724167 0.18745
0.725833 0.185723
0.7275 0.18401
0.729167 0.18231
0.730833 0.180623
0.7325 0.17895
0.734167 0.17729
0.735833 0.175644
0.7375 0.174012
0.739167 0.172394
0.740833 0.170791
0.7425 0.169202
0.744167 0.167628
0.745833 0.166068
0.7475 0.164523
0.749167 0.162994
0.750833 0.161479
0.7525 0.15998
0.754167 0.158495
0.755833 0.157027
0.7575 0.155573
0.759167 0.154136
0.760833 0.152714
0.7625 0.151308
0.764167 0.149917
0.765833 0.148542
0.7675 0.147184
0.769167 0.145841
0.770833 0.144514
0.7725 0.143203
0.774167 0.141909
0.775833 0.14063
0.7775 0.139367
0.779167 0.138121
0.780833 0.13689
0.7825 0.135676
0.784167 0.134478
0.785833 0.133296
0.7875 0.13213
0.789167 0.13098
0.790833 0.129846
0.7925 0.128728
0.794167 0.127626
0.795833 0.12654
0.7975 0.12547
0.799167 0.124416
0.800833 0.123377
0.8025 0.122355
0.804167 0.121347
0.805833 0.120356
0.8075 0.11938
0.809167 0.118419
0.810833 0.117474
0.8125 0.116544
0.814167 0.11563
0.815833 0.11473
0.8175 0.113845
0.819167 0.112976
0.820833 0.112121
0.8225 0.111281
0.824167 0.110455
0.825833 0.109644
0.8275 0.108848
0.829167 0.108065
0.830833 0.107297
0.8325 0.106543
0.834167 0.105803
0.835833 0.105077
0.8375 0.104364
0.839167 0.103665
0.840833 0.102979
0.8425 0.102307
0.844167 0.101648
0.845833 0.101001
0.8475 0.100368
0.849167 0.0997475
0.850833 0.0991395
0.8525 0.098544
0.854167 0.0979608
0.855833 0.0973897
0.8575 0.0968307
0.859167 0.0962836
0.860833 0.0957482
0.8625 0.0952245
0.864167 0.0947121
0.865833 0.0942111
0.8675 0.0937212
0.869167 0.0932423
0.870833 0.0927743
0.8725 0.092317
0.874167 0.0918702
0.875833 0.0914339
0.8775 0.0910078
0.879167 0.0905918
0.880833 0.0901857
0.8825 0.0897895
0.884167 0.089403
0.885833 0.089026
0.8875 0.0886583
0.889167 0.0882999
0.890833 0.0879505
0.8925 0.0876101
0.894167 0.0872785
0.895833 0.0869555
0.8975 0.086641
0.899167 0.0863349
0.900833 0.086037
0.9025 0.0857473
0.904167 0.0854654
0.905833 0.0851914
0.9075 0.0849251
0.909167 0.0846663
0.910833 0.0844149
0.9125 0.0841708
0.914167 0.0839339
0.915833 0.083704
0.9175 0.083481
0.919167 0.0832648
0.920833 0.0830553
0.9225 0.0828522
0.924167 0.0826557
0.925833 0.0824654
0.9275 0.0822813
0.929167 0.0821033
0.930833 0.0819312
0.9325 0.0817651
0.934167 0.0816046
0.935833 0.0814499
0.9375 0.0813006
0.939167 0.0811568
0.940833 0.0810184
0.9425 0.0808852
0.944167 0.0807572
0.945833 0.0806343
0.9475 0.0805163
0.949167 0.0804032
0.950833 0.080295
0.9525 0.0801915
0.954167 0.0800926
0.955833 0.0799983
0.9575 0.0799085
0.959167 0.0798231
0.960833 0.0797421
0.9625 0.0796654
0.964167 0.0795929
0.965833 0.0795246
0.9675 0.0794604
0.969167 0.0794002
0.970833 0.079344
0.9725 0.0792918
0.974167 0.0792435
0.975833 0.079199
0.9775 0.0791584
0.979167 0.0791215
0.980833 0.0790883
0.9825 0.0790589
0.984167 0.0790331
0.985833 0.0790109
0.9875 0.0789924
0.989167 0.0789774
0.990833 0.078966
0.9925 0.0789582
0.994167 0.0789538
0.995833 0.078953
0.9975 0.0789557
0.999167 0.0789619
