
# time = 1
0.00125 0.705044
0.00375 0.689484
0.00625 0.673754
0.00875 0.657858
0.01125 0.641799
0.01375 0.625583
0.01625 0.609212
0.01875 0.59269
0.02125 0.576022
0.02375 0.559213
0.02625 0.542265
0.02875 0.525183
0.03125 0.507972
0.03375 0.490636
0.03625 0.473178
0.03875 0.455604
0.04125 0.437917
0.04375 0.420122
0.04625 0.402224
0.04875 0.384226
0.05125 0.366134
0.05375 0.347951
0.05625 0.329682
0.05875 0.311333
0.06125 0.292906
0.06375 0.274407
0.06625 0.25584
0.06875 0.23721
0.07125 0.218522
0.07375 0.199779
0.07625 0.180988
0.07875 0.162151
0.08125 0.143275
0.08375 0.124363
0.08625 0.105421
0.08875 0.0864526
0.09125 0.0674629
0.09375 0.0484566
0.09625 0.0294383
0.09875 0.0104127
0.10125 -0.0086154
0.10375 -0.0276414
0.10625 -0.0466606
0.10875 -0.0656682
0.11125 -0.0846597
0.11375 -0.10363
0.11625 -0.122575
0.11875 -0.14149
0.12125 -0.16037
0.12375 -0.17921
0.12625 -0.198006
0.12875 -0.216753
0.13125 -0.235447
0.13375 -0.254083
0.13625 -0.272656
0.13875 -0.291161
0.14125 -0.309595
0.14375 -0.327953
0.14625 -0.346229
0.14875 -0.36442
0.15125 -0.382521
0.15375 -0.400528
0.15625 -0.418436
0.15875 -0.436241
0.16125 -0.453938
0.16375 -0.471523
0.16625 -0.488992
0.16875 -0.50634
0.17125 -0.523563
0.17375 -0.540657
0.17625 -0.557618
0.17875 -0.574441
0.18125 -0.591122
0.18375 -0.607657
0.18625 -0.624043
0.18875 -0.640274
0.19125 -0.656348
0.19375 -0.672259
0.19625 -0.688005
0.19875 -0.703581
0.20125 -0.718984
0.20375 -0.734208
0.20625 -0.749252
0.20875 -0.764111
0.21125 -0.778782
0.21375 -0.79326
0.21625 -0.807542
0.21875 -0.821626
0.22125 -0.835506
0.22375 -0.849181
0.22625 -0.862646
0.22875 -0.875898
0.23125 -0.888934
0.23375 -0.90175
0.23625 -0.914344
0.23875 -0.926713
0.24125 -0.938853
0.24375 -0.950761
0.24625 -0.962434
0.24875 -0.973871
0.25125 -0.985067
0.25375 -0.996019
0.25625 -1.00673
0.25875 -1.01719
0.26125 -1.02739
0.26375 -1.03735
0.26625 -1.04705
0.26875 -1.05649
0.27125 -1.06566
0.27375 -1.07458
0.27625 -1.08323
0.27875 -1.09162
0.28125 -1.09973
0.28375 -1.10757
0.28625 -1.11514
0.28875 -1.12244
0.29125 -1.12946
0.29375 -1.1362
0.29625 -1.14265
0.29875 -1.14883
0.30125 -1.15472
0.30375 -1.16033
0.30625 -1.16566
0.30875 -1.17069
0.31125 -1.17544
0.31375 -1.17989
0.31625 -1.18406
0.31875 -1.18793
0.32125 -1.19151
0.32375 -1.19479
0.32625 -1.19778
0.32875 -1.20048
0.33125 -1.20288
0.33375 -1.20498
0.33625 -1.20678
0.33875 -1.20829
0.34125 -1.2095
0.34375 -1.21041
0.34625 -1.21102
0.34875 -1.21134
0.35125 -1.21135
0.35375 -1.21106
0.35625 -1.21048
0.35875 -1.2096
0.36125 -1.20842
0.36375 -1.20694
0.36625 -1.20516
0.36875 -1.20309
0.37125 -1.20072
0.37375 -1.19805
0.37625 -1.19509
0.37875 -1.19183
0.38125 -1.18828
0.38375 -1.18443
0.38625 -1.1803
0.38875 -1.17587
0.39125 -1.17115
0.39375 -1.16614
0.39625 -1.16085
0.39875 -1.15527
0.40125 -1.1494
0.40375 -1.14325
0.40625 -1.13682
0.40875 -1.1301
0.41125 -1.12311
0.41375 -1.11584
0.41625 -1.1083
0.41875 -1.10048
0.42125 -1.09239
0.42375 -1.08404
0.42625 -1.07541
0.42875 -1.06652
0.43125 -1.05736
0.43375 -1.04795
0.43625 -1.03827
0.43875 -1.02834
0.44125 -1.01816
0.44375 -1.00772
0.44625 -0.997041
0.44875 -0.986112
0.45125 -0.974939
0.45375 -0.963525
0.45625 -0.951874
0.45875 -0.939987
0.46125 -0.927869
0.46375 -0.915522
0.46625 -0.902949
0.46875 -0.890154
0.47125 -0.877138
0.47375 -0.863907
0.47625 -0.850462
0.47875 -0.836807
0.48125 -0.822946
0.48375 -0.808881
0.48625 -0.794617
0.48875 -0.780158
0.49125 -0.765505
0.49375 -0.750664
0.49625 -0.735637
0.49875 -0.720429
0.50125 -0.705044
0.50375 -0.689484
0.50625 -0.673754
0.50875 -0.657858
0.51125 -0.641799
0.51375 -0.625583
0.51625 -0.609212
0.51875 -0.59269
0.52125 -0.576022
0.52375 -0.559213
0.52625 -0.542265
0.52875 -0.525183
0.53125 -0.507972
0.53375 -0.490636
0.53625 -0.473178
0.53875 -0.455604
0.54125 -0.437917
0.54375 -0.420122
0.54625 -0.402224
0.54875 -0.384226
0.55125 -0.366134
0.55375 -0.347951
0.55625 -0.329682
0.55875 -0.311333
0.56125 -0.292906
0.56375 -0.274407
0.56625 -0.25584
0.56875 -0.23721
0.57125 -0.218522
0.57375 -0.199779
0.57625 -0.180988
0.57875 -0.162151
0.58125 -0.143275
0.58375 -0.124363
0.58625 -0.105421
0.58875 -0.0864526
0.59125 -0.0674629
0.59375 -0.0484566
0.59625 -0.0294383
0.59875 -0.0104127
0.60125 0.0086154
0.60375 0.0276414
0.60625 0.0466606
0.60875 0.0656682
0.61125 0.0846597
0.61375 0.10363
0.61625 0.122575
0.61875 0.14149
0.62125 0.16037
0.62375 0.17921
0.62625 0.198006
0.62875 0.216753
0.63125 0.235447
0.63375 0.254083
0.63625 0.272656
0.63875 0.291161
0.64125 0.309595
0.64375 0.327953
0.64625 0.346229
0.64875 0.36442
0.65125 0.382521
0.65375 0.400528
0.65625 0.418436
0.65875 0.436241
0.66125 0.453938
0.66375 0.471523
0.66625 0.488992
0.66875 0.50634
0.67125 0.523563
0.67375 0.540657
0.67625 0.557618
0.67875 0.574441
0.68125 0.591122
0.68375 0.607657
0.68625 0.624043
0.68875 0.640274
0.69125 0.656348
0.69375 0.672259
0.69625 0.688005
0.69875 0.703581
0.70125 0.718984
0.70375 0.734208
0.70625 0.749252
0.70875 0.764111
0.71125 0.778782
0.71375 0.79326
0.71625 0.807542
0.71875 0.821626
0.72125 0.835506
0.72375 0.849181
0.72625 0.862646
0.72875 0.875898
0.73125 0.888934
0.73375 0.90175
0.73625 0.914344
0.73875 0.926713
0.74125 0.938853
0.74375 0.950761
0.74625 0.962434
0.74875 0.973871
0.75125 0.985067
0.75375 0.996019
0.75625 1.00673
0.75875 1.01719
0.76125 1.02739
0.76375 1.03735
0.76625 1.04705
0.76875 1.05649
0.77125 1.06566
0.77375 1.07458
0.77625 1.08323
0.77875 1.09162
0.78125 1.09973
0.78375 1.10757
0.78625 1.11514
0.78875 1.12244
0.79125 1.12946
0.79375 1.1362
0.79625 1.14265
0.79875 1.14883
0.80125 1.15472
0.80375 1.16033
0.80625 1.16566
0.80875 1.17069
0.81125 1.17544
0.81375 1.17989
0.81625 1.18406
0.81875 1.18793
0.82125 1.19151
0.82375 1.19479
0.82625 1.19778
0.82875 1.20048
0.83125 1.20288
0.83375 1.20498
0.83625 1.20678
0.83875 1.20829
0.84125 1.2095
0.84375 1.21041
0.84625 1.21102
0.84875 1.21134
0.85125 1.21135
0.85375 1.21106
0.85625 1.21048
0.85875 1.2096
0.86125 1.20842
0.86375 1.20694
0.86625 1.20516
0.86875 1.20309
0.87125 1.20072
0.87375 1.19805
0.87625 1.19509
0.87875 1.19183
0.88125 1.18828
0.88375 1.18443
0.88625 1.1803
0.88875 1.17587
0.89125 1.17115
0.89375 1.16614
0.89625 1.16085
0.89875 1.15527
0.90125 1.1494
0.90375 1.14325
0.90625 1.13682
0.90875 1.1301
0.91125 1.12311
0.91375 1.11584
0.91625 1.1083
0.91875 1.10048
0.92125 1.09239
0.92375 1.08404
0.92625 1.07541
0.92875 1.06652
0.93125 1.05736
0.93375 1.04795
0.93625 1.03827
0.93875 1.02834
0.94125 1.01816
0.94375 1.00772
0.94625 0.997041
0.94875 0.986112
0.95125 0.974939
0.95375 0.963525
0.95625 0.951874
0.95875 0.939987
0.96125 0.927869
0.96375 0.915522
0.96625 0.902949
0.96875 0.890154
0.97125 0.877138
0.97375 0.863907
0.97625 0.850462
0.97875 0.836807
0.98125 0.822946
0.98375 0.808881
0.98625 0.794617
0.98875 0.780158
0.99125 0.765505
0.99375 0.750664
0.99625 0.735637
0.99875 0.720429
