
# time = 1
0.000833333 0.0177422
0.0025 0.0242889
0.00416667 0.0308329
0.00583333 0.0373736
0.0075 0.0439101
0.00916667 0.0504419
0.0108333 0.0569681
0.0125 0.0634881
0.0141667 0.0700011
0.0158333 0.0765064
0.0175 0.0830033
0.0191667 0.0894912
0.0208333 0.0959692
0.0225 0.102437
0.0241667 0.108893
0.0258333 0.115337
0.0275 0.121769
0.0291667 0.128187
0.0308333 0.134592
0.0325 0.140981
0.0341667 0.147355
0.0358333 0.153713
0.0375 0.160054
0.0391667 0.166377
0.0408333 0.172683
0.0425 0.178969
0.0441667 0.185236
0.0458333 0.191482
0.0475 0.197707
0.0491667 0.203911
0.0508333 0.210092
0.0525 0.216251
0.0541667 0.222385
0.0558333 0.228495
0.0575 0.234581
0.0591667 0.24064
0.0608333 0.246673
0.0625 0.252679
0.0641667 0.258657
0.0658333 0.264607
0.0675 0.270528
0.0691667 0.276419
0.0708333 0.28228
0.0725 0.28811
0.0741667 0.293908
0.0758333 0.299674
0.0775 0.305408
0.0791667 0.311107
0.0808333 0.316773
0.0825 0.322404
0.0841667 0.327999
0.0858333 0.333559
0.0875 0.339082
0.0891667 0.344568
0.0908333 0.350016
0.0925 0.355425
0.0941667 0.360796
0.0958333 0.366127
0.0975 0.371418
0.0991667 0.376668
0.100833 0.381877
0.1025 0.387044
0.104167 0.392169
0.105833 0.39725
0.1075 0.402288
0.109167 0.407282
0.110833 0.412232
0.1125 0.417136
0.114167 0.421994
0.115833 0.426806
0.1175 0.431571
0.119167 0.436289
0.120833 0.440959
0.1225 0.445581
0.124167 0.450154
0.125833 0.454677
0.1275 0.459151
0.129167 0.463574
0.130833 0.467946
0.1325 0.472267
0.134167 0.476537
0.135833 0.480754
0.1375 0.484918
0.139167 0.489029
0.140833 0.493087
0.1425 0.49709
0.144167 0.501039
0.145833 0.504933
0.1475 0.508772
0.149167 0.512555
0.150833 0.516281
0.1525 0.519951
0.154167 0.523564
0.155833 0.52712
0.1575 0.530618
0.159167 0.534057
0.160833 0.537438
0.1625 0.54076
0.164167 0.544023
0.165833 0.547226
0.1675 0.550369
0.169167 0.553452
0.170833 0.556474
0.1725 0.559435
0.174167 0.562335
0.175833 0.565173
0.1775 0.567949
0.179167 0.570663
0.180833 0.573314
0.1825 0.575902
0.184167 0.578427
0.185833 0.580889
0.1875 0.583287
0.189167 0.585621
0.190833 0.587891
0.1925 0.590097
0.194167 0.592237
0.195833 0.594313
0.1975 0.596323
0.199167 0.598269
0.200833 0.600148
0.2025 0.601962
0.204167 0.60371
0.205833 0.605391
0.2075 0.607006
0.209167 0.608555
0.210833 0.610037
0.2125 0.611452
0.214167 0.6128
0.215833 0.61408
0.2175 0.615294
0.219167 0.616439
0.220833 0.617518
0.2225 0.618528
0.224167 0.619471
0.225833 0.620346
0.2275 0.621153
0.229167 0.621891
0.230833 0.622562
0.2325 0.623164
0.234167 0.623698
0.235833 0.624163
0.2375 0.62456
0.239167 0.624889
0.240833 0.625149
0.2425 0.62534
0.244167 0.625463
0.245833 0.625517
0.2475 0.625503
0.249167 0.62542
0.250833 0.625268
0.2525 0.625048
0.254167 0.62476
0.255833 0.624403
0.2575 0.623977
0.259167 0.623483
0.260833 0.622921
0.2625 0.62229
0.264167 0.621591
0.265833 0.620824
0.2675 0.619989
0.269167 0.619085
0.270833 0.618114
0.2725 0.617075
0.274167 0.615969
0.275833 0.614795
0.2775 0.613553
0.279167 0.612245
0.280833 0.610869
0.2825 0.609426
0.284167 0.607916
0.285833 0.60634
0.2875 0.604697
0.289167 0.602987
0.290833 0.601212
0.2925 0.599371
0.294167 0.597464
0.295833 0.595491
0.2975 0.593454
0.299167 0.591351
0.300833 0.589183
0.3025 0.586951
0.304167 0.584654
0.305833 0.582293
0.3075 0.579868
0.309167 0.57738
0.310833 0.574828
0.3125 0.572214
0.314167 0.569536
0.315833 0.566797
0.3175 0.563995
0.319167 0.561131
0.320833 0.558205
0.3225 0.555219
0.324167 0.552171
0.325833 0.549063
0.3275 0.545895
0.329167 0.542667
0.330833 0.539379
0.3325 0.536033
0.334167 0.532627
0.335833 0.529163
0.3375 0.525641
0.339167 0.522062
0.340833 0.518425
0.3425 0.514731
0.344167 0.510981
0.345833 0.507175
0.3475 0.503313
0.349167 0.499396
0.350833 0.495424
0.3525 0.491398
0.354167 0.487318
0.355833 0.483185
0.3575 0.478998
0.359167 0.474759
0.360833 0.470468
0.3625 0.466126
0.364167 0.461732
0.365833 0.457288
0.3675 0.452793
0.369167 0.448249
0.370833 0.443656
0.3725 0.439014
0.374167 0.434324
0.375833 0.429586
0.3775 0.424801
0.379167 0.41997
0.380833 0.415092
0.3825 0.410169
0.384167 0.405201
0.385833 0.400189
0.3875 0.395132
0.389167 0.390033
0.390833 0.38489
0.3925 0.379706
0.394167 0.37448
0.395833 0.369212
0.3975 0.363905
0.399167 0.358557
0.400833 0.35317
0.4025 0.347744
0.404167 0.34228
0.405833 0.336779
0.4075 0.33124
0.409167 0.325666
0.410833 0.320055
0.4125 0.31441
0.414167 0.30873
0.415833 0.303016
0.4175 0.297269
0.419167 0.291489
0.420833 0.285678
0.4225 0.279835
0.424167 0.273961
0.425833 0.268058
0.4275 0.262124
0.429167 0.256163
0.430833 0.250173
0.4325 0.244155
0.434167 0.238111
0.435833 0.232041
0.4375 0.225945
0.439167 0.219825
0.440833 0.21368
0.4425 0.207512
0.444167 0.201322
0.445833 0.195109
0.4475 0.188875
0.449167 0.18262
0.450833 0.176345
0.4525 0.17005
0.454167 0.163738
0.455833 0.157407
0.4575 0.151058
0.459167 0.144694
0.460833 0.138313
0.4625 0.131917
0.464167 0.125507
0.465833 0.119083
0.4675 0.112646
0.469167 0.106197
0.470833 0.0997357
0.4725 0.0932637
0.474167 0.0867815
0.475833 0.0802898
0.4775 0.0737892
0.479167 0.0672806
0.480833 0.0607646
0.4825 0.054242
0.484167 0.0477134
0.485833 0.0411795
0.4875 0.0346412
0.489167 0.028099
0.490833 0.0215538
0.4925 0.0150062
0.494167 0.0084569
0.495833 0.00190673
0.4975 -0.00464366
0.499167 -0.0111935
0.500833 -0.0177422
0.5025 -0.0242889
0.504167 -0.0308329
0.505833 -0.0373736
0.5075 -0.0439101
0.509167 -0.0504419
0.510833 -0.0569681
0.5125 -0.0634881
0.514167 -0.0700011
0.515833 -0.0765064
0.5175 -0.0830033
0.519167 -0.0894912
0.520833 -0.0959692
0.5225 -0.102437
0.524167 -0.108893
0.525833 -0.115337
0.5275 -0.121769
0.529167 -0.128187
0.530833 -0.134592
0.5325 -0.140981
0.534167 -0.147355
0.535833 -0.153713
0.5375 -0.160054
0.539167 -0.166377
0.540833 -0.172683
0.5425 -0.178969
0.544167 -0.185236
0.545833 -0.191482
0.5475 -0.197707
0.549167 -0.203911
0.550833 -0.210092
0.5525 -0.216251
0.554167 -0.222385
0.555833 -0.228495
0.5575 -0.234581
0.559167 -0.24064
0.560833 -0.246673
0.5625 -0.252679
0.564167 -0.258657
0.565833 -0.264607
0.5675 -0.270528
0.569167 -0.276419
0.570833 -0.28228
0.5725 -0.28811
0.574167 -0.293908
0.575833 -0.299674
0.5775 -0.305408
0.579167 -0.311107
0.580833 -0.316773
0.5825 -0.322404
0.584167 -0.327999
0.585833 -0.333559
0.5875 -0.339082
0.589167 -0.344568
0.590833 -0.350016
0.5925 -0.355425
0.594167 -0.360796
0.595833 -0.366127
0.5975 -0.371418
0.599167 -0.376668
0.600833 -0.381877
0.6025 -0.387044
0.604167 -0.392169
0.605833 -0.39725
0.6075 -0.402288
0.609167 -0.407282
0.610833 -0.412232
0.6125 -0.417136
0.614167 -0.421994
0.615833 -0.426806
0.6175 -0.431571
0.619167 -0.436289
0.620833 -0.440959
0.6225 -0.445581
0.624167 -0.450154
0.625833 -0.454677
0.6275 -0.459151
0.629167 -0.463574
0.630833 -0.467946
0.6325 -0.472267
0.634167 -0.476537
0.635833 -0.480754
0.6375 -0.484918
0.639167 -0.489029
0.640833 -0.493087
0.6425 -0.49709
0.644167 -0.501039
0.645833 -0.504933
0.6475 -0.508772
0.649167 -0.512555
0.650833 -0.516281
0.6525 -0.519951
0.654167 -0.523564
0.655833 -0.52712
0.6575 -0.530618
0.659167 -0.534057
0.660833 -0.537438
0.6625 -0.54076
0.664167 -0.544023
0.665833 -0.547226
0.6675 -0.550369
0.669167 -0.553452
0.670833 -0.556474
0.6725 -0.559435
0.674167 -0.562335
0.675833 -0.565173
0.6775 -0.567949
0.679167 -0.570663
0.680833 -0.573314
0.6825 -0.575902
0.684167 -0.578427
0.685833 -0.580889
0.6875 -0.583287
0.689167 -0.585621
0.690833 -0.587891
0.6925 -0.590097
0.694167 -0.592237
0.695833 -0.594313
0.6975 -0.596323
0.699167 -0.598269
0.700833 -0.600148
0.7025 -0.601962
0.704167 -0.60371
0.705833 -0.605391
0.7075 -0.607006
0.709167 -0.608555
0.710833 -0.610037
0.7125 -0.611452
0.714167 -0.6128
0.715833 -0.61408
0.7175 -0.615294
0.719167 -0.616439
0.720833 -0.617518
0.7225 -0.618528
0.724167 -0.619471
0.725833 -0.620346
0.7275 -0.621153
0.729167 -0.621891
0.730833 -0.622562
0.7325 -0.623164
0.734167 -0.623698
0.735833 -0.624163
0.7375 -0.62456
0.739167 -0.624889
0.740833 -0.625149
0.7425 -0.62534
0.744167 -0.625463
0.745833 -0.625517
0.7475 -0.625503
0.749167 -0.62542
0.750833 -0.625268
0.7525 -0.625048
0.754167 -0.62476
0.755833 -0.624403
0.7575 -0.623977
0.759167 -0.623483
0.760833 -0.622921
0.7625 -0.62229
0.764167 -0.621591
0.765833 -0.620824
0.7675 -0.619989
0.769167 -0.619085
0.770833 -0.618114
0.7725 -0.617075
0.774167 -0.615969
0.775833 -0.614795
0.7775 -0.613553
0.779167 -0.612245
0.780833 -0.610869
0.7825 -0.609426
0.784167 -0.607916
0.785833 -0.60634
0.7875 -0.604697
0.789167 -0.602987
0.790833 -0.601212
0.7925 -0.599371
0.794167 -0.597464
0.795833 -0.595491
0.7975 -0.593454
0.799167 -0.591351
0.800833 -0.589183
0.8025 -0.586951
0.804167 -0.584654
0.805833 -0.582293
0.8075 -0.579868
0.809167 -0.57738
0.810833 -0.574828
0.8125 -0.572214
0.814167 -0.569536
0.815833 -0.566797
0.8175 -0.563995
0.819167 -0.561131
0.820833 -0.558205
0.8225 -0.555219
0.824167 -0.552171
0.825833 -0.549063
0.8275 -0.545895
0.829167 -0.542667
0.830833 -0.539379
0.8325 -0.536033
0.834167 -0.532627
0.835833 -0.529163
0.8375 -0.525641
0.839167 -0.522062
0.840833 -0.518425
0.8425 -0.514731
0.844167 -0.510981
0.845833 -0.507175
0.8475 -0.503313
0.849167 -0.499396
0.850833 -0.495424
0.8525 -0.491398
0.854167 -0.487318
0.855833 -0.483185
0.8575 -0.478998
0.859167 -0.474759
0.860833 -0.470468
0.8625 -0.466126
0.864167 -0.461732
0.865833 -0.457288
0.8675 -0.452793
0.869167 -0.448249
0.870833 -0.443656
0.8725 -0.439014
0.874167 -0.434324
0.875833 -0.429586
0.8775 -0.424801
0.879167 -0.41997
0.880833 -0.415092
0.8825 -0.410169
0.884167 -0.405201
0.885833 -0.400189
0.8875 -0.395132
0.889167 -0.390033
0.890833 -0.38489
0.8925 -0.379706
0.894167 -0.37448
0.895833 -0.369212
0.8975 -0.363905
0.899167 -0.358557
0.900833 -0.35317
0.9025 -0.347744
0.904167 -0.34228
0.905833 -0.336779
0.9075 -0.33124
0.909167 -0.325666
0.910833 -0.320055
0.9125 -0.31441
0.914167 -0.30873
0.915833 -0.303016
0.9175 -0.297269
0.919167 -0.291489
0.920833 -0.285678
0.9225 -0.279835
0.924167 -0.273961
0.925833 -0.268058
0.9275 -0.262124
0.929167 -0.256163
0.930833 -0.250173
0.9325 -0.244155
0.934167 -0.238111
0.935833 -0.232041
0.9375 -0.225945
0.939167 -0.219825
0.940833 -0.21368
0.9425 -0.207512
0.944167 -0.201322
0.945833 -0.195109
0.9475 -0.188875
0.949167 -0.18262
0.950833 -0.176345
0.9525 -0.17005
0.954167 -0.163738
0.955833 -0.157407
0.9575 -0.151058
0.959167 -0.144694
0.960833 -0.138313
0.9625 -0.131917
0.964167 -0.125507
0.965833 -0.119083
0.9675 -0.112646
0.969167 -0.106197
0.970833 -0.0997357
0.9725 -0.0932637
0.974167 -0.0867815
0.975833 -0.0802898
0.9775 -0.0737892
0.979167 -0.0672806
0.980833 -0.0607646
0.9825 -0.054242
0.984167 -0.0477134
0.985833 -0.0411795
0.9875 -0.0346412
0.989167 -0.028099
0.990833 -0.0215538
0.9925 -0.0150062
0.994167 -0.0084569
0.995833 -0.00190673
0.9975 0.00464366
0.999167 0.0111935
