
# time= 0
0 0
0.003125 2.91749e-09
0.00625 9.32699e-08
0.009375 7.07131e-07
0.0125 2.97315e-06
0.015625 9.04712e-06
0.01875 2.24326e-05
0.021875 4.82835e-05
0.025 9.36833e-05
0.028125 0.000167899
0.03125 0.000282604
0.034375 0.000452068
0.0375 0.000693308
0.040625 0.00102621
0.04375 0.00147358
0.046875 0.0020612
0.05 0.00281781
0.053125 0.00377502
0.05625 0.00496724
0.059375 0.00643149
0.0625 0.00820726
0.065625 0.0103362
0.06875 0.0128619
0.071875 0.0158296
0.075 0.0192856
0.078125 0.0232773
0.08125 0.0278523
0.084375 0.0330584
0.0875 0.0389427
0.090625 0.0455513
0.09375 0.0529291
0.096875 0.0611188
0.1 0.0701606
0.103125 0.0800917
0.10625 0.0909458
0.109375 0.102753
0.1125 0.115537
0.115625 0.12932
0.11875 0.144116
0.121875 0.159934
0.125 0.176777
0.128125 0.194641
0.13125 0.213518
0.134375 0.233389
0.1375 0.25423
0.140625 0.276011
0.14375 0.298693
0.146875 0.322229
0.15 0.346568
0.153125 0.371648
0.15625 0.397404
0.159375 0.423761
0.1625 0.450639
0.165625 0.477953
0.16875 0.505612
0.171875 0.533518
0.175 0.561571
0.178125 0.589665
0.18125 0.617691
0.184375 0.64554
0.1875 0.673096
0.190625 0.700244
0.19375 0.726871
0.196875 0.752858
0.2 0.778093
0.203125 0.802462
0.20625 0.825853
0.209375 0.848159
0.2125 0.869276
0.215625 0.889104
0.21875 0.907548
0.221875 0.924521
0.225 0.939939
0.228125 0.953728
0.23125 0.965819
0.234375 0.976154
0.2375 0.984681
0.240625 0.991358
0.24375 0.996151
0.246875 0.999037
0.25 1
0.253125 0.999037
0.25625 0.996151
0.259375 0.991358
0.2625 0.984681
0.265625 0.976154
0.26875 0.965819
0.271875 0.953728
0.275 0.939939
0.278125 0.924521
0.28125 0.907548
0.284375 0.889104
0.2875 0.869276
0.290625 0.848159
0.29375 0.825853
0.296875 0.802462
0.3 0.778093
0.303125 0.752858
0.30625 0.726871
0.309375 0.700244
0.3125 0.673096
0.315625 0.64554
0.31875 0.617691
0.321875 0.589665
0.325 0.561571
0.328125 0.533518
0.33125 0.505612
0.334375 0.477953
0.3375 0.450639
0.340625 0.423761
0.34375 0.397404
0.346875 0.371648
0.35 0.346568
0.353125 0.322229
0.35625 0.298693
0.359375 0.276011
0.3625 0.25423
0.365625 0.233389
0.36875 0.213518
0.371875 0.194641
0.375 0.176777
0.378125 0.159934
0.38125 0.144116
0.384375 0.12932
0.3875 0.115537
0.390625 0.102753
0.39375 0.0909458
0.396875 0.0800917
0.4 0.0701606
0.403125 0.0611188
0.40625 0.0529291
0.409375 0.0455513
0.4125 0.0389427
0.415625 0.0330584
0.41875 0.0278523
0.421875 0.0232773
0.425 0.0192856
0.428125 0.0158296
0.43125 0.0128619
0.434375 0.0103362
0.4375 0.00820726
0.440625 0.00643149
0.44375 0.00496724
0.446875 0.00377502
0.45 0.00281781
0.453125 0.0020612
0.45625 0.00147358
0.459375 0.00102621
0.4625 0.000693308
0.465625 0.000452068
0.46875 0.000282604
0.471875 0.000167899
0.475 9.36833e-05
0.478125 4.82835e-05
0.48125 2.24326e-05
0.484375 9.04712e-06
0.4875 2.97315e-06
0.490625 7.07131e-07
0.49375 9.32699e-08
0.496875 2.91749e-09
0.5 2.75457e-80
0.503125 -2.91749e-09
0.50625 -9.32699e-08
0.509375 -7.07131e-07
0.5125 -2.97315e-06
0.515625 -9.04712e-06
0.51875 -2.24326e-05
0.521875 -4.82835e-05
0.525 -9.36833e-05
0.528125 -0.000167899
0.53125 -0.000282604
0.534375 -0.000452068
0.5375 -0.000693308
0.540625 -0.00102621
0.54375 -0.00147358
0.546875 -0.0020612
0.55 -0.00281781
0.553125 -0.00377502
0.55625 -0.00496724
0.559375 -0.00643149
0.5625 -0.00820726
0.565625 -0.0103362
0.56875 -0.0128619
0.571875 -0.0158296
0.575 -0.0192856
0.578125 -0.0232773
0.58125 -0.0278523
0.584375 -0.0330584
0.5875 -0.0389427
0.590625 -0.0455513
0.59375 -0.0529291
0.596875 -0.0611188
0.6 -0.0701606
0.603125 -0.0800917
0.60625 -0.0909458
0.609375 -0.102753
0.6125 -0.115537
0.615625 -0.12932
0.61875 -0.144116
0.621875 -0.159934
0.625 -0.176777
0.628125 -0.194641
0.63125 -0.213518
0.634375 -0.233389
0.6375 -0.25423
0.640625 -0.276011
0.64375 -0.298693
0.646875 -0.322229
0.65 -0.346568
0.653125 -0.371648
0.65625 -0.397404
0.659375 -0.423761
0.6625 -0.450639
0.665625 -0.477953
0.66875 -0.505612
0.671875 -0.533518
0.675 -0.561571
0.678125 -0.589665
0.68125 -0.617691
0.684375 -0.64554
0.6875 -0.673096
0.690625 -0.700244
0.69375 -0.726871
0.696875 -0.752858
0.7 -0.778093
0.703125 -0.802462
0.70625 -0.825853
0.709375 -0.848159
0.7125 -0.869276
0.715625 -0.889104
0.71875 -0.907548
0.721875 -0.924521
0.725 -0.939939
0.728125 -0.953728
0.73125 -0.965819
0.734375 -0.976154
0.7375 -0.984681
0.740625 -0.991358
0.74375 -0.996151
0.746875 -0.999037
0.75 -1
0.753125 -0.999037
0.75625 -0.996151
0.759375 -0.991358
0.7625 -0.984681
0.765625 -0.976154
0.76875 -0.965819
0.771875 -0.953728
0.775 -0.939939
0.778125 -0.924521
0.78125 -0.907548
0.784375 -0.889104
0.7875 -0.869276
0.790625 -0.848159
0.79375 -0.825853
0.796875 -0.802462
0.8 -0.778093
0.803125 -0.752858
0.80625 -0.726871
0.809375 -0.700244
0.8125 -0.673096
0.815625 -0.64554
0.81875 -0.617691
0.821875 -0.589665
0.825 -0.561571
0.828125 -0.533518
0.83125 -0.505612
0.834375 -0.477953
0.8375 -0.450639
0.840625 -0.423761
0.84375 -0.397404
0.846875 -0.371648
0.85 -0.346568
0.853125 -0.322229
0.85625 -0.298693
0.859375 -0.276011
0.8625 -0.25423
0.865625 -0.233389
0.86875 -0.213518
0.871875 -0.194641
0.875 -0.176777
0.878125 -0.159934
0.88125 -0.144116
0.884375 -0.12932
0.8875 -0.115537
0.890625 -0.102753
0.89375 -0.0909458
0.896875 -0.0800917
0.9 -0.0701606
0.903125 -0.0611188
0.90625 -0.0529291
0.909375 -0.0455513
0.9125 -0.0389427
0.915625 -0.0330584
0.91875 -0.0278523
0.921875 -0.0232773
0.925 -0.0192856
0.928125 -0.0158296
0.93125 -0.0128619
0.934375 -0.0103362
0.9375 -0.00820726
0.940625 -0.00643149
0.94375 -0.00496724
0.946875 -0.00377502
0.95 -0.00281781
0.953125 -0.0020612
0.95625 -0.00147358
0.959375 -0.00102621
0.9625 -0.000693308
0.965625 -0.000452068
0.96875 -0.000282604
0.971875 -0.000167899
0.975 -9.36833e-05
0.978125 -4.82835e-05
0.98125 -2.24326e-05
0.984375 -9.04712e-06
0.9875 -2.97315e-06
0.990625 -7.07131e-07
0.99375 -9.32699e-08
0.996875 -2.91749e-09

# time= 1
0 4.61119e+35
0.003125 4.38049e+35
0.00625 -1.67395e+36
0.009375 3.15604e+36
0.0125 -4.61412e+36
0.015625 5.7255e+36
0.01875 -6.24598e+36
0.021875 6.09356e+36
0.025 -5.36122e+36
0.028125 4.26617e+36
0.03125 -3.06615e+36
0.034375 1.97966e+36
0.0375 -1.13758e+36
0.040625 5.75002e+35
0.04375 -2.54524e+35
0.046875 1.03276e+35
0.05 -4.66437e+34
0.053125 2.87904e+34
0.05625 -1.85909e+34
0.059375 5.26884e+33
0.0625 1.02004e+34
0.065625 -2.30951e+34
0.06875 2.99295e+34
0.071875 -3.01473e+34
0.075 2.55461e+34
0.078125 -1.88075e+34
0.08125 1.22132e+34
0.084375 -7.032e+33
0.0875 3.54369e+33
0.090625 -1.3991e+33
0.09375 1.83602e+31
0.096875 1.12925e+33
0.1 -2.38814e+33
0.103125 3.89207e+33
0.10625 -5.63256e+33
0.109375 7.61296e+33
0.1125 -1.00484e+34
0.115625 1.34963e+34
0.11875 -1.8746e+34
0.121875 2.63529e+34
0.125 -3.59041e+34
0.128125 4.53808e+34
0.13125 -5.11495e+34
0.134375 4.89966e+34
0.1375 -3.61947e+34
0.140625 1.40604e+34
0.14375 9.89806e+33
0.146875 -2.12249e+34
0.15 3.38637e+31
0.153125 7.44392e+34
0.15625 -2.15861e+35
0.159375 4.20213e+35
0.1625 -6.55732e+35
0.165625 8.59192e+35
0.16875 -9.45124e+35
0.171875 8.31364e+35
0.175 -4.76886e+35
0.178125 -8.06947e+34
0.18125 7.05205e+35
0.184375 -1.17381e+36
0.1875 1.22443e+36
0.190625 -6.28825e+35
0.19375 -7.28784e+35
0.196875 2.79176e+36
0.2 -5.31021e+36
0.203125 7.87118e+36
0.20625 -9.97923e+36
0.209375 1.11726e+37
0.2125 -1.11461e+37
0.215625 9.84355e+36
0.21875 -7.48756e+36
0.221875 4.53174e+36
0.225 -1.54647e+36
0.228125 -9.27374e+35
0.23125 2.51357e+36
0.234375 -3.08671e+36
0.2375 2.78651e+36
0.240625 -1.95594e+36
0.24375 1.01818e+36
0.246875 -3.28453e+35
0.25 5.22372e+34
0.253125 -1.20484e+35
0.25625 2.85234e+35
0.259375 -2.53932e+35
0.2625 -1.58825e+35
0.265625 9.3207e+35
0.26875 -1.83391e+36
0.271875 2.50799e+36
0.275 -2.61147e+36
0.278125 1.9525e+36
0.28125 -5.81873e+35
0.284375 -1.19495e+36
0.2875 2.90266e+36
0.290625 -4.06529e+36
0.29375 4.40391e+36
0.296875 -3.97089e+36
0.3 3.13774e+36
0.303125 -2.41933e+36
0.30625 2.21234e+36
0.309375 -2.58572e+36
0.3125 3.23909e+36
0.315625 -3.64721e+36
0.31875 3.30001e+36
0.321875 -1.9005e+36
0.325 -5.73681e+35
0.328125 3.94187e+36
0.33125 -7.94204e+36
0.334375 1.23111e+37
0.3375 -1.67896e+37
0.340625 2.10888e+37
0.34375 -2.48868e+37
0.346875 2.78905e+37
0.35 -2.99404e+37
0.353125 3.1093e+37
0.35625 -3.1625e+37
0.359375 3.19503e+37
0.3625 -3.24867e+37
0.365625 3.35307e+37
0.36875 -3.51784e+37
0.371875 3.72952e+37
0.375 -3.95222e+37
0.378125 4.13117e+37
0.38125 -4.20041e+37
0.384375 4.09642e+37
0.3875 -3.77599e+37
0.390625 3.23237e+37
0.39375 -2.50144e+37
0.396875 1.65263e+37
0.4 -7.66797e+36
0.403125 -8.91039e+35
0.40625 8.78315e+36
0.409375 -1.59311e+37
0.4125 2.23679e+37
0.415625 -2.7981e+37
0.41875 3.23179e+37
0.421875 -3.45693e+37
0.425 3.37687e+37
0.428125 -2.91543e+37
0.43125 2.0556e+37
0.434375 -8.64804e+36
0.4375 -5.05583e+36
0.440625 1.84915e+37
0.44375 -2.95343e+37
0.446875 3.6525e+37
0.45 -3.86532e+37
0.453125 3.60817e+37
0.45625 -2.97978e+37
0.459375 2.12744e+37
0.4625 -1.2072e+37
0.465625 3.50596e+36
0.46875 3.54767e+36
0.471875 -8.69115e+36
0.475 1.1921e+37
0.478125 -1.3478e+37
0.48125 1.36925e+37
0.484375 -1.28725e+37
0.4875 1.12567e+37
0.490625 -9.02577e+36
0.49375 6.3474e+36
0.496875 -3.42126e+36
0.5 4.9775e+35
0.503125 2.1404e+36
0.50625 -4.22759e+36
0.509375 5.57576e+36
0.5125 -6.12026e+36
0.515625 5.9319e+36
0.51875 -5.19036e+36
0.521875 4.13017e+36
0.525 -2.98061e+36
0.528125 1.91965e+36
0.53125 -1.05268e+36
0.534375 4.15552e+35
0.5375 6.67498e+33
0.540625 -2.56023e+35
0.54375 3.81172e+35
0.546875 -4.24567e+35
0.55 4.1735e+35
0.553125 -3.79976e+35
0.55625 3.25518e+35
0.559375 -2.63083e+35
0.5625 1.99887e+35
0.565625 -1.41816e+35
0.56875 9.30746e+34
0.571875 -5.57389e+34
0.575 2.97652e+34
0.578125 -1.35439e+34
0.58125 4.78232e+33
0.584375 -1.37826e+33
0.5875 2.01338e+33
0.590625 -6.3016e+33
0.59375 1.44038e+34
0.596875 -2.60618e+34
0.6 3.90886e+34
0.603125 -4.75673e+34
0.60625 4.03858e+34
0.609375 -1.16036e+33
0.6125 -8.9189e+34
0.615625 2.46357e+35
0.61875 -4.73539e+35
0.621875 7.51899e+35
0.625 -1.03534e+36
0.628125 1.25484e+36
0.63125 -1.33534e+36
0.634375 1.22255e+36
0.6375 -9.10184e+35
0.640625 4.53787e+35
0.64375 4.14499e+34
0.646875 -4.61887e+35
0.65 7.43731e+35
0.653125 -9.22098e+35
0.65625 1.13949e+36
0.659375 -1.59348e+36
0.6625 2.43107e+36
0.665625 -3.63106e+36
0.66875 4.93772e+36
0.671875 -5.89979e+36
0.675 6.02498e+36
0.678125 -4.99609e+36
0.68125 2.84653e+36
0.684375 8.01651e+33
0.6875 -2.92774e+36
0.690625 5.34935e+36
0.69375 -7.09953e+36
0.696875 8.5652e+36
0.7 -1.06136e+37
0.703125 1.42608e+37
0.70625 -2.02028e+37
0.709375 2.83948e+37
0.7125 -3.78667e+37
0.715625 4.68791e+37
0.71875 -5.34024e+37
0.721875 5.5766e+37
0.725 -5.32368e+37
0.728125 4.62907e+37
0.73125 -3.64403e+37
0.734375 2.56626e+37
0.7375 -1.56466e+37
0.740625 7.1683e+36
0.74375 1.38031e+35
0.746875 -7.51366e+36
0.75 1.64167e+37
0.753125 -2.774e+37
0.75625 4.1227e+37
0.759375 -5.53354e+37
0.7625 6.76249e+37
0.765625 -7.55389e+37
0.76875 7.72884e+37
0.771875 -7.24954e+37
0.775 6.23454e+37
0.778125 -4.91897e+37
0.78125 3.57587e+37
0.784375 -2.42961e+37
0.7875 1.59442e+37
0.790625 -1.05972e+37
0.79375 7.23684e+36
0.796875 -4.57497e+36
0.8 1.70933e+36
0.803125 1.48715e+36
0.80625 -4.39429e+36
0.809375 6.04489e+36
0.8125 -5.67749e+36
0.815625 3.15563e+36
0.81875 9.49244e+35
0.821875 -5.62308e+36
0.825 9.84504e+36
0.828125 -1.29419e+37
0.83125 1.46889e+37
0.834375 -1.51592e+37
0.8375 1.44766e+37
0.840625 -1.26623e+37
0.84375 9.67501e+36
0.846875 -5.59315e+36
0.85 7.81963e+35
0.853125 4.10971e+36
0.85625 -8.36785e+36
0.859375 1.15525e+37
0.8625 -1.37783e+37
0.865625 1.57732e+37
0.86875 -1.86512e+37
0.871875 2.34588e+37
0.875 -3.06489e+37
0.878125 3.96832e+37
0.88125 -4.8949e+37
0.884375 5.60931e+37
0.8875 -5.87249e+37
0.890625 5.52675e+37
0.89375 -4.56227e+37
0.896875 3.13493e+37
0.9 -1.52474e+37
0.903125 4.88426e+35
0.90625 1.03732e+37
0.909375 -1.61449e+37
0.9125 1.72462e+37
0.915625 -1.54104e+37
0.91875 1.29623e+37
0.921875 -1.19261e+37
0.925 1.32611e+37
0.928125 -1.64947e+37
0.93125 1.98994e+37
0.934375 -2.11674e+37
0.9375 1.83386e+37
0.940625 -1.06224e+37
0.94375 -1.20717e+36
0.946875 1.49848e+37
0.95 -2.78071e+37
0.953125 3.69081e+37
0.95625 -4.04499e+37
0.959375 3.79898e+37
0.9625 -3.05123e+37
0.965625 2.00564e+37
0.96875 -9.08135e+36
0.971875 -2.23775e+35
0.975 6.47543e+36
0.978125 -9.32542e+36
0.98125 9.34446e+36
0.984375 -7.6404e+36
0.9875 5.38023e+36
0.990625 -3.40157e+36
0.99375 2.03751e+36
0.996875 -1.17378e+36
