
# time = 1
0.0005 0.990084
0.0015 0.990005
0.0025 0.989879
0.0035 0.989703
0.0045 0.989477
0.0055 0.989202
0.0065 0.988875
0.0075 0.988498
0.0085 0.988068
0.0095 0.987586
0.0105 0.98705
0.0115 0.986459
0.0125 0.985812
0.0135 0.985107
0.0145 0.984344
0.0155 0.983521
0.0165 0.982636
0.0175 0.981687
0.0185 0.980674
0.0195 0.979593
0.0205 0.978443
0.0215 0.977222
0.0225 0.975927
0.0235 0.974557
0.0245 0.973109
0.0255 0.971581
0.0265 0.969971
0.0275 0.968275
0.0285 0.966492
0.0295 0.964618
0.0305 0.962652
0.0315 0.96059
0.0325 0.95843
0.0335 0.956169
0.0345 0.953805
0.0355 0.951333
0.0365 0.948753
0.0375 0.94606
0.0385 0.943253
0.0395 0.940328
0.0405 0.937283
0.0415 0.934114
0.0425 0.93082
0.0435 0.927398
0.0445 0.923845
0.0455 0.920158
0.0465 0.916335
0.0475 0.912374
0.0485 0.908273
0.0495 0.904028
0.0505 0.899639
0.0515 0.895103
0.0525 0.890419
0.0535 0.885584
0.0545 0.880596
0.0555 0.875456
0.0565 0.870161
0.0575 0.864709
0.0585 0.859101
0.0595 0.853336
0.0605 0.847412
0.0615 0.841329
0.0625 0.835087
0.0635 0.828686
0.0645 0.822127
0.0655 0.815409
0.0665 0.808533
0.0675 0.801501
0.0685 0.794312
0.0695 0.786969
0.0705 0.779473
0.0715 0.771825
0.0725 0.764028
0.0735 0.756084
0.0745 0.747995
0.0755 0.739764
0.0765 0.731394
0.0775 0.722888
0.0785 0.71425
0.0795 0.705483
0.0805 0.69659
0.0815 0.687577
0.0825 0.678448
0.0835 0.669206
0.0845 0.659857
0.0855 0.650405
0.0865 0.640856
0.0875 0.631216
0.0885 0.621489
0.0895 0.611681
0.0905 0.601797
0.0915 0.591845
0.0925 0.58183
0.0935 0.571759
0.0945 0.561637
0.0955 0.551471
0.0965 0.541268
0.0975 0.531034
0.0985 0.520776
0.0995 0.510501
0.1005 0.500215
0.1015 0.489926
0.1025 0.479641
0.1035 0.469365
0.1045 0.459107
0.1055 0.448873
0.1065 0.43867
0.1075 0.428505
0.1085 0.418383
0.1095 0.408312
0.1105 0.398299
0.1115 0.388349
0.1125 0.378468
0.1135 0.368664
0.1145 0.358941
0.1155 0.349306
0.1165 0.339764
0.1175 0.33032
0.1185 0.320981
0.1195 0.31175
0.1205 0.302634
0.1215 0.293636
0.1225 0.284761
0.1235 0.276014
0.1245 0.267397
0.1255 0.258916
0.1265 0.250574
0.1275 0.242373
0.1285 0.234318
0.1295 0.22641
0.1305 0.218653
0.1315 0.211049
0.1325 0.203599
0.1335 0.196307
0.1345 0.189172
0.1355 0.182197
0.1365 0.175383
0.1375 0.168731
0.1385 0.162241
0.1395 0.155913
0.1405 0.149749
0.1415 0.143747
0.1425 0.137907
0.1435 0.13223
0.1445 0.126714
0.1455 0.121358
0.1465 0.116162
0.1475 0.111124
0.1485 0.106243
0.1495 0.101517
0.1505 0.0969443
0.1515 0.0925232
0.1525 0.0882516
0.1535 0.0841273
0.1545 0.080148
0.1555 0.0763114
0.1565 0.0726148
0.1575 0.0690557
0.1585 0.0656314
0.1595 0.062339
0.1605 0.0591758
0.1615 0.0561388
0.1625 0.053225
0.1635 0.0504314
0.1645 0.0477549
0.1655 0.0451925
0.1665 0.042741
0.1675 0.0403973
0.1685 0.0381582
0.1695 0.0360206
0.1705 0.0339813
0.1715 0.0320373
0.1725 0.0301853
0.1735 0.0284223
0.1745 0.0267453
0.1755 0.025151
0.1765 0.0236367
0.1775 0.0221992
0.1785 0.0208357
0.1795 0.0195433
0.1805 0.0183192
0.1815 0.0171606
0.1825 0.0160647
0.1835 0.015029
0.1845 0.0140508
0.1855 0.0131277
0.1865 0.0122571
0.1875 0.0114366
0.1885 0.0106641
0.1895 0.00993703
0.1905 0.00925339
0.1915 0.00861102
0.1925 0.00800787
0.1935 0.00744196
0.1945 0.00691137
0.1955 0.00641428
0.1965 0.0059489
0.1975 0.00551354
0.1985 0.00510656
0.1995 0.00472639
0.2005 0.00437153
0.2015 0.00404054
0.2025 0.00373204
0.2035 0.00344471
0.2045 0.00317731
0.2055 0.00292863
0.2065 0.00269754
0.2075 0.00248296
0.2085 0.00228384
0.2095 0.00209923
0.2105 0.00192819
0.2115 0.00176983
0.2125 0.00162334
0.2135 0.00148792
0.2145 0.00136283
0.2155 0.00124737
0.2165 0.00114088
0.2175 0.00104274
0.2185 0.000952359
0.2195 0.000869189
0.2205 0.000792712
0.2215 0.000722444
0.2225 0.00065793
0.2235 0.000598744
0.2245 0.000544487
0.2255 0.000494787
0.2265 0.000449297
0.2275 0.000407691
0.2285 0.000369668
0.2295 0.000334945
0.2305 0.000303261
0.2315 0.000274372
0.2325 0.000248052
0.2335 0.00022409
0.2345 0.000202294
0.2355 0.000182482
0.2365 0.000164488
0.2375 0.000148157
0.2385 0.000133348
0.2395 0.00011993
0.2405 0.00010778
0.2415 9.67889e-05
0.2425 8.68529e-05
0.2435 7.78779e-05
0.2445 6.97775e-05
0.2455 6.24722e-05
0.2465 5.58892e-05
0.2475 4.99617e-05
0.2485 4.46287e-05
0.2495 3.98345e-05
0.2505 3.5528e-05
0.2515 3.16627e-05
0.2525 2.81962e-05
0.2535 2.50898e-05
0.2545 2.23084e-05
0.2555 1.98199e-05
0.2565 1.75954e-05
0.2575 1.56083e-05
0.2585 1.38348e-05
0.2595 1.22532e-05
0.2605 1.0844e-05
0.2615 9.58923e-06
0.2625 8.473e-06
0.2635 7.48079e-06
0.2645 6.59954e-06
0.2655 5.81749e-06
0.2665 5.12404e-06
0.2675 4.50965e-06
0.2685 3.96577e-06
0.2695 3.48468e-06
0.2705 3.05951e-06
0.2715 2.68405e-06
0.2725 2.35277e-06
0.2735 2.06071e-06
0.2745 1.80345e-06
0.2755 1.57703e-06
0.2765 1.37791e-06
0.2775 1.20295e-06
0.2785 1.04935e-06
0.2795 9.14616e-07
0.2805 7.96527e-07
0.2815 6.93114e-07
0.2825 6.02631e-07
0.2835 5.23528e-07
0.2845 4.54432e-07
0.2855 3.94128e-07
0.2865 3.41542e-07
0.2875 2.95727e-07
0.2885 2.55843e-07
0.2895 2.21153e-07
0.2905 1.91006e-07
0.2915 1.6483e-07
0.2925 1.42122e-07
0.2935 1.22439e-07
0.2945 1.05392e-07
0.2955 9.06417e-08
0.2965 7.78896e-08
0.2975 6.68744e-08
0.2985 5.7368e-08
0.2995 4.91708e-08
0.3005 4.21088e-08
0.3015 3.60299e-08
0.3025 3.08021e-08
0.3035 2.631e-08
0.3045 2.24535e-08
0.3055 1.91457e-08
0.3065 1.6311e-08
0.3075 1.38839e-08
0.3085 1.18075e-08
0.3095 1.00329e-08
0.3105 8.51755e-09
0.3115 7.22468e-09
0.3125 6.12264e-09
0.3135 5.18411e-09
0.3145 4.38555e-09
0.3155 3.70669e-09
0.3165 3.13013e-09
0.3175 2.64088e-09
0.3185 2.22611e-09
0.3195 1.8748e-09
0.3205 1.5775e-09
0.3215 1.32615e-09
0.3225 1.11384e-09
0.3235 9.34672e-10
0.3245 7.83609e-10
0.3255 6.56362e-10
0.3265 5.49275e-10
0.3275 4.59238e-10
0.3285 3.83607e-10
0.3295 3.20137e-10
0.3305 2.66921e-10
0.3315 2.22345e-10
0.3325 1.85041e-10
0.3335 1.53852e-10
0.3345 1.27801e-10
0.3355 1.06062e-10
0.3365 8.79375e-11
0.3375 7.28419e-11
0.3385 6.02807e-11
0.3395 4.98384e-11
0.3405 4.11659e-11
0.3415 3.39702e-11
0.3425 2.80056e-11
0.3435 2.30661e-11
0.3445 1.89797e-11
0.3455 1.56022e-11
0.3465 1.28133e-11
0.3475 1.05128e-11
0.3485 8.61696e-12
0.3495 7.05614e-12
0.3505 5.77241e-12
0.3515 4.7176e-12
0.3525 3.85177e-12
0.3535 3.14175e-12
0.3545 2.56009e-12
0.3555 2.08405e-12
0.3565 1.69485e-12
0.3575 1.37696e-12
0.3585 1.11758e-12
0.3595 9.06149e-13
0.3605 7.33983e-13
0.3615 5.9393e-13
0.3625 4.80116e-13
0.3635 3.87719e-13
0.3645 3.12786e-13
0.3655 2.52078e-13
0.3665 2.02945e-13
0.3675 1.63221e-13
0.3685 1.31138e-13
0.3695 1.05253e-13
0.3705 8.43898e-14
0.3715 6.75919e-14
0.3725 5.40814e-14
0.3735 4.32263e-14
0.3745 3.45139e-14
0.3755 2.75285e-14
0.3765 2.19338e-14
0.3775 1.74577e-14
0.3785 1.38803e-14
0.3795 1.10243e-14
0.3805 8.74658e-15
0.3815 6.93203e-15
0.3825 5.48804e-15
0.3835 4.34016e-15
0.3845 3.42866e-15
0.3855 2.70566e-15
0.3865 2.13279e-15
0.3875 1.67939e-15
0.3885 1.32092e-15
0.3895 1.03783e-15
0.3905 8.1451e-16
0.3915 6.38538e-16
0.3925 5.00029e-16
0.3935 3.91129e-16
0.3945 3.05604e-16
0.3955 2.38513e-16
0.3965 1.85941e-16
0.3975 1.44794e-16
0.3985 1.12624e-16
0.3995 8.75023e-17
0.4005 6.79066e-17
0.4015 5.2639e-17
0.4025 4.07572e-17
0.4035 3.1521e-17
0.4045 2.43497e-17
0.4055 1.87881e-17
0.4065 1.44799e-17
0.4075 1.11465e-17
0.4085 8.57047e-18
0.4095 6.582e-18
0.4105 5.04891e-18
0.4115 3.86831e-18
0.4125 2.96024e-18
0.4135 2.26264e-18
0.4145 1.72735e-18
0.4155 1.31711e-18
0.4165 1.00309e-18
0.4175 7.63007e-19
0.4185 5.79681e-19
0.4195 4.39863e-19
0.4205 3.33359e-19
0.4215 2.52331e-19
0.4225 1.90762e-19
0.4235 1.44037e-19
0.4245 1.08621e-19
0.4255 8.18105e-20
0.4265 6.154e-20
0.4275 4.62336e-20
0.4285 3.46902e-20
0.4295 2.59958e-20
0.4305 1.94555e-20
0.4315 1.4542e-20
0.4325 1.08555e-20
0.4335 8.09297e-21
0.4345 6.02564e-21
0.4355 4.48055e-21
0.4365 3.32728e-21
0.4375 2.46761e-21
0.4385 1.82763e-21
0.4395 1.35183e-21
0.4405 9.98566e-22
0.4415 7.3663e-22
0.4425 5.42672e-22
0.4435 3.99243e-22
0.4445 2.93325e-22
0.4455 2.15212e-22
0.4465 1.57684e-22
0.4475 1.15375e-22
0.4485 8.43019e-23
0.4495 6.15117e-23
0.4505 4.482e-23
0.4515 3.2612e-23
0.4525 2.36958e-23
0.4535 1.7193e-23
0.4545 1.24571e-23
0.4555 9.0129e-24
0.4565 6.51173e-24
0.4575 4.69801e-24
0.4585 3.38475e-24
0.4595 2.43529e-24
0.4605 1.74992e-24
0.4615 1.256e-24
0.4625 9.00703e-25
0.4635 6.45656e-25
0.4645 4.63052e-25
0.4655 3.32788e-25
0.4665 2.40333e-25
0.4675 1.75261e-25
0.4685 1.30128e-25
0.4695 9.97302e-26
0.4705 8.0089e-26
0.4715 6.8914e-26
0.4725 6.45928e-26
0.4735 6.59503e-26
0.4745 7.29912e-26
0.4755 8.50683e-26
0.4765 1.03384e-25
0.4775 1.28549e-25
0.4785 1.62103e-25
0.4795 2.05971e-25
0.4805 2.62719e-25
0.4815 3.35768e-25
0.4825 4.29449e-25
0.4835 5.49379e-25
0.4845 7.02689e-25
0.4855 8.98486e-25
0.4865 1.14835e-24
0.4875 1.46699e-24
0.4885 1.87309e-24
0.4895 2.39036e-24
0.4905 3.04885e-24
0.4915 3.88666e-24
0.4925 4.95202e-24
0.4935 6.30598e-24
0.4945 8.02581e-24
0.4955 1.02091e-23
0.4965 1.29794e-23
0.4975 1.64924e-23
0.4985 2.09449e-23
0.4995 2.6585e-23
0.5005 3.37256e-23
0.5015 4.2761e-23
0.5025 5.41876e-23
0.5035 6.86303e-23
0.5045 8.68754e-23
0.5055 1.09911e-22
0.5065 1.3898e-22
0.5075 1.75641e-22
0.5085 2.21852e-22
0.5095 2.80069e-22
0.5105 3.53371e-22
0.5115 4.45617e-22
0.5125 5.61638e-22
0.5135 7.07483e-22
0.5145 8.90715e-22
0.5155 1.12079e-21
0.5165 1.40954e-21
0.5175 1.77171e-21
0.5185 2.22573e-21
0.5195 2.79457e-21
0.5205 3.50689e-21
0.5215 4.39839e-21
0.5225 5.51352e-21
0.5235 6.90761e-21
0.5245 8.64949e-21
0.5255 1.08247e-20
0.5265 1.35397e-20
0.5275 1.69263e-20
0.5285 2.11485e-20
0.5295 2.64096e-20
0.5305 3.29616e-20
0.5315 4.11166e-20
0.5325 5.12613e-20
0.5335 6.38743e-20
0.5345 7.95475e-20
0.5355 9.90125e-20
0.5365 1.23174e-19
0.5375 1.53147e-19
0.5385 1.9031e-19
0.5395 2.36363e-19
0.5405 2.93401e-19
0.5415 3.64004e-19
0.5425 4.5135e-19
0.5435 5.59351e-19
0.5445 6.92818e-19
0.5455 8.57664e-19
0.5465 1.06115e-18
0.5475 1.31221e-18
0.5485 1.62177e-18
0.5495 2.00327e-18
0.5505 2.47317e-18
0.5515 3.05162e-18
0.5525 3.76332e-18
0.5535 4.63846e-18
0.5545 5.71399e-18
0.5555 7.03507e-18
0.5565 8.65686e-18
0.5575 1.06467e-17
0.5585 1.30868e-17
0.5595 1.60773e-17
0.5605 1.97404e-17
0.5615 2.42249e-17
0.5625 2.97119e-17
0.5635 3.64219e-17
0.5645 4.46228e-17
0.5655 5.46403e-17
0.5665 6.68702e-17
0.5675 8.17927e-17
0.5685 9.99906e-17
0.5695 1.2217e-16
0.5705 1.49189e-16
0.5715 1.82082e-16
0.5725 2.22107e-16
0.5735 2.70781e-16
0.5745 3.29942e-16
0.5755 4.01808e-16
0.5765 4.8906e-16
0.5775 5.94933e-16
0.5785 7.23329e-16
0.5795 8.78954e-16
0.5805 1.06748e-15
0.5815 1.29572e-15
0.5825 1.57191e-15
0.5835 1.90593e-15
0.5845 2.30966e-15
0.5855 2.79737e-15
0.5865 3.38621e-15
0.5875 4.09675e-15
0.5885 4.95368e-15
0.5895 5.98656e-15
0.5905 7.23084e-15
0.5915 8.72895e-15
0.5925 1.05317e-14
0.5935 1.26997e-14
0.5945 1.53056e-14
0.5955 1.84362e-14
0.5965 2.21948e-14
0.5975 2.67051e-14
0.5985 3.21143e-14
0.5995 3.85979e-14
0.6005 4.6365e-14
0.6015 5.56645e-14
0.6025 6.67925e-14
0.6035 8.01011e-14
0.6045 9.60086e-14
0.6055 1.15012e-13
0.6065 1.37701e-13
0.6075 1.64775e-13
0.6085 1.97065e-13
0.6095 2.35552e-13
0.6105 2.814e-13
0.6115 3.35988e-13
0.6125 4.00944e-13
0.6135 4.78194e-13
0.6145 5.70015e-13
0.6155 6.79092e-13
0.6165 8.08596e-13
0.6175 9.62267e-13
0.6185 1.14451e-12
0.6195 1.36052e-12
0.6205 1.61641e-12
0.6215 1.91936e-12
0.6225 2.27784e-12
0.6235 2.70179e-12
0.6245 3.20287e-12
0.6255 3.79478e-12
0.6265 4.49361e-12
0.6275 5.31819e-12
0.6285 6.2906e-12
0.6295 7.43672e-12
0.6305 8.78679e-12
0.6315 1.03762e-11
0.6325 1.22464e-11
0.6335 1.44457e-11
0.6345 1.70305e-11
0.6355 2.00667e-11
0.6365 2.36312e-11
0.6375 2.78134e-11
0.6385 3.27177e-11
0.6395 3.84655e-11
0.6405 4.51981e-11
0.6415 5.30796e-11
0.6425 6.2301e-11
0.6435 7.3084e-11
0.6445 8.56858e-11
0.6455 1.00405e-10
0.6465 1.17587e-10
0.6475 1.37634e-10
0.6485 1.61009e-10
0.6495 1.8825e-10
0.6505 2.19977e-10
0.6515 2.56909e-10
0.6525 2.99876e-10
0.6535 3.49834e-10
0.6545 4.07889e-10
0.6555 4.75314e-10
0.6565 5.53578e-10
0.6575 6.44371e-10
0.6585 7.49639e-10
0.6595 8.71619e-10
0.6605 1.01289e-09
0.6615 1.17639e-09
0.6625 1.36554e-09
0.6635 1.58422e-09
0.6645 1.83689e-09
0.6655 2.12868e-09
0.6665 2.46545e-09
0.6675 2.85392e-09
0.6685 3.30175e-09
0.6695 3.81774e-09
0.6705 4.41191e-09
0.6715 5.09571e-09
0.6725 5.88223e-09
0.6735 6.78636e-09
0.6745 7.82511e-09
0.6755 9.01783e-09
0.6765 1.03866e-08
0.6775 1.19564e-08
0.6785 1.37558e-08
0.6795 1.58172e-08
0.6805 1.81774e-08
0.6815 2.08782e-08
0.6825 2.39669e-08
0.6835 2.74971e-08
0.6845 3.15298e-08
0.6855 3.61338e-08
0.6865 4.13869e-08
0.6875 4.73773e-08
0.6885 5.42045e-08
0.6895 6.19809e-08
0.6905 7.08335e-08
0.6915 8.09052e-08
0.6925 9.23575e-08
0.6935 1.05372e-07
0.6945 1.20153e-07
0.6955 1.36932e-07
0.6965 1.55966e-07
0.6975 1.77546e-07
0.6985 2.02e-07
0.6995 2.29694e-07
0.7005 2.61038e-07
0.7015 2.96494e-07
0.7025 3.36578e-07
0.7035 3.81867e-07
0.7045 4.33007e-07
0.7055 4.90722e-07
0.7065 5.55819e-07
0.7075 6.29199e-07
0.7085 7.11868e-07
0.7095 8.04948e-07
0.7105 9.0969e-07
0.7115 1.02749e-06
0.7125 1.15988e-06
0.7135 1.30861e-06
0.7145 1.47558e-06
0.7155 1.66293e-06
0.7165 1.87301e-06
0.7175 2.10845e-06
0.7185 2.37215e-06
0.7195 2.66734e-06
0.7205 2.99759e-06
0.7215 3.36683e-06
0.7225 3.77944e-06
0.7235 4.24024e-06
0.7245 4.75456e-06
0.7255 5.32826e-06
0.7265 5.96785e-06
0.7275 6.68047e-06
0.7285 7.47398e-06
0.7295 8.35707e-06
0.7305 9.33925e-06
0.7315 1.0431e-05
0.7325 1.16439e-05
0.7335 1.29905e-05
0.7345 1.44846e-05
0.7355 1.61416e-05
0.7365 1.79781e-05
0.7375 2.00123e-05
0.7385 2.22641e-05
0.7395 2.47554e-05
0.7405 2.751e-05
0.7415 3.0554e-05
0.7425 3.39158e-05
0.7435 3.76263e-05
0.7445 4.17194e-05
0.7455 4.62318e-05
0.7465 5.12034e-05
0.7475 5.66779e-05
0.7485 6.27025e-05
0.7495 6.93285e-05
0.7505 7.66117e-05
0.7515 8.46126e-05
0.7525 9.33965e-05
0.7535 0.000103034
0.7545 0.000113603
0.7555 0.000125186
0.7565 0.000137872
0.7575 0.000151758
0.7585 0.00016695
0.7595 0.000183559
0.7605 0.000201707
0.7615 0.000221525
0.7625 0.000243154
0.7635 0.000266745
0.7645 0.000292461
0.7655 0.000320476
0.7665 0.000350977
0.7675 0.000384166
0.7685 0.000420258
0.7695 0.000459483
0.7705 0.000502087
0.7715 0.000548335
0.7725 0.000598506
0.7735 0.000652903
0.7745 0.000711844
0.7755 0.000775672
0.7765 0.000844749
0.7775 0.000919463
0.7785 0.00100023
0.7795 0.00108747
0.7805 0.00118167
0.7815 0.00128331
0.7825 0.00139291
0.7835 0.00151102
0.7845 0.00163824
0.7855 0.00177517
0.7865 0.00192248
0.7875 0.00208085
0.7885 0.002251
0.7895 0.00243371
0.7905 0.00262978
0.7915 0.00284007
0.7925 0.00306546
0.7935 0.0033069
0.7945 0.00356536
0.7955 0.00384189
0.7965 0.00413756
0.7975 0.0044535
0.7985 0.00479091
0.7995 0.00515102
0.8005 0.00553511
0.8015 0.00594455
0.8025 0.00638073
0.8035 0.00684512
0.8045 0.00733924
0.8055 0.00786467
0.8065 0.00842305
0.8075 0.00901609
0.8085 0.00964555
0.8095 0.0103132
0.8105 0.0110211
0.8115 0.011771
0.8125 0.012565
0.8135 0.0134052
0.8145 0.0142937
0.8155 0.0152327
0.8165 0.0162245
0.8175 0.0172714
0.8185 0.0183757
0.8195 0.0195399
0.8205 0.0207665
0.8215 0.0220581
0.8225 0.0234171
0.8235 0.0248464
0.8245 0.0263485
0.8255 0.0279261
0.8265 0.0295822
0.8275 0.0313194
0.8285 0.0331406
0.8295 0.0350488
0.8305 0.0370467
0.8315 0.0391373
0.8325 0.0413236
0.8335 0.0436085
0.8345 0.0459949
0.8355 0.0484859
0.8365 0.0510843
0.8375 0.0537931
0.8385 0.0566151
0.8395 0.0595534
0.8405 0.0626108
0.8415 0.06579
0.8425 0.069094
0.8435 0.0725253
0.8445 0.0760866
0.8455 0.0797807
0.8465 0.0836099
0.8475 0.0875767
0.8485 0.0916835
0.8495 0.0959326
0.8505 0.100326
0.8515 0.104866
0.8525 0.109554
0.8535 0.114392
0.8545 0.119382
0.8555 0.124525
0.8565 0.129822
0.8575 0.135275
0.8585 0.140885
0.8595 0.146652
0.8605 0.152578
0.8615 0.158662
0.8625 0.164905
0.8635 0.171306
0.8645 0.177867
0.8655 0.184585
0.8665 0.191462
0.8675 0.198495
0.8685 0.205684
0.8695 0.213028
0.8705 0.220524
0.8715 0.228172
0.8725 0.23597
0.8735 0.243914
0.8745 0.252003
0.8755 0.260235
0.8765 0.268605
0.8775 0.277111
0.8785 0.285749
0.8795 0.294517
0.8805 0.303409
0.8815 0.312422
0.8825 0.321552
0.8835 0.330794
0.8845 0.340143
0.8855 0.349594
0.8865 0.359143
0.8875 0.368784
0.8885 0.378511
0.8895 0.388319
0.8905 0.398202
0.8915 0.408154
0.8925 0.418169
0.8935 0.428241
0.8945 0.438363
0.8955 0.448529
0.8965 0.458732
0.8975 0.468966
0.8985 0.479224
0.8995 0.489499
0.9005 0.499784
0.9015 0.510073
0.9025 0.520359
0.9035 0.530634
0.9045 0.540892
0.9055 0.551126
0.9065 0.561329
0.9075 0.571495
0.9085 0.581616
0.9095 0.591687
0.9105 0.6017
0.9115 0.61165
0.9125 0.621531
0.9135 0.631335
0.9145 0.641058
0.9155 0.650693
0.9165 0.660235
0.9175 0.669678
0.9185 0.679017
0.9195 0.688247
0.9205 0.697363
0.9215 0.706361
0.9225 0.715235
0.9235 0.723982
0.9245 0.732598
0.9255 0.741079
0.9265 0.74942
0.9275 0.75762
0.9285 0.765675
0.9295 0.773581
0.9305 0.781338
0.9315 0.788941
0.9325 0.796389
0.9335 0.803681
0.9345 0.810814
0.9355 0.817787
0.9365 0.824599
0.9375 0.831249
0.9385 0.837737
0.9395 0.844062
0.9405 0.850224
0.9415 0.856223
0.9425 0.862059
0.9435 0.867733
0.9445 0.873245
0.9455 0.878596
0.9465 0.883787
0.9475 0.88882
0.9485 0.893695
0.9495 0.898415
0.9505 0.90298
0.9515 0.907393
0.9525 0.911656
0.9535 0.915771
0.9545 0.919739
0.9555 0.923565
0.9565 0.927248
0.9575 0.930794
0.9585 0.934203
0.9595 0.937479
0.9605 0.940624
0.9615 0.943641
0.9625 0.946533
0.9635 0.949303
0.9645 0.951954
0.9655 0.954489
0.9665 0.95691
0.9675 0.95922
0.9685 0.961423
0.9695 0.963522
0.9705 0.965518
0.9715 0.967416
0.9725 0.969218
0.9735 0.970927
0.9745 0.972545
0.9755 0.974075
0.9765 0.97552
0.9775 0.976883
0.9785 0.978166
0.9795 0.979371
0.9805 0.9805
0.9815 0.981557
0.9825 0.982543
0.9835 0.983461
0.9845 0.984311
0.9855 0.985097
0.9865 0.98582
0.9875 0.986482
0.9885 0.987084
0.9895 0.987627
0.9905 0.988114
0.9915 0.988546
0.9925 0.988923
0.9935 0.989246
0.9945 0.989518
0.9955 0.989737
0.9965 0.989905
0.9975 0.990025
0.9985 0.990093
0.9995 0.990113
