
# time = 1
0.0005 0.989162
0.0015 1.00027
0.0025 1.00753
0.0035 1.01189
0.0045 1.0143
0.0055 1.01553
0.0065 1.01612
0.0075 1.01638
0.0085 1.01649
0.0095 1.01653
0.0105 1.01655
0.0115 1.01656
0.0125 1.01656
0.0135 1.01656
0.0145 1.01656
0.0155 1.01657
0.0165 1.01659
0.0175 1.01663
0.0185 1.01675
0.0195 1.01701
0.0205 1.01756
0.0215 1.01863
0.0225 1.02056
0.0235 1.02378
0.0245 1.02871
0.0255 1.03509
0.0265 1.04002
0.0275 1.04324
0.0285 1.04517
0.0295 1.04624
0.0305 1.04679
0.0315 1.04705
0.0325 1.04716
0.0335 1.04721
0.0345 1.04723
0.0355 1.04724
0.0365 1.04724
0.0375 1.04724
0.0385 1.04724
0.0395 1.04723
0.0405 1.04721
0.0415 1.04716
0.0425 1.04704
0.0435 1.04673
0.0445 1.04604
0.0455 1.04459
0.0465 1.04177
0.0475 1.03666
0.0485 1.02815
0.0495 1.01514
0.0505 0.998295
0.0515 0.985278
0.0525 0.976769
0.0535 0.971666
0.0545 0.968842
0.0555 0.967394
0.0565 0.966703
0.0575 0.966396
0.0585 0.966269
0.0595 0.96622
0.0605 0.966202
0.0615 0.966195
0.0625 0.966191
0.0635 0.966185
0.0645 0.966169
0.0655 0.966124
0.0665 0.965998
0.0675 0.965672
0.0685 0.964888
0.0695 0.963123
0.0705 0.959422
0.0715 0.952207
0.0725 0.939169
0.0735 0.917428
0.0745 0.88417
0.0755 0.841137
0.0765 0.807879
0.0775 0.786138
0.0785 0.7731
0.0795 0.765884
0.0805 0.762183
0.0815 0.760419
0.0825 0.759634
0.0835 0.759309
0.0845 0.759183
0.0855 0.759138
0.0865 0.759122
0.0875 0.759113
0.0885 0.759104
0.0895 0.759084
0.0905 0.759027
0.0915 0.758868
0.0925 0.758458
0.0935 0.757468
0.0945 0.755242
0.0955 0.750572
0.0965 0.741469
0.0975 0.725019
0.0985 0.697588
0.0995 0.655628
0.1005 0.601334
0.1015 0.559373
0.1025 0.531943
0.1035 0.515492
0.1045 0.506389
0.1055 0.50172
0.1065 0.499493
0.1075 0.498504
0.1085 0.498093
0.1095 0.497934
0.1105 0.497877
0.1115 0.497857
0.1125 0.497848
0.1135 0.497839
0.1145 0.497821
0.1155 0.497772
0.1165 0.497634
0.1175 0.497279
0.1185 0.496423
0.1195 0.494497
0.1205 0.490457
0.1215 0.482581
0.1225 0.468348
0.1235 0.444616
0.1245 0.408312
0.1255 0.361337
0.1265 0.325033
0.1275 0.301301
0.1285 0.287068
0.1295 0.279192
0.1305 0.275153
0.1315 0.273226
0.1325 0.27237
0.1335 0.272015
0.1345 0.271877
0.1355 0.271828
0.1365 0.271811
0.1375 0.271803
0.1385 0.271796
0.1395 0.271785
0.1405 0.271752
0.1415 0.271663
0.1425 0.271431
0.1435 0.270871
0.1445 0.269612
0.1455 0.266971
0.1465 0.261822
0.1475 0.252518
0.1485 0.237003
0.1495 0.21327
0.1505 0.182562
0.1515 0.158829
0.1525 0.143314
0.1535 0.13401
0.1545 0.128861
0.1555 0.12622
0.1565 0.124961
0.1575 0.124401
0.1585 0.124169
0.1595 0.124079
0.1605 0.124047
0.1615 0.124035
0.1625 0.124031
0.1635 0.124027
0.1645 0.124021
0.1655 0.124004
0.1665 0.123958
0.1675 0.123838
0.1685 0.123548
0.1695 0.122897
0.1705 0.12153
0.1715 0.118866
0.1725 0.114053
0.1735 0.106026
0.1745 0.0937469
0.1755 0.077859
0.1765 0.0655802
0.1775 0.0575534
0.1785 0.0527396
0.1795 0.0500757
0.1805 0.0487094
0.1815 0.0480579
0.1825 0.0477683
0.1835 0.0476481
0.1845 0.0476016
0.1855 0.0475848
0.1865 0.0475791
0.1875 0.0475768
0.1885 0.047575
0.1895 0.0475723
0.1905 0.0475653
0.1915 0.0475459
0.1925 0.0474954
0.1935 0.0473736
0.1945 0.0470996
0.1955 0.046525
0.1965 0.0454046
0.1975 0.0433801
0.1985 0.0400043
0.1995 0.0348402
0.2005 0.0281583
0.2015 0.0229942
0.2025 0.0196184
0.2035 0.0175939
0.2045 0.0164735
0.2055 0.0158989
0.2065 0.0156249
0.2075 0.0155031
0.2085 0.0154526
0.2095 0.015433
0.2105 0.0154259
0.2115 0.0154235
0.2125 0.0154226
0.2135 0.0154219
0.2145 0.015421
0.2155 0.0154185
0.2165 0.0154118
0.2175 0.0153942
0.2185 0.0153519
0.2195 0.0152566
0.2205 0.0150568
0.2215 0.0146673
0.2225 0.0139633
0.2235 0.0127896
0.2245 0.010994
0.2255 0.00867073
0.2265 0.00687518
0.2275 0.00570141
0.2285 0.00499749
0.2295 0.00460793
0.2305 0.00440814
0.2315 0.00431287
0.2325 0.00427052
0.2335 0.00425295
0.2345 0.00424614
0.2355 0.00424368
0.2365 0.00424285
0.2375 0.00424254
0.2385 0.00424232
0.2395 0.00424203
0.2405 0.00424133
0.2415 0.00423937
0.2425 0.00423427
0.2435 0.00422196
0.2445 0.00419427
0.2455 0.0041362
0.2465 0.00402298
0.2475 0.00381839
0.2485 0.00347724
0.2495 0.00295538
0.2505 0.00228013
0.2515 0.00175826
0.2525 0.00141711
0.2535 0.00121252
0.2545 0.0010993
0.2555 0.00104123
0.2565 0.00101354
0.2575 0.00100124
0.2585 0.000996129
0.2595 0.000994149
0.2605 0.000993434
0.2615 0.000993192
0.2625 0.000993104
0.2635 0.000993046
0.2645 0.000992974
0.2655 0.0009928
0.2665 0.000992321
0.2675 0.000991075
0.2685 0.000988064
0.2695 0.000981288
0.2705 0.000967081
0.2715 0.00093938
0.2725 0.000889325
0.2735 0.00080586
0.2745 0.00067818
0.2755 0.000512973
0.2765 0.000385293
0.2775 0.000301828
0.2785 0.000251773
0.2795 0.000224072
0.2805 0.000209865
0.2815 0.00020309
0.2825 0.000200079
0.2835 0.000198829
0.2845 0.000198345
0.2855 0.00019817
0.2865 0.000198111
0.2875 0.00019809
0.2885 0.000198077
0.2895 0.000198061
0.2905 0.000198025
0.2915 0.000197926
0.2925 0.000197668
0.2935 0.000197045
0.2945 0.000195644
0.2955 0.000192704
0.2965 0.000186973
0.2975 0.000176616
0.2985 0.000159348
0.2995 0.000132931
0.3005 9.87497e-05
0.3015 7.23329e-05
0.3025 5.50641e-05
0.3035 4.47077e-05
0.3045 3.89765e-05
0.3055 3.6037e-05
0.3065 3.46354e-05
0.3075 3.40124e-05
0.3085 3.37538e-05
0.3095 3.36536e-05
0.3105 3.36173e-05
0.3115 3.36051e-05
0.3125 3.36008e-05
0.3135 3.35983e-05
0.3145 3.35955e-05
0.3155 3.35892e-05
0.3165 3.3572e-05
0.3175 3.35271e-05
0.3185 3.34186e-05
0.3195 3.31745e-05
0.3205 3.26626e-05
0.3215 3.16645e-05
0.3225 2.98609e-05
0.3235 2.68535e-05
0.3245 2.22531e-05
0.3255 1.63004e-05
0.3265 1.16999e-05
0.3275 8.69252e-06
0.3285 6.88896e-06
0.3295 5.89086e-06
0.3305 5.37896e-06
0.3315 5.13485e-06
0.3325 5.02636e-06
0.3335 4.98133e-06
0.3345 4.96387e-06
0.3355 4.95756e-06
0.3365 4.95542e-06
0.3375 4.95468e-06
0.3385 4.95428e-06
0.3395 4.95382e-06
0.3405 4.95282e-06
0.3415 4.95008e-06
0.3425 4.94297e-06
0.3435 4.92576e-06
0.3445 4.88704e-06
0.3455 4.80583e-06
0.3465 4.64751e-06
0.3475 4.36143e-06
0.3485 3.8844e-06
0.3495 3.15466e-06
0.3505 2.21044e-06
0.3515 1.48071e-06
0.3525 1.00367e-06
0.3535 7.17588e-07
0.3545 5.59268e-07
0.3555 4.7807e-07
0.3565 4.3935e-07
0.3575 4.2214e-07
0.3585 4.14997e-07
0.3595 4.12227e-07
0.3605 4.11225e-07
0.3615 4.10887e-07
0.3625 4.10777e-07
0.3635 4.10735e-07
0.3645 4.10715e-07
0.3655 4.10713e-07
0.3665 4.10717e-07
0.3675 4.10718e-07
0.3685 4.10711e-07
0.3695 4.10693e-07
0.3705 4.10657e-07
0.3715 4.10587e-07
0.3725 4.1046e-07
0.3735 4.1025e-07
0.3745 4.09927e-07
0.3755 4.0951e-07
0.3765 4.09187e-07
0.3775 4.08976e-07
0.3785 4.0885e-07
0.3795 4.0878e-07
0.3805 4.08743e-07
0.3815 4.08726e-07
0.3825 4.08719e-07
0.3835 4.08717e-07
0.3845 4.08716e-07
0.3855 4.08715e-07
0.3865 4.08709e-07
0.3875 4.087e-07
0.3885 4.08677e-07
0.3895 4.08597e-07
0.3905 4.08359e-07
0.3915 4.07703e-07
0.3925 4.06015e-07
0.3935 4.01947e-07
0.3945 3.92795e-07
0.3955 3.73601e-07
0.3965 3.36178e-07
0.3975 2.68554e-07
0.3985 1.55794e-07
0.3995 -1.66989e-08
0.4005 -2.39891e-07
0.4015 -4.12384e-07
0.4025 -5.25144e-07
0.4035 -5.92768e-07
0.4045 -6.30191e-07
0.4055 -6.49384e-07
0.4065 -6.58536e-07
0.4075 -6.62605e-07
0.4085 -6.64295e-07
0.4095 -6.64952e-07
0.4105 -6.65187e-07
0.4115 -6.65256e-07
0.4125 -6.65264e-07
0.4135 -6.65232e-07
0.4145 -6.65089e-07
0.4155 -6.64648e-07
0.4165 -6.63432e-07
0.4175 -6.60302e-07
0.4185 -6.52763e-07
0.4195 -6.35801e-07
0.4205 -6.00231e-07
0.4215 -5.30876e-07
0.4225 -4.05551e-07
0.4235 -1.96577e-07
0.4245 1.23098e-07
0.4255 5.36733e-07
0.4265 8.56408e-07
0.4275 1.06538e-06
0.4285 1.19071e-06
0.4295 1.26006e-06
0.4305 1.29563e-06
0.4315 1.31259e-06
0.4325 1.32013e-06
0.4335 1.32327e-06
0.4345 1.32448e-06
0.4355 1.32492e-06
0.4365 1.32505e-06
0.4375 1.32506e-06
0.4385 1.32499e-06
0.4395 1.32471e-06
0.4405 1.32383e-06
0.4415 1.32142e-06
0.4425 1.3152e-06
0.4435 1.30023e-06
0.4445 1.26654e-06
0.4455 1.19588e-06
0.4465 1.05813e-06
0.4475 8.09205e-07
0.4485 3.94133e-07
0.4495 -2.40816e-07
0.4505 -1.06239e-06
0.4515 -1.69734e-06
0.4525 -2.11241e-06
0.4535 -2.36134e-06
0.4545 -2.49909e-06
0.4555 -2.56974e-06
0.4565 -2.60343e-06
0.4575 -2.61841e-06
0.4585 -2.62463e-06
0.4595 -2.62705e-06
0.4605 -2.62791e-06
0.4615 -2.62817e-06
0.4625 -2.62819e-06
0.4635 -2.62807e-06
0.4645 -2.62752e-06
0.4655 -2.62583e-06
0.4665 -2.62116e-06
0.4675 -2.60916e-06
0.4685 -2.58024e-06
0.4695 -2.51519e-06
0.4705 -2.37876e-06
0.4715 -2.11275e-06
0.4725 -1.63208e-06
0.4735 -8.30567e-07
0.4745 3.95527e-07
0.4755 1.982e-06
0.4765 3.20809e-06
0.4775 4.0096e-06
0.4785 4.49027e-06
0.4795 4.75628e-06
0.4805 4.89271e-06
0.4815 4.95776e-06
0.4825 4.98668e-06
0.4835 4.99869e-06
0.4845 5.00336e-06
0.4855 5.00503e-06
0.4865 5.00554e-06
0.4875 5.00559e-06
0.4885 5.00537e-06
0.4895 5.00441e-06
0.4905 5.00144e-06
0.4915 4.99321e-06
0.4925 4.97206e-06
0.4935 4.92111e-06
0.4945 4.80648e-06
0.4955 4.56609e-06
0.4965 4.09737e-06
0.4975 3.25041e-06
0.4985 1.83812e-06
0.4995 -3.22299e-07
0.5005 -3.11771e-06
0.5015 -5.27813e-06
0.5025 -6.69042e-06
0.5035 -7.53738e-06
0.5045 -8.0061e-06
0.5055 -8.24649e-06
0.5065 -8.36112e-06
0.5075 -8.41207e-06
0.5085 -8.43324e-06
0.5095 -8.44146e-06
0.5105 -8.44441e-06
0.5115 -8.44529e-06
0.5125 -8.44548e-06
0.5135 -8.44517e-06
0.5145 -8.44385e-06
0.5155 -8.43967e-06
0.5165 -8.42814e-06
0.5175 -8.39848e-06
0.5185 -8.32705e-06
0.5195 -8.16635e-06
0.5205 -7.82934e-06
0.5215 -7.17224e-06
0.5225 -5.98485e-06
0.5235 -4.00493e-06
0.5245 -9.76175e-07
0.5255 2.94279e-06
0.5265 5.97155e-06
0.5275 7.95147e-06
0.5285 9.13885e-06
0.5295 9.79596e-06
0.5305 1.0133e-05
0.5315 1.02937e-05
0.5325 1.03651e-05
0.5335 1.03948e-05
0.5345 1.04063e-05
0.5355 1.04104e-05
0.5365 1.04118e-05
0.5375 1.04121e-05
0.5385 1.0412e-05
0.5395 1.04113e-05
0.5405 1.04088e-05
0.5415 1.04019e-05
0.5425 1.03842e-05
0.5435 1.03416e-05
0.5445 1.02458e-05
0.5455 1.00449e-05
0.5465 9.65309e-06
0.5475 8.94512e-06
0.5485 7.76461e-06
0.5495 5.95873e-06
0.5505 3.62207e-06
0.5515 1.8162e-06
0.5525 6.35682e-07
0.5535 -7.22895e-08
0.5545 -4.64087e-07
0.5555 -6.65026e-07
0.5565 -7.60849e-07
0.5575 -8.03427e-07
0.5585 -8.21068e-07
0.5595 -8.27954e-07
0.5605 -8.30453e-07
0.5615 -8.31504e-07
0.5625 -8.31995e-07
0.5635 -8.33113e-07
0.5645 -8.36338e-07
0.5655 -8.45778e-07
0.5665 -8.71753e-07
0.5675 -9.38699e-07
0.5685 -1.09996e-06
0.5695 -1.4628e-06
0.5705 -2.22371e-06
0.5715 -3.70734e-06
0.5725 -6.38824e-06
0.5735 -1.08586e-05
0.5745 -1.76969e-05
0.5755 -2.65453e-05
0.5765 -3.33837e-05
0.5775 -3.7854e-05
0.5785 -4.05349e-05
0.5795 -4.20185e-05
0.5805 -4.27794e-05
0.5815 -4.31422e-05
0.5825 -4.33036e-05
0.5835 -4.33706e-05
0.5845 -4.33967e-05
0.5855 -4.34058e-05
0.5865 -4.34083e-05
0.5875 -4.34077e-05
0.5885 -4.3404e-05
0.5895 -4.33901e-05
0.5905 -4.33485e-05
0.5915 -4.3234e-05
0.5925 -4.29388e-05
0.5935 -4.22278e-05
0.5945 -4.06281e-05
0.5955 -3.72734e-05
0.5965 -3.07323e-05
0.5975 -1.89127e-05
0.5985 7.96102e-07
0.5995 3.09453e-05
0.6005 6.9956e-05
0.6015 0.000100105
0.6025 0.000119814
0.6035 0.000131634
0.6045 0.000138175
0.6055 0.000141529
0.6065 0.000143129
0.6075 0.00014384
0.6085 0.000144136
0.6095 0.00014425
0.6105 0.000144291
0.6115 0.000144304
0.6125 0.000144305
0.6135 0.000144298
0.6145 0.00014427
0.6155 0.000144186
0.6165 0.000143954
0.6175 0.000143354
0.6185 0.000141911
0.6195 0.000138665
0.6205 0.000131856
0.6215 0.000118581
0.6225 9.45927e-05
0.6235 5.45931e-05
0.6245 -6.59571e-06
0.6255 -8.57691e-05
0.6265 -0.000146958
0.6275 -0.000186958
0.6285 -0.000210946
0.6295 -0.000224221
0.6305 -0.00023103
0.6315 -0.000234276
0.6325 -0.000235719
0.6335 -0.000236319
0.6345 -0.000236551
0.6355 -0.000236635
0.6365 -0.000236661
0.6375 -0.000236669
0.6385 -0.000236668
0.6395 -0.000236651
0.6405 -0.000236598
0.6415 -0.000236452
0.6425 -0.000236076
0.6435 -0.000235172
0.6445 -0.000233136
0.6455 -0.000228867
0.6465 -0.000220544
0.6475 -0.000205504
0.6485 -0.000180426
0.6495 -0.000142062
0.6505 -9.24226e-05
0.6515 -5.40591e-05
0.6525 -2.89805e-05
0.6535 -1.39405e-05
0.6545 -5.61732e-06
0.6555 -1.34848e-06
0.6565 6.87241e-07
0.6575 1.59163e-06
0.6585 1.9665e-06
0.6595 2.11185e-06
0.6605 2.16538e-06
0.6615 2.1869e-06
0.6625 2.19953e-06
0.6635 2.22622e-06
0.6645 2.29897e-06
0.6655 2.51622e-06
0.6665 3.11245e-06
0.6675 4.64959e-06
0.6685 8.35376e-06
0.6695 1.6688e-05
0.6705 3.41654e-05
0.6715 6.82429e-05
0.6725 0.000129821
0.6735 0.0002325
0.6745 0.000389571
0.6755 0.000592809
0.6765 0.00074988
0.6775 0.000852559
0.6785 0.000914137
0.6795 0.000948214
0.6805 0.000965691
0.6815 0.000974026
0.6825 0.000977731
0.6835 0.000979269
0.6845 0.000979868
0.6855 0.000980081
0.6865 0.000980145
0.6875 0.000980143
0.6885 0.000980091
0.6895 0.000979892
0.6905 0.00097929
0.6915 0.00097763
0.6925 0.000973356
0.6935 0.000963059
0.6945 0.000939891
0.6955 0.000891307
0.6965 0.000796577
0.6975 0.000625401
0.6985 0.000339971
0.6995 -9.66609e-05
0.7005 -0.000661628
0.7015 -0.00109826
0.7025 -0.00138369
0.7035 -0.00155487
0.7045 -0.0016496
0.7055 -0.00169818
0.7065 -0.00172135
0.7075 -0.00173165
0.7085 -0.00173592
0.7095 -0.00173758
0.7105 -0.00173817
0.7115 -0.00173838
0.7125 -0.00173844
0.7135 -0.00173847
0.7145 -0.00173849
0.7155 -0.00173849
0.7165 -0.00173851
0.7175 -0.00173856
0.7185 -0.00173867
0.7195 -0.00173894
0.7205 -0.0017395
0.7215 -0.0017406
0.7225 -0.00174258
0.7235 -0.00174588
0.7245 -0.00175093
0.7255 -0.00175746
0.7265 -0.00176251
0.7275 -0.00176582
0.7285 -0.0017678
0.7295 -0.00176889
0.7305 -0.00176945
0.7315 -0.00176972
0.7325 -0.00176984
0.7335 -0.0017699
0.7345 -0.00176992
0.7355 -0.00176992
0.7365 -0.00176989
0.7375 -0.0017698
0.7385 -0.00176955
0.7395 -0.00176879
0.7405 -0.00176651
0.7415 -0.00176023
0.7425 -0.00174406
0.7435 -0.00170508
0.7445 -0.00161738
0.7455 -0.00143346
0.7465 -0.00107486
0.7475 -0.000426874
0.7485 0.000653621
0.7495 0.00230649
0.7505 0.00444517
0.7515 0.00609805
0.7525 0.00717854
0.7535 0.00782653
0.7545 0.00818513
0.7555 0.00836904
0.7565 0.00845674
0.7575 0.00849573
0.7585 0.00851191
0.7595 0.00851817
0.7605 0.00852045
0.7615 0.00852117
0.7625 0.00852143
0.7635 0.00852147
0.7645 0.00852124
0.7655 0.00852046
0.7665 0.00851835
0.7675 0.00851292
0.7685 0.00849987
0.7695 0.00847049
0.7705 0.0084089
0.7715 0.0082888
0.7725 0.00807178
0.7735 0.0077099
0.7745 0.00715632
0.7755 0.00644004
0.7765 0.00588646
0.7775 0.00552459
0.7785 0.00530756
0.7795 0.00518746
0.7805 0.00512586
0.7815 0.00509648
0.7825 0.00508344
0.7835 0.00507804
0.7845 0.00507597
0.7855 0.00507521
0.7865 0.00507485
0.7875 0.00507438
0.7885 0.00507342
0.7895 0.00507065
0.7905 0.00506245
0.7915 0.00503978
0.7925 0.0049813
0.7935 0.00484041
0.7945 0.00452342
0.7955 0.00385865
0.7965 0.00256251
0.7975 0.000220373
0.7985 -0.00368505
0.7995 -0.00965931
0.8005 -0.0173895
0.8015 -0.0233638
0.8025 -0.0272692
0.8035 -0.0296113
0.8045 -0.0309075
0.8055 -0.0315723
0.8065 -0.0318893
0.8075 -0.0320302
0.8085 -0.0320886
0.8095 -0.0321112
0.8105 -0.0321194
0.8115 -0.0321223
0.8125 -0.0321234
0.8135 -0.0321243
0.8145 -0.0321258
0.8155 -0.03213
0.8165 -0.0321416
0.8175 -0.0321717
0.8185 -0.0322441
0.8195 -0.0324071
0.8205 -0.0327488
0.8215 -0.0334152
0.8225 -0.0346193
0.8235 -0.0366271
0.8245 -0.0396986
0.8255 -0.0436727
0.8265 -0.0467442
0.8275 -0.048752
0.8285 -0.0499561
0.8295 -0.0506225
0.8305 -0.0509642
0.8315 -0.0511272
0.8325 -0.0511996
0.8335 -0.0512298
0.8345 -0.0512415
0.8355 -0.0512456
0.8365 -0.0512468
0.8375 -0.0512465
0.8385 -0.0512447
0.8395 -0.0512385
0.8405 -0.0512199
0.8415 -0.0511686
0.8425 -0.0510365
0.8435 -0.0507181
0.8445 -0.0500017
0.8455 -0.0484995
0.8465 -0.0455704
0.8475 -0.0402775
0.8485 -0.0314519
0.8495 -0.0179509
0.8505 -0.000481858
0.8515 0.013019
0.8525 0.0218447
0.8535 0.0271375
0.8545 0.0300666
0.8555 0.0315689
0.8565 0.0322853
0.8575 0.0326037
0.8585 0.0327357
0.8595 0.0327865
0.8605 0.0328048
0.8615 0.0328118
0.8625 0.0328165
0.8635 0.0328227
0.8645 0.0328382
0.8655 0.0328836
0.8665 0.0330096
0.8675 0.0333347
0.8685 0.0341183
0.8695 0.0358814
0.8705 0.0395786
0.8715 0.0467875
0.8725 0.0598138
0.8735 0.0815348
0.8745 0.114762
0.8755 0.157756
0.8765 0.190983
0.8775 0.212704
0.8785 0.22573
0.8795 0.232939
0.8805 0.236636
0.8815 0.238399
0.8825 0.239183
0.8835 0.239508
0.8845 0.239633
0.8855 0.239679
0.8865 0.239695
0.8875 0.239703
0.8885 0.239713
0.8895 0.239733
0.8905 0.239791
0.8915 0.239951
0.8925 0.240366
0.8935 0.241367
0.8945 0.243618
0.8955 0.248339
0.8965 0.257544
0.8975 0.274176
0.8985 0.30191
0.8995 0.344336
0.9005 0.399232
0.9015 0.441658
0.9025 0.469393
0.9035 0.486025
0.9045 0.49523
0.9055 0.499951
0.9065 0.502202
0.9075 0.503202
0.9085 0.503617
0.9095 0.503778
0.9105 0.503836
0.9115 0.503856
0.9125 0.503866
0.9135 0.503875
0.9145 0.503892
0.9155 0.503942
0.9165 0.504079
0.9175 0.504434
0.9185 0.50529
0.9195 0.507217
0.9205 0.511257
0.9215 0.519135
0.9225 0.53337
0.9235 0.557107
0.9245 0.593418
0.9255 0.640401
0.9265 0.676712
0.9275 0.700448
0.9285 0.714683
0.9295 0.722561
0.9305 0.726601
0.9315 0.728528
0.9325 0.729384
0.9335 0.72974
0.9345 0.729877
0.9355 0.729927
0.9365 0.729944
0.9375 0.729951
0.9385 0.729958
0.9395 0.729969
0.9405 0.729999
0.9415 0.730082
0.9425 0.730298
0.9435 0.730819
0.9445 0.73199
0.9455 0.734448
0.9465 0.739239
0.9475 0.747896
0.9485 0.762331
0.9495 0.784414
0.9505 0.812987
0.9515 0.83507
0.9525 0.849506
0.9535 0.858163
0.9545 0.862954
0.9555 0.865411
0.9565 0.866583
0.9575 0.867104
0.9585 0.86732
0.9595 0.867403
0.9605 0.867433
0.9615 0.867444
0.9625 0.867448
0.9635 0.867452
0.9645 0.867459
0.9655 0.867476
0.9665 0.867524
0.9675 0.86765
0.9685 0.867953
0.9695 0.868634
0.9705 0.870063
0.9715 0.872848
0.9725 0.877882
0.9735 0.886275
0.9745 0.899114
0.9755 0.915727
0.9765 0.928566
0.9775 0.936959
0.9785 0.941993
0.9795 0.944778
0.9805 0.946207
0.9815 0.946888
0.9825 0.947191
0.9835 0.947317
0.9845 0.947365
0.9855 0.947383
0.9865 0.947389
0.9875 0.947392
0.9885 0.947395
0.9895 0.9474
0.9905 0.947415
0.9915 0.947457
0.9925 0.947566
0.9935 0.947828
0.9945 0.948417
0.9955 0.949653
0.9965 0.952063
0.9975 0.956418
0.9985 0.96368
0.9995 0.974788
