
# time = 1
0.0005 0.989931
0.0015 0.98978
0.0025 0.98958
0.0035 0.989331
0.0045 0.989032
0.0055 0.988682
0.0065 0.988282
0.0075 0.987831
0.0085 0.987328
0.0095 0.986772
0.0105 0.986161
0.0115 0.985496
0.0125 0.984775
0.0135 0.983997
0.0145 0.983159
0.0155 0.982261
0.0165 0.981302
0.0175 0.980278
0.0185 0.97919
0.0195 0.978034
0.0205 0.976809
0.0215 0.975513
0.0225 0.974143
0.0235 0.972698
0.0245 0.971175
0.0255 0.969572
0.0265 0.967886
0.0275 0.966116
0.0285 0.964257
0.0295 0.962309
0.0305 0.960269
0.0315 0.958133
0.0325 0.955899
0.0335 0.953565
0.0345 0.951128
0.0355 0.948584
0.0365 0.945932
0.0375 0.943169
0.0385 0.940291
0.0395 0.937297
0.0405 0.934183
0.0415 0.930947
0.0425 0.927587
0.0435 0.924099
0.0445 0.920481
0.0455 0.916731
0.0465 0.912846
0.0475 0.908825
0.0485 0.904664
0.0495 0.900362
0.0505 0.895916
0.0515 0.891326
0.0525 0.886588
0.0535 0.881701
0.0545 0.876664
0.0555 0.871475
0.0565 0.866133
0.0575 0.860637
0.0585 0.854986
0.0595 0.849178
0.0605 0.843215
0.0615 0.837094
0.0625 0.830816
0.0635 0.824381
0.0645 0.817788
0.0655 0.811039
0.0665 0.804134
0.0675 0.797073
0.0685 0.789858
0.0695 0.78249
0.0705 0.774971
0.0715 0.767301
0.0725 0.759483
0.0735 0.75152
0.0745 0.743413
0.0755 0.735165
0.0765 0.726779
0.0775 0.718258
0.0785 0.709606
0.0795 0.700826
0.0805 0.691922
0.0815 0.682897
0.0825 0.673757
0.0835 0.664505
0.0845 0.655146
0.0855 0.645685
0.0865 0.636127
0.0875 0.626478
0.0885 0.616742
0.0895 0.606926
0.0905 0.597034
0.0915 0.587074
0.0925 0.577051
0.0935 0.566971
0.0945 0.55684
0.0955 0.546666
0.0965 0.536454
0.0975 0.526211
0.0985 0.515944
0.0995 0.50566
0.1005 0.495365
0.1015 0.485066
0.1025 0.474771
0.1035 0.464486
0.1045 0.454219
0.1055 0.443976
0.1065 0.433765
0.1075 0.423591
0.1085 0.413462
0.1095 0.403385
0.1105 0.393365
0.1115 0.38341
0.1125 0.373525
0.1135 0.363717
0.1145 0.353991
0.1155 0.344354
0.1165 0.334811
0.1175 0.325368
0.1185 0.316031
0.1195 0.306803
0.1205 0.297691
0.1215 0.288699
0.1225 0.279831
0.1235 0.271092
0.1245 0.262487
0.1255 0.254018
0.1265 0.24569
0.1275 0.237505
0.1285 0.229468
0.1295 0.22158
0.1305 0.213845
0.1315 0.206265
0.1325 0.198841
0.1335 0.191577
0.1345 0.184473
0.1355 0.177531
0.1365 0.170751
0.1375 0.164136
0.1385 0.157685
0.1395 0.151399
0.1405 0.145278
0.1415 0.139322
0.1425 0.13353
0.1435 0.127903
0.1445 0.122439
0.1455 0.117138
0.1465 0.111998
0.1475 0.107018
0.1485 0.102197
0.1495 0.0975329
0.1505 0.0930238
0.1515 0.0886678
0.1525 0.0844628
0.1535 0.0804067
0.1545 0.0764968
0.1555 0.0727309
0.1565 0.0691062
0.1575 0.06562
0.1585 0.0622696
0.1595 0.0590519
0.1605 0.0559641
0.1615 0.0530032
0.1625 0.0501659
0.1635 0.0474493
0.1645 0.0448501
0.1655 0.0423651
0.1665 0.039991
0.1675 0.0377247
0.1685 0.0355629
0.1695 0.0335024
0.1705 0.0315398
0.1715 0.0296719
0.1725 0.0278956
0.1735 0.0262076
0.1745 0.0246047
0.1755 0.0230839
0.1765 0.0216421
0.1775 0.0202761
0.1785 0.0189831
0.1795 0.01776
0.1805 0.016604
0.1815 0.0155123
0.1825 0.014482
0.1835 0.0135105
0.1845 0.0125952
0.1855 0.0117334
0.1865 0.0109227
0.1875 0.0101607
0.1885 0.0094449
0.1895 0.00877315
0.1905 0.00814322
0.1915 0.00755297
0.1925 0.00700033
0.1935 0.00648333
0.1945 0.00600005
0.1955 0.00554865
0.1965 0.00512738
0.1975 0.00473454
0.1985 0.0043685
0.1995 0.00402772
0.2005 0.0037107
0.2015 0.00341604
0.2025 0.00314237
0.2035 0.00288841
0.2045 0.00265294
0.2055 0.00243478
0.2065 0.00223284
0.2075 0.00204605
0.2085 0.00187343
0.2095 0.00171403
0.2105 0.00156697
0.2115 0.00143139
0.2125 0.00130652
0.2135 0.00119159
0.2145 0.00108591
0.2155 0.000988811
0.2165 0.000899676
0.2175 0.000817918
0.2185 0.000742992
0.2195 0.000674385
0.2205 0.000611616
0.2215 0.000554239
0.2225 0.000501835
0.2235 0.000454014
0.2245 0.000410413
0.2255 0.000370693
0.2265 0.000334541
0.2275 0.000301665
0.2285 0.000271793
0.2295 0.000244675
0.2305 0.000220079
0.2315 0.000197788
0.2325 0.000177606
0.2335 0.000159349
0.2345 0.000142847
0.2355 0.000127945
0.2365 0.0001145
0.2375 0.00010238
0.2385 9.14646e-05
0.2395 8.16425e-05
0.2405 7.28123e-05
0.2415 6.48808e-05
0.2425 5.77631e-05
0.2435 5.13814e-05
0.2445 4.56647e-05
0.2455 4.05485e-05
0.2465 3.59738e-05
0.2475 3.1887e-05
0.2485 2.82395e-05
0.2495 2.4987e-05
0.2505 2.20894e-05
0.2515 1.95103e-05
0.2525 1.72169e-05
0.2535 1.51795e-05
0.2545 1.3371e-05
0.2555 1.17674e-05
0.2565 1.03466e-05
0.2575 9.08914e-06
0.2585 7.97718e-06
0.2595 6.99484e-06
0.2605 6.12782e-06
0.2615 5.36332e-06
0.2625 4.68985e-06
0.2635 4.09713e-06
0.2645 3.57599e-06
0.2655 3.11822e-06
0.2665 2.71651e-06
0.2675 2.36431e-06
0.2685 2.05584e-06
0.2695 1.78592e-06
0.2705 1.54997e-06
0.2715 1.34391e-06
0.2725 1.16413e-06
0.2735 1.00743e-06
0.2745 8.70985e-07
0.2755 7.52295e-07
0.2765 6.49149e-07
0.2775 5.59602e-07
0.2785 4.81937e-07
0.2795 4.14645e-07
0.2805 3.56399e-07
0.2815 3.06034e-07
0.2825 2.62527e-07
0.2835 2.24982e-07
0.2845 1.92614e-07
0.2855 1.64739e-07
0.2865 1.40758e-07
0.2875 1.20146e-07
0.2885 1.0245e-07
0.2895 8.72719e-08
0.2905 7.42672e-08
0.2915 6.31361e-08
0.2925 5.36186e-08
0.2935 4.54892e-08
0.2945 3.85528e-08
0.2955 3.26404e-08
0.2965 2.76062e-08
0.2975 2.33242e-08
0.2985 1.96859e-08
0.2995 1.65978e-08
0.3005 1.39795e-08
0.3015 1.17618e-08
0.3025 9.88553e-09
0.3035 8.29978e-09
0.3045 6.961e-09
0.3055 5.83196e-09
0.3065 4.88083e-09
0.3075 4.08043e-09
0.3085 3.40763e-09
0.3095 2.84269e-09
0.3105 2.36884e-09
0.3115 1.97183e-09
0.3125 1.63958e-09
0.3135 1.36181e-09
0.3145 1.12986e-09
0.3155 9.3639e-10
0.3165 7.75188e-10
0.3175 6.41027e-10
0.3185 5.29495e-10
0.3195 4.3688e-10
0.3205 3.6006e-10
0.3215 2.96415e-10
0.3225 2.43745e-10
0.3235 2.00207e-10
0.3245 1.64259e-10
0.3255 1.34612e-10
0.3265 1.1019e-10
0.3275 9.0095e-11
0.3285 7.35799e-11
0.3295 6.00228e-11
0.3305 4.89067e-11
0.3315 3.9803e-11
0.3325 3.2356e-11
0.3335 2.62715e-11
0.3345 2.13061e-11
0.3355 1.72588e-11
0.3365 1.39637e-11
0.3375 1.12843e-11
0.3385 9.1082e-12
0.3395 7.34292e-12
0.3405 5.91266e-12
0.3415 4.75524e-12
0.3425 3.81977e-12
0.3435 3.0646e-12
0.3445 2.45572e-12
0.3455 1.96542e-12
0.3465 1.57107e-12
0.3475 1.2543e-12
0.3485 1.00016e-12
0.3495 7.96524e-13
0.3505 6.33558e-13
0.3515 5.03304e-13
0.3525 3.99327e-13
0.3535 3.16432e-13
0.3545 2.50428e-13
0.3555 1.9794e-13
0.3565 1.56253e-13
0.3575 1.23189e-13
0.3585 9.6996e-14
0.3595 7.62742e-14
0.3605 5.99017e-14
0.3615 4.69826e-14
0.3625 3.68018e-14
0.3635 2.87894e-14
0.3645 2.24919e-14
0.3655 1.75487e-14
0.3665 1.36739e-14
0.3675 1.06405e-14
0.3685 8.26895e-15
0.3695 6.4174e-15
0.3705 4.97375e-15
0.3715 3.84966e-15
0.3725 2.9756e-15
0.3735 2.29686e-15
0.3745 1.77053e-15
0.3755 1.36294e-15
0.3765 1.04773e-15
0.3775 8.04317e-16
0.3785 6.16598e-16
0.3795 4.72032e-16
0.3805 3.60857e-16
0.3815 2.7548e-16
0.3825 2.10006e-16
0.3835 1.59868e-16
0.3845 1.21527e-16
0.3855 9.22504e-17
0.3865 6.99263e-17
0.3875 5.29285e-17
0.3885 4.00049e-17
0.3895 3.01931e-17
0.3905 2.27547e-17
0.3915 1.71238e-17
0.3925 1.28675e-17
0.3935 9.65487e-18
0.3945 7.23368e-18
0.3955 5.41163e-18
0.3965 4.0425e-18
0.3975 3.01524e-18
0.3985 2.24565e-18
0.3995 1.66997e-18
0.4005 1.23999e-18
0.4015 9.19318e-19
0.4025 6.80536e-19
0.4035 5.03004e-19
0.4045 3.71213e-19
0.4055 2.73529e-19
0.4065 2.01238e-19
0.4075 1.47823e-19
0.4085 1.08416e-19
0.4095 7.9389e-20
0.4105 5.80421e-20
0.4115 4.2368e-20
0.4125 3.08775e-20
0.4135 2.24674e-20
0.4145 1.63217e-20
0.4155 1.1838e-20
0.4165 8.57213e-21
0.4175 6.19717e-21
0.4185 4.4729e-21
0.4195 3.22309e-21
0.4205 2.31869e-21
0.4215 1.6653e-21
0.4225 1.19405e-21
0.4235 8.54728e-22
0.4245 6.10809e-22
0.4255 4.35766e-22
0.4265 3.10361e-22
0.4275 2.2067e-22
0.4285 1.56632e-22
0.4295 1.10988e-22
0.4305 7.85095e-23
0.4315 5.54397e-23
0.4325 3.90812e-23
0.4335 2.75018e-23
0.4345 1.93197e-23
0.4355 1.35484e-23
0.4365 9.48476e-24
0.4375 6.62872e-24
0.4385 4.62512e-24
0.4395 3.22222e-24
0.4405 2.24191e-24
0.4415 1.55842e-24
0.4425 1.08311e-24
0.4435 7.53623e-25
0.4445 5.26242e-25
0.4455 3.70347e-25
0.4465 2.64607e-25
0.4475 1.94277e-25
0.4485 1.49104e-25
0.4495 1.22161e-25
0.4505 1.08783e-25
0.4515 1.06518e-25
0.4525 1.1278e-25
0.4535 1.26889e-25
0.4545 1.49398e-25
0.4555 1.80963e-25
0.4565 2.22771e-25
0.4575 2.76628e-25
0.4585 3.45064e-25
0.4595 4.31389e-25
0.4605 5.39836e-25
0.4615 6.75751e-25
0.4625 8.45852e-25
0.4635 1.05853e-24
0.4645 1.32426e-24
0.4655 1.65608e-24
0.4665 2.07021e-24
0.4675 2.58683e-24
0.4685 3.23102e-24
0.4695 4.0339e-24
0.4705 5.03415e-24
0.4715 6.27972e-24
0.4725 7.83013e-24
0.4735 9.75913e-24
0.4745 1.21581e-23
0.4755 1.51403e-23
0.4765 1.88459e-23
0.4775 2.34484e-23
0.4785 2.91624e-23
0.4795 3.62531e-23
0.4805 4.50485e-23
0.4815 5.59538e-23
0.4825 6.94691e-23
0.4835 8.62117e-23
0.4845 1.06943e-22
0.4855 1.32604e-22
0.4865 1.6435e-22
0.4875 2.03609e-22
0.4885 2.52136e-22
0.4895 3.12096e-22
0.4905 3.86148e-22
0.4915 4.77564e-22
0.4925 5.90367e-22
0.4935 7.295e-22
0.4945 9.01033e-22
0.4955 1.11242e-21
0.4965 1.37281e-21
0.4975 1.69341e-21
0.4985 2.08799e-21
0.4995 2.5734e-21
0.5005 3.17027e-21
0.5015 3.9039e-21
0.5025 4.80522e-21
0.5035 5.91207e-21
0.5045 7.27074e-21
0.5055 8.93777e-21
0.5065 1.09823e-20
0.5075 1.34886e-20
0.5085 1.65597e-20
0.5095 2.03212e-20
0.5105 2.49264e-20
0.5115 3.05619e-20
0.5125 3.74554e-20
0.5135 4.58837e-20
0.5145 5.61842e-20
0.5155 6.87672e-20
0.5165 8.41318e-20
0.5175 1.02885e-19
0.5185 1.25763e-19
0.5195 1.53661e-19
0.5205 1.87667e-19
0.5215 2.29098e-19
0.5225 2.79555e-19
0.5235 3.40976e-19
0.5245 4.1571e-19
0.5255 5.06604e-19
0.5265 6.17102e-19
0.5275 7.51375e-19
0.5285 9.14464e-19
0.5295 1.11247e-18
0.5305 1.35275e-18
0.5315 1.64422e-18
0.5325 1.99761e-18
0.5335 2.4259e-18
0.5345 2.94473e-18
0.5355 3.57295e-18
0.5365 4.33331e-18
0.5375 5.25318e-18
0.5385 6.36552e-18
0.5395 7.71003e-18
0.5405 9.33443e-18
0.5415 1.12961e-17
0.5425 1.36641e-17
0.5435 1.65212e-17
0.5445 1.99669e-17
0.5455 2.41207e-17
0.5465 2.91259e-17
0.5475 3.51542e-17
0.5485 4.24116e-17
0.5495 5.11447e-17
0.5505 6.1649e-17
0.5515 7.4278e-17
0.5525 8.94547e-17
0.5535 1.07685e-16
0.5545 1.29573e-16
0.5555 1.55842e-16
0.5565 1.87354e-16
0.5575 2.25138e-16
0.5585 2.70423e-16
0.5595 3.24673e-16
0.5605 3.89635e-16
0.5615 4.67387e-16
0.5625 5.60408e-16
0.5635 6.71644e-16
0.5645 8.04605e-16
0.5655 9.63459e-16
0.5665 1.15317e-15
0.5675 1.37962e-15
0.5685 1.6498e-15
0.5695 1.97203e-15
0.5705 2.35615e-15
0.5715 2.81383e-15
0.5725 3.35894e-15
0.5735 4.00786e-15
0.5745 4.78002e-15
0.5755 5.69841e-15
0.5765 6.79024e-15
0.5775 8.08766e-15
0.5785 9.6287e-15
0.5795 1.14583e-14
0.5805 1.36294e-14
0.5815 1.62047e-14
0.5825 1.9258e-14
0.5835 2.28764e-14
0.5845 2.71625e-14
0.5855 3.22373e-14
0.5865 3.82431e-14
0.5875 4.53475e-14
0.5885 5.37477e-14
0.5895 6.36754e-14
0.5905 7.54031e-14
0.5915 8.92507e-14
0.5925 1.05594e-13
0.5935 1.24874e-13
0.5945 1.47609e-13
0.5955 1.74404e-13
0.5965 2.0597e-13
0.5975 2.43141e-13
0.5985 2.8689e-13
0.5995 3.3836e-13
0.6005 3.98884e-13
0.6015 4.70022e-13
0.6025 5.53598e-13
0.6035 6.51741e-13
0.6045 7.66937e-13
0.6055 9.02086e-13
0.6065 1.06057e-12
0.6075 1.24634e-12
0.6085 1.46399e-12
0.6095 1.71886e-12
0.6105 2.0172e-12
0.6115 2.36624e-12
0.6125 2.77443e-12
0.6135 3.25155e-12
0.6145 3.809e-12
0.6155 4.45999e-12
0.6165 5.21987e-12
0.6175 6.10645e-12
0.6185 7.14037e-12
0.6195 8.34554e-12
0.6205 9.7497e-12
0.6215 1.13849e-11
0.6225 1.32883e-11
0.6235 1.55029e-11
0.6245 1.80784e-11
0.6255 2.1072e-11
0.6265 2.45502e-11
0.6275 2.85894e-11
0.6285 3.3278e-11
0.6295 3.87178e-11
0.6305 4.50262e-11
0.6315 5.23385e-11
0.6325 6.08105e-11
0.6335 7.06214e-11
0.6345 8.19775e-11
0.6355 9.51161e-11
0.6365 1.1031e-10
0.6375 1.27872e-10
0.6385 1.48162e-10
0.6395 1.71592e-10
0.6405 1.98636e-10
0.6415 2.29836e-10
0.6425 2.65815e-10
0.6435 3.07285e-10
0.6445 3.5506e-10
0.6455 4.10073e-10
0.6465 4.73392e-10
0.6475 5.46235e-10
0.6485 6.29995e-10
0.6495 7.26263e-10
0.6505 8.36854e-10
0.6515 9.63838e-10
0.6525 1.10958e-09
0.6535 1.27676e-09
0.6545 1.46845e-09
0.6555 1.68814e-09
0.6565 1.93979e-09
0.6575 2.22791e-09
0.6585 2.55765e-09
0.6595 2.93482e-09
0.6605 3.36604e-09
0.6615 3.85882e-09
0.6625 4.42167e-09
0.6635 5.06427e-09
0.6645 5.79754e-09
0.6655 6.63388e-09
0.6665 7.58733e-09
0.6675 8.67374e-09
0.6685 9.91107e-09
0.6695 1.13196e-08
0.6705 1.29223e-08
0.6715 1.47449e-08
0.6725 1.68167e-08
0.6735 1.91706e-08
0.6745 2.18437e-08
0.6755 2.48779e-08
0.6765 2.83202e-08
0.6775 3.22236e-08
0.6785 3.66477e-08
0.6795 4.16596e-08
0.6805 4.73345e-08
0.6815 5.37571e-08
0.6825 6.10223e-08
0.6835 6.92366e-08
0.6845 7.85195e-08
0.6855 8.90048e-08
0.6865 1.00842e-07
0.6875 1.142e-07
0.6885 1.29266e-07
0.6895 1.46251e-07
0.6905 1.65388e-07
0.6915 1.8694e-07
0.6925 2.112e-07
0.6935 2.38496e-07
0.6945 2.6919e-07
0.6955 3.0369e-07
0.6965 3.42449e-07
0.6975 3.85969e-07
0.6985 4.34813e-07
0.6995 4.89603e-07
0.7005 5.51034e-07
0.7015 6.19876e-07
0.7025 6.96985e-07
0.7035 7.8331e-07
0.7045 8.79904e-07
0.7055 9.87936e-07
0.7065 1.1087e-06
0.7075 1.24363e-06
0.7085 1.3943e-06
0.7095 1.56248e-06
0.7105 1.75011e-06
0.7115 1.95931e-06
0.7125 2.19247e-06
0.7135 2.45219e-06
0.7145 2.74136e-06
0.7155 3.06314e-06
0.7165 3.42104e-06
0.7175 3.81891e-06
0.7185 4.26099e-06
0.7195 4.75193e-06
0.7205 5.29688e-06
0.7215 5.90145e-06
0.7225 6.57184e-06
0.7235 7.31483e-06
0.7245 8.13787e-06
0.7255 9.0491e-06
0.7265 1.00575e-05
0.7275 1.11728e-05
0.7285 1.24057e-05
0.7295 1.37679e-05
0.7305 1.52723e-05
0.7315 1.69328e-05
0.7325 1.87647e-05
0.7335 2.07846e-05
0.7345 2.30106e-05
0.7355 2.54626e-05
0.7365 2.81621e-05
0.7375 3.11325e-05
0.7385 3.43993e-05
0.7395 3.79902e-05
0.7405 4.19354e-05
0.7415 4.62675e-05
0.7425 5.10221e-05
0.7435 5.62376e-05
0.7445 6.19557e-05
0.7455 6.82216e-05
0.7465 7.50841e-05
0.7475 8.25962e-05
0.7485 9.0815e-05
0.7495 9.98023e-05
0.7505 0.000109625
0.7515 0.000120355
0.7525 0.000132069
0.7535 0.000144852
0.7545 0.000158794
0.7555 0.000173991
0.7565 0.000190548
0.7575 0.000208577
0.7585 0.000228198
0.7595 0.000249542
0.7605 0.000272745
0.7615 0.000297959
0.7625 0.000325341
0.7635 0.000355062
0.7645 0.000387306
0.7655 0.000422268
0.7665 0.000460155
0.7675 0.000501192
0.7685 0.000545616
0.7695 0.000593681
0.7705 0.000645657
0.7715 0.000701833
0.7725 0.000762514
0.7735 0.000828028
0.7745 0.00089872
0.7755 0.000974959
0.7765 0.00105713
0.7775 0.00114566
0.7785 0.00124098
0.7795 0.00134355
0.7805 0.00145388
0.7815 0.00157247
0.7825 0.00169988
0.7835 0.00183669
0.7845 0.00198351
0.7855 0.00214099
0.7865 0.00230981
0.7875 0.00249069
0.7885 0.00268438
0.7895 0.00289167
0.7905 0.0031134
0.7915 0.00335045
0.7925 0.00360372
0.7935 0.00387419
0.7945 0.00416285
0.7955 0.00447077
0.7965 0.00479903
0.7975 0.0051488
0.7985 0.00552127
0.7995 0.00591769
0.8005 0.00633938
0.8015 0.00678767
0.8025 0.007264
0.8035 0.00776982
0.8045 0.00830667
0.8055 0.00887612
0.8065 0.00947981
0.8075 0.0101194
0.8085 0.0107968
0.8095 0.0115136
0.8105 0.0122718
0.8115 0.0130733
0.8125 0.0139202
0.8135 0.0148144
0.8145 0.015758
0.8155 0.0167533
0.8165 0.0178025
0.8175 0.0189078
0.8185 0.0200716
0.8195 0.0212962
0.8205 0.0225842
0.8215 0.0239379
0.8225 0.02536
0.8235 0.026853
0.8245 0.0284195
0.8255 0.0300622
0.8265 0.0317839
0.8275 0.0335872
0.8285 0.035475
0.8295 0.03745
0.8305 0.039515
0.8315 0.041673
0.8325 0.0439267
0.8335 0.0462789
0.8345 0.0487327
0.8355 0.0512908
0.8365 0.0539562
0.8375 0.0567316
0.8385 0.0596199
0.8395 0.0626238
0.8405 0.0657463
0.8415 0.06899
0.8425 0.0723576
0.8435 0.0758518
0.8445 0.0794751
0.8455 0.08323
0.8465 0.0871191
0.8475 0.0911447
0.8485 0.095309
0.8495 0.0996142
0.8505 0.104063
0.8515 0.108656
0.8525 0.113396
0.8535 0.118285
0.8545 0.123323
0.8555 0.128514
0.8565 0.133857
0.8575 0.139355
0.8585 0.145007
0.8595 0.150815
0.8605 0.15678
0.8615 0.162901
0.8625 0.16918
0.8635 0.175616
0.8645 0.182209
0.8655 0.188958
0.8665 0.195864
0.8675 0.202925
0.8685 0.21014
0.8695 0.217508
0.8705 0.225028
0.8715 0.232698
0.8725 0.240516
0.8735 0.248479
0.8745 0.256586
0.8755 0.264834
0.8765 0.27322
0.8775 0.281741
0.8785 0.290393
0.8795 0.299173
0.8805 0.308078
0.8815 0.317102
0.8825 0.326243
0.8835 0.335495
0.8845 0.344854
0.8855 0.354315
0.8865 0.363872
0.8875 0.373522
0.8885 0.383258
0.8895 0.393074
0.8905 0.402965
0.8915 0.412926
0.8925 0.422949
0.8935 0.433029
0.8945 0.443159
0.8955 0.453334
0.8965 0.463546
0.8975 0.473788
0.8985 0.484055
0.8995 0.49434
0.9005 0.504634
0.9015 0.514933
0.9025 0.525229
0.9035 0.535513
0.9045 0.54578
0.9055 0.556023
0.9065 0.566234
0.9075 0.576408
0.9085 0.586536
0.9095 0.596614
0.9105 0.606633
0.9115 0.616588
0.9125 0.626473
0.9135 0.636281
0.9145 0.646006
0.9155 0.655643
0.9165 0.665185
0.9175 0.674628
0.9185 0.683965
0.9195 0.693192
0.9205 0.702304
0.9215 0.711296
0.9225 0.720163
0.9235 0.7289
0.9245 0.737505
0.9255 0.745973
0.9265 0.754301
0.9275 0.762484
0.9285 0.77052
0.9295 0.778407
0.9305 0.78614
0.9315 0.793719
0.9325 0.801141
0.9335 0.808403
0.9345 0.815505
0.9355 0.822445
0.9365 0.829221
0.9375 0.835834
0.9385 0.842281
0.9395 0.848564
0.9405 0.854681
0.9415 0.860633
0.9425 0.86642
0.9435 0.872042
0.9445 0.8775
0.9455 0.882795
0.9465 0.887928
0.9475 0.892901
0.9485 0.897714
0.9495 0.902369
0.9505 0.906868
0.9515 0.911214
0.9525 0.915407
0.9535 0.919451
0.9545 0.923347
0.9555 0.927098
0.9565 0.930706
0.9575 0.934174
0.9585 0.937505
0.9595 0.940701
0.9605 0.943766
0.9615 0.946702
0.9625 0.949512
0.9635 0.952199
0.9645 0.954766
0.9655 0.957216
0.9665 0.959552
0.9675 0.961778
0.9685 0.963895
0.9695 0.965908
0.9705 0.967818
0.9715 0.96963
0.9725 0.971345
0.9735 0.972968
0.9745 0.9745
0.9755 0.975944
0.9765 0.977304
0.9775 0.978581
0.9785 0.979778
0.9795 0.980898
0.9805 0.981944
0.9815 0.982916
0.9825 0.983819
0.9835 0.984653
0.9845 0.985421
0.9855 0.986124
0.9865 0.986765
0.9875 0.987345
0.9885 0.987866
0.9895 0.988329
0.9905 0.988736
0.9915 0.989088
0.9925 0.989386
0.9935 0.98963
0.9945 0.989823
0.9955 0.989964
0.9965 0.990056
0.9975 0.990097
0.9985 0.990087
0.9995 0.990033
