
# time = 1
0.0005 0.990851
0.0015 0.990851
0.0025 0.990851
0.0035 0.990851
0.0045 0.990851
0.0055 0.990851
0.0065 0.990851
0.0075 0.990851
0.0085 0.990851
0.0095 0.990851
0.0105 0.988123
0.0115 0.988123
0.0125 0.988123
0.0135 0.988123
0.0145 0.988123
0.0155 0.988123
0.0165 0.988123
0.0175 0.988123
0.0185 0.988123
0.0195 0.988123
0.0205 0.979356
0.0215 0.979356
0.0225 0.979356
0.0235 0.979356
0.0245 0.979356
0.0255 0.979356
0.0265 0.979356
0.0275 0.979356
0.0285 0.979356
0.0295 0.979356
0.0305 0.962413
0.0315 0.962413
0.0325 0.962413
0.0335 0.962413
0.0345 0.962413
0.0355 0.962413
0.0365 0.962413
0.0375 0.962413
0.0385 0.962413
0.0395 0.962413
0.0405 0.934436
0.0415 0.934436
0.0425 0.934436
0.0435 0.934436
0.0445 0.934436
0.0455 0.934436
0.0465 0.934436
0.0475 0.934436
0.0485 0.934436
0.0495 0.934436
0.0505 0.892516
0.0515 0.892516
0.0525 0.892516
0.0535 0.892516
0.0545 0.892516
0.0555 0.892516
0.0565 0.892516
0.0575 0.892516
0.0585 0.892516
0.0595 0.892516
0.0605 0.834581
0.0615 0.834581
0.0625 0.834581
0.0635 0.834581
0.0645 0.834581
0.0655 0.834581
0.0665 0.834581
0.0675 0.834581
0.0685 0.834581
0.0695 0.834581
0.0705 0.760281
0.0715 0.760281
0.0725 0.760281
0.0735 0.760281
0.0745 0.760281
0.0755 0.760281
0.0765 0.760281
0.0775 0.760281
0.0785 0.760281
0.0795 0.760281
0.0805 0.671581
0.0815 0.671581
0.0825 0.671581
0.0835 0.671581
0.0845 0.671581
0.0855 0.671581
0.0865 0.671581
0.0875 0.671581
0.0885 0.671581
0.0895 0.671581
0.0905 0.572797
0.0915 0.572797
0.0925 0.572797
0.0935 0.572797
0.0945 0.572797
0.0955 0.572797
0.0965 0.572797
0.0975 0.572797
0.0985 0.572797
0.0995 0.572797
0.1005 0.469982
0.1015 0.469982
0.1025 0.469982
0.1035 0.469982
0.1045 0.469982
0.1055 0.469982
0.1065 0.469982
0.1075 0.469982
0.1085 0.469982
0.1095 0.469982
0.1105 0.369824
0.1115 0.369824
0.1125 0.369824
0.1135 0.369824
0.1145 0.369824
0.1155 0.369824
0.1165 0.369824
0.1175 0.369824
0.1185 0.369824
0.1195 0.369824
0.1205 0.278378
0.1215 0.278378
0.1225 0.278378
0.1235 0.278378
0.1245 0.278378
0.1255 0.278378
0.1265 0.278378
0.1275 0.278378
0.1285 0.278378
0.1295 0.278378
0.1305 0.200037
0.1315 0.200037
0.1325 0.200037
0.1335 0.200037
0.1345 0.200037
0.1355 0.200037
0.1365 0.200037
0.1375 0.200037
0.1385 0.200037
0.1395 0.200037
0.1405 0.136996
0.1415 0.136996
0.1425 0.136996
0.1435 0.136996
0.1445 0.136996
0.1455 0.136996
0.1465 0.136996
0.1475 0.136996
0.1485 0.136996
0.1495 0.136996
0.1505 0.0893011
0.1515 0.0893011
0.1525 0.0893011
0.1535 0.0893011
0.1545 0.0893011
0.1555 0.0893011
0.1565 0.0893011
0.1575 0.0893011
0.1585 0.0893011
0.1595 0.0893011
0.1605 0.055349
0.1615 0.055349
0.1625 0.055349
0.1635 0.055349
0.1645 0.055349
0.1655 0.055349
0.1665 0.055349
0.1675 0.055349
0.1685 0.055349
0.1695 0.055349
0.1705 0.0325915
0.1715 0.0325915
0.1725 0.0325915
0.1735 0.0325915
0.1745 0.0325915
0.1755 0.0325915
0.1765 0.0325915
0.1775 0.0325915
0.1785 0.0325915
0.1795 0.0325915
0.1805 0.01822
0.1815 0.01822
0.1825 0.01822
0.1835 0.01822
0.1845 0.01822
0.1855 0.01822
0.1865 0.01822
0.1875 0.01822
0.1885 0.01822
0.1895 0.01822
0.1905 0.00966483
0.1915 0.00966483
0.1925 0.00966483
0.1935 0.00966483
0.1945 0.00966483
0.1955 0.00966483
0.1965 0.00966483
0.1975 0.00966483
0.1985 0.00966483
0.1995 0.00966483
0.2005 0.00486223
0.2015 0.00486223
0.2025 0.00486223
0.2035 0.00486223
0.2045 0.00486223
0.2055 0.00486223
0.2065 0.00486223
0.2075 0.00486223
0.2085 0.00486223
0.2095 0.00486223
0.2105 0.00231892
0.2115 0.00231892
0.2125 0.00231892
0.2135 0.00231892
0.2145 0.00231892
0.2155 0.00231892
0.2165 0.00231892
0.2175 0.00231892
0.2185 0.00231892
0.2195 0.00231892
0.2205 0.00104802
0.2215 0.00104802
0.2225 0.00104802
0.2235 0.00104802
0.2245 0.00104802
0.2255 0.00104802
0.2265 0.00104802
0.2275 0.00104802
0.2285 0.00104802
0.2295 0.00104802
0.2305 0.000448658
0.2315 0.000448658
0.2325 0.000448658
0.2335 0.000448658
0.2345 0.000448658
0.2355 0.000448658
0.2365 0.000448658
0.2375 0.000448658
0.2385 0.000448658
0.2395 0.000448658
0.2405 0.000181868
0.2415 0.000181868
0.2425 0.000181868
0.2435 0.000181868
0.2445 0.000181868
0.2455 0.000181868
0.2465 0.000181868
0.2475 0.000181868
0.2485 0.000181868
0.2495 0.000181868
0.2505 6.97771e-05
0.2515 6.97771e-05
0.2525 6.97771e-05
0.2535 6.97771e-05
0.2545 6.97771e-05
0.2555 6.97771e-05
0.2565 6.97771e-05
0.2575 6.97771e-05
0.2585 6.97771e-05
0.2595 6.97771e-05
0.2605 2.53276e-05
0.2615 2.53276e-05
0.2625 2.53276e-05
0.2635 2.53276e-05
0.2645 2.53276e-05
0.2655 2.53276e-05
0.2665 2.53276e-05
0.2675 2.53276e-05
0.2685 2.53276e-05
0.2695 2.53276e-05
0.2705 8.69344e-06
0.2715 8.69344e-06
0.2725 8.69344e-06
0.2735 8.69344e-06
0.2745 8.69344e-06
0.2755 8.69344e-06
0.2765 8.69344e-06
0.2775 8.69344e-06
0.2785 8.69344e-06
0.2795 8.69344e-06
0.2805 2.8202e-06
0.2815 2.8202e-06
0.2825 2.8202e-06
0.2835 2.8202e-06
0.2845 2.8202e-06
0.2855 2.8202e-06
0.2865 2.8202e-06
0.2875 2.8202e-06
0.2885 2.8202e-06
0.2895 2.8202e-06
0.2905 8.64181e-07
0.2915 8.64181e-07
0.2925 8.64181e-07
0.2935 8.64181e-07
0.2945 8.64181e-07
0.2955 8.64181e-07
0.2965 8.64181e-07
0.2975 8.64181e-07
0.2985 8.64181e-07
0.2995 8.64181e-07
0.3005 2.4997e-07
0.3015 2.4997e-07
0.3025 2.4997e-07
0.3035 2.4997e-07
0.3045 2.4997e-07
0.3055 2.4997e-07
0.3065 2.4997e-07
0.3075 2.4997e-07
0.3085 2.4997e-07
0.3095 2.4997e-07
0.3105 6.82051e-08
0.3115 6.82051e-08
0.3125 6.82051e-08
0.3135 6.82051e-08
0.3145 6.82051e-08
0.3155 6.82051e-08
0.3165 6.82051e-08
0.3175 6.82051e-08
0.3185 6.82051e-08
0.3195 6.82051e-08
0.3205 1.75406e-08
0.3215 1.75406e-08
0.3225 1.75406e-08
0.3235 1.75406e-08
0.3245 1.75406e-08
0.3255 1.75406e-08
0.3265 1.75406e-08
0.3275 1.75406e-08
0.3285 1.75406e-08
0.3295 1.75406e-08
0.3305 4.248e-09
0.3315 4.248e-09
0.3325 4.248e-09
0.3335 4.248e-09
0.3345 4.248e-09
0.3355 4.248e-09
0.3365 4.248e-09
0.3375 4.248e-09
0.3385 4.248e-09
0.3395 4.248e-09
0.3405 9.67844e-10
0.3415 9.67844e-10
0.3425 9.67844e-10
0.3435 9.67844e-10
0.3445 9.67844e-10
0.3455 9.67844e-10
0.3465 9.67844e-10
0.3475 9.67844e-10
0.3485 9.67844e-10
0.3495 9.67844e-10
0.3505 2.07217e-10
0.3515 2.07217e-10
0.3525 2.07217e-10
0.3535 2.07217e-10
0.3545 2.07217e-10
0.3555 2.07217e-10
0.3565 2.07217e-10
0.3575 2.07217e-10
0.3585 2.07217e-10
0.3595 2.07217e-10
0.3605 4.16396e-11
0.3615 4.16396e-11
0.3625 4.16396e-11
0.3635 4.16396e-11
0.3645 4.16396e-11
0.3655 4.16396e-11
0.3665 4.16396e-11
0.3675 4.16396e-11
0.3685 4.16396e-11
0.3695 4.16396e-11
0.3705 7.84245e-12
0.3715 7.84245e-12
0.3725 7.84245e-12
0.3735 7.84245e-12
0.3745 7.84245e-12
0.3755 7.84245e-12
0.3765 7.84245e-12
0.3775 7.84245e-12
0.3785 7.84245e-12
0.3795 7.84245e-12
0.3805 1.38226e-12
0.3815 1.38226e-12
0.3825 1.38226e-12
0.3835 1.38226e-12
0.3845 1.38226e-12
0.3855 1.38226e-12
0.3865 1.38226e-12
0.3875 1.38226e-12
0.3885 1.38226e-12
0.3895 1.38226e-12
0.3905 2.27599e-13
0.3915 2.27599e-13
0.3925 2.27599e-13
0.3935 2.27599e-13
0.3945 2.27599e-13
0.3955 2.27599e-13
0.3965 2.27599e-13
0.3975 2.27599e-13
0.3985 2.27599e-13
0.3995 2.27599e-13
0.4005 3.49425e-14
0.4015 3.49425e-14
0.4025 3.49425e-14
0.4035 3.49425e-14
0.4045 3.49425e-14
0.4055 3.49425e-14
0.4065 3.49425e-14
0.4075 3.49425e-14
0.4085 3.49425e-14
0.4095 3.49425e-14
0.4105 4.99107e-15
0.4115 4.99107e-15
0.4125 4.99107e-15
0.4135 4.99107e-15
0.4145 4.99107e-15
0.4155 4.99107e-15
0.4165 4.99107e-15
0.4175 4.99107e-15
0.4185 4.99107e-15
0.4195 4.99107e-15
0.4205 6.61642e-16
0.4215 6.61642e-16
0.4225 6.61642e-16
0.4235 6.61642e-16
0.4245 6.61642e-16
0.4255 6.61642e-16
0.4265 6.61642e-16
0.4275 6.61642e-16
0.4285 6.61642e-16
0.4295 6.61642e-16
0.4305 8.11775e-17
0.4315 8.11775e-17
0.4325 8.11775e-17
0.4335 8.11775e-17
0.4345 8.11775e-17
0.4355 8.11775e-17
0.4365 8.11775e-17
0.4375 8.11775e-17
0.4385 8.11775e-17
0.4395 8.11775e-17
0.4405 9.18875e-18
0.4415 9.18875e-18
0.4425 9.18875e-18
0.4435 9.18875e-18
0.4445 9.18875e-18
0.4455 9.18875e-18
0.4465 9.18875e-18
0.4475 9.18875e-18
0.4485 9.18875e-18
0.4495 9.18875e-18
0.4505 9.56124e-19
0.4515 9.56124e-19
0.4525 9.56124e-19
0.4535 9.56124e-19
0.4545 9.56124e-19
0.4555 9.56124e-19
0.4565 9.56124e-19
0.4575 9.56124e-19
0.4585 9.56124e-19
0.4595 9.56124e-19
0.4605 9.10751e-20
0.4615 9.10751e-20
0.4625 9.10751e-20
0.4635 9.10751e-20
0.4645 9.10751e-20
0.4655 9.10751e-20
0.4665 9.10751e-20
0.4675 9.10751e-20
0.4685 9.10751e-20
0.4695 9.10751e-20
0.4705 7.90339e-21
0.4715 7.90339e-21
0.4725 7.90339e-21
0.4735 7.90339e-21
0.4745 7.90339e-21
0.4755 7.90339e-21
0.4765 7.90339e-21
0.4775 7.90339e-21
0.4785 7.90339e-21
0.4795 7.90339e-21
0.4805 6.21293e-22
0.4815 6.21293e-22
0.4825 6.21293e-22
0.4835 6.21293e-22
0.4845 6.21293e-22
0.4855 6.21293e-22
0.4865 6.21293e-22
0.4875 6.21293e-22
0.4885 6.21293e-22
0.4895 6.21293e-22
0.4905 4.3948e-23
0.4915 4.3948e-23
0.4925 4.3948e-23
0.4935 4.3948e-23
0.4945 4.3948e-23
0.4955 4.3948e-23
0.4965 4.3948e-23
0.4975 4.3948e-23
0.4985 4.3948e-23
0.4995 4.3948e-23
0.5005 2.77498e-24
0.5015 2.77498e-24
0.5025 2.77498e-24
0.5035 2.77498e-24
0.5045 2.77498e-24
0.5055 2.77498e-24
0.5065 2.77498e-24
0.5075 2.77498e-24
0.5085 2.77498e-24
0.5095 2.77498e-24
0.5105 1.54593e-25
0.5115 1.54593e-25
0.5125 1.54593e-25
0.5135 1.54593e-25
0.5145 1.54593e-25
0.5155 1.54593e-25
0.5165 1.54593e-25
0.5175 1.54593e-25
0.5185 1.54593e-25
0.5195 1.54593e-25
0.5205 6.58899e-27
0.5215 6.58899e-27
0.5225 6.58899e-27
0.5235 6.58899e-27
0.5245 6.58899e-27
0.5255 6.58899e-27
0.5265 6.58899e-27
0.5275 6.58899e-27
0.5285 6.58899e-27
0.5295 6.58899e-27
0.5305 3.85947e-26
0.5315 3.85947e-26
0.5325 3.85947e-26
0.5335 3.85947e-26
0.5345 3.85947e-26
0.5355 3.85947e-26
0.5365 3.85947e-26
0.5375 3.85947e-26
0.5385 3.85947e-26
0.5395 3.85947e-26
0.5405 -4.28887e-25
0.5415 -4.28887e-25
0.5425 -4.28887e-25
0.5435 -4.28887e-25
0.5445 -4.28887e-25
0.5455 -4.28887e-25
0.5465 -4.28887e-25
0.5475 -4.28887e-25
0.5485 -4.28887e-25
0.5495 -4.28887e-25
0.5505 2.02789e-24
0.5515 2.02789e-24
0.5525 2.02789e-24
0.5535 2.02789e-24
0.5545 2.02789e-24
0.5555 2.02789e-24
0.5565 2.02789e-24
0.5575 2.02789e-24
0.5585 2.02789e-24
0.5595 2.02789e-24
0.5605 1.3774e-23
0.5615 1.3774e-23
0.5625 1.3774e-23
0.5635 1.3774e-23
0.5645 1.3774e-23
0.5655 1.3774e-23
0.5665 1.3774e-23
0.5675 1.3774e-23
0.5685 1.3774e-23
0.5695 1.3774e-23
0.5705 -3.20322e-22
0.5715 -3.20322e-22
0.5725 -3.20322e-22
0.5735 -3.20322e-22
0.5745 -3.20322e-22
0.5755 -3.20322e-22
0.5765 -3.20322e-22
0.5775 -3.20322e-22
0.5785 -3.20322e-22
0.5795 -3.20322e-22
0.5805 1.84497e-21
0.5815 1.84497e-21
0.5825 1.84497e-21
0.5835 1.84497e-21
0.5845 1.84497e-21
0.5855 1.84497e-21
0.5865 1.84497e-21
0.5875 1.84497e-21
0.5885 1.84497e-21
0.5895 1.84497e-21
0.5905 1.21368e-20
0.5915 1.21368e-20
0.5925 1.21368e-20
0.5935 1.21368e-20
0.5945 1.21368e-20
0.5955 1.21368e-20
0.5965 1.21368e-20
0.5975 1.21368e-20
0.5985 1.21368e-20
0.5995 1.21368e-20
0.6005 -2.44223e-19
0.6015 -2.44223e-19
0.6025 -2.44223e-19
0.6035 -2.44223e-19
0.6045 -2.44223e-19
0.6055 -2.44223e-19
0.6065 -2.44223e-19
0.6075 -2.44223e-19
0.6085 -2.44223e-19
0.6095 -2.44223e-19
0.6105 3.89977e-19
0.6115 3.89977e-19
0.6125 3.89977e-19
0.6135 3.89977e-19
0.6145 3.89977e-19
0.6155 3.89977e-19
0.6165 3.89977e-19
0.6175 3.89977e-19
0.6185 3.89977e-19
0.6195 3.89977e-19
0.6205 1.90471e-17
0.6215 1.90471e-17
0.6225 1.90471e-17
0.6235 1.90471e-17
0.6245 1.90471e-17
0.6255 1.90471e-17
0.6265 1.90471e-17
0.6275 1.90471e-17
0.6285 1.90471e-17
0.6295 1.90471e-17
0.6305 -9.17801e-17
0.6315 -9.17801e-17
0.6325 -9.17801e-17
0.6335 -9.17801e-17
0.6345 -9.17801e-17
0.6355 -9.17801e-17
0.6365 -9.17801e-17
0.6375 -9.17801e-17
0.6385 -9.17801e-17
0.6395 -9.17801e-17
0.6405 -1.46983e-15
0.6415 -1.46983e-15
0.6425 -1.46983e-15
0.6435 -1.46983e-15
0.6445 -1.46983e-15
0.6455 -1.46983e-15
0.6465 -1.46983e-15
0.6475 -1.46983e-15
0.6485 -1.46983e-15
0.6495 -1.46983e-15
0.6505 7.81038e-15
0.6515 7.81038e-15
0.6525 7.81038e-15
0.6535 7.81038e-15
0.6545 7.81038e-15
0.6555 7.81038e-15
0.6565 7.81038e-15
0.6575 7.81038e-15
0.6585 7.81038e-15
0.6595 7.81038e-15
0.6605 1.36857e-13
0.6615 1.36857e-13
0.6625 1.36857e-13
0.6635 1.36857e-13
0.6645 1.36857e-13
0.6655 1.36857e-13
0.6665 1.36857e-13
0.6675 1.36857e-13
0.6685 1.36857e-13
0.6695 1.36857e-13
0.6705 -2.03434e-13
0.6715 -2.03434e-13
0.6725 -2.03434e-13
0.6735 -2.03434e-13
0.6745 -2.03434e-13
0.6755 -2.03434e-13
0.6765 -2.03434e-13
0.6775 -2.03434e-13
0.6785 -2.03434e-13
0.6795 -2.03434e-13
0.6805 -1.25774e-11
0.6815 -1.25774e-11
0.6825 -1.25774e-11
0.6835 -1.25774e-11
0.6845 -1.25774e-11
0.6855 -1.25774e-11
0.6865 -1.25774e-11
0.6875 -1.25774e-11
0.6885 -1.25774e-11
0.6895 -1.25774e-11
0.6905 -7.09757e-11
0.6915 -7.09757e-11
0.6925 -7.09757e-11
0.6935 -7.09757e-11
0.6945 -7.09757e-11
0.6955 -7.09757e-11
0.6965 -7.09757e-11
0.6975 -7.09757e-11
0.6985 -7.09757e-11
0.6995 -7.09757e-11
0.7005 4.2082e-10
0.7015 4.2082e-10
0.7025 4.2082e-10
0.7035 4.2082e-10
0.7045 4.2082e-10
0.7055 4.2082e-10
0.7065 4.2082e-10
0.7075 4.2082e-10
0.7085 4.2082e-10
0.7095 4.2082e-10
0.7105 1.05881e-08
0.7115 1.05881e-08
0.7125 1.05881e-08
0.7135 1.05881e-08
0.7145 1.05881e-08
0.7155 1.05881e-08
0.7165 1.05881e-08
0.7175 1.05881e-08
0.7185 1.05881e-08
0.7195 1.05881e-08
0.7205 1.03783e-07
0.7215 1.03783e-07
0.7225 1.03783e-07
0.7235 1.03783e-07
0.7245 1.03783e-07
0.7255 1.03783e-07
0.7265 1.03783e-07
0.7275 1.03783e-07
0.7285 1.03783e-07
0.7295 1.03783e-07
0.7305 7.06365e-07
0.7315 7.06365e-07
0.7325 7.06365e-07
0.7335 7.06365e-07
0.7345 7.06365e-07
0.7355 7.06365e-07
0.7365 7.06365e-07
0.7375 7.06365e-07
0.7385 7.06365e-07
0.7395 7.06365e-07
0.7405 3.78837e-06
0.7415 3.78837e-06
0.7425 3.78837e-06
0.7435 3.78837e-06
0.7445 3.78837e-06
0.7455 3.78837e-06
0.7465 3.78837e-06
0.7475 3.78837e-06
0.7485 3.78837e-06
0.7495 3.78837e-06
0.7505 1.69178e-05
0.7515 1.69178e-05
0.7525 1.69178e-05
0.7535 1.69178e-05
0.7545 1.69178e-05
0.7555 1.69178e-05
0.7565 1.69178e-05
0.7575 1.69178e-05
0.7585 1.69178e-05
0.7595 1.69178e-05
0.7605 6.49005e-05
0.7615 6.49005e-05
0.7625 6.49005e-05
0.7635 6.49005e-05
0.7645 6.49005e-05
0.7655 6.49005e-05
0.7665 6.49005e-05
0.7675 6.49005e-05
0.7685 6.49005e-05
0.7695 6.49005e-05
0.7705 0.000218269
0.7715 0.000218269
0.7725 0.000218269
0.7735 0.000218269
0.7745 0.000218269
0.7755 0.000218269
0.7765 0.000218269
0.7775 0.000218269
0.7785 0.000218269
0.7795 0.000218269
0.7805 0.000652922
0.7815 0.000652922
0.7825 0.000652922
0.7835 0.000652922
0.7845 0.000652922
0.7855 0.000652922
0.7865 0.000652922
0.7875 0.000652922
0.7885 0.000652922
0.7895 0.000652922
0.7905 0.00175643
0.7915 0.00175643
0.7925 0.00175643
0.7935 0.00175643
0.7945 0.00175643
0.7955 0.00175643
0.7965 0.00175643
0.7975 0.00175643
0.7985 0.00175643
0.7995 0.00175643
0.8005 0.00428639
0.8015 0.00428639
0.8025 0.00428639
0.8035 0.00428639
0.8045 0.00428639
0.8055 0.00428639
0.8065 0.00428639
0.8075 0.00428639
0.8085 0.00428639
0.8095 0.00428639
0.8105 0.00955831
0.8115 0.00955831
0.8125 0.00955831
0.8135 0.00955831
0.8145 0.00955831
0.8155 0.00955831
0.8165 0.00955831
0.8175 0.00955831
0.8185 0.00955831
0.8195 0.00955831
0.8205 0.0195963
0.8215 0.0195963
0.8225 0.0195963
0.8235 0.0195963
0.8245 0.0195963
0.8255 0.0195963
0.8265 0.0195963
0.8275 0.0195963
0.8285 0.0195963
0.8295 0.0195963
0.8305 0.0371384
0.8315 0.0371384
0.8325 0.0371384
0.8335 0.0371384
0.8345 0.0371384
0.8355 0.0371384
0.8365 0.0371384
0.8375 0.0371384
0.8385 0.0371384
0.8395 0.0371384
0.8405 0.0653821
0.8415 0.0653821
0.8425 0.0653821
0.8435 0.0653821
0.8445 0.0653821
0.8455 0.0653821
0.8465 0.0653821
0.8475 0.0653821
0.8485 0.0653821
0.8495 0.0653821
0.8505 0.107414
0.8515 0.107414
0.8525 0.107414
0.8535 0.107414
0.8545 0.107414
0.8555 0.107414
0.8565 0.107414
0.8575 0.107414
0.8585 0.107414
0.8595 0.107414
0.8605 0.165394
0.8615 0.165394
0.8625 0.165394
0.8635 0.165394
0.8645 0.165394
0.8655 0.165394
0.8665 0.165394
0.8675 0.165394
0.8685 0.165394
0.8695 0.165394
0.8705 0.23971
0.8715 0.23971
0.8725 0.23971
0.8735 0.23971
0.8745 0.23971
0.8755 0.23971
0.8765 0.23971
0.8775 0.23971
0.8785 0.23971
0.8795 0.23971
0.8805 0.328416
0.8815 0.328416
0.8825 0.328416
0.8835 0.328416
0.8845 0.328416
0.8855 0.328416
0.8865 0.328416
0.8875 0.328416
0.8885 0.328416
0.8895 0.328416
0.8905 0.427202
0.8915 0.427202
0.8925 0.427202
0.8935 0.427202
0.8945 0.427202
0.8955 0.427202
0.8965 0.427202
0.8975 0.427202
0.8985 0.427202
0.8995 0.427202
0.9005 0.530018
0.9015 0.530018
0.9025 0.530018
0.9035 0.530018
0.9045 0.530018
0.9055 0.530018
0.9065 0.530018
0.9075 0.530018
0.9085 0.530018
0.9095 0.530018
0.9105 0.630176
0.9115 0.630176
0.9125 0.630176
0.9135 0.630176
0.9145 0.630176
0.9155 0.630176
0.9165 0.630176
0.9175 0.630176
0.9185 0.630176
0.9195 0.630176
0.9205 0.721622
0.9215 0.721622
0.9225 0.721622
0.9235 0.721622
0.9245 0.721622
0.9255 0.721622
0.9265 0.721622
0.9275 0.721622
0.9285 0.721622
0.9295 0.721622
0.9305 0.799962
0.9315 0.799962
0.9325 0.799962
0.9335 0.799962
0.9345 0.799962
0.9355 0.799962
0.9365 0.799962
0.9375 0.799962
0.9385 0.799962
0.9395 0.799962
0.9405 0.863001
0.9415 0.863001
0.9425 0.863001
0.9435 0.863001
0.9445 0.863001
0.9455 0.863001
0.9465 0.863001
0.9475 0.863001
0.9485 0.863001
0.9495 0.863001
0.9505 0.910682
0.9515 0.910682
0.9525 0.910682
0.9535 0.910682
0.9545 0.910682
0.9555 0.910682
0.9565 0.910682
0.9575 0.910682
0.9585 0.910682
0.9595 0.910682
0.9605 0.944586
0.9615 0.944586
0.9625 0.944586
0.9635 0.944586
0.9645 0.944586
0.9655 0.944586
0.9665 0.944586
0.9675 0.944586
0.9685 0.944586
0.9695 0.944586
0.9705 0.96719
0.9715 0.96719
0.9725 0.96719
0.9735 0.96719
0.9745 0.96719
0.9755 0.96719
0.9765 0.96719
0.9775 0.96719
0.9785 0.96719
0.9795 0.96719
0.9805 0.981127
0.9815 0.981127
0.9825 0.981127
0.9835 0.981127
0.9845 0.981127
0.9855 0.981127
0.9865 0.981127
0.9875 0.981127
0.9885 0.981127
0.9895 0.981127
0.9905 0.988579
0.9915 0.988579
0.9925 0.988579
0.9935 0.988579
0.9945 0.988579
0.9955 0.988579
0.9965 0.988579
0.9975 0.988579
0.9985 0.988579
0.9995 0.988579
