
# time = 1
0.0005 0.990211
0.0015 0.990132
0.0025 0.990005
0.0035 0.989828
0.0045 0.989602
0.0055 0.989326
0.0065 0.988999
0.0075 0.988622
0.0085 0.988193
0.0095 0.987711
0.0105 0.987176
0.0115 0.986586
0.0125 0.98594
0.0135 0.985238
0.0145 0.984477
0.0155 0.983656
0.0165 0.982773
0.0175 0.981827
0.0185 0.980816
0.0195 0.979737
0.0205 0.97859
0.0215 0.977372
0.0225 0.976081
0.0235 0.974714
0.0245 0.973269
0.0255 0.971745
0.0265 0.970138
0.0275 0.968445
0.0285 0.966666
0.0295 0.964796
0.0305 0.962833
0.0315 0.960775
0.0325 0.958618
0.0335 0.956361
0.0345 0.953999
0.0355 0.951531
0.0365 0.948954
0.0375 0.946265
0.0385 0.943461
0.0395 0.940539
0.0405 0.937496
0.0415 0.93433
0.0425 0.931039
0.0435 0.927619
0.0445 0.924068
0.0455 0.920383
0.0465 0.916562
0.0475 0.912602
0.0485 0.908502
0.0495 0.904259
0.0505 0.899871
0.0515 0.895335
0.0525 0.890651
0.0535 0.885816
0.0545 0.880829
0.0555 0.875688
0.0565 0.870392
0.0575 0.86494
0.0585 0.85933
0.0595 0.853563
0.0605 0.847637
0.0615 0.841552
0.0625 0.835308
0.0635 0.828905
0.0645 0.822342
0.0655 0.815621
0.0665 0.808742
0.0675 0.801705
0.0685 0.794512
0.0695 0.787165
0.0705 0.779664
0.0715 0.772011
0.0725 0.764209
0.0735 0.75626
0.0745 0.748165
0.0755 0.739928
0.0765 0.731553
0.0775 0.723041
0.0785 0.714396
0.0795 0.705622
0.0805 0.696724
0.0815 0.687704
0.0825 0.678568
0.0835 0.669319
0.0845 0.659963
0.0855 0.650505
0.0865 0.640949
0.0875 0.631301
0.0885 0.621567
0.0895 0.611752
0.0905 0.601863
0.0915 0.591904
0.0925 0.581882
0.0935 0.571804
0.0945 0.561675
0.0955 0.551503
0.0965 0.541294
0.0975 0.531054
0.0985 0.52079
0.0995 0.510509
0.1005 0.500218
0.1015 0.489924
0.1025 0.479633
0.1035 0.469352
0.1045 0.459088
0.1055 0.448848
0.1065 0.438639
0.1075 0.428467
0.1085 0.41834
0.1095 0.408262
0.1105 0.398242
0.1115 0.388285
0.1125 0.378398
0.1135 0.368587
0.1145 0.358857
0.1155 0.349215
0.1165 0.339666
0.1175 0.330215
0.1185 0.320869
0.1195 0.311632
0.1205 0.302508
0.1215 0.293504
0.1225 0.284622
0.1235 0.275868
0.1245 0.267245
0.1255 0.258758
0.1265 0.250409
0.1275 0.242203
0.1285 0.234141
0.1295 0.226228
0.1305 0.218466
0.1315 0.210856
0.1325 0.203402
0.1335 0.196104
0.1345 0.188965
0.1355 0.181986
0.1365 0.175169
0.1375 0.168512
0.1385 0.162019
0.1395 0.155688
0.1405 0.149521
0.1415 0.143517
0.1425 0.137675
0.1435 0.131996
0.1445 0.126478
0.1455 0.121122
0.1465 0.115925
0.1475 0.110886
0.1485 0.106005
0.1495 0.101279
0.1505 0.0967065
0.1515 0.0922861
0.1525 0.0880154
0.1535 0.0838923
0.1545 0.0799145
0.1555 0.0760795
0.1565 0.0723849
0.1575 0.068828
0.1585 0.0654061
0.1595 0.0621164
0.1605 0.058956
0.1615 0.0559221
0.1625 0.0530115
0.1635 0.0502213
0.1645 0.0475484
0.1655 0.0449897
0.1665 0.0425421
0.1675 0.0402024
0.1685 0.0379674
0.1695 0.035834
0.1705 0.033799
0.1715 0.0318594
0.1725 0.0300118
0.1735 0.0282534
0.1745 0.0265808
0.1755 0.0249912
0.1765 0.0234814
0.1775 0.0220486
0.1785 0.0206897
0.1795 0.0194019
0.1805 0.0181823
0.1815 0.0170283
0.1825 0.015937
0.1835 0.0149057
0.1845 0.013932
0.1855 0.0130133
0.1865 0.012147
0.1875 0.0113308
0.1885 0.0105624
0.1895 0.00983953
0.1905 0.00915993
0.1915 0.00852151
0.1925 0.00792222
0.1935 0.00736008
0.1945 0.00683317
0.1955 0.00633965
0.1965 0.00587775
0.1975 0.00544576
0.1985 0.00504206
0.1995 0.00466506
0.2005 0.00431326
0.2015 0.00398523
0.2025 0.00367959
0.2035 0.00339502
0.2045 0.00313026
0.2055 0.00288414
0.2065 0.0026555
0.2075 0.00244326
0.2085 0.0022464
0.2095 0.00206394
0.2105 0.00189495
0.2115 0.00173857
0.2125 0.00159395
0.2135 0.00146032
0.2145 0.00133693
0.2155 0.00122309
0.2165 0.00111813
0.2175 0.00102145
0.2185 0.00093245
0.2195 0.000850588
0.2205 0.000775349
0.2215 0.00070625
0.2225 0.00064284
0.2235 0.000584694
0.2245 0.000531418
0.2255 0.00048264
0.2265 0.000438017
0.2275 0.000397225
0.2285 0.000359966
0.2295 0.000325959
0.2305 0.000294945
0.2315 0.000266683
0.2325 0.000240948
0.2335 0.000217534
0.2345 0.000196248
0.2355 0.000176911
0.2365 0.000159359
0.2375 0.00014344
0.2385 0.000129013
0.2395 0.000115949
0.2405 0.000104128
0.2415 9.34413e-05
0.2425 8.3787e-05
0.2435 7.50725e-05
0.2445 6.72127e-05
0.2455 6.01293e-05
0.2465 5.37509e-05
0.2475 4.80119e-05
0.2485 4.28524e-05
0.2495 3.82175e-05
0.2505 3.40574e-05
0.2515 3.03264e-05
0.2525 2.6983e-05
0.2535 2.39893e-05
0.2545 2.13109e-05
0.2555 1.89167e-05
0.2565 1.67782e-05
0.2575 1.48696e-05
0.2585 1.31676e-05
0.2595 1.16512e-05
0.2605 1.03012e-05
0.2615 9.10031e-06
0.2625 8.03297e-06
0.2635 7.08512e-06
0.2645 6.24407e-06
0.2655 5.49841e-06
0.2665 4.83788e-06
0.2675 4.25324e-06
0.2685 3.73622e-06
0.2695 3.27936e-06
0.2705 2.87602e-06
0.2715 2.52021e-06
0.2725 2.20662e-06
0.2735 1.93045e-06
0.2745 1.68745e-06
0.2755 1.47382e-06
0.2765 1.28617e-06
0.2775 1.12147e-06
0.2785 9.77055e-07
0.2795 8.50523e-07
0.2805 7.39757e-07
0.2815 6.42876e-07
0.2825 5.58213e-07
0.2835 4.8429e-07
0.2845 4.19802e-07
0.2855 3.63592e-07
0.2865 3.14642e-07
0.2875 2.72049e-07
0.2885 2.35021e-07
0.2895 2.02859e-07
0.2905 1.74948e-07
0.2915 1.50748e-07
0.2925 1.29783e-07
0.2935 1.11637e-07
0.2945 9.59449e-08
0.2955 8.23869e-08
0.2965 7.06831e-08
0.2975 6.0589e-08
0.2985 5.18909e-08
0.2995 4.44025e-08
0.3005 3.79613e-08
0.3015 3.24258e-08
0.3025 2.7673e-08
0.3035 2.35959e-08
0.3045 2.01016e-08
0.3055 1.71095e-08
0.3065 1.45497e-08
0.3075 1.23618e-08
0.3085 1.04935e-08
0.3095 8.8995e-09
0.3105 7.54082e-09
0.3115 6.38378e-09
0.3125 5.39937e-09
0.3135 4.5626e-09
0.3145 3.85198e-09
0.3155 3.24906e-09
0.3165 2.738e-09
0.3175 2.3052e-09
0.3185 1.93902e-09
0.3195 1.62949e-09
0.3205 1.36811e-09
0.3215 1.14758e-09
0.3225 9.61704e-10
0.3235 8.05178e-10
0.3245 6.73495e-10
0.3255 5.62818e-10
0.3265 4.69885e-10
0.3275 3.91925e-10
0.3285 3.26589e-10
0.3295 2.71886e-10
0.3305 2.2613e-10
0.3315 1.87893e-10
0.3325 1.55972e-10
0.3335 1.2935e-10
0.3345 1.07168e-10
0.3355 8.87034e-11
0.3365 7.33491e-11
0.3375 6.05934e-11
0.3385 5.0007e-11
0.3395 4.12298e-11
0.3405 3.39596e-11
0.3415 2.79439e-11
0.3425 2.2971e-11
0.3435 1.88643e-11
0.3445 1.54764e-11
0.3455 1.26843e-11
0.3465 1.03855e-11
0.3475 8.49471e-12
0.3485 6.94118e-12
0.3495 5.66603e-12
0.3505 4.62044e-12
0.3515 3.76396e-12
0.3525 3.06312e-12
0.3535 2.49022e-12
0.3545 2.02239e-12
0.3555 1.64075e-12
0.3565 1.32976e-12
0.3575 1.07659e-12
0.3585 8.70715e-13
0.3595 7.03474e-13
0.3605 5.6776e-13
0.3615 4.57746e-13
0.3625 3.68659e-13
0.3635 2.96597e-13
0.3645 2.38367e-13
0.3655 1.91365e-13
0.3665 1.53466e-13
0.3675 1.22941e-13
0.3685 9.83818e-14
0.3695 7.86434e-14
0.3705 6.27969e-14
0.3715 5.00889e-14
0.3725 3.99089e-14
0.3735 3.1763e-14
0.3745 2.5252e-14
0.3755 2.00535e-14
0.3765 1.59076e-14
0.3775 1.26047e-14
0.3785 9.97649e-15
0.3795 7.88743e-15
0.3805 6.22881e-15
0.3815 4.91342e-15
0.3825 3.87142e-15
0.3835 3.04693e-15
0.3845 2.39529e-15
0.3855 1.88086e-15
0.3865 1.47522e-15
0.3875 1.15572e-15
0.3885 9.04369e-16
0.3895 7.0686e-16
0.3905 5.5184e-16
0.3915 4.30312e-16
0.3925 3.35152e-16
0.3935 2.60727e-16
0.3945 2.02589e-16
0.3955 1.57227e-16
0.3965 1.21876e-16
0.3975 9.43594e-17
0.3985 7.29675e-17
0.3995 5.63569e-17
0.4005 4.34747e-17
0.4015 3.34961e-17
0.4025 2.57762e-17
0.4035 1.98111e-17
0.4045 1.52076e-17
0.4055 1.16593e-17
0.4065 8.92773e-18
0.4075 6.82756e-18
0.4085 5.21486e-18
0.4095 3.97805e-18
0.4105 3.03071e-18
0.4115 2.30603e-18
0.4125 1.75238e-18
0.4135 1.32994e-18
0.4145 1.00803e-18
0.4155 7.63046e-19
0.4165 5.76846e-19
0.4175 4.35511e-19
0.4185 3.28371e-19
0.4195 2.47261e-19
0.4205 1.85938e-19
0.4215 1.39637e-19
0.4225 1.04724e-19
0.4235 7.84344e-20
0.4245 5.86648e-20
0.4255 4.38183e-20
0.4265 3.26842e-20
0.4275 2.43457e-20
0.4285 1.81094e-20
0.4295 1.34519e-20
0.4305 9.9782e-21
0.4315 7.39113e-21
0.4325 5.46708e-21
0.4335 4.03815e-21
0.4345 2.97844e-21
0.4355 2.19367e-21
0.4365 1.61334e-21
0.4375 1.18482e-21
0.4385 8.68842e-22
0.4395 6.36199e-22
0.4405 4.65162e-22
0.4415 3.39602e-22
0.4425 2.47564e-22
0.4435 1.80199e-22
0.4445 1.30967e-22
0.4455 9.50407e-23
0.4465 6.88645e-23
0.4475 4.98211e-23
0.4485 3.59881e-23
0.4495 2.59555e-23
0.4505 1.86905e-23
0.4515 1.34378e-23
0.4525 9.64607e-24
0.4535 6.91322e-24
0.4545 4.94672e-24
0.4555 3.53395e-24
0.4565 2.52064e-24
0.4575 1.79504e-24
0.4585 1.27633e-24
0.4595 9.06172e-25
0.4605 6.42503e-25
0.4615 4.55064e-25
0.4625 3.22119e-25
0.4635 2.28087e-25
0.4645 1.61827e-25
0.4655 1.15394e-25
0.4665 8.31428e-26
0.4675 6.10812e-26
0.4685 4.64128e-26
0.4695 3.72058e-26
0.4705 3.21605e-26
0.4715 3.04461e-26
0.4725 3.15907e-26
0.4735 3.5409e-26
0.4745 4.19602e-26
0.4755 5.15291e-26
0.4765 6.46279e-26
0.4775 8.20152e-26
0.4785 1.04735e-25
0.4795 1.34171e-25
0.4805 1.72131e-25
0.4815 2.20946e-25
0.4825 2.83611e-25
0.4835 3.6396e-25
0.4845 4.6689e-25
0.4855 5.98649e-25
0.4865 7.67203e-25
0.4875 9.82696e-25
0.4885 1.25804e-24
0.4895 1.60964e-24
0.4905 2.05839e-24
0.4915 2.63079e-24
0.4925 3.36051e-24
0.4935 4.29027e-24
0.4945 5.47423e-24
0.4955 6.98106e-24
0.4965 8.89774e-24
0.4975 1.13344e-23
0.4985 1.44303e-23
0.4995 1.83617e-23
0.5005 2.33513e-23
0.5015 2.96803e-23
0.5025 3.77037e-23
0.5035 4.78697e-23
0.5045 6.07431e-23
0.5055 7.70358e-23
0.5065 9.76445e-23
0.5075 1.23698e-22
0.5085 1.56616e-22
0.5095 1.98185e-22
0.5105 2.50649e-22
0.5115 3.16824e-22
0.5125 4.0025e-22
0.5135 5.05364e-22
0.5145 6.37729e-22
0.5155 8.04317e-22
0.5165 1.01386e-21
0.5175 1.27729e-21
0.5185 1.60827e-21
0.5195 2.0239e-21
0.5205 2.54553e-21
0.5215 3.19982e-21
0.5225 4.02007e-21
0.5235 5.04778e-21
0.5245 6.33472e-21
0.5255 7.94536e-21
0.5265 9.95998e-21
0.5275 1.24785e-20
0.5285 1.56253e-20
0.5295 1.95547e-20
0.5305 2.44587e-20
0.5315 3.05756e-20
0.5325 3.82011e-20
0.5335 4.7702e-20
0.5345 5.95328e-20
0.5355 7.42566e-20
0.5365 9.25706e-20
0.5375 1.15337e-19
0.5385 1.43624e-19
0.5395 1.78748e-19
0.5405 2.2234e-19
0.5415 2.76408e-19
0.5425 3.43434e-19
0.5435 4.26477e-19
0.5445 5.29305e-19
0.5455 6.56563e-19
0.5465 8.13964e-19
0.5475 1.00854e-18
0.5485 1.24893e-18
0.5495 1.54577e-18
0.5505 1.9121e-18
0.5515 2.36393e-18
0.5525 2.9209e-18
0.5535 3.6071e-18
0.5545 4.45203e-18
0.5555 5.49183e-18
0.5565 6.77072e-18
0.5575 8.34279e-18
0.5585 1.02742e-17
0.5595 1.26456e-17
0.5605 1.55559e-17
0.5615 1.91252e-17
0.5625 2.35004e-17
0.5635 2.88605e-17
0.5645 3.54235e-17
0.5655 4.34548e-17
0.5665 5.32773e-17
0.5675 6.52838e-17
0.5685 7.99515e-17
0.5695 9.78604e-17
0.5705 1.19714e-16
0.5715 1.46367e-16
0.5725 1.78854e-16
0.5735 2.1843e-16
0.5745 2.66615e-16
0.5755 3.25248e-16
0.5765 3.96555e-16
0.5775 4.83226e-16
0.5785 5.88513e-16
0.5795 7.16341e-16
0.5805 8.71448e-16
0.5815 1.05955e-15
0.5825 1.28754e-15
0.5835 1.56371e-15
0.5845 1.89806e-15
0.5855 2.30263e-15
0.5865 2.79186e-15
0.5875 3.38316e-15
0.5885 4.09741e-15
0.5895 4.95969e-15
0.5905 6.00008e-15
0.5915 7.25467e-15
0.5925 8.7667e-15
0.5935 1.0588e-14
0.5945 1.27805e-14
0.5955 1.54184e-14
0.5965 1.85904e-14
0.5975 2.24025e-14
0.5985 2.69812e-14
0.5995 3.24776e-14
0.6005 3.90719e-14
0.6015 4.6979e-14
0.6025 5.64546e-14
0.6035 6.78036e-14
0.6045 8.13886e-14
0.6055 9.7641e-14
0.6065 1.17073e-13
0.6075 1.40295e-13
0.6085 1.68028e-13
0.6095 2.01132e-13
0.6105 2.40623e-13
0.6115 2.87707e-13
0.6125 3.43811e-13
0.6135 4.10627e-13
0.6145 4.90154e-13
0.6155 5.84756e-13
0.6165 6.97227e-13
0.6175 8.30866e-13
0.6185 9.89565e-13
0.6195 1.17792e-12
0.6205 1.40134e-12
0.6215 1.6662e-12
0.6225 1.98002e-12
0.6235 2.35163e-12
0.6245 2.79141e-12
0.6255 3.31159e-12
0.6265 3.9265e-12
0.6275 4.65299e-12
0.6285 5.51081e-12
0.6295 6.52312e-12
0.6305 7.71706e-12
0.6315 9.12442e-12
0.6325 1.07824e-11
0.6335 1.27345e-11
0.6345 1.50316e-11
0.6355 1.77331e-11
0.6365 2.09084e-11
0.6375 2.46385e-11
0.6385 2.90178e-11
0.6395 3.41562e-11
0.6405 4.01821e-11
0.6415 4.72445e-11
0.6425 5.5517e-11
0.6435 6.52015e-11
0.6445 7.65323e-11
0.6455 8.97819e-11
0.6465 1.05266e-10
0.6475 1.23352e-10
0.6485 1.44463e-10
0.6495 1.69093e-10
0.6505 1.97811e-10
0.6515 2.31277e-10
0.6525 2.70252e-10
0.6535 3.15618e-10
0.6545 3.68392e-10
0.6555 4.29749e-10
0.6565 5.01043e-10
0.6575 5.83837e-10
0.6585 6.79929e-10
0.6595 7.91392e-10
0.6605 9.20609e-10
0.6615 1.07032e-09
0.6625 1.24368e-09
0.6635 1.44431e-09
0.6645 1.67636e-09
0.6655 1.94459e-09
0.6665 2.25448e-09
0.6675 2.61228e-09
0.6685 3.02516e-09
0.6695 3.50133e-09
0.6705 4.05016e-09
0.6715 4.68238e-09
0.6725 5.41025e-09
0.6735 6.24774e-09
0.6745 7.2108e-09
0.6755 8.31764e-09
0.6765 9.58896e-09
0.6775 1.10484e-08
0.6785 1.27227e-08
0.6795 1.46425e-08
0.6805 1.68426e-08
0.6815 1.93623e-08
0.6825 2.22463e-08
0.6835 2.55455e-08
0.6845 2.93175e-08
0.6855 3.36275e-08
0.6865 3.85493e-08
0.6875 4.41666e-08
0.6885 5.05738e-08
0.6895 5.78778e-08
0.6905 6.61994e-08
0.6915 7.56746e-08
0.6925 8.64572e-08
0.6935 9.87204e-08
0.6945 1.12659e-07
0.6955 1.28494e-07
0.6965 1.46471e-07
0.6975 1.66869e-07
0.6985 1.90001e-07
0.6995 2.16217e-07
0.7005 2.45911e-07
0.7015 2.79525e-07
0.7025 3.17554e-07
0.7035 3.60553e-07
0.7045 4.09143e-07
0.7055 4.64018e-07
0.7065 5.25956e-07
0.7075 5.95825e-07
0.7085 6.74594e-07
0.7095 7.63344e-07
0.7105 8.63281e-07
0.7115 9.7575e-07
0.7125 1.10225e-06
0.7135 1.24444e-06
0.7145 1.40418e-06
0.7155 1.58353e-06
0.7165 1.78478e-06
0.7175 2.01046e-06
0.7185 2.2634e-06
0.7195 2.54672e-06
0.7205 2.86388e-06
0.7215 3.21872e-06
0.7225 3.61547e-06
0.7235 4.05884e-06
0.7245 4.55399e-06
0.7255 5.10665e-06
0.7265 5.72314e-06
0.7275 6.41042e-06
0.7285 7.17617e-06
0.7295 8.02884e-06
0.7305 8.97774e-06
0.7315 1.00331e-05
0.7325 1.12062e-05
0.7335 1.25093e-05
0.7345 1.39561e-05
0.7355 1.55613e-05
0.7365 1.73414e-05
0.7375 1.93142e-05
0.7385 2.14992e-05
0.7395 2.39178e-05
0.7405 2.65935e-05
0.7415 2.95517e-05
0.7425 3.28204e-05
0.7435 3.64301e-05
0.7445 4.04137e-05
0.7455 4.48076e-05
0.7465 4.96511e-05
0.7475 5.4987e-05
0.7485 6.08619e-05
0.7495 6.73262e-05
0.7505 7.4435e-05
0.7515 8.22477e-05
0.7525 9.08291e-05
0.7535 0.000100249
0.7545 0.000110583
0.7555 0.000121913
0.7565 0.000134329
0.7575 0.000147924
0.7585 0.000162804
0.7595 0.000179079
0.7605 0.000196869
0.7615 0.000216305
0.7625 0.000237524
0.7635 0.000260678
0.7645 0.000285927
0.7655 0.000313443
0.7665 0.000343414
0.7675 0.000376038
0.7685 0.000411528
0.7695 0.000450114
0.7705 0.000492038
0.7715 0.000537564
0.7725 0.000586971
0.7735 0.000640556
0.7745 0.000698639
0.7755 0.000761558
0.7765 0.000829674
0.7775 0.000903374
0.7785 0.000983065
0.7795 0.00106918
0.7805 0.00116219
0.7815 0.00126257
0.7825 0.00137086
0.7835 0.00148759
0.7845 0.00161335
0.7855 0.00174876
0.7865 0.00189447
0.7875 0.00205116
0.7885 0.00221956
0.7895 0.00240044
0.7905 0.00259461
0.7915 0.0028029
0.7925 0.00302621
0.7935 0.00326548
0.7945 0.0035217
0.7955 0.00379589
0.7965 0.00408913
0.7975 0.00440255
0.7985 0.00473735
0.7995 0.00509476
0.8005 0.00547606
0.8015 0.00588262
0.8025 0.00631582
0.8035 0.00677715
0.8045 0.00726811
0.8055 0.00779029
0.8065 0.00834534
0.8075 0.00893496
0.8085 0.00956091
0.8095 0.010225
0.8105 0.0109292
0.8115 0.0116754
0.8125 0.0124656
0.8135 0.0133019
0.8145 0.0141864
0.8155 0.0151214
0.8165 0.0161091
0.8175 0.0171519
0.8185 0.018252
0.8195 0.019412
0.8205 0.0206344
0.8215 0.0219217
0.8225 0.0232765
0.8235 0.0247014
0.8245 0.0261992
0.8255 0.0277726
0.8265 0.0294243
0.8275 0.0311573
0.8285 0.0329743
0.8295 0.0348782
0.8305 0.036872
0.8315 0.0389586
0.8325 0.0411409
0.8335 0.0434218
0.8345 0.0458044
0.8355 0.0482916
0.8365 0.0508864
0.8375 0.0535917
0.8385 0.0564104
0.8395 0.0593455
0.8405 0.0623998
0.8415 0.0655761
0.8425 0.0688773
0.8435 0.0723061
0.8445 0.0758651
0.8455 0.079557
0.8465 0.0833843
0.8475 0.0873495
0.8485 0.0914549
0.8495 0.0957027
0.8505 0.100095
0.8515 0.104634
0.8525 0.109322
0.8535 0.11416
0.8545 0.11915
0.8555 0.124293
0.8565 0.129591
0.8575 0.135045
0.8585 0.140657
0.8595 0.146425
0.8605 0.152353
0.8615 0.158439
0.8625 0.164684
0.8635 0.171088
0.8645 0.177652
0.8655 0.184374
0.8665 0.191254
0.8675 0.198291
0.8685 0.205484
0.8695 0.212832
0.8705 0.220333
0.8715 0.227986
0.8725 0.235789
0.8735 0.243738
0.8745 0.251833
0.8755 0.26007
0.8765 0.268446
0.8775 0.276958
0.8785 0.285603
0.8795 0.294377
0.8805 0.303276
0.8815 0.312295
0.8825 0.321432
0.8835 0.33068
0.8845 0.340036
0.8855 0.349495
0.8865 0.359051
0.8875 0.368698
0.8885 0.378432
0.8895 0.388247
0.8905 0.398137
0.8915 0.408096
0.8925 0.418118
0.8935 0.428196
0.8945 0.438324
0.8955 0.448497
0.8965 0.458706
0.8975 0.468946
0.8985 0.47921
0.8995 0.48949
0.9005 0.499781
0.9015 0.510076
0.9025 0.520367
0.9035 0.530648
0.9045 0.540911
0.9055 0.551151
0.9065 0.56136
0.9075 0.571532
0.9085 0.58166
0.9095 0.591737
0.9105 0.601757
0.9115 0.611714
0.9125 0.621601
0.9135 0.631412
0.9145 0.641142
0.9155 0.650784
0.9165 0.660332
0.9175 0.669783
0.9185 0.679129
0.9195 0.688366
0.9205 0.697489
0.9215 0.706493
0.9225 0.715374
0.9235 0.724128
0.9245 0.73275
0.9255 0.741237
0.9265 0.749585
0.9275 0.757791
0.9285 0.765851
0.9295 0.773764
0.9305 0.781525
0.9315 0.789134
0.9325 0.796587
0.9335 0.803883
0.9345 0.811021
0.9355 0.817998
0.9365 0.824814
0.9375 0.831468
0.9385 0.83796
0.9395 0.844288
0.9405 0.850452
0.9415 0.856454
0.9425 0.862292
0.9435 0.867968
0.9445 0.873481
0.9455 0.878833
0.9465 0.884026
0.9475 0.889059
0.9485 0.893934
0.9495 0.898654
0.9505 0.903219
0.9515 0.907632
0.9525 0.911894
0.9535 0.916007
0.9545 0.919975
0.9555 0.923799
0.9565 0.927481
0.9575 0.931024
0.9585 0.934431
0.9595 0.937705
0.9605 0.940847
0.9615 0.943862
0.9625 0.946751
0.9635 0.949518
0.9645 0.952166
0.9655 0.954697
0.9665 0.957114
0.9675 0.959422
0.9685 0.961621
0.9695 0.963716
0.9705 0.965709
0.9715 0.967603
0.9725 0.969401
0.9735 0.971106
0.9745 0.972721
0.9755 0.974247
0.9765 0.975689
0.9775 0.977048
0.9785 0.978327
0.9795 0.979529
0.9805 0.980655
0.9815 0.981709
0.9825 0.982692
0.9835 0.983607
0.9845 0.984455
0.9855 0.985238
0.9865 0.985959
0.9875 0.986618
0.9885 0.987218
0.9895 0.98776
0.9905 0.988245
0.9915 0.988676
0.9925 0.989052
0.9935 0.989374
0.9945 0.989645
0.9955 0.989864
0.9965 0.990033
0.9975 0.990152
0.9985 0.990221
0.9995 0.99024
