
# time = 1
0.0005 0.990622
0.0015 1.0058
0.0025 1.01575
0.0035 1.01986
0.0045 1.01983
0.0055 1.01818
0.0065 1.01676
0.0075 1.01619
0.0085 1.01625
0.0095 1.01646
0.0105 1.01659
0.0115 1.0166
0.0125 1.01657
0.0135 1.01654
0.0145 1.01654
0.0155 1.0166
0.0165 1.0167
0.0175 1.01672
0.0185 1.01647
0.0195 1.01584
0.0205 1.0151
0.0215 1.01509
0.0225 1.01692
0.0235 1.02133
0.0245 1.02806
0.0255 1.03574
0.0265 1.04247
0.0275 1.04688
0.0285 1.04871
0.0295 1.04869
0.0305 1.04796
0.0315 1.04733
0.0325 1.04708
0.0335 1.0471
0.0345 1.0472
0.0355 1.04725
0.0365 1.04726
0.0375 1.04726
0.0385 1.04729
0.0395 1.04727
0.0405 1.04713
0.0415 1.04688
0.0425 1.04682
0.0435 1.04748
0.0445 1.04914
0.0455 1.05108
0.0465 1.05111
0.0475 1.04629
0.0485 1.03464
0.0495 1.01685
0.0505 0.996584
0.0515 0.978793
0.0525 0.967139
0.0535 0.962321
0.0545 0.962353
0.0555 0.964289
0.0565 0.965957
0.0575 0.966619
0.0585 0.966559
0.0595 0.966301
0.0605 0.966145
0.0615 0.966135
0.0625 0.96622
0.0635 0.966321
0.0645 0.966283
0.0655 0.965906
0.0665 0.96526
0.0675 0.965105
0.0685 0.966795
0.0695 0.971055
0.0705 0.976003
0.0715 0.976085
0.0725 0.963775
0.0735 0.933998
0.0745 0.888543
0.0755 0.836764
0.0765 0.791308
0.0775 0.761532
0.0785 0.749221
0.0795 0.749303
0.0805 0.754251
0.0815 0.758511
0.0825 0.760202
0.0835 0.760048
0.0845 0.759396
0.0855 0.759011
0.0865 0.758978
0.0875 0.759126
0.0885 0.75928
0.0895 0.759235
0.0905 0.758755
0.0915 0.757937
0.0925 0.757742
0.0935 0.759875
0.0945 0.76525
0.0955 0.771492
0.0965 0.771596
0.0975 0.756064
0.0985 0.718495
0.0995 0.661145
0.1005 0.595816
0.1015 0.538466
0.1025 0.500898
0.1035 0.485366
0.1045 0.48547
0.1055 0.491712
0.1065 0.497087
0.1075 0.49922
0.1085 0.499024
0.1095 0.498206
0.1105 0.497725
0.1115 0.49768
0.1125 0.49784
0.1135 0.497994
0.1145 0.497958
0.1155 0.497538
0.1165 0.496828
0.1175 0.496659
0.1185 0.498505
0.1195 0.503156
0.1205 0.508556
0.1215 0.508646
0.1225 0.495208
0.1235 0.462704
0.1245 0.413085
0.1255 0.356564
0.1265 0.306945
0.1275 0.274441
0.1285 0.261003
0.1295 0.261093
0.1305 0.266494
0.1315 0.271144
0.1325 0.272989
0.1335 0.27282
0.1345 0.272113
0.1355 0.271699
0.1365 0.27166
0.1375 0.271785
0.1385 0.271901
0.1395 0.271878
0.1405 0.271601
0.1415 0.271136
0.1425 0.271025
0.1435 0.272232
0.1445 0.275272
0.1455 0.278803
0.1465 0.278862
0.1475 0.270077
0.1485 0.248828
0.1495 0.216391
0.1505 0.179441
0.1515 0.147004
0.1525 0.125755
0.1535 0.11697
0.1545 0.117029
0.1555 0.12056
0.1565 0.123599
0.1575 0.124806
0.1585 0.124695
0.1595 0.124234
0.1605 0.123964
0.1615 0.123938
0.1625 0.124014
0.1635 0.124082
0.1645 0.124071
0.1655 0.123927
0.1665 0.123685
0.1675 0.123628
0.1685 0.124252
0.1695 0.125825
0.1705 0.127652
0.1715 0.127682
0.1725 0.123137
0.1735 0.112144
0.1745 0.0953614
0.1755 0.0762446
0.1765 0.0594624
0.1775 0.0484688
0.1785 0.0439237
0.1795 0.0439542
0.1805 0.0457808
0.1815 0.0473536
0.1825 0.0479775
0.1835 0.0479204
0.1845 0.0476818
0.1855 0.0475428
0.1865 0.0475288
0.1875 0.0475667
0.1885 0.0475988
0.1895 0.0475947
0.1905 0.0475331
0.1915 0.047431
0.1925 0.0474069
0.1935 0.0476698
0.1945 0.0483313
0.1955 0.0490995
0.1965 0.0491123
0.1975 0.0472008
0.1985 0.0425772
0.1995 0.0355192
0.2005 0.0274793
0.2015 0.0204213
0.2025 0.0157977
0.2035 0.0138862
0.2045 0.013899
0.2055 0.0146673
0.2065 0.0153287
0.2075 0.0155911
0.2085 0.0155671
0.2095 0.0154668
0.2105 0.0154084
0.2115 0.0154025
0.2125 0.0154178
0.2135 0.0154304
0.2145 0.0154292
0.2155 0.0154075
0.2165 0.0153718
0.2175 0.0153634
0.2185 0.0154549
0.2195 0.0156849
0.2205 0.015952
0.2215 0.0159564
0.2225 0.0152918
0.2235 0.0136842
0.2245 0.0112301
0.2255 0.00843464
0.2265 0.00598056
0.2275 0.00437296
0.2285 0.00370833
0.2295 0.00371278
0.2305 0.00397989
0.2315 0.00420987
0.2325 0.00430111
0.2335 0.00429276
0.2345 0.00425791
0.2355 0.00423765
0.2365 0.00423556
0.2375 0.00424073
0.2385 0.00424486
0.2395 0.00424455
0.2405 0.00423815
0.2415 0.00422773
0.2425 0.0042253
0.2435 0.00425188
0.2445 0.00431875
0.2455 0.00439638
0.2465 0.00439766
0.2475 0.00420449
0.2485 0.00373726
0.2495 0.00302399
0.2505 0.00221151
0.2515 0.00149825
0.2525 0.00103101
0.2535 0.000837837
0.2545 0.000839132
0.2555 0.000916767
0.2565 0.000983609
0.2575 0.00101013
0.2585 0.0010077
0.2595 0.000997573
0.2605 0.000991691
0.2615 0.000991082
0.2625 0.000992544
0.2635 0.000993687
0.2645 0.000993626
0.2655 0.000992034
0.2665 0.000989471
0.2675 0.000988877
0.2685 0.000995383
0.2695 0.00101174
0.2705 0.00103074
0.2715 0.00103105
0.2725 0.000983789
0.2735 0.000869475
0.2745 0.000694968
0.2755 0.000496185
0.2765 0.000321678
0.2775 0.000207363
0.2785 0.000160102
0.2795 0.000160419
0.2805 0.000179413
0.2815 0.000195766
0.2825 0.000202254
0.2835 0.00020166
0.2845 0.000199183
0.2855 0.000197746
0.2865 0.000197596
0.2875 0.000197946
0.2885 0.000198214
0.2895 0.000198205
0.2905 0.00019787
0.2915 0.000197336
0.2925 0.000197213
0.2935 0.00019856
0.2945 0.000201945
0.2955 0.000205874
0.2965 0.000205939
0.2975 0.000196161
0.2985 0.000172509
0.2995 0.000136404
0.3005 9.52763e-05
0.3015 5.91711e-05
0.3025 3.55194e-05
0.3035 2.57411e-05
0.3045 2.58066e-05
0.3055 2.97365e-05
0.3065 3.312e-05
0.3075 3.44622e-05
0.3085 3.43393e-05
0.3095 3.38272e-05
0.3105 3.353e-05
0.3115 3.34988e-05
0.3125 3.35699e-05
0.3135 3.36232e-05
0.3145 3.36224e-05
0.3155 3.35627e-05
0.3165 3.3469e-05
0.3175 3.34476e-05
0.3185 3.36823e-05
0.3195 3.42719e-05
0.3205 3.49562e-05
0.3215 3.49675e-05
0.3225 3.32646e-05
0.3235 2.91457e-05
0.3245 2.28579e-05
0.3255 1.56955e-05
0.3265 9.40775e-06
0.3275 5.28881e-06
0.3285 3.58592e-06
0.3295 3.59733e-06
0.3305 4.28172e-06
0.3315 4.87096e-06
0.3325 5.1047e-06
0.3335 5.08329e-06
0.3345 4.99412e-06
0.3355 4.94239e-06
0.3365 4.93694e-06
0.3375 4.9492e-06
0.3385 4.95832e-06
0.3395 4.95826e-06
0.3405 4.94867e-06
0.3415 4.93373e-06
0.3425 4.93033e-06
0.3435 4.96758e-06
0.3445 5.06111e-06
0.3455 5.16965e-06
0.3465 5.17145e-06
0.3475 4.90133e-06
0.3485 4.24798e-06
0.3495 3.25061e-06
0.3505 2.11449e-06
0.3515 1.11712e-06
0.3525 4.63771e-07
0.3535 1.93655e-07
0.3545 1.95465e-07
0.3555 3.04025e-07
0.3565 3.9749e-07
0.3575 4.34561e-07
0.3585 4.31166e-07
0.3595 4.17041e-07
0.3605 4.08871e-07
0.3615 4.07987e-07
0.3625 4.09747e-07
0.3635 4.10916e-07
0.3645 4.11045e-07
0.3655 4.10816e-07
0.3665 4.10681e-07
0.3675 4.10679e-07
0.3685 4.10724e-07
0.3695 4.10775e-07
0.3705 4.1082e-07
0.3715 4.10818e-07
0.3725 4.10699e-07
0.3735 4.1041e-07
0.3745 4.09969e-07
0.3755 4.09467e-07
0.3765 4.09026e-07
0.3775 4.08737e-07
0.3785 4.08618e-07
0.3795 4.08618e-07
0.3805 4.08665e-07
0.3815 4.08709e-07
0.3825 4.08732e-07
0.3835 4.08731e-07
0.3845 4.08694e-07
0.3855 4.08637e-07
0.3865 4.08667e-07
0.3875 4.08944e-07
0.3885 4.09361e-07
0.3895 4.09152e-07
0.3905 4.0722e-07
0.3915 4.03882e-07
0.3925 4.03079e-07
0.3935 4.11842e-07
0.3945 4.33935e-07
0.3955 4.59596e-07
0.3965 4.60024e-07
0.3975 3.96174e-07
0.3985 2.41737e-07
0.3995 5.9813e-09
0.4005 -2.62571e-07
0.4015 -4.98327e-07
0.4025 -6.52765e-07
0.4035 -7.16614e-07
0.4045 -7.16185e-07
0.4055 -6.90522e-07
0.4065 -6.68434e-07
0.4075 -6.59683e-07
0.4085 -6.60486e-07
0.4095 -6.63768e-07
0.4105 -6.656e-07
0.4115 -6.65866e-07
0.4125 -6.65962e-07
0.4135 -6.66457e-07
0.4145 -6.66039e-07
0.4155 -6.62513e-07
0.4165 -6.56356e-07
0.4175 -6.54869e-07
0.4185 -6.71102e-07
0.4195 -7.12043e-07
0.4205 -7.59601e-07
0.4215 -7.60395e-07
0.4225 -6.42065e-07
0.4235 -3.55851e-07
0.4245 8.10661e-08
0.4255 5.78765e-07
0.4265 1.01568e-06
0.4275 1.3019e-06
0.4285 1.42023e-06
0.4295 1.41943e-06
0.4305 1.37187e-06
0.4315 1.33094e-06
0.4325 1.31472e-06
0.4335 1.31621e-06
0.4345 1.32228e-06
0.4355 1.32567e-06
0.4365 1.32617e-06
0.4375 1.32641e-06
0.4385 1.32743e-06
0.4395 1.3266e-06
0.4405 1.3196e-06
0.4415 1.30736e-06
0.4425 1.30441e-06
0.4435 1.33665e-06
0.4445 1.41797e-06
0.4455 1.51243e-06
0.4465 1.51401e-06
0.4475 1.27898e-06
0.4485 7.1049e-07
0.4495 -1.5733e-07
0.4505 -1.14588e-06
0.4515 -2.0137e-06
0.4525 -2.58218e-06
0.4535 -2.81721e-06
0.4545 -2.81563e-06
0.4555 -2.72117e-06
0.4565 -2.63986e-06
0.4575 -2.60765e-06
0.4585 -2.61061e-06
0.4595 -2.62268e-06
0.4605 -2.62941e-06
0.4615 -2.6304e-06
0.4625 -2.63083e-06
0.4635 -2.63277e-06
0.4645 -2.63117e-06
0.4655 -2.61764e-06
0.4665 -2.59402e-06
0.4675 -2.58832e-06
0.4685 -2.65058e-06
0.4695 -2.80761e-06
0.4705 -2.99001e-06
0.4715 -2.99306e-06
0.4725 -2.53921e-06
0.4735 -1.44146e-06
0.4745 2.34315e-07
0.4755 2.14321e-06
0.4765 3.81898e-06
0.4775 4.91673e-06
0.4785 5.37058e-06
0.4795 5.36753e-06
0.4805 5.18512e-06
0.4815 5.02811e-06
0.4825 4.96591e-06
0.4835 4.97161e-06
0.4845 4.99496e-06
0.4855 5.00802e-06
0.4865 5.00989e-06
0.4875 5.01039e-06
0.4885 5.01364e-06
0.4895 5.0108e-06
0.4905 4.987e-06
0.4915 4.9454e-06
0.4925 4.93534e-06
0.4935 5.04505e-06
0.4945 5.32174e-06
0.4955 5.64314e-06
0.4965 5.6485e-06
0.4975 4.84881e-06
0.4985 2.91453e-06
0.4995 -3.82371e-08
0.5005 -3.40177e-06
0.5015 -6.35454e-06
0.5025 -8.28882e-06
0.5035 -9.08852e-06
0.5045 -9.08314e-06
0.5055 -8.76174e-06
0.5065 -8.48507e-06
0.5075 -8.37544e-06
0.5085 -8.38549e-06
0.5095 -8.42677e-06
0.5105 -8.45002e-06
0.5115 -8.45318e-06
0.5125 -8.45282e-06
0.5135 -8.45666e-06
0.5145 -8.45261e-06
0.5155 -8.41937e-06
0.5165 -8.36112e-06
0.5175 -8.34703e-06
0.5185 -8.50081e-06
0.5195 -8.88871e-06
0.5205 -9.33929e-06
0.5215 -9.34681e-06
0.5225 -8.2257e-06
0.5235 -5.51397e-06
0.5245 -1.37441e-06
0.5255 3.34103e-06
0.5265 7.48059e-06
0.5275 1.01923e-05
0.5285 1.13134e-05
0.5295 1.13059e-05
0.5305 1.08553e-05
0.5315 1.04674e-05
0.5325 1.03136e-05
0.5335 1.03277e-05
0.5345 1.0386e-05
0.5355 1.04194e-05
0.5365 1.04234e-05
0.5375 1.0419e-05
0.5385 1.04185e-05
0.5395 1.04157e-05
0.5405 1.03965e-05
0.5415 1.0362e-05
0.5425 1.03536e-05
0.5435 1.04453e-05
0.5445 1.06765e-05
0.5455 1.09452e-05
0.5465 1.09497e-05
0.5475 1.02812e-05
0.5485 8.66436e-06
0.5495 6.19617e-06
0.5505 3.38463e-06
0.5515 9.16439e-07
0.5525 -7.00405e-07
0.5535 -1.36886e-06
0.5545 -1.36441e-06
0.5555 -1.09578e-06
0.5565 -8.64391e-07
0.5575 -7.72387e-07
0.5585 -7.80791e-07
0.5595 -8.16949e-07
0.5605 -8.39286e-07
0.5615 -8.40253e-07
0.5625 -8.24955e-07
0.5635 -8.0558e-07
0.5645 -8.13541e-07
0.5655 -8.90658e-07
0.5665 -1.02334e-06
0.5675 -1.05516e-06
0.5685 -7.07693e-07
0.5695 1.68192e-07
0.5705 1.1855e-06
0.5715 1.20246e-06
0.5725 -1.32881e-06
0.5735 -7.4514e-06
0.5745 -1.67978e-05
0.5755 -2.74444e-05
0.5765 -3.67908e-05
0.5775 -4.29134e-05
0.5785 -4.54447e-05
0.5795 -4.54276e-05
0.5805 -4.44102e-05
0.5815 -4.35347e-05
0.5825 -4.31885e-05
0.5835 -4.32203e-05
0.5845 -4.33474e-05
0.5855 -4.34146e-05
0.5865 -4.34282e-05
0.5875 -4.346e-05
0.5885 -4.35217e-05
0.5895 -4.3484e-05
0.5905 -4.31486e-05
0.5915 -4.25662e-05
0.5925 -4.24259e-05
0.5935 -4.39573e-05
0.5945 -4.78187e-05
0.5955 -5.23039e-05
0.5965 -5.23787e-05
0.5975 -4.12188e-05
0.5985 -1.42254e-05
0.5995 2.69812e-05
0.6005 7.39202e-05
0.6015 0.000115127
0.6025 0.00014212
0.6035 0.00015328
0.6045 0.000153205
0.6055 0.00014872
0.6065 0.000144859
0.6075 0.00014333
0.6085 0.00014347
0.6095 0.000144043
0.6105 0.000144361
0.6115 0.000144409
0.6125 0.000144434
0.6135 0.000144533
0.6145 0.000144454
0.6155 0.000143778
0.6165 0.000142599
0.6175 0.000142314
0.6185 0.000145422
0.6195 0.000153258
0.6205 0.000162361
0.6215 0.000162513
0.6225 0.000139864
0.6235 8.50798e-05
0.6245 1.44967e-06
0.6255 -9.38145e-05
0.6265 -0.000177445
0.6275 -0.000232229
0.6285 -0.000254878
0.6295 -0.000254726
0.6305 -0.000245623
0.6315 -0.000237787
0.6325 -0.00023468
0.6335 -0.000234964
0.6345 -0.000236142
0.6355 -0.000236815
0.6365 -0.000236896
0.6375 -0.00023681
0.6385 -0.000236804
0.6395 -0.000236747
0.6405 -0.000236337
0.6415 -0.000235605
0.6425 -0.000235426
0.6435 -0.000237373
0.6445 -0.000242286
0.6455 -0.000247993
0.6465 -0.000248088
0.6475 -0.000233888
0.6485 -0.00019954
0.6495 -0.000147106
0.6505 -8.73784e-05
0.6515 -3.49448e-05
0.6525 -5.96971e-07
0.6535 1.36036e-05
0.6545 1.3509e-05
0.6555 7.80236e-06
0.6565 2.88663e-06
0.6575 9.31666e-07
0.6585 1.11022e-06
0.6595 1.88043e-06
0.6605 2.3586e-06
0.6615 2.37705e-06
0.6625 2.03317e-06
0.6635 1.59313e-06
0.6645 1.77655e-06
0.6655 3.54689e-06
0.6665 6.59391e-06
0.6675 7.32479e-06
0.6685 -6.5608e-07
0.6695 -2.07743e-05
0.6705 -4.4141e-05
0.6715 -4.45305e-05
0.6725 1.36103e-05
0.6735 0.00015424
0.6745 0.000368919
0.6755 0.000613461
0.6765 0.000828139
0.6775 0.00096877
0.6785 0.00102691
0.6795 0.00102652
0.6805 0.00100315
0.6815 0.000983039
0.6825 0.000975076
0.6835 0.000975807
0.6845 0.000978771
0.6855 0.000980394
0.6865 0.000980662
0.6875 0.000980982
0.6885 0.000981783
0.6895 0.000981226
0.6905 0.000976387
0.6915 0.000967963
0.6925 0.000965931
0.6935 0.000988107
0.6945 0.00104403
0.6955 0.00110898
0.6965 0.00111007
0.6975 0.000948447
0.6985 0.000557519
0.6995 -3.92506e-05
0.7005 -0.000719038
0.7015 -0.00131581
0.7025 -0.00170674
0.7035 -0.00186836
0.7045 -0.00186727
0.7055 -0.00180232
0.7065 -0.00174639
0.7075 -0.00172421
0.7085 -0.00172624
0.7095 -0.0017347
0.7105 -0.00173959
0.7115 -0.00174011
0.7125 -0.00173905
0.7135 -0.00173834
0.7145 -0.00173827
0.7155 -0.00173846
0.7165 -0.00173864
0.7175 -0.00173866
0.7185 -0.00173839
0.7195 -0.00173774
0.7205 -0.00173699
0.7215 -0.00173697
0.7225 -0.00173884
0.7235 -0.00174337
0.7245 -0.00175027
0.7255 -0.00175813
0.7265 -0.00176503
0.7275 -0.00176955
0.7285 -0.00177142
0.7295 -0.0017714
0.7305 -0.00177065
0.7315 -0.00177002
0.7325 -0.00176983
0.7335 -0.00176985
0.7345 -0.00176966
0.7355 -0.0017692
0.7365 -0.0017695
0.7375 -0.00177214
0.7385 -0.00177611
0.7395 -0.00177411
0.7405 -0.00175561
0.7415 -0.00172362
0.7425 -0.00171592
0.7435 -0.00179989
0.7445 -0.00201159
0.7455 -0.00225748
0.7465 -0.00226158
0.7475 -0.00164976
0.7485 -0.000169904
0.7495 0.00208917
0.7505 0.0046625
0.7515 0.00692157
0.7525 0.00840143
0.7535 0.00901325
0.7545 0.00900915
0.7555 0.00876325
0.7565 0.00855156
0.7575 0.00846762
0.7585 0.00847531
0.7595 0.0085072
0.7605 0.00852553
0.7615 0.00852764
0.7625 0.00852454
0.7635 0.00852323
0.7645 0.00852226
0.7655 0.00851658
0.7665 0.00850615
0.7675 0.00850358
0.7685 0.00853163
0.7695 0.00860251
0.7705 0.00868487
0.7715 0.00868625
0.7725 0.00848134
0.7735 0.00798571
0.7745 0.00722911
0.7755 0.00636725
0.7765 0.00561065
0.7775 0.00511502
0.7785 0.00491011
0.7795 0.00491146
0.7805 0.00499379
0.7815 0.00506478
0.7825 0.00509313
0.7835 0.00509055
0.7845 0.00507878
0.7855 0.00507074
0.7865 0.00507113
0.7875 0.00508203
0.7885 0.00509731
0.7895 0.00509018
0.7905 0.00502312
0.7915 0.00490739
0.7925 0.00487959
0.7935 0.00518311
0.7945 0.0059483
0.7955 0.00683706
0.7965 0.00685188
0.7975 0.00464048
0.7985 -0.000708438
0.7995 -0.00887379
0.8005 -0.018175
0.8015 -0.0263404
0.8025 -0.0316893
0.8035 -0.0339007
0.8045 -0.0338859
0.8055 -0.0329972
0.8065 -0.0322319
0.8075 -0.0319283
0.8085 -0.0319561
0.8095 -0.0320723
0.8105 -0.0321401
0.8115 -0.0321468
0.8125 -0.0321275
0.8135 -0.0321105
0.8145 -0.0321132
0.8155 -0.0321494
0.8165 -0.0322099
0.8175 -0.0322242
0.8185 -0.032068
0.8195 -0.0316745
0.8205 -0.0312176
0.8215 -0.03121
0.8225 -0.0323469
0.8235 -0.0350968
0.8245 -0.0392947
0.8255 -0.0440766
0.8265 -0.0482745
0.8275 -0.0510244
0.8285 -0.0521613
0.8295 -0.0521537
0.8305 -0.0516967
0.8315 -0.0513035
0.8325 -0.051148
0.8335 -0.0511623
0.8345 -0.0512193
0.8355 -0.0512495
0.8365 -0.0512557
0.8375 -0.0512699
0.8385 -0.0512975
0.8395 -0.0512806
0.8405 -0.0511304
0.8415 -0.0508696
0.8425 -0.0508068
0.8435 -0.0514925
0.8445 -0.0532217
0.8455 -0.0552302
0.8465 -0.0552637
0.8475 -0.0502663
0.8485 -0.0381785
0.8495 -0.0197261
0.8505 0.0012933
0.8515 0.0197457
0.8525 0.0318334
0.8535 0.0368309
0.8545 0.0367975
0.8555 0.0347891
0.8565 0.0330595
0.8575 0.0323724
0.8585 0.0324352
0.8595 0.0327024
0.8605 0.0328638
0.8615 0.0328742
0.8625 0.0327885
0.8635 0.0326868
0.8645 0.0327246
0.8655 0.0331008
0.8665 0.0337463
0.8675 0.0339009
0.8685 0.0322124
0.8695 0.0279565
0.8705 0.0230135
0.8715 0.0229311
0.8725 0.0352304
0.8735 0.0649796
0.8745 0.110393
0.8755 0.162124
0.8765 0.207538
0.8775 0.237287
0.8785 0.249586
0.8795 0.249504
0.8805 0.244561
0.8815 0.240305
0.8825 0.238615
0.8835 0.23877
0.8845 0.239421
0.8855 0.239806
0.8865 0.239838
0.8875 0.23969
0.8885 0.239535
0.8895 0.23958
0.8905 0.240066
0.8915 0.240893
0.8925 0.24109
0.8935 0.238934
0.8945 0.233499
0.8955 0.227188
0.8965 0.227083
0.8975 0.242787
0.8985 0.280772
0.8995 0.338758
0.9005 0.404811
0.9015 0.462797
0.9025 0.500782
0.9035 0.516486
0.9045 0.516381
0.9055 0.51007
0.9065 0.504635
0.9075 0.502478
0.9085 0.502676
0.9095 0.503503
0.9105 0.50399
0.9115 0.504035
0.9125 0.503874
0.9135 0.503719
0.9145 0.503755
0.9155 0.504175
0.9165 0.504885
0.9175 0.505054
0.9185 0.503208
0.9195 0.498557
0.9205 0.493155
0.9215 0.493065
0.9225 0.506506
0.9235 0.539016
0.9245 0.588643
0.9255 0.645175
0.9265 0.694803
0.9275 0.727313
0.9285 0.740753
0.9295 0.740663
0.9305 0.735262
0.9315 0.730611
0.9325 0.728765
0.9335 0.728934
0.9345 0.729641
0.9355 0.730054
0.9365 0.730094
0.9375 0.729972
0.9385 0.72986
0.9395 0.72988
0.9405 0.730139
0.9415 0.730573
0.9425 0.730676
0.9435 0.729552
0.9445 0.726723
0.9455 0.723438
0.9465 0.723384
0.9475 0.731558
0.9485 0.751329
0.9495 0.781511
0.9505 0.815891
0.9515 0.846073
0.9525 0.865844
0.9535 0.874018
0.9545 0.873963
0.9555 0.870678
0.9565 0.867849
0.9575 0.866727
0.9585 0.86683
0.9595 0.86726
0.9605 0.867511
0.9615 0.867535
0.9625 0.867461
0.9635 0.867395
0.9645 0.867407
0.9655 0.867557
0.9665 0.86781
0.9675 0.867869
0.9685 0.867216
0.9695 0.865572
0.9705 0.863662
0.9715 0.86363
0.9725 0.868382
0.9735 0.879878
0.9745 0.897426
0.9755 0.917415
0.9765 0.934963
0.9775 0.946459
0.9785 0.951211
0.9795 0.951179
0.9805 0.949269
0.9815 0.947625
0.9825 0.946972
0.9835 0.947032
0.9845 0.947282
0.9855 0.94743
0.9865 0.947443
0.9875 0.947394
0.9885 0.947347
0.9895 0.947358
0.9905 0.947487
0.9915 0.947704
0.9925 0.947755
0.9935 0.947191
0.9945 0.945768
0.9955 0.944115
0.9965 0.944088
0.9975 0.9482
0.9985 0.958145
0.9995 0.973328
