
# time = 0.25
0.0005 6.66852e-199
0.0015 -5.995e-196
0.0025 2.66174e-193
0.0035 -7.7807e-191
0.0045 1.68428e-188
0.0055 -2.87933e-186
0.0065 4.04847e-184
0.0075 -4.8145e-182
0.0085 4.94229e-180
0.0095 -4.44794e-178
0.0105 3.55248e-176
0.0115 -2.54273e-174
0.0125 1.64419e-172
0.0135 -9.66927e-171
0.0145 5.20083e-169
0.0155 -2.57086e-167
0.0165 1.17275e-165
0.0175 -4.95455e-164
0.0185 1.94458e-162
0.0195 -7.10971e-161
0.0205 2.42723e-159
0.0215 -7.75367e-158
0.0225 2.32184e-156
0.0235 -6.52795e-155
0.0245 1.7256e-153
0.0255 -4.29382e-152
0.0265 1.00676e-150
0.0275 -2.22616e-149
0.0285 4.64555e-148
0.0295 -9.15375e-147
0.0305 1.70376e-145
0.0315 -2.99617e-144
0.0325 4.97852e-143
0.0335 -7.81566e-142
0.0345 1.15887e-140
0.0355 -1.62217e-139
0.0365 2.14206e-138
0.0375 -2.66563e-137
0.0385 3.12191e-136
0.0395 -3.43501e-135
0.0405 3.54263e-134
0.0415 -3.41429e-133
0.0425 3.06269e-132
0.0435 -2.54297e-131
0.0445 1.93917e-130
0.0455 -1.34219e-129
0.0465 8.2712e-129
0.0475 -4.37795e-128
0.0485 1.82917e-127
0.0495 -4.32078e-127
0.0505 -1.52174e-126
0.0515 2.73437e-125
0.0525 -2.0207e-124
0.0535 9.79923e-124
0.0545 -2.65469e-123
0.0555 -4.58141e-123
0.0565 1.03113e-121
0.0575 -6.51407e-121
0.0585 2.18117e-120
0.0595 8.46174e-122
0.0605 -4.90381e-119
0.0615 3.06469e-118
0.0625 -8.29799e-118
0.0635 -1.34197e-117
0.0645 2.3374e-116
0.0655 -9.78939e-116
0.0665 7.19634e-116
0.0675 1.34309e-114
0.0685 -7.25474e-114
0.0695 9.57355e-114
0.0705 7.25597e-113
0.0715 -4.14668e-112
0.0725 4.35025e-112
0.0735 4.21211e-111
0.0745 -1.8318e-110
0.0755 -3.24221e-111
0.0765 2.32465e-109
0.0775 -4.63796e-109
0.0785 -1.89546e-108
0.0795 8.65558e-108
0.0805 1.10089e-107
0.0815 -1.23287e-106
0.0825 -2.02937e-110
0.0835 1.63395e-105
0.0845 -1.72066e-105
0.0855 -2.00306e-104
0.0865 4.1162e-104
0.0875 2.27348e-103
0.0885 -6.9871e-103
0.0895 -2.47787e-102
0.0905 1.02301e-101
0.0915 2.69683e-101
0.0925 -1.38756e-100
0.0935 -3.00838e-100
0.0945 1.79075e-99
0.0955 3.50743e-99
0.0965 -2.21797e-98
0.0975 -4.32492e-98
0.0985 2.64071e-97
0.0995 5.60702e-97
0.1005 -3.01045e-96
0.1015 -7.47426e-96
0.1025 3.25033e-95
0.1035 9.97183e-95
0.1045 -3.25484e-94
0.1055 -1.30047e-93
0.1065 2.90314e-93
0.1075 1.62686e-92
0.1085 -2.08859e-92
0.1095 -1.92116e-91
0.1105 7.64027e-92
0.1115 2.10721e-90
0.1125 1.00672e-90
0.1135 -2.10264e-89
0.1145 -3.01206e-89
0.1155 1.84446e-88
0.1165 4.89781e-88
0.1175 -1.31943e-87
0.1185 -6.23475e-87
0.1195 5.86673e-87
0.1205 6.64473e-86
0.1215 2.2183e-86
0.1225 -5.94774e-85
0.1235 -9.3128e-85
0.1245 4.26502e-84
0.1255 1.37919e-83
0.1265 -2.01671e-83
0.1275 -1.47483e-82
0.1285 -2.06226e-83
0.1295 1.23503e-81
0.1305 1.85143e-81
0.1315 -7.76835e-81
0.1325 -2.60234e-80
0.1335 2.68536e-80
0.1345 2.46982e-79
0.1355 1.37269e-79
0.1365 -1.74003e-78
0.1375 -3.56147e-78
0.1385 8.16664e-78
0.1395 3.8746e-77
0.1405 -4.55709e-78
0.1415 -2.92392e-76
0.1425 -3.95115e-76
0.1435 1.52552e-75
0.1445 5.05773e-75
0.1455 -3.27783e-75
0.1465 -4.00243e-74
0.1475 -3.66088e-74
0.1485 2.18099e-73
0.1495 5.69049e-73
0.1505 -6.08954e-73
0.1515 -4.6475e-72
0.1525 -2.91233e-72
0.1535 2.56444e-71
0.1545 5.64951e-71
0.1555 -7.84222e-71
0.1565 -4.68833e-70
0.1575 -2.06193e-70
0.1585 2.56841e-69
0.1595 5.02932e-69
0.1605 -8.04313e-69
0.1615 -4.17284e-68
0.1625 -1.36965e-68
0.1635 2.23694e-67
0.1645 4.05748e-67
0.1655 -6.9169e-67
0.1665 -3.31178e-66
0.1675 -9.09957e-67
0.1685 1.71742e-65
0.1695 2.98601e-65
0.1705 -5.11858e-65
0.1715 -2.36156e-64
0.1725 -6.29313e-65
0.1735 1.17362e-63
0.1745 2.01193e-63
0.1755 -3.3088e-63
0.1765 -1.52157e-62
0.1775 -4.45953e-63
0.1785 7.18994e-62
0.1795 1.24353e-61
0.1805 -1.88563e-61
0.1815 -8.89689e-61
0.1825 -3.08115e-61
0.1835 3.97076e-60
0.1845 7.05792e-60
0.1855 -9.52284e-60
0.1865 -4.73752e-59
0.1875 -1.98826e-59
0.1885 1.98549e-58
0.1895 3.68129e-58
0.1905 -4.26932e-58
0.1915 -2.304e-57
0.1925 -1.17104e-57
0.1935 9.02015e-57
0.1945 1.76595e-56
0.1955 -1.69536e-56
0.1965 -1.02584e-55
0.1975 -6.24227e-56
0.1985 3.73344e-55
0.1995 7.79899e-55
0.2005 -5.9136e-55
0.2015 -4.18999e-54
0.2025 -3.00861e-54
0.2035 1.41086e-53
0.2045 3.17476e-53
0.2055 -1.77529e-53
0.2065 -1.57252e-52
0.2075 -1.31395e-52
0.2085 4.87565e-52
0.2095 1.1929e-51
0.2105 -4.35614e-52
0.2115 -5.42963e-51
0.2125 -5.2162e-51
0.2135 1.54245e-50
0.2145 4.14386e-50
0.2155 -7.32738e-51
0.2165 -1.72614e-49
0.2175 -1.88841e-49
0.2185 4.46952e-49
0.2195 1.33305e-48
0.2205 8.44391e-51
0.2215 -5.05375e-48
0.2225 -6.25248e-48
0.2235 1.18628e-47
0.2245 3.97848e-47
0.2255 7.37918e-48
0.2265 -1.36191e-46
0.2275 -1.89778e-46
0.2285 2.88259e-46
0.2295 1.10372e-45
0.2305 3.99705e-46
0.2315 -3.37269e-45
0.2325 -5.28956e-45
0.2335 6.40708e-45
0.2345 2.85215e-44
0.2355 1.53443e-44
0.2365 -7.64971e-44
0.2375 -1.35519e-43
0.2385 1.30139e-43
0.2395 6.88095e-43
0.2405 4.91684e-43
0.2415 -1.57924e-42
0.2425 -3.19173e-42
0.2435 2.41534e-42
0.2445 1.55375e-41
0.2455 1.38748e-41
0.2465 -2.93308e-41
0.2475 -6.90269e-41
0.2485 4.10932e-41
0.2495 3.29308e-40
0.2505 3.53582e-40
0.2515 -4.78715e-40
0.2525 -1.36697e-39
0.2535 6.48823e-40
0.2545 6.57203e-39
0.2555 8.25466e-39
0.2565 -6.49615e-39
0.2575 -2.46507e-38
0.2585 9.82514e-39
0.2595 1.23945e-37
0.2605 1.78192e-37
0.2615 -6.08372e-38
0.2625 -4.00543e-37
0.2635 1.5235e-37
0.2645 2.21763e-36
0.2655 3.58023e-36
0.2665 7.78819e-38
0.2675 -5.74235e-36
0.2685 2.61759e-36
0.2695 3.77965e-35
0.2705 6.7285e-35
0.2715 2.18684e-35
0.2725 -6.92257e-35
0.2735 5.09222e-35
0.2745 6.16075e-34
0.2755 1.18738e-33
0.2765 6.90817e-34
0.2775 -6.04149e-34
0.2785 1.05555e-33
0.2795 9.63678e-33
0.2805 1.97361e-32
0.2815 1.57959e-32
0.2825 -7.29986e-34
0.2835 2.16086e-32
0.2845 1.45023e-31
0.2855 3.09741e-31
0.2865 3.05373e-31
0.2875 1.20585e-31
0.2885 4.17524e-31
0.2895 2.10226e-30
0.2905 4.59867e-30
0.2915 5.25133e-30
0.2925 3.54354e-30
0.2935 7.47739e-30
0.2945 2.93511e-29
0.2955 6.46833e-29
0.2965 8.22166e-29
0.2975 7.15642e-29
0.2985 1.23553e-28
0.2995 3.94156e-28
0.3005 8.62839e-28
0.3015 1.18691e-27
0.3025 1.20494e-27
0.3035 1.88528e-27
0.3045 5.07992e-27
0.3055 1.09229e-26
0.3065 1.59227e-26
0.3075 1.79278e-26
0.3085 2.66362e-26
0.3095 6.26678e-26
0.3105 1.31276e-25
0.3115 1.99513e-25
0.3125 2.41846e-25
0.3135 3.49497e-25
0.3145 7.38017e-25
0.3155 1.49807e-24
0.3165 2.34327e-24
0.3175 2.99895e-24
0.3185 4.27093e-24
0.3195 8.2768e-24
0.3205 1.62314e-23
0.3215 2.58632e-23
0.3225 3.44682e-23
0.3235 4.87297e-23
0.3245 8.82143e-23
0.3255 1.6695e-22
0.3265 2.68767e-22
0.3275 3.69183e-22
0.3285 5.20225e-22
0.3295 8.9205e-22
0.3305 1.62976e-21
0.3315 2.63348e-21
0.3325 3.69895e-21
0.3335 5.20611e-21
0.3345 8.5484e-21
0.3355 1.50953e-20
0.3365 2.43572e-20
0.3375 3.47629e-20
0.3385 4.8915e-20
0.3395 7.75622e-20
0.3405 1.32624e-19
0.3415 2.12836e-19
0.3425 3.07081e-19
0.3435 4.32073e-19
0.3445 6.65942e-19
0.3455 1.10496e-18
0.3465 1.75824e-18
0.3475 2.55377e-18
0.3485 3.59217e-18
0.3495 5.40867e-18
0.3505 8.72801e-18
0.3515 1.37391e-17
0.3525 2.00193e-17
0.3535 2.81365e-17
0.3545 4.15466e-17
0.3555 6.53488e-17
0.3565 1.01596e-16
0.3575 1.48079e-16
0.3585 2.07809e-16
0.3595 3.01818e-16
0.3605 4.63708e-16
0.3615 7.1118e-16
0.3625 1.03437e-15
0.3635 1.44831e-15
0.3645 2.07363e-15
0.3655 3.11802e-15
0.3665 4.71396e-15
0.3675 6.82794e-15
0.3685 9.53103e-15
0.3695 1.34751e-14
0.3705 1.98656e-14
0.3715 2.95933e-14
0.3725 4.26166e-14
0.3735 5.92571e-14
0.3745 8.28334e-14
0.3755 1.19918e-13
0.3765 1.75986e-13
0.3775 2.51621e-13
0.3785 3.48236e-13
0.3795 4.81741e-13
0.3805 6.85817e-13
0.3815 9.91528e-13
0.3825 1.40593e-12
0.3835 1.9352e-12
0.3845 2.6511e-12
0.3855 3.71594e-12
0.3865 5.29324e-12
0.3875 7.43659e-12
0.3885 1.01732e-11
0.3895 1.38076e-11
0.3905 1.90749e-11
0.3915 2.67775e-11
0.3925 3.72474e-11
0.3935 5.06071e-11
0.3945 6.80699e-11
0.3955 9.27678e-11
0.3965 1.28376e-10
0.3975 1.76697e-10
0.3985 2.38291e-10
0.3995 3.17695e-10
0.4005 4.27444e-10
0.4015 5.83295e-10
0.4025 7.94068e-10
0.4035 1.06232e-09
0.4045 1.40393e-09
0.4055 1.86604e-09
0.4065 2.51191e-09
0.4075 3.38106e-09
0.4085 4.48483e-09
0.4095 5.87525e-09
0.4105 7.71858e-09
0.4115 1.0253e-08
0.4125 1.36417e-08
0.4135 1.79334e-08
0.4145 2.32865e-08
0.4155 3.02511e-08
0.4165 3.96675e-08
0.4175 5.21625e-08
0.4185 6.79316e-08
0.4195 8.74249e-08
0.4205 1.12344e-07
0.4215 1.4547e-07
0.4225 1.89041e-07
0.4235 2.43802e-07
0.4245 3.10931e-07
0.4255 3.95346e-07
0.4265 5.05673e-07
0.4275 6.49374e-07
0.4285 8.29107e-07
0.4295 1.0477e-06
0.4305 1.31838e-06
0.4315 1.66623e-06
0.4325 2.11447e-06
0.4335 2.67201e-06
0.4345 3.34498e-06
0.4355 4.16638e-06
0.4365 5.20441e-06
0.4375 6.52675e-06
0.4385 8.1613e-06
0.4395 1.01198e-05
0.4405 1.24781e-05
0.4415 1.54095e-05
0.4425 1.90986e-05
0.4435 2.36272e-05
0.4445 2.90142e-05
0.4455 3.54184e-05
0.4465 4.3251e-05
0.4475 5.29827e-05
0.4485 6.48383e-05
0.4495 7.88397e-05
0.4505 9.5285e-05
0.4515 0.000115082
0.4525 0.000139352
0.4535 0.000168676
0.4545 0.000203056
0.4555 0.000242976
0.4565 0.000290291
0.4575 0.000347507
0.4585 0.000416018
0.4595 0.000495752
0.4605 0.000587324
0.4615 0.000694232
0.4625 0.000821697
0.4635 0.000972866
0.4645 0.00114747
0.4655 0.0013459
0.4665 0.00157418
0.4675 0.00184246
0.4685 0.00215738
0.4695 0.0025183
0.4705 0.00292434
0.4715 0.00338481
0.4725 0.00391809
0.4735 0.00453733
0.4745 0.00524128
0.4755 0.00602549
0.4765 0.00690258
0.4775 0.00790337
0.4785 0.00905224
0.4795 0.0103473
0.4805 0.0117762
0.4815 0.013353
0.4825 0.0151254
0.4835 0.0171358
0.4845 0.019382
0.4855 0.0218373
0.4865 0.0245113
0.4875 0.0274722
0.4885 0.0307885
0.4895 0.0344599
0.4905 0.0384358
0.4915 0.0427112
0.4925 0.0473745
0.4935 0.0525294
0.4945 0.058181
0.4955 0.0642449
0.4965 0.0706856
0.4975 0.0776057
0.4985 0.0851515
0.4995 0.0933404
0.5005 0.102046
0.5015 0.111181
0.5025 0.120851
0.5035 0.131246
0.5045 0.142407
0.5055 0.154161
0.5065 0.166352
0.5075 0.179065
0.5085 0.192534
0.5095 0.206832
0.5105 0.221747
0.5115 0.237041
0.5125 0.252756
0.5135 0.269156
0.5145 0.286357
0.5155 0.304129
0.5165 0.322149
0.5175 0.340395
0.5185 0.359144
0.5195 0.378564
0.5205 0.398427
0.5215 0.418347
0.5225 0.438228
0.5235 0.458335
0.5245 0.478886
0.5255 0.49969
0.5265 0.520327
0.5275 0.540632
0.5285 0.560839
0.5295 0.581203
0.5305 0.601596
0.5315 0.62161
0.5325 0.641026
0.5335 0.660032
0.5345 0.678904
0.5355 0.697589
0.5365 0.715732
0.5375 0.733091
0.5385 0.749801
0.5395 0.766135
0.5405 0.782115
0.5415 0.797465
0.5425 0.811955
0.5435 0.825666
0.5445 0.838851
0.5455 0.851587
0.5465 0.863688
0.5475 0.87496
0.5485 0.885445
0.5495 0.895353
0.5505 0.904795
0.5515 0.913667
0.5525 0.921825
0.5535 0.929283
0.5545 0.936203
0.5555 0.9427
0.5565 0.948738
0.5575 0.954218
0.5585 0.959142
0.5595 0.963624
0.5605 0.967766
0.5615 0.97157
0.5625 0.974979
0.5635 0.977991
0.5645 0.980677
0.5655 0.983117
0.5665 0.985329
0.5675 0.987289
0.5685 0.98899
0.5695 0.990475
0.5705 0.991799
0.5715 0.992984
0.5725 0.994021
0.5735 0.994906
0.5745 0.995662
0.5755 0.996322
0.5765 0.996904
0.5775 0.997407
0.5785 0.99783
0.5795 0.998183
0.5805 0.998484
0.5815 0.998745
0.5825 0.998968
0.5835 0.999153
0.5845 0.999303
0.5855 0.999429
0.5865 0.999535
0.5875 0.999625
0.5885 0.999699
0.5895 0.999757
0.5905 0.999804
0.5915 0.999844
0.5925 0.999877
0.5935 0.999903
0.5945 0.999923
0.5955 0.99994
0.5965 0.999953
0.5975 0.999963
0.5985 0.999972
0.5995 0.999978
0.6005 0.999983
0.6015 0.999987
0.6025 0.99999
0.6035 0.999993
0.6045 0.999995
0.6055 0.999996
0.6065 0.999997
0.6075 0.999998
0.6085 0.999998
0.6095 0.999999
0.6105 0.999999
0.6115 0.999999
0.6125 1
0.6135 1
0.6145 1
0.6155 1
0.6165 1
0.6175 1
0.6185 1
0.6195 1
0.6205 1
0.6215 1
0.6225 1
0.6235 1
0.6245 1
0.6255 1
0.6265 0.999999
0.6275 0.999999
0.6285 0.999999
0.6295 0.999999
0.6305 0.999999
0.6315 0.999998
0.6325 0.999998
0.6335 0.999997
0.6345 0.999997
0.6355 0.999996
0.6365 0.999995
0.6375 0.999993
0.6385 0.999992
0.6395 0.99999
0.6405 0.999988
0.6415 0.999985
0.6425 0.999981
0.6435 0.999976
0.6445 0.999971
0.6455 0.999965
0.6465 0.999957
0.6475 0.999947
0.6485 0.999935
0.6495 0.999921
0.6505 0.999905
0.6515 0.999885
0.6525 0.999861
0.6535 0.999831
0.6545 0.999797
0.6555 0.999757
0.6565 0.99971
0.6575 0.999652
0.6585 0.999584
0.6595 0.999504
0.6605 0.999413
0.6615 0.999306
0.6625 0.999178
0.6635 0.999027
0.6645 0.998853
0.6655 0.998654
0.6665 0.998426
0.6675 0.998158
0.6685 0.997843
0.6695 0.997482
0.6705 0.997076
0.6715 0.996615
0.6725 0.996082
0.6735 0.995463
0.6745 0.994759
0.6755 0.993975
0.6765 0.993097
0.6775 0.992097
0.6785 0.990948
0.6795 0.989653
0.6805 0.988224
0.6815 0.986647
0.6825 0.984875
0.6835 0.982864
0.6845 0.980618
0.6855 0.978163
0.6865 0.975489
0.6875 0.972528
0.6885 0.969211
0.6895 0.96554
0.6905 0.961564
0.6915 0.957289
0.6925 0.952626
0.6935 0.947471
0.6945 0.941819
0.6955 0.935755
0.6965 0.929314
0.6975 0.922394
0.6985 0.914848
0.6995 0.90666
0.7005 0.897954
0.7015 0.888819
0.7025 0.879149
0.7035 0.868754
0.7045 0.857593
0.7055 0.845839
0.7065 0.833648
0.7075 0.820935
0.7085 0.807466
0.7095 0.793168
0.7105 0.778253
0.7115 0.762959
0.7125 0.747244
0.7135 0.730844
0.7145 0.713643
0.7155 0.695871
0.7165 0.677851
0.7175 0.659605
0.7185 0.640856
0.7195 0.621436
0.7205 0.601573
0.7215 0.581653
0.7225 0.561772
0.7235 0.541665
0.7245 0.521114
0.7255 0.50031
0.7265 0.479673
0.7275 0.459368
0.7285 0.439161
0.7295 0.418797
0.7305 0.398404
0.7315 0.37839
0.7325 0.358974
0.7335 0.339968
0.7345 0.321096
0.7355 0.302411
0.7365 0.284268
0.7375 0.266909
0.7385 0.250199
0.7395 0.233865
0.7405 0.217885
0.7415 0.202535
0.7425 0.188045
0.7435 0.174334
0.7445 0.161149
0.7455 0.148413
0.7465 0.136312
0.7475 0.12504
0.7485 0.114555
0.7495 0.104647
0.7505 0.0952053
0.7515 0.0863329
0.7525 0.0781754
0.7535 0.0707174
0.7545 0.0637974
0.7555 0.0572997
0.7565 0.0512625
0.7575 0.0457822
0.7585 0.0408579
0.7595 0.036376
0.7605 0.0322336
0.7615 0.0284302
0.7625 0.0250206
0.7635 0.0220093
0.7645 0.0193234
0.7655 0.0168833
0.7665 0.0146707
0.7675 0.0127115
0.7685 0.0110105
0.7695 0.00952501
0.7705 0.0082007
0.7715 0.00701576
0.7725 0.00597911
0.7735 0.00509417
0.7745 0.00433821
0.7755 0.00367806
0.7765 0.0030959
0.7775 0.00259265
0.7785 0.00217005
0.7795 0.00181723
0.7805 0.00151608
0.7815 0.00125474
0.7825 0.0010315
0.7835 0.000846986
0.7845 0.000696536
0.7855 0.00057133
0.7865 0.00046463
0.7875 0.000374574
0.7885 0.000301251
0.7895 0.000242891
0.7905 0.000195673
0.7915 0.000156266
0.7925 0.000123417
0.7935 9.70402e-05
0.7945 7.65509e-05
0.7955 6.04859e-05
0.7965 4.74056e-05
0.7975 3.66448e-05
0.7985 2.81106e-05
0.7995 2.16381e-05
0.8005 1.67381e-05
0.8015 1.28657e-05
0.8025 9.72651e-06
0.8035 7.26261e-06
0.8045 5.43577e-06
0.8055 4.10557e-06
0.8065 3.09259e-06
0.8075 2.28565e-06
0.8085 1.65714e-06
0.8095 1.20032e-06
0.8105 8.81619e-07
0.8115 6.5014e-07
0.8125 4.69872e-07
0.8135 3.30024e-07
0.8145 2.29863e-07
0.8155 1.6312e-07
0.8165 1.17563e-07
0.8175 8.32158e-08
0.8185 5.65436e-08
0.8195 3.75419e-08
0.8205 2.54546e-08
0.8215 1.78664e-08
0.8225 1.24366e-08
0.8235 8.18635e-09
0.8245 5.12206e-09
0.8255 3.25042e-09
0.8265 2.20277e-09
0.8275 1.52167e-09
0.8285 9.7914e-10
0.8295 5.69675e-10
0.8305 3.24506e-10
0.8315 2.06992e-10
0.8325 1.44893e-10
0.8335 9.3964e-11
0.8345 5.04837e-11
0.8355 2.3518e-11
0.8365 1.28009e-11
0.8375 9.61837e-12
0.8385 6.94868e-12
0.8395 3.58226e-12
0.8405 1.09904e-12
0.8415 2.31953e-13
0.8425 2.8307e-13
0.8435 3.68091e-13
0.8445 2.26079e-13
0.8455 3.6277e-14
0.8465 -4.09537e-14
0.8475 -2.15667e-14
0.8485 1.0455e-14
0.8495 1.52237e-14
0.8505 3.94618e-15
0.8515 -3.77203e-15
0.8525 -3.4122e-15
0.8535 -4.06573e-16
0.8545 9.44416e-16
0.8555 5.6704e-16
0.8565 -5.59841e-17
0.8575 -2.1435e-16
0.8585 -8.24456e-17
0.8595 2.88741e-17
0.8605 3.85849e-17
0.8615 9.34358e-18
0.8625 -6.57224e-18
0.8635 -5.36769e-18
0.8645 -5.79523e-19
0.8655 1.08822e-18
0.8665 5.64375e-19
0.8675 -3.67763e-20
0.8685 -1.38317e-19
0.8695 -4.00457e-20
0.8705 1.54661e-20
0.8715 1.29843e-20
0.8725 8.99999e-22
0.8735 -2.21662e-21
0.8745 -7.76927e-22
0.8755 1.98007e-22
0.8765 1.86361e-22
0.8775 9.74625e-24
0.8785 -2.91991e-23
0.8795 -7.73957e-24
0.8805 3.16497e-24
0.8815 1.80561e-24
0.8825 -1.73374e-25
0.8835 -3.0027e-25
0.8845 -1.96334e-26
0.8855 4.06835e-26
0.8865 7.99127e-27
0.8875 -4.71401e-27
0.8885 -1.588e-27
0.8895 4.77597e-28
0.8905 2.48297e-28
0.8915 -4.28281e-29
0.8925 -3.39935e-29
0.8935 3.45611e-30
0.8945 4.26795e-30
0.8955 -2.65758e-31
0.8965 -5.03761e-31
0.8975 2.30657e-32
0.8985 5.66069e-32
0.8995 -2.78386e-33
0.9005 -6.07032e-33
0.9015 4.32424e-34
0.9025 6.16479e-34
0.9035 -6.89942e-35
0.9045 -5.81601e-35
0.9055 1.01147e-35
0.9065 4.91425e-36
0.9075 -1.31802e-36
0.9085 -3.44569e-37
0.9095 1.50444e-37
0.9105 1.57284e-38
0.9115 -1.47417e-38
0.9125 3.38981e-40
0.9135 1.18855e-39
0.9145 -1.80555e-40
0.9155 -7.06225e-41
0.9165 2.42431e-41
0.9175 1.79178e-42
0.9185 -2.10304e-42
0.9195 2.11301e-43
0.9205 1.15671e-43
0.9215 -3.52715e-44
0.9225 -1.55119e-45
0.9235 2.67458e-45
0.9245 -4.17804e-46
0.9255 -8.91447e-47
0.9265 4.48008e-47
0.9275 -3.98122e-48
0.9285 -1.84304e-48
0.9295 6.46193e-49
0.9305 -4.10011e-50
0.9315 -2.69218e-50
0.9325 8.68762e-51
0.9335 -6.65296e-52
0.9345 -2.92233e-52
0.9355 1.08304e-52
0.9365 -1.32848e-53
0.9375 -1.82022e-54
0.9385 1.123e-54
0.9395 -2.20358e-55
0.9405 9.69466e-57
0.9415 7.08096e-57
0.9425 -2.43841e-57
0.9435 4.05478e-58
0.9445 -1.83411e-59
0.9455 -1.08449e-59
0.9465 3.98496e-60
0.9475 -8.0218e-61
0.9485 9.97999e-62
0.9495 -2.19995e-63
0.9505 -2.81588e-63
0.9515 9.76438e-64
0.9525 -2.22213e-64
0.9535 4.10826e-65
0.9545 -6.59087e-66
0.9555 9.45866e-67
0.9565 -1.23515e-67
0.9575 1.48344e-68
0.9585 -1.65061e-69
0.9595 1.71038e-70
0.9605 -1.65686e-71
0.9615 1.50481e-72
0.9625 -1.28424e-73
0.9635 1.03161e-74
0.9645 -7.81024e-76
0.9655 5.57847e-77
0.9665 -3.76165e-78
0.9675 2.39587e-79
0.9685 -1.44175e-80
0.9695 8.19794e-82
0.9705 -4.40426e-83
0.9715 2.23509e-84
0.9725 -1.07103e-85
0.9735 4.84353e-87
0.9745 -2.06573e-88
0.9755 8.30166e-90
0.9765 -3.14048e-91
0.9775 1.11699e-92
0.9785 -3.73011e-94
0.9795 1.16768e-95
0.9805 -3.4203e-97
0.9815 9.35488e-99
0.9825 -2.3835e-100
0.9835 5.64176e-102
0.9845 -1.23677e-103
0.9855 2.50197e-105
0.9865 -4.65162e-107
0.9875 7.90976e-109
0.9885 -1.22324e-110
0.9895 1.709e-112
0.9905 -2.13978e-114
0.9915 2.37759e-116
0.9925 -2.31612e-118
0.9935 1.94761e-120
0.9945 -1.38517e-122
0.9955 8.10258e-125
0.9965 -3.74307e-127
0.9975 1.28049e-129
0.9985 -2.88402e-132
0.9995 3.20803e-135
