
# time = 0.75
0.0005 0.0801592
0.0015 0.0802725
0.0025 0.0803412
0.0035 0.0803637
0.0045 0.0803577
0.0055 0.0803447
0.0065 0.0803368
0.0075 0.0803354
0.0085 0.0803369
0.0095 0.0803381
0.0105 0.0803384
0.0115 0.0803382
0.0125 0.0803381
0.0135 0.0803379
0.0145 0.0803378
0.0155 0.080338
0.0165 0.0803393
0.0175 0.0803407
0.0185 0.0803394
0.0195 0.0803315
0.0205 0.0803185
0.0215 0.0803126
0.0225 0.080335
0.0235 0.0804035
0.0245 0.0805165
0.0255 0.0806479
0.0265 0.0807608
0.0275 0.0808294
0.0285 0.0808518
0.0295 0.0808458
0.0305 0.0808328
0.0315 0.080825
0.0325 0.0808236
0.0335 0.0808251
0.0345 0.0808263
0.0355 0.0808266
0.0365 0.0808264
0.0375 0.0808263
0.0385 0.0808261
0.0395 0.080826
0.0405 0.0808262
0.0415 0.0808274
0.0425 0.0808289
0.0435 0.0808276
0.0445 0.0808197
0.0455 0.0808068
0.0465 0.0808009
0.0475 0.0808232
0.0485 0.0808915
0.0495 0.0810041
0.0505 0.0811352
0.0515 0.0812478
0.0525 0.0813161
0.0535 0.0813385
0.0545 0.0813325
0.0555 0.0813196
0.0565 0.0813118
0.0575 0.0813104
0.0585 0.0813119
0.0595 0.0813131
0.0605 0.0813134
0.0615 0.0813132
0.0625 0.081313
0.0635 0.0813129
0.0645 0.0813127
0.0655 0.081313
0.0665 0.0813142
0.0675 0.0813157
0.0685 0.0813143
0.0695 0.0813065
0.0705 0.0812936
0.0715 0.0812877
0.0725 0.08131
0.0735 0.0813781
0.0745 0.0814904
0.0755 0.081621
0.0765 0.0817333
0.0775 0.0818014
0.0785 0.0818237
0.0795 0.0818178
0.0805 0.0818048
0.0815 0.081797
0.0825 0.0817957
0.0835 0.0817972
0.0845 0.0817984
0.0855 0.0817986
0.0865 0.0817985
0.0875 0.0817983
0.0885 0.0817982
0.0895 0.081798
0.0905 0.0817983
0.0915 0.0817995
0.0925 0.0818009
0.0935 0.0817996
0.0945 0.0817918
0.0955 0.081779
0.0965 0.0817731
0.0975 0.0817953
0.0985 0.0818632
0.0995 0.0819751
0.1005 0.0821053
0.1015 0.0822172
0.1025 0.0822851
0.1035 0.0823073
0.1045 0.0823014
0.1055 0.0822886
0.1065 0.0822808
0.1075 0.0822794
0.1085 0.0822809
0.1095 0.0822821
0.1105 0.0822824
0.1115 0.0822822
0.1125 0.0822821
0.1135 0.0822819
0.1145 0.0822817
0.1155 0.082282
0.1165 0.0822832
0.1175 0.0822847
0.1185 0.0822833
0.1195 0.0822756
0.1205 0.0822627
0.1215 0.0822569
0.1225 0.082279
0.1235 0.0823467
0.1245 0.0824582
0.1255 0.082588
0.1265 0.0826995
0.1275 0.0827672
0.1285 0.0827893
0.1295 0.0827834
0.1305 0.0827707
0.1315 0.0827633
0.1325 0.0827617
0.1335 0.082761
0.1345 0.0827608
0.1355 0.0827706
0.1365 0.0827914
0.1375 0.0827788
0.1385 0.0826604
0.1395 0.0825066
0.1405 0.0827209
0.1415 0.0837489
0.1425 0.0849879
0.1435 0.0838546
0.1445 0.0772289
0.1455 0.0662602
0.1465 0.0612467
0.1475 0.0801654
0.1485 0.137999
0.1495 0.233323
0.1505 0.344246
0.1515 0.43957
0.1525 0.497404
0.1535 0.516322
0.1545 0.511309
0.1555 0.50034
0.1565 0.493714
0.1575 0.492581
0.1585 0.49382
0.1595 0.494848
0.1605 0.495062
0.1615 0.494908
0.1625 0.49479
0.1635 0.494779
0.1645 0.494802
0.1655 0.494809
0.1665 0.494794
0.1675 0.494775
0.1685 0.49479
0.1695 0.494878
0.1705 0.495023
0.1715 0.49509
0.1725 0.494839
0.1735 0.494073
0.1745 0.49281
0.1755 0.491341
0.1765 0.490078
0.1775 0.489312
0.1785 0.489061
0.1795 0.489128
0.1805 0.489273
0.1815 0.489361
0.1825 0.489376
0.1835 0.489359
0.1845 0.489346
0.1855 0.489343
0.1865 0.489345
0.1875 0.489346
0.1885 0.489348
0.1895 0.48935
0.1905 0.489347
0.1915 0.489333
0.1925 0.489317
0.1935 0.489332
0.1945 0.48942
0.1955 0.489566
0.1965 0.489633
0.1975 0.489381
0.1985 0.488611
0.1995 0.487341
0.2005 0.485864
0.2015 0.484595
0.2025 0.483825
0.2035 0.483573
0.2045 0.483639
0.2055 0.483785
0.2065 0.483874
0.2075 0.483889
0.2085 0.483872
0.2095 0.483859
0.2105 0.483856
0.2115 0.483857
0.2125 0.483859
0.2135 0.483861
0.2145 0.483863
0.2155 0.48386
0.2165 0.483846
0.2175 0.483829
0.2185 0.483845
0.2195 0.483933
0.2205 0.48408
0.2215 0.484147
0.2225 0.483894
0.2235 0.48312
0.2245 0.481844
0.2255 0.480359
0.2265 0.479083
0.2275 0.478309
0.2285 0.478055
0.2295 0.478123
0.2305 0.478269
0.2315 0.478358
0.2325 0.478373
0.2335 0.478357
0.2345 0.478343
0.2355 0.47834
0.2365 0.478342
0.2375 0.478343
0.2385 0.478345
0.2395 0.478347
0.2405 0.478344
0.2415 0.47833
0.2425 0.478314
0.2435 0.478329
0.2445 0.478418
0.2455 0.478566
0.2465 0.478633
0.2475 0.478378
0.2485 0.4776
0.2495 0.476318
0.2505 0.474825
0.2515 0.473543
0.2525 0.472764
0.2535 0.47251
0.2545 0.472577
0.2555 0.472725
0.2565 0.472814
0.2575 0.472829
0.2585 0.472813
0.2595 0.472799
0.2605 0.472796
0.2615 0.472798
0.2625 0.472799
0.2635 0.472801
0.2645 0.472803
0.2655 0.4728
0.2665 0.472786
0.2675 0.472769
0.2685 0.472785
0.2695 0.472874
0.2705 0.473023
0.2715 0.47309
0.2725 0.472835
0.2735 0.472052
0.2745 0.470763
0.2755 0.469263
0.2765 0.467974
0.2775 0.467192
0.2785 0.466936
0.2795 0.467004
0.2805 0.467152
0.2815 0.467242
0.2825 0.467257
0.2835 0.46724
0.2845 0.467227
0.2855 0.467224
0.2865 0.467225
0.2875 0.467227
0.2885 0.467229
0.2895 0.467231
0.2905 0.467228
0.2915 0.467214
0.2925 0.467197
0.2935 0.467212
0.2945 0.467302
0.2955 0.467451
0.2965 0.46752
0.2975 0.467262
0.2985 0.466476
0.2995 0.465181
0.3005 0.463673
0.3015 0.462378
0.3025 0.461591
0.3035 0.461334
0.3045 0.461402
0.3055 0.461552
0.3065 0.461642
0.3075 0.461657
0.3085 0.46164
0.3095 0.461626
0.3105 0.461623
0.3115 0.461625
0.3125 0.461627
0.3135 0.461629
0.3145 0.46163
0.3155 0.461627
0.3165 0.461613
0.3175 0.461596
0.3185 0.461612
0.3195 0.461702
0.3205 0.461852
0.3215 0.461921
0.3225 0.461662
0.3235 0.460872
0.3245 0.45957
0.3255 0.458055
0.3265 0.456753
0.3275 0.455963
0.3285 0.455705
0.3295 0.455773
0.3305 0.455923
0.3315 0.456013
0.3325 0.456029
0.3335 0.456014
0.3345 0.456001
0.3355 0.455989
0.3365 0.45597
0.3375 0.455984
0.3385 0.456104
0.3395 0.456259
0.3405 0.456042
0.3415 0.455001
0.3425 0.453747
0.3435 0.454894
0.3445 0.461603
0.3455 0.47271
0.3465 0.477786
0.3475 0.45863
0.3485 0.40007
0.3495 0.303549
0.3505 0.191232
0.3515 0.0947106
0.3525 0.036151
0.3535 0.0169947
0.3545 0.0220712
0.3555 0.0331776
0.3565 0.0398865
0.3575 0.0410341
0.3585 0.0397796
0.3595 0.0387387
0.3605 0.0385217
0.3615 0.0386774
0.3625 0.0387973
0.3635 0.0388099
0.3645 0.0387885
0.3655 0.038779
0.3665 0.038781
0.3675 0.0387839
0.3685 0.0387835
0.3695 0.0387791
0.3705 0.0387722
0.3715 0.0387692
0.3725 0.0387808
0.3735 0.0388165
0.3745 0.0388751
0.3755 0.0389434
0.3765 0.0390021
0.3775 0.0390377
0.3785 0.0390494
0.3795 0.0390463
0.3805 0.0390395
0.3815 0.0390355
0.3825 0.0390348
0.3835 0.0390355
0.3845 0.0390362
0.3855 0.0390363
0.3865 0.0390362
0.3875 0.0390361
0.3885 0.039036
0.3895 0.039036
0.3905 0.0390361
0.3915 0.0390367
0.3925 0.0390375
0.3935 0.0390368
0.3945 0.0390327
0.3955 0.039026
0.3965 0.0390229
0.3975 0.0390345
0.3985 0.0390701
0.3995 0.0391287
0.4005 0.0391968
0.4015 0.0392554
0.4025 0.0392909
0.4035 0.0393026
0.4045 0.0392995
0.4055 0.0392927
0.4065 0.0392887
0.4075 0.039288
0.4085 0.0392887
0.4095 0.0392894
0.4105 0.0392895
0.4115 0.0392894
0.4125 0.0392893
0.4135 0.0392893
0.4145 0.0392892
0.4155 0.0392893
0.4165 0.0392899
0.4175 0.0392907
0.4185 0.03929
0.4195 0.0392859
0.4205 0.0392792
0.4215 0.0392761
0.4225 0.0392877
0.4235 0.0393232
0.4245 0.0393817
0.4255 0.0394497
0.4265 0.0395082
0.4275 0.0395436
0.4285 0.0395552
0.4295 0.0395522
0.4305 0.0395454
0.4315 0.0395414
0.4325 0.0395407
0.4335 0.0395414
0.4345 0.0395421
0.4355 0.0395422
0.4365 0.0395421
0.4375 0.039542
0.4385 0.039542
0.4395 0.0395419
0.4405 0.039542
0.4415 0.0395426
0.4425 0.0395434
0.4435 0.0395427
0.4445 0.0395387
0.4455 0.0395319
0.4465 0.0395289
0.4475 0.0395405
0.4485 0.0395758
0.4495 0.0396342
0.4505 0.0397021
0.4515 0.0397604
0.4525 0.0397958
0.4535 0.0398074
0.4545 0.0398043
0.4555 0.0397976
0.4565 0.0397935
0.4575 0.0397928
0.4585 0.0397936
0.4595 0.0397942
0.4605 0.0397944
0.4615 0.0397943
0.4625 0.0397942
0.4635 0.0397941
0.4645 0.039794
0.4655 0.0397942
0.4665 0.0397948
0.4675 0.0397956
0.4685 0.0397949
0.4695 0.0397908
0.4705 0.0397841
0.4715 0.0397811
0.4725 0.0397926
0.4735 0.0398279
0.4745 0.0398861
0.4755 0.0399539
0.4765 0.0400121
0.4775 0.0400474
0.4785 0.0400589
0.4795 0.0400559
0.4805 0.0400492
0.4815 0.0400451
0.4825 0.0400445
0.4835 0.0400452
0.4845 0.0400458
0.4855 0.040046
0.4865 0.0400459
0.4875 0.0400458
0.4885 0.0400457
0.4895 0.0400456
0.4905 0.0400458
0.4915 0.0400464
0.4925 0.0400472
0.4935 0.0400465
0.4945 0.0400424
0.4955 0.0400358
0.4965 0.0400327
0.4975 0.0400442
0.4985 0.0400795
0.4995 0.0401375
0.5005 0.0402051
0.5015 0.0402632
0.5025 0.0402984
0.5035 0.0403099
0.5045 0.0403069
0.5055 0.0403002
0.5065 0.0402961
0.5075 0.0402955
0.5085 0.0402962
0.5095 0.0402968
0.5105 0.040297
0.5115 0.0402969
0.5125 0.0402968
0.5135 0.0402967
0.5145 0.0402966
0.5155 0.0402968
0.5165 0.0402974
0.5175 0.0402982
0.5185 0.0402975
0.5195 0.0402934
0.5205 0.0402868
0.5215 0.0402837
0.5225 0.0402952
0.5235 0.0403304
0.5245 0.0403883
0.5255 0.0404557
0.5265 0.0405136
0.5275 0.0405488
0.5285 0.0405603
0.5295 0.0405572
0.5305 0.0405505
0.5315 0.0405465
0.5325 0.0405458
0.5335 0.0405466
0.5345 0.0405472
0.5355 0.0405473
0.5365 0.0405473
0.5375 0.0405472
0.5385 0.0405471
0.5395 0.040547
0.5405 0.0405472
0.5415 0.0405478
0.5425 0.0405485
0.5435 0.0405478
0.5445 0.0405438
0.5455 0.0405372
0.5465 0.0405341
0.5475 0.0405456
0.5485 0.0405806
0.5495 0.0406384
0.5505 0.0407056
0.5515 0.0407634
0.5525 0.0407985
0.5535 0.0408099
0.5545 0.0408069
0.5555 0.0408002
0.5565 0.0407962
0.5575 0.0407955
0.5585 0.0407963
0.5595 0.0407969
0.5605 0.040797
0.5615 0.040797
0.5625 0.0407969
0.5635 0.0407968
0.5645 0.0407967
0.5655 0.0407969
0.5665 0.0407975
0.5675 0.0407982
0.5685 0.0407975
0.5695 0.0407935
0.5705 0.0407869
0.5715 0.0407839
0.5725 0.0407953
0.5735 0.0408303
0.5745 0.0408879
0.5755 0.0409549
0.5765 0.0410125
0.5775 0.0410475
0.5785 0.0410589
0.5795 0.0410559
0.5805 0.0410492
0.5815 0.0410452
0.5825 0.0410446
0.5835 0.0410453
0.5845 0.0410459
0.5855 0.0410461
0.5865 0.041046
0.5875 0.0410459
0.5885 0.0410458
0.5895 0.0410457
0.5905 0.0410459
0.5915 0.0410465
0.5925 0.0410472
0.5935 0.0410466
0.5945 0.0410426
0.5955 0.041036
0.5965 0.0410329
0.5975 0.0410443
0.5985 0.0410792
0.5995 0.0411366
0.6005 0.0412035
0.6015 0.0412609
0.6025 0.0412958
0.6035 0.0413072
0.6045 0.0413041
0.6055 0.0412975
0.6065 0.0412935
0.6075 0.0412928
0.6085 0.0412936
0.6095 0.0412942
0.6105 0.0412943
0.6115 0.0412943
0.6125 0.0412942
0.6135 0.0412941
0.6145 0.041294
0.6155 0.0412942
0.6165 0.0412948
0.6175 0.0412955
0.6185 0.0412948
0.6195 0.0412909
0.6205 0.0412843
0.6215 0.0412813
0.6225 0.0412926
0.6235 0.0413274
0.6245 0.0413846
0.6255 0.0414513
0.6265 0.0415085
0.6275 0.0415433
0.6285 0.0415546
0.6295 0.0415516
0.6305 0.0415451
0.6315 0.0415413
0.6325 0.0415404
0.6335 0.0415397
0.6345 0.0415394
0.6355 0.0415461
0.6365 0.0415607
0.6375 0.0415519
0.6385 0.0414694
0.6395 0.0413622
0.6405 0.0415116
0.6415 0.042228
0.6425 0.0430915
0.6435 0.0423017
0.6445 0.0376839
0.6455 0.0300394
0.6465 0.0265453
0.6475 0.0397305
0.6485 0.080037
0.6495 0.146473
0.6505 0.22378
0.6515 0.290216
0.6525 0.330522
0.6535 0.343707
0.6545 0.340213
0.6555 0.332569
0.6565 0.327951
0.6575 0.327161
0.6585 0.328025
0.6595 0.328741
0.6605 0.32889
0.6615 0.328784
0.6625 0.328701
0.6635 0.328691
0.6645 0.328704
0.6655 0.328713
0.6665 0.328723
0.6675 0.328734
0.6685 0.328722
0.6695 0.328653
0.6705 0.328537
0.6715 0.328484
0.6725 0.328684
0.6735 0.329293
0.6745 0.330297
0.6755 0.331465
0.6765 0.332469
0.6775 0.333078
0.6785 0.333278
0.6795 0.333225
0.6805 0.333109
0.6815 0.333039
0.6825 0.333027
0.6835 0.33304
0.6845 0.333051
0.6855 0.333054
0.6865 0.333052
0.6875 0.333051
0.6885 0.333049
0.6895 0.333048
0.6905 0.33305
0.6915 0.333061
0.6925 0.333074
0.6935 0.333062
0.6945 0.332992
0.6955 0.332876
0.6965 0.332823
0.6975 0.333023
0.6985 0.333637
0.6995 0.334648
0.7005 0.335825
0.7015 0.336836
0.7025 0.33745
0.7035 0.33765
0.7045 0.337597
0.7055 0.337481
0.7065 0.337411
0.7075 0.337398
0.7085 0.337412
0.7095 0.337423
0.7105 0.337425
0.7115 0.337423
0.7125 0.337422
0.7135 0.337421
0.7145 0.337419
0.7155 0.337422
0.7165 0.337433
0.7175 0.337446
0.7185 0.337434
0.7195 0.337363
0.7205 0.337246
0.7215 0.337192
0.7225 0.337394
0.7235 0.338012
0.7245 0.339031
0.7255 0.340216
0.7265 0.341234
0.7275 0.341852
0.7285 0.342054
0.7295 0.342001
0.7305 0.341884
0.7315 0.341813
0.7325 0.341801
0.7335 0.341814
0.7345 0.341825
0.7355 0.341827
0.7365 0.341826
0.7375 0.341825
0.7385 0.341823
0.7395 0.341822
0.7405 0.341824
0.7415 0.341835
0.7425 0.341848
0.7435 0.341836
0.7445 0.341765
0.7455 0.341647
0.7465 0.341593
0.7475 0.341797
0.7485 0.342419
0.7495 0.343445
0.7505 0.344638
0.7515 0.345664
0.7525 0.346286
0.7535 0.34649
0.7545 0.346436
0.7555 0.346318
0.7565 0.346247
0.7575 0.346234
0.7585 0.346248
0.7595 0.346259
0.7605 0.346261
0.7615 0.34626
0.7625 0.346258
0.7635 0.346257
0.7645 0.346255
0.7655 0.346258
0.7665 0.346269
0.7675 0.346282
0.7685 0.34627
0.7695 0.346198
0.7705 0.346079
0.7715 0.346025
0.7725 0.34623
0.7735 0.346857
0.7745 0.34789
0.7755 0.349092
0.7765 0.350125
0.7775 0.350751
0.7785 0.350956
0.7795 0.350902
0.7805 0.350783
0.7815 0.350711
0.7825 0.350699
0.7835 0.350712
0.7845 0.350724
0.7855 0.350726
0.7865 0.350725
0.7875 0.350723
0.7885 0.350722
0.7895 0.35072
0.7905 0.350723
0.7915 0.350734
0.7925 0.350747
0.7935 0.350735
0.7945 0.350663
0.7955 0.350543
0.7965 0.350488
0.7975 0.350695
0.7985 0.351326
0.7995 0.352366
0.8005 0.353576
0.8015 0.354617
0.8025 0.355248
0.8035 0.355454
0.8045 0.355399
0.8055 0.35528
0.8065 0.355207
0.8075 0.355195
0.8085 0.355208
0.8095 0.35522
0.8105 0.355222
0.8115 0.355221
0.8125 0.355219
0.8135 0.355218
0.8145 0.355216
0.8155 0.355219
0.8165 0.35523
0.8175 0.355244
0.8185 0.355231
0.8195 0.355158
0.8205 0.355038
0.8215 0.354983
0.8225 0.355191
0.8235 0.355826
0.8245 0.356873
0.8255 0.358092
0.8265 0.35914
0.8275 0.359775
0.8285 0.359983
0.8295 0.359928
0.8305 0.359807
0.8315 0.359734
0.8325 0.359722
0.8335 0.359737
0.8345 0.359749
0.8355 0.359745
0.8365 0.359729
0.8375 0.359736
0.8385 0.359817
0.8395 0.359923
0.8405 0.359776
0.8415 0.359072
0.8425 0.358223
0.8435 0.358999
0.8445 0.36354
0.8455 0.371056
0.8465 0.374492
0.8475 0.361527
0.8485 0.321895
0.8495 0.256571
0.8505 0.180558
0.8515 0.115234
0.8525 0.0756015
0.8535 0.0626369
0.8545 0.0660725
0.8555 0.0735891
0.8565 0.0781296
0.8575 0.0789063
0.8585 0.0780572
0.8595 0.0773528
0.8605 0.0772059
0.8615 0.0773114
0.8625 0.0773924
0.8635 0.0774009
0.8645 0.0773863
0.8655 0.07738
0.8665 0.0773822
0.8675 0.0773851
0.8685 0.077384
0.8695 0.0773758
0.8705 0.0773625
0.8715 0.0773565
0.8725 0.0773793
0.8735 0.0774488
0.8745 0.0775634
0.8755 0.0776968
0.8765 0.0778114
0.8775 0.077881
0.8785 0.0779037
0.8795 0.0778977
0.8805 0.0778845
0.8815 0.0778765
0.8825 0.0778752
0.8835 0.0778767
0.8845 0.0778779
0.8855 0.0778782
0.8865 0.077878
0.8875 0.0778779
0.8885 0.0778777
0.8895 0.0778775
0.8905 0.0778778
0.8915 0.077879
0.8925 0.0778805
0.8935 0.0778792
0.8945 0.0778712
0.8955 0.0778581
0.8965 0.077852
0.8975 0.0778747
0.8985 0.0779441
0.8995 0.0780585
0.9005 0.0781916
0.9015 0.078306
0.9025 0.0783754
0.9035 0.0783981
0.9045 0.0783921
0.9055 0.0783789
0.9065 0.078371
0.9075 0.0783696
0.9085 0.0783711
0.9095 0.0783723
0.9105 0.0783726
0.9115 0.0783724
0.9125 0.0783723
0.9135 0.0783721
0.9145 0.078372
0.9155 0.0783722
0.9165 0.0783734
0.9175 0.0783749
0.9185 0.0783736
0.9195 0.0783656
0.9205 0.0783525
0.9215 0.0783465
0.9225 0.0783692
0.9235 0.0784384
0.9245 0.0785525
0.9255 0.0786853
0.9265 0.0787994
0.9275 0.0788687
0.9285 0.0788913
0.9295 0.0788853
0.9305 0.0788722
0.9315 0.0788642
0.9325 0.0788629
0.9335 0.0788644
0.9345 0.0788656
0.9355 0.0788659
0.9365 0.0788657
0.9375 0.0788656
0.9385 0.0788654
0.9395 0.0788652
0.9405 0.0788655
0.9415 0.0788667
0.9425 0.0788682
0.9435 0.0788669
0.9445 0.0788589
0.9455 0.0788458
0.9465 0.0788399
0.9475 0.0788624
0.9485 0.0789315
0.9495 0.0790454
0.9505 0.0791778
0.9515 0.0792917
0.9525 0.0793608
0.9535 0.0793834
0.9545 0.0793774
0.9555 0.0793643
0.9565 0.0793564
0.9575 0.079355
0.9585 0.0793565
0.9595 0.0793577
0.9605 0.079358
0.9615 0.0793578
0.9625 0.0793577
0.9635 0.0793575
0.9645 0.0793573
0.9655 0.0793576
0.9665 0.0793588
0.9675 0.0793603
0.9685 0.079359
0.9695 0.0793511
0.9705 0.079338
0.9715 0.079332
0.9725 0.0793546
0.9735 0.0794235
0.9745 0.079537
0.9755 0.0796692
0.9765 0.0797827
0.9775 0.0798516
0.9785 0.0798742
0.9795 0.0798682
0.9805 0.0798551
0.9815 0.0798472
0.9825 0.0798459
0.9835 0.0798473
0.9845 0.0798486
0.9855 0.0798488
0.9865 0.0798487
0.9875 0.0798485
0.9885 0.0798484
0.9895 0.0798482
0.9905 0.0798485
0.9915 0.0798497
0.9925 0.0798512
0.9935 0.0798498
0.9945 0.0798419
0.9955 0.0798289
0.9965 0.079823
0.9975 0.0798454
0.9985 0.0799141
0.9995 0.0800274
