
# time = 0.5
0.0005 0.827685
0.0015 0.82742
0.0025 0.827279
0.0035 0.827254
0.0045 0.827281
0.0055 0.827307
0.0065 0.827315
0.0075 0.827313
0.0085 0.827309
0.0095 0.827309
0.0105 0.827309
0.0115 0.827309
0.0125 0.827309
0.0135 0.827309
0.0145 0.82731
0.0155 0.82731
0.0165 0.827309
0.0175 0.827306
0.0185 0.827304
0.0195 0.827311
0.0205 0.827338
0.0215 0.827365
0.0225 0.827339
0.0235 0.827199
0.0245 0.826935
0.0255 0.826616
0.0265 0.826351
0.0275 0.826212
0.0285 0.826186
0.0295 0.826213
0.0305 0.82624
0.0315 0.826247
0.0325 0.826245
0.0335 0.826242
0.0345 0.826241
0.0355 0.826241
0.0365 0.826242
0.0375 0.826242
0.0385 0.826241
0.0395 0.826242
0.0405 0.826242
0.0415 0.826242
0.0425 0.826238
0.0435 0.826236
0.0445 0.826243
0.0455 0.82627
0.0465 0.826297
0.0475 0.826271
0.0485 0.826132
0.0495 0.825868
0.0505 0.82555
0.0515 0.825286
0.0525 0.825147
0.0535 0.825121
0.0545 0.825149
0.0555 0.825175
0.0565 0.825183
0.0575 0.82518
0.0585 0.825177
0.0595 0.825176
0.0605 0.825177
0.0615 0.825177
0.0625 0.825177
0.0635 0.825177
0.0645 0.825177
0.0655 0.825177
0.0665 0.825177
0.0675 0.825174
0.0685 0.825171
0.0695 0.825179
0.0705 0.825205
0.0715 0.825232
0.0725 0.825207
0.0735 0.825068
0.0745 0.824805
0.0755 0.824488
0.0765 0.824225
0.0775 0.824086
0.0785 0.82406
0.0795 0.824087
0.0805 0.824113
0.0815 0.824121
0.0825 0.824118
0.0835 0.824115
0.0845 0.824115
0.0855 0.82412
0.0865 0.824117
0.0875 0.824082
0.0885 0.824069
0.0895 0.824253
0.0905 0.824578
0.0915 0.824126
0.0925 0.821827
0.0935 0.819797
0.0945 0.825551
0.0955 0.844861
0.0965 0.864938
0.0975 0.846098
0.0985 0.74327
0.0995 0.548807
0.1005 0.314139
0.1015 0.119676
0.1025 0.0168484
0.1035 -0.00199171
0.1045 0.0180853
0.1055 0.0373954
0.1065 0.0431497
0.1075 0.0411194
0.1085 0.0388199
0.1095 0.038368
0.1105 0.0386936
0.1115 0.0388778
0.1125 0.0388643
0.1135 0.0388297
0.1145 0.0388258
0.1155 0.0388304
0.1165 0.0388316
0.1175 0.0388319
0.1185 0.0388324
0.1195 0.0388305
0.1205 0.0388237
0.1215 0.0388166
0.1225 0.0388233
0.1235 0.0388594
0.1245 0.0389278
0.1255 0.0390104
0.1265 0.0390787
0.1275 0.0391149
0.1285 0.0391215
0.1295 0.0391145
0.1305 0.0391077
0.1315 0.0391057
0.1325 0.0391064
0.1335 0.0391072
0.1345 0.0391073
0.1355 0.0391072
0.1365 0.0391072
0.1375 0.0391072
0.1385 0.0391072
0.1395 0.0391071
0.1405 0.039107
0.1415 0.0391072
0.1425 0.039108
0.1435 0.0391087
0.1445 0.0391067
0.1455 0.0390999
0.1465 0.0390928
0.1475 0.0390995
0.1485 0.0391356
0.1495 0.0392039
0.1505 0.0392864
0.1515 0.0393547
0.1525 0.0393908
0.1535 0.0393975
0.1545 0.0393904
0.1555 0.0393836
0.1565 0.0393816
0.1575 0.0393823
0.1585 0.0393831
0.1595 0.0393833
0.1605 0.0393832
0.1615 0.0393831
0.1625 0.0393831
0.1635 0.0393831
0.1645 0.0393831
0.1655 0.039383
0.1665 0.0393831
0.1675 0.0393839
0.1685 0.0393846
0.1695 0.0393826
0.1705 0.0393758
0.1715 0.0393688
0.1725 0.0393754
0.1735 0.0394115
0.1745 0.0394798
0.1755 0.0395621
0.1765 0.0396304
0.1775 0.0396665
0.1785 0.0396731
0.1795 0.0396661
0.1805 0.0396593
0.1815 0.0396573
0.1825 0.039658
0.1835 0.0396588
0.1845 0.0396589
0.1855 0.0396588
0.1865 0.0396588
0.1875 0.0396588
0.1885 0.0396588
0.1895 0.0396587
0.1905 0.0396586
0.1915 0.0396588
0.1925 0.0396596
0.1935 0.0396603
0.1945 0.0396583
0.1955 0.0396515
0.1965 0.0396445
0.1975 0.0396511
0.1985 0.0396871
0.1995 0.0397553
0.2005 0.0398376
0.2015 0.0399058
0.2025 0.0399418
0.2035 0.0399484
0.2045 0.0399414
0.2055 0.0399346
0.2065 0.0399326
0.2075 0.0399333
0.2085 0.0399341
0.2095 0.0399343
0.2105 0.0399342
0.2115 0.0399341
0.2125 0.0399341
0.2135 0.0399341
0.2145 0.0399341
0.2155 0.039934
0.2165 0.0399341
0.2175 0.0399349
0.2185 0.0399356
0.2195 0.0399336
0.2205 0.0399268
0.2215 0.0399198
0.2225 0.0399264
0.2235 0.0399624
0.2245 0.0400305
0.2255 0.0401127
0.2265 0.0401808
0.2275 0.0402168
0.2285 0.0402234
0.2295 0.0402164
0.2305 0.0402096
0.2315 0.0402076
0.2325 0.0402083
0.2335 0.0402091
0.2345 0.0402093
0.2355 0.0402092
0.2365 0.0402091
0.2375 0.0402091
0.2385 0.0402091
0.2395 0.0402091
0.2405 0.040209
0.2415 0.0402091
0.2425 0.0402099
0.2435 0.0402106
0.2445 0.0402086
0.2455 0.0402019
0.2465 0.0401948
0.2475 0.0402014
0.2485 0.0402374
0.2495 0.0403054
0.2505 0.0403875
0.2515 0.0404555
0.2525 0.0404914
0.2535 0.040498
0.2545 0.040491
0.2555 0.0404842
0.2565 0.0404822
0.2575 0.0404829
0.2585 0.0404837
0.2595 0.0404839
0.2605 0.0404838
0.2615 0.0404837
0.2625 0.0404837
0.2635 0.0404838
0.2645 0.0404837
0.2655 0.0404836
0.2665 0.0404837
0.2675 0.0404845
0.2685 0.0404852
0.2695 0.0404832
0.2705 0.0404765
0.2715 0.0404695
0.2725 0.0404761
0.2735 0.040512
0.2745 0.0405799
0.2755 0.0406618
0.2765 0.0407297
0.2775 0.0407656
0.2785 0.0407722
0.2795 0.0407652
0.2805 0.0407585
0.2815 0.0407564
0.2825 0.0407572
0.2835 0.040758
0.2845 0.0407581
0.2855 0.040758
0.2865 0.0407579
0.2875 0.040758
0.2885 0.040758
0.2895 0.0407579
0.2905 0.0407578
0.2915 0.040758
0.2925 0.0407588
0.2935 0.0407595
0.2945 0.0407575
0.2955 0.0407507
0.2965 0.0407437
0.2975 0.0407503
0.2985 0.0407861
0.2995 0.0408539
0.3005 0.0409358
0.3015 0.0410036
0.3025 0.0410394
0.3035 0.041046
0.3045 0.041039
0.3055 0.0410322
0.3065 0.0410302
0.3075 0.0410309
0.3085 0.0410317
0.3095 0.0410319
0.3105 0.0410318
0.3115 0.0410317
0.3125 0.0410317
0.3135 0.0410318
0.3145 0.0410317
0.3155 0.0410316
0.3165 0.0410317
0.3175 0.0410325
0.3185 0.0410332
0.3195 0.0410312
0.3205 0.0410245
0.3215 0.0410175
0.3225 0.0410241
0.3235 0.0410599
0.3245 0.0411276
0.3255 0.0412092
0.3265 0.0412769
0.3275 0.0413127
0.3285 0.0413193
0.3295 0.0413123
0.3305 0.0413055
0.3315 0.0413035
0.3325 0.0413043
0.3335 0.0413051
0.3345 0.0413052
0.3355 0.0413051
0.3365 0.041305
0.3375 0.041305
0.3385 0.0413051
0.3395 0.041305
0.3405 0.0413049
0.3415 0.041305
0.3425 0.0413058
0.3435 0.0413065
0.3445 0.0413046
0.3455 0.0412978
0.3465 0.0412909
0.3475 0.0412974
0.3485 0.0413331
0.3495 0.0414007
0.3505 0.0414822
0.3515 0.0415498
0.3525 0.0415855
0.3535 0.041592
0.3545 0.0415851
0.3555 0.0415784
0.3565 0.0415764
0.3575 0.0415771
0.3585 0.0415779
0.3595 0.041578
0.3605 0.0415779
0.3615 0.0415778
0.3625 0.0415779
0.3635 0.0415779
0.3645 0.0415778
0.3655 0.0415777
0.3665 0.0415779
0.3675 0.0415787
0.3685 0.0415794
0.3695 0.0415774
0.3705 0.0415707
0.3715 0.0415637
0.3725 0.0415702
0.3735 0.0416059
0.3745 0.0416733
0.3755 0.0417547
0.3765 0.0418221
0.3775 0.0418578
0.3785 0.0418643
0.3795 0.0418573
0.3805 0.0418506
0.3815 0.0418486
0.3825 0.0418493
0.3835 0.0418501
0.3845 0.0418503
0.3855 0.0418502
0.3865 0.0418501
0.3875 0.0418501
0.3885 0.0418501
0.3895 0.0418501
0.3905 0.04185
0.3915 0.0418501
0.3925 0.0418509
0.3935 0.0418516
0.3945 0.0418496
0.3955 0.041843
0.3965 0.041836
0.3975 0.0418425
0.3985 0.0418781
0.3995 0.0419454
0.4005 0.0420266
0.4015 0.0420939
0.4025 0.0421294
0.4035 0.042136
0.4045 0.042129
0.4055 0.0421223
0.4065 0.0421203
0.4075 0.042121
0.4085 0.0421218
0.4095 0.042122
0.4105 0.0421219
0.4115 0.0421218
0.4125 0.0421218
0.4135 0.0421219
0.4145 0.0421218
0.4155 0.0421217
0.4165 0.0421218
0.4175 0.0421226
0.4185 0.0421233
0.4195 0.0421213
0.4205 0.0421147
0.4215 0.0421077
0.4225 0.0421142
0.4235 0.0421497
0.4245 0.0422169
0.4255 0.0422979
0.4265 0.042365
0.4275 0.0424005
0.4285 0.042407
0.4295 0.0424001
0.4305 0.0423934
0.4315 0.0423914
0.4325 0.0423921
0.4335 0.0423929
0.4345 0.0423931
0.4355 0.042393
0.4365 0.0423929
0.4375 0.0423929
0.4385 0.042393
0.4395 0.0423929
0.4405 0.0423928
0.4415 0.0423929
0.4425 0.0423937
0.4435 0.0423944
0.4445 0.0423924
0.4455 0.0423858
0.4465 0.0423789
0.4475 0.0423854
0.4485 0.0424208
0.4495 0.0424878
0.4505 0.0425686
0.4515 0.0426356
0.4525 0.042671
0.4535 0.0426775
0.4545 0.0426706
0.4555 0.0426639
0.4565 0.0426619
0.4575 0.0426626
0.4585 0.0426634
0.4595 0.0426636
0.4605 0.0426635
0.4615 0.0426634
0.4625 0.0426634
0.4635 0.0426634
0.4645 0.0426634
0.4655 0.0426632
0.4665 0.0426634
0.4675 0.0426642
0.4685 0.0426649
0.4695 0.0426629
0.4705 0.0426563
0.4715 0.0426494
0.4725 0.0426559
0.4735 0.0426912
0.4745 0.042758
0.4755 0.0428386
0.4765 0.0429054
0.4775 0.0429408
0.4785 0.0429472
0.4795 0.0429403
0.4805 0.0429337
0.4815 0.0429317
0.4825 0.0429324
0.4835 0.0429332
0.4845 0.0429334
0.4855 0.0429332
0.4865 0.0429332
0.4875 0.0429332
0.4885 0.0429332
0.4895 0.0429332
0.4905 0.042933
0.4915 0.0429332
0.4925 0.042934
0.4935 0.0429347
0.4945 0.0429327
0.4955 0.0429261
0.4965 0.0429192
0.4975 0.0429257
0.4985 0.0429609
0.4995 0.0430275
0.5005 0.043108
0.5015 0.0431746
0.5025 0.0432098
0.5035 0.0432163
0.5045 0.0432094
0.5055 0.0432028
0.5065 0.0432008
0.5075 0.0432015
0.5085 0.0432023
0.5095 0.0432025
0.5105 0.0432023
0.5115 0.0432023
0.5125 0.0432023
0.5135 0.0432023
0.5145 0.0432023
0.5155 0.0432021
0.5165 0.0432023
0.5175 0.0432031
0.5185 0.0432038
0.5195 0.0432018
0.5205 0.0431952
0.5215 0.0431883
0.5225 0.0431948
0.5235 0.0432299
0.5245 0.0432964
0.5255 0.0433766
0.5265 0.043443
0.5275 0.0434782
0.5285 0.0434846
0.5295 0.0434777
0.5305 0.0434711
0.5315 0.0434692
0.5325 0.0434699
0.5335 0.0434707
0.5345 0.0434708
0.5355 0.0434707
0.5365 0.0434706
0.5375 0.0434707
0.5385 0.0434707
0.5395 0.0434706
0.5405 0.0434705
0.5415 0.0434707
0.5425 0.0434714
0.5435 0.0434721
0.5445 0.0434702
0.5455 0.0434636
0.5465 0.0434567
0.5475 0.0434632
0.5485 0.0434982
0.5495 0.0435645
0.5505 0.0436444
0.5515 0.0437107
0.5525 0.0437457
0.5535 0.0437521
0.5545 0.0437453
0.5555 0.0437387
0.5565 0.0437368
0.5575 0.0437375
0.5585 0.0437382
0.5595 0.0437384
0.5605 0.0437383
0.5615 0.0437382
0.5625 0.0437382
0.5635 0.0437383
0.5645 0.0437382
0.5655 0.0437381
0.5665 0.0437382
0.5675 0.043739
0.5685 0.0437397
0.5695 0.0437378
0.5705 0.0437312
0.5715 0.0437244
0.5725 0.0437308
0.5735 0.0437657
0.5745 0.0438318
0.5755 0.0439115
0.5765 0.0439775
0.5775 0.0440125
0.5785 0.0440189
0.5795 0.0440121
0.5805 0.0440055
0.5815 0.0440035
0.5825 0.0440042
0.5835 0.044005
0.5845 0.0440052
0.5855 0.0440051
0.5865 0.044005
0.5875 0.044005
0.5885 0.044005
0.5895 0.044005
0.5905 0.0440049
0.5915 0.044005
0.5925 0.0440058
0.5935 0.0440065
0.5945 0.0440045
0.5955 0.043998
0.5965 0.0439912
0.5975 0.0439976
0.5985 0.0440324
0.5995 0.0440982
0.6005 0.0441777
0.6015 0.0442436
0.6025 0.0442784
0.6035 0.0442848
0.6045 0.044278
0.6055 0.0442714
0.6065 0.0442695
0.6075 0.0442702
0.6085 0.044271
0.6095 0.0442711
0.6105 0.044271
0.6115 0.0442709
0.6125 0.0442709
0.6135 0.044271
0.6145 0.0442709
0.6155 0.0442708
0.6165 0.0442709
0.6175 0.0442717
0.6185 0.0442724
0.6195 0.0442705
0.6205 0.0442639
0.6215 0.0442572
0.6225 0.0442635
0.6235 0.0442982
0.6245 0.0443639
0.6255 0.0444431
0.6265 0.0445087
0.6275 0.0445434
0.6285 0.0445498
0.6295 0.044543
0.6305 0.0445365
0.6315 0.0445345
0.6325 0.0445352
0.6335 0.044536
0.6345 0.0445362
0.6355 0.044536
0.6365 0.044536
0.6375 0.044536
0.6385 0.044536
0.6395 0.044536
0.6405 0.0445358
0.6415 0.044536
0.6425 0.0445368
0.6435 0.0445375
0.6445 0.0445355
0.6455 0.044529
0.6465 0.0445223
0.6475 0.0445286
0.6485 0.0445632
0.6495 0.0446286
0.6505 0.0447075
0.6515 0.0447729
0.6525 0.0448075
0.6535 0.0448139
0.6545 0.0448071
0.6555 0.0448006
0.6565 0.0447987
0.6575 0.0447994
0.6585 0.0448001
0.6595 0.0448003
0.6605 0.0448002
0.6615 0.0448001
0.6625 0.0448001
0.6635 0.0448002
0.6645 0.0448001
0.6655 0.0448
0.6665 0.0448001
0.6675 0.0448009
0.6685 0.0448016
0.6695 0.0447997
0.6705 0.0447932
0.6715 0.0447865
0.6725 0.0447928
0.6735 0.0448272
0.6745 0.0448924
0.6755 0.0449711
0.6765 0.0450362
0.6775 0.0450707
0.6785 0.045077
0.6795 0.0450703
0.6805 0.0450638
0.6815 0.0450619
0.6825 0.0450626
0.6835 0.0450633
0.6845 0.0450635
0.6855 0.0450634
0.6865 0.0450633
0.6875 0.0450633
0.6885 0.0450633
0.6895 0.0450633
0.6905 0.0450632
0.6915 0.0450633
0.6925 0.0450641
0.6935 0.0450648
0.6945 0.0450628
0.6955 0.0450564
0.6965 0.0450497
0.6975 0.045056
0.6985 0.0450903
0.6995 0.0451552
0.7005 0.0452336
0.7015 0.0452985
0.7025 0.0453329
0.7035 0.0453392
0.7045 0.0453324
0.7055 0.045326
0.7065 0.0453241
0.7075 0.0453248
0.7085 0.0453255
0.7095 0.0453257
0.7105 0.0453256
0.7115 0.0453255
0.7125 0.0453255
0.7135 0.0453255
0.7145 0.0453255
0.7155 0.0453254
0.7165 0.0453255
0.7175 0.0453263
0.7185 0.045327
0.7195 0.045325
0.7205 0.0453186
0.7215 0.0453119
0.7225 0.0453182
0.7235 0.0453524
0.7245 0.0454171
0.7255 0.0454951
0.7265 0.0455598
0.7275 0.045594
0.7285 0.0456003
0.7295 0.0455936
0.7305 0.0455872
0.7315 0.0455853
0.7325 0.0455859
0.7335 0.0455867
0.7345 0.0455869
0.7355 0.0455867
0.7365 0.0455867
0.7375 0.0455867
0.7385 0.0455867
0.7395 0.0455867
0.7405 0.0455865
0.7415 0.0455867
0.7425 0.0455875
0.7435 0.0455881
0.7445 0.0455862
0.7455 0.0455798
0.7465 0.0455732
0.7475 0.0455794
0.7485 0.0456135
0.7495 0.0456779
0.7505 0.0457556
0.7515 0.04582
0.7525 0.0458541
0.7535 0.0458603
0.7545 0.0458537
0.7555 0.0458473
0.7565 0.0458454
0.7575 0.0458461
0.7585 0.0458468
0.7595 0.045847
0.7605 0.0458469
0.7615 0.0458468
0.7625 0.0458468
0.7635 0.0458468
0.7645 0.0458468
0.7655 0.0458467
0.7665 0.0458468
0.7675 0.0458476
0.7685 0.0458482
0.7695 0.0458463
0.7705 0.04584
0.7715 0.0458333
0.7725 0.0458396
0.7735 0.0458735
0.7745 0.0459376
0.7755 0.046015
0.7765 0.0460792
0.7775 0.0461131
0.7785 0.0461193
0.7795 0.0461127
0.7805 0.0461063
0.7815 0.0461044
0.7825 0.0461051
0.7835 0.0461058
0.7845 0.046106
0.7855 0.0461059
0.7865 0.0461058
0.7875 0.0461058
0.7885 0.0461058
0.7895 0.0461058
0.7905 0.0461057
0.7915 0.0461058
0.7925 0.0461066
0.7935 0.0461072
0.7945 0.0461054
0.7955 0.046099
0.7965 0.0460924
0.7975 0.0460986
0.7985 0.0461324
0.7995 0.0461962
0.8005 0.0462733
0.8015 0.0463372
0.8025 0.0463709
0.8035 0.0463771
0.8045 0.0463705
0.8055 0.0463642
0.8065 0.0463623
0.8075 0.0463629
0.8085 0.0463637
0.8095 0.0463639
0.8105 0.0463637
0.8115 0.0463637
0.8125 0.0463637
0.8135 0.0463637
0.8145 0.0463637
0.8155 0.0463635
0.8165 0.0463637
0.8175 0.0463644
0.8185 0.0463651
0.8195 0.0463632
0.8205 0.0463569
0.8215 0.0463504
0.8225 0.0463565
0.8235 0.0463901
0.8245 0.0464537
0.8255 0.0465304
0.8265 0.046594
0.8275 0.0466276
0.8285 0.0466337
0.8295 0.0466272
0.8305 0.0466209
0.8315 0.046619
0.8325 0.0466197
0.8335 0.0466204
0.8345 0.0466206
0.8355 0.0466204
0.8365 0.0466204
0.8375 0.0466204
0.8385 0.0466204
0.8395 0.0466204
0.8405 0.0466203
0.8415 0.0466204
0.8425 0.0466211
0.8435 0.0466218
0.8445 0.0466199
0.8455 0.0466137
0.8465 0.0466071
0.8475 0.0466132
0.8485 0.0466467
0.8495 0.04671
0.8505 0.0467863
0.8515 0.0468496
0.8525 0.046883
0.8535 0.0468892
0.8545 0.0468826
0.8555 0.0468764
0.8565 0.0468745
0.8575 0.0468751
0.8585 0.0468759
0.8595 0.046876
0.8605 0.0468759
0.8615 0.0468759
0.8625 0.0468759
0.8635 0.0468759
0.8645 0.0468758
0.8655 0.0468757
0.8665 0.0468759
0.8675 0.0468766
0.8685 0.0468773
0.8695 0.0468754
0.8705 0.0468692
0.8715 0.0468627
0.8725 0.0468688
0.8735 0.0469021
0.8745 0.046965
0.8755 0.047041
0.8765 0.047104
0.8775 0.0471372
0.8785 0.0471433
0.8795 0.0471369
0.8805 0.0471306
0.8815 0.0471287
0.8825 0.0471295
0.8835 0.0471308
0.8845 0.0471299
0.8855 0.047125
0.8865 0.0471288
0.8875 0.0471634
0.8885 0.0471769
0.8895 0.0469929
0.8905 0.0466676
0.8915 0.0471191
0.8925 0.0494162
0.8935 0.0514444
0.8945 0.045696
0.8955 0.0264057
0.8965 0.00634927
0.8975 0.02517
0.8985 0.127893
0.8995 0.322156
0.9005 0.556584
0.9015 0.750847
0.9025 0.85357
0.9035 0.87239
0.9045 0.852334
0.9055 0.833044
0.9065 0.827295
0.9075 0.829323
0.9085 0.831621
0.9095 0.832072
0.9105 0.831747
0.9115 0.831563
0.9125 0.831576
0.9135 0.831611
0.9145 0.831615
0.9155 0.83161
0.9165 0.831609
0.9175 0.831606
0.9185 0.831604
0.9195 0.831611
0.9205 0.831638
0.9215 0.831666
0.9225 0.83164
0.9235 0.831498
0.9245 0.831231
0.9255 0.830909
0.9265 0.830642
0.9275 0.8305
0.9285 0.830474
0.9295 0.830502
0.9305 0.830528
0.9315 0.830536
0.9325 0.830534
0.9335 0.83053
0.9345 0.83053
0.9355 0.83053
0.9365 0.83053
0.9375 0.83053
0.9385 0.83053
0.9395 0.830531
0.9405 0.830531
0.9415 0.83053
0.9425 0.830527
0.9435 0.830524
0.9445 0.830532
0.9455 0.830559
0.9465 0.830586
0.9475 0.830561
0.9485 0.83042
0.9495 0.830153
0.9505 0.829831
0.9515 0.829565
0.9525 0.829424
0.9535 0.829398
0.9545 0.829426
0.9555 0.829452
0.9565 0.82946
0.9575 0.829457
0.9585 0.829454
0.9595 0.829453
0.9605 0.829454
0.9615 0.829454
0.9625 0.829454
0.9635 0.829454
0.9645 0.829454
0.9655 0.829455
0.9665 0.829454
0.9675 0.829451
0.9685 0.829448
0.9695 0.829456
0.9705 0.829482
0.9715 0.82951
0.9725 0.829484
0.9735 0.829343
0.9745 0.829078
0.9755 0.828757
0.9765 0.828491
0.9775 0.82835
0.9785 0.828324
0.9795 0.828352
0.9805 0.828378
0.9815 0.828386
0.9825 0.828383
0.9835 0.82838
0.9845 0.82838
0.9855 0.82838
0.9865 0.82838
0.9875 0.82838
0.9885 0.82838
0.9895 0.82838
0.9905 0.828381
0.9915 0.82838
0.9925 0.828377
0.9935 0.828374
0.9945 0.828382
0.9955 0.828409
0.9965 0.828436
0.9975 0.82841
0.9985 0.82827
0.9995 0.828005
