
# time = 1
0.00125 0.0702718
0.00375 0.0702721
0.00625 0.0702738
0.00875 0.0702822
0.01125 0.0703183
0.01375 0.0704491
0.01625 0.0708565
0.01875 0.0719453
0.02125 0.0744412
0.02375 0.0793592
0.02625 0.0858631
0.02875 0.0894061
0.03125 0.0901929
0.03375 0.0895146
0.03625 0.0862162
0.03875 0.0800562
0.04125 0.0753377
0.04375 0.0729443
0.04625 0.071902
0.04875 0.0715124
0.05125 0.0713873
0.05375 0.0713529
0.05625 0.0713447
0.05875 0.0713431
0.06125 0.0713429
0.06375 0.0713429
0.06625 0.0713431
0.06875 0.0713449
0.07125 0.0713535
0.07375 0.0713901
0.07625 0.0715228
0.07875 0.0719363
0.08125 0.0730411
0.08375 0.0755759
0.08625 0.080575
0.08875 0.0871613
0.09125 0.0907445
0.09375 0.0915424
0.09625 0.0908565
0.09875 0.0875133
0.10125 0.081261
0.10375 0.0764661
0.10625 0.0740338
0.10875 0.0729745
0.11125 0.0725787
0.11375 0.0724516
0.11625 0.0724166
0.11875 0.0724084
0.12125 0.0724067
0.12375 0.0724065
0.12625 0.0724065
0.12875 0.0724067
0.13125 0.0724085
0.13375 0.0724172
0.13625 0.0724543
0.13875 0.072589
0.14125 0.0730084
0.14375 0.0741292
0.14625 0.0767024
0.14875 0.0817812
0.15125 0.0884452
0.15375 0.0920739
0.15625 0.0928883
0.15875 0.0921923
0.16125 0.0887968
0.16375 0.0824551
0.16625 0.0775861
0.16875 0.0751145
0.17125 0.0740386
0.17375 0.0736366
0.17625 0.0735076
0.17875 0.073472
0.18125 0.0734637
0.18375 0.073462
0.18625 0.0734617
0.18875 0.0734617
0.19125 0.073462
0.19375 0.0734638
0.19625 0.0734726
0.19875 0.0735103
0.20125 0.0736468
0.20375 0.0740721
0.20625 0.0752088
0.20875 0.0778197
0.21125 0.0829777
0.21375 0.0897186
0.21625 0.0933934
0.21875 0.0942245
0.22125 0.0935165
0.22375 0.0900671
0.22625 0.0836399
0.22875 0.0786965
0.23125 0.0761858
0.23375 0.0750934
0.23625 0.0746853
0.23875 0.0745543
0.24125 0.0745183
0.24375 0.0745098
0.24625 0.0745081
0.24875 0.0745078
0.25125 0.0745078
0.25375 0.0745081
0.25625 0.0745099
0.25875 0.0745189
0.26125 0.074557
0.26375 0.0746954
0.26625 0.0751265
0.26875 0.076279
0.27125 0.0789272
0.27375 0.0841618
0.27625 0.0909792
0.27875 0.0946981
0.28125 0.0955562
0.28375 0.0948325
0.28625 0.0913163
0.28875 0.0848167
0.29125 0.0797964
0.29375 0.0772467
0.29625 0.076138
0.29875 0.0757239
0.30125 0.075591
0.30375 0.0755544
0.30625 0.0755458
0.30875 0.0755441
0.31125 0.0755438
0.31375 0.0755438
0.31625 0.0755441
0.31875 0.0755459
0.32125 0.075555
0.32375 0.0755936
0.32625 0.0757339
0.32875 0.0761706
0.33125 0.0773388
0.33375 0.0800236
0.33625 0.0853291
0.33875 0.0922349
0.34125 0.095986
0.34375 0.0968789
0.34625 0.0961322
0.34875 0.0925548
0.35125 0.0859796
0.35375 0.0808846
0.35625 0.0782963
0.35875 0.0771715
0.36125 0.0767515
0.36375 0.0766167
0.36625 0.0765796
0.36875 0.0765708
0.37125 0.0765691
0.37375 0.076569
0.37625 0.07657
0.37875 0.0765777
0.38125 0.0766233
0.38375 0.0768514
0.38625 0.0778187
0.38875 0.0813227
0.39125 0.0921884
0.39375 0.121022
0.39625 0.18628
0.39875 0.311333
0.40125 0.492223
0.40375 0.616292
0.40625 0.678928
0.40875 0.703398
0.41125 0.709314
0.41375 0.708947
0.41625 0.705366
0.41875 0.702268
0.42125 0.700983
0.42375 0.700522
0.42625 0.700379
0.42875 0.70034
0.43125 0.700331
0.43375 0.70033
0.43625 0.700329
0.43875 0.700329
0.44125 0.70033
0.44375 0.700331
0.44625 0.700338
0.44875 0.70037
0.45125 0.700483
0.45375 0.700834
0.45625 0.701776
0.45875 0.703941
0.46125 0.70821
0.46375 0.71366
0.46625 0.716627
0.46875 0.717298
0.47125 0.71621
0.47375 0.7121
0.47625 0.705168
0.47875 0.700059
0.48125 0.697443
0.48375 0.696299
0.48625 0.69587
0.48875 0.695732
0.49125 0.695694
0.49375 0.695685
0.49625 0.695683
0.49875 0.695683
0.50125 0.695683
0.50375 0.695683
0.50625 0.695684
0.50875 0.695692
0.51125 0.695723
0.51375 0.695838
0.51625 0.696197
0.51875 0.697156
0.52125 0.699363
0.52375 0.703705
0.52625 0.709239
0.52875 0.712301
0.53125 0.712915
0.53375 0.711836
0.53625 0.707719
0.53875 0.700691
0.54125 0.695502
0.54375 0.69285
0.54625 0.69169
0.54875 0.691255
0.55125 0.691115
0.55375 0.691076
0.55625 0.691067
0.55875 0.691065
0.56125 0.691065
0.56375 0.691065
0.56625 0.691065
0.56875 0.691067
0.57125 0.691075
0.57375 0.691108
0.57625 0.69123
0.57875 0.691625
0.58125 0.692727
0.58375 0.695248
0.58625 0.697996
0.58875 0.698074
0.59125 0.691837
0.59375 0.666751
0.59625 0.603422
0.59875 0.479096
0.60125 0.298304
0.60375 0.173397
0.60625 0.108177
0.60875 0.0793509
0.61125 0.0684867
0.61375 0.064983
0.61625 0.0640157
0.61875 0.0637877
0.62125 0.063742
0.62375 0.0637343
0.62625 0.0637333
0.62875 0.0637334
0.63125 0.0637349
0.63375 0.0637427
0.63625 0.0637755
0.63875 0.0638945
0.64125 0.0642647
0.64375 0.065254
0.64625 0.0675219
0.64875 0.0719524
0.65125 0.0778471
0.65375 0.0812469
0.65625 0.0820273
0.65875 0.0812876
0.66125 0.078253
0.66375 0.0726874
0.66625 0.068433
0.66875 0.0662773
0.67125 0.0653374
0.67375 0.0649856
0.67625 0.0648726
0.67875 0.0648414
0.68125 0.0648341
0.68375 0.0648326
0.68625 0.0648324
0.68875 0.0648324
0.69125 0.0648326
0.69375 0.0648342
0.69625 0.0648421
0.69875 0.0648754
0.70125 0.0649964
0.70375 0.0653729
0.70625 0.0663794
0.70875 0.0686857
0.71125 0.0731947
0.71375 0.0792038
0.71625 0.0826255
0.71875 0.0833787
0.72125 0.0826864
0.72375 0.079581
0.72625 0.0739361
0.72875 0.0695966
0.73125 0.0674001
0.73375 0.066443
0.73625 0.0660848
0.73875 0.0659698
0.74125 0.0659381
0.74375 0.0659306
0.74625 0.0659291
0.74875 0.0659288
0.75125 0.0659288
0.75375 0.0659291
0.75625 0.0659307
0.75875 0.0659387
0.76125 0.0659726
0.76375 0.0660956
0.76625 0.0664783
0.76875 0.0675014
0.77125 0.0698449
0.77375 0.0744286
0.77625 0.0805634
0.77875 0.0839892
0.78125 0.0847455
0.78375 0.0840704
0.78625 0.0809207
0.78875 0.0751702
0.79125 0.0707552
0.79375 0.0685189
0.79625 0.0675449
0.79875 0.0671805
0.80125 0.0670634
0.80375 0.0670311
0.80625 0.0670235
0.80875 0.067022
0.81125 0.0670218
0.81375 0.0670218
0.81625 0.067022
0.81875 0.0670237
0.82125 0.0670318
0.82375 0.0670662
0.82625 0.0671912
0.82875 0.0675802
0.83125 0.0686201
0.83375 0.0710019
0.83625 0.0756682
0.83875 0.0819059
0.84125 0.0853507
0.84375 0.0861091
0.84625 0.0854395
0.84875 0.0822593
0.85125 0.0763994
0.85375 0.0719108
0.85625 0.0696339
0.85875 0.0686427
0.86125 0.0682719
0.86375 0.0681528
0.86625 0.06812
0.86875 0.0681122
0.87125 0.0681107
0.87375 0.0681104
0.87625 0.0681104
0.87875 0.0681107
0.88125 0.0681124
0.88375 0.0681206
0.88625 0.0681556
0.88875 0.0682825
0.89125 0.0686777
0.89375 0.0697339
0.89625 0.0721528
0.89875 0.0769041
0.90125 0.0832356
0.90375 0.086708
0.90625 0.0874754
0.90875 0.086806
0.91125 0.0835884
0.91375 0.0776237
0.91625 0.0730591
0.91875 0.0707434
0.92125 0.0697352
0.92375 0.0693582
0.92625 0.0692371
0.92875 0.0692037
0.93125 0.0691959
0.93375 0.0691943
0.93625 0.069194
0.93875 0.069194
0.94125 0.0691943
0.94375 0.069196
0.94625 0.0692043
0.94875 0.0692399
0.95125 0.0693688
0.95375 0.0697701
0.95625 0.0708428
0.95875 0.0733003
0.96125 0.0781357
0.96375 0.0845558
0.96625 0.0880599
0.96875 0.0888347
0.97125 0.0881622
0.97375 0.0849077
0.97625 0.0788444
0.97875 0.0742022
0.98125 0.0718475
0.98375 0.070822
0.98625 0.0704386
0.98875 0.0703155
0.99125 0.0702816
0.99375 0.0702736
0.99625 0.070272
0.99875 0.0702718
