
# time = 1
0.00125 1.48178
0.00375 1.48178
0.00625 1.48179
0.00875 1.48184
0.01125 1.48205
0.01375 1.48281
0.01625 1.48513
0.01875 1.49117
0.02125 1.50443
0.02375 1.52923
0.02625 1.56314
0.02875 1.58875
0.03125 1.60112
0.03375 1.59476
0.03625 1.56559
0.03875 1.51363
0.04125 1.47747
0.04375 1.45934
0.04625 1.45145
0.04875 1.4485
0.05125 1.44755
0.05375 1.44729
0.05625 1.44723
0.05875 1.44722
0.06125 1.44721
0.06375 1.44721
0.06625 1.44721
0.06875 1.44722
0.07125 1.44722
0.07375 1.44726
0.07625 1.44741
0.07875 1.44784
0.08125 1.44908
0.08375 1.45189
0.08625 1.45688
0.08875 1.45602
0.09125 1.44483
0.09375 1.41764
0.09625 1.34192
0.09875 1.19139
0.10125 0.97221
0.10375 0.820431
0.10625 0.741327
0.10875 0.706392
0.11125 0.693234
0.11375 0.688991
0.11625 0.68782
0.11875 0.687543
0.12125 0.687488
0.12375 0.687479
0.12625 0.687478
0.12875 0.687478
0.13125 0.687484
0.13375 0.68751
0.13625 0.687624
0.13875 0.688035
0.14125 0.689308
0.14375 0.692702
0.14625 0.700556
0.14875 0.715642
0.15125 0.733137
0.15375 0.735126
0.15625 0.719609
0.15875 0.673166
0.16125 0.576506
0.16375 0.43209
0.16625 0.331036
0.16875 0.278551
0.17125 0.255399
0.17375 0.246678
0.17625 0.243866
0.17875 0.24309
0.18125 0.242907
0.18375 0.24287
0.18625 0.242864
0.18875 0.242863
0.19125 0.242862
0.19375 0.242856
0.19625 0.242827
0.19875 0.242701
0.20125 0.242244
0.20375 0.240826
0.20625 0.237059
0.20875 0.228542
0.21125 0.212771
0.21375 0.189141
0.21625 0.170535
0.21875 0.154565
0.22125 0.136569
0.22375 0.107282
0.22625 0.067815
0.22875 0.04144
0.23125 0.0274806
0.23375 0.021266
0.23625 0.0189153
0.23875 0.0181563
0.24125 0.0179466
0.24375 0.0178972
0.24625 0.0178873
0.24875 0.0178856
0.25125 0.0178855
0.25375 0.0178862
0.25625 0.0178905
0.25875 0.0179119
0.26125 0.0180027
0.26375 0.0183319
0.26625 0.0193542
0.26875 0.0220642
0.27125 0.0281448
0.27375 0.0398453
0.27625 0.055923
0.27875 0.067764
0.28125 0.0710705
0.28375 0.0729508
0.28625 0.0694826
0.28875 0.0630769
0.29125 0.0572549
0.29375 0.0543362
0.29625 0.0531517
0.29875 0.0527174
0.30125 0.0525777
0.30375 0.0525391
0.30625 0.0525299
0.30875 0.0525281
0.31125 0.0525278
0.31375 0.0525277
0.31625 0.0525273
0.31875 0.0525254
0.32125 0.0525157
0.32375 0.0524744
0.32625 0.0523253
0.32875 0.0518653
0.33125 0.0506575
0.33375 0.047978
0.33625 0.0432935
0.33875 0.0370419
0.34125 0.0294583
0.34375 0.021925
0.34625 0.010508
0.34875 -0.00557355
0.35125 -0.0243236
0.35375 -0.0383885
0.35625 -0.0459075
0.35875 -0.0492995
0.36125 -0.0505848
0.36375 -0.050999
0.36625 -0.051113
0.36875 -0.0511398
0.37125 -0.0511451
0.37375 -0.0511461
0.37625 -0.0511462
0.37875 -0.051146
0.38125 -0.0511451
0.38375 -0.0511407
0.38625 -0.0511222
0.38875 -0.0510563
0.39125 -0.0508573
0.39375 -0.0503402
0.39625 -0.0492078
0.39875 -0.047151
0.40125 -0.0446788
0.40375 -0.0410658
0.40625 -0.0344009
0.40875 -0.0225812
0.41125 -0.00410962
0.41375 0.015508
0.41625 0.0316724
0.41875 0.0399628
0.42125 0.0437078
0.42375 0.0451324
0.42625 0.0455923
0.42875 0.0457189
0.43125 0.0457486
0.43375 0.0457545
0.43625 0.0457556
0.43875 0.0457556
0.44125 0.0457551
0.44375 0.0457518
0.44625 0.0457356
0.44875 0.0456667
0.45125 0.0454188
0.45375 0.0446555
0.45625 0.0426442
0.45875 0.0381405
0.46125 0.0297573
0.46375 0.0178361
0.46625 0.00724112
0.46875 -0.00170705
0.47125 -0.0115639
0.47375 -0.0248452
0.47625 -0.0397741
0.47875 -0.0510365
0.48125 -0.0571471
0.48375 -0.0599146
0.48625 -0.060964
0.48875 -0.0613004
0.49125 -0.0613924
0.49375 -0.0614139
0.49625 -0.0614182
0.49875 -0.0614189
0.50125 -0.0614187
0.50375 -0.0614167
0.50625 -0.0614047
0.50875 -0.0613449
0.51125 -0.0610911
0.51375 -0.0601726
0.51625 -0.0573301
0.51875 -0.0498132
0.52125 -0.0331294
0.52375 -0.000876299
0.52625 0.045269
0.52875 0.0785758
0.53125 0.0989242
0.53375 0.111208
0.53625 0.120687
0.53875 0.127273
0.54125 0.132029
0.54375 0.134694
0.54625 0.135895
0.54875 0.136349
0.55125 0.136495
0.55375 0.136536
0.55625 0.136546
0.55875 0.136548
0.56125 0.136548
0.56375 0.136547
0.56625 0.136542
0.56875 0.136515
0.57125 0.136375
0.57375 0.135783
0.57625 0.133637
0.57875 0.126989
0.58125 0.109407
0.58375 0.070033
0.58625 -0.00704475
0.58875 -0.11356
0.59125 -0.186473
0.59375 -0.231323
0.59625 -0.256318
0.59875 -0.26874
0.60125 -0.271218
0.60375 -0.272067
0.60625 -0.272599
0.60875 -0.272966
0.61125 -0.273128
0.61375 -0.273187
0.61625 -0.273205
0.61875 -0.273209
0.62125 -0.27321
0.62375 -0.27321
0.62625 -0.273209
0.62875 -0.273202
0.63125 -0.273163
0.63375 -0.272968
0.63625 -0.272141
0.63875 -0.269143
0.64125 -0.259849
0.64375 -0.235265
0.64625 -0.179664
0.64875 -0.0721175
0.65125 0.0756827
0.65375 0.181661
0.65625 0.240954
0.65875 0.27962
0.66125 0.303049
0.66375 0.316029
0.66625 0.321503
0.66875 0.325254
0.67125 0.327095
0.67375 0.32783
0.67625 0.328074
0.67875 0.328143
0.68125 0.328159
0.68375 0.328162
0.68625 0.328163
0.68875 0.328162
0.69125 0.328161
0.69375 0.32815
0.69625 0.328097
0.69875 0.327872
0.70125 0.32706
0.70375 0.324549
0.70625 0.317966
0.70875 0.303176
0.71125 0.275608
0.71375 0.234535
0.71625 0.199525
0.71875 0.176421
0.72125 0.149716
0.72375 0.11458
0.72625 0.0653438
0.72875 0.0346244
0.73125 0.0182312
0.73375 0.0108613
0.73625 0.00805036
0.73875 0.00713706
0.74125 0.00688386
0.74375 0.00682411
0.74625 0.00681227
0.74875 0.00680997
0.75125 0.00680808
0.75375 0.00679844
0.75625 0.00674103
0.75875 0.00645383
0.76125 0.00523446
0.76375 0.000811098
0.76625 -0.0129448
0.76875 -0.0496319
0.77125 -0.133391
0.77375 -0.296518
0.77625 -0.518802
0.77875 -0.654688
0.78125 -0.706208
0.78375 -0.708733
0.78625 -0.664947
0.78875 -0.570424
0.79125 -0.483023
0.79375 -0.440748
0.79625 -0.422584
0.79875 -0.415826
0.80125 -0.413663
0.80375 -0.413069
0.80625 -0.412929
0.80875 -0.412901
0.81125 -0.412896
0.81375 -0.412895
0.81625 -0.412893
0.81875 -0.41288
0.82125 -0.412819
0.82375 -0.412555
0.82625 -0.411594
0.82875 -0.408567
0.83125 -0.400302
0.83375 -0.380571
0.83625 -0.341062
0.83875 -0.293864
0.84125 -0.284273
0.84375 -0.301891
0.84625 -0.351635
0.84875 -0.440157
0.85125 -0.584826
0.85375 -0.697083
0.85625 -0.754248
0.85875 -0.779226
0.86125 -0.7886
0.86375 -0.79161
0.86625 -0.792438
0.86875 -0.792634
0.87125 -0.792673
0.87375 -0.792679
0.87625 -0.792679
0.87875 -0.792669
0.88125 -0.792614
0.88375 -0.792338
0.88625 -0.791165
0.88875 -0.786915
0.89125 -0.773731
0.89375 -0.738741
0.89625 -0.659813
0.89875 -0.510531
0.90125 -0.30293
0.90375 -0.154355
0.90625 -0.0603193
0.90875 0.008999
0.91125 0.0592275
0.91375 0.100874
0.91625 0.122202
0.91875 0.134852
0.92125 0.140857
0.92375 0.143248
0.92625 0.14404
0.92875 0.144262
0.93125 0.144315
0.93375 0.144325
0.93625 0.144327
0.93875 0.144329
0.94125 0.144335
0.94375 0.144371
0.94625 0.144554
0.94875 0.145329
0.95125 0.14813
0.95375 0.156776
0.95625 0.17954
0.95875 0.230165
0.96125 0.323338
0.96375 0.456074
0.96625 0.578369
0.96875 0.690364
0.97125 0.813205
0.97375 0.976923
0.97625 1.19315
0.97875 1.34558
0.98125 1.42627
0.98375 1.4622
0.98625 1.47581
0.98875 1.48021
0.99125 1.48142
0.99375 1.48171
0.99625 1.48177
0.99875 1.48178
