
# time = 1
0.000625 0.97582
0.001875 0.979691
0.003125 0.986151
0.004375 0.997425
0.005625 1.01557
0.006875 1.03969
0.008125 1.05797
0.009375 1.06939
0.010625 1.07584
0.011875 1.07916
0.013125 1.08071
0.014375 1.08138
0.015625 1.08167
0.016875 1.08185
0.018125 1.08205
0.019375 1.08238
0.020625 1.08305
0.021875 1.08438
0.023125 1.08675
0.024375 1.09056
0.025625 1.09549
0.026875 1.09914
0.028125 1.1014
0.029375 1.10265
0.030625 1.10344
0.031875 1.10377
0.033125 1.10352
0.034375 1.10251
0.035625 1.10066
0.036875 1.09779
0.038125 1.09408
0.039375 1.09131
0.040625 1.08957
0.041875 1.08858
0.043125 1.08807
0.044375 1.08783
0.045625 1.08772
0.046875 1.08769
0.048125 1.0877
0.049375 1.08775
0.050625 1.08783
0.051875 1.088
0.053125 1.08836
0.054375 1.08899
0.055625 1.09004
0.056875 1.09132
0.058125 1.09213
0.059375 1.09245
0.060625 1.09227
0.061875 1.09113
0.063125 1.08792
0.064375 1.0808
0.065625 1.06682
0.066875 1.04208
0.068125 1.00253
0.069375 0.950208
0.070625 0.910699
0.071875 0.885999
0.073125 0.87204
0.074375 0.86486
0.075625 0.861483
0.076875 0.860025
0.078125 0.859448
0.079375 0.859243
0.080625 0.859186
0.081875 0.859182
0.083125 0.85921
0.084375 0.859283
0.085625 0.859427
0.086875 0.859662
0.088125 0.859868
0.089375 0.859909
0.090625 0.859757
0.091875 0.859052
0.093125 0.857053
0.094375 0.852285
0.095625 0.842082
0.096875 0.822224
0.098125 0.787087
0.099375 0.730889
0.100625 0.656482
0.101875 0.600293
0.103125 0.565168
0.104375 0.545318
0.105625 0.535109
0.106875 0.530307
0.108125 0.528236
0.109375 0.527414
0.110625 0.527114
0.111875 0.527015
0.113125 0.526989
0.114375 0.526987
0.115625 0.526995
0.116875 0.527021
0.118125 0.527051
0.119375 0.527054
0.120625 0.527004
0.121875 0.526787
0.123125 0.526135
0.124375 0.524448
0.125625 0.520513
0.126875 0.512135
0.128125 0.495844
0.129375 0.467018
0.130625 0.420907
0.131875 0.359848
0.133125 0.313738
0.134375 0.284915
0.135625 0.268626
0.136875 0.260248
0.138125 0.256309
0.139375 0.254609
0.140625 0.253934
0.141875 0.253688
0.143125 0.253605
0.144375 0.25358
0.145625 0.253574
0.146875 0.253574
0.148125 0.253575
0.149375 0.253575
0.150625 0.253566
0.151875 0.253523
0.153125 0.253387
0.154375 0.253005
0.155625 0.252034
0.156875 0.24978
0.158125 0.244987
0.159375 0.235667
0.160625 0.219175
0.161875 0.192794
0.163125 0.157859
0.164375 0.131477
0.165625 0.114986
0.166875 0.105666
0.168125 0.100873
0.169375 0.098619
0.170625 0.0976464
0.171875 0.0972605
0.173125 0.0971194
0.174375 0.0970719
0.175625 0.0970573
0.176875 0.0970533
0.178125 0.0970523
0.179375 0.0970518
0.180625 0.0970504
0.181875 0.0970448
0.183125 0.0970251
0.184375 0.0969653
0.185625 0.0968002
0.186875 0.0963832
0.188125 0.0954163
0.189375 0.0933601
0.190625 0.089362
0.191875 0.0822873
0.193125 0.07097
0.194375 0.0559834
0.195625 0.0446661
0.196875 0.0375915
0.198125 0.0335935
0.199375 0.0315373
0.200625 0.0305703
0.201875 0.0301531
0.203125 0.0299875
0.204375 0.029927
0.205625 0.0299066
0.206875 0.0299003
0.208125 0.0298983
0.209375 0.0298974
0.210625 0.0298966
0.211875 0.0298949
0.213125 0.029892
0.214375 0.029884
0.215625 0.0298632
0.216875 0.0298077
0.218125 0.0296683
0.219375 0.0293455
0.220625 0.028659
0.221875 0.0273242
0.223125 0.0249623
0.224375 0.021184
0.225625 0.0161807
0.226875 0.0124024
0.228125 0.0100406
0.229375 0.00870583
0.230625 0.00801936
0.231875 0.00769653
0.233125 0.00755725
0.234375 0.00750199
0.235625 0.00748183
0.236875 0.00747514
0.238125 0.00747325
0.239375 0.00747294
0.240625 0.00747331
0.241875 0.00747447
0.243125 0.00747669
0.244375 0.00747833
0.245625 0.00747803
0.246875 0.00747381
0.248125 0.00745997
0.249375 0.00742347
0.250625 0.00733801
0.251875 0.00715593
0.253125 0.00680168
0.254375 0.00617476
0.255625 0.0051719
0.256875 0.00384391
0.258125 0.00284106
0.259375 0.00221416
0.260625 0.00185989
0.261875 0.00167768
0.263125 0.001592
0.264375 0.00155503
0.265625 0.00154037
0.266875 0.001535
0.268125 0.00153309
0.269375 0.00153223
0.270625 0.00153145
0.271875 0.00153044
0.273125 0.00152872
0.274375 0.00152601
0.275625 0.00152234
0.276875 0.00151898
0.278125 0.00151575
0.279375 0.0015115
0.280625 0.00150309
0.281875 0.00148465
0.283125 0.0014457
0.284375 0.00137003
0.285625 0.0012361
0.286875 0.00102188
0.288125 0.000738222
0.289375 0.000524014
0.290625 0.000390107
0.291875 0.00031443
0.293125 0.000275512
0.294375 0.000257214
0.295625 0.000249331
0.296875 0.000246229
0.298125 0.00024516
0.299375 0.00024491
0.300625 0.000244982
0.301875 0.000245559
0.303125 0.000246767
0.304375 0.000248914
0.305625 0.000252348
0.306875 0.000256887
0.308125 0.000260234
0.309375 0.000262154
0.310625 0.000262414
0.311875 0.00026173
0.313125 0.000258948
0.314375 0.000252501
0.315625 0.00023957
0.316875 0.000216621
0.318125 0.00017979
0.319375 0.000131012
0.320625 9.41878e-05
0.321875 7.11719e-05
0.323125 5.81666e-05
0.324375 5.14778e-05
0.325625 4.83376e-05
0.326875 4.69797e-05
0.328125 4.64439e-05
0.329375 4.61622e-05
0.330625 4.59425e-05
0.331875 4.56251e-05
0.333125 4.49876e-05
0.334375 4.3762e-05
0.335625 4.15794e-05
0.336875 3.80764e-05
0.338125 3.34589e-05
0.339375 3.00091e-05
0.340625 2.78154e-05
0.341875 2.6489e-05
0.343125 2.5601e-05
0.344375 2.47388e-05
0.345625 2.36085e-05
0.346875 2.16715e-05
0.348125 1.82459e-05
0.349375 1.28021e-05
0.350625 5.63461e-06
0.351875 1.94309e-07
0.353125 -3.21034e-06
0.354375 -5.13168e-06
0.355625 -6.11758e-06
0.356875 -6.5747e-06
0.358125 -6.7673e-06
0.359375 -6.82639e-06
0.360625 -6.82498e-06
0.361875 -6.71467e-06
0.363125 -6.42102e-06
0.364375 -5.79759e-06
0.365625 -4.59168e-06
0.366875 -2.46004e-06
0.368125 9.47451e-07
0.369375 5.466e-06
0.370625 8.89014e-06
0.371875 1.10258e-05
0.373125 1.22134e-05
0.374375 1.27696e-05
0.375625 1.29844e-05
0.376875 1.29785e-05
0.378125 1.27957e-05
0.379375 1.23682e-05
0.380625 1.16927e-05
0.381875 1.07576e-05
0.383125 1.0039e-05
0.384375 9.59331e-06
0.385625 9.34609e-06
0.386875 9.21315e-06
0.388125 9.15612e-06
0.389375 9.11446e-06
0.390625 9.07719e-06
0.391875 9.00941e-06
0.393125 8.84969e-06
0.394375 8.48385e-06
0.395625 7.70395e-06
0.396875 6.18313e-06
0.398125 3.49222e-06
0.399375 -8.09339e-07
0.400625 -6.53065e-06
0.401875 -1.08949e-05
0.403125 -1.36021e-05
0.404375 -1.50677e-05
0.405625 -1.57799e-05
0.406875 -1.60503e-05
0.408125 -1.60302e-05
0.409375 -1.57112e-05
0.410625 -1.52915e-05
0.411875 -1.45278e-05
0.413125 -1.33739e-05
0.414375 -1.2508e-05
0.415625 -1.19683e-05
0.416875 -1.16807e-05
0.418125 -1.15128e-05
0.419375 -1.14427e-05
0.420625 -1.13813e-05
0.421875 -1.13011e-05
0.423125 -1.11535e-05
0.424375 -1.07974e-05
0.425625 -9.97464e-06
0.426875 -8.21432e-06
0.428125 -4.78549e-06
0.429375 1.28432e-06
0.430625 1.09914e-05
0.431875 2.38804e-05
0.433125 3.36944e-05
0.434375 3.97935e-05
0.435625 4.31443e-05
0.436875 4.47577e-05
0.438125 4.5351e-05
0.439375 4.5193e-05
0.440625 4.46777e-05
0.441875 4.36737e-05
0.443125 4.19402e-05
0.444375 3.93805e-05
0.445625 3.74231e-05
0.446875 3.62188e-05
0.448125 3.55588e-05
0.449375 3.5203e-05
0.450625 3.50183e-05
0.451875 3.48685e-05
0.453125 3.46623e-05
0.454375 3.42408e-05
0.455625 3.31971e-05
0.456875 3.07814e-05
0.458125 2.5629e-05
0.459375 1.55959e-05
0.460625 -2.16258e-06
0.461875 -3.05686e-05
0.463125 -6.82146e-05
0.464375 -9.67186e-05
0.465625 -0.00011457
0.466875 -0.000124564
0.468125 -0.000129433
0.469375 -0.000131347
0.470625 -0.000131656
0.471875 -0.000131278
0.473125 -0.000129889
0.474375 -0.000127333
0.475625 -0.000123594
0.476875 -0.000120652
0.478125 -0.000118864
0.479375 -0.000117871
0.480625 -0.000117355
0.481875 -0.000117046
0.483125 -0.000116753
0.484375 -0.00011627
0.485625 -0.000115111
0.486875 -0.000112222
0.488125 -0.000105532
0.489375 -9.12811e-05
0.490625 -6.3552e-05
0.491875 -1.44783e-05
0.493125 6.40315e-05
0.494375 0.000168023
0.495625 0.000246586
0.496875 0.000295797
0.498125 0.000323525
0.499375 0.000337405
0.500625 0.000343325
0.501875 0.000345354
0.503125 0.000345508
0.504375 0.00034435
0.505625 0.000341472
0.506875 0.00033693
0.508125 0.000333308
0.509375 0.000331163
0.510625 0.000329994
0.511875 0.000329337
0.513125 0.000328878
0.514375 0.000328357
0.515625 0.00032728
0.516875 0.00032455
0.518125 0.000317694
0.519375 0.000301788
0.520625 0.000267913
0.521875 0.000202029
0.523125 8.54391e-05
0.524375 -0.000101075
0.525625 -0.000348077
0.526875 -0.000534671
0.528125 -0.000651348
0.529375 -0.00071711
0.530625 -0.000750489
0.531875 -0.000765647
0.533125 -0.000771691
0.534375 -0.000773094
0.535625 -0.000772957
0.536875 -0.000770536
0.538125 -0.000765816
0.539375 -0.000761884
0.540625 -0.000759643
0.541875 -0.000758427
0.543125 -0.000757643
0.544375 -0.000757037
0.545625 -0.000756223
0.546875 -0.0007542
0.548125 -0.000748949
0.549375 -0.000735735
0.550625 -0.00070511
0.551875 -0.000639856
0.553125 -0.000512949
0.554375 -0.000288392
0.555625 7.08306e-05
0.556875 0.000546624
0.558125 0.000906006
0.559375 0.00113045
0.560625 0.00125686
0.561875 0.00132138
0.563125 0.00135154
0.564375 0.00136291
0.565625 0.00136878
0.566875 0.00136969
0.568125 0.00136783
0.569375 0.00136305
0.570625 0.00135896
0.571875 0.00135667
0.573125 0.00135547
0.574375 0.00135464
0.575625 0.00135397
0.576875 0.00135295
0.578125 0.0013502
0.579375 0.00134307
0.580625 0.00132516
0.581875 0.0012837
0.583125 0.00119531
0.584375 0.0010234
0.585625 0.000719213
0.586875 0.00023254
0.588125 -0.000411804
0.589375 -0.000898739
0.590625 -0.00120272
0.591875 -0.00137365
0.593125 -0.00146042
0.594375 -0.00150119
0.595625 -0.0015188
0.596875 -0.0015266
0.598125 -0.00152759
0.599375 -0.0015251
0.600625 -0.00151895
0.601875 -0.00151364
0.603125 -0.00151068
0.604375 -0.00150914
0.605625 -0.00150823
0.606875 -0.00150769
0.608125 -0.00150727
0.609375 -0.00150609
0.610625 -0.00150339
0.611875 -0.00149656
0.613125 -0.0014808
0.614375 -0.00144718
0.615625 -0.00138181
0.616875 -0.00126615
0.618125 -0.00108119
0.619375 -0.000835614
0.620625 -0.000649985
0.621875 -0.000534787
0.623125 -0.000470352
0.624375 -0.000437625
0.625625 -0.000422962
0.626875 -0.000418165
0.628125 -0.000418358
0.629375 -0.00042179
0.630625 -0.000430199
0.631875 -0.000443688
0.633125 -0.000454211
0.634375 -0.000460595
0.635625 -0.000464032
0.636875 -0.000465513
0.638125 -0.000465159
0.639375 -0.000463805
0.640625 -0.000458208
0.641875 -0.00044231
0.643125 -0.000402374
0.644375 -0.000309572
0.645625 -0.000112063
0.646875 0.000272002
0.648125 0.000951693
0.649375 0.0020391
0.650625 0.0034786
0.651875 0.00456449
0.653125 0.00524208
0.654375 0.00562322
0.655625 0.00582155
0.656875 0.00591873
0.658125 0.00596912
0.659375 0.00599798
0.660625 0.00602288
0.661875 0.00605273
0.663125 0.00608786
0.664375 0.0061157
0.665625 0.00613358
0.666875 0.00614342
0.668125 0.00614739
0.669375 0.00614743
0.670625 0.00614317
0.671875 0.00612924
0.673125 0.0060892
0.674375 0.00598737
0.675625 0.00575034
0.676875 0.00524608
0.678125 0.00426587
0.679375 0.00253131
0.680625 -0.00024408
0.681875 -0.00391865
0.683125 -0.00669059
0.684375 -0.00841916
0.685625 -0.00939008
0.686875 -0.00989431
0.688125 -0.0101465
0.689375 -0.0102714
0.690625 -0.0103527
0.691875 -0.0104221
0.693125 -0.0105081
0.694375 -0.0106005
0.695625 -0.0106758
0.696875 -0.0107241
0.698125 -0.0107515
0.699375 -0.0107645
0.700625 -0.0107701
0.701875 -0.0107712
0.703125 -0.010767
0.704375 -0.010751
0.705625 -0.0107091
0.706875 -0.0106107
0.708125 -0.0104014
0.709375 -0.009995
0.710625 -0.00927599
0.711875 -0.00812511
0.713125 -0.00660277
0.714375 -0.00546137
0.715625 -0.00475312
0.716875 -0.00435013
0.718125 -0.00412875
0.719375 -0.00399217
0.720625 -0.00390505
0.721875 -0.00381648
0.723125 -0.00370108
0.724375 -0.00351931
0.725625 -0.00328407
0.726875 -0.00309376
0.728125 -0.00297768
0.729375 -0.00291339
0.730625 -0.00287929
0.731875 -0.00285712
0.733125 -0.00283371
0.734375 -0.00279366
0.735625 -0.00269425
0.736875 -0.00244618
0.738125 -0.00187001
0.739375 -0.000642803
0.740625 0.00174452
0.741875 0.00596917
0.743125 0.0127274
0.744375 0.0216801
0.745625 0.0284509
0.746875 0.0326833
0.748125 0.0350579
0.749375 0.0362497
0.750625 0.0367574
0.751875 0.0369166
0.753125 0.0369154
0.754375 0.0367829
0.755625 0.0364572
0.756875 0.0359805
0.758125 0.0355999
0.759375 0.0353714
0.760625 0.0352444
0.761875 0.0351795
0.763125 0.0351438
0.764375 0.0351124
0.765625 0.0350678
0.766875 0.0349671
0.768125 0.034721
0.769375 0.0341501
0.770625 0.0329326
0.771875 0.0305625
0.773125 0.0263682
0.774375 0.0196594
0.775625 0.0107736
0.776875 0.00404816
0.778125 -0.000159671
0.779375 -0.00253485
0.780625 -0.00372109
0.781875 -0.00420042
0.783125 -0.00430067
0.784375 -0.00422217
0.785625 -0.00403464
0.786875 -0.00359895
0.788125 -0.00296097
0.789375 -0.00244709
0.790625 -0.00213299
0.791875 -0.00195747
0.793125 -0.00187704
0.794375 -0.00185564
0.795625 -0.00187492
0.796875 -0.00195855
0.798125 -0.00221751
0.799375 -0.00288676
0.800625 -0.00444823
0.801875 -0.00776851
0.803125 -0.0142219
0.804375 -0.0256403
0.805625 -0.0439087
0.806875 -0.0680956
0.808125 -0.0863512
0.809375 -0.0977569
0.810625 -0.104173
0.811875 -0.107457
0.813125 -0.109022
0.814375 -0.109767
0.815625 -0.110183
0.816875 -0.110461
0.818125 -0.110704
0.819375 -0.110906
0.820625 -0.111051
0.821875 -0.111158
0.823125 -0.111221
0.824375 -0.111251
0.825625 -0.111261
0.826875 -0.111263
0.828125 -0.111257
0.829375 -0.111221
0.830625 -0.111117
0.831875 -0.110876
0.833125 -0.110368
0.834375 -0.109383
0.835625 -0.107642
0.836875 -0.104861
0.838125 -0.101145
0.839375 -0.0983147
0.840625 -0.0965535
0.841875 -0.0956145
0.843125 -0.0951897
0.844375 -0.0950768
0.845625 -0.0952062
0.846875 -0.0955561
0.848125 -0.0961733
0.849375 -0.0972203
0.850625 -0.09864
0.851875 -0.0997513
0.853125 -0.100443
0.854375 -0.100831
0.855625 -0.101007
0.856875 -0.101058
0.858125 -0.101026
0.859375 -0.100843
0.860625 -0.100282
0.861875 -0.0988302
0.863125 -0.0954523
0.864375 -0.0882693
0.865625 -0.0743066
0.866875 -0.0495986
0.868125 -0.0100595
0.869375 0.0422703
0.870625 0.0817133
0.871875 0.106286
0.873125 0.120129
0.874375 0.127356
0.875625 0.131083
0.876875 0.133352
0.878125 0.135227
0.879375 0.137288
0.880625 0.139978
0.881875 0.14342
0.883125 0.146164
0.884375 0.14788
0.885625 0.148838
0.886875 0.149336
0.888125 0.149625
0.889375 0.149879
0.890625 0.150244
0.891875 0.151071
0.893125 0.15313
0.894375 0.157919
0.895625 0.168123
0.896875 0.187975
0.898125 0.223111
0.899375 0.279332
0.900625 0.35377
0.901875 0.409941
0.903125 0.444963
0.904375 0.464646
0.905625 0.474611
0.906875 0.479269
0.908125 0.481203
0.909375 0.482113
0.910625 0.482057
0.911875 0.480979
0.913125 0.479192
0.914375 0.477927
0.915625 0.477165
0.916875 0.476734
0.918125 0.476529
0.919375 0.476493
0.920625 0.476573
0.921875 0.476803
0.923125 0.477459
0.924375 0.479139
0.925625 0.48307
0.926875 0.491446
0.928125 0.507739
0.929375 0.536573
0.930625 0.582706
0.931875 0.643825
0.933125 0.689994
0.934375 0.718776
0.935625 0.734829
0.936875 0.742635
0.938125 0.745607
0.939375 0.746058
0.940625 0.745006
0.941875 0.741603
0.943125 0.734896
0.944375 0.725654
0.945625 0.718762
0.946875 0.714497
0.948125 0.712088
0.949375 0.710858
0.950625 0.710328
0.951875 0.710181
0.953125 0.710214
0.954375 0.710526
0.955625 0.711467
0.956875 0.713718
0.958125 0.718517
0.959375 0.727845
0.960625 0.74435
0.961875 0.770766
0.963125 0.805656
0.964375 0.831914
0.965625 0.848266
0.966875 0.857565
0.968125 0.862644
0.969375 0.865792
0.970625 0.868263
0.971875 0.871198
0.973125 0.875534
0.974375 0.882132
0.975625 0.890855
0.976875 0.897527
0.978125 0.901709
0.979375 0.904073
0.980625 0.905287
0.981875 0.905866
0.983125 0.906136
0.984375 0.906313
0.985625 0.906534
0.986875 0.906962
0.988125 0.907923
0.989375 0.909973
0.990625 0.913971
0.991875 0.921056
0.993125 0.932404
0.994375 0.947261
0.995625 0.958373
0.996875 0.965328
0.998125 0.969627
0.999375 0.972753
