
# time = 1
0.005 10.0691
0.015 10.0691
0.025 10.0691
0.035 10.0691
0.045 10.0691
0.055 10.0691
0.065 10.0639
0.075 9.97927
0.085 9.39584
0.095 7.16659
0.105 2.83347
0.115 0.838761
0.125 -0.0302526
0.135 -0.560424
0.145 -1.46626
0.155 -4.02231
0.165 -5.26939
0.175 -5.59659
0.185 -5.64403
0.195 -5.64697
0.205 -5.64697
0.215 -5.64697
0.225 -5.64697
0.235 -5.64697
0.245 -5.64697
0.255 -5.64697
0.265 -5.64697
0.275 -5.64697
0.285 -5.64697
0.295 -5.64697
0.305 -5.64697
0.315 -5.64403
0.325 -5.59659
0.335 -5.26939
0.345 -4.01116
0.355 -1.57581
0.365 -0.539059
0.375 -0.00929619
0.385 0.379256
0.395 1.12195
0.405 2.82462
0.415 3.70059
0.425 3.93037
0.435 3.96369
0.445 3.96576
0.455 3.96576
0.465 3.96576
0.475 3.96576
0.485 3.96576
0.495 3.96576
0.505 3.96576
0.515 3.96576
0.525 3.96576
0.535 3.96576
0.545 3.96576
0.555 3.96576
0.565 3.96369
0.575 3.93037
0.585 3.70059
0.595 2.81778
0.605 1.1483
0.615 0.340262
0.625 -0.0523883
0.635 -0.548344
0.645 -2.13107
0.655 -5.25781
0.665 -6.8939
0.675 -7.32197
0.685 -7.38404
0.695 -7.38789
0.705 -7.38789
0.715 -7.38789
0.725 -7.38789
0.735 -7.38789
0.745 -7.38789
0.755 -7.38789
0.765 -7.38789
0.775 -7.38789
0.785 -7.38789
0.795 -7.38789
0.805 -7.38789
0.815 -7.38404
0.825 -7.32197
0.835 -6.8939
0.845 -5.26305
0.855 -2.11721
0.865 -0.519264
0.875 0.04408
0.885 0.824054
0.895 2.74694
0.905 7.17027
0.915 9.39584
0.925 9.97927
0.935 10.0639
0.945 10.0691
0.955 10.0691
0.965 10.0691
0.975 10.0691
0.985 10.0691
0.995 10.0691
