
# time = 1
0.000833333 0.0780786
0.0025 0.0780773
0.00416667 0.0780716
0.00583333 0.0780522
0.0075 0.0779939
0.00916667 0.0778351
0.0108333 0.0774461
0.0125 0.07659
0.0141667 0.0749011
0.0158333 0.0719147
0.0175 0.0686246
0.0191667 0.0669701
0.0208333 0.0666369
0.0225 0.067047
0.0241667 0.0688746
0.0258333 0.0724089
0.0275 0.0755422
0.0291667 0.0773114
0.0308333 0.0782086
0.0325 0.0786169
0.0341667 0.0787837
0.0358333 0.078845
0.0375 0.0788654
0.0391667 0.0788714
0.0408333 0.0788728
0.0425 0.0788728
0.0441667 0.0788715
0.0458333 0.0788657
0.0475 0.0788462
0.0491667 0.0787872
0.0508333 0.0786267
0.0525 0.0782333
0.0541667 0.0773677
0.0558333 0.0756601
0.0575 0.072641
0.0591667 0.0693185
0.0608333 0.0676508
0.0625 0.0673161
0.0641667 0.067731
0.0658333 0.0695703
0.0675 0.0731287
0.0691667 0.0762972
0.0708333 0.0780861
0.0725 0.0789926
0.0741667 0.079405
0.0758333 0.0795735
0.0775 0.0796354
0.0791667 0.0796559
0.0808333 0.079662
0.0825 0.0796634
0.0841667 0.0796634
0.0858333 0.0796621
0.0875 0.0796563
0.0891667 0.0796365
0.0908333 0.0795769
0.0925 0.0794146
0.0941667 0.0790169
0.0958333 0.0781417
0.0975 0.0764157
0.0991667 0.0733649
0.100833 0.0700099
0.1025 0.0683278
0.104167 0.0679912
0.105833 0.0684111
0.1075 0.0702636
0.109167 0.0738462
0.110833 0.0770482
0.1125 0.0788567
0.114167 0.0797727
0.115833 0.0801892
0.1175 0.0803594
0.119167 0.0804219
0.120833 0.0804427
0.1225 0.0804488
0.124167 0.0804502
0.125833 0.0804502
0.1275 0.0804489
0.129167 0.080443
0.130833 0.080423
0.1325 0.0803628
0.134167 0.0801988
0.135833 0.0797968
0.1375 0.078912
0.139167 0.0771673
0.140833 0.0740862
0.1425 0.0706991
0.144167 0.069
0.145833 0.0686606
0.1475 0.0690871
0.149167 0.0709546
0.150833 0.0745604
0.1525 0.0777955
0.154167 0.0796235
0.155833 0.0805488
0.1575 0.0809694
0.159167 0.0811412
0.160833 0.0812043
0.1625 0.0812253
0.164167 0.0812315
0.165833 0.0812329
0.1675 0.0812329
0.169167 0.0812315
0.170833 0.0812256
0.1725 0.0812054
0.174167 0.0811446
0.175833 0.0809788
0.1775 0.0805725
0.179167 0.0796782
0.180833 0.0779151
0.1825 0.074804
0.184167 0.0713849
0.185833 0.0696685
0.1875 0.0693262
0.189167 0.0697591
0.190833 0.0716418
0.1925 0.075271
0.194167 0.0785386
0.195833 0.0803859
0.1975 0.0813204
0.199167 0.0817451
0.200833 0.0819186
0.2025 0.0819824
0.204167 0.0820035
0.205833 0.0820097
0.2075 0.0820112
0.209167 0.0820112
0.210833 0.0820098
0.2125 0.0820038
0.214167 0.0819834
0.215833 0.0819219
0.2175 0.0817545
0.219167 0.081344
0.220833 0.0804402
0.2225 0.078658
0.224167 0.0755185
0.225833 0.0720694
0.2275 0.0703309
0.229167 0.0699843
0.230833 0.070427
0.2325 0.0723274
0.234167 0.0759773
0.235833 0.0792775
0.2375 0.0811437
0.239167 0.0820875
0.240833 0.0825162
0.2425 0.0826913
0.244167 0.0827557
0.245833 0.082777
0.2475 0.0827833
0.249167 0.0827848
0.250833 0.0827848
0.2525 0.0827834
0.254167 0.0827773
0.255833 0.0827568
0.2575 0.0826946
0.259167 0.0825255
0.260833 0.0821108
0.2625 0.0811975
0.264167 0.0793971
0.265833 0.0762288
0.2675 0.0727493
0.269167 0.0709894
0.270833 0.0706386
0.2725 0.0710907
0.274167 0.0730077
0.275833 0.0766791
0.2775 0.0800122
0.279167 0.0818967
0.280833 0.0828496
0.2825 0.0832824
0.284167 0.0834591
0.285833 0.083524
0.2875 0.0835456
0.289167 0.0835519
0.290833 0.0835534
0.2925 0.0835534
0.294167 0.083552
0.295833 0.0835459
0.2975 0.0835251
0.299167 0.0834624
0.300833 0.0832916
0.3025 0.0828727
0.304167 0.0819499
0.305833 0.0801307
0.3075 0.0769313
0.309167 0.0734326
0.310833 0.0716409
0.3125 0.071283
0.314167 0.071753
0.315833 0.0736838
0.3175 0.0773767
0.319167 0.080742
0.320833 0.0826445
0.3225 0.0836065
0.324167 0.0840433
0.325833 0.0842216
0.3275 0.0842871
0.329167 0.0843089
0.330833 0.0843153
0.3325 0.0843168
0.334167 0.0843168
0.335833 0.0843154
0.3375 0.0843092
0.339167 0.0842882
0.340833 0.0842249
0.3425 0.0840524
0.344167 0.0836294
0.345833 0.0826973
0.3475 0.0808604
0.349167 0.0776314
0.350833 0.0741066
0.3525 0.0722893
0.354167 0.0719224
0.355833 0.0724117
0.3575 0.0743511
0.359167 0.0780711
0.360833 0.0814672
0.3625 0.0833871
0.364167 0.0843579
0.365833 0.0847986
0.3675 0.0849786
0.369167 0.0850447
0.370833 0.0850666
0.3725 0.0850731
0.374167 0.0850746
0.375833 0.0850746
0.3775 0.0850731
0.379167 0.0850664
0.380833 0.0850435
0.3825 0.0849726
0.384167 0.0847758
0.385833 0.0842814
0.3875 0.0832496
0.389167 0.0825923
0.390833 0.0829944
0.3925 0.0865468
0.394167 0.0991355
0.395833 0.130852
0.3975 0.195935
0.399167 0.309704
0.400833 0.466698
0.4025 0.581639
0.404167 0.648781
0.405833 0.683458
0.4075 0.699405
0.409167 0.705967
0.410833 0.70839
0.4125 0.709194
0.414167 0.709435
0.415833 0.709499
0.4175 0.709514
0.419167 0.709515
0.420833 0.70951
0.4225 0.709489
0.424167 0.709425
0.425833 0.709251
0.4275 0.708827
0.429167 0.707897
0.430833 0.706073
0.4325 0.70288
0.434167 0.69905
0.435833 0.69681
0.4375 0.696202
0.439167 0.696563
0.440833 0.698085
0.4425 0.70096
0.444167 0.70362
0.445833 0.70515
0.4475 0.705921
0.449167 0.706271
0.450833 0.706414
0.4525 0.706466
0.454167 0.706484
0.455833 0.706489
0.4575 0.70649
0.459167 0.70649
0.460833 0.706488
0.4625 0.706482
0.464167 0.706461
0.465833 0.706396
0.4675 0.706221
0.469167 0.705793
0.470833 0.704854
0.4725 0.703009
0.474167 0.69978
0.475833 0.695925
0.4775 0.693678
0.479167 0.693098
0.480833 0.693411
0.4825 0.694957
0.484167 0.697882
0.485833 0.700573
0.4875 0.702116
0.489167 0.702898
0.490833 0.703252
0.4925 0.703397
0.494167 0.70345
0.495833 0.703467
0.4975 0.703473
0.499167 0.703474
0.500833 0.703474
0.5025 0.703472
0.504167 0.703466
0.505833 0.703444
0.5075 0.703379
0.509167 0.703202
0.510833 0.70277
0.5125 0.701822
0.514167 0.69996
0.515833 0.696695
0.5175 0.692806
0.519167 0.690583
0.520833 0.689974
0.5225 0.690274
0.524167 0.691851
0.525833 0.694817
0.5275 0.697535
0.529167 0.699096
0.530833 0.699887
0.5325 0.700246
0.534167 0.700392
0.535833 0.700446
0.5375 0.700464
0.539167 0.700469
0.540833 0.70047
0.5425 0.70047
0.544167 0.700469
0.545833 0.700462
0.5475 0.70044
0.549167 0.700375
0.550833 0.700196
0.5525 0.69976
0.554167 0.698804
0.555833 0.69692
0.5575 0.69362
0.559167 0.689701
0.560833 0.687493
0.5625 0.686876
0.564167 0.687162
0.565833 0.688747
0.5675 0.691765
0.569167 0.694513
0.570833 0.696089
0.5725 0.69689
0.574167 0.697253
0.575833 0.697402
0.5775 0.697456
0.579167 0.697474
0.580833 0.697478
0.5825 0.697476
0.584167 0.697462
0.585833 0.697397
0.5875 0.697157
0.589167 0.696352
0.590833 0.69393
0.5925 0.68737
0.594167 0.67143
0.595833 0.636775
0.5975 0.569693
0.599167 0.454903
0.600833 0.297929
0.6025 0.183915
0.604167 0.118343
0.605833 0.0861254
0.6075 0.0732366
0.609167 0.0695209
0.610833 0.0689994
0.6125 0.0694049
0.614167 0.0701447
0.615833 0.070558
0.6175 0.0707272
0.619167 0.0707878
0.620833 0.0708072
0.6225 0.0708128
0.624167 0.0708141
0.625833 0.0708141
0.6275 0.0708129
0.629167 0.0708078
0.630833 0.0707903
0.6325 0.0707377
0.634167 0.0705947
0.635833 0.070245
0.6375 0.0694763
0.639167 0.0679582
0.640833 0.0652696
0.6425 0.0623077
0.644167 0.0607491
0.645833 0.0603384
0.6475 0.06075
0.649167 0.062575
0.650833 0.0658229
0.6525 0.0686167
0.654167 0.0702128
0.655833 0.0710257
0.6575 0.0713963
0.659167 0.0715477
0.660833 0.0716034
0.6625 0.0716219
0.664167 0.0716273
0.665833 0.0716286
0.6675 0.0716286
0.669167 0.0716274
0.670833 0.0716222
0.6725 0.0716045
0.674167 0.0715513
0.675833 0.0714065
0.6775 0.0710524
0.679167 0.0702736
0.680833 0.0687354
0.6825 0.0660134
0.684167 0.0630234
0.685833 0.0614351
0.6875 0.0610582
0.689167 0.0614547
0.690833 0.063276
0.6925 0.0665647
0.694167 0.0693939
0.695833 0.0710094
0.6975 0.071832
0.699167 0.0722068
0.700833 0.07236
0.7025 0.0724163
0.704167 0.072435
0.705833 0.0724406
0.7075 0.0724418
0.709167 0.0724419
0.710833 0.0724406
0.7125 0.0724353
0.714167 0.0724175
0.715833 0.0723636
0.7175 0.0722171
0.719167 0.0718587
0.720833 0.0710705
0.7225 0.0695126
0.724167 0.066759
0.725833 0.0637284
0.7275 0.0621259
0.729167 0.0617727
0.730833 0.0621638
0.7325 0.0639661
0.734167 0.0673091
0.735833 0.0701716
0.7375 0.0718052
0.739167 0.072637
0.740833 0.0730159
0.7425 0.0731708
0.744167 0.0732278
0.745833 0.0732467
0.7475 0.0732523
0.749167 0.0732536
0.750833 0.0732536
0.7525 0.0732524
0.754167 0.073247
0.755833 0.0732289
0.7575 0.0731744
0.759167 0.0730261
0.760833 0.0726633
0.7625 0.0718651
0.764167 0.0702876
0.765833 0.0675046
0.7675 0.0644301
0.769167 0.0628231
0.770833 0.0624782
0.7725 0.06287
0.774167 0.0646685
0.775833 0.0680445
0.7775 0.0709458
0.779167 0.0725987
0.780833 0.0734401
0.7825 0.0738233
0.784167 0.0739799
0.785833 0.0740375
0.7875 0.0740566
0.789167 0.0740623
0.790833 0.0740636
0.7925 0.0740636
0.794167 0.0740623
0.795833 0.0740569
0.7975 0.0740386
0.799167 0.0739835
0.800833 0.0738335
0.8025 0.0734664
0.804167 0.0726586
0.805833 0.0710623
0.8075 0.0682467
0.809167 0.0651294
0.810833 0.0635191
0.8125 0.0631812
0.814167 0.0635744
0.815833 0.0653685
0.8175 0.0687773
0.819167 0.0717199
0.820833 0.0733908
0.8225 0.0742413
0.824167 0.0746287
0.825833 0.074787
0.8275 0.0748452
0.829167 0.0748645
0.830833 0.0748702
0.8325 0.0748716
0.834167 0.0748716
0.835833 0.0748703
0.8375 0.0748649
0.839167 0.0748464
0.840833 0.0747906
0.8425 0.0746388
0.844167 0.0742672
0.845833 0.0734496
0.8475 0.0718347
0.849167 0.0689854
0.850833 0.0658312
0.8525 0.0642144
0.854167 0.0638793
0.855833 0.0642752
0.8575 0.0660727
0.859167 0.0695075
0.860833 0.0724896
0.8625 0.0741802
0.864167 0.0750402
0.865833 0.0754318
0.8675 0.0755919
0.869167 0.0756507
0.870833 0.0756702
0.8725 0.075676
0.874167 0.0756773
0.875833 0.0756773
0.8775 0.0756761
0.879167 0.0756705
0.880833 0.0756518
0.8825 0.0755954
0.884167 0.0754419
0.885833 0.075066
0.8875 0.0742388
0.889167 0.0726056
0.890833 0.0697212
0.8925 0.0665307
0.894167 0.0649073
0.895833 0.0645746
0.8975 0.0649733
0.899167 0.0667745
0.900833 0.0702354
0.9025 0.073258
0.904167 0.0749677
0.905833 0.0758367
0.9075 0.0762325
0.909167 0.0763942
0.910833 0.0764537
0.9125 0.0764734
0.914167 0.0764792
0.915833 0.0764806
0.9175 0.0764806
0.919167 0.0764793
0.920833 0.0764737
0.9225 0.0764548
0.924167 0.0763977
0.925833 0.0762424
0.9275 0.0758622
0.929167 0.0750252
0.930833 0.0733734
0.9325 0.0704549
0.934167 0.0672307
0.935833 0.065598
0.9375 0.0652657
0.939167 0.0656679
0.940833 0.0674767
0.9425 0.070962
0.944167 0.0740222
0.945833 0.0757518
0.9475 0.0766304
0.949167 0.0770304
0.950833 0.0771938
0.9525 0.0772539
0.954167 0.0772738
0.955833 0.0772797
0.9575 0.0772811
0.959167 0.0772811
0.960833 0.0772798
0.9625 0.0772742
0.964167 0.077255
0.965833 0.0771973
0.9675 0.0770403
0.969167 0.0766557
0.970833 0.0758093
0.9725 0.0741389
0.974167 0.0711858
0.975833 0.0679282
0.9775 0.0662855
0.979167 0.0659533
0.980833 0.0663592
0.9825 0.0681763
0.984167 0.0716863
0.985833 0.0747842
0.9875 0.0765335
0.989167 0.0774212
0.990833 0.0778253
0.9925 0.0779904
0.994167 0.0780511
0.995833 0.0780713
0.9975 0.0780772
0.999167 0.0780786
