
# time = 1
0.000833333 1.05472
0.0025 1.05474
0.00416667 1.05481
0.00583333 1.05503
0.0075 1.05571
0.00916667 1.05755
0.0108333 1.06199
0.0125 1.07162
0.0141667 1.09016
0.0158333 1.1216
0.0175 1.16498
0.0191667 1.19888
0.0208333 1.22225
0.0225 1.24086
0.0241667 1.25628
0.0258333 1.26944
0.0275 1.27853
0.0291667 1.28408
0.0308333 1.28699
0.0325 1.28835
0.0341667 1.2889
0.0358333 1.28911
0.0375 1.28918
0.0391667 1.2892
0.0408333 1.2892
0.0425 1.2892
0.0441667 1.28917
0.0458333 1.28908
0.0475 1.28876
0.0491667 1.28781
0.0508333 1.28524
0.0525 1.27898
0.0541667 1.26537
0.0558333 1.239
0.0575 1.19386
0.0591667 1.13202
0.0608333 1.08771
0.0625 1.06279
0.0641667 1.05134
0.0658333 1.04791
0.0675 1.04778
0.0691667 1.04891
0.0708333 1.04989
0.0725 1.05049
0.0741667 1.0508
0.0758333 1.05093
0.0775 1.05098
0.0791667 1.051
0.0808333 1.051
0.0825 1.051
0.0841667 1.05099
0.0858333 1.05094
0.0875 1.05077
0.0891667 1.05019
0.0908333 1.04843
0.0925 1.04367
0.0941667 1.03212
0.0958333 1.00699
0.0975 0.958388
0.0991667 0.875292
0.100833 0.761552
0.1025 0.678598
0.104167 0.630301
0.105833 0.605666
0.1075 0.594671
0.109167 0.590428
0.110833 0.589085
0.1125 0.588756
0.114167 0.588719
0.115833 0.588744
0.1175 0.588761
0.119167 0.588769
0.120833 0.588773
0.1225 0.588773
0.124167 0.588772
0.125833 0.588763
0.1275 0.588728
0.129167 0.588596
0.130833 0.588153
0.1325 0.586821
0.134167 0.583214
0.135833 0.57445
0.1375 0.555401
0.139167 0.51855
0.140833 0.455567
0.1425 0.369343
0.144167 0.306355
0.145833 0.26948
0.1475 0.250378
0.149167 0.241525
0.150833 0.23781
0.1525 0.236385
0.154167 0.235881
0.155833 0.235724
0.1575 0.235668
0.159167 0.235656
0.160833 0.235653
0.1625 0.235652
0.164167 0.235652
0.165833 0.235651
0.1675 0.235647
0.169167 0.23563
0.170833 0.235568
0.1725 0.235359
0.174167 0.234732
0.175833 0.233034
0.1775 0.228907
0.179167 0.219938
0.180833 0.202586
0.1825 0.17293
0.184167 0.132323
0.185833 0.102687
0.1875 0.0853918
0.189167 0.0765316
0.190833 0.0725345
0.1925 0.0709833
0.194167 0.0704608
0.195833 0.0703179
0.1975 0.0702881
0.199167 0.0702955
0.200833 0.0702982
0.2025 0.0703001
0.204167 0.0703007
0.205833 0.0703009
0.2075 0.0703006
0.209167 0.0702994
0.210833 0.0702939
0.2125 0.0702736
0.214167 0.0702056
0.215833 0.0700008
0.2175 0.0694464
0.219167 0.0680993
0.220833 0.0651714
0.2225 0.0595046
0.224167 0.0498099
0.225833 0.0365585
0.2275 0.0268927
0.229167 0.0212705
0.230833 0.0183664
0.2325 0.0170944
0.234167 0.016495
0.235833 0.0163703
0.2375 0.0163449
0.239167 0.0163439
0.240833 0.0163468
0.2425 0.0163486
0.244167 0.0163493
0.245833 0.0163496
0.2475 0.0163497
0.249167 0.0163496
0.250833 0.0163493
0.2525 0.016348
0.254167 0.016343
0.255833 0.0163264
0.2575 0.0162765
0.259167 0.0161412
0.260833 0.0158126
0.2625 0.0150981
0.264167 0.0137142
0.265833 0.0113477
0.2675 0.0081394
0.269167 0.0057503
0.270833 0.00427989
0.2725 0.00335593
0.274167 0.00262072
0.275833 0.00208154
0.2775 0.00176907
0.279167 0.0015899
0.280833 0.00149722
0.2825 0.00145446
0.284167 0.00143686
0.285833 0.00143037
0.2875 0.00142822
0.289167 0.00142759
0.290833 0.00142739
0.2925 0.00142727
0.294167 0.00142698
0.295833 0.00142597
0.2975 0.00142259
0.299167 0.00141237
0.300833 0.00138464
0.3025 0.00131693
0.304167 0.00116905
0.305833 0.00088013
0.3075 0.000408312
0.309167 -0.000157702
0.310833 -0.000515508
0.3125 -0.000644667
0.314167 -0.000465755
0.315833 5.21818e-05
0.3175 0.000894911
0.319167 0.00154387
0.320833 0.00191886
0.3225 0.00211149
0.324167 0.00219968
0.325833 0.00223587
0.3275 0.00224921
0.329167 0.00225364
0.330833 0.00225495
0.3325 0.0022553
0.334167 0.00225542
0.335833 0.0022555
0.3375 0.0022557
0.339167 0.00225634
0.340833 0.00225832
0.3425 0.00226375
0.344167 0.00227719
0.345833 0.00230699
0.3475 0.00237085
0.349167 0.00244346
0.350833 0.00243618
0.3525 0.00234922
0.354167 0.00212874
0.355833 0.00160136
0.3575 0.000620579
0.359167 -0.000803569
0.360833 -0.00184862
0.3625 -0.00245929
0.364167 -0.00277395
0.365833 -0.00291832
0.3675 -0.0029776
0.369167 -0.00299946
0.370833 -0.0030067
0.3725 -0.00300886
0.374167 -0.00300945
0.375833 -0.00300961
0.3775 -0.00300972
0.379167 -0.00300999
0.380833 -0.00301086
0.3825 -0.00301353
0.384167 -0.00302098
0.385833 -0.0030398
0.3875 -0.00308196
0.389167 -0.00315932
0.390833 -0.0032704
0.3925 -0.00330503
0.394167 -0.00307938
0.395833 -0.00273033
0.3975 -0.00191927
0.399167 -0.000434404
0.400833 0.00171124
0.4025 0.00327492
0.404167 0.00419074
0.405833 0.00466321
0.4075 0.00488033
0.409167 0.00496959
0.410833 0.00500252
0.4125 0.00501345
0.414167 0.00501671
0.415833 0.00501758
0.4175 0.00501777
0.419167 0.00501782
0.420833 0.00501774
0.4225 0.0050174
0.424167 0.00501645
0.425833 0.00501409
0.4275 0.00500905
0.429167 0.0049995
0.430833 0.0049817
0.4325 0.00495352
0.434167 0.0047942
0.435833 0.00421784
0.4375 0.00351371
0.439167 0.00218583
0.440833 -2.69578e-05
0.4425 -0.0030855
0.444167 -0.00531375
0.445833 -0.00662276
0.4475 -0.00730006
0.449167 -0.00761203
0.450833 -0.00774052
0.4525 -0.00778799
0.454167 -0.00780376
0.455833 -0.00780846
0.4575 -0.0078097
0.459167 -0.00780993
0.460833 -0.00780987
0.4625 -0.00780926
0.464167 -0.00780708
0.465833 -0.00780054
0.4675 -0.00778287
0.469167 -0.00774028
0.470833 -0.00764786
0.4725 -0.00748191
0.474167 -0.00721361
0.475833 -0.00676925
0.4775 -0.0058975
0.479167 -0.00463409
0.480833 -0.0026238
0.4825 0.000395817
0.484167 0.00438207
0.485833 0.00730861
0.4875 0.00903785
0.489167 0.00993512
0.490833 0.010349
0.4925 0.0105196
0.494167 0.0105827
0.495833 0.0106037
0.4975 0.0106099
0.499167 0.0106115
0.500833 0.0106118
0.5025 0.0106116
0.504167 0.0106103
0.505833 0.0106058
0.5075 0.0105922
0.509167 0.010555
0.510833 0.0104645
0.5125 0.0102651
0.514167 0.00989301
0.515833 0.00926045
0.5175 0.0085656
0.519167 0.00743809
0.520833 0.00580579
0.5225 0.00343251
0.524167 0.000110842
0.525833 -0.00404591
0.5275 -0.0070641
0.529167 -0.00886909
0.530833 -0.00980994
0.5325 -0.0102448
0.534167 -0.0104242
0.535833 -0.0104906
0.5375 -0.0105127
0.539167 -0.0105193
0.540833 -0.010521
0.5425 -0.0105212
0.544167 -0.0105208
0.545833 -0.0105186
0.5475 -0.0105113
0.549167 -0.0104889
0.550833 -0.0104277
0.5525 -0.010278
0.554167 -0.00994536
0.555833 -0.00931416
0.5575 -0.00821006
0.559167 -0.00738924
0.560833 -0.00612331
0.5625 -0.00486678
0.564167 -0.0036116
0.565833 -0.00223463
0.5675 -0.000869341
0.569167 2.72235e-05
0.570833 0.000592822
0.5725 0.000893872
0.574167 0.00103517
0.575833 0.00109405
0.5775 0.00111597
0.579167 0.00112331
0.580833 0.00112554
0.5825 0.00112604
0.584167 0.00112586
0.585833 0.00112505
0.5875 0.00112174
0.589167 0.00111066
0.590833 0.00107687
0.5925 0.000984435
0.594167 0.000757295
0.595833 0.000247233
0.5975 -0.000710847
0.599167 -0.002317
0.600833 -0.00323252
0.6025 -0.00405018
0.604167 -0.00349325
0.605833 -0.000991011
0.6075 0.00416854
0.609167 0.0118064
0.610833 0.0175793
0.6125 0.0209291
0.614167 0.0226523
0.615833 0.0234427
0.6175 0.0237673
0.619167 0.023887
0.620833 0.0239266
0.6225 0.0239383
0.624167 0.0239416
0.625833 0.0239427
0.6275 0.0239444
0.629167 0.0239492
0.630833 0.0239652
0.6325 0.0240143
0.634167 0.0241493
0.635833 0.0244822
0.6375 0.0252393
0.639167 0.0267361
0.640833 0.0288163
0.6425 0.0297877
0.644167 0.0292513
0.645833 0.0262636
0.6475 0.0184927
0.649167 0.00373275
0.650833 -0.0174115
0.6525 -0.0333796
0.654167 -0.0426484
0.655833 -0.0474178
0.6575 -0.0496061
0.659167 -0.050505
0.660833 -0.0508365
0.6625 -0.0509464
0.664167 -0.0509789
0.665833 -0.0509878
0.6675 -0.0509907
0.669167 -0.0509933
0.670833 -0.0509996
0.6725 -0.0510208
0.674167 -0.0510859
0.675833 -0.051265
0.6775 -0.0517072
0.679167 -0.0527012
0.680833 -0.0548428
0.6825 -0.0570878
0.684167 -0.0588467
0.685833 -0.0592209
0.6875 -0.057347
0.689167 -0.0503373
0.690833 -0.0365245
0.6925 -0.0159511
0.694167 -0.000273192
0.695833 0.00875703
0.6975 0.0133838
0.699167 0.0155024
0.700833 0.0163717
0.7025 0.0166922
0.704167 0.0167983
0.705833 0.0168298
0.7075 0.0168383
0.709167 0.0168413
0.710833 0.0168438
0.7125 0.0168504
0.714167 0.0168718
0.715833 0.0169369
0.7175 0.0171118
0.719167 0.0175268
0.720833 0.0183873
0.7225 0.0200372
0.724167 0.0229762
0.725833 0.0281488
0.7275 0.0336521
0.729167 0.0418103
0.730833 0.0526676
0.7325 0.0696008
0.734167 0.0910114
0.735833 0.106693
0.7375 0.116018
0.739167 0.120862
0.740833 0.123097
0.7425 0.124018
0.744167 0.124358
0.745833 0.124471
0.7475 0.124505
0.749167 0.124514
0.750833 0.124516
0.7525 0.124516
0.754167 0.124514
0.755833 0.124508
0.7575 0.124492
0.759167 0.124454
0.760833 0.124374
0.7625 0.124223
0.764167 0.123872
0.765833 0.122954
0.7675 0.11853
0.769167 0.110328
0.770833 0.0943446
0.7725 0.0684378
0.774167 0.0263857
0.775833 -0.0311315
0.7775 -0.0742953
0.779167 -0.0995735
0.780833 -0.112639
0.7825 -0.118649
0.784167 -0.12112
0.785833 -0.122033
0.7875 -0.122335
0.789167 -0.122425
0.790833 -0.12245
0.7925 -0.122457
0.794167 -0.122462
0.795833 -0.122474
0.7975 -0.122512
0.799167 -0.122626
0.800833 -0.12293
0.8025 -0.123654
0.804167 -0.125221
0.805833 -0.128348
0.8075 -0.133929
0.809167 -0.142327
0.810833 -0.153512
0.8125 -0.168783
0.814167 -0.190829
0.815833 -0.223906
0.8175 -0.267
0.819167 -0.298582
0.820833 -0.317254
0.8225 -0.326941
0.824167 -0.331409
0.825833 -0.333251
0.8275 -0.333932
0.829167 -0.334159
0.830833 -0.334226
0.8325 -0.334243
0.834167 -0.334244
0.835833 -0.334238
0.8375 -0.334206
0.839167 -0.334098
0.840833 -0.333774
0.8425 -0.332903
0.844167 -0.330795
0.845833 -0.326216
0.8475 -0.317606
0.849167 -0.301378
0.850833 -0.282546
0.8525 -0.258944
0.854167 -0.231333
0.855833 -0.195188
0.8575 -0.146819
0.859167 -0.0879514
0.860833 -0.0448198
0.8625 -0.0190291
0.864167 -0.00554384
0.865833 0.000694931
0.8675 0.00326795
0.869167 0.00421889
0.870833 0.0045349
0.8725 0.00462923
0.874167 0.00465295
0.875833 0.00465612
0.8775 0.00465022
0.879167 0.00461857
0.880833 0.00450882
0.8825 0.00417339
0.884167 0.0032445
0.885833 0.000906815
0.8875 -0.00444092
0.889167 -0.0154288
0.890833 -0.0338385
0.8925 -0.0429528
0.894167 -0.0385347
0.895833 -0.0207496
0.8975 0.021288
0.899167 0.0986445
0.900833 0.208634
0.9025 0.29207
0.904167 0.340888
0.905833 0.366102
0.9075 0.377697
0.909167 0.382466
0.910833 0.384227
0.9125 0.384811
0.914167 0.384985
0.915833 0.385031
0.9175 0.385039
0.919167 0.385034
0.920833 0.385001
0.9225 0.384884
0.924167 0.38453
0.925833 0.383549
0.9275 0.381087
0.929167 0.375502
0.930833 0.364051
0.9325 0.345213
0.934167 0.330964
0.935833 0.332007
0.9375 0.344041
0.939167 0.37416
0.940833 0.431184
0.9425 0.513585
0.944167 0.577009
0.945833 0.614054
0.9475 0.633203
0.949167 0.642009
0.950833 0.645631
0.9525 0.646968
0.954167 0.64741
0.955833 0.647541
0.9575 0.647578
0.959167 0.647597
0.960833 0.647624
0.9625 0.647713
0.964167 0.648012
0.965833 0.648916
0.9675 0.651351
0.969167 0.657233
0.970833 0.669928
0.9725 0.694331
0.974167 0.735889
0.975833 0.794001
0.9775 0.844273
0.979167 0.882251
0.980833 0.916756
0.9825 0.954383
0.984167 0.993218
0.985833 1.02179
0.9875 1.03897
0.989167 1.04794
0.990833 1.05209
0.9925 1.05379
0.994167 1.05442
0.995833 1.05463
0.9975 1.05469
0.999167 1.05471
