
# time = 1
0.000625 0.0814763
0.001875 0.0812879
0.003125 0.0806995
0.004375 0.0795123
0.005625 0.0775596
0.006875 0.0749899
0.008125 0.0730581
0.009375 0.0718511
0.010625 0.0711677
0.011875 0.0708156
0.013125 0.0706536
0.014375 0.0705936
0.015625 0.0705828
0.016875 0.0705953
0.018125 0.0706595
0.019375 0.0708308
0.020625 0.0712023
0.021875 0.0719229
0.023125 0.0731955
0.024375 0.0752316
0.025625 0.0779399
0.026875 0.0800015
0.028125 0.0812581
0.029375 0.081886
0.030625 0.0820934
0.031875 0.0820976
0.033125 0.0819081
0.034375 0.0813155
0.035625 0.0801191
0.036875 0.0781505
0.038125 0.0755605
0.039375 0.0736135
0.040625 0.0723969
0.041875 0.0717081
0.043125 0.0713533
0.044375 0.07119
0.045625 0.0711296
0.046875 0.0711187
0.048125 0.0711313
0.049375 0.0711959
0.050625 0.0713684
0.051875 0.0717426
0.053125 0.0724685
0.054375 0.0737504
0.055625 0.0758015
0.056875 0.07853
0.058125 0.0806065
0.059375 0.0818717
0.060625 0.0825039
0.061875 0.082713
0.063125 0.0827172
0.064375 0.0825263
0.065625 0.0819291
0.066875 0.0807233
0.068125 0.0787395
0.069375 0.0761293
0.070625 0.074167
0.071875 0.072941
0.073125 0.0722468
0.074375 0.0718891
0.075625 0.0717246
0.076875 0.0716637
0.078125 0.0716527
0.079375 0.0716654
0.080625 0.0717305
0.081875 0.0719043
0.083125 0.0722811
0.084375 0.0730122
0.085625 0.0743034
0.086875 0.0763693
0.088125 0.079118
0.089375 0.0812097
0.090625 0.0824833
0.091875 0.0831196
0.093125 0.0833301
0.094375 0.0833345
0.095625 0.0831423
0.096875 0.0825408
0.098125 0.0813257
0.099375 0.0793265
0.100625 0.076696
0.101875 0.0747185
0.103125 0.073483
0.104375 0.0727835
0.105625 0.0724231
0.106875 0.0722573
0.108125 0.0721959
0.109375 0.0721849
0.110625 0.0721976
0.111875 0.0722632
0.113125 0.0724382
0.114375 0.0728176
0.115625 0.073554
0.116875 0.0748544
0.118125 0.0769351
0.119375 0.0797038
0.120625 0.0818102
0.121875 0.0830923
0.123125 0.0837331
0.124375 0.0839454
0.125625 0.0839499
0.126875 0.0837561
0.128125 0.0831497
0.129375 0.0819254
0.130625 0.0799114
0.131875 0.0772607
0.133125 0.075268
0.134375 0.074023
0.135625 0.0733181
0.136875 0.072955
0.138125 0.072788
0.139375 0.0727261
0.140625 0.0727149
0.141875 0.0727278
0.143125 0.0727939
0.144375 0.07297
0.145625 0.0733521
0.146875 0.0740937
0.148125 0.0754033
0.149375 0.0774987
0.150625 0.0802874
0.151875 0.0824087
0.153125 0.0836991
0.154375 0.0843441
0.155625 0.0845581
0.156875 0.0845626
0.158125 0.0843674
0.159375 0.0837565
0.160625 0.082523
0.161875 0.0804939
0.163125 0.0778231
0.164375 0.0758153
0.165625 0.0745608
0.166875 0.0738506
0.168125 0.0734848
0.169375 0.0733165
0.170625 0.0732541
0.171875 0.0732429
0.173125 0.0732558
0.174375 0.0733224
0.175625 0.0734997
0.176875 0.0738844
0.178125 0.0746312
0.179375 0.0759499
0.180625 0.07806
0.181875 0.0808686
0.183125 0.0830044
0.184375 0.084303
0.185625 0.0849526
0.186875 0.0851686
0.188125 0.0851734
0.189375 0.0849763
0.190625 0.0843602
0.191875 0.0831178
0.193125 0.0810742
0.194375 0.0783832
0.195625 0.0763602
0.196875 0.0750963
0.198125 0.0743809
0.199375 0.0740124
0.200625 0.0738428
0.201875 0.0737799
0.203125 0.0737685
0.204375 0.0737816
0.205625 0.0738487
0.206875 0.0740272
0.208125 0.0744145
0.209375 0.0751664
0.210625 0.0764943
0.211875 0.0786189
0.213125 0.0814473
0.214375 0.0835978
0.215625 0.0849045
0.216875 0.0855583
0.218125 0.0857763
0.219375 0.0857812
0.220625 0.0855825
0.221875 0.0849616
0.223125 0.0837101
0.224375 0.0816519
0.225625 0.0789407
0.226875 0.0769027
0.228125 0.0756295
0.229375 0.0749087
0.230625 0.0745376
0.231875 0.0743667
0.233125 0.0743033
0.234375 0.0742918
0.235625 0.0743051
0.236875 0.0743727
0.238125 0.0745523
0.239375 0.0749421
0.240625 0.0756992
0.241875 0.0770361
0.243125 0.0791753
0.244375 0.0820232
0.245625 0.0841883
0.246875 0.0855029
0.248125 0.0861613
0.249375 0.0863816
0.250625 0.0863868
0.251875 0.086186
0.253125 0.0855595
0.254375 0.0842996
0.255625 0.0822271
0.256875 0.0794956
0.258125 0.0774427
0.259375 0.0761601
0.260625 0.0754341
0.261875 0.0750604
0.263125 0.0748882
0.264375 0.0748242
0.265625 0.0748126
0.266875 0.074826
0.268125 0.0748942
0.269375 0.0750749
0.270625 0.0754673
0.271875 0.0762295
0.273125 0.0775754
0.274375 0.0797291
0.275625 0.0825962
0.276875 0.0847762
0.278125 0.0860988
0.279375 0.0867612
0.280625 0.0869837
0.281875 0.0869891
0.283125 0.0867865
0.284375 0.0861548
0.285625 0.0848863
0.286875 0.0827995
0.288125 0.0800478
0.289375 0.07798
0.290625 0.0766881
0.291875 0.0759568
0.293125 0.0755805
0.294375 0.0754071
0.295625 0.0753425
0.296875 0.0753308
0.298125 0.0753445
0.299375 0.0754131
0.300625 0.075595
0.301875 0.07599
0.303125 0.0767572
0.304375 0.0781121
0.305625 0.0802801
0.306875 0.0831664
0.308125 0.0853609
0.309375 0.0866916
0.310625 0.0873577
0.311875 0.0875832
0.313125 0.0875893
0.314375 0.0873838
0.315625 0.0867464
0.316875 0.0854704
0.318125 0.0833687
0.319375 0.0805972
0.320625 0.0785145
0.321875 0.0772134
0.323125 0.0764769
0.324375 0.0760979
0.325625 0.0759235
0.326875 0.0758582
0.328125 0.0758463
0.329375 0.0758602
0.330625 0.0759293
0.331875 0.0761123
0.333125 0.0765099
0.334375 0.0772821
0.335625 0.0786459
0.336875 0.0808283
0.338125 0.0837336
0.339375 0.0859422
0.340625 0.0872818
0.341875 0.0879511
0.343125 0.0881792
0.344375 0.0881859
0.345625 0.087978
0.346875 0.0873351
0.348125 0.0860514
0.349375 0.083935
0.350625 0.0811436
0.351875 0.0790462
0.353125 0.0777359
0.354375 0.0769942
0.355625 0.0766126
0.356875 0.076437
0.358125 0.076371
0.359375 0.076359
0.360625 0.0763732
0.361875 0.0764427
0.363125 0.0766268
0.364375 0.077027
0.365625 0.0778042
0.366875 0.0791768
0.368125 0.0813735
0.369375 0.0842976
0.370625 0.0865202
0.371875 0.0878687
0.373125 0.0885411
0.374375 0.0887718
0.375625 0.0887808
0.376875 0.0885675
0.378125 0.0879211
0.379375 0.0866302
0.380625 0.0845024
0.381875 0.0816883
0.383125 0.0795624
0.384375 0.0782278
0.385625 0.0774889
0.386875 0.0771655
0.388125 0.0770969
0.389375 0.0771863
0.390625 0.0776857
0.391875 0.079227
0.393125 0.0831861
0.394375 0.0923715
0.395625 0.111891
0.396875 0.14983
0.398125 0.216955
0.399375 0.324328
0.400625 0.466529
0.401875 0.574019
0.403125 0.641261
0.404375 0.679226
0.405625 0.698575
0.406875 0.707294
0.408125 0.710472
0.409375 0.71113
0.410625 0.710852
0.411875 0.70941
0.413125 0.706717
0.414375 0.704365
0.415625 0.702964
0.416875 0.702192
0.418125 0.7018
0.419375 0.701619
0.420625 0.701548
0.421875 0.701533
0.423125 0.701543
0.424375 0.701598
0.425625 0.701743
0.426875 0.702061
0.428125 0.702679
0.429375 0.70377
0.430625 0.705519
0.431875 0.707845
0.433125 0.709605
0.434375 0.710666
0.435625 0.71119
0.436875 0.711368
0.438125 0.711359
0.439375 0.711102
0.440625 0.71041
0.441875 0.709086
0.443125 0.706931
0.444375 0.70409
0.445625 0.701952
0.446875 0.700616
0.448125 0.699859
0.449375 0.69947
0.450625 0.699289
0.451875 0.699218
0.453125 0.699203
0.454375 0.699213
0.455625 0.699268
0.456875 0.699415
0.458125 0.699736
0.459375 0.700359
0.460625 0.701461
0.461875 0.703224
0.463125 0.705572
0.464375 0.707346
0.465625 0.708416
0.466875 0.708948
0.468125 0.709126
0.469375 0.709112
0.470625 0.70886
0.471875 0.708163
0.473125 0.70683
0.474375 0.70466
0.475625 0.7018
0.476875 0.699647
0.478125 0.698302
0.479375 0.697541
0.480625 0.697149
0.481875 0.696967
0.483125 0.696896
0.484375 0.69688
0.485625 0.69689
0.486875 0.696946
0.488125 0.697094
0.489375 0.697417
0.490625 0.698046
0.491875 0.699157
0.493125 0.700937
0.494375 0.703305
0.495625 0.705095
0.496875 0.706173
0.498125 0.706714
0.499375 0.70689
0.500625 0.706874
0.501875 0.706623
0.503125 0.705923
0.504375 0.704581
0.505625 0.702396
0.506875 0.699517
0.508125 0.69735
0.509375 0.695995
0.510625 0.695229
0.511875 0.694835
0.513125 0.694651
0.514375 0.69458
0.515625 0.694565
0.516875 0.694574
0.518125 0.69463
0.519375 0.69478
0.520625 0.695106
0.521875 0.69574
0.523125 0.696861
0.524375 0.698657
0.525625 0.701046
0.526875 0.702849
0.528125 0.703938
0.529375 0.704486
0.530625 0.704662
0.531875 0.704644
0.533125 0.704391
0.534375 0.703691
0.535625 0.702339
0.536875 0.700139
0.538125 0.697241
0.539375 0.69506
0.540625 0.693696
0.541875 0.692925
0.543125 0.692528
0.544375 0.692343
0.545625 0.692272
0.546875 0.692256
0.548125 0.692266
0.549375 0.692322
0.550625 0.692474
0.551875 0.692802
0.553125 0.693442
0.554375 0.694573
0.555625 0.696384
0.556875 0.698794
0.558125 0.700612
0.559375 0.701711
0.560625 0.702263
0.561875 0.702443
0.563125 0.702421
0.564375 0.702167
0.565625 0.701466
0.566875 0.700104
0.568125 0.69789
0.569375 0.694973
0.570625 0.692777
0.571875 0.691405
0.573125 0.690629
0.574375 0.690229
0.575625 0.690043
0.576875 0.689972
0.578125 0.689956
0.579375 0.689966
0.580625 0.690023
0.581875 0.690177
0.583125 0.690513
0.584375 0.691178
0.585625 0.692386
0.586875 0.694406
0.588125 0.696666
0.589375 0.697846
0.590625 0.698043
0.591875 0.697318
0.593125 0.694053
0.594375 0.685238
0.595625 0.665822
0.596875 0.627843
0.598125 0.560626
0.599375 0.453167
0.600625 0.310968
0.601875 0.203591
0.603125 0.136465
0.604375 0.0985269
0.605625 0.0790099
0.606875 0.0698249
0.608125 0.0658622
0.609375 0.0643144
0.610625 0.0638076
0.611875 0.0637121
0.613125 0.0637643
0.614375 0.0640402
0.615625 0.0646811
0.616875 0.0658431
0.618125 0.0676956
0.619375 0.0701443
0.620625 0.0719927
0.621875 0.0731237
0.623125 0.0737074
0.624375 0.0739133
0.625625 0.0739086
0.626875 0.0737218
0.628125 0.0731893
0.629375 0.0721184
0.630625 0.0703539
0.631875 0.0680311
0.633125 0.0662848
0.634375 0.0651936
0.635625 0.0645758
0.636875 0.0642578
0.638125 0.0641117
0.639375 0.0640568
0.640625 0.0640454
0.641875 0.0640573
0.643125 0.0641178
0.644375 0.064274
0.645625 0.0646114
0.646875 0.0652671
0.648125 0.0664261
0.649375 0.0682808
0.650625 0.0707462
0.651875 0.0726134
0.653125 0.0737558
0.654375 0.0743458
0.655625 0.0745459
0.656875 0.0745454
0.658125 0.0743592
0.659375 0.0738201
0.660625 0.0727408
0.661875 0.0709601
0.663125 0.0686164
0.664375 0.0668547
0.665625 0.0657538
0.666875 0.0651304
0.668125 0.0648096
0.669375 0.0646623
0.670625 0.0646065
0.671875 0.0645957
0.673125 0.0646074
0.674375 0.0646681
0.675625 0.0648258
0.676875 0.065166
0.678125 0.0658271
0.679375 0.0669957
0.680625 0.068866
0.681875 0.0713517
0.683125 0.0732346
0.684375 0.0743882
0.685625 0.0749811
0.686875 0.0751801
0.688125 0.0751809
0.689375 0.0749959
0.690625 0.0744498
0.691875 0.0733624
0.693125 0.0715659
0.694375 0.0692011
0.695625 0.0674239
0.696875 0.0663133
0.698125 0.0656844
0.699375 0.0653608
0.700625 0.0652121
0.701875 0.0651559
0.703125 0.0651453
0.704375 0.065157
0.705625 0.0652177
0.706875 0.0653769
0.708125 0.06572
0.709375 0.0663865
0.710625 0.0675647
0.711875 0.0694504
0.713125 0.0719564
0.714375 0.0738548
0.715625 0.0750205
0.716875 0.0756155
0.718125 0.0758133
0.719375 0.0758151
0.720625 0.0756317
0.721875 0.0750801
0.723125 0.0739825
0.724375 0.0721709
0.725625 0.069785
0.726875 0.0679923
0.728125 0.066872
0.729375 0.0662376
0.730625 0.0659113
0.731875 0.065761
0.733125 0.0657045
0.734375 0.065694
0.735625 0.0657058
0.736875 0.0657667
0.738125 0.0659272
0.739375 0.0662732
0.740625 0.0669452
0.741875 0.068133
0.743125 0.070034
0.744375 0.0725601
0.745625 0.0744751
0.746875 0.0756509
0.748125 0.0762485
0.749375 0.0764467
0.750625 0.076449
0.751875 0.0762657
0.753125 0.0757095
0.754375 0.0746015
0.755625 0.0727751
0.756875 0.0703681
0.758125 0.0685599
0.759375 0.0674299
0.760625 0.06679
0.761875 0.0664609
0.763125 0.0663092
0.764375 0.0662524
0.765625 0.0662419
0.766875 0.0662537
0.768125 0.0663149
0.769375 0.0664767
0.770625 0.0668256
0.771875 0.067503
0.773125 0.0687003
0.774375 0.0706166
0.775625 0.0731625
0.776875 0.0750945
0.778125 0.0762806
0.779375 0.0768804
0.780625 0.0770788
0.781875 0.0770815
0.783125 0.0768986
0.784375 0.0763384
0.785625 0.0752197
0.786875 0.0733779
0.788125 0.0709503
0.789375 0.0691265
0.790625 0.0679868
0.791875 0.0673415
0.793125 0.0670095
0.794375 0.0668565
0.795625 0.0667993
0.796875 0.0667888
0.798125 0.0668007
0.799375 0.0668622
0.800625 0.0670252
0.801875 0.0673771
0.803125 0.0680598
0.804375 0.0692667
0.805625 0.0711982
0.806875 0.0737642
0.808125 0.0757129
0.809375 0.0769083
0.810625 0.0775112
0.811875 0.0777104
0.813125 0.0777135
0.814375 0.0775301
0.815625 0.0769658
0.816875 0.0758368
0.818125 0.0739796
0.819375 0.0715316
0.820625 0.0696921
0.821875 0.0685427
0.823125 0.067892
0.824375 0.0675571
0.825625 0.0674027
0.826875 0.0673452
0.828125 0.0673347
0.829375 0.0673467
0.830625 0.0674085
0.831875 0.0675726
0.833125 0.0679274
0.834375 0.0686157
0.835625 0.0698319
0.836875 0.0717785
0.838125 0.0743646
0.839375 0.0763304
0.840625 0.077535
0.841875 0.0781407
0.843125 0.0783406
0.844375 0.078344
0.845625 0.0781602
0.846875 0.0775923
0.848125 0.0764532
0.849375 0.0745798
0.850625 0.0721115
0.851875 0.0702565
0.853125 0.0690975
0.854375 0.0684414
0.855625 0.0681035
0.856875 0.0679479
0.858125 0.06789
0.859375 0.0678795
0.860625 0.0678915
0.861875 0.0679536
0.863125 0.068119
0.864375 0.0684767
0.865625 0.0691704
0.866875 0.0703961
0.868125 0.0723577
0.869375 0.0749642
0.870625 0.0769463
0.871875 0.0781597
0.873125 0.0787689
0.874375 0.07897
0.875625 0.0789735
0.876875 0.078789
0.878125 0.0782169
0.879375 0.0770679
0.880625 0.0751788
0.881875 0.0726902
0.883125 0.0708198
0.884375 0.0696511
0.885625 0.0689895
0.886875 0.0686487
0.888125 0.0684918
0.889375 0.0684336
0.890625 0.068423
0.891875 0.0684351
0.893125 0.0684976
0.894375 0.0686642
0.895625 0.0690247
0.896875 0.0697238
0.898125 0.0709589
0.899375 0.0729354
0.900625 0.0755623
0.901875 0.077561
0.903125 0.0787831
0.904375 0.0793956
0.905625 0.0795977
0.906875 0.0796014
0.908125 0.0794162
0.909375 0.0788404
0.910625 0.0776817
0.911875 0.0757763
0.913125 0.0732674
0.914375 0.0713816
0.915625 0.0702033
0.916875 0.0695363
0.918125 0.0691927
0.919375 0.0690345
0.920625 0.0689758
0.921875 0.0689652
0.923125 0.0689774
0.924375 0.0690403
0.925625 0.069208
0.926875 0.0695713
0.928125 0.0702759
0.929375 0.0715204
0.930625 0.0735119
0.931875 0.0761591
0.933125 0.0781736
0.934375 0.0794045
0.935625 0.0800209
0.936875 0.0802243
0.938125 0.0802281
0.939375 0.0800418
0.940625 0.0794618
0.941875 0.0782935
0.943125 0.0763724
0.944375 0.0738432
0.945625 0.071942
0.946875 0.0707542
0.948125 0.0700816
0.949375 0.0697352
0.950625 0.0695757
0.951875 0.0695166
0.953125 0.0695059
0.954375 0.0695182
0.955625 0.0695816
0.956875 0.0697505
0.958125 0.0701165
0.959375 0.0708265
0.960625 0.0720804
0.961875 0.0740867
0.963125 0.0767544
0.964375 0.078785
0.965625 0.0800244
0.966875 0.0806443
0.968125 0.080849
0.969375 0.0808529
0.970625 0.0806657
0.971875 0.0800817
0.973125 0.078904
0.974375 0.0769668
0.975625 0.0744173
0.976875 0.0725009
0.978125 0.0713034
0.979375 0.0706255
0.980625 0.0702762
0.981875 0.0701155
0.983125 0.070056
0.984375 0.0700452
0.985625 0.0700576
0.986875 0.0701213
0.988125 0.0702915
0.989375 0.0706602
0.990625 0.0713755
0.991875 0.0726388
0.993125 0.0746601
0.994375 0.077348
0.995625 0.079394
0.996875 0.0806422
0.998125 0.0812662
0.999375 0.0814723
