
# time = 1
0.000625 0.0785984
0.001875 0.0682967
0.003125 0.0777557
0.004375 0.0817323
0.005625 0.0596207
0.006875 0.0918473
0.008125 0.0669487
0.009375 0.0685709
0.010625 0.0944172
0.011875 0.0525858
0.013125 0.0897743
0.014375 0.0752513
0.015625 0.0623693
0.016875 0.0925549
0.018125 0.0629306
0.019375 0.0782881
0.020625 0.0792857
0.021875 0.0709077
0.023125 0.0754084
0.024375 0.0792928
0.025625 0.0729949
0.026875 0.0707172
0.028125 0.0883194
0.029375 0.0600155
0.030625 0.084844
0.031875 0.0786184
0.033125 0.0607025
0.034375 0.0949882
0.035625 0.0609031
0.036875 0.0800074
0.038125 0.0809728
0.039375 0.0657613
0.040625 0.0850245
0.041875 0.0689848
0.043125 0.0809103
0.044375 0.0710484
0.045625 0.0788124
0.046875 0.0776051
0.048125 0.0675295
0.049375 0.0880327
0.050625 0.0662955
0.051875 0.0769896
0.053125 0.0838566
0.054375 0.0650544
0.055625 0.0813625
0.056875 0.0804819
0.058125 0.0651159
0.059375 0.0845052
0.060625 0.0773728
0.061875 0.0651149
0.063125 0.0892406
0.064375 0.0696835
0.065625 0.0728275
0.066875 0.0845418
0.068125 0.0707616
0.069375 0.074814
0.070625 0.0809849
0.071875 0.0756816
0.073125 0.0685608
0.074375 0.0888311
0.075625 0.067676
0.076875 0.0747826
0.078125 0.0869028
0.079375 0.064464
0.080625 0.0829695
0.081875 0.0756669
0.083125 0.0767489
0.084375 0.0724187
0.085625 0.0822571
0.086875 0.0763562
0.088125 0.0663399
0.089375 0.0935216
0.090625 0.0635827
0.091875 0.0770102
0.093125 0.0878587
0.094375 0.0641394
0.095625 0.080208
0.096875 0.0836374
0.098125 0.0675799
0.099375 0.0787919
0.100625 0.0836596
0.101875 0.067659
0.103125 0.0810791
0.104375 0.0776274
0.105625 0.0774242
0.106875 0.0706535
0.108125 0.0847289
0.109375 0.0773123
0.110625 0.0634845
0.111875 0.0970664
0.113125 0.0637289
0.114375 0.0755631
0.115625 0.0885469
0.116875 0.0678552
0.118125 0.0768559
0.119375 0.0824534
0.120625 0.0767157
0.121875 0.0690234
0.123125 0.0872411
0.124375 0.0743425
0.125625 0.0724268
0.126875 0.0810293
0.128125 0.0820024
0.129375 0.0677473
0.130625 0.0802339
0.131875 0.0873411
0.133125 0.0617364
0.134375 0.0850987
0.135625 0.0827412
0.136875 0.0683586
0.138125 0.0772263
0.139375 0.0891903
0.140625 0.0653337
0.141875 0.0790384
0.143125 0.0858208
0.144375 0.0695925
0.145625 0.0801013
0.146875 0.0743496
0.148125 0.089877
0.149375 0.0602329
0.150625 0.0855194
0.151875 0.0889783
0.153125 0.0559101
0.154375 0.0913468
0.155625 0.081615
0.156875 0.0656947
0.158125 0.0834443
0.159375 0.0817502
0.160625 0.0735709
0.161875 0.0770842
0.163125 0.0766127
0.164375 0.0905822
0.165625 0.059029
0.166875 0.0860593
0.168125 0.0898633
0.169375 0.0577356
0.170625 0.0878008
0.171875 0.0826544
0.173125 0.0736585
0.174375 0.0701914
0.175625 0.0923857
0.176875 0.0722631
0.178125 0.0734648
0.179375 0.0816003
0.180625 0.0828399
0.181875 0.0759342
0.183125 0.0662287
0.184375 0.0978252
0.185625 0.071884
0.186875 0.0644285
0.188125 0.0954677
0.189375 0.0782102
0.190625 0.0635849
0.191875 0.0905671
0.193125 0.0759792
0.194375 0.0820599
0.195625 0.0672009
0.196875 0.0853598
0.198125 0.0895594
0.199375 0.058699
0.200625 0.0854238
0.201875 0.0882083
0.203125 0.0737569
0.204375 0.0638061
0.205625 0.100184
0.206875 0.0719649
0.208125 0.0715468
0.209375 0.0826007
0.210625 0.0814198
0.211875 0.0842504
0.213125 0.062324
0.214375 0.0862093
0.215625 0.0937602
0.216875 0.0599322
0.218125 0.0765687
0.219375 0.0977988
0.220625 0.0692266
0.221875 0.073595
0.223125 0.0800133
0.224375 0.0909792
0.225625 0.070494
0.226875 0.0750626
0.228125 0.077956
0.229375 0.0981189
0.230625 0.0629472
0.231875 0.0676648
0.233125 0.106033
0.234375 0.0679957
0.235625 0.0733995
0.236875 0.0778023
0.238125 0.0916984
0.239375 0.0763641
0.240625 0.0712842
0.241875 0.0748694
0.243125 0.098289
0.244375 0.0756327
0.245625 0.0585203
0.246875 0.093208
0.248125 0.0931402
0.249375 0.0617531
0.250625 0.0794054
0.251875 0.081172
0.253125 0.0905665
0.254375 0.0767332
0.255625 0.0610965
0.256875 0.0913254
0.258125 0.0935416
0.259375 0.0703212
0.260625 0.0582727
0.261875 0.106001
0.263125 0.0761741
0.264375 0.0789642
0.265625 0.0672529
0.266875 0.0823995
0.268125 0.0975025
0.269375 0.0757656
0.270625 0.058205
0.271875 0.087117
0.273125 0.102695
0.274375 0.0662424
0.275625 0.0689281
0.276875 0.0835224
0.278125 0.087565
0.279375 0.0913342
0.280625 0.0629171
0.281875 0.0655753
0.283125 0.103762
0.284375 0.0892762
0.285625 0.0632987
0.286875 0.0663081
0.288125 0.0983232
0.289375 0.08073
0.290625 0.0927552
0.291875 0.052913
0.293125 0.0771209
0.294375 0.10135
0.295625 0.0930358
0.296875 0.0553692
0.298125 0.0718258
0.299375 0.0931232
0.300625 0.0883094
0.301875 0.0900833
0.303125 0.057739
0.304375 0.066179
0.305625 0.103185
0.306875 0.0994593
0.308125 0.0631343
0.309375 0.0638519
0.310625 0.0831559
0.311875 0.090275
0.313125 0.101087
0.314375 0.0724276
0.315625 0.0469504
0.316875 0.0884999
0.318125 0.10324
0.319375 0.092959
0.320625 0.0617546
0.321875 0.0733394
0.323125 0.0595503
0.324375 0.112331
0.325625 0.100665
0.326875 0.0707457
0.328125 0.048094
0.329375 0.0824094
0.330625 0.0908433
0.331875 0.102294
0.333125 0.094994
0.334375 0.0521345
0.335625 0.0517773
0.336875 0.0929305
0.338125 0.108411
0.339375 0.0938175
0.340625 0.0787348
0.341875 0.0574432
0.343125 0.0466724
0.344375 0.101058
0.345625 0.114392
0.346875 0.0974754
0.348125 0.0674565
0.349375 0.0613874
0.350625 0.0464805
0.351875 0.0841367
0.353125 0.125625
0.354375 0.105866
0.355625 0.0796703
0.356875 0.0559943
0.358125 0.0516009
0.359375 0.0483027
0.360625 0.113622
0.361875 0.122401
0.363125 0.109756
0.364375 0.0764604
0.365625 0.062246
0.366875 0.0259847
0.368125 0.0493379
0.369375 0.100332
0.370625 0.12253
0.371875 0.122919
0.373125 0.119492
0.374375 0.0818237
0.375625 0.0272656
0.376875 0.02131
0.378125 0.0460445
0.379375 0.0591128
0.380625 0.108517
0.381875 0.150533
0.383125 0.164099
0.384375 0.121089
0.385625 0.115736
0.386875 0.0552726
0.388125 0.0108918
0.389375 -0.0291847
0.390625 -0.000438911
0.391875 -0.0101316
0.393125 0.0375587
0.394375 0.101843
0.395625 0.181926
0.396875 0.227945
0.398125 0.3153
0.399375 0.396821
0.400625 0.451509
0.401875 0.505317
0.403125 0.584251
0.404375 0.640678
0.405625 0.671208
0.406875 0.718495
0.408125 0.765917
0.409375 0.763448
0.410625 0.755514
0.411875 0.750165
0.413125 0.738055
0.414375 0.678327
0.415625 0.670137
0.416875 0.665062
0.418125 0.679417
0.419375 0.666223
0.420625 0.723399
0.421875 0.740158
0.423125 0.7471
0.424375 0.712382
0.425625 0.72458
0.426875 0.690256
0.428125 0.669532
0.429375 0.667337
0.430625 0.715632
0.431875 0.725631
0.433125 0.721484
0.434375 0.722699
0.435625 0.71873
0.436875 0.686193
0.438125 0.663655
0.439375 0.696866
0.440625 0.726317
0.441875 0.726122
0.443125 0.706671
0.444375 0.710979
0.445625 0.696677
0.446875 0.677973
0.448125 0.686718
0.449375 0.728323
0.450625 0.73688
0.451875 0.700114
0.453125 0.67972
0.454375 0.692244
0.455625 0.710989
0.456875 0.703686
0.458125 0.712436
0.459375 0.716254
0.460625 0.704621
0.461875 0.673796
0.463125 0.68973
0.464375 0.7259
0.465625 0.732204
0.466875 0.691999
0.468125 0.671363
0.469375 0.700185
0.470625 0.723007
0.471875 0.716185
0.473125 0.687372
0.474375 0.698112
0.475625 0.700015
0.476875 0.709648
0.478125 0.692627
0.479375 0.714449
0.480625 0.702044
0.481875 0.702441
0.483125 0.677608
0.484375 0.712972
0.485625 0.714712
0.486875 0.715044
0.488125 0.670878
0.489375 0.692331
0.490625 0.712168
0.491875 0.731989
0.493125 0.687215
0.494375 0.675584
0.495625 0.693235
0.496875 0.73188
0.498125 0.715191
0.499375 0.678613
0.500625 0.675089
0.501875 0.709718
0.503125 0.73342
0.504375 0.698639
0.505625 0.675449
0.506875 0.679199
0.508125 0.727348
0.509375 0.717052
0.510625 0.698085
0.511875 0.664813
0.513125 0.702865
0.514375 0.712492
0.515625 0.722738
0.516875 0.680852
0.518125 0.689167
0.519375 0.687699
0.520625 0.717356
0.521875 0.70453
0.523125 0.707395
0.524375 0.682244
0.525625 0.685988
0.526875 0.692707
0.528125 0.723442
0.529375 0.717692
0.530625 0.686226
0.531875 0.662591
0.533125 0.688658
0.534375 0.731644
0.535625 0.725776
0.536875 0.687912
0.538125 0.661067
0.539375 0.686962
0.540625 0.709501
0.541875 0.72202
0.543125 0.708259
0.544375 0.696618
0.545625 0.670123
0.546875 0.669138
0.548125 0.700078
0.549375 0.737739
0.550625 0.72754
0.551875 0.681046
0.553125 0.660572
0.554375 0.672142
0.555625 0.700348
0.556875 0.713902
0.558125 0.733789
0.559375 0.71832
0.560625 0.680289
0.561875 0.643479
0.563125 0.664866
0.564375 0.704156
0.565625 0.727291
0.566875 0.733623
0.568125 0.724674
0.569375 0.697945
0.570625 0.643711
0.571875 0.642897
0.573125 0.663762
0.574375 0.714058
0.575625 0.721913
0.576875 0.760794
0.578125 0.742565
0.579375 0.717207
0.580625 0.646912
0.581875 0.641978
0.583125 0.619899
0.584375 0.638051
0.585625 0.661109
0.586875 0.732971
0.588125 0.764036
0.589375 0.786534
0.590625 0.794056
0.591875 0.785522
0.593125 0.731062
0.594375 0.667337
0.595625 0.612097
0.596875 0.53741
0.598125 0.452371
0.599375 0.387782
0.600625 0.3288
0.601875 0.258704
0.603125 0.187386
0.604375 0.152595
0.605625 0.0916642
0.606875 0.0515816
0.608125 0.0133117
0.609375 0.0251594
0.610625 -0.00245667
0.611875 0.0289173
0.613125 0.048756
0.614375 0.0928746
0.615625 0.0879179
0.616875 0.121192
0.618125 0.108381
0.619375 0.0854075
0.620625 0.052589
0.621875 0.04713
0.623125 0.0310073
0.624375 0.0333807
0.625625 0.0692544
0.626875 0.0909675
0.628125 0.093469
0.629375 0.0927874
0.630625 0.0803145
0.631875 0.0483773
0.633125 0.0323085
0.634375 0.0586974
0.635625 0.0627868
0.636875 0.0878164
0.638125 0.0908559
0.639375 0.0918207
0.640625 0.0438338
0.641875 0.0529578
0.643125 0.0506635
0.644375 0.0687541
0.645625 0.082156
0.646875 0.0970206
0.648125 0.0703243
0.649375 0.0451727
0.650625 0.0585116
0.651875 0.0577654
0.653125 0.0804795
0.654375 0.0872093
0.655625 0.0835535
0.656875 0.0445244
0.658125 0.0553895
0.659375 0.0669602
0.660625 0.0761317
0.661875 0.0862337
0.663125 0.0758968
0.664375 0.0510513
0.665625 0.0493547
0.666875 0.0790738
0.668125 0.081579
0.669375 0.0742838
0.670625 0.0716148
0.671875 0.0460885
0.673125 0.0648956
0.674375 0.0784149
0.675625 0.0928912
0.676875 0.0506951
0.678125 0.0690051
0.679375 0.0533575
0.680625 0.079377
0.681875 0.0812599
0.683125 0.0758335
0.684375 0.04653
0.685625 0.0640425
0.686875 0.0833135
0.688125 0.0735141
0.689375 0.0722978
0.690625 0.0580213
0.691875 0.0581972
0.693125 0.0814824
0.694375 0.0835107
0.695625 0.0609615
0.696875 0.053206
0.698125 0.0780128
0.699375 0.0720003
0.700625 0.0790325
0.701875 0.0638066
0.703125 0.0527153
0.704375 0.0789978
0.705625 0.0810832
0.706875 0.0703123
0.708125 0.0480919
0.709375 0.0824342
0.710625 0.0651797
0.711875 0.085068
0.713125 0.0582765
0.714375 0.0603165
0.715625 0.074712
0.716875 0.0854045
0.718125 0.0606154
0.719375 0.0576638
0.720625 0.0787945
0.721875 0.0731109
0.723125 0.0727585
0.724375 0.0633687
0.725625 0.05952
0.726875 0.0863676
0.728125 0.0731776
0.729375 0.0569715
0.730625 0.0665648
0.731875 0.0819162
0.733125 0.0720238
0.734375 0.0602334
0.735625 0.0728832
0.736875 0.0632238
0.738125 0.092108
0.739375 0.0518804
0.740625 0.0673577
0.741875 0.0770232
0.743125 0.0792091
0.744375 0.057584
0.745625 0.0680222
0.746875 0.0789942
0.748125 0.0689132
0.749375 0.0729832
0.750625 0.0566444
0.751875 0.0802217
0.753125 0.0797295
0.754375 0.0557385
0.755625 0.0689097
0.756875 0.0825021
0.758125 0.0672382
0.759375 0.0661337
0.760625 0.0671208
0.761875 0.0809503
0.763125 0.0664749
0.764375 0.0707104
0.765625 0.0590787
0.766875 0.0917751
0.768125 0.0612801
0.769375 0.0597553
0.770625 0.0853565
0.771875 0.0667446
0.773125 0.0717206
0.774375 0.0617023
0.775625 0.0817028
0.776875 0.0690604
0.778125 0.069053
0.779375 0.0635246
0.780625 0.0833177
0.781875 0.0703102
0.783125 0.0571077
0.784375 0.0816342
0.785625 0.0762573
0.786875 0.0583809
0.788125 0.0771537
0.789375 0.0703851
0.790625 0.0751307
0.791875 0.0663775
0.793125 0.0649248
0.794375 0.0885369
0.795625 0.0574374
0.796875 0.0720063
0.798125 0.0737433
0.799375 0.0791368
0.800625 0.0556683
0.801875 0.0794738
0.803125 0.07685
0.804375 0.0611886
0.805625 0.0773229
0.806875 0.0661113
0.808125 0.0822761
0.809375 0.0602206
0.810625 0.0711055
0.811875 0.084081
0.813125 0.0610907
0.814375 0.0673383
0.815625 0.0858154
0.816875 0.0612587
0.818125 0.0727029
0.819375 0.0722831
0.820625 0.0754996
0.821875 0.0682094
0.823125 0.0664704
0.824375 0.0839651
0.825625 0.0626766
0.826875 0.0729965
0.828125 0.0707239
0.829375 0.0817415
0.830625 0.056262
0.831875 0.0797087
0.833125 0.0794715
0.834375 0.0556196
0.835625 0.0841803
0.836875 0.0681805
0.838125 0.0728178
0.839375 0.0691877
0.840625 0.0735404
0.841875 0.0770663
0.843125 0.0634665
0.844375 0.0735861
0.845625 0.0838342
0.846875 0.0541937
0.848125 0.0822881
0.849375 0.076719
0.850625 0.0589077
0.851875 0.0839593
0.853125 0.0653779
0.854375 0.0787586
0.855625 0.0629989
0.856875 0.0799826
0.858125 0.0735165
0.859375 0.0619596
0.860625 0.083602
0.861875 0.068855
0.863125 0.0689589
0.864375 0.0744011
0.865625 0.0783608
0.866875 0.0619857
0.868125 0.0787937
0.869375 0.0749511
0.870625 0.066188
0.871875 0.0749282
0.873125 0.0764767
0.874375 0.0683995
0.875625 0.0704892
0.876875 0.0813522
0.878125 0.0639001
0.879375 0.0763951
0.880625 0.0726924
0.881875 0.0750571
0.883125 0.066047
0.884375 0.0788029
0.885625 0.0756899
0.886875 0.0589786
0.888125 0.0909445
0.889375 0.06112
0.890625 0.0734723
0.891875 0.0798905
0.893125 0.0663235
0.894375 0.075416
0.895625 0.0725596
0.896875 0.075907
0.898125 0.06739
0.899375 0.0774711
0.900625 0.0739092
0.901875 0.0687333
0.903125 0.0750462
0.904375 0.0785572
0.905625 0.0628584
0.906875 0.0803758
0.908125 0.0766973
0.909375 0.05935
0.910625 0.0900945
0.911875 0.0627772
0.913125 0.0740425
0.914375 0.0792005
0.915625 0.0670527
0.916875 0.0773883
0.918125 0.0701212
0.919375 0.079225
0.920625 0.0653795
0.921875 0.0799964
0.923125 0.0730556
0.924375 0.0677131
0.925625 0.0814001
0.926875 0.0691506
0.928125 0.0732835
0.929375 0.0751796
0.930625 0.0761316
0.931875 0.0658579
0.933125 0.0825878
0.934375 0.0708894
0.935625 0.0668223
0.936875 0.087575
0.938125 0.0611876
0.939375 0.0781499
0.940625 0.079073
0.941875 0.064475
0.943125 0.0800388
0.944375 0.075148
0.945625 0.067361
0.946875 0.0800425
0.948125 0.0736751
0.949375 0.0676575
0.950625 0.0838152
0.951875 0.0656168
0.953125 0.0781631
0.954375 0.0749062
0.955625 0.0694568
0.956875 0.0819065
0.958125 0.063928
0.959375 0.0854931
0.960625 0.0653974
0.961875 0.0760859
0.963125 0.0822911
0.964375 0.0580911
0.965625 0.0923552
0.966875 0.0625582
0.968125 0.0748446
0.969375 0.0842324
0.970625 0.0606018
0.971875 0.0847842
0.973125 0.0713671
0.974375 0.0722246
0.975625 0.076733
0.976875 0.0765725
0.978125 0.0688724
0.979375 0.0785552
0.980625 0.0784139
0.981875 0.0612448
0.983125 0.0926656
0.984375 0.0614007
0.985625 0.0750134
0.986875 0.0889472
0.988125 0.0524506
0.989375 0.0940556
0.990625 0.0676668
0.991875 0.0676646
0.993125 0.0904755
0.994375 0.060223
0.995625 0.0813384
0.996875 0.0772786
0.998125 0.0690269
0.999375 0.0775608
