
# time = 1
0.0005 0.990117
0.0015 0.989966
0.0025 0.989766
0.0035 0.989517
0.0045 0.989219
0.0055 0.988872
0.0065 0.988473
0.0075 0.988024
0.0085 0.987524
0.0095 0.986971
0.0105 0.986364
0.0115 0.985702
0.0125 0.984985
0.0135 0.98421
0.0145 0.983377
0.0155 0.982484
0.0165 0.981529
0.0175 0.98051
0.0185 0.979426
0.0195 0.978275
0.0205 0.977055
0.0215 0.975764
0.0225 0.974399
0.0235 0.972959
0.0245 0.971441
0.0255 0.969843
0.0265 0.968162
0.0275 0.966396
0.0285 0.964542
0.0295 0.962599
0.0305 0.960562
0.0315 0.958431
0.0325 0.956201
0.0335 0.95387
0.0345 0.951436
0.0355 0.948895
0.0365 0.946245
0.0375 0.943484
0.0385 0.940608
0.0395 0.937616
0.0405 0.934503
0.0415 0.931268
0.0425 0.927907
0.0435 0.924419
0.0445 0.9208
0.0455 0.917049
0.0465 0.913163
0.0475 0.909139
0.0485 0.904976
0.0495 0.90067
0.0505 0.896221
0.0515 0.891626
0.0525 0.886883
0.0535 0.881991
0.0545 0.876948
0.0555 0.871753
0.0565 0.866404
0.0575 0.8609
0.0585 0.855241
0.0595 0.849425
0.0605 0.843453
0.0615 0.837322
0.0625 0.831035
0.0635 0.824589
0.0645 0.817986
0.0655 0.811226
0.0665 0.804309
0.0675 0.797237
0.0685 0.79001
0.0695 0.78263
0.0705 0.775098
0.0715 0.767415
0.0725 0.759585
0.0735 0.751608
0.0745 0.743488
0.0755 0.735227
0.0765 0.726828
0.0775 0.718294
0.0785 0.709629
0.0795 0.700836
0.0805 0.691918
0.0815 0.682881
0.0825 0.673728
0.0835 0.664464
0.0845 0.655093
0.0855 0.645621
0.0865 0.636052
0.0875 0.626392
0.0885 0.616646
0.0895 0.60682
0.0905 0.596919
0.0915 0.586951
0.0925 0.576919
0.0935 0.566832
0.0945 0.556695
0.0955 0.546514
0.0965 0.536297
0.0975 0.52605
0.0985 0.515779
0.0995 0.505492
0.1005 0.495194
0.1015 0.484894
0.1025 0.474598
0.1035 0.464312
0.1045 0.454043
0.1055 0.4438
0.1065 0.433587
0.1075 0.423412
0.1085 0.413282
0.1095 0.403203
0.1105 0.393182
0.1115 0.383224
0.1125 0.373338
0.1135 0.363527
0.1145 0.3538
0.1155 0.344161
0.1165 0.334616
0.1175 0.325171
0.1185 0.315831
0.1195 0.306602
0.1205 0.297487
0.1215 0.288493
0.1225 0.279624
0.1235 0.270883
0.1245 0.262275
0.1255 0.253805
0.1265 0.245475
0.1275 0.237288
0.1285 0.229249
0.1295 0.22136
0.1305 0.213623
0.1315 0.206042
0.1325 0.198617
0.1335 0.191351
0.1345 0.184246
0.1355 0.177303
0.1365 0.170523
0.1375 0.163907
0.1385 0.157456
0.1395 0.15117
0.1405 0.145049
0.1415 0.139093
0.1425 0.133302
0.1435 0.127675
0.1445 0.122212
0.1455 0.116911
0.1465 0.111772
0.1475 0.106794
0.1485 0.101974
0.1495 0.0973111
0.1505 0.0928037
0.1515 0.0884497
0.1525 0.0842468
0.1535 0.0801928
0.1545 0.0762854
0.1555 0.0725221
0.1565 0.0689001
0.1575 0.0654168
0.1585 0.0620693
0.1595 0.0588548
0.1605 0.0557703
0.1615 0.0528127
0.1625 0.0499789
0.1635 0.0472659
0.1645 0.0446704
0.1655 0.0421891
0.1665 0.039819
0.1675 0.0375566
0.1685 0.0353988
0.1695 0.0333422
0.1705 0.0313837
0.1715 0.02952
0.1725 0.0277478
0.1735 0.0260639
0.1745 0.0244653
0.1755 0.0229487
0.1765 0.021511
0.1775 0.0201492
0.1785 0.0188603
0.1795 0.0176414
0.1805 0.0164895
0.1815 0.0154018
0.1825 0.0143755
0.1835 0.013408
0.1845 0.0124966
0.1855 0.0116386
0.1865 0.0108317
0.1875 0.0100734
0.1885 0.00936125
0.1895 0.00869307
0.1905 0.00806662
0.1915 0.00747976
0.1925 0.00693043
0.1935 0.00641666
0.1945 0.00593651
0.1955 0.00548816
0.1965 0.00506984
0.1975 0.00467986
0.1985 0.00431659
0.1995 0.00397848
0.2005 0.00366404
0.2015 0.00337186
0.2025 0.00310059
0.2035 0.00284893
0.2045 0.00261567
0.2055 0.00239963
0.2065 0.00219971
0.2075 0.00201487
0.2085 0.0018441
0.2095 0.00168647
0.2105 0.0015411
0.2115 0.00140713
0.2125 0.00128378
0.2135 0.00117031
0.2145 0.00106601
0.2155 0.000970218
0.2165 0.000882321
0.2175 0.000801735
0.2185 0.000727915
0.2195 0.000660351
0.2205 0.000598567
0.2215 0.000542117
0.2225 0.000490585
0.2235 0.000443583
0.2245 0.00040075
0.2255 0.000361751
0.2265 0.000326274
0.2275 0.000294029
0.2285 0.000264747
0.2295 0.00023818
0.2305 0.000214096
0.2315 0.000192284
0.2325 0.000172547
0.2335 0.000154703
0.2345 0.000138584
0.2355 0.000124038
0.2365 0.000110923
0.2375 9.91081e-05
0.2385 8.84745e-05
0.2395 7.89127e-05
0.2405 7.03225e-05
0.2415 6.26122e-05
0.2425 5.56981e-05
0.2435 4.95035e-05
0.2445 4.39587e-05
0.2455 3.90001e-05
0.2465 3.45699e-05
0.2475 3.06154e-05
0.2485 2.70888e-05
0.2495 2.39468e-05
0.2505 2.115e-05
0.2515 1.86628e-05
0.2525 1.64531e-05
0.2535 1.44917e-05
0.2545 1.27524e-05
0.2555 1.12115e-05
0.2565 9.84763e-06
0.2575 8.64165e-06
0.2585 7.5763e-06
0.2595 6.63606e-06
0.2605 5.80706e-06
0.2615 5.07683e-06
0.2625 4.43424e-06
0.2635 3.86931e-06
0.2645 3.37314e-06
0.2655 2.93778e-06
0.2665 2.55617e-06
0.2675 2.22199e-06
0.2685 1.92964e-06
0.2695 1.67413e-06
0.2705 1.45104e-06
0.2715 1.25645e-06
0.2725 1.0869e-06
0.2735 9.39303e-07
0.2745 8.10951e-07
0.2755 6.99447e-07
0.2765 6.02676e-07
0.2775 5.18777e-07
0.2785 4.46112e-07
0.2795 3.83241e-07
0.2805 3.289e-07
0.2815 2.81979e-07
0.2825 2.41508e-07
0.2835 2.06635e-07
0.2845 1.76617e-07
0.2855 1.50806e-07
0.2865 1.28635e-07
0.2875 1.0961e-07
0.2885 9.33026e-08
0.2895 7.9339e-08
0.2905 6.73949e-08
0.2915 5.71892e-08
0.2925 4.8478e-08
0.2935 4.10506e-08
0.2945 3.47244e-08
0.2955 2.9342e-08
0.2965 2.47676e-08
0.2975 2.0884e-08
0.2985 1.75905e-08
0.2995 1.48005e-08
0.3005 1.24396e-08
0.3015 1.04439e-08
0.3025 8.75893e-09
0.3035 7.33777e-09
0.3045 6.14047e-09
0.3055 5.13289e-09
0.3065 4.28592e-09
0.3075 3.57474e-09
0.3085 2.97827e-09
0.3095 2.47855e-09
0.3105 2.06037e-09
0.3115 1.71083e-09
0.3125 1.41898e-09
0.3135 1.17559e-09
0.3145 9.72844e-10
0.3155 8.04145e-10
0.3165 6.63939e-10
0.3175 5.4755e-10
0.3185 4.51044e-10
0.3195 3.71117e-10
0.3205 3.04999e-10
0.3215 2.50368e-10
0.3225 2.05283e-10
0.3235 1.68118e-10
0.3245 1.3752e-10
0.3255 1.12357e-10
0.3265 9.16899e-11
0.3275 7.47349e-11
0.3285 6.08422e-11
0.3295 4.94726e-11
0.3305 4.01791e-11
0.3315 3.25919e-11
0.3325 2.64052e-11
0.3335 2.13669e-11
0.3345 1.72687e-11
0.3355 1.39394e-11
0.3365 1.1238e-11
0.3375 9.04894e-12
0.3385 7.27721e-12
0.3395 5.84506e-12
0.3405 4.68887e-12
0.3415 3.75664e-12
0.3425 3.00595e-12
0.3435 2.40222e-12
0.3445 1.91729e-12
0.3455 1.5283e-12
0.3465 1.21666e-12
0.3475 9.67321e-13
0.3485 7.68083e-13
0.3495 6.09088e-13
0.3505 4.82375e-13
0.3515 3.81521e-13
0.3525 3.01357e-13
0.3535 2.37721e-13
0.3545 1.87274e-13
0.3555 1.47336e-13
0.3565 1.15759e-13
0.3575 9.08281e-14
0.3585 7.11701e-14
0.3595 5.5691e-14
0.3605 4.35192e-14
0.3615 3.39611e-14
0.3625 2.64659e-14
0.3635 2.05964e-14
0.3645 1.60065e-14
0.3655 1.24221e-14
0.3665 9.62687e-15
0.3675 7.45017e-15
0.3685 5.75752e-15
0.3695 4.44313e-15
0.3705 3.42394e-15
0.3715 2.63476e-15
0.3725 2.02457e-15
0.3735 1.55346e-15
0.3745 1.19025e-15
0.3755 9.10635e-16
0.3765 6.95691e-16
0.3775 5.30702e-16
0.3785 4.04246e-16
0.3795 3.07467e-16
0.3805 2.33509e-16
0.3815 1.77077e-16
0.3825 1.34081e-16
0.3835 1.01372e-16
0.3845 7.65269e-17
0.3855 5.7683e-17
0.3865 4.34128e-17
0.3875 3.26228e-17
0.3885 2.44769e-17
0.3895 1.83365e-17
0.3905 1.37152e-17
0.3915 1.02426e-17
0.3925 7.63719e-18
0.3935 5.68555e-18
0.3945 4.22594e-18
0.3955 3.13604e-18
0.3965 2.32352e-18
0.3975 1.71874e-18
0.3985 1.26933e-18
0.3995 9.35909e-19
0.4005 6.88944e-19
0.4015 5.06317e-19
0.4025 3.71489e-19
0.4035 2.72114e-19
0.4045 1.98991e-19
0.4055 1.45275e-19
0.4065 1.05881e-19
0.4075 7.70395e-20
0.4085 5.59593e-20
0.4095 4.0578e-20
0.4105 2.93742e-20
0.4115 2.12273e-20
0.4125 1.53134e-20
0.4135 1.10279e-20
0.4145 7.92789e-21
0.4155 5.6893e-21
0.4165 4.07563e-21
0.4175 2.91447e-21
0.4185 2.08042e-21
0.4195 1.4824e-21
0.4205 1.05438e-21
0.4215 7.48589e-22
0.4225 5.30518e-22
0.4235 3.75286e-22
0.4245 2.64989e-22
0.4255 1.86763e-22
0.4265 1.31385e-22
0.4275 9.22556e-23
0.4285 6.46583e-23
0.4295 4.52311e-23
0.4305 3.15812e-23
0.4315 2.20086e-23
0.4325 1.53082e-23
0.4335 1.06274e-23
0.4345 7.36363e-24
0.4355 5.09242e-24
0.4365 3.51502e-24
0.4375 2.42167e-24
0.4385 1.66539e-24
0.4395 1.14337e-24
0.4405 7.83864e-25
0.4415 5.3689e-25
0.4425 3.67717e-25
0.4435 2.52266e-25
0.4445 1.73885e-25
0.4455 1.21095e-25
0.4465 8.60173e-26
0.4475 6.3275e-26
0.4485 4.92343e-26
0.4495 4.14784e-26
0.4505 3.84473e-26
0.4515 3.91936e-26
0.4525 4.32199e-26
0.4535 5.0374e-26
0.4545 6.0787e-26
0.4555 7.48422e-26
0.4565 9.31687e-26
0.4575 1.16656e-25
0.4585 1.46488e-25
0.4595 1.84192e-25
0.4605 2.31714e-25
0.4615 2.91511e-25
0.4625 3.6667e-25
0.4635 4.61063e-25
0.4645 5.7954e-25
0.4655 7.28164e-25
0.4665 9.14514e-25
0.4675 1.14805e-24
0.4685 1.4406e-24
0.4695 1.80689e-24
0.4705 2.26532e-24
0.4715 2.83879e-24
0.4725 3.55586e-24
0.4735 4.45207e-24
0.4745 5.57168e-24
0.4755 6.96975e-24
0.4765 8.71475e-24
0.4775 1.08918e-23
0.4785 1.36066e-23
0.4795 1.69906e-23
0.4805 2.12066e-23
0.4815 2.64571e-23
0.4825 3.29928e-23
0.4835 4.11247e-23
0.4845 5.12381e-23
0.4855 6.381e-23
0.4865 7.94313e-23
0.4875 9.88326e-23
0.4885 1.22918e-22
0.4895 1.52805e-22
0.4905 1.89873e-22
0.4915 2.35829e-22
0.4925 2.92777e-22
0.4935 3.63315e-22
0.4945 4.50645e-22
0.4955 5.58717e-22
0.4965 6.92398e-22
0.4975 8.5768e-22
0.4985 1.06194e-21
0.4995 1.31426e-21
0.5005 1.62581e-21
0.5015 2.0103e-21
0.5025 2.48462e-21
0.5035 3.06947e-21
0.5045 3.79029e-21
0.5055 4.67829e-21
0.5065 5.77175e-21
0.5075 7.1176e-21
0.5085 8.77334e-21
0.5095 1.08094e-20
0.5105 1.3312e-20
0.5115 1.63867e-20
0.5125 2.01624e-20
0.5135 2.4797e-20
0.5145 3.04833e-20
0.5155 3.74567e-20
0.5165 4.60047e-20
0.5175 5.6478e-20
0.5185 6.93046e-20
0.5195 8.50059e-20
0.5205 1.04218e-19
0.5215 1.27714e-19
0.5225 1.56437e-19
0.5235 1.91533e-19
0.5245 2.34399e-19
0.5255 2.86728e-19
0.5265 3.50582e-19
0.5275 4.28463e-19
0.5285 5.23409e-19
0.5295 6.39107e-19
0.5305 7.80027e-19
0.5315 9.51591e-19
0.5325 1.16037e-18
0.5335 1.41431e-18
0.5345 1.72304e-18
0.5355 2.09823e-18
0.5365 2.55396e-18
0.5375 3.10726e-18
0.5385 3.77873e-18
0.5395 4.59322e-18
0.5405 5.58075e-18
0.5415 6.77753e-18
0.5425 8.22722e-18
0.5435 9.98249e-18
0.5445 1.21068e-17
0.5455 1.46764e-17
0.5465 1.77834e-17
0.5475 2.15384e-17
0.5485 2.60744e-17
0.5495 3.15515e-17
0.5505 3.81616e-17
0.5515 4.61357e-17
0.5525 5.57507e-17
0.5535 6.73389e-17
0.5545 8.12988e-17
0.5555 9.81082e-17
0.5565 1.18339e-16
0.5575 1.42677e-16
0.5585 1.71942e-16
0.5595 2.07116e-16
0.5605 2.49371e-16
0.5615 3.0011e-16
0.5625 3.61009e-16
0.5635 4.34066e-16
0.5645 5.21671e-16
0.5655 6.26671e-16
0.5665 7.52461e-16
0.5675 9.03087e-16
0.5685 1.08337e-15
0.5695 1.29905e-15
0.5705 1.55696e-15
0.5715 1.86521e-15
0.5725 2.23348e-15
0.5735 2.67323e-15
0.5745 3.1981e-15
0.5755 3.82426e-15
0.5765 4.57094e-15
0.5775 5.46089e-15
0.5785 6.52113e-15
0.5795 7.78363e-15
0.5805 9.2863e-15
0.5815 1.1074e-14
0.5825 1.31997e-14
0.5835 1.57263e-14
0.5845 1.87279e-14
0.5855 2.22921e-14
0.5865 2.65224e-14
0.5875 3.1541e-14
0.5885 3.74919e-14
0.5895 4.4545e-14
0.5905 5.29007e-14
0.5915 6.27946e-14
0.5925 7.45047e-14
0.5935 8.83576e-14
0.5945 1.04738e-13
0.5955 1.24098e-13
0.5965 1.46968e-13
0.5975 1.73972e-13
0.5985 2.05843e-13
0.5995 2.43439e-13
0.6005 2.8777e-13
0.6015 3.40015e-13
0.6025 4.01559e-13
0.6035 4.74023e-13
0.6045 5.59305e-13
0.6055 6.59622e-13
0.6065 7.77572e-13
0.6075 9.16187e-13
0.6085 1.07901e-12
0.6095 1.27018e-12
0.6105 1.49452e-12
0.6115 1.75767e-12
0.6125 2.06619e-12
0.6135 2.42773e-12
0.6145 2.8512e-12
0.6155 3.34698e-12
0.6165 3.92713e-12
0.6175 4.60569e-12
0.6185 5.39898e-12
0.6195 6.32594e-12
0.6205 7.40859e-12
0.6215 8.67247e-12
0.6225 1.01472e-11
0.6235 1.18672e-11
0.6245 1.38721e-11
0.6255 1.62083e-11
0.6265 1.89289e-11
0.6275 2.20959e-11
0.6285 2.57806e-11
0.6295 3.00656e-11
0.6305 3.50464e-11
0.6315 4.08331e-11
0.6325 4.75529e-11
0.6335 5.53524e-11
0.6345 6.44009e-11
0.6355 7.48932e-11
0.6365 8.70539e-11
0.6375 1.01141e-10
0.6385 1.17453e-10
0.6395 1.36331e-10
0.6405 1.58169e-10
0.6415 1.83417e-10
0.6425 2.12595e-10
0.6435 2.46299e-10
0.6445 2.8521e-10
0.6455 3.30113e-10
0.6465 3.81903e-10
0.6475 4.41609e-10
0.6485 5.10407e-10
0.6495 5.89642e-10
0.6505 6.80855e-10
0.6515 7.85803e-10
0.6525 9.06497e-10
0.6535 1.04523e-09
0.6545 1.20462e-09
0.6555 1.38766e-09
0.6565 1.59774e-09
0.6575 1.83876e-09
0.6585 2.11512e-09
0.6595 2.43185e-09
0.6605 2.79468e-09
0.6615 3.2101e-09
0.6625 3.68551e-09
0.6635 4.22931e-09
0.6645 4.85101e-09
0.6655 5.56144e-09
0.6665 6.37285e-09
0.6675 7.29914e-09
0.6685 8.35605e-09
0.6695 9.5614e-09
0.6705 1.09354e-08
0.6715 1.25008e-08
0.6725 1.42834e-08
0.6735 1.63123e-08
0.6745 1.86204e-08
0.6755 2.12449e-08
0.6765 2.42277e-08
0.6775 2.76158e-08
0.6785 3.14626e-08
0.6795 3.58279e-08
0.6805 4.07791e-08
0.6815 4.63921e-08
0.6825 5.27521e-08
0.6835 5.99549e-08
0.6845 6.81082e-08
0.6855 7.73328e-08
0.6865 8.77641e-08
0.6875 9.9554e-08
0.6885 1.12873e-07
0.6895 1.27912e-07
0.6905 1.44883e-07
0.6915 1.64027e-07
0.6925 1.8561e-07
0.6935 2.0993e-07
0.6945 2.37321e-07
0.6955 2.68154e-07
0.6965 3.02846e-07
0.6975 3.41859e-07
0.6985 3.85709e-07
0.6995 4.34971e-07
0.7005 4.90284e-07
0.7015 5.5236e-07
0.7025 6.21991e-07
0.7035 7.00056e-07
0.7045 7.87533e-07
0.7055 8.85504e-07
0.7065 9.95175e-07
0.7075 1.11788e-06
0.7085 1.25509e-06
0.7095 1.40846e-06
0.7105 1.57978e-06
0.7115 1.77107e-06
0.7125 1.98455e-06
0.7135 2.22266e-06
0.7145 2.48811e-06
0.7155 2.78388e-06
0.7165 3.11328e-06
0.7175 3.47992e-06
0.7185 3.88783e-06
0.7195 4.34139e-06
0.7205 4.84546e-06
0.7215 5.40539e-06
0.7225 6.02702e-06
0.7235 6.7168e-06
0.7245 7.48181e-06
0.7255 8.3298e-06
0.7265 9.2693e-06
0.7275 1.03096e-05
0.7285 1.1461e-05
0.7295 1.27346e-05
0.7305 1.41427e-05
0.7315 1.56987e-05
0.7325 1.74171e-05
0.7335 1.9314e-05
0.7345 2.14068e-05
0.7355 2.37144e-05
0.7365 2.62578e-05
0.7375 2.90593e-05
0.7385 3.21436e-05
0.7395 3.55374e-05
0.7405 3.92699e-05
0.7415 4.33727e-05
0.7425 4.788e-05
0.7435 5.28292e-05
0.7445 5.82607e-05
0.7455 6.42182e-05
0.7465 7.07494e-05
0.7475 7.79056e-05
0.7485 8.57424e-05
0.7495 9.432e-05
0.7505 0.000103703
0.7515 0.000113963
0.7525 0.000125174
0.7535 0.000137418
0.7545 0.000150784
0.7555 0.000165367
0.7565 0.000181268
0.7575 0.000198597
0.7585 0.000217473
0.7595 0.000238023
0.7605 0.000260382
0.7615 0.000284697
0.7625 0.000311125
0.7635 0.000339834
0.7645 0.000371003
0.7655 0.000404825
0.7665 0.000441506
0.7675 0.000481266
0.7685 0.000524339
0.7695 0.000570977
0.7705 0.000621447
0.7715 0.000676033
0.7725 0.000735039
0.7735 0.000798789
0.7745 0.000867624
0.7755 0.00094191
0.7765 0.00102204
0.7775 0.00110841
0.7785 0.00120147
0.7795 0.00130168
0.7805 0.00140952
0.7815 0.00152552
0.7825 0.00165023
0.7835 0.00178421
0.7845 0.00192808
0.7855 0.00208249
0.7865 0.00224811
0.7875 0.00242566
0.7885 0.0026159
0.7895 0.0028196
0.7905 0.00303762
0.7915 0.00327081
0.7925 0.00352009
0.7935 0.00378644
0.7945 0.00407084
0.7955 0.00437436
0.7965 0.00469811
0.7975 0.00504322
0.7985 0.0054109
0.7995 0.00580241
0.8005 0.00621905
0.8015 0.00666219
0.8025 0.00713323
0.8035 0.00763366
0.8045 0.00816501
0.8055 0.00872885
0.8065 0.00932684
0.8075 0.00996067
0.8085 0.0106321
0.8095 0.011343
0.8105 0.0120952
0.8115 0.0128907
0.8125 0.0137314
0.8135 0.0146194
0.8145 0.0155569
0.8155 0.016546
0.8165 0.017589
0.8175 0.0186881
0.8185 0.0198457
0.8195 0.0210643
0.8205 0.0223462
0.8215 0.0236939
0.8225 0.0251101
0.8235 0.0265973
0.8245 0.0281582
0.8255 0.0297955
0.8265 0.0315118
0.8275 0.03331
0.8285 0.0351928
0.8295 0.037163
0.8305 0.0392235
0.8315 0.0413772
0.8325 0.0436269
0.8335 0.0459755
0.8345 0.0484259
0.8355 0.050981
0.8365 0.0536436
0.8375 0.0564167
0.8385 0.059303
0.8395 0.0623055
0.8405 0.0654268
0.8415 0.0686698
0.8425 0.0720372
0.8435 0.0755316
0.8445 0.0791556
0.8455 0.0829117
0.8465 0.0868025
0.8475 0.0908303
0.8485 0.0949973
0.8495 0.0993058
0.8505 0.103758
0.8515 0.108355
0.8525 0.1131
0.8535 0.117994
0.8545 0.123039
0.8555 0.128236
0.8565 0.133586
0.8575 0.139091
0.8585 0.144751
0.8595 0.150568
0.8605 0.156542
0.8615 0.162672
0.8625 0.168961
0.8635 0.175407
0.8645 0.18201
0.8655 0.188771
0.8665 0.195688
0.8675 0.202761
0.8685 0.209988
0.8695 0.217369
0.8705 0.224901
0.8715 0.232584
0.8725 0.240414
0.8735 0.248391
0.8745 0.256511
0.8755 0.264772
0.8765 0.273171
0.8775 0.281705
0.8785 0.290371
0.8795 0.299164
0.8805 0.308081
0.8815 0.317119
0.8825 0.326271
0.8835 0.335536
0.8845 0.344906
0.8855 0.354379
0.8865 0.363948
0.8875 0.373608
0.8885 0.383354
0.8895 0.39318
0.8905 0.40308
0.8915 0.413049
0.8925 0.42308
0.8935 0.433168
0.8945 0.443305
0.8955 0.453485
0.8965 0.463702
0.8975 0.47395
0.8985 0.48422
0.8995 0.494508
0.9005 0.504805
0.9015 0.515105
0.9025 0.525402
0.9035 0.535688
0.9045 0.545956
0.9055 0.5562
0.9065 0.566412
0.9075 0.576587
0.9085 0.586717
0.9095 0.596796
0.9105 0.606817
0.9115 0.616774
0.9125 0.62666
0.9135 0.63647
0.9145 0.646198
0.9155 0.655836
0.9165 0.665381
0.9175 0.674825
0.9185 0.684165
0.9195 0.693394
0.9205 0.702508
0.9215 0.711501
0.9225 0.72037
0.9235 0.72911
0.9245 0.737717
0.9255 0.746187
0.9265 0.754516
0.9275 0.762701
0.9285 0.770739
0.9295 0.778627
0.9305 0.786363
0.9315 0.793943
0.9325 0.801366
0.9335 0.808629
0.9345 0.815732
0.9355 0.822673
0.9365 0.82945
0.9375 0.836064
0.9385 0.842512
0.9395 0.848795
0.9405 0.854912
0.9415 0.860864
0.9425 0.866651
0.9435 0.872272
0.9445 0.87773
0.9455 0.883025
0.9465 0.888157
0.9475 0.893128
0.9485 0.89794
0.9495 0.902595
0.9505 0.907093
0.9515 0.911436
0.9525 0.915628
0.9535 0.91967
0.9545 0.923564
0.9555 0.927313
0.9565 0.930919
0.9575 0.934385
0.9585 0.937713
0.9595 0.940907
0.9605 0.943969
0.9615 0.946903
0.9625 0.94971
0.9635 0.952394
0.9645 0.954959
0.9655 0.957406
0.9665 0.95974
0.9675 0.961962
0.9685 0.964077
0.9695 0.966087
0.9705 0.967995
0.9715 0.969804
0.9725 0.971517
0.9735 0.973137
0.9745 0.974667
0.9755 0.976109
0.9765 0.977467
0.9775 0.978742
0.9785 0.979938
0.9795 0.981057
0.9805 0.982101
0.9815 0.983073
0.9825 0.983974
0.9835 0.984808
0.9845 0.985575
0.9855 0.986279
0.9865 0.98692
0.9875 0.987501
0.9885 0.988023
0.9895 0.988487
0.9905 0.988896
0.9915 0.989249
0.9925 0.989549
0.9935 0.989797
0.9945 0.989993
0.9955 0.990137
0.9965 0.990232
0.9975 0.990277
0.9985 0.990273
0.9995 0.990219
