
# time = 1
0.000625 0.99011
0.001875 0.989915
0.003125 0.989643
0.004375 0.989294
0.005625 0.988868
0.006875 0.988363
0.008125 0.987778
0.009375 0.987111
0.010625 0.986361
0.011875 0.985525
0.013125 0.984601
0.014375 0.983586
0.015625 0.982477
0.016875 0.981272
0.018125 0.979966
0.019375 0.978556
0.020625 0.977039
0.021875 0.975409
0.023125 0.973664
0.024375 0.971799
0.025625 0.969808
0.026875 0.967688
0.028125 0.965433
0.029375 0.963039
0.030625 0.9605
0.031875 0.957811
0.033125 0.954967
0.034375 0.951963
0.035625 0.948793
0.036875 0.945452
0.038125 0.941935
0.039375 0.938236
0.040625 0.93435
0.041875 0.930271
0.043125 0.925996
0.044375 0.921517
0.045625 0.916832
0.046875 0.911935
0.048125 0.906821
0.049375 0.901486
0.050625 0.895927
0.051875 0.890139
0.053125 0.884119
0.054375 0.877863
0.055625 0.87137
0.056875 0.864636
0.058125 0.857659
0.059375 0.850438
0.060625 0.842972
0.061875 0.835259
0.063125 0.827299
0.064375 0.819093
0.065625 0.810641
0.066875 0.801944
0.068125 0.793004
0.069375 0.783824
0.070625 0.774406
0.071875 0.764753
0.073125 0.75487
0.074375 0.744761
0.075625 0.734431
0.076875 0.723886
0.078125 0.713133
0.079375 0.702177
0.080625 0.691027
0.081875 0.67969
0.083125 0.668175
0.084375 0.656491
0.085625 0.644647
0.086875 0.632653
0.088125 0.620521
0.089375 0.60826
0.090625 0.595882
0.091875 0.583398
0.093125 0.570821
0.094375 0.558162
0.095625 0.545436
0.096875 0.532653
0.098125 0.519827
0.099375 0.506972
0.100625 0.4941
0.101875 0.481225
0.103125 0.468361
0.104375 0.455521
0.105625 0.442717
0.106875 0.429964
0.108125 0.417274
0.109375 0.404661
0.110625 0.392137
0.111875 0.379715
0.113125 0.367407
0.114375 0.355225
0.115625 0.34318
0.116875 0.331283
0.118125 0.319546
0.119375 0.307978
0.120625 0.29659
0.121875 0.28539
0.123125 0.274387
0.124375 0.26359
0.125625 0.253006
0.126875 0.242642
0.128125 0.232505
0.129375 0.2226
0.130625 0.212934
0.131875 0.203509
0.133125 0.194331
0.134375 0.185402
0.135625 0.176727
0.136875 0.168306
0.138125 0.160141
0.139375 0.152233
0.140625 0.144584
0.141875 0.137191
0.143125 0.130056
0.144375 0.123177
0.145625 0.116551
0.146875 0.110177
0.148125 0.104053
0.149375 0.0981741
0.150625 0.0925382
0.151875 0.087141
0.153125 0.0819784
0.154375 0.0770457
0.155625 0.0723382
0.156875 0.0678507
0.158125 0.0635778
0.159375 0.0595141
0.160625 0.0556537
0.161875 0.0519907
0.163125 0.0485191
0.164375 0.0452328
0.165625 0.0421254
0.166875 0.0391907
0.168125 0.0364223
0.169375 0.0338139
0.170625 0.0313592
0.171875 0.0290518
0.173125 0.0268855
0.174375 0.024854
0.175625 0.0229513
0.176875 0.0211713
0.178125 0.0195082
0.179375 0.017956
0.180625 0.0165092
0.181875 0.0151622
0.183125 0.0139097
0.184375 0.0127465
0.185625 0.0116674
0.186875 0.0106678
0.188125 0.00974273
0.189375 0.00888782
0.190625 0.0080987
0.191875 0.0073712
0.193125 0.00670135
0.194375 0.00608534
0.195625 0.00551956
0.196875 0.00500055
0.198125 0.00452505
0.199375 0.00408996
0.200625 0.00369235
0.201875 0.00332945
0.203125 0.00299865
0.204375 0.00269749
0.205625 0.00242367
0.206875 0.00217503
0.208125 0.00194953
0.209375 0.00174529
0.210625 0.00156055
0.211875 0.00139365
0.213125 0.00124308
0.214375 0.0011074
0.215625 0.000985316
0.216875 0.000875599
0.218125 0.000777127
0.219375 0.000688866
0.220625 0.00060986
0.221875 0.000539233
0.223125 0.000476181
0.224375 0.000419967
0.225625 0.000369915
0.226875 0.00032541
0.228125 0.000285891
0.229375 0.000250846
0.230625 0.000219811
0.231875 0.000192365
0.233125 0.000168125
0.234375 0.000146747
0.235625 0.000127918
0.236875 0.000111358
0.238125 9.68123e-05
0.239375 8.40545e-05
0.240625 7.288e-05
0.241875 6.31062e-05
0.243125 5.45693e-05
0.244375 4.71233e-05
0.245625 4.0638e-05
0.246875 3.49973e-05
0.248125 3.00982e-05
0.249375 2.58493e-05
0.250625 2.21695e-05
0.251875 1.89872e-05
0.253125 1.6239e-05
0.254375 1.38692e-05
0.255625 1.18286e-05
0.256875 1.0074e-05
0.258125 8.56755e-06
0.259375 7.27602e-06
0.260625 6.17037e-06
0.261875 5.22524e-06
0.263125 4.41853e-06
0.264375 3.73097e-06
0.265625 3.14584e-06
0.266875 2.64862e-06
0.268125 2.22673e-06
0.269375 1.8693e-06
0.270625 1.56694e-06
0.271875 1.31154e-06
0.273125 1.09615e-06
0.274375 9.14761e-07
0.275625 7.6225e-07
0.276875 6.34213e-07
0.278125 5.26888e-07
0.279375 4.37063e-07
0.280625 3.62002e-07
0.281875 2.99374e-07
0.283125 2.47202e-07
0.284375 2.03809e-07
0.285625 1.67774e-07
0.286875 1.37896e-07
0.288125 1.13162e-07
0.289375 9.27204e-08
0.290625 7.58519e-08
0.291875 6.19547e-08
0.293125 5.05237e-08
0.294375 4.11364e-08
0.295625 3.34399e-08
0.296875 2.71399e-08
0.298125 2.19914e-08
0.299375 1.77909e-08
0.300625 1.43694e-08
0.301875 1.15871e-08
0.303125 9.3282e-09
0.304375 7.49739e-09
0.305625 6.01598e-09
0.306875 4.81931e-09
0.308125 3.85427e-09
0.309375 3.07733e-09
0.310625 2.4529e-09
0.311875 1.95188e-09
0.313125 1.55058e-09
0.314375 1.2297e-09
0.315625 9.73562e-10
0.316875 7.69459e-10
0.318125 6.07101e-10
0.319375 4.78176e-10
0.320625 3.75978e-10
0.321875 2.95108e-10
0.323125 2.31228e-10
0.324375 1.80858e-10
0.325625 1.41212e-10
0.326875 1.10061e-10
0.328125 8.56302e-11
0.329375 6.65034e-11
0.330625 5.15563e-11
0.331875 3.98967e-11
0.333125 3.08182e-11
0.334375 2.37623e-11
0.335625 1.82885e-11
0.336875 1.40498e-11
0.338125 1.07737e-11
0.339375 8.24624e-12
0.340625 6.29999e-12
0.341875 4.80412e-12
0.343125 3.65657e-12
0.344375 2.7779e-12
0.345625 2.10639e-12
0.346875 1.59417e-12
0.348125 1.20421e-12
0.349375 9.07904e-13
0.350625 6.83187e-13
0.351875 5.13097e-13
0.353125 3.84606e-13
0.354375 2.8773e-13
0.355625 2.14833e-13
0.356875 1.6009e-13
0.358125 1.1906e-13
0.359375 8.83699e-14
0.360625 6.546e-14
0.361875 4.83922e-14
0.363125 3.57026e-14
0.364375 2.62872e-14
0.365625 1.93154e-14
0.366875 1.41637e-14
0.368125 1.03647e-14
0.369375 7.56904e-15
0.370625 5.51599e-15
0.371875 4.01145e-15
0.373125 2.91118e-15
0.374375 2.10826e-15
0.375625 1.52356e-15
0.376875 1.09868e-15
0.378125 7.90604e-16
0.379375 5.67692e-16
0.380625 4.06753e-16
0.381875 2.90809e-16
0.383125 2.07462e-16
0.384375 1.47679e-16
0.385625 1.04893e-16
0.386875 7.43383e-17
0.388125 5.25671e-17
0.389375 3.70891e-17
0.390625 2.61099e-17
0.391875 1.83393e-17
0.393125 1.28522e-17
0.394375 8.98637e-18
0.395625 6.26897e-18
0.396875 4.36324e-18
0.398125 3.02982e-18
0.399375 2.09902e-18
0.400625 1.45078e-18
0.401875 1.00038e-18
0.403125 6.88182e-19
0.404375 4.72294e-19
0.405625 3.23359e-19
0.406875 2.20859e-19
0.408125 1.50488e-19
0.409375 1.0229e-19
0.410625 6.93597e-20
0.411875 4.69157e-20
0.413125 3.16563e-20
0.414375 2.13072e-20
0.415625 1.43059e-20
0.416875 9.58107e-21
0.418125 6.40062e-21
0.419375 4.26512e-21
0.420625 2.8349e-21
0.421875 1.87946e-21
0.423125 1.24283e-21
0.424375 8.1973e-22
0.425625 5.39262e-22
0.426875 3.5383e-22
0.428125 2.31552e-22
0.429375 1.51132e-22
0.430625 9.83804e-23
0.431875 6.38708e-23
0.433125 4.13553e-23
0.434375 2.67047e-23
0.435625 1.71976e-23
0.436875 1.1045e-23
0.438125 7.0743e-24
0.439375 4.51883e-24
0.440625 2.87883e-24
0.441875 1.82939e-24
0.443125 1.15989e-24
0.444375 7.34212e-25
0.445625 4.64626e-25
0.446875 2.94792e-25
0.448125 1.88661e-25
0.449375 1.23285e-25
0.450625 8.41559e-26
0.451875 6.22172e-26
0.453125 5.19463e-26
0.454375 5.01432e-26
0.455625 5.51785e-26
0.456875 6.65448e-26
0.458125 8.4613e-26
0.459375 1.10533e-25
0.460625 1.46245e-25
0.461875 1.94582e-25
0.463125 2.59469e-25
0.464375 3.46208e-25
0.465625 4.61899e-25
0.466875 6.15982e-25
0.468125 8.20986e-25
0.469375 1.0935e-24
0.470625 1.45549e-24
0.471875 1.93595e-24
0.473125 2.57321e-24
0.474375 3.41781e-24
0.475625 4.53643e-24
0.476875 6.01691e-24
0.478125 7.97489e-24
0.479375 1.05625e-23
0.480625 1.39799e-23
0.481875 1.84898e-23
0.483125 2.44372e-23
0.484375 3.22747e-23
0.485625 4.25957e-23
0.486875 5.61773e-23
0.488125 7.40368e-23
0.489375 9.75049e-23
0.490625 1.28321e-22
0.491875 1.68755e-22
0.493125 2.21774e-22
0.494375 2.91242e-22
0.495625 3.82199e-22
0.496875 5.01206e-22
0.498125 6.56802e-22
0.499375 8.60088e-22
0.500625 1.12549e-21
0.501875 1.47175e-21
0.503125 1.92315e-21
0.504375 2.51123e-21
0.505625 3.27679e-21
0.506875 4.27269e-21
0.508125 5.5673e-21
0.509375 7.24899e-21
0.510625 9.43195e-21
0.511875 1.22635e-20
0.513125 1.59338e-20
0.514375 2.06877e-20
0.515625 2.68409e-20
0.516875 3.47993e-20
0.518125 4.50851e-20
0.519375 5.83694e-20
0.520625 7.5514e-20
0.521875 9.76245e-20
0.523125 1.26119e-19
0.524375 1.62813e-19
0.525625 2.10033e-19
0.526875 2.70754e-19
0.528125 3.4878e-19
0.529375 4.48969e-19
0.530625 5.77523e-19
0.531875 7.42354e-19
0.533125 9.53546e-19
0.534375 1.22394e-18
0.535625 1.56988e-18
0.536875 2.01215e-18
0.538125 2.57717e-18
0.539375 3.29848e-18
0.540625 4.21863e-18
0.541875 5.39159e-18
0.543125 6.88572e-18
0.544375 8.78758e-18
0.545625 1.12067e-17
0.546875 1.42814e-17
0.548125 1.81866e-17
0.549375 2.3143e-17
0.550625 2.94289e-17
0.551875 3.73951e-17
0.553125 4.74833e-17
0.554375 6.02496e-17
0.555625 7.6393e-17
0.556875 9.67919e-17
0.558125 1.22549e-16
0.559375 1.55048e-16
0.560625 1.96024e-16
0.561875 2.47649e-16
0.563125 3.12644e-16
0.564375 3.9441e-16
0.565625 4.97199e-16
0.566875 6.26323e-16
0.568125 7.88407e-16
0.569375 9.91716e-16
0.570625 1.24655e-15
0.571875 1.56572e-15
0.573125 1.96519e-15
0.574375 2.46477e-15
0.575625 3.08911e-15
0.576875 3.86879e-15
0.578125 4.84171e-15
0.579375 6.05489e-15
0.580625 7.56653e-15
0.581875 9.44866e-15
0.583125 1.17903e-14
0.584375 1.47016e-14
0.585625 1.83183e-14
0.586875 2.28081e-14
0.588125 2.83776e-14
0.589375 3.52812e-14
0.590625 4.38322e-14
0.591875 5.44157e-14
0.593125 6.75051e-14
0.594375 8.36817e-14
0.595625 1.03659e-13
0.596875 1.2831e-13
0.598125 1.58708e-13
0.599375 1.96162e-13
0.600625 2.42277e-13
0.601875 2.99013e-13
0.603125 3.68764e-13
0.604375 4.5445e-13
0.605625 5.59633e-13
0.606875 6.88653e-13
0.608125 8.46792e-13
0.609375 1.04048e-12
0.610625 1.27752e-12
0.611875 1.5674e-12
0.613125 1.92164e-12
0.614375 2.35419e-12
0.615625 2.88197e-12
0.616875 3.52546e-12
0.618125 4.30943e-12
0.619375 5.26382e-12
0.620625 6.42481e-12
0.621875 7.83604e-12
0.623125 9.55014e-12
0.624375 1.16305e-11
0.625625 1.41536e-11
0.626875 1.72111e-11
0.628125 2.09136e-11
0.629375 2.53936e-11
0.630625 3.08103e-11
0.631875 3.73544e-11
0.633125 4.52548e-11
0.634375 5.4785e-11
0.635625 6.62726e-11
0.636875 8.0109e-11
0.638125 9.67616e-11
0.639375 1.16788e-10
0.640625 1.40854e-10
0.641875 1.69751e-10
0.643125 2.04424e-10
0.644375 2.45993e-10
0.645625 2.95793e-10
0.646875 3.55406e-10
0.648125 4.26713e-10
0.649375 5.1194e-10
0.650625 6.13727e-10
0.651875 7.35195e-10
0.653125 8.80041e-10
0.654375 1.05263e-09
0.655625 1.25811e-09
0.656875 1.50256e-09
0.658125 1.79315e-09
0.659375 2.13833e-09
0.660625 2.54801e-09
0.661875 3.03388e-09
0.663125 3.60966e-09
0.664375 4.29145e-09
0.665625 5.09814e-09
0.666875 6.05186e-09
0.668125 7.17852e-09
0.669375 8.50844e-09
0.670625 1.00771e-08
0.671875 1.19258e-08
0.673125 1.41029e-08
0.674375 1.66647e-08
0.675625 1.96768e-08
0.676875 2.32155e-08
0.678125 2.73697e-08
0.679375 3.22426e-08
0.680625 3.79539e-08
0.681875 4.46425e-08
0.683125 5.24696e-08
0.684375 6.16217e-08
0.685625 7.23144e-08
0.686875 8.47973e-08
0.688125 9.93585e-08
0.689375 1.1633e-07
0.690625 1.36096e-07
0.691875 1.59098e-07
0.693125 1.85843e-07
0.694375 2.16917e-07
0.695625 2.5299e-07
0.696875 2.94835e-07
0.698125 3.43334e-07
0.699375 3.99501e-07
0.700625 4.64497e-07
0.701875 5.39647e-07
0.703125 6.2647e-07
0.704375 7.26696e-07
0.705625 8.423e-07
0.706875 9.75536e-07
0.708125 1.12897e-06
0.709375 1.30551e-06
0.710625 1.50849e-06
0.711875 1.74166e-06
0.713125 2.0093e-06
0.714375 2.31626e-06
0.715625 2.66803e-06
0.716875 3.07081e-06
0.718125 3.53164e-06
0.719375 4.05843e-06
0.720625 4.66014e-06
0.721875 5.34686e-06
0.723125 6.12997e-06
0.724375 7.02224e-06
0.725625 8.03806e-06
0.726875 9.19358e-06
0.728125 1.05069e-05
0.729375 1.19985e-05
0.730625 1.36909e-05
0.731875 1.56097e-05
0.733125 1.77834e-05
0.734375 2.02438e-05
0.735625 2.30264e-05
0.736875 2.61707e-05
0.738125 2.97208e-05
0.739375 3.37257e-05
0.740625 3.824e-05
0.741875 4.33241e-05
0.743125 4.90452e-05
0.744375 5.54777e-05
0.745625 6.27039e-05
0.746875 7.0815e-05
0.748125 7.99117e-05
0.749375 9.0105e-05
0.750625 0.000101518
0.751875 0.000114285
0.753125 0.000128554
0.754375 0.000144491
0.755625 0.000162272
0.756875 0.000182097
0.758125 0.00020418
0.759375 0.000228758
0.760625 0.000256089
0.761875 0.000286456
0.763125 0.000320167
0.764375 0.000357558
0.765625 0.000398996
0.766875 0.000444878
0.768125 0.000495639
0.769375 0.000551747
0.770625 0.000613713
0.771875 0.000682089
0.773125 0.000757474
0.774375 0.000840512
0.775625 0.000931903
0.776875 0.0010324
0.778125 0.00114281
0.779375 0.00126401
0.780625 0.00139693
0.781875 0.00154259
0.783125 0.00170206
0.784375 0.00187649
0.785625 0.00206714
0.786875 0.00227531
0.788125 0.00250242
0.789375 0.00274998
0.790625 0.00301959
0.791875 0.00331294
0.793125 0.00363186
0.794375 0.00397825
0.795625 0.00435415
0.796875 0.00476172
0.798125 0.00520322
0.799375 0.00568106
0.800625 0.00619775
0.801875 0.00675597
0.803125 0.0073585
0.804375 0.00800828
0.805625 0.00870838
0.806875 0.00946203
0.808125 0.0102726
0.809375 0.0111435
0.810625 0.0120785
0.811875 0.0130814
0.813125 0.0141561
0.814375 0.0153067
0.815625 0.0165375
0.816875 0.0178527
0.818125 0.019257
0.819375 0.020755
0.820625 0.0223515
0.821875 0.0240513
0.823125 0.0258596
0.824375 0.0277814
0.825625 0.0298221
0.826875 0.0319868
0.828125 0.0342811
0.829375 0.0367105
0.830625 0.0392805
0.831875 0.0419966
0.833125 0.0448646
0.834375 0.0478902
0.835625 0.0510788
0.836875 0.0544363
0.838125 0.0579682
0.839375 0.0616801
0.840625 0.0655774
0.841875 0.0696656
0.843125 0.0739499
0.844375 0.0784355
0.845625 0.0831274
0.846875 0.0880304
0.848125 0.0931492
0.849375 0.098488
0.850625 0.104051
0.851875 0.109842
0.853125 0.115865
0.854375 0.122123
0.855625 0.128618
0.856875 0.135354
0.858125 0.142332
0.859375 0.149554
0.860625 0.157022
0.861875 0.164736
0.863125 0.172696
0.864375 0.180903
0.865625 0.189356
0.866875 0.198053
0.868125 0.206993
0.869375 0.216174
0.870625 0.225593
0.871875 0.235246
0.873125 0.245129
0.874375 0.255238
0.875625 0.265568
0.876875 0.276113
0.878125 0.286867
0.879375 0.297823
0.880625 0.308973
0.881875 0.32031
0.883125 0.331825
0.884375 0.343509
0.885625 0.355353
0.886875 0.367346
0.888125 0.379479
0.889375 0.39174
0.890625 0.404118
0.891875 0.416602
0.893125 0.429179
0.894375 0.441837
0.895625 0.454564
0.896875 0.467347
0.898125 0.480172
0.899375 0.493028
0.900625 0.505899
0.901875 0.518774
0.903125 0.531638
0.904375 0.544479
0.905625 0.557282
0.906875 0.570035
0.908125 0.582724
0.909375 0.595337
0.910625 0.607861
0.911875 0.620283
0.913125 0.632591
0.914375 0.644773
0.915625 0.656818
0.916875 0.668714
0.918125 0.680451
0.919375 0.692018
0.920625 0.703406
0.921875 0.714605
0.923125 0.725607
0.924375 0.736403
0.925625 0.746986
0.926875 0.757349
0.928125 0.767484
0.929375 0.777388
0.930625 0.787053
0.931875 0.796475
0.933125 0.805651
0.934375 0.814577
0.935625 0.82325
0.936875 0.831668
0.938125 0.839829
0.939375 0.847733
0.940625 0.855378
0.941875 0.862765
0.943125 0.869895
0.944375 0.876768
0.945625 0.883386
0.946875 0.889752
0.948125 0.895867
0.949375 0.901736
0.950625 0.90736
0.951875 0.912745
0.953125 0.917893
0.954375 0.92281
0.955625 0.9275
0.956875 0.931967
0.958125 0.936218
0.959375 0.940257
0.960625 0.94409
0.961875 0.947723
0.963125 0.951161
0.964375 0.95441
0.965625 0.957476
0.966875 0.960364
0.968125 0.963082
0.969375 0.965634
0.970625 0.968027
0.971875 0.970266
0.973125 0.972357
0.974375 0.974305
0.975625 0.976117
0.976875 0.977796
0.978125 0.979349
0.979375 0.98078
0.980625 0.982094
0.981875 0.983295
0.983125 0.984388
0.984375 0.985377
0.985625 0.986265
0.986875 0.987057
0.988125 0.987755
0.989375 0.988362
0.990625 0.988882
0.991875 0.989316
0.993125 0.989667
0.994375 0.989936
0.995625 0.990126
0.996875 0.990238
0.998125 0.990272
0.999375 0.990229
