
# time = 1
0.0025 0.990553
0.0075 0.990298
0.0125 0.988738
0.0175 0.98572
0.0225 0.981021
0.0275 0.97435
0.0325 0.965366
0.0375 0.953696
0.0425 0.938954
0.0475 0.920772
0.0525 0.898831
0.0575 0.872885
0.0625 0.842798
0.0675 0.808561
0.0725 0.770315
0.0775 0.728355
0.0825 0.683129
0.0875 0.635227
0.0925 0.585354
0.0975 0.534302
0.1025 0.482908
0.1075 0.432015
0.1125 0.382432
0.1175 0.334896
0.1225 0.290039
0.1275 0.248371
0.1325 0.210263
0.1375 0.175941
0.1425 0.145497
0.1475 0.118896
0.1525 0.0959992
0.1575 0.0765793
0.1625 0.0603486
0.1675 0.0469795
0.1725 0.0361254
0.1775 0.0274385
0.1825 0.0205843
0.1875 0.0152522
0.1925 0.0111618
0.1975 0.00806751
0.2025 0.00575892
0.2075 0.00406009
0.2125 0.00282697
0.2175 0.00194401
0.2225 0.00132028
0.2275 0.00088557
0.2325 0.000586644
0.2375 0.000383814
0.2425 0.000248007
0.2475 0.000158273
0.2525 9.97584e-05
0.2575 6.21008e-05
0.2625 3.81813e-05
0.2675 2.31853e-05
0.2725 1.39054e-05
0.2775 8.23694e-06
0.2825 4.81904e-06
0.2875 2.78464e-06
0.2925 1.58924e-06
0.2975 8.95827e-07
0.3025 4.98736e-07
0.3075 2.74238e-07
0.3125 1.48934e-07
0.3175 7.98851e-08
0.3225 4.23195e-08
0.3275 2.21419e-08
0.3325 1.14415e-08
0.3375 5.83901e-09
0.3425 2.94292e-09
0.3475 1.46485e-09
0.3525 7.20069e-10
0.3575 3.49554e-10
0.3625 1.67573e-10
0.3675 7.93292e-11
0.3725 3.70842e-11
0.3775 1.71183e-11
0.3825 7.8025e-12
0.3875 3.51152e-12
0.3925 1.56038e-12
0.3975 6.84573e-13
0.4025 2.96517e-13
0.4075 1.26794e-13
0.4125 5.35243e-14
0.4175 2.2304e-14
0.4225 9.17432e-15
0.4275 3.72478e-15
0.4325 1.49259e-15
0.4375 5.90289e-16
0.4425 2.30383e-16
0.4475 8.8729e-17
0.4525 3.37196e-17
0.4575 1.26436e-17
0.4625 4.67733e-18
0.4675 1.70698e-18
0.4725 6.1451e-19
0.4775 2.18203e-19
0.4825 7.64161e-20
0.4875 2.63913e-20
0.4925 8.98768e-21
0.4975 3.01786e-21
0.5025 9.99009e-22
0.5075 3.25995e-22
0.5125 1.04852e-22
0.5175 3.32355e-23
0.5225 1.03741e-23
0.5275 3.17982e-24
0.5325 9.97761e-25
0.5375 4.83035e-25
0.5425 2.69953e-25
0.5475 -1.22332e-24
0.5525 -4.62464e-24
0.5575 -8.30054e-25
0.5625 3.78443e-23
0.5675 1.08409e-22
0.5725 -2.6879e-23
0.5775 -1.00821e-21
0.5825 -2.71546e-21
0.5875 4.81026e-22
0.5925 2.47181e-20
0.5975 7.42269e-20
0.6025 3.05203e-20
0.6075 -5.30387e-19
0.6125 -2.07148e-18
0.6175 -2.74442e-18
0.6225 7.73215e-18
0.6275 5.15568e-17
0.6325 1.27789e-16
0.6375 5.41875e-17
0.6425 -8.64787e-16
0.6475 -3.90966e-15
0.6525 -8.67283e-15
0.6575 -3.27742e-15
0.6625 5.87372e-14
0.6675 2.81434e-13
0.6725 7.49958e-13
0.6775 1.02098e-12
0.6825 -1.57498e-12
0.6875 -1.58235e-11
0.6925 -6.19271e-11
0.6975 -1.67501e-10
0.7025 -3.09163e-10
0.7075 -1.57908e-10
0.7125 1.75141e-09
0.7175 1.0335e-08
0.7225 3.97476e-08
0.7275 1.2668e-07
0.7325 3.58825e-07
0.7375 9.32189e-07
0.7425 2.26025e-06
0.7475 5.17152e-06
0.7525 1.12505e-05
0.7575 2.33997e-05
0.7625 4.67261e-05
0.7675 8.9881e-05
0.7725 0.000166998
0.7775 0.000300379
0.7825 0.000524052
0.7875 0.000888268
0.7925 0.00146489
0.7975 0.00235352
0.8025 0.00368789
0.8075 0.00564203
0.8125 0.00843534
0.8175 0.0123356
0.8225 0.0176587
0.8275 0.0247644
0.8325 0.0340469
0.8375 0.0459203
0.8425 0.0607983
0.8475 0.0790693
0.8525 0.101069
0.8575 0.127053
0.8625 0.157164
0.8675 0.191415
0.8725 0.229671
0.8775 0.271637
0.8825 0.316866
0.8875 0.364771
0.8925 0.414644
0.8975 0.465697
0.9025 0.517091
0.9075 0.567984
0.9125 0.617568
0.9175 0.665104
0.9225 0.709961
0.9275 0.751629
0.9325 0.789737
0.9375 0.824058
0.9425 0.854501
0.9475 0.881098
0.9525 0.90399
0.9575 0.923397
0.9625 0.939605
0.9675 0.952931
0.9725 0.963708
0.9775 0.972261
0.9825 0.978892
0.9875 0.98386
0.9925 0.987373
0.9975 0.989579
