
# time = 1
0.0005 0.0767987
0.0015 0.0756747
0.0025 0.070642
0.0035 0.0824732
0.0045 0.0670562
0.0055 0.0801436
0.0065 0.0752968
0.0075 0.0695859
0.0085 0.0834758
0.0095 0.0673159
0.0105 0.0798976
0.0115 0.0740901
0.0125 0.0735168
0.0135 0.0784376
0.0145 0.0708592
0.0155 0.0809111
0.0165 0.0685794
0.0175 0.0812379
0.0185 0.0729116
0.0195 0.0718134
0.0205 0.0845237
0.0215 0.0637892
0.0225 0.0843374
0.0235 0.0727796
0.0245 0.0713296
0.0255 0.0830615
0.0265 0.0684547
0.0275 0.0794718
0.0285 0.0735623
0.0295 0.0779708
0.0305 0.0711255
0.0315 0.0797705
0.0325 0.0760897
0.0335 0.066704
0.0345 0.0915092
0.0355 0.0594486
0.0365 0.0831484
0.0375 0.0819644
0.0385 0.0578879
0.0395 0.0958122
0.0405 0.063498
0.0415 0.0749206
0.0425 0.0864952
0.0435 0.0634336
0.0445 0.0820819
0.0455 0.0771165
0.0465 0.0714145
0.0475 0.0769823
0.0485 0.0804712
0.0495 0.0687201
0.0505 0.0793505
0.0515 0.0798559
0.0525 0.0664956
0.0535 0.0846347
0.0545 0.0733885
0.0555 0.0720177
0.0565 0.0818504
0.0575 0.0736481
0.0585 0.073331
0.0595 0.0804366
0.0605 0.0748717
0.0615 0.072292
0.0625 0.0818824
0.0635 0.0731465
0.0645 0.0744719
0.0655 0.079231
0.0665 0.0769861
0.0675 0.0696398
0.0685 0.0839219
0.0695 0.0754286
0.0705 0.0654157
0.0715 0.095021
0.0725 0.0601675
0.0735 0.0797242
0.0745 0.0876681
0.0755 0.057425
0.0765 0.0920631
0.0775 0.0702948
0.0785 0.0741604
0.0795 0.0812075
0.0805 0.0729356
0.0815 0.079615
0.0825 0.0706059
0.0835 0.0848148
0.0845 0.0707588
0.0855 0.0740598
0.0865 0.0869867
0.0875 0.065825
0.0885 0.0779797
0.0895 0.0874892
0.0905 0.0605488
0.0915 0.0857939
0.0925 0.0815992
0.0935 0.0608056
0.0945 0.0931448
0.0955 0.0680917
0.0965 0.0768208
0.0975 0.080064
0.0985 0.0736959
0.0995 0.0813244
0.1005 0.0668223
0.1015 0.0913808
0.1025 0.0654566
0.1035 0.0761791
0.1045 0.0905055
0.1055 0.0597578
0.1065 0.0849185
0.1075 0.0828142
0.1085 0.0640146
0.1095 0.0850937
0.1105 0.0795728
0.1115 0.0676379
0.1125 0.0850856
0.1135 0.0734286
0.1145 0.0797061
0.1155 0.0716763
0.1165 0.0820146
0.1175 0.0809042
0.1185 0.0606264
0.1195 0.0990724
0.1205 0.063766
0.1215 0.0735691
0.1225 0.0928177
0.1235 0.062887
0.1245 0.0812495
0.1255 0.0809621
0.1265 0.0745285
0.1275 0.0750365
0.1285 0.0800374
0.1295 0.0796474
0.1305 0.0721565
0.1315 0.0765255
0.1325 0.0888698
0.1335 0.0623826
0.1345 0.0824724
0.1355 0.0882326
0.1365 0.058972
0.1375 0.0896113
0.1385 0.077089
0.1395 0.0733318
0.1405 0.0765945
0.1415 0.0836424
0.1425 0.0749623
0.1435 0.071078
0.1445 0.0876727
0.1455 0.0738757
0.1465 0.0734983
0.1475 0.0800407
0.1485 0.0856498
0.1495 0.0635578
0.1505 0.0842866
0.1515 0.0858025
0.1525 0.0633383
0.1535 0.0837932
0.1545 0.0843355
0.1555 0.0685121
0.1565 0.0788119
0.1575 0.0842033
0.1585 0.0731078
0.1595 0.0780395
0.1605 0.0742082
0.1615 0.091823
0.1625 0.060996
0.1635 0.0817599
0.1645 0.0933135
0.1655 0.0557976
0.1665 0.0895024
0.1675 0.0804479
0.1685 0.0733206
0.1695 0.0755476
0.1705 0.0831242
0.1715 0.079908
0.1725 0.0709325
0.1735 0.0788594
0.1745 0.0882921
0.1755 0.0685774
0.1765 0.0736056
0.1775 0.0935632
0.1785 0.0691202
0.1795 0.0721719
0.1805 0.0883199
0.1815 0.0801008
0.1825 0.0644512
0.1835 0.0900536
0.1845 0.0760789
0.1855 0.0787259
0.1865 0.072296
0.1875 0.0821743
0.1885 0.0899487
0.1895 0.0548097
0.1905 0.0939457
0.1915 0.0828921
0.1925 0.0656682
0.1935 0.0807166
0.1945 0.0876887
0.1955 0.0728306
0.1965 0.0741304
0.1975 0.0821447
0.1985 0.084468
0.1995 0.0724264
0.2005 0.0720534
0.2015 0.0916612
0.2025 0.0778234
0.2035 0.0644481
0.2045 0.0877413
0.2055 0.0901925
0.2065 0.0572227
0.2075 0.0901453
0.2085 0.078575
0.2095 0.08138
0.2105 0.0719522
0.2115 0.0756834
0.2125 0.0954583
0.2135 0.0667481
0.2145 0.0727342
0.2155 0.0893658
0.2165 0.0854353
0.2175 0.0592815
0.2185 0.0884271
0.2195 0.0861995
0.2205 0.0720027
0.2215 0.0755281
0.2225 0.0807982
0.2235 0.0869592
0.2245 0.0763768
0.2255 0.0627934
0.2265 0.098567
0.2275 0.0806934
0.2285 0.061253
0.2295 0.0872444
0.2305 0.0859666
0.2315 0.0777544
0.2325 0.0668137
0.2335 0.0888068
0.2345 0.0799979
0.2355 0.0848624
0.2365 0.0593212
0.2375 0.0910029
0.2385 0.0932574
0.2395 0.0589817
0.2405 0.0796554
0.2415 0.0904669
0.2425 0.0804812
0.2435 0.0697811
0.2445 0.0780391
0.2455 0.0857532
0.2465 0.0878309
0.2475 0.0651825
0.2485 0.0735497
0.2495 0.0988041
0.2505 0.0792912
0.2515 0.0576928
0.2525 0.0936937
0.2535 0.0810555
0.2545 0.0840975
0.2555 0.0665295
0.2565 0.078669
0.2575 0.0921847
0.2585 0.0837061
0.2595 0.0610507
0.2605 0.0783019
0.2615 0.104747
0.2625 0.0649362
0.2635 0.0753488
0.2645 0.0775314
0.2655 0.0907266
0.2665 0.0837672
0.2675 0.0680768
0.2685 0.0697192
0.2695 0.100355
0.2705 0.0846529
0.2715 0.0596196
0.2725 0.0785214
0.2735 0.0962521
0.2745 0.0774145
0.2755 0.079929
0.2765 0.0627768
0.2775 0.0896602
0.2785 0.0967072
0.2795 0.0708696
0.2805 0.0609273
0.2815 0.090553
0.2825 0.0975038
0.2835 0.0673938
0.2845 0.078929
0.2855 0.0664558
0.2865 0.0988857
0.2875 0.0889884
0.2885 0.0669317
0.2895 0.0615693
0.2905 0.100788
0.2915 0.0904972
0.2925 0.0699777
0.2935 0.0717755
0.2945 0.0759108
0.2955 0.0930578
0.2965 0.096562
0.2975 0.0584626
0.2985 0.0672663
0.2995 0.0942878
0.3005 0.0983431
0.3015 0.068269
0.3025 0.0737816
0.3035 0.0694489
0.3045 0.0921666
0.3055 0.103287
0.3065 0.0643988
0.3075 0.0612796
0.3085 0.0831448
0.3095 0.105001
0.3105 0.0760371
0.3115 0.0812532
0.3125 0.0559891
0.3135 0.0830445
0.3145 0.104557
0.3155 0.09126
0.3165 0.0553357
0.3175 0.0699314
0.3185 0.0879992
0.3195 0.0934709
0.3205 0.0945954
0.3215 0.0698259
0.3225 0.0500888
0.3235 0.090365
0.3245 0.103355
0.3255 0.0910056
0.3265 0.0644684
0.3275 0.0713049
0.3285 0.0621748
0.3295 0.105033
0.3305 0.105416
0.3315 0.0734278
0.3325 0.0537847
0.3335 0.0730739
0.3345 0.0893309
0.3355 0.0970877
0.3365 0.105927
0.3375 0.058465
0.3385 0.0531846
0.3395 0.0761434
0.3405 0.106012
0.3415 0.0945808
0.3425 0.0942324
0.3435 0.0632512
0.3445 0.0459453
0.3455 0.0789692
0.3465 0.110075
0.3475 0.101775
0.3485 0.0857882
0.3495 0.0686127
0.3505 0.0474727
0.3515 0.0624672
0.3525 0.112948
0.3535 0.107053
0.3545 0.0969172
0.3555 0.0687573
0.3565 0.0599089
0.3575 0.0371594
0.3585 0.0946666
0.3595 0.110357
0.3605 0.114646
0.3615 0.0871367
0.3625 0.0774472
0.3635 0.0354194
0.3645 0.0467463
0.3655 0.0875732
0.3665 0.112108
0.3675 0.113878
0.3685 0.114069
0.3695 0.0833296
0.3705 0.0370043
0.3715 0.0346029
0.3725 0.0627052
0.3735 0.0767281
0.3745 0.115012
0.3755 0.137957
0.3765 0.129544
0.3775 0.0758176
0.3785 0.0664329
0.3795 0.0279324
0.3805 0.0207
0.3815 0.0335364
0.3825 0.0948983
0.3835 0.109748
0.3845 0.143076
0.3855 0.161326
0.3865 0.147543
0.3875 0.0964646
0.3885 0.0649482
0.3895 0.0323892
0.3905 -0.0171867
0.3915 -0.0269542
0.3925 -0.00516566
0.3935 0.0203539
0.3945 0.0512473
0.3955 0.125304
0.3965 0.197338
0.3975 0.246928
0.3985 0.319453
0.3995 0.395563
0.4005 0.456908
0.4015 0.494189
0.4025 0.575109
0.4035 0.622785
0.4045 0.665973
0.4055 0.694996
0.4065 0.756367
0.4075 0.758274
0.4085 0.761362
0.4095 0.758281
0.4105 0.75704
0.4115 0.709484
0.4125 0.68314
0.4135 0.678028
0.4145 0.667267
0.4155 0.656195
0.4165 0.680491
0.4175 0.721376
0.4185 0.728117
0.4195 0.731987
0.4205 0.743177
0.4215 0.733059
0.4225 0.692466
0.4235 0.67114
0.4245 0.686383
0.4255 0.686015
0.4265 0.696413
0.4275 0.716601
0.4285 0.751874
0.4295 0.720452
0.4305 0.703244
0.4315 0.683773
0.4325 0.699215
0.4335 0.673632
0.4345 0.703389
0.4355 0.723726
0.4365 0.74527
0.4375 0.700093
0.4385 0.694831
0.4395 0.688422
0.4405 0.697931
0.4415 0.68772
0.4425 0.719269
0.4435 0.734697
0.4445 0.7175
0.4455 0.679182
0.4465 0.682839
0.4475 0.705667
0.4485 0.711894
0.4495 0.709376
0.4505 0.716866
0.4515 0.713744
0.4525 0.685848
0.4535 0.676089
0.4545 0.708178
0.4555 0.733125
0.4565 0.716767
0.4575 0.684447
0.4585 0.690747
0.4595 0.702921
0.4605 0.709939
0.4615 0.701535
0.4625 0.717058
0.4635 0.706585
0.4645 0.691279
0.4655 0.6778
0.4665 0.715346
0.4675 0.728588
0.4685 0.710669
0.4695 0.672449
0.4705 0.688375
0.4715 0.71812
0.4725 0.723777
0.4735 0.696193
0.4745 0.685041
0.4755 0.702317
0.4765 0.708793
0.4775 0.706751
0.4785 0.695494
0.4795 0.709336
0.4805 0.69737
0.4815 0.699084
0.4825 0.69046
0.4835 0.720487
0.4845 0.705655
0.4855 0.698716
0.4865 0.674721
0.4875 0.713275
0.4885 0.71655
0.4895 0.714057
0.4905 0.670844
0.4915 0.69241
0.4925 0.71229
0.4935 0.730058
0.4945 0.687391
0.4955 0.6771
0.4965 0.694256
0.4975 0.729806
0.4985 0.713514
0.4995 0.679832
0.5005 0.677395
0.5015 0.709739
0.5025 0.730825
0.5035 0.697924
0.5045 0.676878
0.5055 0.681689
0.5065 0.726726
0.5075 0.715664
0.5085 0.696312
0.5095 0.66625
0.5105 0.705119
0.5115 0.714971
0.5125 0.720428
0.5135 0.676754
0.5145 0.688238
0.5155 0.694736
0.5165 0.72339
0.5175 0.700085
0.5185 0.696333
0.5195 0.681622
0.5205 0.700004
0.5215 0.702775
0.5225 0.714395
0.5235 0.701018
0.5245 0.686076
0.5255 0.679541
0.5265 0.701406
0.5275 0.726321
0.5285 0.710423
0.5295 0.678676
0.5305 0.665307
0.5315 0.706748
0.5325 0.727105
0.5335 0.717128
0.5345 0.67377
0.5355 0.676837
0.5365 0.691725
0.5375 0.717363
0.5385 0.710455
0.5395 0.707438
0.5405 0.684894
0.5415 0.674457
0.5425 0.681287
0.5435 0.718691
0.5445 0.731977
0.5455 0.702678
0.5465 0.666068
0.5475 0.668262
0.5485 0.699859
0.5495 0.717402
0.5505 0.718408
0.5515 0.707683
0.5525 0.686743
0.5535 0.663249
0.5545 0.669333
0.5555 0.71265
0.5565 0.734854
0.5575 0.722425
0.5585 0.682603
0.5595 0.675819
0.5605 0.662702
0.5615 0.683578
0.5625 0.70106
0.5635 0.747409
0.5645 0.72316
0.5655 0.6984
0.5665 0.654228
0.5675 0.66961
0.5685 0.661947
0.5695 0.699379
0.5705 0.72362
0.5715 0.755077
0.5725 0.718443
0.5735 0.688359
0.5745 0.65938
0.5755 0.651964
0.5765 0.646962
0.5775 0.67946
0.5785 0.728972
0.5795 0.750564
0.5805 0.747339
0.5815 0.73149
0.5825 0.707024
0.5835 0.654598
0.5845 0.622322
0.5855 0.623651
0.5865 0.639697
0.5875 0.663588
0.5885 0.705933
0.5895 0.764923
0.5905 0.781707
0.5915 0.795196
0.5925 0.784771
0.5935 0.772068
0.5945 0.701025
0.5955 0.655442
0.5965 0.588043
0.5975 0.527741
0.5985 0.439267
0.5995 0.392164
0.6005 0.327595
0.6015 0.263075
0.6025 0.202453
0.6035 0.162569
0.6045 0.110778
0.6055 0.0579587
0.6065 0.0380108
0.6075 0.0182307
0.6085 0.00459861
0.6095 0.00742745
0.6105 0.0398078
0.6115 0.0576749
0.6125 0.0761806
0.6135 0.108995
0.6145 0.115734
0.6155 0.106499
0.6165 0.0823969
0.6175 0.0792015
0.6185 0.0351534
0.6195 0.0330766
0.6205 0.0321727
0.6215 0.0619801
0.6225 0.0608438
0.6235 0.0998672
0.6245 0.101127
0.6255 0.0895282
0.6265 0.0636771
0.6275 0.0574295
0.6285 0.0391125
0.6295 0.0396713
0.6305 0.0701345
0.6315 0.0879087
0.6325 0.0878974
0.6335 0.0868719
0.6345 0.0722218
0.6355 0.047083
0.6365 0.0380554
0.6375 0.0683948
0.6385 0.0690464
0.6395 0.0913873
0.6405 0.0831694
0.6415 0.0804418
0.6425 0.0365264
0.6435 0.0588747
0.6445 0.0577429
0.6455 0.0803085
0.6465 0.0820934
0.6475 0.0902145
0.6485 0.0554944
0.6495 0.047379
0.6505 0.0614478
0.6515 0.0706545
0.6525 0.0815424
0.6535 0.0862908
0.6545 0.0678111
0.6555 0.0458868
0.6565 0.0573512
0.6575 0.0781084
0.6585 0.0749306
0.6595 0.0863328
0.6605 0.06368
0.6615 0.0533453
0.6625 0.0518901
0.6635 0.0872294
0.6645 0.0765862
0.6655 0.0749163
0.6665 0.063951
0.6675 0.0511861
0.6685 0.0648703
0.6695 0.0828398
0.6705 0.086481
0.6715 0.0537236
0.6725 0.0663195
0.6735 0.0558674
0.6745 0.0772942
0.6755 0.0814819
0.6765 0.0766514
0.6775 0.0482807
0.6785 0.0625495
0.6795 0.0783678
0.6805 0.0760433
0.6815 0.0742813
0.6825 0.062464
0.6835 0.0523347
0.6845 0.0767023
0.6855 0.0832119
0.6865 0.0724641
0.6875 0.0506412
0.6885 0.0734549
0.6895 0.0624022
0.6905 0.0880206
0.6915 0.0684378
0.6925 0.0590064
0.6935 0.0573768
0.6945 0.084901
0.6955 0.076834
0.6965 0.060847
0.6975 0.0676026
0.6985 0.0590202
0.6995 0.0829943
0.7005 0.0766253
0.7015 0.0625682
0.7025 0.0540302
0.7035 0.0809352
0.7045 0.0774185
0.7055 0.065946
0.7065 0.0653088
0.7075 0.0621358
0.7085 0.0760409
0.7095 0.0837567
0.7105 0.0561419
0.7115 0.062933
0.7125 0.0730277
0.7135 0.0847571
0.7145 0.057045
0.7155 0.0729703
0.7165 0.0582113
0.7175 0.082973
0.7185 0.0758101
0.7195 0.0572287
0.7205 0.0646798
0.7215 0.0792672
0.7225 0.0780889
0.7235 0.0559958
0.7245 0.0728752
0.7255 0.0657361
0.7265 0.0818687
0.7275 0.0687654
0.7285 0.0564378
0.7295 0.073492
0.7305 0.0831191
0.7315 0.0633228
0.7325 0.0626558
0.7335 0.0721249
0.7345 0.078302
0.7355 0.0664098
0.7365 0.0705045
0.7375 0.0567567
0.7385 0.0897594
0.7395 0.0669777
0.7405 0.0590081
0.7415 0.0729674
0.7425 0.0774179
0.7435 0.0712857
0.7445 0.0592135
0.7455 0.0765205
0.7465 0.067505
0.7475 0.0829771
0.7485 0.0536467
0.7495 0.0712065
0.7505 0.0831196
0.7515 0.0658214
0.7525 0.0616264
0.7535 0.0757185
0.7545 0.0743859
0.7555 0.0700019
0.7565 0.0634109
0.7575 0.0724599
0.7585 0.0759422
0.7595 0.0729699
0.7605 0.0551897
0.7615 0.0806666
0.7625 0.0789836
0.7635 0.0551125
0.7645 0.0778379
0.7655 0.0671824
0.7665 0.0807492
0.7675 0.0592521
0.7685 0.0723703
0.7695 0.0733296
0.7705 0.0769971
0.7715 0.0592088
0.7725 0.0703336
0.7735 0.0859901
0.7745 0.0575955
0.7755 0.0708114
0.7765 0.0754764
0.7775 0.0715714
0.7785 0.0695889
0.7795 0.0654167
0.7805 0.0758621
0.7815 0.0779958
0.7825 0.0563161
0.7835 0.0774991
0.7845 0.07534
0.7855 0.0698111
0.7865 0.0600562
0.7875 0.0845826
0.7885 0.0675831
0.7895 0.0662632
0.7905 0.0749274
0.7915 0.0674008
0.7925 0.0830194
0.7935 0.052829
0.7945 0.0817087
0.7955 0.0758086
0.7965 0.0618734
0.7975 0.071273
0.7985 0.0791021
0.7995 0.067641
0.8005 0.0666457
0.8015 0.0753999
0.8025 0.0739729
0.8035 0.0677245
0.8045 0.0684513
0.8055 0.0767089
0.8065 0.0731031
0.8075 0.0637639
0.8085 0.0719885
0.8095 0.0855956
0.8105 0.0513022
0.8115 0.0830673
0.8125 0.0717041
0.8135 0.0677918
0.8145 0.0734051
0.8155 0.067029
0.8165 0.0830974
0.8175 0.0589035
0.8185 0.0753913
0.8195 0.0769235
0.8205 0.0681236
0.8215 0.0656438
0.8225 0.0815543
0.8235 0.0692542
0.8245 0.0647833
0.8255 0.078602
0.8265 0.0728881
0.8275 0.0658046
0.8285 0.0741978
0.8295 0.074662
0.8305 0.0695293
0.8315 0.0707937
0.8325 0.0699842
0.8335 0.0839855
0.8345 0.0528817
0.8355 0.0848805
0.8365 0.0742055
0.8375 0.0585448
0.8385 0.0849768
0.8395 0.0653964
0.8405 0.0757465
0.8415 0.0664503
0.8425 0.0772283
0.8435 0.0732133
0.8445 0.0646364
0.8455 0.0776395
0.8465 0.0758219
0.8475 0.0619539
0.8485 0.0785908
0.8495 0.0757211
0.8505 0.0630446
0.8515 0.0780525
0.8525 0.0724202
0.8535 0.0719303
0.8545 0.0665254
0.8555 0.0824415
0.8565 0.0653622
0.8575 0.0716119
0.8585 0.0772854
0.8595 0.0692586
0.8605 0.0732071
0.8615 0.0680803
0.8625 0.0842327
0.8635 0.0576906
0.8645 0.0801317
0.8655 0.077326
0.8665 0.0599492
0.8675 0.0825095
0.8685 0.0708196
0.8695 0.0689267
0.8705 0.0750758
0.8715 0.0735161
0.8725 0.0712149
0.8735 0.0719629
0.8745 0.0725826
0.8755 0.0788472
0.8765 0.0597162
0.8775 0.085013
0.8785 0.0710893
0.8795 0.060219
0.8805 0.0927235
0.8815 0.0564669
0.8825 0.0789664
0.8835 0.0749699
0.8845 0.0679552
0.8855 0.0775565
0.8865 0.0669427
0.8875 0.0812704
0.8885 0.0650838
0.8895 0.0744825
0.8905 0.079799
0.8915 0.0628613
0.8925 0.0771262
0.8935 0.0799845
0.8945 0.0586522
0.8955 0.0849167
0.8965 0.0715137
0.8975 0.0640647
0.8985 0.0865033
0.8995 0.0615618
0.9005 0.0808142
0.9015 0.0680432
0.9025 0.0759061
0.9035 0.0755129
0.9045 0.0630317
0.9055 0.0893202
0.9065 0.058648
0.9075 0.0781064
0.9085 0.0804879
0.9095 0.0598985
0.9105 0.0831289
0.9115 0.0732047
0.9125 0.0654698
0.9135 0.0820154
0.9145 0.0704539
0.9155 0.0693574
0.9165 0.0810487
0.9175 0.0661059
0.9185 0.0792313
0.9195 0.0686062
0.9205 0.0769547
0.9215 0.0745627
0.9225 0.0646098
0.9235 0.0897341
0.9245 0.0564443
0.9255 0.0827552
0.9265 0.0777279
0.9275 0.0585721
0.9285 0.0909272
0.9295 0.063152
0.9305 0.0740017
0.9315 0.0799757
0.9325 0.067585
0.9335 0.0752909
0.9345 0.0761245
0.9355 0.0714329
0.9365 0.0728722
0.9375 0.0778039
0.9385 0.0695121
0.9395 0.0761089
0.9405 0.0734908
0.9415 0.0743526
0.9425 0.0721002
0.9435 0.0756937
0.9445 0.0751919
0.9455 0.067957
0.9465 0.082854
0.9475 0.066945
0.9485 0.0750562
0.9495 0.0792214
0.9505 0.066713
0.9515 0.0782262
0.9525 0.0753439
0.9535 0.070187
0.9545 0.0750285
0.9555 0.0800793
0.9565 0.0630142
0.9575 0.0837521
0.9585 0.07368
0.9595 0.0628144
0.9605 0.0932539
0.9615 0.0567957
0.9625 0.0815137
0.9635 0.0802988
0.9645 0.058942
0.9655 0.0910468
0.9665 0.0634121
0.9675 0.0768117
0.9685 0.0782927
0.9695 0.0684146
0.9705 0.0792547
0.9715 0.0712034
0.9725 0.0775862
0.9735 0.0700639
0.9745 0.0797203
0.9755 0.0706899
0.9765 0.074412
0.9775 0.0795876
0.9785 0.0658865
0.9795 0.0839149
0.9805 0.0677786
0.9815 0.0768773
0.9825 0.0773102
0.9835 0.0681012
0.9845 0.0831831
0.9855 0.0664861
0.9865 0.0804079
0.9875 0.07319
0.9885 0.0715873
0.9895 0.0816151
0.9905 0.0666069
0.9915 0.0814654
0.9925 0.071707
0.9935 0.0740321
0.9945 0.0783301
0.9955 0.0706148
0.9965 0.0786151
0.9975 0.0719128
0.9985 0.0777104
0.9995 0.072206
