
# time = 1
0.0025 0.0159069
0.0075 0.0211627
0.0125 0.0263976
0.0175 0.0316064
0.0225 0.036784
0.0275 0.0419254
0.0325 0.0470254
0.0375 0.0520789
0.0425 0.0570811
0.0475 0.062027
0.0525 0.0669116
0.0575 0.0717302
0.0625 0.076478
0.0675 0.0811503
0.0725 0.0857426
0.0775 0.0902502
0.0825 0.0946687
0.0875 0.0989939
0.0925 0.103221
0.0975 0.107347
0.1025 0.111367
0.1075 0.115276
0.1125 0.119072
0.1175 0.122751
0.1225 0.126308
0.1275 0.129741
0.1325 0.133045
0.1375 0.136219
0.1425 0.139257
0.1475 0.142159
0.1525 0.14492
0.1575 0.147538
0.1625 0.150011
0.1675 0.152335
0.1725 0.15451
0.1775 0.156531
0.1825 0.158398
0.1875 0.160109
0.1925 0.161662
0.1975 0.163056
0.2025 0.164288
0.2075 0.165358
0.2125 0.166265
0.2175 0.167008
0.2225 0.167587
0.2275 0.167999
0.2325 0.168246
0.2375 0.168327
0.2425 0.168242
0.2475 0.167991
0.2525 0.167574
0.2575 0.166992
0.2625 0.166245
0.2675 0.165333
0.2725 0.164259
0.2775 0.163023
0.2825 0.161625
0.2875 0.160068
0.2925 0.158354
0.2975 0.156482
0.3025 0.154457
0.3075 0.152279
0.3125 0.149951
0.3175 0.147475
0.3225 0.144853
0.3275 0.142088
0.3325 0.139183
0.3375 0.136141
0.3425 0.132964
0.3475 0.129656
0.3525 0.12622
0.3575 0.12266
0.3625 0.118979
0.3675 0.11518
0.3725 0.111267
0.3775 0.107245
0.3825 0.103117
0.3875 0.0988868
0.3925 0.0945593
0.3975 0.0901385
0.4025 0.0856287
0.4075 0.0810344
0.4125 0.0763601
0.4175 0.0716104
0.4225 0.0667901
0.4275 0.0619039
0.4325 0.0569566
0.4375 0.0519531
0.4425 0.0468983
0.4475 0.0417972
0.4525 0.0366549
0.4575 0.0314764
0.4625 0.0262669
0.4675 0.0210314
0.4725 0.0157751
0.4775 0.0105033
0.4825 0.00522116
0.4875 -6.61641e-05
0.4925 -0.00535342
0.4975 -0.0106354
0.5025 -0.0159069
0.5075 -0.0211627
0.5125 -0.0263976
0.5175 -0.0316064
0.5225 -0.036784
0.5275 -0.0419254
0.5325 -0.0470254
0.5375 -0.0520789
0.5425 -0.0570811
0.5475 -0.062027
0.5525 -0.0669116
0.5575 -0.0717302
0.5625 -0.076478
0.5675 -0.0811503
0.5725 -0.0857426
0.5775 -0.0902502
0.5825 -0.0946687
0.5875 -0.0989939
0.5925 -0.103221
0.5975 -0.107347
0.6025 -0.111367
0.6075 -0.115276
0.6125 -0.119072
0.6175 -0.122751
0.6225 -0.126308
0.6275 -0.129741
0.6325 -0.133045
0.6375 -0.136219
0.6425 -0.139257
0.6475 -0.142159
0.6525 -0.14492
0.6575 -0.147538
0.6625 -0.150011
0.6675 -0.152335
0.6725 -0.15451
0.6775 -0.156531
0.6825 -0.158398
0.6875 -0.160109
0.6925 -0.161662
0.6975 -0.163056
0.7025 -0.164288
0.7075 -0.165358
0.7125 -0.166265
0.7175 -0.167008
0.7225 -0.167587
0.7275 -0.167999
0.7325 -0.168246
0.7375 -0.168327
0.7425 -0.168242
0.7475 -0.167991
0.7525 -0.167574
0.7575 -0.166992
0.7625 -0.166245
0.7675 -0.165333
0.7725 -0.164259
0.7775 -0.163023
0.7825 -0.161625
0.7875 -0.160068
0.7925 -0.158354
0.7975 -0.156482
0.8025 -0.154457
0.8075 -0.152279
0.8125 -0.149951
0.8175 -0.147475
0.8225 -0.144853
0.8275 -0.142088
0.8325 -0.139183
0.8375 -0.136141
0.8425 -0.132964
0.8475 -0.129656
0.8525 -0.12622
0.8575 -0.12266
0.8625 -0.118979
0.8675 -0.11518
0.8725 -0.111267
0.8775 -0.107245
0.8825 -0.103117
0.8875 -0.0988868
0.8925 -0.0945593
0.8975 -0.0901385
0.9025 -0.0856287
0.9075 -0.0810344
0.9125 -0.0763601
0.9175 -0.0716104
0.9225 -0.0667901
0.9275 -0.0619039
0.9325 -0.0569566
0.9375 -0.0519531
0.9425 -0.0468983
0.9475 -0.0417972
0.9525 -0.0366549
0.9575 -0.0314764
0.9625 -0.0262669
0.9675 -0.0210314
0.9725 -0.0157751
0.9775 -0.0105033
0.9825 -0.00522116
0.9875 6.61641e-05
0.9925 0.00535342
0.9975 0.0106354
