
# time = 1
0.0005 0.0119444
0.0015 0.0150031
0.0025 0.0180612
0.0035 0.0211187
0.0045 0.0241752
0.0055 0.0272309
0.0065 0.0302854
0.0075 0.0333388
0.0085 0.0363909
0.0095 0.0394415
0.0105 0.0424905
0.0115 0.0455379
0.0125 0.0485835
0.0135 0.0516272
0.0145 0.0546688
0.0155 0.0577082
0.0165 0.0607454
0.0175 0.0637802
0.0185 0.0668125
0.0195 0.0698421
0.0205 0.072869
0.0215 0.075893
0.0225 0.078914
0.0235 0.0819319
0.0245 0.0849465
0.0255 0.0879578
0.0265 0.0909657
0.0275 0.0939699
0.0285 0.0969704
0.0295 0.0999671
0.0305 0.10296
0.0315 0.105949
0.0325 0.108933
0.0335 0.111913
0.0345 0.114889
0.0355 0.11786
0.0365 0.120827
0.0375 0.123789
0.0385 0.126746
0.0395 0.129698
0.0405 0.132644
0.0415 0.135586
0.0425 0.138522
0.0435 0.141453
0.0445 0.144378
0.0455 0.147298
0.0465 0.150211
0.0475 0.153119
0.0485 0.156021
0.0495 0.158916
0.0505 0.161806
0.0515 0.164688
0.0525 0.167565
0.0535 0.170434
0.0545 0.173298
0.0555 0.176154
0.0565 0.179003
0.0575 0.181845
0.0585 0.18468
0.0595 0.187508
0.0605 0.190328
0.0615 0.193141
0.0625 0.195946
0.0635 0.198743
0.0645 0.201533
0.0655 0.204315
0.0665 0.207088
0.0675 0.209853
0.0685 0.21261
0.0695 0.215359
0.0705 0.218099
0.0715 0.220831
0.0725 0.223554
0.0735 0.226268
0.0745 0.228973
0.0755 0.231669
0.0765 0.234356
0.0775 0.237034
0.0785 0.239702
0.0795 0.242361
0.0805 0.24501
0.0815 0.24765
0.0825 0.250279
0.0835 0.252899
0.0845 0.255509
0.0855 0.258109
0.0865 0.260699
0.0875 0.263278
0.0885 0.265847
0.0895 0.268406
0.0905 0.270954
0.0915 0.273491
0.0925 0.276017
0.0935 0.278533
0.0945 0.281037
0.0955 0.283531
0.0965 0.286013
0.0975 0.288484
0.0985 0.290943
0.0995 0.293392
0.1005 0.295828
0.1015 0.298253
0.1025 0.300666
0.1035 0.303067
0.1045 0.305456
0.1055 0.307833
0.1065 0.310198
0.1075 0.312551
0.1085 0.314891
0.1095 0.317219
0.1105 0.319535
0.1115 0.321838
0.1125 0.324128
0.1135 0.326405
0.1145 0.32867
0.1155 0.330921
0.1165 0.333159
0.1175 0.335385
0.1185 0.337597
0.1195 0.339795
0.1205 0.341981
0.1215 0.344152
0.1225 0.346311
0.1235 0.348455
0.1245 0.350586
0.1255 0.352703
0.1265 0.354806
0.1275 0.356895
0.1285 0.35897
0.1295 0.36103
0.1305 0.363077
0.1315 0.365109
0.1325 0.367127
0.1335 0.36913
0.1345 0.371119
0.1355 0.373093
0.1365 0.375052
0.1375 0.376996
0.1385 0.378926
0.1395 0.38084
0.1405 0.38274
0.1415 0.384625
0.1425 0.386494
0.1435 0.388348
0.1445 0.390187
0.1455 0.39201
0.1465 0.393818
0.1475 0.39561
0.1485 0.397387
0.1495 0.399148
0.1505 0.400893
0.1515 0.402622
0.1525 0.404336
0.1535 0.406033
0.1545 0.407715
0.1555 0.40938
0.1565 0.411029
0.1575 0.412662
0.1585 0.414279
0.1595 0.415879
0.1605 0.417463
0.1615 0.419031
0.1625 0.420582
0.1635 0.422116
0.1645 0.423634
0.1655 0.425135
0.1665 0.426619
0.1675 0.428086
0.1685 0.429537
0.1695 0.43097
0.1705 0.432386
0.1715 0.433786
0.1725 0.435168
0.1735 0.436533
0.1745 0.437881
0.1755 0.439212
0.1765 0.440525
0.1775 0.441821
0.1785 0.443099
0.1795 0.44436
0.1805 0.445603
0.1815 0.446829
0.1825 0.448037
0.1835 0.449227
0.1845 0.4504
0.1855 0.451555
0.1865 0.452692
0.1875 0.453811
0.1885 0.454913
0.1895 0.455996
0.1905 0.457061
0.1915 0.458108
0.1925 0.459138
0.1935 0.460149
0.1945 0.461142
0.1955 0.462116
0.1965 0.463073
0.1975 0.464011
0.1985 0.464931
0.1995 0.465832
0.2005 0.466715
0.2015 0.46758
0.2025 0.468426
0.2035 0.469254
0.2045 0.470063
0.2055 0.470854
0.2065 0.471626
0.2075 0.472379
0.2085 0.473114
0.2095 0.47383
0.2105 0.474528
0.2115 0.475206
0.2125 0.475866
0.2135 0.476507
0.2145 0.47713
0.2155 0.477733
0.2165 0.478318
0.2175 0.478884
0.2185 0.47943
0.2195 0.479958
0.2205 0.480467
0.2215 0.480957
0.2225 0.481428
0.2235 0.48188
0.2245 0.482313
0.2255 0.482727
0.2265 0.483122
0.2275 0.483498
0.2285 0.483855
0.2295 0.484192
0.2305 0.484511
0.2315 0.48481
0.2325 0.48509
0.2335 0.485351
0.2345 0.485593
0.2355 0.485816
0.2365 0.48602
0.2375 0.486204
0.2385 0.486369
0.2395 0.486515
0.2405 0.486642
0.2415 0.48675
0.2425 0.486838
0.2435 0.486907
0.2445 0.486957
0.2455 0.486988
0.2465 0.486999
0.2475 0.486991
0.2485 0.486964
0.2495 0.486918
0.2505 0.486853
0.2515 0.486768
0.2525 0.486664
0.2535 0.486541
0.2545 0.486399
0.2555 0.486237
0.2565 0.486057
0.2575 0.485857
0.2585 0.485638
0.2595 0.485399
0.2605 0.485142
0.2615 0.484865
0.2625 0.48457
0.2635 0.484255
0.2645 0.483921
0.2655 0.483568
0.2665 0.483196
0.2675 0.482805
0.2685 0.482394
0.2695 0.481965
0.2705 0.481517
0.2715 0.481049
0.2725 0.480563
0.2735 0.480058
0.2745 0.479533
0.2755 0.47899
0.2765 0.478428
0.2775 0.477847
0.2785 0.477247
0.2795 0.476629
0.2805 0.475991
0.2815 0.475335
0.2825 0.47466
0.2835 0.473966
0.2845 0.473253
0.2855 0.472522
0.2865 0.471772
0.2875 0.471004
0.2885 0.470217
0.2895 0.469411
0.2905 0.468587
0.2915 0.467744
0.2925 0.466883
0.2935 0.466003
0.2945 0.465105
0.2955 0.464189
0.2965 0.463255
0.2975 0.462302
0.2985 0.46133
0.2995 0.460341
0.3005 0.459333
0.3015 0.458308
0.3025 0.457264
0.3035 0.456202
0.3045 0.455122
0.3055 0.454024
0.3065 0.452909
0.3075 0.451775
0.3085 0.450623
0.3095 0.449454
0.3105 0.448267
0.3115 0.447062
0.3125 0.44584
0.3135 0.4446
0.3145 0.443343
0.3155 0.442068
0.3165 0.440775
0.3175 0.439465
0.3185 0.438138
0.3195 0.436794
0.3205 0.435432
0.3215 0.434053
0.3225 0.432657
0.3235 0.431244
0.3245 0.429813
0.3255 0.428366
0.3265 0.426902
0.3275 0.425421
0.3285 0.423924
0.3295 0.422409
0.3305 0.420878
0.3315 0.41933
0.3325 0.417766
0.3335 0.416185
0.3345 0.414588
0.3355 0.412974
0.3365 0.411344
0.3375 0.409698
0.3385 0.408036
0.3395 0.406358
0.3405 0.404663
0.3415 0.402953
0.3425 0.401226
0.3435 0.399484
0.3445 0.397726
0.3455 0.395953
0.3465 0.394163
0.3475 0.392359
0.3485 0.390538
0.3495 0.388702
0.3505 0.386851
0.3515 0.384985
0.3525 0.383103
0.3535 0.381207
0.3545 0.379295
0.3555 0.377368
0.3565 0.375427
0.3575 0.37347
0.3585 0.371499
0.3595 0.369513
0.3605 0.367513
0.3615 0.365498
0.3625 0.363468
0.3635 0.361425
0.3645 0.359367
0.3655 0.357295
0.3665 0.355208
0.3675 0.353108
0.3685 0.350994
0.3695 0.348866
0.3705 0.346724
0.3715 0.344568
0.3725 0.342399
0.3735 0.340216
0.3745 0.33802
0.3755 0.335811
0.3765 0.333588
0.3775 0.331352
0.3785 0.329103
0.3795 0.326841
0.3805 0.324567
0.3815 0.322279
0.3825 0.319978
0.3835 0.317665
0.3845 0.31534
0.3855 0.313002
0.3865 0.310651
0.3875 0.308289
0.3885 0.305914
0.3895 0.303527
0.3905 0.301128
0.3915 0.298718
0.3925 0.296295
0.3935 0.293861
0.3945 0.291415
0.3955 0.288958
0.3965 0.286489
0.3975 0.284009
0.3985 0.281517
0.3995 0.279015
0.4005 0.276502
0.4015 0.273977
0.4025 0.271442
0.4035 0.268896
0.4045 0.26634
0.4055 0.263773
0.4065 0.261195
0.4075 0.258608
0.4085 0.25601
0.4095 0.253402
0.4105 0.250784
0.4115 0.248156
0.4125 0.245518
0.4135 0.242871
0.4145 0.240214
0.4155 0.237547
0.4165 0.234871
0.4175 0.232186
0.4185 0.229492
0.4195 0.226788
0.4205 0.224076
0.4215 0.221355
0.4225 0.218625
0.4235 0.215887
0.4245 0.213139
0.4255 0.210384
0.4265 0.20762
0.4275 0.204848
0.4285 0.202068
0.4295 0.19928
0.4305 0.196484
0.4315 0.193681
0.4325 0.190869
0.4335 0.18805
0.4345 0.185224
0.4355 0.182391
0.4365 0.17955
0.4375 0.176702
0.4385 0.173847
0.4395 0.170985
0.4405 0.168117
0.4415 0.165242
0.4425 0.16236
0.4435 0.159472
0.4445 0.156578
0.4455 0.153677
0.4465 0.150771
0.4475 0.147858
0.4485 0.14494
0.4495 0.142016
0.4505 0.139086
0.4515 0.136151
0.4525 0.13321
0.4535 0.130264
0.4545 0.127313
0.4555 0.124357
0.4565 0.121397
0.4575 0.118431
0.4585 0.115461
0.4595 0.112486
0.4605 0.109506
0.4615 0.106523
0.4625 0.103535
0.4635 0.100543
0.4645 0.0975467
0.4655 0.0945469
0.4665 0.0915434
0.4675 0.0885362
0.4685 0.0855256
0.4695 0.0825116
0.4705 0.0794943
0.4715 0.0764739
0.4725 0.0734504
0.4735 0.0704241
0.4745 0.067395
0.4755 0.0643632
0.4765 0.0613289
0.4775 0.0582922
0.4785 0.0552531
0.4795 0.0522119
0.4805 0.0491686
0.4815 0.0461234
0.4825 0.0430764
0.4835 0.0400276
0.4845 0.0369773
0.4855 0.0339255
0.4865 0.0308724
0.4875 0.0278181
0.4885 0.0247626
0.4895 0.0217062
0.4905 0.0186489
0.4915 0.0155909
0.4925 0.0125323
0.4935 0.00947318
0.4945 0.00641368
0.4955 0.00335394
0.4965 0.000294058
0.4975 -0.00276583
0.4985 -0.00582561
0.4995 -0.00888517
0.5005 -0.0119444
0.5015 -0.0150031
0.5025 -0.0180612
0.5035 -0.0211187
0.5045 -0.0241752
0.5055 -0.0272309
0.5065 -0.0302854
0.5075 -0.0333388
0.5085 -0.0363909
0.5095 -0.0394415
0.5105 -0.0424905
0.5115 -0.0455379
0.5125 -0.0485835
0.5135 -0.0516272
0.5145 -0.0546688
0.5155 -0.0577082
0.5165 -0.0607454
0.5175 -0.0637802
0.5185 -0.0668125
0.5195 -0.0698421
0.5205 -0.072869
0.5215 -0.075893
0.5225 -0.078914
0.5235 -0.0819319
0.5245 -0.0849465
0.5255 -0.0879578
0.5265 -0.0909657
0.5275 -0.0939699
0.5285 -0.0969704
0.5295 -0.0999671
0.5305 -0.10296
0.5315 -0.105949
0.5325 -0.108933
0.5335 -0.111913
0.5345 -0.114889
0.5355 -0.11786
0.5365 -0.120827
0.5375 -0.123789
0.5385 -0.126746
0.5395 -0.129698
0.5405 -0.132644
0.5415 -0.135586
0.5425 -0.138522
0.5435 -0.141453
0.5445 -0.144378
0.5455 -0.147298
0.5465 -0.150211
0.5475 -0.153119
0.5485 -0.156021
0.5495 -0.158916
0.5505 -0.161806
0.5515 -0.164688
0.5525 -0.167565
0.5535 -0.170434
0.5545 -0.173298
0.5555 -0.176154
0.5565 -0.179003
0.5575 -0.181845
0.5585 -0.18468
0.5595 -0.187508
0.5605 -0.190328
0.5615 -0.193141
0.5625 -0.195946
0.5635 -0.198743
0.5645 -0.201533
0.5655 -0.204315
0.5665 -0.207088
0.5675 -0.209853
0.5685 -0.21261
0.5695 -0.215359
0.5705 -0.218099
0.5715 -0.220831
0.5725 -0.223554
0.5735 -0.226268
0.5745 -0.228973
0.5755 -0.231669
0.5765 -0.234356
0.5775 -0.237034
0.5785 -0.239702
0.5795 -0.242361
0.5805 -0.24501
0.5815 -0.24765
0.5825 -0.250279
0.5835 -0.252899
0.5845 -0.255509
0.5855 -0.258109
0.5865 -0.260699
0.5875 -0.263278
0.5885 -0.265847
0.5895 -0.268406
0.5905 -0.270954
0.5915 -0.273491
0.5925 -0.276017
0.5935 -0.278533
0.5945 -0.281037
0.5955 -0.283531
0.5965 -0.286013
0.5975 -0.288484
0.5985 -0.290943
0.5995 -0.293392
0.6005 -0.295828
0.6015 -0.298253
0.6025 -0.300666
0.6035 -0.303067
0.6045 -0.305456
0.6055 -0.307833
0.6065 -0.310198
0.6075 -0.312551
0.6085 -0.314891
0.6095 -0.317219
0.6105 -0.319535
0.6115 -0.321838
0.6125 -0.324128
0.6135 -0.326405
0.6145 -0.32867
0.6155 -0.330921
0.6165 -0.333159
0.6175 -0.335385
0.6185 -0.337597
0.6195 -0.339795
0.6205 -0.341981
0.6215 -0.344152
0.6225 -0.346311
0.6235 -0.348455
0.6245 -0.350586
0.6255 -0.352703
0.6265 -0.354806
0.6275 -0.356895
0.6285 -0.35897
0.6295 -0.36103
0.6305 -0.363077
0.6315 -0.365109
0.6325 -0.367127
0.6335 -0.36913
0.6345 -0.371119
0.6355 -0.373093
0.6365 -0.375052
0.6375 -0.376996
0.6385 -0.378926
0.6395 -0.38084
0.6405 -0.38274
0.6415 -0.384625
0.6425 -0.386494
0.6435 -0.388348
0.6445 -0.390187
0.6455 -0.39201
0.6465 -0.393818
0.6475 -0.39561
0.6485 -0.397387
0.6495 -0.399148
0.6505 -0.400893
0.6515 -0.402622
0.6525 -0.404336
0.6535 -0.406033
0.6545 -0.407715
0.6555 -0.40938
0.6565 -0.411029
0.6575 -0.412662
0.6585 -0.414279
0.6595 -0.415879
0.6605 -0.417463
0.6615 -0.419031
0.6625 -0.420582
0.6635 -0.422116
0.6645 -0.423634
0.6655 -0.425135
0.6665 -0.426619
0.6675 -0.428086
0.6685 -0.429537
0.6695 -0.43097
0.6705 -0.432386
0.6715 -0.433786
0.6725 -0.435168
0.6735 -0.436533
0.6745 -0.437881
0.6755 -0.439212
0.6765 -0.440525
0.6775 -0.441821
0.6785 -0.443099
0.6795 -0.44436
0.6805 -0.445603
0.6815 -0.446829
0.6825 -0.448037
0.6835 -0.449227
0.6845 -0.4504
0.6855 -0.451555
0.6865 -0.452692
0.6875 -0.453811
0.6885 -0.454913
0.6895 -0.455996
0.6905 -0.457061
0.6915 -0.458108
0.6925 -0.459138
0.6935 -0.460149
0.6945 -0.461142
0.6955 -0.462116
0.6965 -0.463073
0.6975 -0.464011
0.6985 -0.464931
0.6995 -0.465832
0.7005 -0.466715
0.7015 -0.46758
0.7025 -0.468426
0.7035 -0.469254
0.7045 -0.470063
0.7055 -0.470854
0.7065 -0.471626
0.7075 -0.472379
0.7085 -0.473114
0.7095 -0.47383
0.7105 -0.474528
0.7115 -0.475206
0.7125 -0.475866
0.7135 -0.476507
0.7145 -0.47713
0.7155 -0.477733
0.7165 -0.478318
0.7175 -0.478884
0.7185 -0.47943
0.7195 -0.479958
0.7205 -0.480467
0.7215 -0.480957
0.7225 -0.481428
0.7235 -0.48188
0.7245 -0.482313
0.7255 -0.482727
0.7265 -0.483122
0.7275 -0.483498
0.7285 -0.483855
0.7295 -0.484192
0.7305 -0.484511
0.7315 -0.48481
0.7325 -0.48509
0.7335 -0.485351
0.7345 -0.485593
0.7355 -0.485816
0.7365 -0.48602
0.7375 -0.486204
0.7385 -0.486369
0.7395 -0.486515
0.7405 -0.486642
0.7415 -0.48675
0.7425 -0.486838
0.7435 -0.486907
0.7445 -0.486957
0.7455 -0.486988
0.7465 -0.486999
0.7475 -0.486991
0.7485 -0.486964
0.7495 -0.486918
0.7505 -0.486853
0.7515 -0.486768
0.7525 -0.486664
0.7535 -0.486541
0.7545 -0.486399
0.7555 -0.486237
0.7565 -0.486057
0.7575 -0.485857
0.7585 -0.485638
0.7595 -0.485399
0.7605 -0.485142
0.7615 -0.484865
0.7625 -0.48457
0.7635 -0.484255
0.7645 -0.483921
0.7655 -0.483568
0.7665 -0.483196
0.7675 -0.482805
0.7685 -0.482394
0.7695 -0.481965
0.7705 -0.481517
0.7715 -0.481049
0.7725 -0.480563
0.7735 -0.480058
0.7745 -0.479533
0.7755 -0.47899
0.7765 -0.478428
0.7775 -0.477847
0.7785 -0.477247
0.7795 -0.476629
0.7805 -0.475991
0.7815 -0.475335
0.7825 -0.47466
0.7835 -0.473966
0.7845 -0.473253
0.7855 -0.472522
0.7865 -0.471772
0.7875 -0.471004
0.7885 -0.470217
0.7895 -0.469411
0.7905 -0.468587
0.7915 -0.467744
0.7925 -0.466883
0.7935 -0.466003
0.7945 -0.465105
0.7955 -0.464189
0.7965 -0.463255
0.7975 -0.462302
0.7985 -0.46133
0.7995 -0.460341
0.8005 -0.459333
0.8015 -0.458308
0.8025 -0.457264
0.8035 -0.456202
0.8045 -0.455122
0.8055 -0.454024
0.8065 -0.452909
0.8075 -0.451775
0.8085 -0.450623
0.8095 -0.449454
0.8105 -0.448267
0.8115 -0.447062
0.8125 -0.44584
0.8135 -0.4446
0.8145 -0.443343
0.8155 -0.442068
0.8165 -0.440775
0.8175 -0.439465
0.8185 -0.438138
0.8195 -0.436794
0.8205 -0.435432
0.8215 -0.434053
0.8225 -0.432657
0.8235 -0.431244
0.8245 -0.429813
0.8255 -0.428366
0.8265 -0.426902
0.8275 -0.425421
0.8285 -0.423924
0.8295 -0.422409
0.8305 -0.420878
0.8315 -0.41933
0.8325 -0.417766
0.8335 -0.416185
0.8345 -0.414588
0.8355 -0.412974
0.8365 -0.411344
0.8375 -0.409698
0.8385 -0.408036
0.8395 -0.406358
0.8405 -0.404663
0.8415 -0.402953
0.8425 -0.401226
0.8435 -0.399484
0.8445 -0.397726
0.8455 -0.395953
0.8465 -0.394163
0.8475 -0.392359
0.8485 -0.390538
0.8495 -0.388702
0.8505 -0.386851
0.8515 -0.384985
0.8525 -0.383103
0.8535 -0.381207
0.8545 -0.379295
0.8555 -0.377368
0.8565 -0.375427
0.8575 -0.37347
0.8585 -0.371499
0.8595 -0.369513
0.8605 -0.367513
0.8615 -0.365498
0.8625 -0.363468
0.8635 -0.361425
0.8645 -0.359367
0.8655 -0.357295
0.8665 -0.355208
0.8675 -0.353108
0.8685 -0.350994
0.8695 -0.348866
0.8705 -0.346724
0.8715 -0.344568
0.8725 -0.342399
0.8735 -0.340216
0.8745 -0.33802
0.8755 -0.335811
0.8765 -0.333588
0.8775 -0.331352
0.8785 -0.329103
0.8795 -0.326841
0.8805 -0.324567
0.8815 -0.322279
0.8825 -0.319978
0.8835 -0.317665
0.8845 -0.31534
0.8855 -0.313002
0.8865 -0.310651
0.8875 -0.308289
0.8885 -0.305914
0.8895 -0.303527
0.8905 -0.301128
0.8915 -0.298718
0.8925 -0.296295
0.8935 -0.293861
0.8945 -0.291415
0.8955 -0.288958
0.8965 -0.286489
0.8975 -0.284009
0.8985 -0.281517
0.8995 -0.279015
0.9005 -0.276502
0.9015 -0.273977
0.9025 -0.271442
0.9035 -0.268896
0.9045 -0.26634
0.9055 -0.263773
0.9065 -0.261195
0.9075 -0.258608
0.9085 -0.25601
0.9095 -0.253402
0.9105 -0.250784
0.9115 -0.248156
0.9125 -0.245518
0.9135 -0.242871
0.9145 -0.240214
0.9155 -0.237547
0.9165 -0.234871
0.9175 -0.232186
0.9185 -0.229492
0.9195 -0.226788
0.9205 -0.224076
0.9215 -0.221355
0.9225 -0.218625
0.9235 -0.215887
0.9245 -0.213139
0.9255 -0.210384
0.9265 -0.20762
0.9275 -0.204848
0.9285 -0.202068
0.9295 -0.19928
0.9305 -0.196484
0.9315 -0.193681
0.9325 -0.190869
0.9335 -0.18805
0.9345 -0.185224
0.9355 -0.182391
0.9365 -0.17955
0.9375 -0.176702
0.9385 -0.173847
0.9395 -0.170985
0.9405 -0.168117
0.9415 -0.165242
0.9425 -0.16236
0.9435 -0.159472
0.9445 -0.156578
0.9455 -0.153677
0.9465 -0.150771
0.9475 -0.147858
0.9485 -0.14494
0.9495 -0.142016
0.9505 -0.139086
0.9515 -0.136151
0.9525 -0.13321
0.9535 -0.130264
0.9545 -0.127313
0.9555 -0.124357
0.9565 -0.121397
0.9575 -0.118431
0.9585 -0.115461
0.9595 -0.112486
0.9605 -0.109506
0.9615 -0.106523
0.9625 -0.103535
0.9635 -0.100543
0.9645 -0.0975467
0.9655 -0.0945469
0.9665 -0.0915434
0.9675 -0.0885362
0.9685 -0.0855256
0.9695 -0.0825116
0.9705 -0.0794943
0.9715 -0.0764739
0.9725 -0.0734504
0.9735 -0.0704241
0.9745 -0.067395
0.9755 -0.0643632
0.9765 -0.0613289
0.9775 -0.0582922
0.9785 -0.0552531
0.9795 -0.0522119
0.9805 -0.0491686
0.9815 -0.0461234
0.9825 -0.0430764
0.9835 -0.0400276
0.9845 -0.0369773
0.9855 -0.0339255
0.9865 -0.0308724
0.9875 -0.0278181
0.9885 -0.0247626
0.9895 -0.0217062
0.9905 -0.0186489
0.9915 -0.0155909
0.9925 -0.0125323
0.9935 -0.00947318
0.9945 -0.00641368
0.9955 -0.00335394
0.9965 -0.000294058
0.9975 0.00276583
0.9985 0.00582561
0.9995 0.00888517
