
# time = 1
0.000625 0.0118099
0.001875 0.0153999
0.003125 0.018989
0.004375 0.022577
0.005625 0.0261636
0.006875 0.0297485
0.008125 0.0333316
0.009375 0.0369127
0.010625 0.0404915
0.011875 0.0440677
0.013125 0.0476413
0.014375 0.0512119
0.015625 0.0547794
0.016875 0.0583435
0.018125 0.061904
0.019375 0.0654606
0.020625 0.0690133
0.021875 0.0725616
0.023125 0.0761055
0.024375 0.0796447
0.025625 0.083179
0.026875 0.0867082
0.028125 0.090232
0.029375 0.0937502
0.030625 0.0972627
0.031875 0.100769
0.033125 0.104269
0.034375 0.107763
0.035625 0.11125
0.036875 0.114731
0.038125 0.118204
0.039375 0.12167
0.040625 0.125128
0.041875 0.128579
0.043125 0.132022
0.044375 0.135456
0.045625 0.138883
0.046875 0.1423
0.048125 0.145709
0.049375 0.149109
0.050625 0.1525
0.051875 0.155881
0.053125 0.159253
0.054375 0.162615
0.055625 0.165967
0.056875 0.169309
0.058125 0.17264
0.059375 0.17596
0.060625 0.17927
0.061875 0.182569
0.063125 0.185856
0.064375 0.189132
0.065625 0.192396
0.066875 0.195648
0.068125 0.198889
0.069375 0.202117
0.070625 0.205332
0.071875 0.208535
0.073125 0.211725
0.074375 0.214902
0.075625 0.218066
0.076875 0.221216
0.078125 0.224353
0.079375 0.227476
0.080625 0.230584
0.081875 0.233679
0.083125 0.236759
0.084375 0.239825
0.085625 0.242875
0.086875 0.245911
0.088125 0.248932
0.089375 0.251937
0.090625 0.254926
0.091875 0.2579
0.093125 0.260858
0.094375 0.2638
0.095625 0.266726
0.096875 0.269635
0.098125 0.272528
0.099375 0.275404
0.100625 0.278262
0.101875 0.281104
0.103125 0.283928
0.104375 0.286735
0.105625 0.289524
0.106875 0.292295
0.108125 0.295049
0.109375 0.297784
0.110625 0.3005
0.111875 0.303198
0.113125 0.305878
0.114375 0.308538
0.115625 0.31118
0.116875 0.313802
0.118125 0.316405
0.119375 0.318988
0.120625 0.321552
0.121875 0.324096
0.123125 0.32662
0.124375 0.329124
0.125625 0.331607
0.126875 0.33407
0.128125 0.336513
0.129375 0.338934
0.130625 0.341335
0.131875 0.343715
0.133125 0.346073
0.134375 0.34841
0.135625 0.350726
0.136875 0.35302
0.138125 0.355292
0.139375 0.357542
0.140625 0.359771
0.141875 0.361977
0.143125 0.364161
0.144375 0.366322
0.145625 0.36846
0.146875 0.370576
0.148125 0.37267
0.149375 0.37474
0.150625 0.376787
0.151875 0.37881
0.153125 0.380811
0.154375 0.382788
0.155625 0.384741
0.156875 0.38667
0.158125 0.388576
0.159375 0.390458
0.160625 0.392315
0.161875 0.394149
0.163125 0.395958
0.164375 0.397743
0.165625 0.399503
0.166875 0.401238
0.168125 0.402949
0.169375 0.404635
0.170625 0.406296
0.171875 0.407932
0.173125 0.409543
0.174375 0.411128
0.175625 0.412688
0.176875 0.414223
0.178125 0.415732
0.179375 0.417216
0.180625 0.418673
0.181875 0.420105
0.183125 0.421511
0.184375 0.422891
0.185625 0.424245
0.186875 0.425573
0.188125 0.426874
0.189375 0.428149
0.190625 0.429398
0.191875 0.43062
0.193125 0.431816
0.194375 0.432985
0.195625 0.434127
0.196875 0.435243
0.198125 0.436332
0.199375 0.437393
0.200625 0.438428
0.201875 0.439436
0.203125 0.440417
0.204375 0.44137
0.205625 0.442296
0.206875 0.443195
0.208125 0.444067
0.209375 0.444911
0.210625 0.445728
0.211875 0.446517
0.213125 0.447279
0.214375 0.448013
0.215625 0.44872
0.216875 0.449399
0.218125 0.45005
0.219375 0.450673
0.220625 0.451269
0.221875 0.451837
0.223125 0.452377
0.224375 0.452889
0.225625 0.453373
0.226875 0.453829
0.228125 0.454257
0.229375 0.454657
0.230625 0.455029
0.231875 0.455373
0.233125 0.455689
0.234375 0.455976
0.235625 0.456236
0.236875 0.456468
0.238125 0.456671
0.239375 0.456846
0.240625 0.456993
0.241875 0.457112
0.243125 0.457202
0.244375 0.457265
0.245625 0.457299
0.246875 0.457305
0.248125 0.457283
0.249375 0.457232
0.250625 0.457153
0.251875 0.457047
0.253125 0.456912
0.254375 0.456748
0.255625 0.456557
0.256875 0.456337
0.258125 0.45609
0.259375 0.455814
0.260625 0.45551
0.261875 0.455178
0.263125 0.454818
0.264375 0.454429
0.265625 0.454013
0.266875 0.453569
0.268125 0.453097
0.269375 0.452597
0.270625 0.452069
0.271875 0.451513
0.273125 0.450929
0.274375 0.450317
0.275625 0.449678
0.276875 0.449011
0.278125 0.448316
0.279375 0.447593
0.280625 0.446843
0.281875 0.446065
0.283125 0.44526
0.284375 0.444428
0.285625 0.443568
0.286875 0.44268
0.288125 0.441765
0.289375 0.440823
0.290625 0.439854
0.291875 0.438858
0.293125 0.437834
0.294375 0.436784
0.295625 0.435707
0.296875 0.434603
0.298125 0.433472
0.299375 0.432314
0.300625 0.431129
0.301875 0.429918
0.303125 0.428681
0.304375 0.427417
0.305625 0.426126
0.306875 0.42481
0.308125 0.423467
0.309375 0.422098
0.310625 0.420703
0.311875 0.419282
0.313125 0.417835
0.314375 0.416363
0.315625 0.414864
0.316875 0.413341
0.318125 0.411791
0.319375 0.410217
0.320625 0.408616
0.321875 0.406991
0.323125 0.405341
0.324375 0.403665
0.325625 0.401965
0.326875 0.40024
0.328125 0.39849
0.329375 0.396716
0.330625 0.394917
0.331875 0.393094
0.333125 0.391247
0.334375 0.389375
0.335625 0.38748
0.336875 0.38556
0.338125 0.383617
0.339375 0.38165
0.340625 0.379659
0.341875 0.377646
0.343125 0.375608
0.344375 0.373548
0.345625 0.371465
0.346875 0.369358
0.348125 0.367229
0.349375 0.365078
0.350625 0.362903
0.351875 0.360707
0.353125 0.358488
0.354375 0.356247
0.355625 0.353984
0.356875 0.351699
0.358125 0.349392
0.359375 0.347064
0.360625 0.344715
0.361875 0.342344
0.363125 0.339952
0.364375 0.33754
0.365625 0.335106
0.366875 0.332652
0.368125 0.330177
0.369375 0.327682
0.370625 0.325166
0.371875 0.322631
0.373125 0.320075
0.374375 0.3175
0.375625 0.314906
0.376875 0.312291
0.378125 0.309658
0.379375 0.307006
0.380625 0.304334
0.381875 0.301644
0.383125 0.298935
0.384375 0.296208
0.385625 0.293462
0.386875 0.290699
0.388125 0.287917
0.389375 0.285118
0.390625 0.282301
0.391875 0.279467
0.393125 0.276615
0.394375 0.273746
0.395625 0.270861
0.396875 0.267959
0.398125 0.26504
0.399375 0.262105
0.400625 0.259154
0.401875 0.256186
0.403125 0.253203
0.404375 0.250205
0.405625 0.247191
0.406875 0.244161
0.408125 0.241117
0.409375 0.238058
0.410625 0.234984
0.411875 0.231895
0.413125 0.228792
0.414375 0.225676
0.415625 0.222545
0.416875 0.2194
0.418125 0.216242
0.419375 0.213071
0.420625 0.209886
0.421875 0.206689
0.423125 0.203479
0.424375 0.200256
0.425625 0.197021
0.426875 0.193773
0.428125 0.190514
0.429375 0.187243
0.430625 0.183961
0.431875 0.180667
0.433125 0.177362
0.434375 0.174046
0.435625 0.170719
0.436875 0.167382
0.438125 0.164034
0.439375 0.160677
0.440625 0.157309
0.441875 0.153932
0.443125 0.150545
0.444375 0.147149
0.445625 0.143744
0.446875 0.14033
0.448125 0.136907
0.449375 0.133476
0.450625 0.130036
0.451875 0.126589
0.453125 0.123134
0.454375 0.119671
0.455625 0.116201
0.456875 0.112723
0.458125 0.109239
0.459375 0.105748
0.460625 0.102251
0.461875 0.0987468
0.463125 0.0952368
0.464375 0.091721
0.465625 0.0881995
0.466875 0.0846726
0.468125 0.0811404
0.469375 0.0776033
0.470625 0.0740614
0.471875 0.0705149
0.473125 0.066964
0.474375 0.063409
0.475625 0.0598501
0.476875 0.0562875
0.478125 0.0527215
0.479375 0.0491521
0.480625 0.0455798
0.481875 0.0420046
0.483125 0.0384269
0.484375 0.0348468
0.485625 0.0312645
0.486875 0.0276803
0.488125 0.0240944
0.489375 0.020507
0.490625 0.0169184
0.491875 0.0133287
0.493125 0.00973814
0.494375 0.00614702
0.495625 0.00255552
0.496875 -0.00103614
0.498125 -0.00462774
0.499375 -0.00821905
0.500625 -0.0118099
0.501875 -0.0153999
0.503125 -0.018989
0.504375 -0.022577
0.505625 -0.0261636
0.506875 -0.0297485
0.508125 -0.0333316
0.509375 -0.0369127
0.510625 -0.0404915
0.511875 -0.0440677
0.513125 -0.0476413
0.514375 -0.0512119
0.515625 -0.0547794
0.516875 -0.0583435
0.518125 -0.061904
0.519375 -0.0654606
0.520625 -0.0690133
0.521875 -0.0725616
0.523125 -0.0761055
0.524375 -0.0796447
0.525625 -0.083179
0.526875 -0.0867082
0.528125 -0.090232
0.529375 -0.0937502
0.530625 -0.0972627
0.531875 -0.100769
0.533125 -0.104269
0.534375 -0.107763
0.535625 -0.11125
0.536875 -0.114731
0.538125 -0.118204
0.539375 -0.12167
0.540625 -0.125128
0.541875 -0.128579
0.543125 -0.132022
0.544375 -0.135456
0.545625 -0.138883
0.546875 -0.1423
0.548125 -0.145709
0.549375 -0.149109
0.550625 -0.1525
0.551875 -0.155881
0.553125 -0.159253
0.554375 -0.162615
0.555625 -0.165967
0.556875 -0.169309
0.558125 -0.17264
0.559375 -0.17596
0.560625 -0.17927
0.561875 -0.182569
0.563125 -0.185856
0.564375 -0.189132
0.565625 -0.192396
0.566875 -0.195648
0.568125 -0.198889
0.569375 -0.202117
0.570625 -0.205332
0.571875 -0.208535
0.573125 -0.211725
0.574375 -0.214902
0.575625 -0.218066
0.576875 -0.221216
0.578125 -0.224353
0.579375 -0.227476
0.580625 -0.230584
0.581875 -0.233679
0.583125 -0.236759
0.584375 -0.239825
0.585625 -0.242875
0.586875 -0.245911
0.588125 -0.248932
0.589375 -0.251937
0.590625 -0.254926
0.591875 -0.2579
0.593125 -0.260858
0.594375 -0.2638
0.595625 -0.266726
0.596875 -0.269635
0.598125 -0.272528
0.599375 -0.275404
0.600625 -0.278262
0.601875 -0.281104
0.603125 -0.283928
0.604375 -0.286735
0.605625 -0.289524
0.606875 -0.292295
0.608125 -0.295049
0.609375 -0.297784
0.610625 -0.3005
0.611875 -0.303198
0.613125 -0.305878
0.614375 -0.308538
0.615625 -0.31118
0.616875 -0.313802
0.618125 -0.316405
0.619375 -0.318988
0.620625 -0.321552
0.621875 -0.324096
0.623125 -0.32662
0.624375 -0.329124
0.625625 -0.331607
0.626875 -0.33407
0.628125 -0.336513
0.629375 -0.338934
0.630625 -0.341335
0.631875 -0.343715
0.633125 -0.346073
0.634375 -0.34841
0.635625 -0.350726
0.636875 -0.35302
0.638125 -0.355292
0.639375 -0.357542
0.640625 -0.359771
0.641875 -0.361977
0.643125 -0.364161
0.644375 -0.366322
0.645625 -0.36846
0.646875 -0.370576
0.648125 -0.37267
0.649375 -0.37474
0.650625 -0.376787
0.651875 -0.37881
0.653125 -0.380811
0.654375 -0.382788
0.655625 -0.384741
0.656875 -0.38667
0.658125 -0.388576
0.659375 -0.390458
0.660625 -0.392315
0.661875 -0.394149
0.663125 -0.395958
0.664375 -0.397743
0.665625 -0.399503
0.666875 -0.401238
0.668125 -0.402949
0.669375 -0.404635
0.670625 -0.406296
0.671875 -0.407932
0.673125 -0.409543
0.674375 -0.411128
0.675625 -0.412688
0.676875 -0.414223
0.678125 -0.415732
0.679375 -0.417216
0.680625 -0.418673
0.681875 -0.420105
0.683125 -0.421511
0.684375 -0.422891
0.685625 -0.424245
0.686875 -0.425573
0.688125 -0.426874
0.689375 -0.428149
0.690625 -0.429398
0.691875 -0.43062
0.693125 -0.431816
0.694375 -0.432985
0.695625 -0.434127
0.696875 -0.435243
0.698125 -0.436332
0.699375 -0.437393
0.700625 -0.438428
0.701875 -0.439436
0.703125 -0.440417
0.704375 -0.44137
0.705625 -0.442296
0.706875 -0.443195
0.708125 -0.444067
0.709375 -0.444911
0.710625 -0.445728
0.711875 -0.446517
0.713125 -0.447279
0.714375 -0.448013
0.715625 -0.44872
0.716875 -0.449399
0.718125 -0.45005
0.719375 -0.450673
0.720625 -0.451269
0.721875 -0.451837
0.723125 -0.452377
0.724375 -0.452889
0.725625 -0.453373
0.726875 -0.453829
0.728125 -0.454257
0.729375 -0.454657
0.730625 -0.455029
0.731875 -0.455373
0.733125 -0.455689
0.734375 -0.455976
0.735625 -0.456236
0.736875 -0.456468
0.738125 -0.456671
0.739375 -0.456846
0.740625 -0.456993
0.741875 -0.457112
0.743125 -0.457202
0.744375 -0.457265
0.745625 -0.457299
0.746875 -0.457305
0.748125 -0.457283
0.749375 -0.457232
0.750625 -0.457153
0.751875 -0.457047
0.753125 -0.456912
0.754375 -0.456748
0.755625 -0.456557
0.756875 -0.456337
0.758125 -0.45609
0.759375 -0.455814
0.760625 -0.45551
0.761875 -0.455178
0.763125 -0.454818
0.764375 -0.454429
0.765625 -0.454013
0.766875 -0.453569
0.768125 -0.453097
0.769375 -0.452597
0.770625 -0.452069
0.771875 -0.451513
0.773125 -0.450929
0.774375 -0.450317
0.775625 -0.449678
0.776875 -0.449011
0.778125 -0.448316
0.779375 -0.447593
0.780625 -0.446843
0.781875 -0.446065
0.783125 -0.44526
0.784375 -0.444428
0.785625 -0.443568
0.786875 -0.44268
0.788125 -0.441765
0.789375 -0.440823
0.790625 -0.439854
0.791875 -0.438858
0.793125 -0.437834
0.794375 -0.436784
0.795625 -0.435707
0.796875 -0.434603
0.798125 -0.433472
0.799375 -0.432314
0.800625 -0.431129
0.801875 -0.429918
0.803125 -0.428681
0.804375 -0.427417
0.805625 -0.426126
0.806875 -0.42481
0.808125 -0.423467
0.809375 -0.422098
0.810625 -0.420703
0.811875 -0.419282
0.813125 -0.417835
0.814375 -0.416363
0.815625 -0.414864
0.816875 -0.413341
0.818125 -0.411791
0.819375 -0.410217
0.820625 -0.408616
0.821875 -0.406991
0.823125 -0.405341
0.824375 -0.403665
0.825625 -0.401965
0.826875 -0.40024
0.828125 -0.39849
0.829375 -0.396716
0.830625 -0.394917
0.831875 -0.393094
0.833125 -0.391247
0.834375 -0.389375
0.835625 -0.38748
0.836875 -0.38556
0.838125 -0.383617
0.839375 -0.38165
0.840625 -0.379659
0.841875 -0.377646
0.843125 -0.375608
0.844375 -0.373548
0.845625 -0.371465
0.846875 -0.369358
0.848125 -0.367229
0.849375 -0.365078
0.850625 -0.362903
0.851875 -0.360707
0.853125 -0.358488
0.854375 -0.356247
0.855625 -0.353984
0.856875 -0.351699
0.858125 -0.349392
0.859375 -0.347064
0.860625 -0.344715
0.861875 -0.342344
0.863125 -0.339952
0.864375 -0.33754
0.865625 -0.335106
0.866875 -0.332652
0.868125 -0.330177
0.869375 -0.327682
0.870625 -0.325166
0.871875 -0.322631
0.873125 -0.320075
0.874375 -0.3175
0.875625 -0.314906
0.876875 -0.312291
0.878125 -0.309658
0.879375 -0.307006
0.880625 -0.304334
0.881875 -0.301644
0.883125 -0.298935
0.884375 -0.296208
0.885625 -0.293462
0.886875 -0.290699
0.888125 -0.287917
0.889375 -0.285118
0.890625 -0.282301
0.891875 -0.279467
0.893125 -0.276615
0.894375 -0.273746
0.895625 -0.270861
0.896875 -0.267959
0.898125 -0.26504
0.899375 -0.262105
0.900625 -0.259154
0.901875 -0.256186
0.903125 -0.253203
0.904375 -0.250205
0.905625 -0.247191
0.906875 -0.244161
0.908125 -0.241117
0.909375 -0.238058
0.910625 -0.234984
0.911875 -0.231895
0.913125 -0.228792
0.914375 -0.225676
0.915625 -0.222545
0.916875 -0.2194
0.918125 -0.216242
0.919375 -0.213071
0.920625 -0.209886
0.921875 -0.206689
0.923125 -0.203479
0.924375 -0.200256
0.925625 -0.197021
0.926875 -0.193773
0.928125 -0.190514
0.929375 -0.187243
0.930625 -0.183961
0.931875 -0.180667
0.933125 -0.177362
0.934375 -0.174046
0.935625 -0.170719
0.936875 -0.167382
0.938125 -0.164034
0.939375 -0.160677
0.940625 -0.157309
0.941875 -0.153932
0.943125 -0.150545
0.944375 -0.147149
0.945625 -0.143744
0.946875 -0.14033
0.948125 -0.136907
0.949375 -0.133476
0.950625 -0.130036
0.951875 -0.126589
0.953125 -0.123134
0.954375 -0.119671
0.955625 -0.116201
0.956875 -0.112723
0.958125 -0.109239
0.959375 -0.105748
0.960625 -0.102251
0.961875 -0.0987468
0.963125 -0.0952368
0.964375 -0.091721
0.965625 -0.0881995
0.966875 -0.0846726
0.968125 -0.0811404
0.969375 -0.0776033
0.970625 -0.0740614
0.971875 -0.0705149
0.973125 -0.066964
0.974375 -0.063409
0.975625 -0.0598501
0.976875 -0.0562875
0.978125 -0.0527215
0.979375 -0.0491521
0.980625 -0.0455798
0.981875 -0.0420046
0.983125 -0.0384269
0.984375 -0.0348468
0.985625 -0.0312645
0.986875 -0.0276803
0.988125 -0.0240944
0.989375 -0.020507
0.990625 -0.0169184
0.991875 -0.0133287
0.993125 -0.00973814
0.994375 -0.00614702
0.995625 -0.00255552
0.996875 0.00103614
0.998125 0.00462774
0.999375 0.00821905
