
# time = 0.25
0.0005 -0.754703
0.0015 -0.75092
0.0025 -0.747108
0.0035 -0.743267
0.0045 -0.739396
0.0055 -0.735495
0.0065 -0.731566
0.0075 -0.727608
0.0085 -0.723621
0.0095 -0.719606
0.0105 -0.715562
0.0115 -0.71149
0.0125 -0.70739
0.0135 -0.703262
0.0145 -0.699106
0.0155 -0.694923
0.0165 -0.690712
0.0175 -0.686474
0.0185 -0.682208
0.0195 -0.677916
0.0205 -0.673597
0.0215 -0.669252
0.0225 -0.66488
0.0235 -0.660482
0.0245 -0.656057
0.0255 -0.651607
0.0265 -0.647131
0.0275 -0.64263
0.0285 -0.638103
0.0295 -0.633551
0.0305 -0.628974
0.0315 -0.624372
0.0325 -0.619746
0.0335 -0.615095
0.0345 -0.610419
0.0355 -0.60572
0.0365 -0.600997
0.0375 -0.59625
0.0385 -0.591479
0.0395 -0.586686
0.0405 -0.581869
0.0415 -0.577029
0.0425 -0.572166
0.0435 -0.56728
0.0445 -0.562373
0.0455 -0.557443
0.0465 -0.552491
0.0475 -0.547517
0.0485 -0.542521
0.0495 -0.537505
0.0505 -0.532467
0.0515 -0.527408
0.0525 -0.522328
0.0535 -0.517227
0.0545 -0.512106
0.0555 -0.506965
0.0565 -0.501804
0.0575 -0.496623
0.0585 -0.491422
0.0595 -0.486203
0.0605 -0.480963
0.0615 -0.475705
0.0625 -0.470428
0.0635 -0.465133
0.0645 -0.459819
0.0655 -0.454487
0.0665 -0.449137
0.0675 -0.443769
0.0685 -0.438384
0.0695 -0.432982
0.0705 -0.427562
0.0715 -0.422125
0.0725 -0.416672
0.0735 -0.411203
0.0745 -0.405717
0.0755 -0.400215
0.0765 -0.394697
0.0775 -0.389164
0.0785 -0.383616
0.0795 -0.378052
0.0805 -0.372473
0.0815 -0.36688
0.0825 -0.361272
0.0835 -0.35565
0.0845 -0.350014
0.0855 -0.344364
0.0865 -0.3387
0.0875 -0.333023
0.0885 -0.327333
0.0895 -0.32163
0.0905 -0.315914
0.0915 -0.310186
0.0925 -0.304446
0.0935 -0.298693
0.0945 -0.292929
0.0955 -0.287153
0.0965 -0.281366
0.0975 -0.275568
0.0985 -0.269759
0.0995 -0.263939
0.1005 -0.258109
0.1015 -0.252268
0.1025 -0.246418
0.1035 -0.240558
0.1045 -0.234688
0.1055 -0.22881
0.1065 -0.222922
0.1075 -0.217025
0.1085 -0.21112
0.1095 -0.205206
0.1105 -0.199285
0.1115 -0.193355
0.1125 -0.187418
0.1135 -0.181473
0.1145 -0.175522
0.1155 -0.169563
0.1165 -0.163598
0.1175 -0.157626
0.1185 -0.151648
0.1195 -0.145664
0.1205 -0.139674
0.1215 -0.133679
0.1225 -0.127678
0.1235 -0.121672
0.1245 -0.115662
0.1255 -0.109647
0.1265 -0.103628
0.1275 -0.0976044
0.1285 -0.0915771
0.1295 -0.0855463
0.1305 -0.079512
0.1315 -0.0734746
0.1325 -0.0674344
0.1335 -0.0613914
0.1345 -0.0553461
0.1355 -0.0492985
0.1365 -0.043249
0.1375 -0.0371978
0.1385 -0.0311451
0.1395 -0.0250912
0.1405 -0.0190363
0.1415 -0.0129807
0.1425 -0.00692451
0.1435 -0.000868082
0.1445 0.00518838
0.1455 0.0112446
0.1465 0.0173005
0.1475 0.0233556
0.1485 0.0294098
0.1495 0.0354629
0.1505 0.0415145
0.1515 0.0475645
0.1525 0.0536127
0.1535 0.0596587
0.1545 0.0657023
0.1555 0.0717434
0.1565 0.0777816
0.1575 0.0838168
0.1585 0.0898487
0.1595 0.095877
0.1605 0.101902
0.1615 0.107922
0.1625 0.113938
0.1635 0.11995
0.1645 0.125957
0.1655 0.131959
0.1665 0.137956
0.1675 0.143947
0.1685 0.149933
0.1695 0.155913
0.1705 0.161886
0.1715 0.167854
0.1725 0.173814
0.1735 0.179768
0.1745 0.185715
0.1755 0.191654
0.1765 0.197586
0.1775 0.20351
0.1785 0.209425
0.1795 0.215333
0.1805 0.221232
0.1815 0.227123
0.1825 0.233004
0.1835 0.238876
0.1845 0.244739
0.1855 0.250592
0.1865 0.256436
0.1875 0.262269
0.1885 0.268092
0.1895 0.273904
0.1905 0.279705
0.1915 0.285495
0.1925 0.291275
0.1935 0.297042
0.1945 0.302798
0.1955 0.308542
0.1965 0.314274
0.1975 0.319993
0.1985 0.3257
0.1995 0.331393
0.2005 0.337074
0.2015 0.342742
0.2025 0.348395
0.2035 0.354036
0.2045 0.359662
0.2055 0.365274
0.2065 0.370871
0.2075 0.376454
0.2085 0.382022
0.2095 0.387575
0.2105 0.393113
0.2115 0.398635
0.2125 0.404141
0.2135 0.409632
0.2145 0.415106
0.2155 0.420564
0.2165 0.426005
0.2175 0.43143
0.2185 0.436837
0.2195 0.442227
0.2205 0.4476
0.2215 0.452955
0.2225 0.458292
0.2235 0.463611
0.2245 0.468912
0.2255 0.474194
0.2265 0.479458
0.2275 0.484703
0.2285 0.489928
0.2295 0.495134
0.2305 0.500321
0.2315 0.505488
0.2325 0.510635
0.2335 0.515761
0.2345 0.520868
0.2355 0.525953
0.2365 0.531019
0.2375 0.536063
0.2385 0.541086
0.2395 0.546087
0.2405 0.551067
0.2415 0.556025
0.2425 0.560962
0.2435 0.565876
0.2445 0.570768
0.2455 0.575637
0.2465 0.580483
0.2475 0.585307
0.2485 0.590108
0.2495 0.594885
0.2505 0.599639
0.2515 0.604369
0.2525 0.609075
0.2535 0.613757
0.2545 0.618415
0.2555 0.623048
0.2565 0.627657
0.2575 0.632242
0.2585 0.636801
0.2595 0.641335
0.2605 0.645843
0.2615 0.650327
0.2625 0.654784
0.2635 0.659216
0.2645 0.663622
0.2655 0.668001
0.2665 0.672354
0.2675 0.676681
0.2685 0.680981
0.2695 0.685254
0.2705 0.6895
0.2715 0.693718
0.2725 0.69791
0.2735 0.702073
0.2745 0.706209
0.2755 0.710318
0.2765 0.714398
0.2775 0.71845
0.2785 0.722473
0.2795 0.726468
0.2805 0.730435
0.2815 0.734372
0.2825 0.738281
0.2835 0.74216
0.2845 0.74601
0.2855 0.749831
0.2865 0.753622
0.2875 0.757383
0.2885 0.761114
0.2895 0.764816
0.2905 0.768487
0.2915 0.772128
0.2925 0.775738
0.2935 0.779318
0.2945 0.782866
0.2955 0.786384
0.2965 0.789871
0.2975 0.793327
0.2985 0.796752
0.2995 0.800145
0.3005 0.803506
0.3015 0.806836
0.3025 0.810134
0.3035 0.8134
0.3045 0.816633
0.3055 0.819835
0.3065 0.823004
0.3075 0.826141
0.3085 0.829245
0.3095 0.832316
0.3105 0.835354
0.3115 0.83836
0.3125 0.841332
0.3135 0.844271
0.3145 0.847177
0.3155 0.85005
0.3165 0.852889
0.3175 0.855694
0.3185 0.858465
0.3195 0.861203
0.3205 0.863906
0.3215 0.866575
0.3225 0.869211
0.3235 0.871811
0.3245 0.874378
0.3255 0.87691
0.3265 0.879407
0.3275 0.88187
0.3285 0.884297
0.3295 0.88669
0.3305 0.889048
0.3315 0.891371
0.3325 0.893658
0.3335 0.895911
0.3345 0.898128
0.3355 0.900309
0.3365 0.902455
0.3375 0.904565
0.3385 0.90664
0.3395 0.908679
0.3405 0.910682
0.3415 0.912649
0.3425 0.914579
0.3435 0.916474
0.3445 0.918333
0.3455 0.920155
0.3465 0.921941
0.3475 0.923691
0.3485 0.925404
0.3495 0.927081
0.3505 0.928721
0.3515 0.930324
0.3525 0.931891
0.3535 0.933421
0.3545 0.934914
0.3555 0.93637
0.3565 0.937789
0.3575 0.939171
0.3585 0.940516
0.3595 0.941824
0.3605 0.943095
0.3615 0.944329
0.3625 0.945525
0.3635 0.946684
0.3645 0.947805
0.3655 0.948889
0.3665 0.949936
0.3675 0.950945
0.3685 0.951917
0.3695 0.952851
0.3705 0.953747
0.3715 0.954606
0.3725 0.955427
0.3735 0.956211
0.3745 0.956956
0.3755 0.957664
0.3765 0.958334
0.3775 0.958966
0.3785 0.959561
0.3795 0.960117
0.3805 0.960636
0.3815 0.961116
0.3825 0.961559
0.3835 0.961964
0.3845 0.96233
0.3855 0.962659
0.3865 0.96295
0.3875 0.963203
0.3885 0.963417
0.3895 0.963594
0.3905 0.963733
0.3915 0.963833
0.3925 0.963896
0.3935 0.96392
0.3945 0.963907
0.3955 0.963855
0.3965 0.963765
0.3975 0.963638
0.3985 0.963472
0.3995 0.963268
0.4005 0.963026
0.4015 0.962746
0.4025 0.962428
0.4035 0.962073
0.4045 0.961679
0.4055 0.961247
0.4065 0.960777
0.4075 0.96027
0.4085 0.959724
0.4095 0.95914
0.4105 0.958519
0.4115 0.95786
0.4125 0.957163
0.4135 0.956428
0.4145 0.955656
0.4155 0.954845
0.4165 0.953997
0.4175 0.953112
0.4185 0.952189
0.4195 0.951228
0.4205 0.950229
0.4215 0.949193
0.4225 0.94812
0.4235 0.947009
0.4245 0.945861
0.4255 0.944675
0.4265 0.943453
0.4275 0.942193
0.4285 0.940895
0.4295 0.939561
0.4305 0.938189
0.4315 0.936781
0.4325 0.935335
0.4335 0.933853
0.4345 0.932333
0.4355 0.930777
0.4365 0.929184
0.4375 0.927555
0.4385 0.925889
0.4395 0.924186
0.4405 0.922447
0.4415 0.920671
0.4425 0.918859
0.4435 0.917011
0.4445 0.915126
0.4455 0.913206
0.4465 0.911249
0.4475 0.909257
0.4485 0.907228
0.4495 0.905164
0.4505 0.903064
0.4515 0.900928
0.4525 0.898757
0.4535 0.89655
0.4545 0.894308
0.4555 0.89203
0.4565 0.889718
0.4575 0.88737
0.4585 0.884987
0.4595 0.882569
0.4605 0.880117
0.4615 0.877629
0.4625 0.875107
0.4635 0.872551
0.4645 0.86996
0.4655 0.867334
0.4665 0.864675
0.4675 0.861981
0.4685 0.859253
0.4695 0.856492
0.4705 0.853696
0.4715 0.850867
0.4725 0.848004
0.4735 0.845108
0.4745 0.842178
0.4755 0.839215
0.4765 0.836219
0.4775 0.83319
0.4785 0.830128
0.4795 0.827034
0.4805 0.823906
0.4815 0.820747
0.4825 0.817554
0.4835 0.81433
0.4845 0.811073
0.4855 0.807784
0.4865 0.804464
0.4875 0.801112
0.4885 0.797728
0.4895 0.794312
0.4905 0.790865
0.4915 0.787387
0.4925 0.783878
0.4935 0.780338
0.4945 0.776767
0.4955 0.773166
0.4965 0.769534
0.4975 0.765871
0.4985 0.762178
0.4995 0.758456
0.5005 0.754703
0.5015 0.75092
0.5025 0.747108
0.5035 0.743267
0.5045 0.739396
0.5055 0.735495
0.5065 0.731566
0.5075 0.727608
0.5085 0.723621
0.5095 0.719606
0.5105 0.715562
0.5115 0.71149
0.5125 0.70739
0.5135 0.703262
0.5145 0.699106
0.5155 0.694923
0.5165 0.690712
0.5175 0.686474
0.5185 0.682208
0.5195 0.677916
0.5205 0.673597
0.5215 0.669252
0.5225 0.66488
0.5235 0.660482
0.5245 0.656057
0.5255 0.651607
0.5265 0.647131
0.5275 0.64263
0.5285 0.638103
0.5295 0.633551
0.5305 0.628974
0.5315 0.624372
0.5325 0.619746
0.5335 0.615095
0.5345 0.610419
0.5355 0.60572
0.5365 0.600997
0.5375 0.59625
0.5385 0.591479
0.5395 0.586686
0.5405 0.581869
0.5415 0.577029
0.5425 0.572166
0.5435 0.56728
0.5445 0.562373
0.5455 0.557443
0.5465 0.552491
0.5475 0.547517
0.5485 0.542521
0.5495 0.537505
0.5505 0.532467
0.5515 0.527408
0.5525 0.522328
0.5535 0.517227
0.5545 0.512106
0.5555 0.506965
0.5565 0.501804
0.5575 0.496623
0.5585 0.491422
0.5595 0.486203
0.5605 0.480963
0.5615 0.475705
0.5625 0.470428
0.5635 0.465133
0.5645 0.459819
0.5655 0.454487
0.5665 0.449137
0.5675 0.443769
0.5685 0.438384
0.5695 0.432982
0.5705 0.427562
0.5715 0.422125
0.5725 0.416672
0.5735 0.411203
0.5745 0.405717
0.5755 0.400215
0.5765 0.394697
0.5775 0.389164
0.5785 0.383616
0.5795 0.378052
0.5805 0.372473
0.5815 0.36688
0.5825 0.361272
0.5835 0.35565
0.5845 0.350014
0.5855 0.344364
0.5865 0.3387
0.5875 0.333023
0.5885 0.327333
0.5895 0.32163
0.5905 0.315914
0.5915 0.310186
0.5925 0.304446
0.5935 0.298693
0.5945 0.292929
0.5955 0.287153
0.5965 0.281366
0.5975 0.275568
0.5985 0.269759
0.5995 0.263939
0.6005 0.258109
0.6015 0.252268
0.6025 0.246418
0.6035 0.240558
0.6045 0.234688
0.6055 0.22881
0.6065 0.222922
0.6075 0.217025
0.6085 0.21112
0.6095 0.205206
0.6105 0.199285
0.6115 0.193355
0.6125 0.187418
0.6135 0.181473
0.6145 0.175522
0.6155 0.169563
0.6165 0.163598
0.6175 0.157626
0.6185 0.151648
0.6195 0.145664
0.6205 0.139674
0.6215 0.133679
0.6225 0.127678
0.6235 0.121672
0.6245 0.115662
0.6255 0.109647
0.6265 0.103628
0.6275 0.0976044
0.6285 0.0915771
0.6295 0.0855463
0.6305 0.079512
0.6315 0.0734746
0.6325 0.0674344
0.6335 0.0613914
0.6345 0.0553461
0.6355 0.0492985
0.6365 0.043249
0.6375 0.0371978
0.6385 0.0311451
0.6395 0.0250912
0.6405 0.0190363
0.6415 0.0129807
0.6425 0.00692451
0.6435 0.000868082
0.6445 -0.00518838
0.6455 -0.0112446
0.6465 -0.0173005
0.6475 -0.0233556
0.6485 -0.0294098
0.6495 -0.0354629
0.6505 -0.0415145
0.6515 -0.0475645
0.6525 -0.0536127
0.6535 -0.0596587
0.6545 -0.0657023
0.6555 -0.0717434
0.6565 -0.0777816
0.6575 -0.0838168
0.6585 -0.0898487
0.6595 -0.095877
0.6605 -0.101902
0.6615 -0.107922
0.6625 -0.113938
0.6635 -0.11995
0.6645 -0.125957
0.6655 -0.131959
0.6665 -0.137956
0.6675 -0.143947
0.6685 -0.149933
0.6695 -0.155913
0.6705 -0.161886
0.6715 -0.167854
0.6725 -0.173814
0.6735 -0.179768
0.6745 -0.185715
0.6755 -0.191654
0.6765 -0.197586
0.6775 -0.20351
0.6785 -0.209425
0.6795 -0.215333
0.6805 -0.221232
0.6815 -0.227123
0.6825 -0.233004
0.6835 -0.238876
0.6845 -0.244739
0.6855 -0.250592
0.6865 -0.256436
0.6875 -0.262269
0.6885 -0.268092
0.6895 -0.273904
0.6905 -0.279705
0.6915 -0.285495
0.6925 -0.291275
0.6935 -0.297042
0.6945 -0.302798
0.6955 -0.308542
0.6965 -0.314274
0.6975 -0.319993
0.6985 -0.3257
0.6995 -0.331393
0.7005 -0.337074
0.7015 -0.342742
0.7025 -0.348395
0.7035 -0.354036
0.7045 -0.359662
0.7055 -0.365274
0.7065 -0.370871
0.7075 -0.376454
0.7085 -0.382022
0.7095 -0.387575
0.7105 -0.393113
0.7115 -0.398635
0.7125 -0.404141
0.7135 -0.409632
0.7145 -0.415106
0.7155 -0.420564
0.7165 -0.426005
0.7175 -0.43143
0.7185 -0.436837
0.7195 -0.442227
0.7205 -0.4476
0.7215 -0.452955
0.7225 -0.458292
0.7235 -0.463611
0.7245 -0.468912
0.7255 -0.474194
0.7265 -0.479458
0.7275 -0.484703
0.7285 -0.489928
0.7295 -0.495134
0.7305 -0.500321
0.7315 -0.505488
0.7325 -0.510635
0.7335 -0.515761
0.7345 -0.520868
0.7355 -0.525953
0.7365 -0.531019
0.7375 -0.536063
0.7385 -0.541086
0.7395 -0.546087
0.7405 -0.551067
0.7415 -0.556025
0.7425 -0.560962
0.7435 -0.565876
0.7445 -0.570768
0.7455 -0.575637
0.7465 -0.580483
0.7475 -0.585307
0.7485 -0.590108
0.7495 -0.594885
0.7505 -0.599639
0.7515 -0.604369
0.7525 -0.609075
0.7535 -0.613757
0.7545 -0.618415
0.7555 -0.623048
0.7565 -0.627657
0.7575 -0.632242
0.7585 -0.636801
0.7595 -0.641335
0.7605 -0.645843
0.7615 -0.650327
0.7625 -0.654784
0.7635 -0.659216
0.7645 -0.663622
0.7655 -0.668001
0.7665 -0.672354
0.7675 -0.676681
0.7685 -0.680981
0.7695 -0.685254
0.7705 -0.6895
0.7715 -0.693718
0.7725 -0.69791
0.7735 -0.702073
0.7745 -0.706209
0.7755 -0.710318
0.7765 -0.714398
0.7775 -0.71845
0.7785 -0.722473
0.7795 -0.726468
0.7805 -0.730435
0.7815 -0.734372
0.7825 -0.738281
0.7835 -0.74216
0.7845 -0.74601
0.7855 -0.749831
0.7865 -0.753622
0.7875 -0.757383
0.7885 -0.761114
0.7895 -0.764816
0.7905 -0.768487
0.7915 -0.772128
0.7925 -0.775738
0.7935 -0.779318
0.7945 -0.782866
0.7955 -0.786384
0.7965 -0.789871
0.7975 -0.793327
0.7985 -0.796752
0.7995 -0.800145
0.8005 -0.803506
0.8015 -0.806836
0.8025 -0.810134
0.8035 -0.8134
0.8045 -0.816633
0.8055 -0.819835
0.8065 -0.823004
0.8075 -0.826141
0.8085 -0.829245
0.8095 -0.832316
0.8105 -0.835354
0.8115 -0.83836
0.8125 -0.841332
0.8135 -0.844271
0.8145 -0.847177
0.8155 -0.85005
0.8165 -0.852889
0.8175 -0.855694
0.8185 -0.858465
0.8195 -0.861203
0.8205 -0.863906
0.8215 -0.866575
0.8225 -0.869211
0.8235 -0.871811
0.8245 -0.874378
0.8255 -0.87691
0.8265 -0.879407
0.8275 -0.88187
0.8285 -0.884297
0.8295 -0.88669
0.8305 -0.889048
0.8315 -0.891371
0.8325 -0.893658
0.8335 -0.895911
0.8345 -0.898128
0.8355 -0.900309
0.8365 -0.902455
0.8375 -0.904565
0.8385 -0.90664
0.8395 -0.908679
0.8405 -0.910682
0.8415 -0.912649
0.8425 -0.914579
0.8435 -0.916474
0.8445 -0.918333
0.8455 -0.920155
0.8465 -0.921941
0.8475 -0.923691
0.8485 -0.925404
0.8495 -0.927081
0.8505 -0.928721
0.8515 -0.930324
0.8525 -0.931891
0.8535 -0.933421
0.8545 -0.934914
0.8555 -0.93637
0.8565 -0.937789
0.8575 -0.939171
0.8585 -0.940516
0.8595 -0.941824
0.8605 -0.943095
0.8615 -0.944329
0.8625 -0.945525
0.8635 -0.946684
0.8645 -0.947805
0.8655 -0.948889
0.8665 -0.949936
0.8675 -0.950945
0.8685 -0.951917
0.8695 -0.952851
0.8705 -0.953747
0.8715 -0.954606
0.8725 -0.955427
0.8735 -0.956211
0.8745 -0.956956
0.8755 -0.957664
0.8765 -0.958334
0.8775 -0.958966
0.8785 -0.959561
0.8795 -0.960117
0.8805 -0.960636
0.8815 -0.961116
0.8825 -0.961559
0.8835 -0.961964
0.8845 -0.96233
0.8855 -0.962659
0.8865 -0.96295
0.8875 -0.963203
0.8885 -0.963417
0.8895 -0.963594
0.8905 -0.963733
0.8915 -0.963833
0.8925 -0.963896
0.8935 -0.96392
0.8945 -0.963907
0.8955 -0.963855
0.8965 -0.963765
0.8975 -0.963638
0.8985 -0.963472
0.8995 -0.963268
0.9005 -0.963026
0.9015 -0.962746
0.9025 -0.962428
0.9035 -0.962073
0.9045 -0.961679
0.9055 -0.961247
0.9065 -0.960777
0.9075 -0.96027
0.9085 -0.959724
0.9095 -0.95914
0.9105 -0.958519
0.9115 -0.95786
0.9125 -0.957163
0.9135 -0.956428
0.9145 -0.955656
0.9155 -0.954845
0.9165 -0.953997
0.9175 -0.953112
0.9185 -0.952189
0.9195 -0.951228
0.9205 -0.950229
0.9215 -0.949193
0.9225 -0.94812
0.9235 -0.947009
0.9245 -0.945861
0.9255 -0.944675
0.9265 -0.943453
0.9275 -0.942193
0.9285 -0.940895
0.9295 -0.939561
0.9305 -0.938189
0.9315 -0.936781
0.9325 -0.935335
0.9335 -0.933853
0.9345 -0.932333
0.9355 -0.930777
0.9365 -0.929184
0.9375 -0.927555
0.9385 -0.925889
0.9395 -0.924186
0.9405 -0.922447
0.9415 -0.920671
0.9425 -0.918859
0.9435 -0.917011
0.9445 -0.915126
0.9455 -0.913206
0.9465 -0.911249
0.9475 -0.909257
0.9485 -0.907228
0.9495 -0.905164
0.9505 -0.903064
0.9515 -0.900928
0.9525 -0.898757
0.9535 -0.89655
0.9545 -0.894308
0.9555 -0.89203
0.9565 -0.889718
0.9575 -0.88737
0.9585 -0.884987
0.9595 -0.882569
0.9605 -0.880117
0.9615 -0.877629
0.9625 -0.875107
0.9635 -0.872551
0.9645 -0.86996
0.9655 -0.867334
0.9665 -0.864675
0.9675 -0.861981
0.9685 -0.859253
0.9695 -0.856492
0.9705 -0.853696
0.9715 -0.850867
0.9725 -0.848004
0.9735 -0.845108
0.9745 -0.842178
0.9755 -0.839215
0.9765 -0.836219
0.9775 -0.83319
0.9785 -0.830128
0.9795 -0.827034
0.9805 -0.823906
0.9815 -0.820747
0.9825 -0.817554
0.9835 -0.81433
0.9845 -0.811073
0.9855 -0.807784
0.9865 -0.804464
0.9875 -0.801112
0.9885 -0.797728
0.9895 -0.794312
0.9905 -0.790865
0.9915 -0.787387
0.9925 -0.783878
0.9935 -0.780338
0.9945 -0.776767
0.9955 -0.773166
0.9965 -0.769534
0.9975 -0.765871
0.9985 -0.762178
0.9995 -0.758456
