
# time = 0.5
0.0005 -0.00773639
0.0015 -0.0120877
0.0025 -0.0164386
0.0035 -0.0207888
0.0045 -0.0251382
0.0055 -0.0294866
0.0065 -0.0338339
0.0075 -0.0381798
0.0085 -0.0425242
0.0095 -0.0468669
0.0105 -0.0512078
0.0115 -0.0555466
0.0125 -0.0598833
0.0135 -0.0642175
0.0145 -0.0685493
0.0155 -0.0728783
0.0165 -0.0772045
0.0175 -0.0815276
0.0185 -0.0858475
0.0195 -0.0901641
0.0205 -0.094477
0.0215 -0.0987862
0.0225 -0.103092
0.0235 -0.107393
0.0245 -0.11169
0.0255 -0.115982
0.0265 -0.12027
0.0275 -0.124554
0.0285 -0.128832
0.0295 -0.133105
0.0305 -0.137373
0.0315 -0.141636
0.0325 -0.145893
0.0335 -0.150144
0.0345 -0.15439
0.0355 -0.158629
0.0365 -0.162862
0.0375 -0.167088
0.0385 -0.171308
0.0395 -0.175521
0.0405 -0.179728
0.0415 -0.183927
0.0425 -0.188119
0.0435 -0.192303
0.0445 -0.19648
0.0455 -0.200649
0.0465 -0.20481
0.0475 -0.208963
0.0485 -0.213108
0.0495 -0.217245
0.0505 -0.221373
0.0515 -0.225492
0.0525 -0.229602
0.0535 -0.233703
0.0545 -0.237795
0.0555 -0.241878
0.0565 -0.245951
0.0575 -0.250014
0.0585 -0.254067
0.0595 -0.258111
0.0605 -0.262144
0.0615 -0.266167
0.0625 -0.270179
0.0635 -0.274181
0.0645 -0.278172
0.0655 -0.282152
0.0665 -0.28612
0.0675 -0.290078
0.0685 -0.294024
0.0695 -0.297958
0.0705 -0.301881
0.0715 -0.305791
0.0725 -0.30969
0.0735 -0.313576
0.0745 -0.31745
0.0755 -0.321312
0.0765 -0.325161
0.0775 -0.328997
0.0785 -0.33282
0.0795 -0.33663
0.0805 -0.340426
0.0815 -0.344209
0.0825 -0.347979
0.0835 -0.351734
0.0845 -0.355476
0.0855 -0.359204
0.0865 -0.362918
0.0875 -0.366617
0.0885 -0.370302
0.0895 -0.373972
0.0905 -0.377628
0.0915 -0.381268
0.0925 -0.384894
0.0935 -0.388504
0.0945 -0.392099
0.0955 -0.395679
0.0965 -0.399243
0.0975 -0.402791
0.0985 -0.406323
0.0995 -0.409839
0.1005 -0.413339
0.1015 -0.416823
0.1025 -0.42029
0.1035 -0.423741
0.1045 -0.427175
0.1055 -0.430592
0.1065 -0.433992
0.1075 -0.437375
0.1085 -0.440741
0.1095 -0.444089
0.1105 -0.44742
0.1115 -0.450733
0.1125 -0.454028
0.1135 -0.457305
0.1145 -0.460565
0.1155 -0.463806
0.1165 -0.467029
0.1175 -0.470233
0.1185 -0.473419
0.1195 -0.476586
0.1205 -0.479734
0.1215 -0.482864
0.1225 -0.485974
0.1235 -0.489065
0.1245 -0.492137
0.1255 -0.495189
0.1265 -0.498222
0.1275 -0.501235
0.1285 -0.504228
0.1295 -0.507202
0.1305 -0.510155
0.1315 -0.513089
0.1325 -0.516002
0.1335 -0.518894
0.1345 -0.521767
0.1355 -0.524618
0.1365 -0.527449
0.1375 -0.530259
0.1385 -0.533048
0.1395 -0.535816
0.1405 -0.538563
0.1415 -0.541289
0.1425 -0.543993
0.1435 -0.546676
0.1445 -0.549337
0.1455 -0.551977
0.1465 -0.554595
0.1475 -0.55719
0.1485 -0.559764
0.1495 -0.562316
0.1505 -0.564846
0.1515 -0.567353
0.1525 -0.569838
0.1535 -0.5723
0.1545 -0.57474
0.1555 -0.577157
0.1565 -0.579551
0.1575 -0.581923
0.1585 -0.584271
0.1595 -0.586597
0.1605 -0.588899
0.1615 -0.591178
0.1625 -0.593433
0.1635 -0.595666
0.1645 -0.597874
0.1655 -0.60006
0.1665 -0.602221
0.1675 -0.604359
0.1685 -0.606472
0.1695 -0.608562
0.1705 -0.610628
0.1715 -0.61267
0.1725 -0.614687
0.1735 -0.61668
0.1745 -0.618649
0.1755 -0.620594
0.1765 -0.622514
0.1775 -0.624409
0.1785 -0.62628
0.1795 -0.628126
0.1805 -0.629947
0.1815 -0.631744
0.1825 -0.633515
0.1835 -0.635261
0.1845 -0.636983
0.1855 -0.638679
0.1865 -0.64035
0.1875 -0.641996
0.1885 -0.643616
0.1895 -0.645211
0.1905 -0.64678
0.1915 -0.648324
0.1925 -0.649843
0.1935 -0.651335
0.1945 -0.652802
0.1955 -0.654243
0.1965 -0.655659
0.1975 -0.657048
0.1985 -0.658412
0.1995 -0.659749
0.2005 -0.661061
0.2015 -0.662346
0.2025 -0.663606
0.2035 -0.664839
0.2045 -0.666045
0.2055 -0.667226
0.2065 -0.66838
0.2075 -0.669508
0.2085 -0.670609
0.2095 -0.671684
0.2105 -0.672733
0.2115 -0.673754
0.2125 -0.67475
0.2135 -0.675718
0.2145 -0.67666
0.2155 -0.677575
0.2165 -0.678464
0.2175 -0.679325
0.2185 -0.68016
0.2195 -0.680968
0.2205 -0.681749
0.2215 -0.682503
0.2225 -0.683231
0.2235 -0.683931
0.2245 -0.684604
0.2255 -0.68525
0.2265 -0.68587
0.2275 -0.686462
0.2285 -0.687027
0.2295 -0.687565
0.2305 -0.688075
0.2315 -0.688559
0.2325 -0.689015
0.2335 -0.689445
0.2345 -0.689846
0.2355 -0.690221
0.2365 -0.690569
0.2375 -0.690889
0.2385 -0.691182
0.2395 -0.691448
0.2405 -0.691686
0.2415 -0.691897
0.2425 -0.692081
0.2435 -0.692237
0.2445 -0.692366
0.2455 -0.692468
0.2465 -0.692543
0.2475 -0.69259
0.2485 -0.692609
0.2495 -0.692602
0.2505 -0.692567
0.2515 -0.692505
0.2525 -0.692415
0.2535 -0.692298
0.2545 -0.692154
0.2555 -0.691982
0.2565 -0.691783
0.2575 -0.691557
0.2585 -0.691303
0.2595 -0.691023
0.2605 -0.690714
0.2615 -0.690379
0.2625 -0.690016
0.2635 -0.689627
0.2645 -0.689209
0.2655 -0.688765
0.2665 -0.688294
0.2675 -0.687795
0.2685 -0.687269
0.2695 -0.686716
0.2705 -0.686136
0.2715 -0.685529
0.2725 -0.684895
0.2735 -0.684233
0.2745 -0.683545
0.2755 -0.68283
0.2765 -0.682088
0.2775 -0.681319
0.2785 -0.680523
0.2795 -0.6797
0.2805 -0.67885
0.2815 -0.677973
0.2825 -0.67707
0.2835 -0.67614
0.2845 -0.675183
0.2855 -0.6742
0.2865 -0.67319
0.2875 -0.672153
0.2885 -0.67109
0.2895 -0.670001
0.2905 -0.668885
0.2915 -0.667742
0.2925 -0.666573
0.2935 -0.665378
0.2945 -0.664157
0.2955 -0.662909
0.2965 -0.661635
0.2975 -0.660335
0.2985 -0.659009
0.2995 -0.657657
0.3005 -0.65628
0.3015 -0.654876
0.3025 -0.653446
0.3035 -0.65199
0.3045 -0.650509
0.3055 -0.649002
0.3065 -0.64747
0.3075 -0.645911
0.3085 -0.644328
0.3095 -0.642719
0.3105 -0.641084
0.3115 -0.639425
0.3125 -0.63774
0.3135 -0.636029
0.3145 -0.634294
0.3155 -0.632534
0.3165 -0.630749
0.3175 -0.628938
0.3185 -0.627103
0.3195 -0.625244
0.3205 -0.623359
0.3215 -0.62145
0.3225 -0.619517
0.3235 -0.617558
0.3245 -0.615576
0.3255 -0.613569
0.3265 -0.611538
0.3275 -0.609483
0.3285 -0.607404
0.3295 -0.605301
0.3305 -0.603174
0.3315 -0.601023
0.3325 -0.598848
0.3335 -0.59665
0.3345 -0.594428
0.3355 -0.592183
0.3365 -0.589915
0.3375 -0.587623
0.3385 -0.585308
0.3395 -0.582969
0.3405 -0.580608
0.3415 -0.578224
0.3425 -0.575817
0.3435 -0.573387
0.3445 -0.570935
0.3455 -0.56846
0.3465 -0.565963
0.3475 -0.563443
0.3485 -0.560901
0.3495 -0.558337
0.3505 -0.555751
0.3515 -0.553143
0.3525 -0.550513
0.3535 -0.547861
0.3545 -0.545188
0.3555 -0.542493
0.3565 -0.539777
0.3575 -0.53704
0.3585 -0.534281
0.3595 -0.531501
0.3605 -0.528701
0.3615 -0.525879
0.3625 -0.523037
0.3635 -0.520173
0.3645 -0.51729
0.3655 -0.514386
0.3665 -0.511462
0.3675 -0.508517
0.3685 -0.505552
0.3695 -0.502568
0.3705 -0.499564
0.3715 -0.496539
0.3725 -0.493496
0.3735 -0.490433
0.3745 -0.48735
0.3755 -0.484248
0.3765 -0.481127
0.3775 -0.477987
0.3785 -0.474829
0.3795 -0.471651
0.3805 -0.468455
0.3815 -0.46524
0.3825 -0.462007
0.3835 -0.458756
0.3845 -0.455487
0.3855 -0.452199
0.3865 -0.448894
0.3875 -0.445571
0.3885 -0.442231
0.3895 -0.438873
0.3905 -0.435498
0.3915 -0.432105
0.3925 -0.428696
0.3935 -0.425269
0.3945 -0.421826
0.3955 -0.418366
0.3965 -0.41489
0.3975 -0.411397
0.3985 -0.407888
0.3995 -0.404363
0.4005 -0.400822
0.4015 -0.397265
0.4025 -0.393692
0.4035 -0.390104
0.4045 -0.3865
0.4055 -0.382882
0.4065 -0.379248
0.4075 -0.375599
0.4085 -0.371935
0.4095 -0.368257
0.4105 -0.364564
0.4115 -0.360856
0.4125 -0.357135
0.4135 -0.353399
0.4145 -0.34965
0.4155 -0.345886
0.4165 -0.342109
0.4175 -0.338318
0.4185 -0.334515
0.4195 -0.330697
0.4205 -0.326867
0.4215 -0.323024
0.4225 -0.319168
0.4235 -0.3153
0.4245 -0.311419
0.4255 -0.307526
0.4265 -0.30362
0.4275 -0.299703
0.4285 -0.295774
0.4295 -0.291833
0.4305 -0.287881
0.4315 -0.283917
0.4325 -0.279942
0.4335 -0.275956
0.4345 -0.271959
0.4355 -0.267951
0.4365 -0.263933
0.4375 -0.259905
0.4385 -0.255866
0.4395 -0.251817
0.4405 -0.247758
0.4415 -0.243689
0.4425 -0.239611
0.4435 -0.235523
0.4445 -0.231426
0.4455 -0.22732
0.4465 -0.223204
0.4475 -0.21908
0.4485 -0.214948
0.4495 -0.210807
0.4505 -0.206657
0.4515 -0.2025
0.4525 -0.198334
0.4535 -0.19416
0.4545 -0.189979
0.4555 -0.185791
0.4565 -0.181595
0.4575 -0.177392
0.4585 -0.173182
0.4595 -0.168965
0.4605 -0.164741
0.4615 -0.160511
0.4625 -0.156274
0.4635 -0.152032
0.4645 -0.147783
0.4655 -0.143529
0.4665 -0.139269
0.4675 -0.135003
0.4685 -0.130732
0.4695 -0.126456
0.4705 -0.122175
0.4715 -0.117889
0.4725 -0.113598
0.4735 -0.109303
0.4745 -0.105004
0.4755 -0.1007
0.4765 -0.0963927
0.4775 -0.0920813
0.4785 -0.0877664
0.4795 -0.083448
0.4805 -0.0791263
0.4815 -0.0748014
0.4825 -0.0704736
0.4835 -0.066143
0.4845 -0.0618099
0.4855 -0.0574742
0.4865 -0.0531363
0.4875 -0.0487964
0.4885 -0.0444544
0.4895 -0.0401108
0.4905 -0.0357655
0.4915 -0.0314188
0.4925 -0.0270709
0.4935 -0.022722
0.4945 -0.0183721
0.4955 -0.0140215
0.4965 -0.00967032
0.4975 -0.00531879
0.4985 -0.000967045
0.4995 0.00338474
0.5005 0.00773639
0.5015 0.0120877
0.5025 0.0164386
0.5035 0.0207888
0.5045 0.0251382
0.5055 0.0294866
0.5065 0.0338339
0.5075 0.0381798
0.5085 0.0425242
0.5095 0.0468669
0.5105 0.0512078
0.5115 0.0555466
0.5125 0.0598833
0.5135 0.0642175
0.5145 0.0685493
0.5155 0.0728783
0.5165 0.0772045
0.5175 0.0815276
0.5185 0.0858475
0.5195 0.0901641
0.5205 0.094477
0.5215 0.0987862
0.5225 0.103092
0.5235 0.107393
0.5245 0.11169
0.5255 0.115982
0.5265 0.12027
0.5275 0.124554
0.5285 0.128832
0.5295 0.133105
0.5305 0.137373
0.5315 0.141636
0.5325 0.145893
0.5335 0.150144
0.5345 0.15439
0.5355 0.158629
0.5365 0.162862
0.5375 0.167088
0.5385 0.171308
0.5395 0.175521
0.5405 0.179728
0.5415 0.183927
0.5425 0.188119
0.5435 0.192303
0.5445 0.19648
0.5455 0.200649
0.5465 0.20481
0.5475 0.208963
0.5485 0.213108
0.5495 0.217245
0.5505 0.221373
0.5515 0.225492
0.5525 0.229602
0.5535 0.233703
0.5545 0.237795
0.5555 0.241878
0.5565 0.245951
0.5575 0.250014
0.5585 0.254067
0.5595 0.258111
0.5605 0.262144
0.5615 0.266167
0.5625 0.270179
0.5635 0.274181
0.5645 0.278172
0.5655 0.282152
0.5665 0.28612
0.5675 0.290078
0.5685 0.294024
0.5695 0.297958
0.5705 0.301881
0.5715 0.305791
0.5725 0.30969
0.5735 0.313576
0.5745 0.31745
0.5755 0.321312
0.5765 0.325161
0.5775 0.328997
0.5785 0.33282
0.5795 0.33663
0.5805 0.340426
0.5815 0.344209
0.5825 0.347979
0.5835 0.351734
0.5845 0.355476
0.5855 0.359204
0.5865 0.362918
0.5875 0.366617
0.5885 0.370302
0.5895 0.373972
0.5905 0.377628
0.5915 0.381268
0.5925 0.384894
0.5935 0.388504
0.5945 0.392099
0.5955 0.395679
0.5965 0.399243
0.5975 0.402791
0.5985 0.406323
0.5995 0.409839
0.6005 0.413339
0.6015 0.416823
0.6025 0.42029
0.6035 0.423741
0.6045 0.427175
0.6055 0.430592
0.6065 0.433992
0.6075 0.437375
0.6085 0.440741
0.6095 0.444089
0.6105 0.44742
0.6115 0.450733
0.6125 0.454028
0.6135 0.457305
0.6145 0.460565
0.6155 0.463806
0.6165 0.467029
0.6175 0.470233
0.6185 0.473419
0.6195 0.476586
0.6205 0.479734
0.6215 0.482864
0.6225 0.485974
0.6235 0.489065
0.6245 0.492137
0.6255 0.495189
0.6265 0.498222
0.6275 0.501235
0.6285 0.504228
0.6295 0.507202
0.6305 0.510155
0.6315 0.513089
0.6325 0.516002
0.6335 0.518894
0.6345 0.521767
0.6355 0.524618
0.6365 0.527449
0.6375 0.530259
0.6385 0.533048
0.6395 0.535816
0.6405 0.538563
0.6415 0.541289
0.6425 0.543993
0.6435 0.546676
0.6445 0.549337
0.6455 0.551977
0.6465 0.554595
0.6475 0.55719
0.6485 0.559764
0.6495 0.562316
0.6505 0.564846
0.6515 0.567353
0.6525 0.569838
0.6535 0.5723
0.6545 0.57474
0.6555 0.577157
0.6565 0.579551
0.6575 0.581923
0.6585 0.584271
0.6595 0.586597
0.6605 0.588899
0.6615 0.591178
0.6625 0.593433
0.6635 0.595666
0.6645 0.597874
0.6655 0.60006
0.6665 0.602221
0.6675 0.604359
0.6685 0.606472
0.6695 0.608562
0.6705 0.610628
0.6715 0.61267
0.6725 0.614687
0.6735 0.61668
0.6745 0.618649
0.6755 0.620594
0.6765 0.622514
0.6775 0.624409
0.6785 0.62628
0.6795 0.628126
0.6805 0.629947
0.6815 0.631744
0.6825 0.633515
0.6835 0.635261
0.6845 0.636983
0.6855 0.638679
0.6865 0.64035
0.6875 0.641996
0.6885 0.643616
0.6895 0.645211
0.6905 0.64678
0.6915 0.648324
0.6925 0.649843
0.6935 0.651335
0.6945 0.652802
0.6955 0.654243
0.6965 0.655659
0.6975 0.657048
0.6985 0.658412
0.6995 0.659749
0.7005 0.661061
0.7015 0.662346
0.7025 0.663606
0.7035 0.664839
0.7045 0.666045
0.7055 0.667226
0.7065 0.66838
0.7075 0.669508
0.7085 0.670609
0.7095 0.671684
0.7105 0.672733
0.7115 0.673754
0.7125 0.67475
0.7135 0.675718
0.7145 0.67666
0.7155 0.677575
0.7165 0.678464
0.7175 0.679325
0.7185 0.68016
0.7195 0.680968
0.7205 0.681749
0.7215 0.682503
0.7225 0.683231
0.7235 0.683931
0.7245 0.684604
0.7255 0.68525
0.7265 0.68587
0.7275 0.686462
0.7285 0.687027
0.7295 0.687565
0.7305 0.688075
0.7315 0.688559
0.7325 0.689015
0.7335 0.689445
0.7345 0.689846
0.7355 0.690221
0.7365 0.690569
0.7375 0.690889
0.7385 0.691182
0.7395 0.691448
0.7405 0.691686
0.7415 0.691897
0.7425 0.692081
0.7435 0.692237
0.7445 0.692366
0.7455 0.692468
0.7465 0.692543
0.7475 0.69259
0.7485 0.692609
0.7495 0.692602
0.7505 0.692567
0.7515 0.692505
0.7525 0.692415
0.7535 0.692298
0.7545 0.692154
0.7555 0.691982
0.7565 0.691783
0.7575 0.691557
0.7585 0.691303
0.7595 0.691023
0.7605 0.690714
0.7615 0.690379
0.7625 0.690016
0.7635 0.689627
0.7645 0.689209
0.7655 0.688765
0.7665 0.688294
0.7675 0.687795
0.7685 0.687269
0.7695 0.686716
0.7705 0.686136
0.7715 0.685529
0.7725 0.684895
0.7735 0.684233
0.7745 0.683545
0.7755 0.68283
0.7765 0.682088
0.7775 0.681319
0.7785 0.680523
0.7795 0.6797
0.7805 0.67885
0.7815 0.677973
0.7825 0.67707
0.7835 0.67614
0.7845 0.675183
0.7855 0.6742
0.7865 0.67319
0.7875 0.672153
0.7885 0.67109
0.7895 0.670001
0.7905 0.668885
0.7915 0.667742
0.7925 0.666573
0.7935 0.665378
0.7945 0.664157
0.7955 0.662909
0.7965 0.661635
0.7975 0.660335
0.7985 0.659009
0.7995 0.657657
0.8005 0.65628
0.8015 0.654876
0.8025 0.653446
0.8035 0.65199
0.8045 0.650509
0.8055 0.649002
0.8065 0.64747
0.8075 0.645911
0.8085 0.644328
0.8095 0.642719
0.8105 0.641084
0.8115 0.639425
0.8125 0.63774
0.8135 0.636029
0.8145 0.634294
0.8155 0.632534
0.8165 0.630749
0.8175 0.628938
0.8185 0.627103
0.8195 0.625244
0.8205 0.623359
0.8215 0.62145
0.8225 0.619517
0.8235 0.617558
0.8245 0.615576
0.8255 0.613569
0.8265 0.611538
0.8275 0.609483
0.8285 0.607404
0.8295 0.605301
0.8305 0.603174
0.8315 0.601023
0.8325 0.598848
0.8335 0.59665
0.8345 0.594428
0.8355 0.592183
0.8365 0.589915
0.8375 0.587623
0.8385 0.585308
0.8395 0.582969
0.8405 0.580608
0.8415 0.578224
0.8425 0.575817
0.8435 0.573387
0.8445 0.570935
0.8455 0.56846
0.8465 0.565963
0.8475 0.563443
0.8485 0.560901
0.8495 0.558337
0.8505 0.555751
0.8515 0.553143
0.8525 0.550513
0.8535 0.547861
0.8545 0.545188
0.8555 0.542493
0.8565 0.539777
0.8575 0.53704
0.8585 0.534281
0.8595 0.531501
0.8605 0.528701
0.8615 0.525879
0.8625 0.523037
0.8635 0.520173
0.8645 0.51729
0.8655 0.514386
0.8665 0.511462
0.8675 0.508517
0.8685 0.505552
0.8695 0.502568
0.8705 0.499564
0.8715 0.496539
0.8725 0.493496
0.8735 0.490433
0.8745 0.48735
0.8755 0.484248
0.8765 0.481127
0.8775 0.477987
0.8785 0.474829
0.8795 0.471651
0.8805 0.468455
0.8815 0.46524
0.8825 0.462007
0.8835 0.458756
0.8845 0.455487
0.8855 0.452199
0.8865 0.448894
0.8875 0.445571
0.8885 0.442231
0.8895 0.438873
0.8905 0.435498
0.8915 0.432105
0.8925 0.428696
0.8935 0.425269
0.8945 0.421826
0.8955 0.418366
0.8965 0.41489
0.8975 0.411397
0.8985 0.407888
0.8995 0.404363
0.9005 0.400822
0.9015 0.397265
0.9025 0.393692
0.9035 0.390104
0.9045 0.3865
0.9055 0.382882
0.9065 0.379248
0.9075 0.375599
0.9085 0.371935
0.9095 0.368257
0.9105 0.364564
0.9115 0.360856
0.9125 0.357135
0.9135 0.353399
0.9145 0.34965
0.9155 0.345886
0.9165 0.342109
0.9175 0.338318
0.9185 0.334515
0.9195 0.330697
0.9205 0.326867
0.9215 0.323024
0.9225 0.319168
0.9235 0.3153
0.9245 0.311419
0.9255 0.307526
0.9265 0.30362
0.9275 0.299703
0.9285 0.295774
0.9295 0.291833
0.9305 0.287881
0.9315 0.283917
0.9325 0.279942
0.9335 0.275956
0.9345 0.271959
0.9355 0.267951
0.9365 0.263933
0.9375 0.259905
0.9385 0.255866
0.9395 0.251817
0.9405 0.247758
0.9415 0.243689
0.9425 0.239611
0.9435 0.235523
0.9445 0.231426
0.9455 0.22732
0.9465 0.223204
0.9475 0.21908
0.9485 0.214948
0.9495 0.210807
0.9505 0.206657
0.9515 0.2025
0.9525 0.198334
0.9535 0.19416
0.9545 0.189979
0.9555 0.185791
0.9565 0.181595
0.9575 0.177392
0.9585 0.173182
0.9595 0.168965
0.9605 0.164741
0.9615 0.160511
0.9625 0.156274
0.9635 0.152032
0.9645 0.147783
0.9655 0.143529
0.9665 0.139269
0.9675 0.135003
0.9685 0.130732
0.9695 0.126456
0.9705 0.122175
0.9715 0.117889
0.9725 0.113598
0.9735 0.109303
0.9745 0.105004
0.9755 0.1007
0.9765 0.0963927
0.9775 0.0920813
0.9785 0.0877664
0.9795 0.083448
0.9805 0.0791263
0.9815 0.0748014
0.9825 0.0704736
0.9835 0.066143
0.9845 0.0618099
0.9855 0.0574742
0.9865 0.0531363
0.9875 0.0487964
0.9885 0.0444544
0.9895 0.0401108
0.9905 0.0357655
0.9915 0.0314188
0.9925 0.0270709
0.9935 0.022722
0.9945 0.0183721
0.9955 0.0140215
0.9965 0.00967032
0.9975 0.00531879
0.9985 0.000967045
0.9995 -0.00338474
