
# time = 0.9984
0.0005 0.0715914
0.0015 0.0781647
0.0025 0.074863
0.0035 0.0711143
0.0045 0.0815819
0.0055 0.0694323
0.0065 0.0767188
0.0075 0.0784682
0.0085 0.0687386
0.0095 0.0812509
0.0105 0.0720903
0.0115 0.0747803
0.0125 0.0776698
0.0135 0.0726593
0.0145 0.0771685
0.0155 0.0733505
0.0165 0.0782177
0.0175 0.0715641
0.0185 0.0780047
0.0195 0.0761751
0.0205 0.070029
0.0215 0.083513
0.0225 0.0682169
0.0235 0.0781715
0.0245 0.0780411
0.0255 0.0696242
0.0265 0.081075
0.0275 0.0722453
0.0285 0.0770197
0.0295 0.0734422
0.0305 0.0794789
0.0315 0.0716271
0.0325 0.0752202
0.0335 0.0837013
0.0345 0.0608328
0.0355 0.0907311
0.0365 0.0687387
0.0375 0.0693215
0.0385 0.093106
0.0395 0.0559934
0.0405 0.0877364
0.0415 0.0764298
0.0425 0.0652908
0.0435 0.0879202
0.0445 0.0692569
0.0455 0.0753685
0.0465 0.078715
0.0475 0.0765188
0.0485 0.0697996
0.0495 0.0833071
0.0505 0.0739049
0.0515 0.0688468
0.0525 0.0893061
0.0535 0.0638995
0.0545 0.0800084
0.0555 0.081088
0.0565 0.066737
0.0575 0.0829657
0.0585 0.0745431
0.0595 0.0742756
0.0605 0.0769197
0.0615 0.0781846
0.0625 0.07341
0.0635 0.075725
0.0645 0.0806017
0.0655 0.0715663
0.0665 0.0756014
0.0675 0.0835214
0.0685 0.0674034
0.0695 0.0780799
0.0705 0.0863054
0.0715 0.0582983
0.0725 0.0914674
0.0735 0.0740672
0.0745 0.0639144
0.0755 0.0959249
0.0765 0.060632
0.0775 0.0820339
0.0785 0.0793784
0.0795 0.0706961
0.0805 0.0812424
0.0815 0.071576
0.0825 0.0842782
0.0835 0.0666444
0.0845 0.0828096
0.0855 0.0796729
0.0865 0.0645452
0.0875 0.0892828
0.0885 0.0731386
0.0895 0.0678459
0.0905 0.0905768
0.0915 0.0691316
0.0925 0.0713768
0.0935 0.0910535
0.0945 0.063257
0.0955 0.08201
0.0965 0.0790054
0.0975 0.072543
0.0985 0.0797813
0.0995 0.0724079
0.1005 0.0868716
0.1015 0.0623715
0.1025 0.0873488
0.1035 0.0791709
0.1045 0.0615645
0.1055 0.0951446
0.1065 0.0682299
0.1075 0.0720563
0.1085 0.0881764
0.1095 0.0705243
0.1105 0.0741705
0.1115 0.0843722
0.1125 0.0724344
0.1135 0.0774603
0.1145 0.0761033
0.1155 0.0820057
0.1165 0.0726286
0.1175 0.0723025
0.1185 0.0944445
0.1195 0.0559205
0.1205 0.0881234
0.1215 0.0837806
0.1225 0.0595498
0.1235 0.0924818
0.1245 0.0722879
0.1255 0.0753674
0.1265 0.0781539
0.1275 0.0796113
0.1285 0.0771665
0.1295 0.0712577
0.1305 0.0849465
0.1315 0.0782337
0.1325 0.0648701
0.1335 0.0921673
0.1345 0.0745473
0.1355 0.064107
0.1365 0.0970692
0.1375 0.0655776
0.1385 0.0777142
0.1395 0.0813764
0.1405 0.0776013
0.1415 0.075424
0.1425 0.0737656
0.1435 0.0894036
0.1445 0.0665135
0.1455 0.0783573
0.1465 0.0855371
0.1475 0.0734054
0.1485 0.0701231
0.1495 0.0907668
0.1505 0.0732181
0.1515 0.0685021
0.1525 0.0909893
0.1535 0.0734316
0.1545 0.0723511
0.1555 0.0824401
0.1565 0.0815725
0.1575 0.0706131
0.1585 0.0794783
0.1595 0.0811784
0.1605 0.0803972
0.1615 0.0643445
0.1625 0.0921948
0.1635 0.0791337
0.1645 0.0588425
0.1655 0.100088
0.1665 0.0685402
0.1675 0.0752983
0.1685 0.0810394
0.1695 0.0803664
0.1705 0.0776935
0.1715 0.0700379
0.1725 0.0877144
0.1735 0.0797892
0.1745 0.0653035
0.1755 0.0866263
0.1765 0.0861331
0.1775 0.0615175
0.1785 0.0860483
0.1795 0.0840683
0.1805 0.0719674
0.1815 0.0731435
0.1825 0.0896073
0.1835 0.0738647
0.1845 0.0749664
0.1855 0.0784071
0.1865 0.0851395
0.1875 0.0777286
0.1885 0.0615012
0.1895 0.103394
0.1905 0.0669065
0.1915 0.0701734
0.1925 0.0907601
0.1935 0.0774997
0.1945 0.0729268
0.1955 0.0774978
0.1965 0.085265
0.1975 0.0791667
0.1985 0.06889
0.1995 0.0819808
0.2005 0.0909909
0.2015 0.0640494
0.2025 0.0770628
0.2035 0.0921558
0.2045 0.0751353
0.2055 0.0643042
0.2065 0.0953676
0.2075 0.0741593
0.2085 0.0780339
0.2095 0.073633
0.2105 0.0825736
0.2115 0.0910929
0.2125 0.056474
0.2135 0.0883953
0.2145 0.0884348
0.2155 0.0709461
0.2165 0.0690046
0.2175 0.0944434
0.2185 0.0772162
0.2195 0.0708843
0.2205 0.079921
0.2215 0.084031
0.2225 0.0836979
0.2235 0.0665935
0.2245 0.0777638
0.2255 0.0989623
0.2265 0.0651672
0.2275 0.0692522
0.2285 0.0970918
0.2295 0.0748082
0.2305 0.07627
0.2315 0.0714022
0.2325 0.0922704
0.2335 0.0783271
0.2345 0.0740099
0.2355 0.0694979
0.2365 0.0991216
0.2375 0.0776452
0.2385 0.0578393
0.2395 0.0959036
0.2405 0.0824611
0.2415 0.0751937
0.2425 0.0715012
0.2435 0.0834935
0.2445 0.0884222
0.2455 0.0774397
0.2465 0.0627387
0.2475 0.0907825
0.2485 0.0924987
0.2495 0.0647079
0.2505 0.0701297
0.2515 0.0986221
0.2525 0.0749013
0.2535 0.079558
0.2545 0.0678266
0.2555 0.0868009
0.2565 0.0941981
0.2575 0.0655886
0.2585 0.0695132
0.2595 0.0920403
0.2605 0.0937392
0.2615 0.0564261
0.2625 0.084664
0.2635 0.080674
0.2645 0.0910921
0.2655 0.0751237
0.2665 0.0640369
0.2675 0.0869843
0.2685 0.0989489
0.2695 0.0669362
0.2705 0.0653676
0.2715 0.0917523
0.2725 0.0899013
0.2735 0.0734038
0.2745 0.0746791
0.2755 0.0701987
0.2765 0.0999741
0.2775 0.086139
0.2785 0.0567397
0.2795 0.0790874
0.2805 0.0958376
0.2815 0.0870136
0.2825 0.062591
0.2835 0.0813676
0.2845 0.0738257
0.2855 0.105337
0.2865 0.0731877
0.2875 0.0599236
0.2885 0.0817785
0.2895 0.102698
0.2905 0.0773694
0.2915 0.0668935
0.2925 0.0761317
0.2935 0.0829489
0.2945 0.0993396
0.2955 0.0787137
0.2965 0.0529887
0.2975 0.0857641
0.2985 0.100106
0.2995 0.083145
0.3005 0.0661708
0.3015 0.0729508
0.3025 0.0801149
0.3035 0.100008
0.3045 0.0903378
0.3055 0.04883
0.3065 0.0788398
0.3075 0.0929618
0.3085 0.0981569
0.3095 0.0688837
0.3105 0.0750881
0.3115 0.0601358
0.3125 0.101426
0.3135 0.101759
0.3145 0.06901
0.3155 0.0574603
0.3165 0.0822956
0.3175 0.0931324
0.3185 0.0941589
0.3195 0.0840399
0.3205 0.0549759
0.3215 0.0652076
0.3225 0.107726
0.3235 0.0954253
0.3245 0.077495
0.3255 0.0627341
0.3265 0.0694836
0.3275 0.0793993
0.3285 0.114532
0.3295 0.0898528
0.3305 0.0547251
0.3315 0.0651572
0.3325 0.080497
0.3335 0.0989079
0.3345 0.098412
0.3355 0.0901391
0.3365 0.0409425
0.3375 0.069422
0.3385 0.0920081
0.3395 0.106424
0.3405 0.0901526
0.3415 0.0820998
0.3425 0.0477291
0.3435 0.0592126
0.3445 0.10149
0.3455 0.110086
0.3465 0.0905642
0.3475 0.0777452
0.3485 0.0538517
0.3495 0.0525621
0.3505 0.0873845
0.3515 0.123027
0.3525 0.0939558
0.3535 0.087516
0.3545 0.0562125
0.3555 0.051428
0.3565 0.0563698
0.3575 0.117495
0.3585 0.110062
0.3595 0.103021
0.3605 0.0785196
0.3615 0.0564085
0.3625 0.0331519
0.3635 0.0686021
0.3645 0.108197
0.3655 0.112635
0.3665 0.115984
0.3675 0.0994621
0.3685 0.0563282
0.3695 0.0276289
0.3705 0.0498857
0.3715 0.0743908
0.3725 0.0935395
0.3735 0.135051
0.3745 0.135327
0.3755 0.103519
0.3765 0.0604749
0.3775 0.051927
0.3785 0.0152107
0.3795 0.0269385
0.3805 0.0651918
0.3815 0.111506
0.3825 0.125586
0.3835 0.15608
0.3845 0.160473
0.3855 0.116641
0.3865 0.0765675
0.3875 0.0432746
0.3885 0.00683473
0.3895 -0.0357229
0.3905 -0.0155831
0.3915 0.00383296
0.3925 0.0322049
0.3935 0.0780853
0.3945 0.157386
0.3955 0.20742
0.3965 0.255039
0.3975 0.326373
0.3985 0.380063
0.3995 0.414226
0.4005 0.451992
0.4015 0.516582
0.4025 0.540523
0.4035 0.575492
0.4045 0.622499
0.4055 0.676828
0.4065 0.691979
0.4075 0.727074
0.4085 0.766049
0.4095 0.773559
0.4105 0.759052
0.4115 0.754309
0.4125 0.747806
0.4135 0.699539
0.4145 0.674512
0.4155 0.66831
0.4165 0.672917
0.4175 0.658984
0.4185 0.691319
0.4195 0.727259
0.4205 0.739881
0.4215 0.73023
0.4225 0.734845
0.4235 0.726273
0.4245 0.683197
0.4255 0.668627
0.4265 0.67934
0.4275 0.704659
0.4285 0.697548
0.4295 0.729088
0.4305 0.737829
0.4315 0.730788
0.4325 0.680784
0.4335 0.686565
0.4345 0.687553
0.4355 0.698878
0.4365 0.697078
0.4375 0.73395
0.4385 0.734112
0.4395 0.706173
0.4405 0.675246
0.4415 0.689554
0.4425 0.702957
0.4435 0.7046
0.4445 0.713665
0.4455 0.729346
0.4465 0.713837
0.4475 0.678016
0.4485 0.675879
0.4495 0.710527
0.4505 0.725211
0.4515 0.71333
0.4525 0.699501
0.4535 0.70624
0.4545 0.690388
0.4555 0.688987
0.4565 0.700398
0.4575 0.737492
0.4585 0.712987
0.4595 0.687918
0.4605 0.670687
0.4615 0.715614
0.4625 0.717091
0.4635 0.714853
0.4645 0.688192
0.4655 0.706251
0.4665 0.694299
0.4675 0.700169
0.4685 0.699452
0.4695 0.725065
0.4705 0.707419
0.4715 0.683922
0.4725 0.679735
0.4735 0.716042
0.4745 0.731716
0.4755 0.699964
0.4765 0.675713
0.4775 0.686582
0.4785 0.727555
0.4795 0.715509
0.4805 0.69665
0.4815 0.6752
0.4825 0.710489
0.4835 0.709752
0.4845 0.712826
0.4855 0.682629
0.4865 0.704674
0.4875 0.699092
0.4885 0.712772
0.4895 0.688839
0.4905 0.706412
0.4915 0.698466
0.4925 0.708866
0.4935 0.689134
0.4945 0.702542
0.4955 0.702563
0.4965 0.709739
0.4975 0.693119
0.4985 0.693329
0.4995 0.701129
0.5005 0.709325
0.5015 0.704685
0.5025 0.689788
0.5035 0.695997
0.5045 0.699354
0.5055 0.713753
0.5065 0.696268
0.5075 0.699075
0.5085 0.685311
0.5095 0.708359
0.5105 0.700724
0.5115 0.713875
0.5125 0.685269
0.5135 0.69465
0.5145 0.688163
0.5155 0.721816
0.5165 0.705315
0.5175 0.697144
0.5185 0.668989
0.5195 0.701229
0.5205 0.718667
0.5215 0.722321
0.5225 0.678091
0.5235 0.670264
0.5245 0.697168
0.5255 0.730563
0.5265 0.716621
0.5275 0.676987
0.5285 0.67314
0.5295 0.695034
0.5305 0.724539
0.5315 0.707605
0.5325 0.699312
0.5335 0.676946
0.5345 0.690254
0.5355 0.688128
0.5365 0.722735
0.5375 0.714831
0.5385 0.703053
0.5395 0.657997
0.5405 0.679814
0.5415 0.708061
0.5425 0.737807
0.5435 0.703205
0.5445 0.6818
0.5455 0.670049
0.5465 0.688602
0.5475 0.699815
0.5485 0.7209
0.5495 0.723431
0.5505 0.696756
0.5515 0.66079
0.5525 0.662975
0.5535 0.702763
0.5545 0.728279
0.5555 0.721993
0.5565 0.702873
0.5575 0.68355
0.5585 0.665052
0.5595 0.661384
0.5605 0.700715
0.5615 0.733328
0.5625 0.738123
0.5635 0.697923
0.5645 0.682946
0.5655 0.658203
0.5665 0.663802
0.5675 0.671089
0.5685 0.728929
0.5695 0.740703
0.5705 0.736611
0.5715 0.694582
0.5725 0.682183
0.5735 0.64729
0.5745 0.642707
0.5755 0.664126
0.5765 0.715814
0.5775 0.740492
0.5785 0.745886
0.5795 0.747343
0.5805 0.718827
0.5815 0.673335
0.5825 0.628188
0.5835 0.629877
0.5845 0.626669
0.5855 0.649893
0.5865 0.68797
0.5875 0.749031
0.5885 0.773339
0.5895 0.790441
0.5905 0.800116
0.5915 0.783273
0.5925 0.736129
0.5935 0.681408
0.5945 0.64009
0.5955 0.566556
0.5965 0.505929
0.5975 0.450338
0.5985 0.413668
0.5995 0.348178
0.6005 0.311483
0.6015 0.276613
0.6025 0.236033
0.6035 0.184511
0.6045 0.151626
0.6055 0.119999
0.6065 0.0666115
0.6075 0.0403624
0.6085 0.0198597
0.6095 0.0110389
0.6105 -0.00634948
0.6115 0.0242163
0.6125 0.0433411
0.6135 0.0653357
0.6145 0.0880946
0.6155 0.116718
0.6165 0.113666
0.6175 0.0929839
0.6185 0.0879206
0.6195 0.0561875
0.6205 0.0359655
0.6215 0.0245888
0.6225 0.0528298
0.6235 0.0523041
0.6245 0.0830383
0.6255 0.0997995
0.6265 0.102261
0.6275 0.0739407
0.6285 0.0640581
0.6295 0.0493155
0.6305 0.0336483
0.6315 0.0533877
0.6325 0.0787189
0.6335 0.0902657
0.6345 0.0859807
0.6355 0.085772
0.6365 0.0603026
0.6375 0.037208
0.6385 0.0542481
0.6395 0.0650679
0.6405 0.0835537
0.6415 0.0830322
0.6425 0.0946632
0.6435 0.0488887
0.6445 0.053068
0.6455 0.0499775
0.6465 0.0752692
0.6475 0.0731397
0.6485 0.096878
0.6495 0.0710634
0.6505 0.0507954
0.6515 0.0514697
0.6525 0.0666283
0.6535 0.0742236
0.6545 0.0861102
0.6555 0.0821195
0.6565 0.0545087
0.6575 0.0470121
0.6585 0.0709594
0.6595 0.0723736
0.6605 0.0863983
0.6615 0.0732878
0.6625 0.0645534
0.6635 0.0398256
0.6645 0.0780836
0.6655 0.0770386
0.6665 0.0817276
0.6675 0.0672208
0.6685 0.0600358
0.6695 0.0518813
0.6705 0.0737635
0.6715 0.0920202
0.6725 0.0654385
0.6735 0.0639988
0.6745 0.0558032
0.6755 0.0684955
0.6765 0.0763747
0.6775 0.0876576
0.6785 0.0583544
0.6795 0.0524212
0.6805 0.0722321
0.6815 0.0765606
0.6825 0.077388
0.6835 0.0700711
0.6845 0.0544835
0.6855 0.0618245
0.6865 0.0818131
0.6875 0.0844031
0.6885 0.0529307
0.6895 0.0696073
0.6905 0.0581438
0.6915 0.0837285
0.6925 0.0740399
0.6935 0.0713965
0.6945 0.0463453
0.6955 0.0774126
0.6965 0.0814951
0.6975 0.0682153
0.6985 0.0660885
0.6995 0.0589812
0.7005 0.0723728
0.7015 0.0807572
0.7025 0.074394
0.7035 0.0507603
0.7045 0.0688879
0.7055 0.0824251
0.7065 0.0697813
0.7075 0.0683261
0.7085 0.0602676
0.7095 0.0678206
0.7105 0.0844145
0.7115 0.0699491
0.7125 0.057977
0.7135 0.0627914
0.7145 0.089507
0.7155 0.0613069
0.7165 0.0747404
0.7175 0.0551515
0.7185 0.0765601
0.7195 0.0783969
0.7205 0.0701929
0.7215 0.0544899
0.7225 0.0731313
0.7235 0.0845468
0.7245 0.0610884
0.7255 0.0688662
0.7265 0.0641646
0.7275 0.0769076
0.7285 0.0777955
0.7295 0.0602216
0.7305 0.0619292
0.7315 0.0820756
0.7325 0.0751031
0.7335 0.0594714
0.7345 0.06675
0.7355 0.0789553
0.7365 0.0677985
0.7375 0.0771663
0.7385 0.0510282
0.7395 0.0826952
0.7405 0.0756904
0.7415 0.0652988
0.7425 0.0600799
0.7435 0.0798599
0.7445 0.0759542
0.7455 0.0603127
0.7465 0.0735129
0.7475 0.0638515
0.7485 0.0855613
0.7495 0.0625833
0.7505 0.0612397
0.7515 0.0789665
0.7525 0.0776193
0.7535 0.0595478
0.7545 0.0691828
0.7555 0.0762068
0.7565 0.0736395
0.7575 0.064156
0.7585 0.0699171
0.7595 0.0696281
0.7605 0.0845801
0.7615 0.0540303
0.7625 0.0705101
0.7635 0.0843283
0.7645 0.0621639
0.7655 0.070105
0.7665 0.0667705
0.7675 0.0827531
0.7685 0.0621456
0.7695 0.0719309
0.7705 0.0655047
0.7715 0.0837709
0.7725 0.0645546
0.7735 0.0601125
0.7745 0.0859177
0.7755 0.0684046
0.7765 0.0632227
0.7775 0.0743862
0.7785 0.0731566
0.7795 0.0726637
0.7805 0.0648306
0.7815 0.0698769
0.7825 0.0818894
0.7835 0.063045
0.7845 0.0678609
0.7855 0.0743928
0.7865 0.0810296
0.7875 0.0523812
0.7885 0.0823458
0.7895 0.0720036
0.7905 0.0673223
0.7915 0.0728218
0.7925 0.064719
0.7935 0.0859177
0.7945 0.0584378
0.7955 0.0709761
0.7965 0.0790809
0.7975 0.0705603
0.7985 0.0615747
0.7995 0.079232
0.8005 0.0739434
0.8015 0.0645907
0.8025 0.0715183
0.8035 0.0767274
0.8045 0.0691581
0.8055 0.0694366
0.8065 0.0693232
0.8075 0.0799357
0.8085 0.0673185
0.8095 0.060518
0.8105 0.0926335
0.8115 0.0556014
0.8125 0.0747091
0.8135 0.074071
0.8145 0.0717905
0.8155 0.0706759
0.8165 0.0661946
0.8175 0.0820242
0.8185 0.0655393
0.8195 0.0694943
0.8205 0.0742031
0.8215 0.0776369
0.8225 0.06041
0.8235 0.0766584
0.8245 0.07796
0.8255 0.0629864
0.8265 0.072157
0.8275 0.079903
0.8285 0.0642824
0.8295 0.0733461
0.8305 0.0727736
0.8315 0.0727952
0.8325 0.0730067
0.8335 0.0611407
0.8345 0.0916233
0.8355 0.0551206
0.8365 0.0747594
0.8375 0.0818755
0.8385 0.0606942
0.8395 0.0768622
0.8405 0.0710026
0.8415 0.0757901
0.8425 0.0655874
0.8435 0.0750975
0.8445 0.0755883
0.8455 0.0678682
0.8465 0.0694397
0.8475 0.081543
0.8485 0.0649442
0.8495 0.0703941
0.8505 0.0799588
0.8515 0.0677312
0.8525 0.0696629
0.8535 0.0760791
0.8545 0.0756671
0.8555 0.0610044
0.8565 0.0841585
0.8575 0.066942
0.8585 0.0719969
0.8595 0.0733926
0.8605 0.0722557
0.8615 0.076487
0.8625 0.0602813
0.8635 0.0889226
0.8645 0.0620301
0.8655 0.07002
0.8665 0.0843346
0.8675 0.0621045
0.8685 0.0741604
0.8695 0.0780374
0.8705 0.0671447
0.8715 0.0740074
0.8725 0.0734575
0.8735 0.0724885
0.8745 0.0738868
0.8755 0.0654172
0.8765 0.0873066
0.8775 0.0575877
0.8785 0.0779721
0.8795 0.0822859
0.8805 0.0540378
0.8815 0.0896495
0.8825 0.0652537
0.8835 0.0721647
0.8845 0.0760551
0.8855 0.0705369
0.8865 0.07578
0.8875 0.067299
0.8885 0.0793799
0.8895 0.0710092
0.8905 0.0674982
0.8915 0.0817799
0.8925 0.0695852
0.8935 0.0654666
0.8945 0.0885166
0.8955 0.0593003
0.8965 0.076772
0.8975 0.0803587
0.8985 0.0606954
0.8995 0.0843373
0.9005 0.0652597
0.9015 0.0792359
0.9025 0.0683547
0.9035 0.074064
0.9045 0.0798562
0.9055 0.0598477
0.9065 0.0868807
0.9075 0.0675812
0.9085 0.0680884
0.9095 0.0844128
0.9105 0.0656026
0.9115 0.0716674
0.9125 0.0828941
0.9135 0.0633395
0.9145 0.0772172
0.9155 0.0774111
0.9165 0.0650204
0.9175 0.0822698
0.9185 0.0658478
0.9195 0.0804138
0.9205 0.0680403
0.9215 0.0742005
0.9225 0.0815024
0.9235 0.0572823
0.9245 0.0919607
0.9255 0.0624696
0.9265 0.0715773
0.9275 0.087095
0.9285 0.0573661
0.9295 0.0836343
0.9305 0.0738604
0.9315 0.0669281
0.9325 0.0802176
0.9335 0.0725077
0.9345 0.0700371
0.9355 0.0786703
0.9365 0.0714552
0.9375 0.0730028
0.9385 0.0761967
0.9395 0.0715075
0.9405 0.0767412
0.9415 0.0691167
0.9425 0.0806179
0.9435 0.0683192
0.9445 0.0742424
0.9455 0.0811948
0.9465 0.0617841
0.9475 0.0851832
0.9485 0.0695641
0.9495 0.0706572
0.9505 0.0814018
0.9515 0.0687148
0.9525 0.0744608
0.9535 0.0767415
0.9545 0.073975
0.9555 0.0679322
0.9565 0.0855456
0.9575 0.0641863
0.9585 0.0754909
0.9595 0.0847885
0.9605 0.0557879
0.9615 0.091889
0.9625 0.0660201
0.9635 0.0700128
0.9645 0.0878507
0.9655 0.0589691
0.9665 0.0849036
0.9675 0.0713976
0.9685 0.0715575
0.9695 0.0793711
0.9705 0.0703051
0.9715 0.0772185
0.9725 0.0720082
0.9735 0.077757
0.9745 0.0707447
0.9755 0.0773241
0.9765 0.0743549
0.9775 0.0716769
0.9785 0.0796988
0.9795 0.0689869
0.9805 0.0791833
0.9815 0.0721383
0.9825 0.0747296
0.9835 0.0771341
0.9845 0.0700305
0.9855 0.0806661
0.9865 0.0692931
0.9875 0.0775848
0.9885 0.0759796
0.9895 0.0698838
0.9905 0.0812384
0.9915 0.0698984
0.9925 0.076187
0.9935 0.0770894
0.9945 0.0711588
0.9955 0.0775494
0.9965 0.0746861
0.9975 0.0735615
0.9985 0.075804
0.9995 0.0763831
