
# time = 0.5
0.0005 0.000105584
0.0015 6.32304e-05
0.0025 3.95989e-05
0.0035 2.81554e-05
0.0045 2.33076e-05
0.0055 2.15025e-05
0.0065 2.09102e-05
0.0075 2.07389e-05
0.0085 2.06952e-05
0.0095 2.06854e-05
0.0105 2.06835e-05
0.0115 2.06832e-05
0.0125 2.06831e-05
0.0135 2.06831e-05
0.0145 2.06831e-05
0.0155 2.06829e-05
0.0165 2.06821e-05
0.0175 2.06784e-05
0.0185 2.06638e-05
0.0195 2.06133e-05
0.0205 2.04594e-05
0.0215 2.00461e-05
0.0225 1.90706e-05
0.0235 1.7056e-05
0.0245 1.34453e-05
0.0255 8.38475e-06
0.0265 4.77406e-06
0.0275 2.75948e-06
0.0285 1.78393e-06
0.0295 1.37065e-06
0.0305 1.21676e-06
0.0315 1.16627e-06
0.0325 1.15166e-06
0.0335 1.14794e-06
0.0345 1.14711e-06
0.0355 1.14694e-06
0.0365 1.14692e-06
0.0375 1.14691e-06
0.0385 1.14691e-06
0.0395 1.14691e-06
0.0405 1.1469e-06
0.0415 1.14685e-06
0.0425 1.14664e-06
0.0435 1.14581e-06
0.0445 1.14295e-06
0.0455 1.13421e-06
0.0465 1.11076e-06
0.0475 1.05541e-06
0.0485 9.41088e-07
0.0495 7.36199e-07
0.0505 4.49039e-07
0.0515 2.4415e-07
0.0525 1.29833e-07
0.0535 7.4475e-08
0.0545 5.10236e-08
0.0555 4.22912e-08
0.0565 3.94261e-08
0.0575 3.85972e-08
0.0585 3.8386e-08
0.0595 3.83387e-08
0.0605 3.83294e-08
0.0615 3.83278e-08
0.0625 3.83276e-08
0.0635 3.83275e-08
0.0645 3.83275e-08
0.0655 3.83272e-08
0.0665 3.83256e-08
0.0675 3.83188e-08
0.0685 3.82917e-08
0.0695 3.81984e-08
0.0705 3.79138e-08
0.0715 3.71495e-08
0.0725 3.53453e-08
0.0735 3.16196e-08
0.0745 2.49422e-08
0.0755 1.55834e-08
0.0765 8.90596e-09
0.0775 5.18027e-09
0.0785 3.37612e-09
0.0795 2.61182e-09
0.0805 2.32723e-09
0.0815 2.23385e-09
0.0825 2.20684e-09
0.0835 2.19995e-09
0.0845 2.19841e-09
0.0855 2.19811e-09
0.0865 2.19806e-09
0.0875 2.19805e-09
0.0885 2.19805e-09
0.0895 2.19808e-09
0.0905 2.19822e-09
0.0915 2.19893e-09
0.0925 2.20209e-09
0.0935 2.21453e-09
0.0945 2.25751e-09
0.0955 2.38852e-09
0.0965 2.74034e-09
0.0975 3.57082e-09
0.0985 5.28582e-09
0.0995 8.35958e-09
0.1005 1.26676e-08
0.1015 1.57413e-08
0.1025 1.74563e-08
0.1035 1.82868e-08
0.1045 1.86386e-08
0.1055 1.87697e-08
0.1065 1.88126e-08
0.1075 1.88251e-08
0.1085 1.88282e-08
0.1095 1.88289e-08
0.1105 1.88291e-08
0.1115 1.88291e-08
0.1125 1.88291e-08
0.1135 1.88291e-08
0.1145 1.88293e-08
0.1155 1.88305e-08
0.1165 1.88361e-08
0.1175 1.88615e-08
0.1185 1.89611e-08
0.1195 1.93054e-08
0.1205 2.03547e-08
0.1215 2.31727e-08
0.1225 2.98248e-08
0.1235 4.35616e-08
0.1245 6.81819e-08
0.1255 1.02688e-07
0.1265 1.27308e-07
0.1275 1.41045e-07
0.1285 1.47697e-07
0.1295 1.50515e-07
0.1305 1.51565e-07
0.1315 1.51909e-07
0.1325 1.52009e-07
0.1335 1.52034e-07
0.1345 1.5204e-07
0.1355 1.52041e-07
0.1365 1.52041e-07
0.1375 1.52041e-07
0.1385 1.52041e-07
0.1395 1.52042e-07
0.1405 1.52047e-07
0.1415 1.52075e-07
0.1425 1.52198e-07
0.1435 1.5268e-07
0.1445 1.54348e-07
0.1455 1.59429e-07
0.1465 1.73077e-07
0.1475 2.05292e-07
0.1485 2.71819e-07
0.1495 3.91053e-07
0.1505 5.58165e-07
0.1515 6.774e-07
0.1525 7.43926e-07
0.1535 7.76142e-07
0.1545 7.89789e-07
0.1555 7.94871e-07
0.1565 7.96538e-07
0.1575 7.97021e-07
0.1585 7.97144e-07
0.1595 7.97171e-07
0.1605 7.97177e-07
0.1615 7.97177e-07
0.1625 7.97178e-07
0.1635 7.97178e-07
0.1645 7.9718e-07
0.1655 7.97193e-07
0.1665 7.97257e-07
0.1675 7.97543e-07
0.1685 7.98667e-07
0.1695 8.0255e-07
0.1705 8.14385e-07
0.1715 8.4617e-07
0.1725 9.21199e-07
0.1735 1.07614e-06
0.1745 1.35383e-06
0.1755 1.74303e-06
0.1765 2.02073e-06
0.1775 2.17567e-06
0.1785 2.2507e-06
0.1795 2.28248e-06
0.1805 2.29432e-06
0.1815 2.2982e-06
0.1825 2.29932e-06
0.1835 2.29961e-06
0.1845 2.29967e-06
0.1855 2.29969e-06
0.1865 2.29969e-06
0.1875 2.29969e-06
0.1885 2.29969e-06
0.1895 2.29969e-06
0.1905 2.29968e-06
0.1915 2.29965e-06
0.1925 2.29951e-06
0.1935 2.29895e-06
0.1945 2.29704e-06
0.1955 2.2912e-06
0.1965 2.27551e-06
0.1975 2.23848e-06
0.1985 2.162e-06
0.1995 2.02494e-06
0.2005 1.83284e-06
0.2015 1.69578e-06
0.2025 1.6193e-06
0.2035 1.58227e-06
0.2045 1.56658e-06
0.2055 1.56074e-06
0.2065 1.55883e-06
0.2075 1.55827e-06
0.2085 1.55813e-06
0.2095 1.5581e-06
0.2105 1.55809e-06
0.2115 1.55809e-06
0.2125 1.55809e-06
0.2135 1.55809e-06
0.2145 1.55808e-06
0.2155 1.55801e-06
0.2165 1.55766e-06
0.2175 1.5561e-06
0.2185 1.54997e-06
0.2195 1.52881e-06
0.2205 1.4643e-06
0.2215 1.29105e-06
0.2225 8.82081e-07
0.2235 3.7541e-08
0.2245 -1.4761e-06
0.2255 -3.59755e-06
0.2265 -5.11119e-06
0.2275 -5.95573e-06
0.2285 -6.3647e-06
0.2295 -6.53795e-06
0.2305 -6.60246e-06
0.2315 -6.62363e-06
0.2325 -6.62975e-06
0.2335 -6.63131e-06
0.2345 -6.63166e-06
0.2355 -6.63173e-06
0.2365 -6.63174e-06
0.2375 -6.63174e-06
0.2385 -6.63174e-06
0.2395 -6.63173e-06
0.2405 -6.63168e-06
0.2415 -6.63141e-06
0.2425 -6.63021e-06
0.2435 -6.62551e-06
0.2445 -6.60925e-06
0.2455 -6.55971e-06
0.2465 -6.42665e-06
0.2475 -6.11255e-06
0.2485 -5.46392e-06
0.2495 -4.3014e-06
0.2505 -2.67207e-06
0.2515 -1.50955e-06
0.2525 -8.60918e-07
0.2535 -5.46821e-07
0.2545 -4.1376e-07
0.2555 -3.64213e-07
0.2565 -3.47956e-07
0.2575 -3.43253e-07
0.2585 -3.42055e-07
0.2595 -3.41786e-07
0.2605 -3.41734e-07
0.2615 -3.41725e-07
0.2625 -3.41723e-07
0.2635 -3.41718e-07
0.2645 -3.41688e-07
0.2655 -3.41511e-07
0.2665 -3.40608e-07
0.2675 -3.36578e-07
0.2685 -3.2076e-07
0.2695 -2.66085e-07
0.2705 -9.94446e-08
0.2715 3.48076e-07
0.2725 1.40447e-06
0.2735 3.58598e-06
0.2745 7.49585e-06
0.2755 1.29757e-05
0.2765 1.68856e-05
0.2775 1.90671e-05
0.2785 2.01235e-05
0.2795 2.0571e-05
0.2805 2.07377e-05
0.2815 2.07923e-05
0.2825 2.08082e-05
0.2835 2.08122e-05
0.2845 2.08131e-05
0.2855 2.08133e-05
0.2865 2.08133e-05
0.2875 2.08133e-05
0.2885 2.08133e-05
0.2895 2.08132e-05
0.2905 2.08126e-05
0.2915 2.08099e-05
0.2925 2.07974e-05
0.2935 2.07486e-05
0.2945 2.05797e-05
0.2955 2.00652e-05
0.2965 1.86834e-05
0.2975 1.54215e-05
0.2985 8.68561e-06
0.2995 -3.38701e-06
0.3005 -2.03073e-05
0.3015 -3.238e-05
0.3025 -3.91159e-05
0.3035 -4.23777e-05
0.3045 -4.37596e-05
0.3055 -4.42741e-05
0.3065 -4.44429e-05
0.3075 -4.44918e-05
0.3085 -4.45042e-05
0.3095 -4.4507e-05
0.3105 -4.45075e-05
0.3115 -4.45076e-05
0.3125 -4.45076e-05
0.3135 -4.45076e-05
0.3145 -4.45075e-05
0.3155 -4.45066e-05
0.3165 -4.45022e-05
0.3175 -4.44825e-05
0.3185 -4.44053e-05
0.3195 -4.41384e-05
0.3205 -4.33248e-05
0.3215 -4.11401e-05
0.3225 -3.59828e-05
0.3235 -2.53327e-05
0.3245 -6.24482e-06
0.3255 2.05077e-05
0.3265 3.95956e-05
0.3275 5.02457e-05
0.3285 5.5403e-05
0.3295 5.75878e-05
0.3305 5.84013e-05
0.3315 5.86682e-05
0.3325 5.87454e-05
0.3335 5.87651e-05
0.3345 5.87695e-05
0.3355 5.87704e-05
0.3365 5.87705e-05
0.3375 5.87706e-05
0.3385 5.87705e-05
0.3395 5.87704e-05
0.3405 5.87694e-05
0.3415 5.87644e-05
0.3425 5.87422e-05
0.3435 5.86552e-05
0.3445 5.83542e-05
0.3455 5.74369e-05
0.3465 5.49733e-05
0.3475 4.91581e-05
0.3485 3.71492e-05
0.3495 1.56259e-05
0.3505 -1.45399e-05
0.3515 -3.60631e-05
0.3525 -4.8072e-05
0.3535 -5.38872e-05
0.3545 -5.63508e-05
0.3555 -5.72681e-05
0.3565 -5.75691e-05
0.3575 -5.76561e-05
0.3585 -5.76783e-05
0.3595 -5.76833e-05
0.3605 -5.76843e-05
0.3615 -5.76844e-05
0.3625 -5.76845e-05
0.3635 -5.76845e-05
0.3645 -5.76843e-05
0.3655 -5.76835e-05
0.3665 -5.76792e-05
0.3675 -5.76603e-05
0.3685 -5.75858e-05
0.3695 -5.73285e-05
0.3705 -5.65444e-05
0.3715 -5.44384e-05
0.3725 -4.94672e-05
0.3735 -3.92013e-05
0.3745 -2.08021e-05
0.3755 4.98523e-06
0.3765 2.33844e-05
0.3775 3.36503e-05
0.3785 3.86215e-05
0.3795 4.07275e-05
0.3805 4.15116e-05
0.3815 4.17689e-05
0.3825 4.18434e-05
0.3835 4.18623e-05
0.3845 4.18666e-05
0.3855 4.18674e-05
0.3865 4.18676e-05
0.3875 4.18676e-05
0.3885 4.18676e-05
0.3895 4.18674e-05
0.3905 4.18665e-05
0.3915 4.18617e-05
0.3925 4.18405e-05
0.3935 4.17573e-05
0.3945 4.14698e-05
0.3955 4.05936e-05
0.3965 3.82404e-05
0.3975 3.26856e-05
0.3985 2.12145e-05
0.3995 6.5527e-07
0.4005 -2.81595e-05
0.4015 -4.87188e-05
0.4025 -6.01898e-05
0.4035 -6.57446e-05
0.4045 -6.80978e-05
0.4055 -6.89741e-05
0.4065 -6.92616e-05
0.4075 -6.93447e-05
0.4085 -6.93659e-05
0.4095 -6.93707e-05
0.4105 -6.93716e-05
0.4115 -6.93718e-05
0.4125 -6.93718e-05
0.4135 -6.93717e-05
0.4145 -6.93712e-05
0.4155 -6.93679e-05
0.4165 -6.93513e-05
0.4175 -6.92772e-05
0.4185 -6.89864e-05
0.4195 -6.7981e-05
0.4205 -6.4917e-05
0.4215 -5.66884e-05
0.4225 -3.72644e-05
0.4235 2.84743e-06
0.4245 7.47388e-05
0.4255 0.000175498
0.4265 0.000247389
0.4275 0.000287501
0.4285 0.000306925
0.4295 0.000315154
0.4305 0.000318218
0.4315 0.000319223
0.4325 0.000319514
0.4335 0.000319588
0.4345 0.000319605
0.4355 0.000319608
0.4365 0.000319608
0.4375 0.000319608
0.4385 0.000319608
0.4395 0.000319606
0.4405 0.000319592
0.4415 0.000319521
0.4425 0.000319207
0.4435 0.000317973
0.4445 0.000313706
0.4455 0.000300704
0.4465 0.000265785
0.4475 0.000183357
0.4485 1.31375e-05
0.4495 -0.000291942
0.4505 -0.000719525
0.4515 -0.0010246
0.4525 -0.00119482
0.4535 -0.00127725
0.4545 -0.00131217
0.4555 -0.00132517
0.4565 -0.00132944
0.4575 -0.00133067
0.4585 -0.00133099
0.4595 -0.00133106
0.4605 -0.00133107
0.4615 -0.00133107
0.4625 -0.00133107
0.4635 -0.00133107
0.4645 -0.00133107
0.4655 -0.00133102
0.4665 -0.00133078
0.4675 -0.00132973
0.4685 -0.00132561
0.4695 -0.00131137
0.4705 -0.00126795
0.4715 -0.00115135
0.4725 -0.000876116
0.4735 -0.000307735
0.4745 0.00071096
0.4755 0.00213871
0.4765 0.0031574
0.4775 0.00372578
0.4785 0.00400102
0.4795 0.00411762
0.4805 0.00416103
0.4815 0.00417528
0.4825 0.0041794
0.4835 0.00418045
0.4845 0.00418069
0.4855 0.00418073
0.4865 0.00418074
0.4875 0.00418074
0.4885 0.00418074
0.4895 0.00418072
0.4905 0.00418061
0.4915 0.00418005
0.4925 0.00417756
0.4935 0.00416776
0.4945 0.0041339
0.4955 0.0040307
0.4965 0.00375356
0.4975 0.00309937
0.4985 0.0017484
0.4995 -0.000672893
0.5005 -0.00406645
0.5015 -0.00648775
0.5025 -0.00783871
0.5035 -0.00849291
0.5045 -0.00877005
0.5055 -0.00887324
0.5065 -0.0089071
0.5075 -0.0089169
0.5085 -0.00891939
0.5095 -0.00891995
0.5105 -0.00892006
0.5115 -0.00892008
0.5125 -0.00892008
0.5135 -0.00892008
0.5145 -0.00892006
0.5155 -0.00891992
0.5165 -0.00891924
0.5175 -0.0089162
0.5185 -0.00890426
0.5195 -0.00886299
0.5205 -0.00873719
0.5215 -0.00839937
0.5225 -0.00760192
0.5235 -0.00595514
0.5245 -0.00300365
0.5255 0.00113299
0.5265 0.00408448
0.5275 0.00573126
0.5285 0.00652871
0.5295 0.00686653
0.5305 0.00699233
0.5315 0.0070336
0.5325 0.00704554
0.5335 0.00704858
0.5345 0.00704926
0.5355 0.0070494
0.5365 0.00704942
0.5375 0.00704943
0.5385 0.00704943
0.5395 0.00704946
0.5405 0.00704961
0.5415 0.00705038
0.5425 0.00705383
0.5435 0.00706738
0.5445 0.00711422
0.5455 0.00725698
0.5465 0.00764035
0.5475 0.00854532
0.5485 0.0104141
0.5495 0.0137636
0.5505 0.018458
0.5515 0.0218074
0.5525 0.0236762
0.5535 0.0245812
0.5545 0.0249646
0.5555 0.0251073
0.5565 0.0251542
0.5575 0.0251677
0.5585 0.0251712
0.5595 0.025172
0.5605 0.0251721
0.5615 0.0251721
0.5625 0.0251721
0.5635 0.0251721
0.5645 0.025172
0.5655 0.0251712
0.5665 0.0251675
0.5675 0.0251506
0.5685 0.0250845
0.5695 0.0248559
0.5705 0.0241592
0.5715 0.0222882
0.5725 0.0178715
0.5735 0.00875085
0.5745 -0.00759587
0.5755 -0.0305066
0.5765 -0.0468533
0.5775 -0.055974
0.5785 -0.0603906
0.5795 -0.0622616
0.5805 -0.0629583
0.5815 -0.0631869
0.5825 -0.0632531
0.5835 -0.0632699
0.5845 -0.0632737
0.5855 -0.0632744
0.5865 -0.0632745
0.5875 -0.0632746
0.5885 -0.0632746
0.5895 -0.0632746
0.5905 -0.0632749
0.5915 -0.0632762
0.5925 -0.0632819
0.5935 -0.0633043
0.5945 -0.063382
0.5955 -0.0636185
0.5965 -0.0642538
0.5975 -0.0657535
0.5985 -0.0688505
0.5995 -0.0744011
0.6005 -0.0821806
0.6015 -0.0877312
0.6025 -0.0908282
0.6035 -0.0923279
0.6045 -0.0929632
0.6055 -0.0931998
0.6065 -0.0932774
0.6075 -0.0932999
0.6085 -0.0933056
0.6095 -0.0933069
0.6105 -0.0933071
0.6115 -0.0933072
0.6125 -0.0933072
0.6135 -0.0933071
0.6145 -0.0933068
0.6155 -0.0933049
0.6165 -0.0932951
0.6175 -0.0932513
0.6185 -0.0930795
0.6195 -0.0924857
0.6205 -0.0906759
0.6215 -0.0858155
0.6225 -0.0743424
0.6235 -0.0506498
0.6245 -0.00818605
0.6255 0.0513288
0.6265 0.0937925
0.6275 0.117485
0.6285 0.128958
0.6295 0.133819
0.6305 0.135628
0.6315 0.136222
0.6325 0.136394
0.6335 0.136438
0.6345 0.136448
0.6355 0.13645
0.6365 0.13645
0.6375 0.13645
0.6385 0.13645
0.6395 0.136451
0.6405 0.136454
0.6415 0.13647
0.6425 0.136541
0.6435 0.136821
0.6445 0.137787
0.6455 0.140733
0.6465 0.148645
0.6475 0.16732
0.6485 0.205887
0.6495 0.275009
0.6505 0.371886
0.6515 0.441008
0.6525 0.479574
0.6535 0.49825
0.6545 0.506162
0.6555 0.509108
0.6565 0.510074
0.6575 0.510354
0.6585 0.510425
0.6595 0.510441
0.6605 0.510444
0.6615 0.510445
0.6625 0.510445
0.6635 0.510445
0.6645 0.510445
0.6655 0.510448
0.6665 0.51046
0.6675 0.510514
0.6685 0.510727
0.6695 0.511461
0.6705 0.5137
0.6715 0.519711
0.6725 0.533902
0.6735 0.563207
0.6745 0.61573
0.6755 0.689343
0.6765 0.741866
0.6775 0.771171
0.6785 0.785362
0.6795 0.791374
0.6805 0.793612
0.6815 0.794347
0.6825 0.794559
0.6835 0.794614
0.6845 0.794626
0.6855 0.794628
0.6865 0.794628
0.6875 0.794629
0.6885 0.794629
0.6895 0.794629
0.6905 0.79463
0.6915 0.794637
0.6925 0.794666
0.6935 0.794781
0.6945 0.79518
0.6955 0.796395
0.6965 0.799657
0.6975 0.807357
0.6985 0.823259
0.6995 0.85176
0.7005 0.891704
0.7015 0.920205
0.7025 0.936107
0.7035 0.943807
0.7045 0.94707
0.7055 0.948284
0.7065 0.948683
0.7075 0.948798
0.7085 0.948827
0.7095 0.948834
0.7105 0.948835
0.7115 0.948836
0.7125 0.948836
0.7135 0.948836
0.7145 0.948836
0.7155 0.948836
0.7165 0.948837
0.7175 0.948843
0.7185 0.948866
0.7195 0.948946
0.7205 0.949189
0.7215 0.949841
0.7225 0.951382
0.7235 0.954562
0.7245 0.960263
0.7255 0.968253
0.7265 0.973954
0.7275 0.977135
0.7285 0.978675
0.7295 0.979327
0.7305 0.97957
0.7315 0.97965
0.7325 0.979673
0.7335 0.979679
0.7345 0.97968
0.7355 0.979681
0.7365 0.979681
0.7375 0.979681
0.7385 0.979681
0.7395 0.979681
0.7405 0.979681
0.7415 0.97968
0.7425 0.979679
0.7435 0.979674
0.7445 0.979656
0.7455 0.979601
0.7465 0.979455
0.7475 0.979109
0.7485 0.978394
0.7495 0.977114
0.7505 0.975319
0.7515 0.974039
0.7525 0.973324
0.7535 0.972978
0.7545 0.972832
0.7555 0.972777
0.7565 0.972759
0.7575 0.972754
0.7585 0.972753
0.7595 0.972753
0.7605 0.972753
0.7615 0.972753
0.7625 0.972753
0.7635 0.972753
0.7645 0.972753
0.7655 0.972753
0.7665 0.972757
0.7675 0.972774
0.7685 0.972842
0.7695 0.973075
0.7705 0.973786
0.7715 0.975695
0.7725 0.9802
0.7735 0.989505
0.7745 1.00618
0.7755 1.02955
0.7765 1.04623
0.7775 1.05553
0.7785 1.06004
0.7795 1.06195
0.7805 1.06266
0.7815 1.06289
0.7825 1.06296
0.7835 1.06298
0.7845 1.06298
0.7855 1.06298
0.7865 1.06298
0.7875 1.06298
0.7885 1.06298
0.7895 1.06298
0.7905 1.06298
0.7915 1.06298
0.7925 1.06299
0.7935 1.06301
0.7945 1.06309
0.7955 1.06333
0.7965 1.06397
0.7975 1.06549
0.7985 1.06862
0.7995 1.07423
0.8005 1.0821
0.8015 1.08772
0.8025 1.09085
0.8035 1.09236
0.8045 1.09301
0.8055 1.09325
0.8065 1.09332
0.8075 1.09335
0.8085 1.09335
0.8095 1.09335
0.8105 1.09335
0.8115 1.09335
0.8125 1.09335
0.8135 1.09335
0.8145 1.09335
0.8155 1.09335
0.8165 1.09334
0.8175 1.0933
0.8185 1.09313
0.8195 1.09253
0.8205 1.09072
0.8215 1.08585
0.8225 1.07436
0.8235 1.05063
0.8245 1.0081
0.8255 0.948491
0.8265 0.90596
0.8275 0.88223
0.8285 0.870739
0.8295 0.865871
0.8305 0.864059
0.8315 0.863464
0.8325 0.863292
0.8335 0.863248
0.8345 0.863238
0.8355 0.863236
0.8365 0.863236
0.8375 0.863236
0.8385 0.863236
0.8395 0.863235
0.8405 0.863232
0.8415 0.863216
0.8425 0.863145
0.8435 0.862867
0.8445 0.861905
0.8455 0.858972
0.8465 0.851095
0.8475 0.832501
0.8485 0.794104
0.8495 0.725287
0.8505 0.628836
0.8515 0.560018
0.8525 0.521621
0.8535 0.503028
0.8545 0.495151
0.8555 0.492218
0.8565 0.491255
0.8575 0.490977
0.8585 0.490906
0.8595 0.49089
0.8605 0.490887
0.8615 0.490887
0.8625 0.490886
0.8635 0.490886
0.8645 0.490886
0.8655 0.490884
0.8665 0.490871
0.8675 0.490816
0.8685 0.490599
0.8695 0.489851
0.8705 0.487568
0.8715 0.48144
0.8725 0.466972
0.8735 0.437097
0.8745 0.383551
0.8755 0.308505
0.8765 0.25496
0.8775 0.225084
0.8785 0.210617
0.8795 0.204488
0.8805 0.202206
0.8815 0.201457
0.8825 0.20124
0.8835 0.201185
0.8845 0.201173
0.8855 0.20117
0.8865 0.20117
0.8875 0.20117
0.8885 0.20117
0.8895 0.20117
0.8905 0.201169
0.8915 0.201162
0.8925 0.201136
0.8935 0.20103
0.8945 0.200666
0.8955 0.199555
0.8965 0.196571
0.8975 0.189528
0.8985 0.174984
0.8995 0.148917
0.9005 0.112382
0.9015 0.0863151
0.9025 0.0717708
0.9035 0.0647279
0.9045 0.0617442
0.9055 0.0606333
0.9065 0.0602687
0.9075 0.0601633
0.9085 0.0601364
0.9095 0.0601304
0.9105 0.0601292
0.9115 0.060129
0.9125 0.060129
0.9135 0.060129
0.9145 0.0601289
0.9155 0.0601285
0.9165 0.0601265
0.9175 0.0601176
0.9185 0.0600825
0.9195 0.0599612
0.9205 0.0595916
0.9215 0.0585991
0.9225 0.0562562
0.9235 0.051418
0.9245 0.0427467
0.9255 0.0305933
0.9265 0.021922
0.9275 0.0170838
0.9285 0.0147409
0.9295 0.0137484
0.9305 0.0133788
0.9315 0.0132575
0.9325 0.0132225
0.9335 0.0132135
0.9345 0.0132115
0.9355 0.0132111
0.9365 0.0132111
0.9375 0.0132111
0.9385 0.0132111
0.9395 0.013211
0.9405 0.0132109
0.9415 0.0132105
0.9425 0.0132084
0.9435 0.0132001
0.9445 0.0131714
0.9455 0.0130842
0.9465 0.0128498
0.9475 0.0122966
0.9485 0.0111541
0.9495 0.00910654
0.9505 0.00623674
0.9515 0.00418915
0.9525 0.0030467
0.9535 0.00249347
0.9545 0.00225911
0.9555 0.00217184
0.9565 0.0021432
0.9575 0.00213492
0.9585 0.00213281
0.9595 0.00213234
0.9605 0.00213224
0.9615 0.00213223
0.9625 0.00213223
0.9635 0.00213223
0.9645 0.00213222
0.9655 0.00213221
0.9665 0.00213213
0.9675 0.00213177
0.9685 0.00213036
0.9695 0.0021255
0.9705 0.00211067
0.9715 0.00207085
0.9725 0.00197685
0.9735 0.00178274
0.9745 0.00143484
0.9755 0.000947237
0.9765 0.000599335
0.9775 0.000405223
0.9785 0.000311225
0.9795 0.000271405
0.9805 0.000256577
0.9815 0.000251712
0.9825 0.000250305
0.9835 0.000249946
0.9845 0.000249866
0.9855 0.00024985
0.9865 0.000249847
0.9875 0.000249847
0.9885 0.000249847
0.9895 0.000249847
0.9905 0.000249845
0.9915 0.000249835
0.9925 0.000249791
0.9935 0.00024962
0.9945 0.000249028
0.9955 0.000247222
0.9965 0.000242375
0.9975 0.000230931
0.9985 0.0002073
0.9995 0.000164946
