
# time = 0.7488
0.0005 0.215938
0.0015 0.207109
0.0025 0.198491
0.0035 0.190085
0.0045 0.181894
0.0055 0.173921
0.0065 0.166166
0.0075 0.158632
0.0085 0.151319
0.0095 0.144227
0.0105 0.137357
0.0115 0.130707
0.0125 0.124278
0.0135 0.118068
0.0145 0.112074
0.0155 0.106297
0.0165 0.100732
0.0175 0.0953783
0.0185 0.0902321
0.0195 0.0852906
0.0205 0.0805502
0.0215 0.0760073
0.0225 0.0716582
0.0235 0.0674986
0.0245 0.0635244
0.0255 0.0597312
0.0265 0.0561144
0.0275 0.0526692
0.0285 0.049391
0.0295 0.0462747
0.0305 0.0433155
0.0315 0.0405083
0.0325 0.0378481
0.0335 0.0353298
0.0345 0.0329483
0.0355 0.0306985
0.0365 0.0285753
0.0375 0.0265738
0.0385 0.0246889
0.0395 0.0229158
0.0405 0.0212495
0.0415 0.0196853
0.0425 0.0182185
0.0435 0.0168445
0.0445 0.0155589
0.0455 0.0143572
0.0465 0.0132351
0.0475 0.0121886
0.0485 0.0112136
0.0495 0.0103061
0.0505 0.00946256
0.0515 0.0086792
0.0525 0.00795255
0.0535 0.00727925
0.0545 0.00665608
0.0555 0.00607995
0.0565 0.0055479
0.0575 0.00505711
0.0585 0.00460489
0.0595 0.00418868
0.0605 0.00380604
0.0615 0.00345467
0.0625 0.00313237
0.0635 0.00283709
0.0645 0.00256685
0.0655 0.00231984
0.0665 0.00209431
0.0675 0.00188862
0.0685 0.00170127
0.0695 0.0015308
0.0705 0.00137588
0.0715 0.00123525
0.0725 0.00110776
0.0735 0.000992299
0.0745 0.000887868
0.0755 0.000793523
0.0765 0.000708393
0.0775 0.000631669
0.0785 0.000562604
0.0795 0.00050051
0.0805 0.000444751
0.0815 0.000394741
0.0825 0.000349943
0.0835 0.000309862
0.0845 0.000274047
0.0855 0.000242082
0.0865 0.00021359
0.0875 0.000188225
0.0885 0.000165671
0.0895 0.000145643
0.0905 0.00012788
0.0915 0.000112146
0.0925 9.82269e-05
0.0935 8.5929e-05
0.0945 7.50774e-05
0.0955 6.55143e-05
0.0965 5.70977e-05
0.0975 4.96998e-05
0.0985 4.32056e-05
0.0995 3.75123e-05
0.1005 3.25276e-05
0.1015 2.81691e-05
0.1025 2.43632e-05
0.1035 2.10442e-05
0.1045 1.81537e-05
0.1055 1.56398e-05
0.1065 1.34563e-05
0.1075 1.15624e-05
0.1085 9.92185e-06
0.1095 8.50275e-06
0.1105 7.27688e-06
0.1115 6.21937e-06
0.1125 5.30836e-06
0.1135 4.52465e-06
0.1145 3.85139e-06
0.1155 3.27381e-06
0.1165 2.77902e-06
0.1175 2.35575e-06
0.1185 1.99417e-06
0.1195 1.68574e-06
0.1205 1.423e-06
0.1215 1.19953e-06
0.1225 1.00971e-06
0.1235 8.48726e-07
0.1245 7.12385e-07
0.1255 5.97087e-07
0.1265 4.99726e-07
0.1275 4.17634e-07
0.1285 3.48518e-07
0.1295 2.90414e-07
0.1305 2.41641e-07
0.1315 2.0076e-07
0.1325 1.66548e-07
0.1335 1.37959e-07
0.1345 1.14106e-07
0.1355 9.42345e-08
0.1365 7.77054e-08
0.1375 6.39778e-08
0.1385 5.25946e-08
0.1395 4.317e-08
0.1405 3.53793e-08
0.1415 2.89495e-08
0.1425 2.36511e-08
0.1435 1.9292e-08
0.1445 1.57114e-08
0.1455 1.27751e-08
0.1465 1.03709e-08
0.1475 8.40563e-09
0.1485 6.80178e-09
0.1495 5.49501e-09
0.1505 4.43206e-09
0.1515 3.56886e-09
0.1525 2.86904e-09
0.1535 2.30262e-09
0.1545 1.84494e-09
0.1555 1.47576e-09
0.1565 1.17846e-09
0.1575 9.39456e-10
0.1585 7.47651e-10
0.1595 5.93986e-10
0.1605 4.71091e-10
0.1615 3.72975e-10
0.1625 2.9478e-10
0.1635 2.32571e-10
0.1645 1.83167e-10
0.1655 1.44002e-10
0.1665 1.1301e-10
0.1675 8.8529e-11
0.1685 6.92264e-11
0.1695 5.40344e-11
0.1705 4.20995e-11
0.1715 3.27407e-11
0.1725 2.54154e-11
0.1735 1.96925e-11
0.1745 1.52298e-11
0.1755 1.17564e-11
0.1765 9.05799e-12
0.1775 6.96572e-12
0.1785 5.34651e-12
0.1795 4.09582e-12
0.1805 3.13164e-12
0.1815 2.38979e-12
0.1825 1.82011e-12
0.1835 1.3835e-12
0.1845 1.04955e-12
0.1855 7.94625e-13
0.1865 6.00414e-13
0.1875 4.52756e-13
0.1885 3.4072e-13
0.1895 2.55884e-13
0.1905 1.91778e-13
0.1915 1.43435e-13
0.1925 1.07056e-13
0.1935 7.97367e-14
0.1945 5.9264e-14
0.1955 4.39546e-14
0.1965 3.25305e-14
0.1975 2.40241e-14
0.1985 1.77037e-14
0.1995 1.30179e-14
0.2005 9.55134e-15
0.2015 6.99252e-15
0.2025 5.10789e-15
0.2035 3.72289e-15
0.2045 2.70736e-15
0.2055 1.9644e-15
0.2065 1.42208e-15
0.2075 1.02714e-15
0.2085 7.40167e-16
0.2095 5.32138e-16
0.2105 3.81685e-16
0.2115 2.73127e-16
0.2125 1.94983e-16
0.2135 1.38865e-16
0.2145 9.86619e-17
0.2155 6.99288e-17
0.2165 4.94432e-17
0.2175 3.48733e-17
0.2185 2.45363e-17
0.2195 1.72206e-17
0.2205 1.20559e-17
0.2215 8.41895e-18
0.2225 5.86429e-18
0.2235 4.0744e-18
0.2245 2.82355e-18
0.2255 1.95165e-18
0.2265 1.34548e-18
0.2275 9.25143e-19
0.2285 6.34443e-19
0.2295 4.33929e-19
0.2305 2.95991e-19
0.2315 2.01355e-19
0.2325 1.36605e-19
0.2335 9.2422e-20
0.2345 6.23569e-20
0.2355 4.1955e-20
0.2365 2.81491e-20
0.2375 1.88329e-20
0.2385 1.25641e-20
0.2395 8.35799e-21
0.2405 5.54389e-21
0.2415 3.66659e-21
0.2425 2.41788e-21
0.2435 1.58973e-21
0.2445 1.04211e-21
0.2455 6.81087e-22
0.2465 4.43787e-22
0.2475 2.88285e-22
0.2485 1.86696e-22
0.2495 1.20531e-22
0.2505 7.75726e-23
0.2515 4.97679e-23
0.2525 3.18282e-23
0.2535 2.02902e-23
0.2545 1.28931e-23
0.2555 8.1662e-24
0.2565 5.15535e-24
0.2575 3.24386e-24
0.2585 2.03432e-24
0.2595 1.27151e-24
0.2605 7.92042e-25
0.2615 4.91695e-25
0.2625 3.04193e-25
0.2635 1.87541e-25
0.2645 1.15219e-25
0.2655 7.05375e-26
0.2665 4.303e-26
0.2675 2.61557e-26
0.2685 1.58413e-26
0.2695 9.55941e-27
0.2705 5.74745e-27
0.2715 3.44277e-27
0.2725 2.05455e-27
0.2735 1.22149e-27
0.2745 7.23449e-28
0.2755 4.26836e-28
0.2765 2.50862e-28
0.2775 1.46863e-28
0.2785 8.56408e-29
0.2795 4.97422e-29
0.2805 2.8776e-29
0.2815 1.65798e-29
0.2825 9.51396e-30
0.2835 5.43698e-30
0.2845 3.09423e-30
0.2855 1.7536e-30
0.2865 9.8964e-31
0.2875 5.56128e-31
0.2885 3.11177e-31
0.2895 1.73364e-31
0.2905 9.61636e-32
0.2915 5.31066e-32
0.2925 2.91981e-32
0.2935 1.59813e-32
0.2945 8.70778e-33
0.2955 4.72308e-33
0.2965 2.55012e-33
0.2975 1.37065e-33
0.2985 7.3347e-34
0.2995 3.90946e-34
0.3005 2.07799e-34
0.3015 1.10492e-34
0.3025 5.9253e-35
0.3035 3.26943e-35
0.3045 1.93995e-35
0.3055 1.33421e-35
0.3065 1.1409e-35
0.3075 1.20733e-35
0.3085 1.46916e-35
0.3095 1.91451e-35
0.3105 2.56677e-35
0.3115 3.47831e-35
0.3125 4.73089e-35
0.3135 6.44089e-35
0.3145 8.7688e-35
0.3155 1.19334e-34
0.3165 1.62317e-34
0.3175 2.20654e-34
0.3185 2.9978e-34
0.3195 4.07037e-34
0.3205 5.52337e-34
0.3215 7.49054e-34
0.3225 1.01522e-33
0.3235 1.37515e-33
0.3245 1.86155e-33
0.3255 2.51849e-33
0.3265 3.40522e-33
0.3275 4.60139e-33
0.3285 6.21402e-33
0.3295 8.38679e-33
0.3305 1.13125e-32
0.3315 1.52497e-32
0.3325 2.05449e-32
0.3335 2.76622e-32
0.3345 3.72228e-32
0.3355 5.00579e-32
0.3365 6.72784e-32
0.3375 9.0369e-32
0.3385 1.21312e-31
0.3395 1.62753e-31
0.3405 2.1822e-31
0.3415 2.92415e-31
0.3425 3.91604e-31
0.3435 5.24126e-31
0.3445 7.01075e-31
0.3455 9.37205e-31
0.3465 1.25212e-30
0.3475 1.67186e-30
0.3485 2.23097e-30
0.3495 2.97528e-30
0.3505 3.96557e-30
0.3515 5.28231e-30
0.3525 7.03209e-30
0.3535 9.35591e-30
0.3545 1.24403e-29
0.3555 1.65316e-29
0.3565 2.19555e-29
0.3575 2.91416e-29
0.3585 3.86567e-29
0.3595 5.12482e-29
0.3605 6.79008e-29
0.3615 8.99111e-29
0.3625 1.18985e-28
0.3635 1.57368e-28
0.3645 2.08009e-28
0.3655 2.74784e-28
0.3665 3.62778e-28
0.3675 4.78669e-28
0.3685 6.31206e-28
0.3695 8.31859e-28
0.3705 1.09565e-27
0.3715 1.44223e-27
0.3725 1.89733e-27
0.3735 2.49456e-27
0.3745 3.27783e-27
0.3755 4.30451e-27
0.3765 5.64941e-27
0.3775 7.41012e-27
0.3785 9.71384e-27
0.3795 1.27262e-26
0.3805 1.6663e-26
0.3815 2.18046e-26
0.3825 2.85159e-26
0.3835 3.72708e-26
0.3845 4.86849e-26
0.3855 6.35571e-26
0.3865 8.29232e-26
0.3875 1.08127e-25
0.3885 1.40907e-25
0.3895 1.83517e-25
0.3905 2.3887e-25
0.3915 3.10737e-25
0.3925 4.03986e-25
0.3935 5.24909e-25
0.3945 6.81625e-25
0.3955 8.84607e-25
0.3965 1.14736e-24
0.3975 1.48728e-24
0.3985 1.92676e-24
0.3995 2.49464e-24
0.4005 3.22799e-24
0.4015 4.17446e-24
0.4025 5.39525e-24
0.4035 6.96895e-24
0.4045 8.99635e-24
0.4055 1.16067e-23
0.4065 1.49657e-23
0.4075 1.92854e-23
0.4085 2.48372e-23
0.4095 3.19684e-23
0.4105 4.11229e-23
0.4115 5.28677e-23
0.4125 6.79267e-23
0.4135 8.72238e-23
0.4145 1.11937e-22
0.4155 1.43567e-22
0.4165 1.84027e-22
0.4175 2.3575e-22
0.4185 3.01832e-22
0.4195 3.86209e-22
0.4205 4.93883e-22
0.4215 6.31204e-22
0.4225 8.0623e-22
0.4235 1.02918e-21
0.4245 1.31301e-21
0.4255 1.67413e-21
0.4265 2.13331e-21
0.4275 2.71683e-21
0.4285 3.45792e-21
0.4295 4.39856e-21
0.4305 5.59178e-21
0.4315 7.10449e-21
0.4325 9.02111e-21
0.4335 1.1448e-20
0.4345 1.45193e-20
0.4355 1.84036e-20
0.4365 2.33133e-20
0.4375 2.95155e-20
0.4385 3.73455e-20
0.4395 4.72248e-20
0.4405 5.96823e-20
0.4415 7.53815e-20
0.4425 9.5154e-20
0.4435 1.20042e-19
0.4445 1.5135e-19
0.4455 1.9071e-19
0.4465 2.40165e-19
0.4475 3.02265e-19
0.4485 3.80199e-19
0.4495 4.77943e-19
0.4505 6.0046e-19
0.4515 7.53937e-19
0.4525 9.46084e-19
0.4535 1.1865e-18
0.4545 1.48712e-18
0.4555 1.86282e-18
0.4565 2.33204e-18
0.4575 2.91772e-18
0.4585 3.64834e-18
0.4595 4.55921e-18
0.4605 5.69411e-18
0.4615 7.10731e-18
0.4625 8.86598e-18
0.4635 1.10533e-17
0.4645 1.3772e-17
0.4655 1.71493e-17
0.4665 2.13421e-17
0.4675 2.65442e-17
0.4685 3.29948e-17
0.4695 4.09885e-17
0.4705 5.08887e-17
0.4715 6.31427e-17
0.4725 7.83008e-17
0.4735 9.704e-17
0.4745 1.20192e-16
0.4755 1.4878e-16
0.4765 1.84058e-16
0.4775 2.27566e-16
0.4785 2.8119e-16
0.4795 3.47243e-16
0.4805 4.28557e-16
0.4815 5.28598e-16
0.4825 6.51602e-16
0.4835 8.02752e-16
0.4845 9.88373e-16
0.4855 1.21619e-15
0.4865 1.49562e-15
0.4875 1.83817e-15
0.4885 2.25781e-15
0.4895 2.7716e-15
0.4905 3.40027e-15
0.4915 4.16905e-15
0.4925 5.10859e-15
0.4935 6.25613e-15
0.4945 7.65685e-15
0.4955 9.36557e-15
0.4965 1.14488e-14
0.4975 1.39869e-14
0.4985 1.70776e-14
0.4995 2.08386e-14
0.5005 2.54127e-14
0.5015 3.09723e-14
0.5025 3.77255e-14
0.5035 4.59235e-14
0.5045 5.58695e-14
0.5055 6.79287e-14
0.5065 8.25411e-14
0.5075 1.00237e-13
0.5085 1.21653e-13
0.5095 1.47555e-13
0.5105 1.78865e-13
0.5115 2.16689e-13
0.5125 2.62352e-13
0.5135 3.17446e-13
0.5145 3.83879e-13
0.5155 4.63934e-13
0.5165 5.60346e-13
0.5175 6.76384e-13
0.5185 8.15959e-13
0.5195 9.8374e-13
0.5205 1.1853e-12
0.5215 1.4273e-12
0.5225 1.71767e-12
0.5235 2.06586e-12
0.5245 2.48312e-12
0.5255 2.98285e-12
0.5265 3.58097e-12
0.5275 4.29643e-12
0.5285 5.15169e-12
0.5295 6.17346e-12
0.5305 7.39339e-12
0.5315 8.849e-12
0.5325 1.05847e-11
0.5335 1.26533e-11
0.5345 1.51168e-11
0.5355 1.80489e-11
0.5365 2.15367e-11
0.5375 2.56828e-11
0.5385 3.06083e-11
0.5395 3.64562e-11
0.5405 4.33948e-11
0.5415 5.16225e-11
0.5425 6.13726e-11
0.5435 7.29195e-11
0.5445 8.65859e-11
0.5455 1.02751e-10
0.5465 1.21858e-10
0.5475 1.44431e-10
0.5485 1.71079e-10
0.5495 2.0252e-10
0.5505 2.39592e-10
0.5515 2.83275e-10
0.5525 3.34718e-10
0.5535 3.95258e-10
0.5545 4.66461e-10
0.5555 5.50151e-10
0.5565 6.48457e-10
0.5575 7.63857e-10
0.5585 8.99238e-10
0.5595 1.05796e-09
0.5605 1.24393e-09
0.5615 1.46168e-09
0.5625 1.71648e-09
0.5635 2.01446e-09
0.5645 2.3627e-09
0.5655 2.76942e-09
0.5665 3.24414e-09
0.5675 3.79788e-09
0.5685 4.44337e-09
0.5695 5.19533e-09
0.5705 6.07078e-09
0.5715 7.08933e-09
0.5725 8.2736e-09
0.5735 9.6497e-09
0.5745 1.12477e-08
0.5755 1.3102e-08
0.5765 1.52526e-08
0.5775 1.77451e-08
0.5785 2.0632e-08
0.5795 2.39735e-08
0.5805 2.78388e-08
0.5815 3.2307e-08
0.5825 3.74689e-08
0.5835 4.34282e-08
0.5845 5.03037e-08
0.5855 5.82312e-08
0.5865 6.73656e-08
0.5875 7.78838e-08
0.5885 8.99876e-08
0.5895 1.03907e-07
0.5905 1.19904e-07
0.5915 1.38276e-07
0.5925 1.59362e-07
0.5935 1.83548e-07
0.5945 2.11271e-07
0.5955 2.43028e-07
0.5965 2.7938e-07
0.5975 3.20967e-07
0.5985 3.68511e-07
0.5995 4.22829e-07
0.6005 4.84844e-07
0.6015 5.55602e-07
0.6025 6.36282e-07
0.6035 7.28214e-07
0.6045 8.32897e-07
0.6055 9.52022e-07
0.6065 1.08749e-06
0.6075 1.24144e-06
0.6085 1.41629e-06
0.6095 1.61472e-06
0.6105 1.83978e-06
0.6115 2.09486e-06
0.6125 2.38379e-06
0.6135 2.71082e-06
0.6145 3.08075e-06
0.6155 3.49891e-06
0.6165 3.97127e-06
0.6175 4.5045e-06
0.6185 5.10605e-06
0.6195 5.7842e-06
0.6205 6.5482e-06
0.6215 7.40833e-06
0.6225 8.37603e-06
0.6235 9.46403e-06
0.6245 1.06864e-05
0.6255 1.20589e-05
0.6265 1.35989e-05
0.6275 1.53256e-05
0.6285 1.72603e-05
0.6295 1.94267e-05
0.6305 2.18508e-05
0.6315 2.45615e-05
0.6325 2.75904e-05
0.6335 3.09727e-05
0.6345 3.47471e-05
0.6355 3.89559e-05
0.6365 4.36462e-05
0.6375 4.88692e-05
0.6385 5.46816e-05
0.6395 6.11453e-05
0.6405 6.83283e-05
0.6415 7.63052e-05
0.6425 8.51577e-05
0.6435 9.49749e-05
0.6445 0.000105854
0.6455 0.000117903
0.6465 0.000131236
0.6475 0.000145982
0.6485 0.000162277
0.6495 0.000180273
0.6505 0.000200133
0.6515 0.000222035
0.6525 0.00024617
0.6535 0.00027275
0.6545 0.000302
0.6555 0.000334166
0.6565 0.000369514
0.6575 0.00040833
0.6585 0.000450926
0.6595 0.000497636
0.6605 0.000548821
0.6615 0.000604869
0.6625 0.000666199
0.6635 0.000733261
0.6645 0.000806538
0.6655 0.000886548
0.6665 0.000973848
0.6675 0.00106903
0.6685 0.00117274
0.6695 0.00128565
0.6705 0.0014085
0.6715 0.00154206
0.6725 0.00168715
0.6735 0.00184466
0.6745 0.00201554
0.6755 0.00220077
0.6765 0.00240143
0.6775 0.00261862
0.6785 0.00285356
0.6795 0.00310749
0.6805 0.00338175
0.6815 0.00367776
0.6825 0.003997
0.6835 0.00434104
0.6845 0.00471154
0.6855 0.00511023
0.6865 0.00553894
0.6875 0.0059996
0.6885 0.00649421
0.6895 0.00702488
0.6905 0.00759382
0.6915 0.00820333
0.6925 0.00885582
0.6935 0.00955378
0.6945 0.0102998
0.6955 0.0110967
0.6965 0.0119472
0.6975 0.0128542
0.6985 0.0138208
0.6995 0.0148502
0.7005 0.0159454
0.7015 0.01711
0.7025 0.0183473
0.7035 0.0196609
0.7045 0.0210543
0.7055 0.0225314
0.7065 0.024096
0.7075 0.0257519
0.7085 0.0275032
0.7095 0.0293539
0.7105 0.0313081
0.7115 0.0333701
0.7125 0.0355441
0.7135 0.0378344
0.7145 0.0402453
0.7155 0.0427812
0.7165 0.0454466
0.7175 0.0482458
0.7185 0.0511833
0.7195 0.0542635
0.7205 0.0574907
0.7215 0.0608693
0.7225 0.0644036
0.7235 0.0680979
0.7245 0.0719564
0.7255 0.0759831
0.7265 0.0801821
0.7275 0.0845571
0.7285 0.0891121
0.7295 0.0938505
0.7305 0.0987758
0.7315 0.103891
0.7325 0.1092
0.7335 0.114705
0.7345 0.120408
0.7355 0.126313
0.7365 0.13242
0.7375 0.138733
0.7385 0.145253
0.7395 0.15198
0.7405 0.158916
0.7415 0.166062
0.7425 0.173417
0.7435 0.180982
0.7445 0.188756
0.7455 0.196739
0.7465 0.204929
0.7475 0.213324
0.7485 0.221923
0.7495 0.230723
0.7505 0.239721
0.7515 0.248914
0.7525 0.258299
0.7535 0.267871
0.7545 0.277626
0.7555 0.287559
0.7565 0.297665
0.7575 0.307937
0.7585 0.31837
0.7595 0.328958
0.7605 0.339692
0.7615 0.350567
0.7625 0.361574
0.7635 0.372706
0.7645 0.383953
0.7655 0.395308
0.7665 0.406762
0.7675 0.418305
0.7685 0.429928
0.7695 0.441622
0.7705 0.453376
0.7715 0.46518
0.7725 0.477024
0.7735 0.488899
0.7745 0.500792
0.7755 0.512695
0.7765 0.524596
0.7775 0.536485
0.7785 0.54835
0.7795 0.560183
0.7805 0.571971
0.7815 0.583706
0.7825 0.595376
0.7835 0.606971
0.7845 0.618481
0.7855 0.629898
0.7865 0.64121
0.7875 0.652409
0.7885 0.663486
0.7895 0.674432
0.7905 0.685239
0.7915 0.695899
0.7925 0.706403
0.7935 0.716745
0.7945 0.726918
0.7955 0.736915
0.7965 0.74673
0.7975 0.756357
0.7985 0.765791
0.7995 0.775028
0.8005 0.784062
0.8015 0.79289
0.8025 0.801509
0.8035 0.809914
0.8045 0.818105
0.8055 0.826078
0.8065 0.833833
0.8075 0.841367
0.8085 0.84868
0.8095 0.855771
0.8105 0.862641
0.8115 0.869291
0.8125 0.87572
0.8135 0.88193
0.8145 0.887922
0.8155 0.8937
0.8165 0.899264
0.8175 0.904617
0.8185 0.909763
0.8195 0.914704
0.8205 0.919443
0.8215 0.923985
0.8225 0.928333
0.8235 0.932492
0.8245 0.936465
0.8255 0.940257
0.8265 0.943872
0.8275 0.947315
0.8285 0.950592
0.8295 0.953706
0.8305 0.956663
0.8315 0.959467
0.8325 0.962124
0.8335 0.964639
0.8345 0.967017
0.8355 0.969263
0.8365 0.971381
0.8375 0.973377
0.8385 0.975256
0.8395 0.977023
0.8405 0.978682
0.8415 0.980238
0.8425 0.981696
0.8435 0.98306
0.8445 0.984335
0.8455 0.985525
0.8465 0.986634
0.8475 0.987665
0.8485 0.988624
0.8495 0.989514
0.8505 0.990337
0.8515 0.991099
0.8525 0.991801
0.8535 0.992448
0.8545 0.993042
0.8555 0.993586
0.8565 0.994083
0.8575 0.994535
0.8585 0.994944
0.8595 0.995314
0.8605 0.995645
0.8615 0.99594
0.8625 0.996201
0.8635 0.99643
0.8645 0.996627
0.8655 0.996794
0.8665 0.996932
0.8675 0.997042
0.8685 0.997126
0.8695 0.997184
0.8705 0.997216
0.8715 0.997223
0.8725 0.997205
0.8735 0.997163
0.8745 0.997097
0.8755 0.997006
0.8765 0.99689
0.8775 0.99675
0.8785 0.996584
0.8795 0.996392
0.8805 0.996173
0.8815 0.995928
0.8825 0.995653
0.8835 0.995349
0.8845 0.995014
0.8855 0.994648
0.8865 0.994247
0.8875 0.993812
0.8885 0.99334
0.8895 0.992829
0.8905 0.992278
0.8915 0.991685
0.8925 0.991046
0.8935 0.99036
0.8945 0.989625
0.8955 0.988838
0.8965 0.987996
0.8975 0.987096
0.8985 0.986136
0.8995 0.985112
0.9005 0.984022
0.9015 0.982862
0.9025 0.981628
0.9035 0.980318
0.9045 0.978928
0.9055 0.977453
0.9065 0.975891
0.9075 0.974237
0.9085 0.972487
0.9095 0.970638
0.9105 0.968685
0.9115 0.966624
0.9125 0.964451
0.9135 0.962161
0.9145 0.959751
0.9155 0.957215
0.9165 0.954551
0.9175 0.951752
0.9185 0.948815
0.9195 0.945735
0.9205 0.942508
0.9215 0.93913
0.9225 0.935595
0.9235 0.931901
0.9245 0.928043
0.9255 0.924016
0.9265 0.919817
0.9275 0.915442
0.9285 0.910888
0.9295 0.906149
0.9305 0.901224
0.9315 0.896109
0.9325 0.8908
0.9335 0.885295
0.9345 0.879592
0.9355 0.873687
0.9365 0.86758
0.9375 0.861267
0.9385 0.854747
0.9395 0.84802
0.9405 0.841084
0.9415 0.833938
0.9425 0.826583
0.9435 0.819018
0.9445 0.811244
0.9455 0.803261
0.9465 0.795071
0.9475 0.786676
0.9485 0.778077
0.9495 0.769277
0.9505 0.760279
0.9515 0.751086
0.9525 0.741701
0.9535 0.732129
0.9545 0.722374
0.9555 0.712441
0.9565 0.702335
0.9575 0.692063
0.9585 0.68163
0.9595 0.671042
0.9605 0.660308
0.9615 0.649433
0.9625 0.638426
0.9635 0.627294
0.9645 0.616047
0.9655 0.604692
0.9665 0.593238
0.9675 0.581695
0.9685 0.570072
0.9695 0.558378
0.9705 0.546624
0.9715 0.53482
0.9725 0.522976
0.9735 0.511101
0.9745 0.499208
0.9755 0.487305
0.9765 0.475404
0.9775 0.463515
0.9785 0.45165
0.9795 0.439817
0.9805 0.428028
0.9815 0.416294
0.9825 0.404624
0.9835 0.393029
0.9845 0.381519
0.9855 0.370102
0.9865 0.35879
0.9875 0.347591
0.9885 0.336514
0.9895 0.325568
0.9905 0.314761
0.9915 0.304101
0.9925 0.293597
0.9935 0.283255
0.9945 0.273082
0.9955 0.263085
0.9965 0.25327
0.9975 0.243643
0.9985 0.234208
0.9995 0.224972
