
# time = 0.25
0.0005 0
0.0015 0
0.0025 0
0.0035 0
0.0045 0
0.0055 0
0.0065 0
0.0075 0
0.0085 0
0.0095 0
0.0105 0
0.0115 0
0.0125 0
0.0135 0
0.0145 0
0.0155 0
0.0165 0
0.0175 0
0.0185 0
0.0195 0
0.0205 0
0.0215 0
0.0225 0
0.0235 0
0.0245 0
0.0255 0
0.0265 0
0.0275 0
0.0285 0
0.0295 0
0.0305 0
0.0315 0
0.0325 0
0.0335 0
0.0345 0
0.0355 0
0.0365 0
0.0375 0
0.0385 0
0.0395 0
0.0405 0
0.0415 0
0.0425 0
0.0435 0
0.0445 0
0.0455 0
0.0465 0
0.0475 0
0.0485 0
0.0495 0
0.0505 0
0.0515 0
0.0525 0
0.0535 0
0.0545 0
0.0555 0
0.0565 0
0.0575 0
0.0585 0
0.0595 0
0.0605 0
0.0615 0
0.0625 0
0.0635 0
0.0645 0
0.0655 0
0.0665 0
0.0675 0
0.0685 0
0.0695 0
0.0705 0
0.0715 0
0.0725 0
0.0735 0
0.0745 0
0.0755 0
0.0765 0
0.0775 0
0.0785 0
0.0795 0
0.0805 0
0.0815 0
0.0825 0
0.0835 0
0.0845 0
0.0855 0
0.0865 0
0.0875 0
0.0885 0
0.0895 0
0.0905 0
0.0915 0
0.0925 0
0.0935 0
0.0945 0
0.0955 0
0.0965 0
0.0975 0
0.0985 0
0.0995 0
0.1005 0
0.1015 0
0.1025 0
0.1035 0
0.1045 0
0.1055 0
0.1065 0
0.1075 0
0.1085 0
0.1095 0
0.1105 0
0.1115 0
0.1125 0
0.1135 0
0.1145 0
0.1155 0
0.1165 0
0.1175 0
0.1185 0
0.1195 0
0.1205 0
0.1215 0
0.1225 0
0.1235 0
0.1245 0
0.1255 0
0.1265 0
0.1275 0
0.1285 0
0.1295 0
0.1305 0
0.1315 0
0.1325 0
0.1335 0
0.1345 0
0.1355 0
0.1365 0
0.1375 0
0.1385 0
0.1395 0
0.1405 3.20104e-19
0.1415 1.31598e-17
0.1425 2.55731e-16
0.1435 3.12094e-15
0.1445 2.68008e-14
0.1455 1.71945e-13
0.1465 8.53912e-13
0.1475 3.35553e-12
0.1485 1.05742e-11
0.1495 2.69199e-11
0.1505 5.24629e-11
0.1515 6.88086e-11
0.1525 7.60273e-11
0.1535 7.85289e-11
0.1545 7.92109e-11
0.1555 7.9356e-11
0.1565 7.93797e-11
0.1575 7.93826e-11
0.1585 7.93828e-11
0.1595 7.93828e-11
0.1605 7.93828e-11
0.1615 7.93828e-11
0.1625 7.93828e-11
0.1635 7.93828e-11
0.1645 7.93828e-11
0.1655 7.93829e-11
0.1665 7.93843e-11
0.1675 7.94123e-11
0.1685 7.97424e-11
0.1695 8.24709e-11
0.1705 9.91951e-11
0.1715 1.77775e-10
0.1725 4.66023e-10
0.1735 1.29779e-09
0.1745 3.18123e-09
0.1755 6.12442e-09
0.1765 8.00785e-09
0.1775 8.83962e-09
0.1785 9.12787e-09
0.1795 9.20645e-09
0.1805 9.22317e-09
0.1815 9.2259e-09
0.1825 9.22623e-09
0.1835 9.22626e-09
0.1845 9.22626e-09
0.1855 9.22626e-09
0.1865 9.22626e-09
0.1875 9.22626e-09
0.1885 9.22626e-09
0.1895 9.22626e-09
0.1905 9.22626e-09
0.1915 9.22633e-09
0.1925 9.22763e-09
0.1935 9.24289e-09
0.1945 9.36909e-09
0.1955 1.01426e-08
0.1965 1.37769e-08
0.1975 2.71085e-08
0.1985 6.55782e-08
0.1995 1.52688e-07
0.2005 2.88812e-07
0.2015 3.75921e-07
0.2025 4.14391e-07
0.2035 4.27722e-07
0.2045 4.31357e-07
0.2055 4.3213e-07
0.2065 4.32256e-07
0.2075 4.32272e-07
0.2085 4.32273e-07
0.2095 4.32273e-07
0.2105 4.32273e-07
0.2115 4.32273e-07
0.2125 4.32273e-07
0.2135 4.32273e-07
0.2145 4.32273e-07
0.2155 4.32273e-07
0.2165 4.32275e-07
0.2175 4.32305e-07
0.2185 4.32664e-07
0.2195 4.35629e-07
0.2205 4.53802e-07
0.2215 5.39192e-07
0.2225 8.52422e-07
0.2235 1.75628e-06
0.2245 3.80294e-06
0.2255 7.00121e-06
0.2265 9.04787e-06
0.2275 9.95173e-06
0.2285 1.0265e-05
0.2295 1.03503e-05
0.2305 1.03685e-05
0.2315 1.03715e-05
0.2325 1.03718e-05
0.2335 1.03719e-05
0.2345 1.03719e-05
0.2355 1.03719e-05
0.2365 1.03719e-05
0.2375 1.03719e-05
0.2385 1.03719e-05
0.2395 1.03719e-05
0.2405 1.03719e-05
0.2415 1.03719e-05
0.2425 1.03723e-05
0.2435 1.03767e-05
0.2445 1.04132e-05
0.2455 1.06367e-05
0.2465 1.16872e-05
0.2475 1.55406e-05
0.2485 2.666e-05
0.2495 5.18384e-05
0.2505 9.11839e-05
0.2515 0.000116362
0.2525 0.000127482
0.2535 0.000131335
0.2545 0.000132386
0.2555 0.000132609
0.2565 0.000132646
0.2575 0.00013265
0.2585 0.00013265
0.2595 0.00013265
0.2605 0.00013265
0.2615 0.00013265
0.2625 0.00013265
0.2635 0.00013265
0.2645 0.00013265
0.2655 0.00013265
0.2665 0.000132651
0.2675 0.000132653
0.2685 0.000132678
0.2695 0.000132886
0.2705 0.000134161
0.2715 0.000140152
0.2725 0.00016213
0.2735 0.00022555
0.2745 0.000369156
0.2755 0.000593565
0.2765 0.000737171
0.2775 0.000800591
0.2785 0.000822569
0.2795 0.00082856
0.2805 0.000829836
0.2815 0.000830044
0.2825 0.000830069
0.2835 0.000830071
0.2845 0.000830071
0.2855 0.000830071
0.2865 0.000830071
0.2875 0.000830071
0.2885 0.000830071
0.2895 0.000830071
0.2905 0.000830071
0.2915 0.000830071
0.2925 0.000830074
0.2935 0.000830104
0.2945 0.000830356
0.2955 0.000831901
0.2965 0.00083916
0.2975 0.000865785
0.2985 0.000942616
0.2995 0.00111659
0.3005 0.00138845
0.3015 0.00156243
0.3025 0.00163926
0.3035 0.00166588
0.3045 0.00167314
0.3055 0.00167469
0.3065 0.00167494
0.3075 0.00167497
0.3085 0.00167497
0.3095 0.00167497
0.3105 0.00167497
0.3115 0.00167497
0.3125 0.00167497
0.3135 0.00167497
0.3145 0.00167497
0.3155 0.00167497
0.3165 0.00167497
0.3175 0.00167496
0.3185 0.00167481
0.3195 0.0016736
0.3205 0.00166616
0.3215 0.00163122
0.3225 0.00150306
0.3235 0.00113323
0.3245 0.000295792
0.3255 -0.00101285
0.3265 -0.00185028
0.3275 -0.00222011
0.3285 -0.00234828
0.3295 -0.00238322
0.3305 -0.00239065
0.3315 -0.00239187
0.3325 -0.00239201
0.3335 -0.00239203
0.3345 -0.00239203
0.3355 -0.00239203
0.3365 -0.00239203
0.3375 -0.00239203
0.3385 -0.00239203
0.3395 -0.00239203
0.3405 -0.00239203
0.3415 -0.00239203
0.3425 -0.00239202
0.3435 -0.00239193
0.3445 -0.00239121
0.3455 -0.00238681
0.3465 -0.00236613
0.3475 -0.00229027
0.3485 -0.00207138
0.3495 -0.00157571
0.3505 -0.000801142
0.3515 -0.000305475
0.3525 -8.65762e-05
0.3535 -1.07173e-05
0.3545 9.96269e-06
0.3555 1.4364e-05
0.3565 1.50821e-05
0.3575 1.5169e-05
0.3585 1.51763e-05
0.3595 1.51767e-05
0.3605 1.51767e-05
0.3615 1.51767e-05
0.3625 1.51767e-05
0.3635 1.51767e-05
0.3645 1.51767e-05
0.3655 1.51768e-05
0.3665 1.51775e-05
0.3675 1.51916e-05
0.3685 1.53575e-05
0.3695 1.67291e-05
0.3705 2.51361e-05
0.3715 6.46372e-05
0.3725 0.000209536
0.3735 0.000627657
0.3745 0.00157444
0.3755 0.00305394
0.3765 0.00400072
0.3775 0.00441884
0.3785 0.00456374
0.3795 0.00460324
0.3805 0.00461165
0.3815 0.00461302
0.3825 0.00461319
0.3835 0.0046132
0.3845 0.0046132
0.3855 0.0046132
0.3865 0.0046132
0.3875 0.0046132
0.3885 0.0046132
0.3895 0.0046132
0.3905 0.0046132
0.3915 0.0046132
0.3925 0.00461315
0.3935 0.00461263
0.3945 0.00460827
0.3955 0.00458154
0.3965 0.00445599
0.3975 0.00399541
0.3985 0.00266637
0.3995 -0.000343057
0.4005 -0.00504581
0.4015 -0.00805524
0.4025 -0.00938428
0.4035 -0.00984485
0.4045 -0.00997041
0.4055 -0.00999714
0.4065 -0.0100015
0.4075 -0.010002
0.4085 -0.0100021
0.4095 -0.0100021
0.4105 -0.0100021
0.4115 -0.0100021
0.4125 -0.0100021
0.4135 -0.0100021
0.4145 -0.0100021
0.4155 -0.0100021
0.4165 -0.0100021
0.4175 -0.010002
0.4185 -0.0100014
0.4195 -0.00999622
0.4205 -0.00996456
0.4215 -0.0098158
0.4225 -0.00927011
0.4235 -0.00769546
0.4245 -0.00412988
0.4255 0.00144195
0.4265 0.00500753
0.4275 0.00658218
0.4285 0.00712787
0.4295 0.00727663
0.4305 0.00730829
0.4315 0.00731346
0.4325 0.00731409
0.4335 0.00731414
0.4345 0.00731414
0.4355 0.00731414
0.4365 0.00731414
0.4375 0.00731414
0.4385 0.00731414
0.4395 0.00731414
0.4405 0.00731414
0.4415 0.00731415
0.4425 0.00731425
0.4435 0.00731548
0.4445 0.00732564
0.4455 0.00738791
0.4465 0.0076805
0.4475 0.00875377
0.4485 0.0118508
0.4495 0.0188637
0.4505 0.0298224
0.4515 0.0368353
0.4525 0.0399323
0.4535 0.0410056
0.4545 0.0412982
0.4555 0.0413604
0.4565 0.0413706
0.4575 0.0413718
0.4585 0.0413719
0.4595 0.0413719
0.4605 0.0413719
0.4615 0.0413719
0.4625 0.0413719
0.4635 0.0413719
0.4645 0.0413719
0.4655 0.0413719
0.4665 0.0413719
0.4675 0.0413712
0.4685 0.0413634
0.4695 0.0412982
0.4705 0.0408991
0.4715 0.0390237
0.4725 0.0321444
0.4735 0.0122933
0.4745 -0.0326569
0.4755 -0.102899
0.4765 -0.14785
0.4775 -0.167701
0.4785 -0.17458
0.4795 -0.176455
0.4805 -0.176855
0.4815 -0.17692
0.4825 -0.176928
0.4835 -0.176928
0.4845 -0.176928
0.4855 -0.176928
0.4865 -0.176928
0.4875 -0.176928
0.4885 -0.176928
0.4895 -0.176928
0.4905 -0.176928
0.4915 -0.176928
0.4925 -0.176928
0.4935 -0.176922
0.4945 -0.176871
0.4955 -0.176561
0.4965 -0.175105
0.4975 -0.169763
0.4985 -0.15435
0.4995 -0.119449
0.5005 -0.0649089
0.5015 -0.0300074
0.5025 -0.014594
0.5035 -0.00925252
0.5045 -0.00779638
0.5055 -0.00748646
0.5065 -0.0074359
0.5075 -0.00742979
0.5085 -0.00742927
0.5095 -0.00742924
0.5105 -0.00742924
0.5115 -0.00742924
0.5125 -0.00742924
0.5135 -0.00742924
0.5145 -0.00742924
0.5155 -0.00742924
0.5165 -0.00742915
0.5175 -0.00742752
0.5185 -0.00740825
0.5195 -0.00724898
0.5205 -0.00627279
0.5215 -0.00168606
0.5225 0.0151391
0.5235 0.0636899
0.5245 0.173627
0.5255 0.345422
0.5265 0.455359
0.5275 0.50391
0.5285 0.520735
0.5295 0.525322
0.5305 0.526298
0.5315 0.526457
0.5325 0.526476
0.5335 0.526478
0.5345 0.526478
0.5355 0.526478
0.5365 0.526478
0.5375 0.526478
0.5385 0.526478
0.5395 0.526478
0.5405 0.526478
0.5415 0.526478
0.5425 0.526479
0.5435 0.526492
0.5445 0.526595
0.5455 0.527231
0.5465 0.530218
0.5475 0.541173
0.5485 0.572786
0.5495 0.644369
0.5505 0.75623
0.5515 0.827813
0.5525 0.859426
0.5535 0.870381
0.5545 0.873368
0.5555 0.874004
0.5565 0.874107
0.5575 0.87412
0.5585 0.874121
0.5595 0.874121
0.5605 0.874121
0.5615 0.874121
0.5625 0.874121
0.5635 0.874121
0.5645 0.874121
0.5655 0.874121
0.5665 0.874121
0.5675 0.874121
0.5685 0.874125
0.5695 0.874156
0.5705 0.874343
0.5715 0.875225
0.5725 0.878459
0.5735 0.887791
0.5745 0.908922
0.5755 0.941943
0.5765 0.963074
0.5775 0.972406
0.5785 0.97564
0.5795 0.976522
0.5805 0.976709
0.5815 0.97674
0.5825 0.976744
0.5835 0.976744
0.5845 0.976744
0.5855 0.976744
0.5865 0.976744
0.5875 0.976744
0.5885 0.976744
0.5895 0.976744
0.5905 0.976744
0.5915 0.976744
0.5925 0.976744
0.5935 0.976745
0.5945 0.976755
0.5955 0.976813
0.5965 0.977086
0.5975 0.978089
0.5985 0.980981
0.5995 0.987531
0.6005 0.997767
0.6015 1.00432
0.6025 1.00721
0.6035 1.00821
0.6045 1.00849
0.6055 1.00854
0.6065 1.00855
0.6075 1.00855
0.6085 1.00855
0.6095 1.00855
0.6105 1.00855
0.6115 1.00855
0.6125 1.00855
0.6135 1.00855
0.6145 1.00855
0.6155 1.00855
0.6165 1.00855
0.6175 1.00855
0.6185 1.00855
0.6195 1.00855
0.6205 1.00852
0.6215 1.00838
0.6225 1.00788
0.6235 1.00643
0.6245 1.00315
0.6255 0.99803
0.6265 0.994751
0.6275 0.993303
0.6285 0.992801
0.6295 0.992664
0.6305 0.992635
0.6315 0.99263
0.6325 0.99263
0.6335 0.99263
0.6345 0.99263
0.6355 0.99263
0.6365 0.99263
0.6375 0.99263
0.6385 0.99263
0.6395 0.99263
0.6405 0.99263
0.6415 0.99263
0.6425 0.99263
0.6435 0.992628
0.6445 0.992618
0.6455 0.992556
0.6465 0.992262
0.6475 0.991187
0.6485 0.988083
0.6495 0.981054
0.6505 0.970071
0.6515 0.963042
0.6525 0.959938
0.6535 0.958863
0.6545 0.958569
0.6555 0.958507
0.6565 0.958497
0.6575 0.958496
0.6585 0.958495
0.6595 0.958495
0.6605 0.958495
0.6615 0.958495
0.6625 0.958495
0.6635 0.958495
0.6645 0.958495
0.6655 0.958495
0.6665 0.958495
0.6675 0.958496
0.6685 0.958504
0.6695 0.958569
0.6705 0.958967
0.6715 0.960836
0.6725 0.967694
0.6735 0.987481
0.6745 1.03229
0.6755 1.10231
0.6765 1.14711
0.6775 1.1669
0.6785 1.17376
0.6795 1.17563
0.6805 1.17602
0.6815 1.17609
0.6825 1.1761
0.6835 1.1761
0.6845 1.1761
0.6855 1.1761
0.6865 1.1761
0.6875 1.1761
0.6885 1.1761
0.6895 1.1761
0.6905 1.1761
0.6915 1.1761
0.6925 1.1761
0.6935 1.17609
0.6945 1.17604
0.6955 1.17573
0.6965 1.17427
0.6975 1.1689
0.6985 1.15341
0.6995 1.11833
0.7005 1.06352
0.7015 1.02844
0.7025 1.01295
0.7035 1.00759
0.7045 1.00612
0.7055 1.00581
0.7065 1.00576
0.7075 1.00575
0.7085 1.00575
0.7095 1.00575
0.7105 1.00575
0.7115 1.00575
0.7125 1.00575
0.7135 1.00575
0.7145 1.00575
0.7155 1.00575
0.7165 1.00575
0.7175 1.00575
0.7185 1.00573
0.7195 1.00558
0.7205 1.00461
0.7215 1.00005
0.7225 0.983358
0.7235 0.935177
0.7245 0.826077
0.7255 0.655591
0.7265 0.546491
0.7275 0.49831
0.7285 0.481613
0.7295 0.477062
0.7305 0.476093
0.7315 0.475935
0.7325 0.475916
0.7335 0.475914
0.7345 0.475914
0.7355 0.475914
0.7365 0.475914
0.7375 0.475914
0.7385 0.475914
0.7395 0.475914
0.7405 0.475914
0.7415 0.475914
0.7425 0.475913
0.7435 0.4759
0.7445 0.475796
0.7455 0.475156
0.7465 0.472149
0.7475 0.461117
0.7485 0.429286
0.7495 0.357207
0.7505 0.244571
0.7515 0.172492
0.7525 0.14066
0.7535 0.129629
0.7545 0.126622
0.7555 0.125982
0.7565 0.125878
0.7575 0.125865
0.7585 0.125864
0.7595 0.125864
0.7605 0.125864
0.7615 0.125864
0.7625 0.125864
0.7635 0.125864
0.7645 0.125864
0.7655 0.125864
0.7665 0.125864
0.7675 0.125863
0.7685 0.12586
0.7695 0.125828
0.7705 0.125632
0.7715 0.12471
0.7725 0.121332
0.7735 0.111581
0.7745 0.0895036
0.7755 0.0550031
0.7765 0.0329252
0.7775 0.0231751
0.7785 0.0197962
0.7795 0.0188751
0.7805 0.0186791
0.7815 0.0186471
0.7825 0.0186432
0.7835 0.0186429
0.7845 0.0186429
0.7855 0.0186429
0.7865 0.0186429
0.7875 0.0186429
0.7885 0.0186429
0.7895 0.0186429
0.7905 0.0186429
0.7915 0.0186429
0.7925 0.0186428
0.7935 0.0186422
0.7945 0.0186371
0.7955 0.0186056
0.7965 0.0184579
0.7975 0.017916
0.7985 0.0163523
0.7995 0.0128114
0.8005 0.00727827
0.8015 0.00373743
0.8025 0.00217371
0.8035 0.00163181
0.8045 0.00148408
0.8055 0.00145264
0.8065 0.00144751
0.8075 0.00144689
0.8085 0.00144684
0.8095 0.00144683
0.8105 0.00144683
0.8115 0.00144683
0.8125 0.00144683
0.8135 0.00144683
0.8145 0.00144683
0.8155 0.00144683
0.8165 0.00144683
0.8175 0.00144683
0.8185 0.00144678
0.8195 0.00144636
0.8205 0.0014438
0.8215 0.00143176
0.8225 0.00138761
0.8235 0.00126021
0.8245 0.000971728
0.8255 0.000520923
0.8265 0.00023244
0.8275 0.000105038
0.8285 6.08876e-05
0.8295 4.88517e-05
0.8305 4.629e-05
0.8315 4.58721e-05
0.8325 4.58215e-05
0.8335 4.58173e-05
0.8345 4.5817e-05
0.8355 4.5817e-05
0.8365 4.5817e-05
0.8375 4.5817e-05
0.8385 4.5817e-05
0.8395 4.5817e-05
0.8405 4.5817e-05
0.8415 4.5817e-05
0.8425 4.58169e-05
0.8435 4.58152e-05
0.8445 4.58016e-05
0.8455 4.57178e-05
0.8465 4.53242e-05
0.8475 4.38803e-05
0.8485 3.9714e-05
0.8495 3.02798e-05
0.8505 1.55372e-05
0.8515 6.10306e-06
0.8525 1.93669e-06
0.8535 4.92849e-07
0.8545 9.92405e-08
0.8555 1.54685e-08
0.8565 1.8013e-09
0.8575 1.47599e-10
0.8585 7.59539e-12
0.8595 1.84753e-13
0.8605 0
0.8615 0
0.8625 0
0.8635 0
0.8645 0
0.8655 0
0.8665 0
0.8675 0
0.8685 0
0.8695 0
0.8705 0
0.8715 0
0.8725 0
0.8735 0
0.8745 0
0.8755 0
0.8765 0
0.8775 0
0.8785 0
0.8795 0
0.8805 0
0.8815 0
0.8825 0
0.8835 0
0.8845 0
0.8855 0
0.8865 0
0.8875 0
0.8885 0
0.8895 0
0.8905 0
0.8915 0
0.8925 0
0.8935 0
0.8945 0
0.8955 0
0.8965 0
0.8975 0
0.8985 0
0.8995 0
0.9005 0
0.9015 0
0.9025 0
0.9035 0
0.9045 0
0.9055 0
0.9065 0
0.9075 0
0.9085 0
0.9095 0
0.9105 0
0.9115 0
0.9125 0
0.9135 0
0.9145 0
0.9155 0
0.9165 0
0.9175 0
0.9185 0
0.9195 0
0.9205 0
0.9215 0
0.9225 0
0.9235 0
0.9245 0
0.9255 0
0.9265 0
0.9275 0
0.9285 0
0.9295 0
0.9305 0
0.9315 0
0.9325 0
0.9335 0
0.9345 0
0.9355 0
0.9365 0
0.9375 0
0.9385 0
0.9395 0
0.9405 0
0.9415 0
0.9425 0
0.9435 0
0.9445 0
0.9455 0
0.9465 0
0.9475 0
0.9485 0
0.9495 0
0.9505 0
0.9515 0
0.9525 0
0.9535 0
0.9545 0
0.9555 0
0.9565 0
0.9575 0
0.9585 0
0.9595 0
0.9605 0
0.9615 0
0.9625 0
0.9635 0
0.9645 0
0.9655 0
0.9665 0
0.9675 0
0.9685 0
0.9695 0
0.9705 0
0.9715 0
0.9725 0
0.9735 0
0.9745 0
0.9755 0
0.9765 0
0.9775 0
0.9785 0
0.9795 0
0.9805 0
0.9815 0
0.9825 0
0.9835 0
0.9845 0
0.9855 0
0.9865 0
0.9875 0
0.9885 0
0.9895 0
0.9905 0
0.9915 0
0.9925 0
0.9935 0
0.9945 0
0.9955 0
0.9965 0
0.9975 0
0.9985 0
0.9995 0
