
# time = 0.7488
0.0005 0.0902254
0.0015 0.0711157
0.0025 0.0610573
0.0035 0.111054
0.0045 0.0785707
0.0055 0.0479348
0.0065 0.106324
0.0075 0.0873424
0.0085 0.0617101
0.0095 0.0799678
0.0105 0.0900982
0.0115 0.0901838
0.0125 0.0557847
0.0135 0.0841009
0.0145 0.107691
0.0155 0.0553412
0.0165 0.0761119
0.0175 0.0986495
0.0185 0.0753097
0.0195 0.0765232
0.0205 0.0749223
0.0215 0.0907862
0.0225 0.0849114
0.0235 0.0650841
0.0245 0.086241
0.0255 0.0864567
0.0265 0.0798383
0.0275 0.077177
0.0285 0.0722629
0.0295 0.0943887
0.0305 0.0870716
0.0315 0.0592594
0.0325 0.0814514
0.0335 0.106019
0.0345 0.0702766
0.0355 0.0579805
0.0365 0.100259
0.0375 0.0927151
0.0385 0.0656894
0.0395 0.0711531
0.0405 0.0915104
0.0415 0.0970261
0.0425 0.0611313
0.0435 0.0750701
0.0445 0.0965121
0.0455 0.0770599
0.0465 0.089096
0.0475 0.0628791
0.0485 0.0751922
0.0495 0.119016
0.0505 0.0610398
0.0515 0.0591315
0.0525 0.101104
0.0535 0.0898391
0.0545 0.0786193
0.0555 0.0633397
0.0565 0.0829785
0.0575 0.0999324
0.0585 0.0809742
0.0595 0.0682987
0.0605 0.0697282
0.0615 0.0984122
0.0625 0.0971968
0.0635 0.0644585
0.0645 0.0612204
0.0655 0.0973286
0.0665 0.104343
0.0675 0.062727
0.0685 0.0738364
0.0695 0.0785406
0.0705 0.0864646
0.0715 0.113844
0.0725 0.0522739
0.0735 0.0570072
0.0745 0.111445
0.0755 0.088449
0.0765 0.0813637
0.0775 0.0695653
0.0785 0.0620906
0.0795 0.0981187
0.0805 0.112094
0.0815 0.0657867
0.0825 0.0521582
0.0835 0.0922723
0.0845 0.0887739
0.0855 0.102611
0.0865 0.0829621
0.0875 0.0380563
0.0885 0.0876631
0.0895 0.106374
0.0905 0.0932241
0.0915 0.0810921
0.0925 0.0531385
0.0935 0.0667707
0.0945 0.104241
0.0955 0.113791
0.0965 0.0722477
0.0975 0.0616641
0.0985 0.0627168
0.0995 0.0782259
0.1005 0.127538
0.1015 0.0928661
0.1025 0.0619256
0.1035 0.0602978
0.1045 0.0597899
0.1055 0.102511
0.1065 0.120853
0.1075 0.0937738
0.1085 0.0542278
0.1095 0.0570104
0.1105 0.0613539
0.1115 0.0951904
0.1125 0.138253
0.1135 0.0884484
0.1145 0.0701706
0.1155 0.0538915
0.1165 0.0359079
0.1175 0.0909764
0.1185 0.125813
0.1195 0.115715
0.1205 0.097857
0.1215 0.0729961
0.1225 0.0182474
0.1235 0.0461924
0.1245 0.093369
0.1255 0.0949319
0.1265 0.15124
0.1275 0.128975
0.1285 0.0706652
0.1295 0.0542963
0.1305 0.0230624
0.1315 0.016319
0.1325 0.0655659
0.1335 0.118135
0.1345 0.131031
0.1355 0.171436
0.1365 0.150887
0.1375 0.0953135
0.1385 0.0639093
0.1395 0.0044865
0.1405 -0.0224248
0.1415 -0.0350314
0.1425 -0.0019649
0.1435 0.0357764
0.1445 0.0844315
0.1455 0.174055
0.1465 0.226983
0.1475 0.283853
0.1485 0.351204
0.1495 0.395651
0.1505 0.404562
0.1515 0.457728
0.1525 0.472418
0.1535 0.453655
0.1545 0.501799
0.1555 0.48749
0.1565 0.481515
0.1575 0.499628
0.1585 0.497856
0.1595 0.489265
0.1605 0.491282
0.1615 0.505011
0.1625 0.4887
0.1635 0.491022
0.1645 0.49749
0.1655 0.502047
0.1665 0.478216
0.1675 0.499393
0.1685 0.507728
0.1695 0.469201
0.1705 0.50575
0.1715 0.498146
0.1725 0.481972
0.1735 0.492609
0.1745 0.499969
0.1755 0.489819
0.1765 0.482623
0.1775 0.499875
0.1785 0.49412
0.1795 0.483787
0.1805 0.485286
0.1815 0.510636
0.1825 0.474424
0.1835 0.484775
0.1845 0.509543
0.1855 0.476696
0.1865 0.488146
0.1875 0.491282
0.1885 0.497681
0.1895 0.478277
0.1905 0.485145
0.1915 0.502229
0.1925 0.483988
0.1935 0.474477
0.1945 0.500604
0.1955 0.494469
0.1965 0.466732
0.1975 0.498884
0.1985 0.48893
0.1995 0.486927
0.2005 0.474777
0.2015 0.493124
0.2025 0.499532
0.2035 0.463231
0.2045 0.491802
0.2055 0.496623
0.2065 0.479268
0.2075 0.473751
0.2085 0.495322
0.2095 0.489171
0.2105 0.477283
0.2115 0.47364
0.2125 0.501095
0.2135 0.485592
0.2145 0.461054
0.2155 0.498684
0.2165 0.484862
0.2175 0.482934
0.2185 0.467164
0.2195 0.492435
0.2205 0.495007
0.2215 0.463255
0.2225 0.478987
0.2235 0.495666
0.2245 0.482499
0.2255 0.466442
0.2265 0.481748
0.2275 0.491597
0.2285 0.485709
0.2295 0.454227
0.2305 0.493955
0.2315 0.489113
0.2325 0.47276
0.2335 0.469299
0.2345 0.478948
0.2355 0.501997
0.2365 0.461107
0.2375 0.469112
0.2385 0.487175
0.2395 0.49044
0.2405 0.467144
0.2415 0.465198
0.2425 0.484489
0.2435 0.49643
0.2445 0.459079
0.2455 0.466812
0.2465 0.486432
0.2475 0.486586
0.2485 0.474303
0.2495 0.448752
0.2505 0.494953
0.2515 0.483455
0.2525 0.4728
0.2535 0.455746
0.2545 0.476841
0.2555 0.496243
0.2565 0.470537
0.2575 0.454278
0.2585 0.473234
0.2595 0.489368
0.2605 0.482546
0.2615 0.454509
0.2625 0.457951
0.2635 0.495162
0.2645 0.477679
0.2655 0.472171
0.2665 0.442236
0.2675 0.483871
0.2685 0.489682
0.2695 0.47221
0.2705 0.453775
0.2715 0.455565
0.2725 0.492372
0.2735 0.484872
0.2745 0.459744
0.2755 0.44895
0.2765 0.468692
0.2775 0.49257
0.2785 0.48164
0.2795 0.444876
0.2805 0.457606
0.2815 0.466112
0.2825 0.503426
0.2835 0.464558
0.2845 0.451234
0.2855 0.447468
0.2865 0.476315
0.2875 0.497832
0.2885 0.466157
0.2895 0.448979
0.2905 0.441855
0.2915 0.476652
0.2925 0.494235
0.2935 0.475424
0.2945 0.446088
0.2955 0.439651
0.2965 0.460946
0.2975 0.499007
0.2985 0.477692
0.2995 0.466042
0.3005 0.422982
0.3015 0.454738
0.3025 0.474096
0.3035 0.497966
0.3045 0.478948
0.3055 0.439121
0.3065 0.433845
0.3075 0.444599
0.3085 0.487437
0.3095 0.496771
0.3105 0.47694
0.3115 0.443205
0.3125 0.421007
0.3135 0.440339
0.3145 0.477099
0.3155 0.496495
0.3165 0.499426
0.3175 0.447742
0.3185 0.434391
0.3195 0.406237
0.3205 0.453272
0.3215 0.475547
0.3225 0.511536
0.3235 0.497156
0.3245 0.462297
0.3255 0.42517
0.3265 0.400981
0.3275 0.417871
0.3285 0.454449
0.3295 0.494444
0.3305 0.524037
0.3315 0.508028
0.3325 0.483172
0.3335 0.42685
0.3345 0.39408
0.3355 0.377615
0.3365 0.388341
0.3375 0.438129
0.3385 0.474876
0.3395 0.540842
0.3405 0.552186
0.3415 0.575993
0.3425 0.539357
0.3435 0.5068
0.3445 0.439876
0.3455 0.375738
0.3465 0.307399
0.3475 0.244871
0.3485 0.190401
0.3495 0.150298
0.3505 0.109211
0.3515 0.096037
0.3525 0.0625474
0.3535 0.0693253
0.3545 0.0410092
0.3555 0.0559096
0.3565 0.0349596
0.3575 0.0471915
0.3585 0.0366265
0.3595 0.0405516
0.3605 0.0401596
0.3615 0.0366023
0.3625 0.0418299
0.3635 0.0362289
0.3645 0.0403953
0.3655 0.0388956
0.3665 0.0369139
0.3675 0.0425741
0.3685 0.0337066
0.3695 0.0448258
0.3705 0.0328712
0.3715 0.0441438
0.3725 0.0350998
0.3735 0.040714
0.3745 0.0393762
0.3755 0.0362118
0.3765 0.0436192
0.3775 0.0328234
0.3785 0.0458395
0.3795 0.0320781
0.3805 0.0451587
0.3815 0.0341077
0.3825 0.0421842
0.3835 0.0376686
0.3845 0.0386141
0.3855 0.040841
0.3865 0.0363395
0.3875 0.0419989
0.3885 0.0365277
0.3895 0.0405621
0.3905 0.0391212
0.3915 0.037197
0.3925 0.0429447
0.3935 0.033431
0.3945 0.0463103
0.3955 0.0309114
0.3965 0.0477995
0.3975 0.0306743
0.3985 0.0468616
0.3995 0.03274
0.4005 0.0439905
0.4015 0.0361728
0.4025 0.0404472
0.4035 0.0395329
0.4045 0.0376916
0.4055 0.0414938
0.4065 0.0367837
0.4075 0.041361
0.4085 0.0379955
0.4095 0.039297
0.4105 0.0407617
0.4115 0.0361998
0.4125 0.0439514
0.4135 0.033316
0.4145 0.046325
0.4155 0.0317619
0.4165 0.0469882
0.4175 0.0321359
0.4185 0.0456819
0.4195 0.0343477
0.4205 0.0428242
0.4215 0.0377011
0.4225 0.039318
0.4235 0.0411719
0.4245 0.0362169
0.4255 0.0437669
0.4265 0.0343737
0.4275 0.044838
0.4285 0.0341876
0.4295 0.0442566
0.4305 0.0355177
0.4315 0.0424109
0.4325 0.0377691
0.4335 0.0400478
0.4345 0.0401063
0.4355 0.0380247
0.4365 0.0417147
0.4375 0.0370549
0.4385 0.0420306
0.4395 0.037518
0.4405 0.040878
0.4415 0.0393816
0.4425 0.0384879
0.4435 0.0422395
0.4445 0.035408
0.4455 0.0454435
0.4465 0.0323415
0.4475 0.0482816
0.4485 0.0299648
0.4495 0.050153
0.4505 0.0287706
0.4515 0.0506968
0.4525 0.0289731
0.4535 0.0498508
0.4545 0.0304869
0.4555 0.0478356
0.4565 0.0329757
0.4575 0.0450783
0.4585 0.0359495
0.4595 0.042102
0.4605 0.0388818
0.4615 0.0394087
0.4625 0.0413197
0.4635 0.0373825
0.4645 0.042963
0.4655 0.03623
0.4665 0.0437026
0.4675 0.0359641
0.4685 0.0436153
0.4695 0.0364288
0.4705 0.0429227
0.4715 0.0373529
0.4725 0.041928
0.4735 0.0384191
0.4745 0.0409456
0.4755 0.0393318
0.4765 0.0402384
0.4775 0.0398721
0.4785 0.0399729
0.4795 0.0399314
0.4805 0.0401975
0.4815 0.0395203
0.4825 0.040846
0.4835 0.0387548
0.4845 0.0417608
0.4855 0.0378246
0.4865 0.0427307
0.4875 0.0369516
0.4885 0.0435342
0.4895 0.0363459
0.4905 0.043982
0.4915 0.0361676
0.4925 0.0439503
0.4935 0.0364994
0.4945 0.043401
0.4955 0.0373332
0.4965 0.0423872
0.4975 0.0385734
0.4985 0.0410429
0.4995 0.0400536
0.5005 0.03956
0.5015 0.0415648
0.5025 0.0381556
0.5035 0.0428907
0.5045 0.037036
0.5055 0.0438437
0.5065 0.0363616
0.5075 0.044298
0.5085 0.0362184
0.5095 0.0442117
0.5105 0.0366014
0.5115 0.043637
0.5125 0.0374126
0.5135 0.0427143
0.5145 0.0384748
0.5155 0.0416502
0.5165 0.0395608
0.5175 0.0406825
0.5185 0.0404336
0.5195 0.0400357
0.5205 0.0408925
0.5215 0.0398754
0.5225 0.0408173
0.5235 0.0402684
0.5245 0.0402009
0.5255 0.0411579
0.5265 0.0391647
0.5275 0.0423604
0.5285 0.0379485
0.5295 0.0435887
0.5305 0.036875
0.5315 0.0444997
0.5325 0.0362908
0.5335 0.0447617
0.5345 0.0364933
0.5355 0.0441302
0.5365 0.037657
0.5375 0.0425158
0.5385 0.0397744
0.5395 0.0400296
0.5405 0.0426294
0.5415 0.0369891
0.5425 0.0458129
0.5435 0.0338789
0.5445 0.0487864
0.5455 0.0312651
0.5465 0.050986
0.5475 0.0296777
0.5485 0.0519477
0.5495 0.0294838
0.5505 0.0514282
0.5515 0.0307818
0.5525 0.0494881
0.5535 0.0333472
0.5545 0.0465106
0.5555 0.0366534
0.5565 0.0431401
0.5575 0.0399733
0.5585 0.0401436
0.5595 0.0425476
0.5605 0.0382228
0.5615 0.043782
0.5625 0.0378195
0.5635 0.0434237
0.5645 0.0389719
0.5655 0.0416606
0.5665 0.0412707
0.5675 0.0391027
0.5685 0.0439422
0.5695 0.0366352
0.5705 0.046053
0.5715 0.0351695
0.5725 0.0467865
0.5735 0.0353579
0.5745 0.0457144
0.5755 0.0373598
0.5765 0.0429715
0.5775 0.0407445
0.5785 0.0392613
0.5795 0.0445834
0.5805 0.0356677
0.5815 0.0477243
0.5825 0.0333132
0.5835 0.0491751
0.5845 0.0329653
0.5855 0.0484719
0.5865 0.0347291
0.5875 0.0458927
0.5885 0.0379539
0.5895 0.0424147
0.5905 0.0414163
0.5915 0.0393991
0.5925 0.0437445
0.5935 0.038093
0.5945 0.0439458
0.5955 0.0391249
0.5965 0.0418343
0.5975 0.0422016
0.5985 0.0381703
0.5995 0.0461578
0.6005 0.0344153
0.6015 0.0493814
0.6025 0.0321624
0.6035 0.0504743
0.6045 0.0324526
0.6055 0.0488829
0.6065 0.0352711
0.6075 0.0452096
0.6085 0.0394754
0.6095 0.0410236
0.6105 0.0432394
0.6115 0.0381997
0.6125 0.0448631
0.6135 0.0380501
0.6145 0.0435977
0.6155 0.0406469
0.6165 0.0400811
0.6175 0.0446972
0.6185 0.0361198
0.6195 0.0480952
0.6205 0.0338561
0.6215 0.0489419
0.6225 0.0346851
0.6235 0.0465504
0.6245 0.0384684
0.6255 0.0418939
0.6265 0.0435027
0.6275 0.0371947
0.6285 0.047341
0.6295 0.0347864
0.6305 0.0480999
0.6315 0.0358161
0.6325 0.0455612
0.6335 0.0395147
0.6345 0.0414078
0.6355 0.0435246
0.6365 0.0383705
0.6375 0.0452126
0.6385 0.0387027
0.6395 0.0433097
0.6405 0.0428984
0.6415 0.0389914
0.6425 0.0496101
0.6435 0.0358664
0.6445 0.0572134
0.6455 0.039114
0.6465 0.0665749
0.6475 0.0546147
0.6485 0.0835635
0.6495 0.088529
0.6505 0.118922
0.6515 0.146119
0.6525 0.1828
0.6535 0.227113
0.6545 0.273337
0.6555 0.31722
0.6565 0.365444
0.6575 0.383856
0.6585 0.415054
0.6595 0.391411
0.6605 0.391334
0.6615 0.338456
0.6625 0.319008
0.6635 0.280735
0.6645 0.27469
0.6655 0.287205
0.6665 0.306817
0.6675 0.350212
0.6685 0.362864
0.6695 0.377899
0.6705 0.354906
0.6715 0.32778
0.6725 0.303511
0.6735 0.289398
0.6745 0.309027
0.6755 0.33272
0.6765 0.357573
0.6775 0.369344
0.6785 0.339974
0.6795 0.331084
0.6805 0.290061
0.6815 0.318487
0.6825 0.319726
0.6835 0.362246
0.6845 0.356234
0.6855 0.34407
0.6865 0.319206
0.6875 0.303451
0.6885 0.321549
0.6895 0.34348
0.6905 0.357498
0.6915 0.352844
0.6925 0.319188
0.6935 0.3162
0.6945 0.31559
0.6955 0.346483
0.6965 0.359466
0.6975 0.340094
0.6985 0.331968
0.6995 0.301993
0.7005 0.340896
0.7015 0.341076
0.7025 0.362435
0.7035 0.331813
0.7045 0.317918
0.7055 0.323455
0.7065 0.342217
0.7075 0.357249
0.7085 0.344529
0.7095 0.318146
0.7105 0.326992
0.7115 0.334145
0.7125 0.36162
0.7135 0.342867
0.7145 0.323202
0.7155 0.328452
0.7165 0.332202
0.7175 0.367786
0.7185 0.332621
0.7195 0.334298
0.7205 0.319811
0.7215 0.348533
0.7225 0.356529
0.7235 0.337593
0.7245 0.325778
0.7255 0.332346
0.7265 0.349423
0.7275 0.357834
0.7285 0.327102
0.7295 0.330278
0.7305 0.340698
0.7315 0.353004
0.7325 0.35266
0.7335 0.315874
0.7345 0.346177
0.7355 0.341323
0.7365 0.360853
0.7375 0.330302
0.7385 0.328294
0.7395 0.350683
0.7405 0.352197
0.7415 0.343489
0.7425 0.328826
0.7435 0.339313
0.7445 0.360739
0.7455 0.343691
0.7465 0.329988
0.7475 0.34384
0.7485 0.346485
0.7495 0.362729
0.7505 0.320276
0.7515 0.346828
0.7525 0.350638
0.7535 0.351618
0.7545 0.340159
0.7555 0.329418
0.7565 0.362079
0.7575 0.34933
0.7585 0.336946
0.7595 0.33912
0.7605 0.354274
0.7615 0.352862
0.7625 0.341276
0.7635 0.330823
0.7645 0.367672
0.7655 0.343262
0.7665 0.342092
0.7675 0.34258
0.7685 0.351981
0.7695 0.361931
0.7705 0.324693
0.7715 0.355311
0.7725 0.354705
0.7735 0.348967
0.7745 0.339115
0.7755 0.348625
0.7765 0.359387
0.7775 0.348562
0.7785 0.333282
0.7795 0.361215
0.7805 0.356175
0.7815 0.337254
0.7825 0.353662
0.7835 0.346748
0.7845 0.366444
0.7855 0.331013
0.7865 0.352851
0.7875 0.365203
0.7885 0.340531
0.7895 0.348851
0.7905 0.353379
0.7915 0.35937
0.7925 0.344574
0.7935 0.346821
0.7945 0.359881
0.7955 0.359361
0.7965 0.332039
0.7975 0.366419
0.7985 0.355835
0.7995 0.343845
0.8005 0.356592
0.8015 0.350206
0.8025 0.366801
0.8035 0.335708
0.8045 0.359483
0.8055 0.365066
0.8065 0.342353
0.8075 0.352336
0.8085 0.365497
0.8095 0.350541
0.8105 0.348618
0.8115 0.361777
0.8125 0.354306
0.8135 0.358941
0.8145 0.341332
0.8155 0.373566
0.8165 0.351956
0.8175 0.341583
0.8185 0.375724
0.8195 0.348599
0.8205 0.35339
0.8215 0.359315
0.8225 0.362098
0.8235 0.351527
0.8245 0.356575
0.8255 0.36144
0.8265 0.360537
0.8275 0.349193
0.8285 0.360499
0.8295 0.372341
0.8305 0.335356
0.8315 0.3734
0.8325 0.362459
0.8335 0.345119
0.8345 0.369261
0.8355 0.358473
0.8365 0.358549
0.8375 0.355905
0.8385 0.366402
0.8395 0.357579
0.8405 0.357569
0.8415 0.359403
0.8425 0.366281
0.8435 0.350394
0.8445 0.351788
0.8455 0.371571
0.8465 0.325555
0.8475 0.347639
0.8485 0.336977
0.8495 0.29355
0.8505 0.296315
0.8515 0.260597
0.8525 0.214322
0.8535 0.177451
0.8545 0.140717
0.8555 0.0753616
0.8565 0.048065
0.8575 0.016855
0.8585 -0.00521112
0.8595 0.00882089
0.8605 0.0175104
0.8615 0.0692138
0.8625 0.084524
0.8635 0.122262
0.8645 0.143447
0.8655 0.107065
0.8665 0.102902
0.8675 0.0672264
0.8685 0.0300022
0.8695 0.0349218
0.8705 0.0619315
0.8715 0.0654584
0.8725 0.109916
0.8735 0.130304
0.8745 0.078839
0.8755 0.0905488
0.8765 0.0521324
0.8775 0.0286483
0.8785 0.0763233
0.8795 0.0859907
0.8805 0.100041
0.8815 0.110094
0.8825 0.0838435
0.8835 0.0421692
0.8845 0.0619976
0.8855 0.0680258
0.8865 0.0787872
0.8875 0.123709
0.8885 0.0810969
0.8895 0.0648206
0.8905 0.0634408
0.8915 0.053244
0.8925 0.089488
0.8935 0.105106
0.8945 0.0906799
0.8955 0.0627414
0.8965 0.0649529
0.8975 0.0606612
0.8985 0.0865808
0.8995 0.113685
0.9005 0.0690245
0.9015 0.0697541
0.9025 0.0633881
0.9035 0.0670327
0.9045 0.106308
0.9055 0.0910691
0.9065 0.0667242
0.9075 0.0600804
0.9085 0.077588
0.9095 0.0838608
0.9105 0.0981128
0.9115 0.0838228
0.9125 0.0417064
0.9135 0.0856308
0.9145 0.0910539
0.9155 0.0795113
0.9165 0.0929037
0.9175 0.0528134
0.9185 0.0667419
0.9195 0.103714
0.9205 0.0881672
0.9215 0.0630479
0.9225 0.0728704
0.9235 0.0787897
0.9245 0.0783557
0.9255 0.106394
0.9265 0.059191
0.9275 0.0529597
0.9285 0.109835
0.9295 0.0773935
0.9305 0.0753273
0.9315 0.0781491
0.9325 0.0623114
0.9335 0.0943801
0.9345 0.0922189
0.9355 0.0654959
0.9365 0.0622633
0.9375 0.0937389
0.9385 0.0931466
0.9395 0.0639588
0.9405 0.0754122
0.9415 0.078561
0.9425 0.0879689
0.9435 0.0842311
0.9445 0.0661666
0.9455 0.075251
0.9465 0.0846431
0.9475 0.097759
0.9485 0.0599628
0.9495 0.0618388
0.9505 0.114523
0.9515 0.0686251
0.9525 0.064908
0.9535 0.0920547
0.9545 0.0705222
0.9555 0.0905292
0.9565 0.0783062
0.9575 0.0638765
0.9585 0.0884277
0.9595 0.088515
0.9605 0.0760615
0.9615 0.0617419
0.9625 0.0903748
0.9635 0.0985025
0.9645 0.0554711
0.9655 0.0741342
0.9665 0.101507
0.9675 0.0763497
0.9685 0.062642
0.9695 0.0874069
0.9705 0.0906326
0.9715 0.0672295
0.9725 0.0814369
0.9735 0.0823517
0.9745 0.0758253
0.9755 0.0879836
0.9765 0.0713984
0.9775 0.0779946
0.9785 0.0874969
0.9795 0.0783363
0.9805 0.0777123
0.9815 0.0702772
0.9825 0.0964165
0.9835 0.0816336
0.9845 0.0524333
0.9855 0.102979
0.9865 0.0879344
0.9875 0.055623
0.9885 0.0873072
0.9895 0.0898955
0.9905 0.0809383
0.9915 0.0618053
0.9925 0.0847488
0.9935 0.107177
0.9945 0.0492582
0.9955 0.0761341
0.9965 0.111595
0.9975 0.0618206
0.9985 0.0702032
0.9995 0.0903302
