
# time = 0.25
0.0005 0
0.0015 0
0.0025 0
0.0035 0
0.0045 0
0.0055 0
0.0065 0
0.0075 0
0.0085 0
0.0095 0
0.0105 0
0.0115 0
0.0125 0
0.0135 0
0.0145 0
0.0155 0
0.0165 0
0.0175 0
0.0185 0
0.0195 0
0.0205 0
0.0215 0
0.0225 0
0.0235 0
0.0245 0
0.0255 0
0.0265 0
0.0275 0
0.0285 0
0.0295 0
0.0305 0
0.0315 0
0.0325 0
0.0335 0
0.0345 0
0.0355 0
0.0365 0
0.0375 0
0.0385 0
0.0395 0
0.0405 0
0.0415 0
0.0425 0
0.0435 0
0.0445 0
0.0455 0
0.0465 0
0.0475 0
0.0485 0
0.0495 0
0.0505 0
0.0515 0
0.0525 0
0.0535 0
0.0545 0
0.0555 0
0.0565 0
0.0575 0
0.0585 0
0.0595 0
0.0605 0
0.0615 0
0.0625 0
0.0635 0
0.0645 0
0.0655 0
0.0665 0
0.0675 0
0.0685 0
0.0695 0
0.0705 0
0.0715 0
0.0725 0
0.0735 0
0.0745 0
0.0755 0
0.0765 0
0.0775 0
0.0785 0
0.0795 0
0.0805 0
0.0815 0
0.0825 0
0.0835 0
0.0845 0
0.0855 0
0.0865 0
0.0875 0
0.0885 0
0.0895 0
0.0905 0
0.0915 0
0.0925 0
0.0935 0
0.0945 0
0.0955 0
0.0965 0
0.0975 0
0.0985 0
0.0995 0
0.1005 0
0.1015 0
0.1025 0
0.1035 0
0.1045 0
0.1055 0
0.1065 0
0.1075 0
0.1085 0
0.1095 0
0.1105 0
0.1115 0
0.1125 0
0.1135 0
0.1145 0
0.1155 0
0.1165 0
0.1175 0
0.1185 0
0.1195 0
0.1205 0
0.1215 0
0.1225 0
0.1235 0
0.1245 0
0.1255 0
0.1265 0
0.1275 0
0.1285 0
0.1295 0
0.1305 0
0.1315 0
0.1325 0
0.1335 0
0.1345 0
0.1355 0
0.1365 0
0.1375 0
0.1385 0
0.1395 0
0.1405 1.68243e-09
0.1415 6.91664e-08
0.1425 1.34409e-06
0.1435 1.64033e-05
0.1445 0.000140862
0.1455 0.000903721
0.1465 0.00448806
0.1475 0.0176363
0.1485 0.0555767
0.1495 0.141488
0.1505 0.275739
0.1515 0.36165
0.1525 0.39959
0.1535 0.412739
0.1545 0.416323
0.1555 0.417086
0.1565 0.41721
0.1575 0.417225
0.1585 0.417227
0.1595 0.417227
0.1605 0.417227
0.1615 0.417227
0.1625 0.417227
0.1635 0.417227
0.1645 0.417227
0.1655 0.417227
0.1665 0.417227
0.1675 0.417227
0.1685 0.417227
0.1695 0.417229
0.1705 0.417239
0.1715 0.417285
0.1725 0.417458
0.1735 0.417954
0.1745 0.419079
0.1755 0.420836
0.1765 0.421961
0.1775 0.422457
0.1785 0.422629
0.1795 0.422676
0.1805 0.422686
0.1815 0.422688
0.1825 0.422688
0.1835 0.422688
0.1845 0.422688
0.1855 0.422688
0.1865 0.422688
0.1875 0.422688
0.1885 0.422688
0.1895 0.422688
0.1905 0.422688
0.1915 0.422688
0.1925 0.422688
0.1935 0.422688
0.1945 0.42269
0.1955 0.4227
0.1965 0.422747
0.1975 0.42292
0.1985 0.42342
0.1995 0.424553
0.2005 0.426322
0.2015 0.427454
0.2025 0.427954
0.2035 0.428127
0.2045 0.428174
0.2055 0.428184
0.2065 0.428186
0.2075 0.428186
0.2085 0.428186
0.2095 0.428186
0.2105 0.428186
0.2115 0.428186
0.2125 0.428186
0.2135 0.428186
0.2145 0.428186
0.2155 0.428186
0.2165 0.428186
0.2175 0.428186
0.2185 0.428186
0.2195 0.428188
0.2205 0.428198
0.2215 0.428246
0.2225 0.42842
0.2235 0.428924
0.2245 0.430063
0.2255 0.431844
0.2265 0.432984
0.2275 0.433487
0.2285 0.433662
0.2295 0.433709
0.2305 0.433719
0.2315 0.433721
0.2325 0.433721
0.2335 0.433721
0.2345 0.433721
0.2355 0.433721
0.2365 0.433721
0.2375 0.433721
0.2385 0.433721
0.2395 0.433721
0.2405 0.433721
0.2415 0.433721
0.2425 0.433721
0.2435 0.433721
0.2445 0.433723
0.2455 0.433733
0.2465 0.433781
0.2475 0.433957
0.2485 0.434463
0.2495 0.435611
0.2505 0.437404
0.2515 0.438551
0.2525 0.439058
0.2535 0.439233
0.2545 0.439281
0.2555 0.439291
0.2565 0.439293
0.2575 0.439293
0.2585 0.439293
0.2595 0.439293
0.2605 0.439293
0.2615 0.439293
0.2625 0.439293
0.2635 0.439293
0.2645 0.439293
0.2655 0.439293
0.2665 0.439293
0.2675 0.439293
0.2685 0.439293
0.2695 0.439295
0.2705 0.439305
0.2715 0.439353
0.2725 0.43953
0.2735 0.44004
0.2745 0.441195
0.2755 0.443
0.2765 0.444155
0.2775 0.444665
0.2785 0.444841
0.2795 0.444889
0.2805 0.4449
0.2815 0.444901
0.2825 0.444902
0.2835 0.444902
0.2845 0.444902
0.2855 0.444902
0.2865 0.444902
0.2875 0.444902
0.2885 0.444902
0.2895 0.444902
0.2905 0.444902
0.2915 0.444902
0.2925 0.444902
0.2935 0.444902
0.2945 0.444904
0.2955 0.444914
0.2965 0.444962
0.2975 0.44514
0.2985 0.445654
0.2995 0.446816
0.3005 0.448632
0.3015 0.449795
0.3025 0.450308
0.3035 0.450486
0.3045 0.450535
0.3055 0.450545
0.3065 0.450547
0.3075 0.450547
0.3085 0.450547
0.3095 0.450547
0.3105 0.450547
0.3115 0.450547
0.3125 0.450547
0.3135 0.450547
0.3145 0.450547
0.3155 0.450547
0.3165 0.450547
0.3175 0.450547
0.3185 0.450547
0.3195 0.450549
0.3205 0.450559
0.3215 0.450608
0.3225 0.450787
0.3235 0.451304
0.3245 0.452473
0.3255 0.454302
0.3265 0.455472
0.3275 0.455988
0.3285 0.456167
0.3295 0.456216
0.3305 0.456227
0.3315 0.456228
0.3325 0.456228
0.3335 0.456228
0.3345 0.456228
0.3355 0.456228
0.3365 0.456228
0.3375 0.456228
0.3385 0.456228
0.3395 0.456228
0.3405 0.456228
0.3415 0.456228
0.3425 0.456227
0.3435 0.456212
0.3445 0.456089
0.3455 0.455337
0.3465 0.451802
0.3475 0.438834
0.3485 0.401413
0.3495 0.31668
0.3505 0.184269
0.3515 0.0995348
0.3525 0.0621144
0.3535 0.0491464
0.3545 0.0456111
0.3555 0.0448587
0.3565 0.044736
0.3575 0.0447211
0.3585 0.0447199
0.3595 0.0447198
0.3605 0.0447198
0.3615 0.0447198
0.3625 0.0447198
0.3635 0.0447198
0.3645 0.0447198
0.3655 0.0447198
0.3665 0.0447198
0.3675 0.0447198
0.3685 0.0447198
0.3695 0.0447199
0.3705 0.0447204
0.3715 0.044723
0.3725 0.0447322
0.3735 0.0447589
0.3745 0.0448192
0.3755 0.0449136
0.3765 0.0449739
0.3775 0.0450006
0.3785 0.0450098
0.3795 0.0450123
0.3805 0.0450129
0.3815 0.045013
0.3825 0.045013
0.3835 0.045013
0.3845 0.045013
0.3855 0.045013
0.3865 0.045013
0.3875 0.045013
0.3885 0.045013
0.3895 0.045013
0.3905 0.045013
0.3915 0.045013
0.3925 0.045013
0.3935 0.045013
0.3945 0.0450131
0.3955 0.0450136
0.3965 0.0450161
0.3975 0.0450253
0.3985 0.0450519
0.3995 0.0451122
0.4005 0.0452063
0.4015 0.0452665
0.4025 0.0452931
0.4035 0.0453023
0.4045 0.0453048
0.4055 0.0453054
0.4065 0.0453055
0.4075 0.0453055
0.4085 0.0453055
0.4095 0.0453055
0.4105 0.0453055
0.4115 0.0453055
0.4125 0.0453055
0.4135 0.0453055
0.4145 0.0453055
0.4155 0.0453055
0.4165 0.0453055
0.4175 0.0453055
0.4185 0.0453055
0.4195 0.0453056
0.4205 0.0453061
0.4215 0.0453086
0.4225 0.0453178
0.4235 0.0453443
0.4245 0.0454044
0.4255 0.0454983
0.4265 0.0455584
0.4275 0.0455849
0.4285 0.0455941
0.4295 0.0455966
0.4305 0.0455972
0.4315 0.0455972
0.4325 0.0455973
0.4335 0.0455973
0.4345 0.0455973
0.4355 0.0455973
0.4365 0.0455973
0.4375 0.0455973
0.4385 0.0455973
0.4395 0.0455973
0.4405 0.0455973
0.4415 0.0455973
0.4425 0.0455973
0.4435 0.0455973
0.4445 0.0455973
0.4455 0.0455979
0.4465 0.0456004
0.4475 0.0456096
0.4485 0.045636
0.4495 0.0456959
0.4505 0.0457896
0.4515 0.0458495
0.4525 0.045876
0.4535 0.0458852
0.4545 0.0458877
0.4555 0.0458882
0.4565 0.0458883
0.4575 0.0458883
0.4585 0.0458883
0.4595 0.0458883
0.4605 0.0458883
0.4615 0.0458883
0.4625 0.0458883
0.4635 0.0458883
0.4645 0.0458883
0.4655 0.0458883
0.4665 0.0458883
0.4675 0.0458883
0.4685 0.0458883
0.4695 0.0458884
0.4705 0.0458889
0.4715 0.0458914
0.4725 0.0459006
0.4735 0.045927
0.4745 0.0459867
0.4755 0.0460801
0.4765 0.0461399
0.4775 0.0461663
0.4785 0.0461754
0.4795 0.0461779
0.4805 0.0461784
0.4815 0.0461785
0.4825 0.0461785
0.4835 0.0461785
0.4845 0.0461785
0.4855 0.0461785
0.4865 0.0461785
0.4875 0.0461785
0.4885 0.0461785
0.4895 0.0461785
0.4905 0.0461785
0.4915 0.0461785
0.4925 0.0461785
0.4935 0.0461786
0.4945 0.0461786
0.4955 0.0461792
0.4965 0.0461817
0.4975 0.0461908
0.4985 0.0462171
0.4995 0.0462767
0.5005 0.0463698
0.5015 0.0464294
0.5025 0.0464557
0.5035 0.0464649
0.5045 0.0464674
0.5055 0.0464679
0.5065 0.046468
0.5075 0.046468
0.5085 0.046468
0.5095 0.046468
0.5105 0.046468
0.5115 0.046468
0.5125 0.046468
0.5135 0.046468
0.5145 0.046468
0.5155 0.046468
0.5165 0.046468
0.5175 0.046468
0.5185 0.046468
0.5195 0.0464681
0.5205 0.0464686
0.5215 0.0464711
0.5225 0.0464802
0.5235 0.0465064
0.5245 0.0465658
0.5255 0.0466587
0.5265 0.0467181
0.5275 0.0467444
0.5285 0.0467534
0.5295 0.0467559
0.5305 0.0467565
0.5315 0.0467565
0.5325 0.0467566
0.5335 0.0467566
0.5345 0.0467566
0.5355 0.0467566
0.5365 0.0467566
0.5375 0.0467566
0.5385 0.0467566
0.5395 0.0467566
0.5405 0.0467566
0.5415 0.0467566
0.5425 0.0467566
0.5435 0.0467566
0.5445 0.0467566
0.5455 0.0467572
0.5465 0.0467596
0.5475 0.0467687
0.5485 0.0467949
0.5495 0.0468541
0.5505 0.0469467
0.5515 0.0470059
0.5525 0.0470321
0.5535 0.0470411
0.5545 0.0470436
0.5555 0.0470441
0.5565 0.0470442
0.5575 0.0470442
0.5585 0.0470442
0.5595 0.0470442
0.5605 0.0470442
0.5615 0.0470442
0.5625 0.0470442
0.5635 0.0470442
0.5645 0.0470442
0.5655 0.0470442
0.5665 0.0470442
0.5675 0.0470442
0.5685 0.0470442
0.5695 0.0470443
0.5705 0.0470448
0.5715 0.0470473
0.5725 0.0470563
0.5735 0.0470824
0.5745 0.0471415
0.5755 0.0472337
0.5765 0.0472928
0.5775 0.0473188
0.5785 0.0473279
0.5795 0.0473303
0.5805 0.0473309
0.5815 0.047331
0.5825 0.047331
0.5835 0.047331
0.5845 0.047331
0.5855 0.047331
0.5865 0.047331
0.5875 0.047331
0.5885 0.047331
0.5895 0.047331
0.5905 0.047331
0.5915 0.047331
0.5925 0.047331
0.5935 0.047331
0.5945 0.0473311
0.5955 0.0473316
0.5965 0.047334
0.5975 0.047343
0.5985 0.047369
0.5995 0.0474279
0.6005 0.0475198
0.6015 0.0475787
0.6025 0.0476046
0.6035 0.0476136
0.6045 0.0476161
0.6055 0.0476166
0.6065 0.0476167
0.6075 0.0476167
0.6085 0.0476167
0.6095 0.0476167
0.6105 0.0476167
0.6115 0.0476167
0.6125 0.0476167
0.6135 0.0476167
0.6145 0.0476167
0.6155 0.0476167
0.6165 0.0476167
0.6175 0.0476167
0.6185 0.0476167
0.6195 0.0476168
0.6205 0.0476173
0.6215 0.0476198
0.6225 0.0476288
0.6235 0.0476546
0.6245 0.0477133
0.6255 0.0478049
0.6265 0.0478635
0.6275 0.0478894
0.6285 0.0478984
0.6295 0.0479008
0.6305 0.0479014
0.6315 0.0479015
0.6325 0.0479015
0.6335 0.0479015
0.6345 0.0479015
0.6355 0.0479015
0.6365 0.0479015
0.6375 0.0479015
0.6385 0.0479015
0.6395 0.0479015
0.6405 0.0479015
0.6415 0.0479015
0.6425 0.047903
0.6435 0.0479198
0.6445 0.0480591
0.6455 0.0489128
0.6465 0.052924
0.6475 0.0676381
0.6485 0.110097
0.6495 0.20624
0.6505 0.35648
0.6515 0.452623
0.6525 0.495082
0.6535 0.509796
0.6545 0.513807
0.6555 0.514661
0.6565 0.5148
0.6575 0.514817
0.6585 0.514819
0.6595 0.514819
0.6605 0.514819
0.6615 0.514819
0.6625 0.514819
0.6635 0.514819
0.6645 0.514819
0.6655 0.514819
0.6665 0.514819
0.6675 0.514819
0.6685 0.514818
0.6695 0.514817
0.6705 0.514806
0.6715 0.514755
0.6725 0.514569
0.6735 0.514033
0.6745 0.512818
0.6755 0.51092
0.6765 0.509706
0.6775 0.509169
0.6785 0.508983
0.6795 0.508933
0.6805 0.508922
0.6815 0.50892
0.6825 0.50892
0.6835 0.50892
0.6845 0.50892
0.6855 0.50892
0.6865 0.50892
0.6875 0.50892
0.6885 0.50892
0.6895 0.50892
0.6905 0.50892
0.6915 0.50892
0.6925 0.50892
0.6935 0.50892
0.6945 0.508918
0.6955 0.508907
0.6965 0.508856
0.6975 0.508669
0.6985 0.508129
0.6995 0.506907
0.7005 0.504998
0.7015 0.503776
0.7025 0.503236
0.7035 0.503049
0.7045 0.502998
0.7055 0.502987
0.7065 0.502985
0.7075 0.502985
0.7085 0.502985
0.7095 0.502985
0.7105 0.502985
0.7115 0.502985
0.7125 0.502985
0.7135 0.502985
0.7145 0.502985
0.7155 0.502985
0.7165 0.502985
0.7175 0.502985
0.7185 0.502985
0.7195 0.502983
0.7205 0.502972
0.7215 0.502921
0.7225 0.502733
0.7235 0.50219
0.7245 0.500961
0.7255 0.49904
0.7265 0.49781
0.7275 0.497267
0.7285 0.497079
0.7295 0.497028
0.7305 0.497017
0.7315 0.497015
0.7325 0.497015
0.7335 0.497015
0.7345 0.497015
0.7355 0.497015
0.7365 0.497015
0.7375 0.497015
0.7385 0.497015
0.7395 0.497015
0.7405 0.497015
0.7415 0.497015
0.7425 0.497015
0.7435 0.497015
0.7445 0.497013
0.7455 0.497002
0.7465 0.49695
0.7475 0.496761
0.7485 0.496215
0.7495 0.494978
0.7505 0.493046
0.7515 0.491809
0.7525 0.491263
0.7535 0.491074
0.7545 0.491022
0.7555 0.491011
0.7565 0.491009
0.7575 0.491009
0.7585 0.491009
0.7595 0.491009
0.7605 0.491009
0.7615 0.491009
0.7625 0.491009
0.7635 0.491009
0.7645 0.491009
0.7655 0.491009
0.7665 0.491009
0.7675 0.491009
0.7685 0.491009
0.7695 0.491007
0.7705 0.490996
0.7715 0.490944
0.7725 0.490754
0.7735 0.490205
0.7745 0.488961
0.7755 0.487017
0.7765 0.485773
0.7775 0.485223
0.7785 0.485033
0.7795 0.484981
0.7805 0.48497
0.7815 0.484968
0.7825 0.484968
0.7835 0.484968
0.7845 0.484968
0.7855 0.484968
0.7865 0.484968
0.7875 0.484968
0.7885 0.484968
0.7895 0.484968
0.7905 0.484968
0.7915 0.484968
0.7925 0.484968
0.7935 0.484968
0.7945 0.484966
0.7955 0.484955
0.7965 0.484903
0.7975 0.484711
0.7985 0.484159
0.7995 0.482907
0.8005 0.480952
0.8015 0.479701
0.8025 0.479148
0.8035 0.478957
0.8045 0.478905
0.8055 0.478894
0.8065 0.478892
0.8075 0.478892
0.8085 0.478892
0.8095 0.478892
0.8105 0.478892
0.8115 0.478892
0.8125 0.478892
0.8135 0.478892
0.8145 0.478892
0.8155 0.478892
0.8165 0.478892
0.8175 0.478892
0.8185 0.478891
0.8195 0.47889
0.8205 0.478878
0.8215 0.478826
0.8225 0.478633
0.8235 0.478078
0.8245 0.476819
0.8255 0.474853
0.8265 0.473594
0.8275 0.473038
0.8285 0.472846
0.8295 0.472793
0.8305 0.472782
0.8315 0.47278
0.8325 0.47278
0.8335 0.47278
0.8345 0.47278
0.8355 0.47278
0.8365 0.47278
0.8375 0.47278
0.8385 0.47278
0.8395 0.47278
0.8405 0.47278
0.8415 0.47278
0.8425 0.472778
0.8435 0.472761
0.8445 0.47262
0.8455 0.471756
0.8465 0.467694
0.8475 0.452796
0.8485 0.409803
0.8495 0.312453
0.8505 0.160327
0.8515 0.0629767
0.8525 0.0199845
0.8535 0.00508564
0.8545 0.00102405
0.8555 0.000159618
0.8565 1.85873e-05
0.8575 1.52306e-06
0.8585 7.83759e-08
0.8595 1.90644e-09
0.8605 0
0.8615 0
0.8625 0
0.8635 0
0.8645 0
0.8655 0
0.8665 0
0.8675 0
0.8685 0
0.8695 0
0.8705 0
0.8715 0
0.8725 0
0.8735 0
0.8745 0
0.8755 0
0.8765 0
0.8775 0
0.8785 0
0.8795 0
0.8805 0
0.8815 0
0.8825 0
0.8835 0
0.8845 0
0.8855 0
0.8865 0
0.8875 0
0.8885 0
0.8895 0
0.8905 0
0.8915 0
0.8925 0
0.8935 0
0.8945 0
0.8955 0
0.8965 0
0.8975 0
0.8985 0
0.8995 0
0.9005 0
0.9015 0
0.9025 0
0.9035 0
0.9045 0
0.9055 0
0.9065 0
0.9075 0
0.9085 0
0.9095 0
0.9105 0
0.9115 0
0.9125 0
0.9135 0
0.9145 0
0.9155 0
0.9165 0
0.9175 0
0.9185 0
0.9195 0
0.9205 0
0.9215 0
0.9225 0
0.9235 0
0.9245 0
0.9255 0
0.9265 0
0.9275 0
0.9285 0
0.9295 0
0.9305 0
0.9315 0
0.9325 0
0.9335 0
0.9345 0
0.9355 0
0.9365 0
0.9375 0
0.9385 0
0.9395 0
0.9405 0
0.9415 0
0.9425 0
0.9435 0
0.9445 0
0.9455 0
0.9465 0
0.9475 0
0.9485 0
0.9495 0
0.9505 0
0.9515 0
0.9525 0
0.9535 0
0.9545 0
0.9555 0
0.9565 0
0.9575 0
0.9585 0
0.9595 0
0.9605 0
0.9615 0
0.9625 0
0.9635 0
0.9645 0
0.9655 0
0.9665 0
0.9675 0
0.9685 0
0.9695 0
0.9705 0
0.9715 0
0.9725 0
0.9735 0
0.9745 0
0.9755 0
0.9765 0
0.9775 0
0.9785 0
0.9795 0
0.9805 0
0.9815 0
0.9825 0
0.9835 0
0.9845 0
0.9855 0
0.9865 0
0.9875 0
0.9885 0
0.9895 0
0.9905 0
0.9915 0
0.9925 0
0.9935 0
0.9945 0
0.9955 0
0.9965 0
0.9975 0
0.9985 0
0.9995 0
