
# time = 0.4992
0.0005 0.807401
0.0015 0.854988
0.0025 0.836494
0.0035 0.79701
0.0045 0.83164
0.0055 0.85586
0.0065 0.812231
0.0075 0.806424
0.0085 0.850068
0.0095 0.838488
0.0105 0.802653
0.0115 0.826025
0.0125 0.849056
0.0135 0.821757
0.0145 0.811351
0.0155 0.834507
0.0165 0.837112
0.0175 0.822565
0.0185 0.819432
0.0195 0.826071
0.0205 0.837358
0.0215 0.832008
0.0225 0.808913
0.0235 0.822074
0.0245 0.853574
0.0255 0.825185
0.0265 0.794104
0.0275 0.838095
0.0285 0.858454
0.0295 0.806456
0.0305 0.801557
0.0315 0.848587
0.0325 0.842508
0.0335 0.810964
0.0345 0.814834
0.0355 0.829064
0.0365 0.84136
0.0375 0.835373
0.0385 0.800891
0.0395 0.811651
0.0405 0.860838
0.0415 0.838473
0.0425 0.79059
0.0435 0.817135
0.0445 0.85
0.0455 0.837108
0.0465 0.82004
0.0475 0.803637
0.0485 0.81556
0.0495 0.860306
0.0505 0.843276
0.0515 0.78905
0.0525 0.806903
0.0535 0.846196
0.0545 0.845622
0.0555 0.833068
0.0565 0.80105
0.0575 0.792703
0.0585 0.848845
0.0595 0.865091
0.0605 0.818059
0.0615 0.798773
0.0625 0.802239
0.0635 0.826741
0.0645 0.870568
0.0655 0.846359
0.0665 0.78969
0.0675 0.792969
0.0685 0.815933
0.0695 0.84763
0.0705 0.875808
0.0715 0.830671
0.0725 0.780395
0.0735 0.789812
0.0745 0.810049
0.0755 0.854272
0.0765 0.886887
0.0775 0.841348
0.0785 0.795378
0.0795 0.776745
0.0805 0.770078
0.0815 0.826637
0.0825 0.882191
0.0835 0.882161
0.0845 0.872042
0.0855 0.818052
0.0865 0.752054
0.0875 0.747709
0.0885 0.757998
0.0895 0.801868
0.0905 0.8828
0.0915 0.918592
0.0925 0.939661
0.0935 0.935489
0.0945 0.865567
0.0955 0.799234
0.0965 0.715483
0.0975 0.607325
0.0985 0.535461
0.0995 0.44746
0.1005 0.358933
0.1015 0.299595
0.1025 0.208424
0.1035 0.13241
0.1045 0.0723785
0.1055 -0.00697638
0.1065 -0.0370539
0.1075 -0.0491448
0.1085 -0.0481392
0.1095 0.00875917
0.1105 0.0485206
0.1115 0.0847798
0.1125 0.114557
0.1135 0.0799941
0.1145 0.0480209
0.1155 0.011036
0.1165 -0.0240563
0.1175 0.00683044
0.1185 0.0367831
0.1195 0.0688489
0.1205 0.0934464
0.1215 0.0520648
0.1225 0.022103
0.1235 0.00334788
0.1245 0.00188459
0.1255 0.0555119
0.1265 0.0720139
0.1275 0.0635026
0.1285 0.0420628
0.1295 -0.00242753
0.1305 0.0175625
0.1315 0.0495898
0.1325 0.0631913
0.1335 0.0677458
0.1345 0.0188702
0.1355 0.00837285
0.1365 0.0352582
0.1375 0.052043
0.1385 0.0723564
0.1395 0.0334821
0.1405 0.00838606
0.1415 0.0326893
0.1425 0.0474667
0.1435 0.0689868
0.1445 0.0373985
0.1455 0.00806378
0.1465 0.036897
0.1475 0.050229
0.1485 0.062421
0.1495 0.0330231
0.1505 0.00848058
0.1515 0.0469358
0.1525 0.0550672
0.1535 0.0504872
0.1545 0.024894
0.1555 0.0158383
0.1565 0.0610617
0.1575 0.0525525
0.1585 0.0324089
0.1595 0.0234656
0.1605 0.033966
0.1615 0.0684728
0.1625 0.0351984
0.1635 0.0199352
0.1645 0.03967
0.1655 0.0503976
0.1665 0.0543518
0.1675 0.015715
0.1685 0.0327008
0.1695 0.0606542
0.1705 0.0402212
0.1715 0.0313997
0.1725 0.0247185
0.1735 0.0580759
0.1745 0.0500628
0.1755 0.0163014
0.1765 0.0414653
0.1775 0.0488213
0.1785 0.048329
0.1795 0.0235517
0.1805 0.0316308
0.1815 0.0646182
0.1825 0.0313101
0.1835 0.0287726
0.1845 0.0412102
0.1855 0.0524714
0.1865 0.0395692
0.1875 0.0174268
0.1885 0.0573771
0.1895 0.0460368
0.1905 0.0270328
0.1915 0.036727
0.1925 0.0475581
0.1935 0.0500458
0.1945 0.017111
0.1955 0.0473567
0.1965 0.0537613
0.1975 0.0268471
0.1985 0.0366865
0.1995 0.0443344
0.2005 0.0517724
0.2015 0.0208083
0.2025 0.0421016
0.2035 0.05709
0.2045 0.0248195
0.2055 0.0386458
0.2065 0.0451342
0.2075 0.0478093
0.2085 0.0241463
0.2095 0.0425386
0.2105 0.0568012
0.2115 0.0210709
0.2125 0.0432915
0.2135 0.0471087
0.2145 0.0400874
0.2155 0.0286038
0.2165 0.0468533
0.2175 0.0511292
0.2185 0.0186634
0.2195 0.0519654
0.2205 0.0444914
0.2215 0.0318516
0.2225 0.0380005
0.2235 0.0489305
0.2245 0.0401885
0.2255 0.0241083
0.2265 0.0601205
0.2275 0.0328851
0.2285 0.0321476
0.2295 0.0498738
0.2305 0.0404635
0.2315 0.0337364
0.2325 0.0387272
0.2335 0.0554352
0.2345 0.021267
0.2355 0.0474328
0.2365 0.0483827
0.2375 0.0277391
0.2385 0.0443697
0.2395 0.0445657
0.2405 0.0389176
0.2415 0.0296573
0.2425 0.058285
0.2435 0.0286707
0.2445 0.0367607
0.2455 0.0539602
0.2465 0.0294746
0.2475 0.041148
0.2485 0.0442449
0.2495 0.0428104
0.2505 0.0272272
0.2515 0.056529
0.2525 0.0335212
0.2535 0.0329604
0.2545 0.0552459
0.2555 0.0299151
0.2565 0.041242
0.2575 0.043853
0.2585 0.0427377
0.2595 0.0284954
0.2605 0.0557619
0.2615 0.0328849
0.2625 0.0347307
0.2635 0.0549739
0.2645 0.0278704
0.2655 0.0443456
0.2665 0.0432863
0.2675 0.039862
0.2685 0.0326594
0.2695 0.0551563
0.2705 0.0282741
0.2715 0.0421515
0.2725 0.0507053
0.2735 0.0260493
0.2745 0.0504668
0.2755 0.0392548
0.2765 0.0378091
0.2775 0.0396847
0.2785 0.0500991
0.2795 0.025687
0.2805 0.0529088
0.2815 0.0385736
0.2825 0.0320099
0.2835 0.0540702
0.2845 0.0309475
0.2855 0.0429276
0.2865 0.043367
0.2875 0.0403797
0.2885 0.0334769
0.2895 0.0552805
0.2905 0.025426
0.2915 0.0493974
0.2925 0.0427087
0.2935 0.0311567
0.2945 0.0514079
0.2955 0.035555
0.2965 0.0396939
0.2975 0.0442403
0.2985 0.0417927
0.2995 0.0318112
0.3005 0.056686
0.3015 0.0244981
0.3025 0.051279
0.3035 0.0398581
0.3045 0.0349205
0.3055 0.0483074
0.3065 0.0378791
0.3075 0.0380963
0.3085 0.0468157
0.3095 0.0380133
0.3105 0.0364915
0.3115 0.0537214
0.3125 0.0240589
0.3135 0.0562109
0.3145 0.0325541
0.3155 0.0420407
0.3165 0.0443673
0.3175 0.0388605
0.3185 0.0382384
0.3195 0.0495113
0.3205 0.0306435
0.3215 0.0484142
0.3225 0.0412669
0.3235 0.0328904
0.3245 0.0545759
0.3255 0.0277783
0.3265 0.0500965
0.3275 0.0383912
0.3285 0.0399352
0.3295 0.0422745
0.3305 0.0446721
0.3315 0.0314546
0.3325 0.0559254
0.3335 0.0258461
0.3345 0.0527701
0.3355 0.0367502
0.3365 0.0389496
0.3375 0.0476073
0.3385 0.0354229
0.3395 0.0432728
0.3405 0.044517
0.3415 0.0348471
0.3425 0.0474595
0.3435 0.0396649
0.3445 0.0364202
0.3455 0.0526895
0.3465 0.0266614
0.3475 0.0555881
0.3485 0.0313414
0.3495 0.0460037
0.3505 0.0413465
0.3515 0.0401892
0.3525 0.0405012
0.3535 0.047365
0.3545 0.0301912
0.3555 0.0564784
0.3565 0.026229
0.3575 0.0536147
0.3585 0.035022
0.3595 0.0422293
0.3605 0.0449237
0.3615 0.0373269
0.3625 0.0435118
0.3635 0.0440577
0.3645 0.0346131
0.3655 0.0513908
0.3665 0.0320608
0.3675 0.0479437
0.3685 0.0406642
0.3695 0.0370257
0.3705 0.0504505
0.3715 0.0314972
0.3725 0.0503069
0.3735 0.0369015
0.3745 0.0419833
0.3755 0.045051
0.3765 0.0371
0.3775 0.0449182
0.3785 0.0424432
0.3795 0.0360455
0.3805 0.0522145
0.3815 0.0283964
0.3825 0.055614
0.3835 0.0301632
0.3845 0.049529
0.3855 0.0385935
0.3865 0.0415281
0.3875 0.0437644
0.3885 0.0408324
0.3895 0.0398643
0.3905 0.0482643
0.3915 0.0311151
0.3925 0.0559563
0.3935 0.0266577
0.3945 0.056114
0.3955 0.0308196
0.3965 0.0489416
0.3975 0.039086
0.3985 0.0418897
0.3995 0.0431633
0.4005 0.0418799
0.4015 0.0392535
0.4025 0.0487262
0.4035 0.0313279
0.4045 0.055816
0.4055 0.0268926
0.4065 0.0566329
0.4075 0.0299257
0.4085 0.0505961
0.4095 0.0376053
0.4105 0.043132
0.4115 0.0432666
0.4125 0.0405598
0.4135 0.042362
0.4145 0.0447016
0.4155 0.0360934
0.4165 0.0517135
0.4175 0.030009
0.4185 0.0555997
0.4195 0.0292651
0.4205 0.0530869
0.4215 0.0346534
0.4225 0.0459239
0.4235 0.042344
0.4245 0.0391696
0.4255 0.0470985
0.4265 0.0372136
0.4275 0.0461855
0.4285 0.0406796
0.4295 0.0411161
0.4305 0.0462944
0.4315 0.0362493
0.4325 0.0494504
0.4335 0.0356042
0.4345 0.0474046
0.4355 0.0402209
0.4365 0.0409296
0.4375 0.0477176
0.4385 0.0335543
0.4395 0.0540449
0.4405 0.0291734
0.4415 0.0560733
0.4425 0.0296981
0.4435 0.0533444
0.4445 0.0341395
0.4455 0.048067
0.4465 0.0394678
0.4475 0.0435941
0.4485 0.0425221
0.4495 0.0424384
0.4505 0.0417729
0.4515 0.0449722
0.4525 0.0380053
0.4535 0.049414
0.4545 0.0337085
0.4555 0.0529346
0.4565 0.0316593
0.4575 0.0531737
0.4585 0.0335113
0.4595 0.0493694
0.4605 0.0390701
0.4615 0.0426175
0.4625 0.0464973
0.4635 0.035263
0.4645 0.0532203
0.4655 0.0298198
0.4665 0.0570455
0.4675 0.0279522
0.4685 0.0569747
0.4695 0.0299345
0.4705 0.0534366
0.4715 0.0347267
0.4725 0.0479376
0.4735 0.0405345
0.4745 0.042369
0.4755 0.0455518
0.4765 0.0382946
0.4775 0.0485753
0.4785 0.0364861
0.4795 0.049288
0.4805 0.0368284
0.4815 0.0481753
0.4825 0.0385555
0.4835 0.0461776
0.4845 0.0406642
0.4855 0.0442563
0.4865 0.0423225
0.4875 0.0430491
0.4885 0.0431254
0.4895 0.0427182
0.4905 0.0431375
0.4915 0.0430097
0.4925 0.042748
0.4935 0.0434623
0.4945 0.042426
0.4955 0.0436586
0.4965 0.0424884
0.4975 0.0434154
0.4985 0.0429692
0.4995 0.0428444
0.5005 0.0436325
0.5015 0.0422698
0.5025 0.0441123
0.5035 0.0420474
0.5045 0.0441142
0.5055 0.042365
0.5065 0.0435911
0.5075 0.0431112
0.5085 0.0428121
0.5095 0.0438791
0.5105 0.0422836
0.5115 0.0441165
0.5125 0.0425384
0.5135 0.04338
0.5145 0.0438637
0.5155 0.0415957
0.5165 0.0460803
0.5175 0.0392117
0.5185 0.0484832
0.5195 0.0371481
0.5205 0.0500077
0.5215 0.0365186
0.5225 0.0496044
0.5235 0.0381884
0.5245 0.0467076
0.5255 0.0423257
0.5265 0.041614
0.5275 0.0481426
0.5285 0.0355801
0.5295 0.0539893
0.5305 0.0305239
0.5315 0.0578463
0.5325 0.028371
0.5335 0.0580868
0.5345 0.0302572
0.5355 0.0542231
0.5365 0.035922
0.5375 0.0472895
0.5385 0.0436162
0.5395 0.0396052
0.5405 0.0506721
0.5415 0.0339077
0.5425 0.0545898
0.5435 0.0321597
0.5445 0.0541979
0.5455 0.0345686
0.5465 0.0503142
0.5475 0.0393584
0.5485 0.0454765
0.5495 0.0435401
0.5505 0.0427341
0.5515 0.0444268
0.5525 0.0440139
0.5535 0.0411644
0.5545 0.0489211
0.5555 0.0353993
0.5565 0.054743
0.5575 0.0305509
0.5585 0.0578452
0.5595 0.0299114
0.5605 0.055818
0.5615 0.0345731
0.5625 0.0491359
0.5635 0.0424854
0.5645 0.0411758
0.5655 0.0494331
0.5665 0.0363292
0.5675 0.0515815
0.5685 0.0371927
0.5695 0.0480785
0.5705 0.0426474
0.5715 0.0418984
0.5725 0.048324
0.5735 0.03806
0.5745 0.0494653
0.5755 0.0401449
0.5765 0.0444065
0.5775 0.0474897
0.5785 0.036115
0.5795 0.0553084
0.5805 0.030315
0.5815 0.058062
0.5825 0.0312108
0.5835 0.0538169
0.5845 0.0379558
0.5855 0.0461424
0.5865 0.0449086
0.5875 0.0416119
0.5885 0.0459744
0.5895 0.0444601
0.5905 0.0398139
0.5915 0.0527031
0.5925 0.0314134
0.5935 0.0593955
0.5945 0.0281125
0.5955 0.0585478
0.5965 0.0330408
0.5975 0.0507775
0.5985 0.0418308
0.5995 0.0432629
0.6005 0.0461968
0.6015 0.0433187
0.6025 0.0417304
0.6035 0.051174
0.6045 0.0326115
0.6055 0.0591823
0.6065 0.0280214
0.6075 0.0590791
0.6085 0.0329845
0.6095 0.050613
0.6105 0.0427217
0.6115 0.0424236
0.6125 0.0470807
0.6135 0.0432666
0.6145 0.0413438
0.6155 0.052255
0.6165 0.0319549
0.6175 0.0591345
0.6185 0.0299706
0.6195 0.0554525
0.6205 0.038486
0.6215 0.044655
0.6225 0.0483758
0.6235 0.038798
0.6245 0.0484961
0.6255 0.0443882
0.6265 0.0393285
0.6275 0.0538572
0.6285 0.0332074
0.6295 0.0541824
0.6305 0.0393312
0.6315 0.0433695
0.6325 0.0515129
0.6335 0.0338711
0.6345 0.0553133
0.6355 0.0369075
0.6365 0.046985
0.6375 0.0470976
0.6385 0.0393203
0.6395 0.0488637
0.6405 0.0447686
0.6415 0.0378549
0.6425 0.0575634
0.6435 0.0280552
0.6445 0.0607789
0.6455 0.0326287
0.6465 0.0504839
0.6475 0.0443609
0.6485 0.0424
0.6495 0.045353
0.6505 0.0490684
0.6515 0.0339948
0.6525 0.060077
0.6535 0.0286082
0.6545 0.0569801
0.6555 0.03957
0.6565 0.042409
0.6575 0.0519708
0.6585 0.0371823
0.6595 0.0484486
0.6605 0.0470531
0.6615 0.0378943
0.6625 0.0522831
0.6635 0.0417241
0.6645 0.0401639
0.6655 0.0573495
0.6665 0.0279213
0.6675 0.0608718
0.6685 0.0344722
0.6695 0.0479899
0.6705 0.0469184
0.6715 0.0426365
0.6725 0.0424448
0.6735 0.0544516
0.6745 0.0301454
0.6755 0.0598614
0.6765 0.0357956
0.6775 0.0449142
0.6785 0.0533729
0.6795 0.0330576
0.6805 0.0543753
0.6815 0.0421386
0.6825 0.0418829
0.6835 0.0494908
0.6845 0.0453929
0.6855 0.0360568
0.6865 0.0617182
0.6875 0.0262869
0.6885 0.0589788
0.6895 0.0405367
0.6905 0.0410904
0.6915 0.0522469
0.6925 0.0415544
0.6935 0.0415896
0.6945 0.0538091
0.6955 0.0378224
0.6965 0.0444228
0.6975 0.0565291
0.6985 0.0268872
0.6995 0.0626956
0.7005 0.0354949
0.7015 0.0454602
0.7025 0.0498734
0.7035 0.0432773
0.7045 0.0395105
0.7055 0.0573408
0.7065 0.034004
0.7075 0.0476958
0.7085 0.0548912
0.7095 0.0279591
0.7105 0.0614987
0.7115 0.0376221
0.7125 0.0440269
0.7135 0.0492192
0.7145 0.0471923
0.7155 0.0344669
0.7165 0.060661
0.7175 0.0353021
0.7185 0.0430391
0.7195 0.0593686
0.7205 0.0284056
0.7215 0.0557602
0.7225 0.0451391
0.7235 0.0412509
0.7245 0.0446446
0.7255 0.0563803
0.7265 0.0288072
0.7275 0.0571695
0.7285 0.0472917
0.7295 0.0313218
0.7305 0.0621736
0.7315 0.036953
0.7325 0.0438835
0.7335 0.0496755
0.7345 0.0492831
0.7355 0.0312557
0.7365 0.0623123
0.7375 0.0388862
0.7385 0.0367979
0.7395 0.0632705
0.7405 0.0321361
0.7415 0.0475149
0.7425 0.0505863
0.7435 0.0458066
0.7445 0.0338463
0.7455 0.0629243
0.7465 0.0369365
0.7475 0.0377744
0.7485 0.0644144
0.7495 0.0308329
0.7505 0.0477882
0.7515 0.0512784
0.7525 0.0459725
0.7535 0.0333509
0.7545 0.0618627
0.7555 0.0414285
0.7565 0.0323776
0.7575 0.0666202
0.7585 0.0340023
0.7595 0.0433375
0.7605 0.0517878
0.7615 0.0502821
0.7625 0.0310878
0.7635 0.0558541
0.7645 0.0540366
0.7655 0.0239564
0.7665 0.0633256
0.7675 0.0450567
0.7685 0.0375134
0.7695 0.0467035
0.7705 0.0576615
0.7715 0.03597
0.7725 0.0379594
0.7735 0.0692177
0.7745 0.0276219
0.7755 0.0453716
0.7765 0.0571651
0.7775 0.0434642
0.7785 0.0357846
0.7795 0.0521142
0.7805 0.0595954
0.7815 0.0211408
0.7825 0.058793
0.7835 0.0548141
0.7845 0.0322977
0.7855 0.0458242
0.7865 0.0555443
0.7875 0.0492476
0.7885 0.0241173
0.7895 0.0659934
0.7905 0.0496027
0.7915 0.0271912
0.7925 0.0552023
0.7935 0.0534584
0.7945 0.0437538
0.7955 0.0286592
0.7965 0.0668157
0.7975 0.0489389
0.7985 0.0235281
0.7995 0.0600105
0.8005 0.0527497
0.8015 0.0416313
0.8025 0.0309478
0.8035 0.0633985
0.8045 0.0551135
0.8055 0.0194195
0.8065 0.057981
0.8075 0.0567624
0.8085 0.0422051
0.8095 0.0307555
0.8105 0.054692
0.8115 0.0672141
0.8125 0.0200121
0.8135 0.0455057
0.8145 0.0625162
0.8155 0.0485404
0.8165 0.0323664
0.8175 0.0371626
0.8185 0.0763341
0.8195 0.037246
0.8205 0.0265773
0.8215 0.0568323
0.8225 0.0587869
0.8235 0.0478535
0.8245 0.0185719
0.8255 0.05922
0.8265 0.0692332
0.8275 0.0289767
0.8285 0.0355116
0.8295 0.0483721
0.8305 0.0723539
0.8315 0.0380573
0.8325 0.0178012
0.8335 0.0641255
0.8345 0.061181
0.8355 0.0463751
0.8365 0.022343
0.8375 0.0420726
0.8385 0.0818649
0.8395 0.0408743
0.8405 0.0263021
0.8415 0.0379413
0.8425 0.0638639
0.8435 0.072795
0.8445 0.0183212
0.8455 0.0282356
0.8465 0.0605341
0.8475 0.0672602
0.8485 0.0552733
0.8495 0.00909179
0.8505 0.0386557
0.8515 0.0754539
0.8525 0.061493
0.8535 0.042821
0.8545 0.0084433
0.8555 0.0445123
0.8565 0.0836397
0.8575 0.0582991
0.8585 0.037724
0.8595 0.00859564
0.8605 0.0400562
0.8615 0.08783
0.8625 0.0642502
0.8635 0.0412981
0.8645 0.0081779
0.8655 0.0221264
0.8665 0.0820567
0.8675 0.078345
0.8685 0.0599611
0.8695 0.019289
0.8705 -0.00443671
0.8715 0.0498141
0.8725 0.0785177
0.8735 0.0891523
0.8745 0.0669696
0.8755 0.00105965
0.8765 0.0012138
0.8775 0.0254773
0.8785 0.0646634
0.8795 0.115222
0.8805 0.0858094
0.8815 0.0444751
0.8825 0.00536068
0.8835 -0.0318991
0.8845 0.0109532
0.8855 0.0587077
0.8865 0.100538
0.8875 0.142575
0.8885 0.106421
0.8895 0.0595964
0.8905 0.00754621
0.8915 -0.0632457
0.8925 -0.0666721
0.8935 -0.0516972
0.8945 -0.01321
0.8955 0.0837297
0.8965 0.157912
0.8975 0.24849
0.8985 0.35289
0.8995 0.415189
0.9005 0.505253
0.9015 0.588177
0.9025 0.646312
0.9035 0.742407
0.9045 0.809076
0.9055 0.858963
0.9065 0.92158
0.9075 0.920242
0.9085 0.90362
0.9095 0.881389
0.9105 0.811206
0.9115 0.77976
0.9125 0.774819
0.9135 0.771196
0.9145 0.828369
0.9155 0.870861
0.9165 0.872948
0.9175 0.879795
0.9185 0.833456
0.9195 0.785123
0.9205 0.797497
0.9215 0.807242
0.9225 0.841887
0.9235 0.884322
0.9245 0.852187
0.9255 0.818004
0.9265 0.807468
0.9275 0.792794
0.9285 0.83513
0.9295 0.874842
0.9305 0.845068
0.9315 0.824156
0.9325 0.808629
0.9335 0.798646
0.9345 0.848819
0.9355 0.869398
0.9365 0.827558
0.9375 0.814174
0.9385 0.811807
0.9395 0.820369
0.9405 0.864289
0.9415 0.851041
0.9425 0.799898
0.9435 0.813382
0.9445 0.838137
0.9455 0.841754
0.9465 0.849191
0.9475 0.81705
0.9485 0.796347
0.9495 0.8466
0.9505 0.859651
0.9515 0.81717
0.9525 0.814445
0.9535 0.827632
0.9545 0.834131
0.9555 0.850856
0.9565 0.825589
0.9575 0.796662
0.9585 0.840722
0.9595 0.861056
0.9605 0.813504
0.9615 0.809345
0.9625 0.841066
0.9635 0.837668
0.9645 0.830505
0.9655 0.824822
0.9665 0.813933
0.9675 0.839703
0.9685 0.851929
0.9695 0.807538
0.9705 0.809019
0.9715 0.859235
0.9725 0.838691
0.9735 0.797745
0.9745 0.830867
0.9755 0.853131
0.9765 0.819863
0.9775 0.815307
0.9785 0.837328
0.9795 0.83298
0.9805 0.826244
0.9815 0.827783
0.9825 0.823072
0.9835 0.832433
0.9845 0.839007
0.9855 0.816968
0.9865 0.81845
0.9875 0.847949
0.9885 0.831699
0.9895 0.803645
0.9905 0.835286
0.9915 0.852264
0.9925 0.80987
0.9935 0.810443
0.9945 0.854909
0.9955 0.834617
0.9965 0.797441
0.9975 0.83435
0.9985 0.856065
0.9995 0.809229
