
# time = 0.5
0.0005 0.827706
0.0015 0.827508
0.0025 0.827398
0.0035 0.827344
0.0045 0.827322
0.0055 0.827313
0.0065 0.82731
0.0075 0.82731
0.0085 0.827309
0.0095 0.827309
0.0105 0.827309
0.0115 0.827309
0.0125 0.827309
0.0135 0.827309
0.0145 0.827309
0.0155 0.827309
0.0165 0.827309
0.0175 0.827309
0.0185 0.827308
0.0195 0.827306
0.0205 0.827297
0.0215 0.827275
0.0225 0.827221
0.0235 0.827111
0.0245 0.826914
0.0255 0.826637
0.0265 0.82644
0.0275 0.82633
0.0285 0.826276
0.0295 0.826254
0.0305 0.826245
0.0315 0.826243
0.0325 0.826242
0.0335 0.826242
0.0345 0.826242
0.0355 0.826242
0.0365 0.826242
0.0375 0.826242
0.0385 0.826242
0.0395 0.826242
0.0405 0.826242
0.0415 0.826241
0.0425 0.826241
0.0435 0.82624
0.0445 0.826238
0.0455 0.826229
0.0465 0.826207
0.0475 0.826154
0.0485 0.826044
0.0495 0.825847
0.0505 0.825571
0.0515 0.825375
0.0525 0.825265
0.0535 0.825212
0.0545 0.825189
0.0555 0.825181
0.0565 0.825178
0.0575 0.825177
0.0585 0.825177
0.0595 0.825177
0.0605 0.825177
0.0615 0.825177
0.0625 0.825177
0.0635 0.825177
0.0645 0.825177
0.0655 0.825177
0.0665 0.825177
0.0675 0.825177
0.0685 0.825176
0.0695 0.825173
0.0705 0.825165
0.0715 0.825142
0.0725 0.825089
0.0735 0.82498
0.0745 0.824784
0.0755 0.824509
0.0765 0.824312
0.0775 0.824203
0.0785 0.82415
0.0795 0.824128
0.0805 0.824119
0.0815 0.824116
0.0825 0.824116
0.0835 0.824115
0.0845 0.824115
0.0855 0.824115
0.0865 0.824115
0.0875 0.824115
0.0885 0.824115
0.0895 0.824114
0.0905 0.824108
0.0915 0.824074
0.0925 0.823924
0.0935 0.823337
0.0945 0.821308
0.0955 0.815122
0.0965 0.79851
0.0975 0.759296
0.0985 0.678317
0.0995 0.533181
0.1005 0.329766
0.1015 0.184629
0.1025 0.10365
0.1035 0.0644367
0.1045 0.0478245
0.1055 0.0416387
0.1065 0.0396092
0.1075 0.039022
0.1085 0.0388724
0.1095 0.0388389
0.1105 0.0388323
0.1115 0.0388312
0.1125 0.038831
0.1135 0.038831
0.1145 0.038831
0.1155 0.038831
0.1165 0.038831
0.1175 0.0388311
0.1185 0.0388313
0.1195 0.038832
0.1205 0.0388342
0.1215 0.03884
0.1225 0.0388538
0.1235 0.0388823
0.1245 0.0389333
0.1255 0.0390049
0.1265 0.0390559
0.1275 0.0390844
0.1285 0.0390982
0.1295 0.039104
0.1305 0.0391062
0.1315 0.0391069
0.1325 0.0391071
0.1335 0.0391072
0.1345 0.0391072
0.1355 0.0391072
0.1365 0.0391072
0.1375 0.0391072
0.1385 0.0391072
0.1395 0.0391072
0.1405 0.0391072
0.1415 0.0391072
0.1425 0.0391072
0.1435 0.0391075
0.1445 0.0391082
0.1455 0.0391103
0.1465 0.0391162
0.1475 0.03913
0.1485 0.0391584
0.1495 0.0392094
0.1505 0.0392809
0.1515 0.0393319
0.1525 0.0393603
0.1535 0.0393741
0.1545 0.03938
0.1555 0.0393821
0.1565 0.0393828
0.1575 0.0393831
0.1585 0.0393831
0.1595 0.0393831
0.1605 0.0393831
0.1615 0.0393831
0.1625 0.0393831
0.1635 0.0393831
0.1645 0.0393831
0.1655 0.0393831
0.1665 0.0393831
0.1675 0.0393832
0.1685 0.0393834
0.1695 0.0393841
0.1705 0.0393863
0.1715 0.0393921
0.1725 0.0394059
0.1735 0.0394343
0.1745 0.0394852
0.1755 0.0395566
0.1765 0.0396076
0.1775 0.039636
0.1785 0.0396498
0.1795 0.0396556
0.1805 0.0396578
0.1815 0.0396585
0.1825 0.0396587
0.1835 0.0396588
0.1845 0.0396588
0.1855 0.0396588
0.1865 0.0396588
0.1875 0.0396588
0.1885 0.0396588
0.1895 0.0396588
0.1905 0.0396588
0.1915 0.0396588
0.1925 0.0396588
0.1935 0.039659
0.1945 0.0396598
0.1955 0.0396619
0.1965 0.0396678
0.1975 0.0396815
0.1985 0.0397099
0.1995 0.0397608
0.2005 0.0398321
0.2015 0.039883
0.2025 0.0399114
0.2035 0.0399251
0.2045 0.039931
0.2055 0.0399331
0.2065 0.0399338
0.2075 0.039934
0.2085 0.0399341
0.2095 0.0399341
0.2105 0.0399341
0.2115 0.0399341
0.2125 0.0399341
0.2135 0.0399341
0.2145 0.0399341
0.2155 0.0399341
0.2165 0.0399341
0.2175 0.0399342
0.2185 0.0399344
0.2195 0.0399351
0.2205 0.0399373
0.2215 0.0399431
0.2225 0.0399568
0.2235 0.0399852
0.2245 0.040036
0.2255 0.0401072
0.2265 0.0401581
0.2275 0.0401864
0.2285 0.0402001
0.2295 0.040206
0.2305 0.0402081
0.2315 0.0402088
0.2325 0.040209
0.2335 0.0402091
0.2345 0.0402091
0.2355 0.0402091
0.2365 0.0402091
0.2375 0.0402091
0.2385 0.0402091
0.2395 0.0402091
0.2405 0.0402091
0.2415 0.0402091
0.2425 0.0402092
0.2435 0.0402094
0.2445 0.0402101
0.2455 0.0402123
0.2465 0.0402181
0.2475 0.0402318
0.2485 0.0402601
0.2495 0.0403109
0.2505 0.040382
0.2515 0.0404328
0.2525 0.0404611
0.2535 0.0404748
0.2545 0.0404806
0.2555 0.0404828
0.2565 0.0404835
0.2575 0.0404837
0.2585 0.0404837
0.2595 0.0404837
0.2605 0.0404837
0.2615 0.0404837
0.2625 0.0404837
0.2635 0.0404837
0.2645 0.0404837
0.2655 0.0404837
0.2665 0.0404838
0.2675 0.0404838
0.2685 0.040484
0.2695 0.0404847
0.2705 0.0404869
0.2715 0.0404927
0.2725 0.0405064
0.2735 0.0405347
0.2745 0.0405853
0.2755 0.0406564
0.2765 0.040707
0.2775 0.0407353
0.2785 0.040749
0.2795 0.0407548
0.2805 0.040757
0.2815 0.0407577
0.2825 0.0407579
0.2835 0.0407579
0.2845 0.040758
0.2855 0.040758
0.2865 0.040758
0.2875 0.040758
0.2885 0.040758
0.2895 0.040758
0.2905 0.040758
0.2915 0.040758
0.2925 0.040758
0.2935 0.0407582
0.2945 0.0407589
0.2955 0.0407611
0.2965 0.0407669
0.2975 0.0407806
0.2985 0.0408088
0.2995 0.0408594
0.3005 0.0409303
0.3015 0.0409809
0.3025 0.0410091
0.3035 0.0410228
0.3045 0.0410286
0.3055 0.0410308
0.3065 0.0410315
0.3075 0.0410317
0.3085 0.0410317
0.3095 0.0410317
0.3105 0.0410317
0.3115 0.0410317
0.3125 0.0410317
0.3135 0.0410317
0.3145 0.0410317
0.3155 0.0410317
0.3165 0.0410318
0.3175 0.0410318
0.3185 0.041032
0.3195 0.0410327
0.3205 0.0410349
0.3215 0.0410406
0.3225 0.0410543
0.3235 0.0410825
0.3245 0.041133
0.3255 0.0412038
0.3265 0.0412543
0.3275 0.0412825
0.3285 0.0412961
0.3295 0.0413019
0.3305 0.0413041
0.3315 0.0413048
0.3325 0.041305
0.3335 0.041305
0.3345 0.041305
0.3355 0.041305
0.3365 0.041305
0.3375 0.041305
0.3385 0.041305
0.3395 0.041305
0.3405 0.0413051
0.3415 0.0413051
0.3425 0.0413051
0.3435 0.0413053
0.3445 0.041306
0.3455 0.0413082
0.3465 0.0413139
0.3475 0.0413276
0.3485 0.0413557
0.3495 0.0414061
0.3505 0.0414768
0.3515 0.0415272
0.3525 0.0415553
0.3535 0.041569
0.3545 0.0415747
0.3555 0.0415769
0.3565 0.0415776
0.3575 0.0415778
0.3585 0.0415778
0.3595 0.0415779
0.3605 0.0415779
0.3615 0.0415779
0.3625 0.0415779
0.3635 0.0415779
0.3645 0.0415779
0.3655 0.0415779
0.3665 0.0415779
0.3675 0.0415779
0.3685 0.0415781
0.3695 0.0415788
0.3705 0.041581
0.3715 0.0415867
0.3725 0.0416003
0.3735 0.0416284
0.3745 0.0416787
0.3755 0.0417493
0.3765 0.0417996
0.3775 0.0418277
0.3785 0.0418413
0.3795 0.041847
0.3805 0.0418492
0.3815 0.0418499
0.3825 0.0418501
0.3835 0.0418501
0.3845 0.0418501
0.3855 0.0418501
0.3865 0.0418501
0.3875 0.0418501
0.3885 0.0418501
0.3895 0.0418501
0.3905 0.0418501
0.3915 0.0418501
0.3925 0.0418502
0.3935 0.0418504
0.3945 0.0418511
0.3955 0.0418532
0.3965 0.041859
0.3975 0.0418726
0.3985 0.0419006
0.3995 0.0419508
0.4005 0.0420212
0.4015 0.0420714
0.4025 0.0420994
0.4035 0.042113
0.4045 0.0421187
0.4055 0.0421209
0.4065 0.0421216
0.4075 0.0421218
0.4085 0.0421218
0.4095 0.0421218
0.4105 0.0421218
0.4115 0.0421218
0.4125 0.0421218
0.4135 0.0421218
0.4145 0.0421218
0.4155 0.0421218
0.4165 0.0421218
0.4175 0.0421219
0.4185 0.0421221
0.4195 0.0421228
0.4205 0.0421249
0.4215 0.0421307
0.4225 0.0421442
0.4235 0.0421722
0.4245 0.0422223
0.4255 0.0422925
0.4265 0.0423426
0.4275 0.0423706
0.4285 0.0423841
0.4295 0.0423898
0.4305 0.042392
0.4315 0.0423927
0.4325 0.0423929
0.4335 0.0423929
0.4345 0.0423929
0.4355 0.0423929
0.4365 0.0423929
0.4375 0.0423929
0.4385 0.0423929
0.4395 0.0423929
0.4405 0.0423929
0.4415 0.042393
0.4425 0.042393
0.4435 0.0423932
0.4445 0.0423939
0.4455 0.042396
0.4465 0.0424018
0.4475 0.0424153
0.4485 0.0424432
0.4495 0.0424931
0.4505 0.0425632
0.4515 0.0426132
0.4525 0.0426411
0.4535 0.0426546
0.4545 0.0426603
0.4555 0.0426624
0.4565 0.0426631
0.4575 0.0426633
0.4585 0.0426634
0.4595 0.0426634
0.4605 0.0426634
0.4615 0.0426634
0.4625 0.0426634
0.4635 0.0426634
0.4645 0.0426634
0.4655 0.0426634
0.4665 0.0426634
0.4675 0.0426635
0.4685 0.0426637
0.4695 0.0426644
0.4705 0.0426665
0.4715 0.0426722
0.4725 0.0426857
0.4735 0.0427135
0.4745 0.0427634
0.4755 0.0428332
0.4765 0.0428831
0.4775 0.0429109
0.4785 0.0429244
0.4795 0.0429301
0.4805 0.0429322
0.4815 0.0429329
0.4825 0.0429331
0.4835 0.0429332
0.4845 0.0429332
0.4855 0.0429332
0.4865 0.0429332
0.4875 0.0429332
0.4885 0.0429332
0.4895 0.0429332
0.4905 0.0429332
0.4915 0.0429332
0.4925 0.0429333
0.4935 0.0429335
0.4945 0.0429342
0.4955 0.0429363
0.4965 0.042942
0.4975 0.0429554
0.4985 0.0429832
0.4995 0.0430329
0.5005 0.0431026
0.5015 0.0431523
0.5025 0.0431801
0.5035 0.0431935
0.5045 0.0431992
0.5055 0.0432013
0.5065 0.043202
0.5075 0.0432022
0.5085 0.0432023
0.5095 0.0432023
0.5105 0.0432023
0.5115 0.0432023
0.5125 0.0432023
0.5135 0.0432023
0.5145 0.0432023
0.5155 0.0432023
0.5165 0.0432023
0.5175 0.0432024
0.5185 0.0432026
0.5195 0.0432033
0.5205 0.0432054
0.5215 0.043211
0.5225 0.0432244
0.5235 0.0432521
0.5245 0.0433017
0.5255 0.0433712
0.5265 0.0434208
0.5275 0.0434485
0.5285 0.0434619
0.5295 0.0434676
0.5305 0.0434697
0.5315 0.0434704
0.5325 0.0434706
0.5335 0.0434706
0.5345 0.0434707
0.5355 0.0434707
0.5365 0.0434707
0.5375 0.0434707
0.5385 0.0434707
0.5395 0.0434707
0.5405 0.0434707
0.5415 0.0434707
0.5425 0.0434707
0.5435 0.0434709
0.5445 0.0434716
0.5455 0.0434737
0.5465 0.0434794
0.5475 0.0434927
0.5485 0.0435203
0.5495 0.0435698
0.5505 0.0436391
0.5515 0.0436886
0.5525 0.0437162
0.5535 0.0437295
0.5545 0.0437352
0.5555 0.0437373
0.5565 0.043738
0.5575 0.0437382
0.5585 0.0437382
0.5595 0.0437382
0.5605 0.0437382
0.5615 0.0437382
0.5625 0.0437382
0.5635 0.0437382
0.5645 0.0437382
0.5655 0.0437382
0.5665 0.0437383
0.5675 0.0437383
0.5685 0.0437385
0.5695 0.0437392
0.5705 0.0437413
0.5715 0.0437469
0.5725 0.0437603
0.5735 0.0437878
0.5745 0.0438371
0.5755 0.0439062
0.5765 0.0439555
0.5775 0.043983
0.5785 0.0439963
0.5795 0.044002
0.5805 0.0440041
0.5815 0.0440047
0.5825 0.0440049
0.5835 0.044005
0.5845 0.044005
0.5855 0.044005
0.5865 0.044005
0.5875 0.044005
0.5885 0.044005
0.5895 0.044005
0.5905 0.044005
0.5915 0.044005
0.5925 0.0440051
0.5935 0.0440053
0.5945 0.044006
0.5955 0.0440081
0.5965 0.0440137
0.5975 0.044027
0.5985 0.0440544
0.5995 0.0441035
0.6005 0.0441724
0.6015 0.0442216
0.6025 0.044249
0.6035 0.0442623
0.6045 0.0442679
0.6055 0.04427
0.6065 0.0442707
0.6075 0.0442709
0.6085 0.0442709
0.6095 0.0442709
0.6105 0.0442709
0.6115 0.0442709
0.6125 0.0442709
0.6135 0.0442709
0.6145 0.0442709
0.6155 0.0442709
0.6165 0.044271
0.6175 0.044271
0.6185 0.0442712
0.6195 0.0442719
0.6205 0.044274
0.6215 0.0442796
0.6225 0.0442928
0.6235 0.0443202
0.6245 0.0443691
0.6255 0.0444378
0.6265 0.0444868
0.6275 0.0445141
0.6285 0.0445274
0.6295 0.044533
0.6305 0.0445351
0.6315 0.0445357
0.6325 0.0445359
0.6335 0.044536
0.6345 0.044536
0.6355 0.044536
0.6365 0.044536
0.6375 0.044536
0.6385 0.044536
0.6395 0.044536
0.6405 0.044536
0.6415 0.044536
0.6425 0.0445361
0.6435 0.0445363
0.6445 0.0445369
0.6455 0.044539
0.6465 0.0445446
0.6475 0.0445578
0.6485 0.044585
0.6495 0.0446339
0.6505 0.0447023
0.6515 0.0447511
0.6525 0.0447783
0.6535 0.0447915
0.6545 0.0447971
0.6555 0.0447992
0.6565 0.0447999
0.6575 0.0448001
0.6585 0.0448001
0.6595 0.0448001
0.6605 0.0448001
0.6615 0.0448001
0.6625 0.0448001
0.6635 0.0448001
0.6645 0.0448001
0.6655 0.0448001
0.6665 0.0448002
0.6675 0.0448002
0.6685 0.0448004
0.6695 0.0448011
0.6705 0.0448032
0.6715 0.0448087
0.6725 0.0448219
0.6735 0.044849
0.6745 0.0448976
0.6755 0.0449658
0.6765 0.0450145
0.6775 0.0450416
0.6785 0.0450547
0.6795 0.0450603
0.6805 0.0450624
0.6815 0.0450631
0.6825 0.0450633
0.6835 0.0450633
0.6845 0.0450633
0.6855 0.0450633
0.6865 0.0450633
0.6875 0.0450633
0.6885 0.0450633
0.6895 0.0450633
0.6905 0.0450633
0.6915 0.0450633
0.6925 0.0450634
0.6935 0.0450636
0.6945 0.0450643
0.6955 0.0450663
0.6965 0.0450719
0.6975 0.045085
0.6985 0.045112
0.6995 0.0451605
0.7005 0.0452284
0.7015 0.0452768
0.7025 0.0453039
0.7035 0.045317
0.7045 0.0453225
0.7055 0.0453246
0.7065 0.0453253
0.7075 0.0453255
0.7085 0.0453255
0.7095 0.0453255
0.7105 0.0453255
0.7115 0.0453255
0.7125 0.0453255
0.7135 0.0453255
0.7145 0.0453255
0.7155 0.0453255
0.7165 0.0453255
0.7175 0.0453256
0.7185 0.0453258
0.7195 0.0453265
0.7205 0.0453285
0.7215 0.045334
0.7225 0.0453471
0.7235 0.045374
0.7245 0.0454223
0.7255 0.0454899
0.7265 0.0455382
0.7275 0.0455651
0.7285 0.0455782
0.7295 0.0455837
0.7305 0.0455858
0.7315 0.0455864
0.7325 0.0455866
0.7335 0.0455867
0.7345 0.0455867
0.7355 0.0455867
0.7365 0.0455867
0.7375 0.0455867
0.7385 0.0455867
0.7395 0.0455867
0.7405 0.0455867
0.7415 0.0455867
0.7425 0.0455868
0.7435 0.045587
0.7445 0.0455876
0.7455 0.0455897
0.7465 0.0455952
0.7475 0.0456082
0.7485 0.045635
0.7495 0.0456831
0.7505 0.0457504
0.7515 0.0457985
0.7525 0.0458253
0.7535 0.0458383
0.7545 0.0458438
0.7555 0.0458459
0.7565 0.0458466
0.7575 0.0458467
0.7585 0.0458468
0.7595 0.0458468
0.7605 0.0458468
0.7615 0.0458468
0.7625 0.0458468
0.7635 0.0458468
0.7645 0.0458468
0.7655 0.0458468
0.7665 0.0458468
0.7675 0.0458469
0.7685 0.0458471
0.7695 0.0458477
0.7705 0.0458498
0.7715 0.0458553
0.7725 0.0458682
0.7735 0.0458949
0.7745 0.0459428
0.7755 0.0460099
0.7765 0.0460577
0.7775 0.0460844
0.7785 0.0460974
0.7795 0.0461029
0.7805 0.0461049
0.7815 0.0461056
0.7825 0.0461058
0.7835 0.0461058
0.7845 0.0461058
0.7855 0.0461058
0.7865 0.0461058
0.7875 0.0461058
0.7885 0.0461058
0.7895 0.0461058
0.7905 0.0461058
0.7915 0.0461058
0.7925 0.0461059
0.7935 0.0461061
0.7945 0.0461067
0.7955 0.0461088
0.7965 0.0461142
0.7975 0.0461271
0.7985 0.0461537
0.7995 0.0462014
0.8005 0.0462682
0.8015 0.0463158
0.8025 0.0463424
0.8035 0.0463553
0.8045 0.0463607
0.8055 0.0463628
0.8065 0.0463634
0.8075 0.0463636
0.8085 0.0463637
0.8095 0.0463637
0.8105 0.0463637
0.8115 0.0463637
0.8125 0.0463637
0.8135 0.0463637
0.8145 0.0463637
0.8155 0.0463637
0.8165 0.0463637
0.8175 0.0463638
0.8185 0.046364
0.8195 0.0463646
0.8205 0.0463666
0.8215 0.0463721
0.8225 0.0463849
0.8235 0.0464114
0.8245 0.0464588
0.8255 0.0465253
0.8265 0.0465727
0.8275 0.0465992
0.8285 0.046612
0.8295 0.0466175
0.8305 0.0466195
0.8315 0.0466201
0.8325 0.0466203
0.8335 0.0466204
0.8345 0.0466204
0.8355 0.0466204
0.8365 0.0466204
0.8375 0.0466204
0.8385 0.0466204
0.8395 0.0466204
0.8405 0.0466204
0.8415 0.0466204
0.8425 0.0466205
0.8435 0.0466207
0.8445 0.0466213
0.8455 0.0466233
0.8465 0.0466287
0.8475 0.0466415
0.8485 0.0466678
0.8495 0.0467151
0.8505 0.0467812
0.8515 0.0468285
0.8525 0.0468548
0.8535 0.0468676
0.8545 0.046873
0.8555 0.046875
0.8565 0.0468756
0.8575 0.0468758
0.8585 0.0468759
0.8595 0.0468759
0.8605 0.0468759
0.8615 0.0468759
0.8625 0.0468759
0.8635 0.0468759
0.8645 0.0468759
0.8655 0.0468759
0.8665 0.0468759
0.8675 0.046876
0.8685 0.0468761
0.8695 0.0468768
0.8705 0.0468788
0.8715 0.0468842
0.8725 0.0468969
0.8735 0.0469231
0.8745 0.0469701
0.8755 0.0470359
0.8765 0.0470829
0.8775 0.0471091
0.8785 0.0471218
0.8795 0.0471272
0.8805 0.0471292
0.8815 0.0471299
0.8825 0.0471301
0.8835 0.0471301
0.8845 0.0471301
0.8855 0.0471301
0.8865 0.0471301
0.8875 0.0471302
0.8885 0.0471303
0.8895 0.0471314
0.8905 0.047138
0.8915 0.0471715
0.8925 0.0473209
0.8935 0.0479075
0.8945 0.049935
0.8955 0.0561144
0.8965 0.0727095
0.8975 0.111883
0.8985 0.192779
0.8995 0.337766
0.9005 0.540973
0.9015 0.685961
0.9025 0.766857
0.9035 0.80603
0.9045 0.822625
0.9055 0.828805
0.9065 0.830832
0.9075 0.831419
0.9085 0.831568
0.9095 0.831602
0.9105 0.831608
0.9115 0.831609
0.9125 0.831609
0.9135 0.831609
0.9145 0.831609
0.9155 0.831609
0.9165 0.831609
0.9175 0.831609
0.9185 0.831608
0.9195 0.831606
0.9205 0.831597
0.9215 0.831574
0.9225 0.83152
0.9235 0.831409
0.9245 0.83121
0.9255 0.83093
0.9265 0.830731
0.9275 0.830619
0.9285 0.830566
0.9295 0.830543
0.9305 0.830534
0.9315 0.830531
0.9325 0.830531
0.9335 0.83053
0.9345 0.83053
0.9355 0.83053
0.9365 0.83053
0.9375 0.83053
0.9385 0.83053
0.9395 0.83053
0.9405 0.83053
0.9415 0.83053
0.9425 0.83053
0.9435 0.830529
0.9445 0.830527
0.9455 0.830518
0.9465 0.830495
0.9475 0.830442
0.9485 0.830331
0.9495 0.830132
0.9505 0.829853
0.9515 0.829654
0.9525 0.829543
0.9535 0.829489
0.9545 0.829466
0.9555 0.829458
0.9565 0.829455
0.9575 0.829454
0.9585 0.829454
0.9595 0.829454
0.9605 0.829454
0.9615 0.829454
0.9625 0.829454
0.9635 0.829454
0.9645 0.829454
0.9655 0.829454
0.9665 0.829454
0.9675 0.829454
0.9685 0.829453
0.9695 0.82945
0.9705 0.829442
0.9715 0.829419
0.9725 0.829365
0.9735 0.829255
0.9745 0.829056
0.9755 0.828778
0.9765 0.82858
0.9775 0.828469
0.9785 0.828415
0.9795 0.828393
0.9805 0.828384
0.9815 0.828381
0.9825 0.828381
0.9835 0.82838
0.9845 0.82838
0.9855 0.82838
0.9865 0.82838
0.9875 0.82838
0.9885 0.82838
0.9895 0.82838
0.9905 0.82838
0.9915 0.82838
0.9925 0.82838
0.9935 0.828379
0.9945 0.828376
0.9955 0.828368
0.9965 0.828345
0.9975 0.828292
0.9985 0.828181
0.9995 0.827984
