
# time = 0.9984
0.0005 0.990059
0.0015 0.989869
0.0025 0.98963
0.0035 0.989343
0.0045 0.989006
0.0055 0.988619
0.0065 0.988181
0.0075 0.987692
0.0085 0.987151
0.0095 0.986556
0.0105 0.985907
0.0115 0.985203
0.0125 0.984441
0.0135 0.983622
0.0145 0.982743
0.0155 0.981802
0.0165 0.980799
0.0175 0.979731
0.0185 0.978596
0.0195 0.977392
0.0205 0.976118
0.0215 0.974771
0.0225 0.973349
0.0235 0.971849
0.0245 0.97027
0.0255 0.968609
0.0265 0.966863
0.0275 0.965031
0.0285 0.963108
0.0295 0.961094
0.0305 0.958985
0.0315 0.956778
0.0325 0.954471
0.0335 0.952061
0.0345 0.949545
0.0355 0.946921
0.0365 0.944185
0.0375 0.941336
0.0385 0.93837
0.0395 0.935284
0.0405 0.932077
0.0415 0.928745
0.0425 0.925285
0.0435 0.921696
0.0445 0.917974
0.0455 0.914118
0.0465 0.910125
0.0475 0.905992
0.0485 0.901717
0.0495 0.897299
0.0505 0.892735
0.0515 0.888024
0.0525 0.883164
0.0535 0.878153
0.0545 0.87299
0.0555 0.867673
0.0565 0.862201
0.0575 0.856574
0.0585 0.85079
0.0595 0.844849
0.0605 0.838751
0.0615 0.832494
0.0625 0.82608
0.0635 0.819508
0.0645 0.812778
0.0655 0.805891
0.0665 0.798849
0.0675 0.791651
0.0685 0.784299
0.0695 0.776795
0.0705 0.76914
0.0715 0.761336
0.0725 0.753385
0.0735 0.74529
0.0745 0.737053
0.0755 0.728678
0.0765 0.720166
0.0775 0.711523
0.0785 0.70275
0.0795 0.693852
0.0805 0.684833
0.0815 0.675698
0.0825 0.666449
0.0835 0.657094
0.0845 0.647635
0.0855 0.638078
0.0865 0.628429
0.0875 0.618693
0.0885 0.608876
0.0895 0.598982
0.0905 0.589019
0.0915 0.578992
0.0925 0.568908
0.0935 0.558772
0.0945 0.548592
0.0955 0.538374
0.0965 0.528124
0.0975 0.517849
0.0985 0.507556
0.0995 0.497252
0.1005 0.486944
0.1015 0.476638
0.1025 0.466341
0.1035 0.45606
0.1045 0.445803
0.1055 0.435575
0.1065 0.425384
0.1075 0.415237
0.1085 0.405139
0.1095 0.395098
0.1105 0.38512
0.1115 0.375212
0.1125 0.365379
0.1135 0.355627
0.1145 0.345963
0.1155 0.336393
0.1165 0.326921
0.1175 0.317554
0.1185 0.308296
0.1195 0.299153
0.1205 0.290129
0.1215 0.281229
0.1225 0.272457
0.1235 0.263818
0.1245 0.255316
0.1255 0.246954
0.1265 0.238735
0.1275 0.230663
0.1285 0.22274
0.1295 0.21497
0.1305 0.207355
0.1315 0.199897
0.1325 0.192597
0.1335 0.185459
0.1345 0.178482
0.1355 0.171669
0.1365 0.165019
0.1375 0.158535
0.1385 0.152215
0.1395 0.146062
0.1405 0.140073
0.1415 0.13425
0.1425 0.128591
0.1435 0.123097
0.1445 0.117765
0.1455 0.112596
0.1465 0.107587
0.1475 0.102738
0.1485 0.0980463
0.1495 0.0935105
0.1505 0.0891287
0.1515 0.0848986
0.1525 0.080818
0.1535 0.0768846
0.1545 0.0730959
0.1555 0.0694492
0.1565 0.0659418
0.1575 0.062571
0.1585 0.0593338
0.1595 0.0562272
0.1605 0.0532482
0.1615 0.0503938
0.1625 0.0476607
0.1635 0.0450458
0.1645 0.0425459
0.1655 0.0401577
0.1665 0.0378779
0.1675 0.0357034
0.1685 0.0336307
0.1695 0.0316568
0.1705 0.0297782
0.1715 0.0279918
0.1725 0.0262943
0.1735 0.0246826
0.1745 0.0231535
0.1755 0.0217039
0.1765 0.0203308
0.1775 0.019031
0.1785 0.0178018
0.1795 0.01664
0.1805 0.015543
0.1815 0.0145079
0.1825 0.0135319
0.1835 0.0126125
0.1845 0.011747
0.1855 0.0109329
0.1865 0.0101678
0.1875 0.00944933
0.1885 0.00877512
0.1895 0.008143
0.1905 0.0075508
0.1915 0.00699645
0.1925 0.00647795
0.1935 0.00599337
0.1945 0.00554086
0.1955 0.00511865
0.1965 0.00472501
0.1975 0.00435833
0.1985 0.00401703
0.1995 0.00369962
0.2005 0.00340466
0.2015 0.00313081
0.2025 0.00287674
0.2035 0.00264124
0.2045 0.00242312
0.2055 0.00222128
0.2065 0.00203464
0.2075 0.00186222
0.2085 0.00170306
0.2095 0.00155626
0.2105 0.00142099
0.2115 0.00129643
0.2125 0.00118185
0.2135 0.00107652
0.2145 0.000979789
0.2155 0.000891026
0.2165 0.000809644
0.2175 0.000735095
0.2185 0.000666863
0.2195 0.000604468
0.2205 0.000547458
0.2215 0.000495415
0.2225 0.000447947
0.2235 0.000404689
0.2245 0.000365303
0.2255 0.000329474
0.2265 0.000296909
0.2275 0.000267336
0.2285 0.000240505
0.2295 0.000216183
0.2305 0.000194155
0.2315 0.000174222
0.2325 0.000156201
0.2335 0.000139924
0.2345 0.000125234
0.2355 0.000111989
0.2365 0.000100058
0.2375 8.93203e-05
0.2385 7.96648e-05
0.2395 7.09905e-05
0.2405 6.3205e-05
0.2415 5.62234e-05
0.2425 4.99687e-05
0.2435 4.43702e-05
0.2445 3.93637e-05
0.2455 3.48908e-05
0.2465 3.08983e-05
0.2475 2.7338e-05
0.2485 2.4166e-05
0.2495 2.13426e-05
0.2505 1.88319e-05
0.2515 1.66013e-05
0.2525 1.46215e-05
0.2535 1.2866e-05
0.2545 1.13107e-05
0.2555 9.93426e-06
0.2565 8.71718e-06
0.2575 7.64206e-06
0.2585 6.69327e-06
0.2595 5.85676e-06
0.2605 5.11996e-06
0.2615 4.47161e-06
0.2625 3.90166e-06
0.2635 3.40111e-06
0.2645 2.96194e-06
0.2655 2.577e-06
0.2665 2.23993e-06
0.2675 1.94507e-06
0.2685 1.68739e-06
0.2695 1.46242e-06
0.2705 1.26621e-06
0.2715 1.09525e-06
0.2725 9.46437e-07
0.2735 8.1704e-07
0.2745 7.04636e-07
0.2755 6.07093e-07
0.2765 5.22531e-07
0.2775 4.49299e-07
0.2785 3.85942e-07
0.2795 3.31186e-07
0.2805 2.83911e-07
0.2815 2.43138e-07
0.2825 2.08008e-07
0.2835 1.77772e-07
0.2845 1.51776e-07
0.2855 1.29448e-07
0.2865 1.10291e-07
0.2875 9.38717e-08
0.2885 7.98137e-08
0.2895 6.77903e-08
0.2905 5.75178e-08
0.2915 4.87508e-08
0.2925 4.12765e-08
0.2935 3.49111e-08
0.2945 2.94961e-08
0.2955 2.48944e-08
0.2965 2.09882e-08
0.2975 1.76759e-08
0.2985 1.48703e-08
0.2995 1.24965e-08
0.3005 1.04903e-08
0.3015 8.79656e-09
0.3025 7.36824e-09
0.3035 6.16507e-09
0.3045 5.15269e-09
0.3055 4.3018e-09
0.3065 3.58744e-09
0.3075 2.98838e-09
0.3085 2.48657e-09
0.3095 2.06671e-09
0.3105 1.71581e-09
0.3115 1.42288e-09
0.3125 1.17863e-09
0.3135 9.75189e-10
0.3145 8.05944e-10
0.3155 6.65309e-10
0.3165 5.48583e-10
0.3175 4.51813e-10
0.3185 3.71682e-10
0.3195 3.05407e-10
0.3205 2.50657e-10
0.3215 2.0548e-10
0.3225 1.68248e-10
0.3235 1.37599e-10
0.3245 1.124e-10
0.3255 9.17063e-11
0.3265 7.47331e-11
0.3275 6.08283e-11
0.3285 4.9451e-11
0.3295 4.01531e-11
0.3305 3.25638e-11
0.3315 2.63768e-11
0.3325 2.13392e-11
0.3335 1.72425e-11
0.3345 1.39151e-11
0.3355 1.12159e-11
0.3365 9.02908e-12
0.3375 7.25955e-12
0.3385 5.8295e-12
0.3395 4.67527e-12
0.3405 3.74484e-12
0.3415 2.99578e-12
0.3425 2.39349e-12
0.3435 1.90985e-12
0.3445 1.52198e-12
0.3455 1.21132e-12
0.3465 9.62825e-13
0.3475 7.64312e-13
0.3485 6.05937e-13
0.3495 4.7975e-13
0.3505 3.79342e-13
0.3515 2.99553e-13
0.3525 2.36233e-13
0.3535 1.86049e-13
0.3545 1.4633e-13
0.3555 1.14936e-13
0.3565 9.01559e-14
0.3575 7.06225e-14
0.3585 5.5246e-14
0.3595 4.31584e-14
0.3605 3.36693e-14
0.3615 2.62304e-14
0.3625 2.04068e-14
0.3635 1.58541e-14
0.3645 1.22999e-14
0.3655 9.52909e-15
0.3665 7.3721e-15
0.3675 5.6953e-15
0.3685 4.39365e-15
0.3695 3.38466e-15
0.3705 2.60365e-15
0.3715 1.99998e-15
0.3725 1.53405e-15
0.3735 1.17496e-15
0.3745 8.9862e-16
0.3755 6.86265e-16
0.3765 5.23321e-16
0.3775 3.98477e-16
0.3785 3.02966e-16
0.3795 2.30005e-16
0.3805 1.74353e-16
0.3815 1.31968e-16
0.3825 9.97358e-17
0.3835 7.52618e-17
0.3845 5.67069e-17
0.3855 4.26611e-17
0.3865 3.2045e-17
0.3875 2.40334e-17
0.3885 1.79969e-17
0.3895 1.34555e-17
0.3905 1.00444e-17
0.3915 7.48622e-18
0.3925 5.57076e-18
0.3935 4.13881e-18
0.3945 3.07003e-18
0.3955 2.27359e-18
0.3965 1.68106e-18
0.3975 1.24093e-18
0.3985 9.1455e-19
0.3995 6.72909e-19
0.4005 4.943e-19
0.4015 3.625e-19
0.4025 2.65403e-19
0.4035 1.93989e-19
0.4045 1.41554e-19
0.4055 1.03118e-19
0.4065 7.49918e-20
0.4075 5.44444e-20
0.4085 3.94594e-20
0.4095 2.85498e-20
0.4105 2.06208e-20
0.4115 1.4868e-20
0.4125 1.07015e-20
0.4135 7.68912e-21
0.4145 5.51497e-21
0.4155 3.94858e-21
0.4165 2.82206e-21
0.4175 2.01333e-21
0.4185 1.43378e-21
0.4195 1.01922e-21
0.4205 7.2321e-22
0.4215 5.12234e-22
0.4225 3.6214e-22
0.4235 2.55554e-22
0.4245 1.80005e-22
0.4255 1.26555e-22
0.4265 8.88095e-23
0.4275 6.22047e-23
0.4285 4.34875e-23
0.4295 3.03446e-23
0.4305 2.11334e-23
0.4315 1.469e-23
0.4325 1.01916e-23
0.4335 7.05701e-24
0.4345 4.87711e-24
0.4355 3.36412e-24
0.4365 2.31611e-24
0.4375 1.59166e-24
0.4385 1.09194e-24
0.4395 7.4801e-25
0.4405 5.1188e-25
0.4415 3.50224e-25
0.4425 2.3995e-25
0.4435 1.65097e-25
0.4445 1.14672e-25
0.4455 8.11278e-26
0.4465 5.93171e-26
0.4475 4.57585e-26
0.4485 3.81332e-26
0.4495 3.49389e-26
0.4505 3.52552e-26
0.4515 3.85867e-26
0.4525 4.47623e-26
0.4535 5.38742e-26
0.4545 6.62464e-26
0.4555 8.2427e-26
0.4565 1.03199e-25
0.4575 1.2961e-25
0.4585 1.63016e-25
0.4595 2.05144e-25
0.4605 2.58179e-25
0.4615 3.2487e-25
0.4625 4.08664e-25
0.4635 5.13881e-25
0.4645 6.45925e-25
0.4655 8.11553e-25
0.4665 1.01921e-24
0.4675 1.27943e-24
0.4685 1.60539e-24
0.4695 2.01349e-24
0.4705 2.52422e-24
0.4715 3.16308e-24
0.4725 3.96187e-24
0.4735 4.96017e-24
0.4745 6.20725e-24
0.4755 7.76442e-24
0.4765 9.70788e-24
0.4775 1.21324e-23
0.4785 1.51557e-23
0.4795 1.89238e-23
0.4805 2.36184e-23
0.4815 2.94643e-23
0.4825 3.67409e-23
0.4835 4.5794e-23
0.4845 5.70524e-23
0.4855 7.10469e-23
0.4865 8.84347e-23
0.4875 1.10029e-22
0.4885 1.36834e-22
0.4895 1.70094e-22
0.4905 2.11345e-22
0.4915 2.62481e-22
0.4925 3.25844e-22
0.4935 4.04323e-22
0.4945 5.01479e-22
0.4955 6.21702e-22
0.4965 7.70402e-22
0.4975 9.54241e-22
0.4985 1.18142e-21
0.4995 1.46203e-21
0.5005 1.80848e-21
0.5015 2.23602e-21
0.5025 2.7634e-21
0.5035 3.41363e-21
0.5045 4.21498e-21
0.5055 5.20211e-21
0.5065 6.41753e-21
0.5075 7.91338e-21
0.5085 9.75352e-21
0.5095 1.20161e-20
0.5105 1.4797e-20
0.5115 1.82133e-20
0.5125 2.24082e-20
0.5135 2.75569e-20
0.5145 3.38734e-20
0.5155 4.16191e-20
0.5165 5.11128e-20
0.5175 6.2744e-20
0.5185 7.69874e-20
0.5195 9.44215e-20
0.5205 1.15752e-19
0.5215 1.41836e-19
0.5225 1.73721e-19
0.5235 2.12677e-19
0.5245 2.60252e-19
0.5255 3.18325e-19
0.5265 3.89182e-19
0.5275 4.75596e-19
0.5285 5.80935e-19
0.5295 7.09285e-19
0.5305 8.65602e-19
0.5315 1.05589e-18
0.5325 1.28743e-18
0.5335 1.56904e-18
0.5345 1.91137e-18
0.5355 2.32735e-18
0.5365 2.83257e-18
0.5375 3.4459e-18
0.5385 4.19015e-18
0.5395 5.09283e-18
0.5405 6.18716e-18
0.5415 7.51325e-18
0.5425 9.11941e-18
0.5435 1.10639e-17
0.5445 1.3417e-17
0.5455 1.62631e-17
0.5465 1.97039e-17
0.5475 2.3862e-17
0.5485 2.88844e-17
0.5495 3.4948e-17
0.5505 4.22653e-17
0.5515 5.10915e-17
0.5525 6.17327e-17
0.5535 7.45563e-17
0.5545 9.00027e-17
0.5555 1.086e-16
0.5565 1.3098e-16
0.5575 1.579e-16
0.5585 1.90267e-16
0.5595 2.29163e-16
0.5605 2.75885e-16
0.5615 3.31981e-16
0.5625 3.99301e-16
0.5635 4.80054e-16
0.5645 5.76873e-16
0.5655 6.92903e-16
0.5665 8.31889e-16
0.5675 9.98298e-16
0.5685 1.19745e-15
0.5695 1.43567e-15
0.5705 1.72049e-15
0.5715 2.06087e-15
0.5725 2.46746e-15
0.5735 2.95292e-15
0.5745 3.53227e-15
0.5755 4.22334e-15
0.5765 5.0473e-15
0.5775 6.02924e-15
0.5785 7.19891e-15
0.5795 8.59154e-15
0.5805 1.02489e-14
0.5815 1.22203e-14
0.5825 1.45642e-14
0.5835 1.73497e-14
0.5845 2.06584e-14
0.5855 2.45867e-14
0.5865 2.92486e-14
0.5875 3.47784e-14
0.5885 4.13345e-14
0.5895 4.9104e-14
0.5905 5.83068e-14
0.5915 6.92024e-14
0.5925 8.20961e-14
0.5935 9.73471e-14
0.5945 1.15378e-13
0.5955 1.36685e-13
0.5965 1.61852e-13
0.5975 1.91564e-13
0.5985 2.26625e-13
0.5995 2.6798e-13
0.6005 3.16733e-13
0.6015 3.74183e-13
0.6025 4.41847e-13
0.6035 5.21505e-13
0.6045 6.15238e-13
0.6055 7.25481e-13
0.6065 8.5508e-13
0.6075 1.00736e-12
0.6085 1.18621e-12
0.6095 1.39616e-12
0.6105 1.6425e-12
0.6115 1.93141e-12
0.6125 2.27008e-12
0.6135 2.66689e-12
0.6145 3.13159e-12
0.6155 3.67555e-12
0.6165 4.31198e-12
0.6175 5.05624e-12
0.6185 5.92619e-12
0.6195 6.94256e-12
0.6205 8.12944e-12
0.6215 9.51476e-12
0.6225 1.11309e-11
0.6235 1.30155e-11
0.6245 1.5212e-11
0.6255 1.77709e-11
0.6265 2.07504e-11
0.6275 2.42181e-11
0.6285 2.8252e-11
0.6295 3.29423e-11
0.6305 3.83932e-11
0.6315 4.47249e-11
0.6325 5.20763e-11
0.6335 6.06074e-11
0.6345 7.05028e-11
0.6355 8.19751e-11
0.6365 9.52692e-11
0.6375 1.10667e-10
0.6385 1.28492e-10
0.6395 1.49118e-10
0.6405 1.72974e-10
0.6415 2.0055e-10
0.6425 2.32412e-10
0.6435 2.69209e-10
0.6445 3.11684e-10
0.6455 3.60689e-10
0.6465 4.17201e-10
0.6475 4.82337e-10
0.6485 5.57377e-10
0.6495 6.43786e-10
0.6505 7.43236e-10
0.6515 8.57641e-10
0.6525 9.89184e-10
0.6535 1.14036e-09
0.6545 1.31401e-09
0.6555 1.51338e-09
0.6565 1.74217e-09
0.6575 2.00458e-09
0.6585 2.30542e-09
0.6595 2.65014e-09
0.6605 3.04495e-09
0.6615 3.4969e-09
0.6625 4.014e-09
0.6635 4.60536e-09
0.6645 5.2813e-09
0.6655 6.05354e-09
0.6665 6.93537e-09
0.6675 7.94184e-09
0.6685 9.08999e-09
0.6695 1.03991e-08
0.6705 1.18911e-08
0.6715 1.35905e-08
0.6725 1.55253e-08
0.6735 1.7727e-08
0.6745 2.02312e-08
0.6755 2.3078e-08
0.6765 2.63126e-08
0.6775 2.9986e-08
0.6785 3.41558e-08
0.6795 3.88866e-08
0.6805 4.42512e-08
0.6815 5.03314e-08
0.6825 5.72193e-08
0.6835 6.50182e-08
0.6845 7.38442e-08
0.6855 8.38276e-08
0.6865 9.51144e-08
0.6875 1.07868e-07
0.6885 1.22273e-07
0.6895 1.38534e-07
0.6905 1.5688e-07
0.6915 1.7757e-07
0.6925 2.0089e-07
0.6935 2.27161e-07
0.6945 2.56743e-07
0.6955 2.90035e-07
0.6965 3.27484e-07
0.6975 3.69588e-07
0.6985 4.169e-07
0.6995 4.70038e-07
0.7005 5.29689e-07
0.7015 5.96617e-07
0.7025 6.71672e-07
0.7035 7.55797e-07
0.7045 8.50041e-07
0.7055 9.55566e-07
0.7065 1.07366e-06
0.7075 1.20576e-06
0.7085 1.35344e-06
0.7095 1.51846e-06
0.7105 1.70276e-06
0.7115 1.90849e-06
0.7125 2.13802e-06
0.7135 2.39396e-06
0.7145 2.67922e-06
0.7155 2.99699e-06
0.7165 3.35079e-06
0.7175 3.74449e-06
0.7185 4.18238e-06
0.7195 4.66915e-06
0.7205 5.21e-06
0.7215 5.8106e-06
0.7225 6.47722e-06
0.7235 7.21672e-06
0.7245 8.03665e-06
0.7255 8.94528e-06
0.7265 9.95168e-06
0.7275 1.10658e-05
0.7285 1.22985e-05
0.7295 1.36617e-05
0.7305 1.51684e-05
0.7315 1.68328e-05
0.7325 1.86706e-05
0.7335 2.06987e-05
0.7345 2.29355e-05
0.7355 2.54014e-05
0.7365 2.81182e-05
0.7375 3.11101e-05
0.7385 3.4403e-05
0.7395 3.80253e-05
0.7405 4.2008e-05
0.7415 4.63844e-05
0.7425 5.1191e-05
0.7435 5.64673e-05
0.7445 6.22561e-05
0.7455 6.86037e-05
0.7465 7.55604e-05
0.7475 8.31806e-05
0.7485 9.1523e-05
0.7495 0.000100651
0.7505 0.000110634
0.7515 0.000121546
0.7525 0.000133466
0.7535 0.000146481
0.7545 0.000160684
0.7555 0.000176174
0.7565 0.00019306
0.7575 0.000211458
0.7585 0.000231491
0.7595 0.000253293
0.7605 0.000277008
0.7615 0.00030279
0.7625 0.000330803
0.7635 0.000361223
0.7645 0.000394241
0.7655 0.000430057
0.7665 0.000468889
0.7675 0.000510967
0.7685 0.000556536
0.7695 0.000605861
0.7705 0.000659221
0.7715 0.000716915
0.7725 0.000779259
0.7735 0.000846593
0.7745 0.000919276
0.7755 0.000997688
0.7765 0.00108223
0.7775 0.00117335
0.7785 0.00127148
0.7795 0.00137711
0.7805 0.00149075
0.7815 0.00161295
0.7825 0.00174427
0.7835 0.00188531
0.7845 0.00203672
0.7855 0.00219915
0.7865 0.00237333
0.7875 0.00255998
0.7885 0.00275989
0.7895 0.00297389
0.7905 0.00320284
0.7915 0.00344764
0.7925 0.00370925
0.7935 0.00398865
0.7945 0.0042869
0.7955 0.00460509
0.7965 0.00494434
0.7975 0.00530586
0.7985 0.00569089
0.7995 0.00610072
0.8005 0.0065367
0.8015 0.00700024
0.8025 0.00749279
0.8035 0.00801587
0.8045 0.00857106
0.8055 0.00915999
0.8065 0.00978434
0.8075 0.0104459
0.8085 0.0111464
0.8095 0.0118878
0.8105 0.012672
0.8115 0.013501
0.8125 0.0143768
0.8135 0.0153016
0.8145 0.0162774
0.8155 0.0173067
0.8165 0.0183915
0.8175 0.0195343
0.8185 0.0207375
0.8195 0.0220034
0.8205 0.0233347
0.8215 0.0247339
0.8225 0.0262035
0.8235 0.0277461
0.8245 0.0293646
0.8255 0.0310615
0.8265 0.0328397
0.8275 0.034702
0.8285 0.0366511
0.8295 0.0386898
0.8305 0.0408212
0.8315 0.043048
0.8325 0.0453731
0.8335 0.0477995
0.8345 0.0503299
0.8355 0.0529674
0.8365 0.0557147
0.8375 0.0585748
0.8385 0.0615505
0.8395 0.0646446
0.8405 0.0678598
0.8415 0.0711989
0.8425 0.0746646
0.8435 0.0782595
0.8445 0.0819861
0.8455 0.085847
0.8465 0.0898445
0.8475 0.093981
0.8485 0.0982586
0.8495 0.102679
0.8505 0.107246
0.8515 0.111959
0.8525 0.116821
0.8535 0.121834
0.8545 0.126999
0.8555 0.132317
0.8565 0.13779
0.8575 0.143419
0.8585 0.149203
0.8595 0.155145
0.8605 0.161244
0.8615 0.167501
0.8625 0.173916
0.8635 0.180489
0.8645 0.187219
0.8655 0.194106
0.8665 0.201149
0.8675 0.208347
0.8685 0.215699
0.8695 0.223204
0.8705 0.230859
0.8715 0.238663
0.8725 0.246614
0.8735 0.254709
0.8745 0.262946
0.8755 0.271322
0.8765 0.279833
0.8775 0.288477
0.8785 0.29725
0.8795 0.306147
0.8805 0.315166
0.8815 0.324302
0.8825 0.33355
0.8835 0.342906
0.8845 0.352365
0.8855 0.361921
0.8865 0.37157
0.8875 0.381307
0.8885 0.391124
0.8895 0.401017
0.8905 0.410981
0.8915 0.421007
0.8925 0.431092
0.8935 0.441227
0.8945 0.451407
0.8955 0.461626
0.8965 0.471876
0.8975 0.48215
0.8985 0.492443
0.8995 0.502747
0.9005 0.513056
0.9015 0.523362
0.9025 0.533658
0.9035 0.543939
0.9045 0.554196
0.9055 0.564424
0.9065 0.574614
0.9075 0.584762
0.9085 0.594859
0.9095 0.6049
0.9105 0.614878
0.9115 0.624786
0.9125 0.634619
0.9135 0.64437
0.9145 0.654034
0.9155 0.663604
0.9165 0.673076
0.9175 0.682443
0.9185 0.6917
0.9195 0.700843
0.9205 0.709866
0.9215 0.718765
0.9225 0.727536
0.9235 0.736174
0.9245 0.744676
0.9255 0.753038
0.9265 0.761255
0.9275 0.769326
0.9285 0.777248
0.9295 0.785016
0.9305 0.79263
0.9315 0.800086
0.9325 0.807384
0.9335 0.814521
0.9345 0.821495
0.9355 0.828306
0.9365 0.834953
0.9375 0.841434
0.9385 0.84775
0.9395 0.8539
0.9405 0.859885
0.9415 0.865704
0.9425 0.871358
0.9435 0.876847
0.9445 0.882172
0.9455 0.887335
0.9465 0.892337
0.9475 0.897179
0.9485 0.901862
0.9495 0.906389
0.9505 0.910761
0.9515 0.91498
0.9525 0.919049
0.9535 0.922969
0.9545 0.926743
0.9555 0.930375
0.9565 0.933865
0.9575 0.937218
0.9585 0.940435
0.9595 0.94352
0.9605 0.946475
0.9615 0.949303
0.9625 0.952009
0.9635 0.954593
0.9645 0.95706
0.9655 0.959412
0.9665 0.961653
0.9675 0.963786
0.9685 0.965813
0.9695 0.967737
0.9705 0.969563
0.9715 0.971291
0.9725 0.972926
0.9735 0.974471
0.9745 0.975927
0.9755 0.977298
0.9765 0.978587
0.9775 0.979796
0.9785 0.980927
0.9795 0.981983
0.9805 0.982966
0.9815 0.983879
0.9825 0.984724
0.9835 0.985502
0.9845 0.986216
0.9855 0.986868
0.9865 0.987459
0.9875 0.987991
0.9885 0.988465
0.9895 0.988883
0.9905 0.989246
0.9915 0.989556
0.9925 0.989813
0.9935 0.990018
0.9945 0.990172
0.9955 0.990276
0.9965 0.990331
0.9975 0.990336
0.9985 0.990292
0.9995 0.9902
