
# time= 0
0.0005 0
0.0015 0
0.0025 0
0.0035 0
0.0045 0
0.0055 0
0.0065 0
0.0075 0
0.0085 0
0.0095 0
0.0105 0
0.0115 0
0.0125 0
0.0135 0
0.0145 0
0.0155 0
0.0165 0
0.0175 0
0.0185 0
0.0195 0
0.0205 0
0.0215 0
0.0225 0
0.0235 0
0.0245 0
0.0255 0
0.0265 0
0.0275 0
0.0285 0
0.0295 0
0.0305 0
0.0315 0
0.0325 0
0.0335 0
0.0345 0
0.0355 0
0.0365 0
0.0375 0
0.0385 0
0.0395 0
0.0405 0
0.0415 0
0.0425 0
0.0435 0
0.0445 0
0.0455 0
0.0465 0
0.0475 0
0.0485 0
0.0495 0
0.0505 0
0.0515 0
0.0525 0
0.0535 0
0.0545 0
0.0555 0
0.0565 0
0.0575 0
0.0585 0
0.0595 0
0.0605 0
0.0615 0
0.0625 0
0.0635 0
0.0645 0
0.0655 0
0.0665 0
0.0675 0
0.0685 0
0.0695 0
0.0705 0
0.0715 0
0.0725 0
0.0735 0
0.0745 0
0.0755 0
0.0765 0
0.0775 0
0.0785 0
0.0795 0
0.0805 0
0.0815 0
0.0825 0
0.0835 0
0.0845 0
0.0855 0
0.0865 0
0.0875 0
0.0885 0
0.0895 0
0.0905 0
0.0915 0
0.0925 0
0.0935 0
0.0945 0
0.0955 0
0.0965 0
0.0975 0
0.0985 0
0.0995 0
0.1005 0
0.1015 0
0.1025 0
0.1035 0
0.1045 0
0.1055 0
0.1065 0
0.1075 0
0.1085 0
0.1095 0
0.1105 0
0.1115 0
0.1125 0
0.1135 0
0.1145 0
0.1155 0
0.1165 0
0.1175 0
0.1185 0
0.1195 0
0.1205 0
0.1215 0
0.1225 0
0.1235 0
0.1245 0
0.1255 0
0.1265 0
0.1275 0
0.1285 0
0.1295 0
0.1305 0
0.1315 0
0.1325 0
0.1335 0
0.1345 0
0.1355 0
0.1365 0
0.1375 0
0.1385 0
0.1395 0
0.1405 0
0.1415 0
0.1425 0
0.1435 0
0.1445 0
0.1455 0
0.1465 0
0.1475 0
0.1485 0
0.1495 0
0.1505 0
0.1515 0
0.1525 0
0.1535 0
0.1545 0
0.1555 0
0.1565 0
0.1575 0
0.1585 0
0.1595 0
0.1605 0
0.1615 0
0.1625 0
0.1635 0
0.1645 0
0.1655 0
0.1665 0
0.1675 0
0.1685 0
0.1695 0
0.1705 0
0.1715 0
0.1725 0
0.1735 0
0.1745 0
0.1755 0
0.1765 0
0.1775 0
0.1785 0
0.1795 0
0.1805 0
0.1815 0
0.1825 0
0.1835 0
0.1845 0
0.1855 0
0.1865 0
0.1875 0
0.1885 0
0.1895 0
0.1905 0
0.1915 0
0.1925 0
0.1935 0
0.1945 0
0.1955 0
0.1965 0
0.1975 0
0.1985 0
0.1995 0
0.2005 0
0.2015 0
0.2025 0
0.2035 0
0.2045 0
0.2055 0
0.2065 0
0.2075 0
0.2085 0
0.2095 0
0.2105 0
0.2115 0
0.2125 0
0.2135 0
0.2145 0
0.2155 0
0.2165 0
0.2175 0
0.2185 0
0.2195 0
0.2205 0
0.2215 0
0.2225 0
0.2235 0
0.2245 0
0.2255 0
0.2265 0
0.2275 0
0.2285 0
0.2295 0
0.2305 0
0.2315 0
0.2325 0
0.2335 0
0.2345 0
0.2355 0
0.2365 0
0.2375 0
0.2385 0
0.2395 0
0.2405 0
0.2415 0
0.2425 0
0.2435 0
0.2445 0
0.2455 0
0.2465 0
0.2475 0
0.2485 0
0.2495 0
0.2505 0
0.2515 0
0.2525 0
0.2535 0
0.2545 0
0.2555 0
0.2565 0
0.2575 0
0.2585 0
0.2595 0
0.2605 0
0.2615 0
0.2625 0
0.2635 0
0.2645 0
0.2655 0
0.2665 0
0.2675 0
0.2685 0
0.2695 0
0.2705 0
0.2715 0
0.2725 0
0.2735 0
0.2745 0
0.2755 0
0.2765 0
0.2775 0
0.2785 0
0.2795 0
0.2805 0
0.2815 0
0.2825 0
0.2835 0
0.2845 0
0.2855 0
0.2865 0
0.2875 0
0.2885 0
0.2895 0
0.2905 0
0.2915 0
0.2925 0
0.2935 0
0.2945 0
0.2955 0
0.2965 0
0.2975 0
0.2985 0
0.2995 0
0.3005 0
0.3015 0
0.3025 0
0.3035 0
0.3045 0
0.3055 0
0.3065 0
0.3075 0
0.3085 0
0.3095 0
0.3105 0
0.3115 0
0.3125 0
0.3135 0
0.3145 0
0.3155 0
0.3165 0
0.3175 0
0.3185 0
0.3195 0
0.3205 0
0.3215 0
0.3225 0
0.3235 0
0.3245 0
0.3255 0
0.3265 0
0.3275 0
0.3285 0
0.3295 0
0.3305 0
0.3315 0
0.3325 0
0.3335 0
0.3345 0
0.3355 0
0.3365 0
0.3375 0
0.3385 0
0.3395 0
0.3405 0
0.3415 0
0.3425 0
0.3435 0
0.3445 0
0.3455 0
0.3465 0
0.3475 0
0.3485 0
0.3495 0
0.3505 0
0.3515 0
0.3525 0
0.3535 0
0.3545 0
0.3555 0
0.3565 0
0.3575 0
0.3585 0
0.3595 0
0.3605 0
0.3615 0
0.3625 0
0.3635 0
0.3645 0
0.3655 0
0.3665 0
0.3675 0
0.3685 0
0.3695 0
0.3705 0
0.3715 0
0.3725 0
0.3735 0
0.3745 0
0.3755 0
0.3765 0
0.3775 0
0.3785 0
0.3795 0
0.3805 0
0.3815 0
0.3825 0
0.3835 0
0.3845 0
0.3855 0
0.3865 0
0.3875 0
0.3885 0
0.3895 0
0.3905 0
0.3915 0
0.3925 0
0.3935 0
0.3945 0
0.3955 0
0.3965 0
0.3975 0
0.3985 0
0.3995 0
0.4005 1
0.4015 1
0.4025 1
0.4035 1
0.4045 1
0.4055 1
0.4065 1
0.4075 1
0.4085 1
0.4095 1
0.4105 1
0.4115 1
0.4125 1
0.4135 1
0.4145 1
0.4155 1
0.4165 1
0.4175 1
0.4185 1
0.4195 1
0.4205 1
0.4215 1
0.4225 1
0.4235 1
0.4245 1
0.4255 1
0.4265 1
0.4275 1
0.4285 1
0.4295 1
0.4305 1
0.4315 1
0.4325 1
0.4335 1
0.4345 1
0.4355 1
0.4365 1
0.4375 1
0.4385 1
0.4395 1
0.4405 1
0.4415 1
0.4425 1
0.4435 1
0.4445 1
0.4455 1
0.4465 1
0.4475 1
0.4485 1
0.4495 1
0.4505 1
0.4515 1
0.4525 1
0.4535 1
0.4545 1
0.4555 1
0.4565 1
0.4575 1
0.4585 1
0.4595 1
0.4605 1
0.4615 1
0.4625 1
0.4635 1
0.4645 1
0.4655 1
0.4665 1
0.4675 1
0.4685 1
0.4695 1
0.4705 1
0.4715 1
0.4725 1
0.4735 1
0.4745 1
0.4755 1
0.4765 1
0.4775 1
0.4785 1
0.4795 1
0.4805 1
0.4815 1
0.4825 1
0.4835 1
0.4845 1
0.4855 1
0.4865 1
0.4875 1
0.4885 1
0.4895 1
0.4905 1
0.4915 1
0.4925 1
0.4935 1
0.4945 1
0.4955 1
0.4965 1
0.4975 1
0.4985 1
0.4995 1
0.5005 1
0.5015 1
0.5025 1
0.5035 1
0.5045 1
0.5055 1
0.5065 1
0.5075 1
0.5085 1
0.5095 1
0.5105 1
0.5115 1
0.5125 1
0.5135 1
0.5145 1
0.5155 1
0.5165 1
0.5175 1
0.5185 1
0.5195 1
0.5205 1
0.5215 1
0.5225 1
0.5235 1
0.5245 1
0.5255 1
0.5265 1
0.5275 1
0.5285 1
0.5295 1
0.5305 1
0.5315 1
0.5325 1
0.5335 1
0.5345 1
0.5355 1
0.5365 1
0.5375 1
0.5385 1
0.5395 1
0.5405 1
0.5415 1
0.5425 1
0.5435 1
0.5445 1
0.5455 1
0.5465 1
0.5475 1
0.5485 1
0.5495 1
0.5505 1
0.5515 1
0.5525 1
0.5535 1
0.5545 1
0.5555 1
0.5565 1
0.5575 1
0.5585 1
0.5595 1
0.5605 1
0.5615 1
0.5625 1
0.5635 1
0.5645 1
0.5655 1
0.5665 1
0.5675 1
0.5685 1
0.5695 1
0.5705 1
0.5715 1
0.5725 1
0.5735 1
0.5745 1
0.5755 1
0.5765 1
0.5775 1
0.5785 1
0.5795 1
0.5805 1
0.5815 1
0.5825 1
0.5835 1
0.5845 1
0.5855 1
0.5865 1
0.5875 1
0.5885 1
0.5895 1
0.5905 1
0.5915 1
0.5925 1
0.5935 1
0.5945 1
0.5955 1
0.5965 1
0.5975 1
0.5985 1
0.5995 1
0.6005 0
0.6015 0
0.6025 0
0.6035 0
0.6045 0
0.6055 0
0.6065 0
0.6075 0
0.6085 0
0.6095 0
0.6105 0
0.6115 0
0.6125 0
0.6135 0
0.6145 0
0.6155 0
0.6165 0
0.6175 0
0.6185 0
0.6195 0
0.6205 0
0.6215 0
0.6225 0
0.6235 0
0.6245 0
0.6255 0
0.6265 0
0.6275 0
0.6285 0
0.6295 0
0.6305 0
0.6315 0
0.6325 0
0.6335 0
0.6345 0
0.6355 0
0.6365 0
0.6375 0
0.6385 0
0.6395 0
0.6405 0
0.6415 0
0.6425 0
0.6435 0
0.6445 0
0.6455 0
0.6465 0
0.6475 0
0.6485 0
0.6495 0
0.6505 0
0.6515 0
0.6525 0
0.6535 0
0.6545 0
0.6555 0
0.6565 0
0.6575 0
0.6585 0
0.6595 0
0.6605 0
0.6615 0
0.6625 0
0.6635 0
0.6645 0
0.6655 0
0.6665 0
0.6675 0
0.6685 0
0.6695 0
0.6705 0
0.6715 0
0.6725 0
0.6735 0
0.6745 0
0.6755 0
0.6765 0
0.6775 0
0.6785 0
0.6795 0
0.6805 0
0.6815 0
0.6825 0
0.6835 0
0.6845 0
0.6855 0
0.6865 0
0.6875 0
0.6885 0
0.6895 0
0.6905 0
0.6915 0
0.6925 0
0.6935 0
0.6945 0
0.6955 0
0.6965 0
0.6975 0
0.6985 0
0.6995 0
0.7005 0
0.7015 0
0.7025 0
0.7035 0
0.7045 0
0.7055 0
0.7065 0
0.7075 0
0.7085 0
0.7095 0
0.7105 0
0.7115 0
0.7125 0
0.7135 0
0.7145 0
0.7155 0
0.7165 0
0.7175 0
0.7185 0
0.7195 0
0.7205 0
0.7215 0
0.7225 0
0.7235 0
0.7245 0
0.7255 0
0.7265 0
0.7275 0
0.7285 0
0.7295 0
0.7305 0
0.7315 0
0.7325 0
0.7335 0
0.7345 0
0.7355 0
0.7365 0
0.7375 0
0.7385 0
0.7395 0
0.7405 0
0.7415 0
0.7425 0
0.7435 0
0.7445 0
0.7455 0
0.7465 0
0.7475 0
0.7485 0
0.7495 0
0.7505 0
0.7515 0
0.7525 0
0.7535 0
0.7545 0
0.7555 0
0.7565 0
0.7575 0
0.7585 0
0.7595 0
0.7605 0
0.7615 0
0.7625 0
0.7635 0
0.7645 0
0.7655 0
0.7665 0
0.7675 0
0.7685 0
0.7695 0
0.7705 0
0.7715 0
0.7725 0
0.7735 0
0.7745 0
0.7755 0
0.7765 0
0.7775 0
0.7785 0
0.7795 0
0.7805 0
0.7815 0
0.7825 0
0.7835 0
0.7845 0
0.7855 0
0.7865 0
0.7875 0
0.7885 0
0.7895 0
0.7905 0
0.7915 0
0.7925 0
0.7935 0
0.7945 0
0.7955 0
0.7965 0
0.7975 0
0.7985 0
0.7995 0
0.8005 0
0.8015 0
0.8025 0
0.8035 0
0.8045 0
0.8055 0
0.8065 0
0.8075 0
0.8085 0
0.8095 0
0.8105 0
0.8115 0
0.8125 0
0.8135 0
0.8145 0
0.8155 0
0.8165 0
0.8175 0
0.8185 0
0.8195 0
0.8205 0
0.8215 0
0.8225 0
0.8235 0
0.8245 0
0.8255 0
0.8265 0
0.8275 0
0.8285 0
0.8295 0
0.8305 0
0.8315 0
0.8325 0
0.8335 0
0.8345 0
0.8355 0
0.8365 0
0.8375 0
0.8385 0
0.8395 0
0.8405 0
0.8415 0
0.8425 0
0.8435 0
0.8445 0
0.8455 0
0.8465 0
0.8475 0
0.8485 0
0.8495 0
0.8505 0
0.8515 0
0.8525 0
0.8535 0
0.8545 0
0.8555 0
0.8565 0
0.8575 0
0.8585 0
0.8595 0
0.8605 0
0.8615 0
0.8625 0
0.8635 0
0.8645 0
0.8655 0
0.8665 0
0.8675 0
0.8685 0
0.8695 0
0.8705 0
0.8715 0
0.8725 0
0.8735 0
0.8745 0
0.8755 0
0.8765 0
0.8775 0
0.8785 0
0.8795 0
0.8805 0
0.8815 0
0.8825 0
0.8835 0
0.8845 0
0.8855 0
0.8865 0
0.8875 0
0.8885 0
0.8895 0
0.8905 0
0.8915 0
0.8925 0
0.8935 0
0.8945 0
0.8955 0
0.8965 0
0.8975 0
0.8985 0
0.8995 0
0.9005 0
0.9015 0
0.9025 0
0.9035 0
0.9045 0
0.9055 0
0.9065 0
0.9075 0
0.9085 0
0.9095 0
0.9105 0
0.9115 0
0.9125 0
0.9135 0
0.9145 0
0.9155 0
0.9165 0
0.9175 0
0.9185 0
0.9195 0
0.9205 0
0.9215 0
0.9225 0
0.9235 0
0.9245 0
0.9255 0
0.9265 0
0.9275 0
0.9285 0
0.9295 0
0.9305 0
0.9315 0
0.9325 0
0.9335 0
0.9345 0
0.9355 0
0.9365 0
0.9375 0
0.9385 0
0.9395 0
0.9405 0
0.9415 0
0.9425 0
0.9435 0
0.9445 0
0.9455 0
0.9465 0
0.9475 0
0.9485 0
0.9495 0
0.9505 0
0.9515 0
0.9525 0
0.9535 0
0.9545 0
0.9555 0
0.9565 0
0.9575 0
0.9585 0
0.9595 0
0.9605 0
0.9615 0
0.9625 0
0.9635 0
0.9645 0
0.9655 0
0.9665 0
0.9675 0
0.9685 0
0.9695 0
0.9705 0
0.9715 0
0.9725 0
0.9735 0
0.9745 0
0.9755 0
0.9765 0
0.9775 0
0.9785 0
0.9795 0
0.9805 0
0.9815 0
0.9825 0
0.9835 0
0.9845 0
0.9855 0
0.9865 0
0.9875 0
0.9885 0
0.9895 0
0.9905 0
0.9915 0
0.9925 0
0.9935 0
0.9945 0
0.9955 0
0.9965 0
0.9975 0
0.9985 0
0.9995 0

# time= 0.2496
0.0005 0
0.0015 0
0.0025 0
0.0035 0
0.0045 0
0.0055 0
0.0065 0
0.0075 0
0.0085 0
0.0095 0
0.0105 0
0.0115 0
0.0125 0
0.0135 0
0.0145 0
0.0155 0
0.0165 0
0.0175 0
0.0185 0
0.0195 0
0.0205 0
0.0215 0
0.0225 0
0.0235 0
0.0245 0
0.0255 0
0.0265 0
0.0275 0
0.0285 0
0.0295 0
0.0305 0
0.0315 0
0.0325 0
0.0335 0
0.0345 0
0.0355 0
0.0365 0
0.0375 0
0.0385 0
0.0395 0
0.0405 0
0.0415 0
0.0425 0
0.0435 0
0.0445 0
0.0455 0
0.0465 0
0.0475 0
0.0485 0
0.0495 0
0.0505 0
0.0515 0
0.0525 0
0.0535 0
0.0545 0
0.0555 0
0.0565 0
0.0575 0
0.0585 0
0.0595 0
0.0605 0
0.0615 0
0.0625 0
0.0635 0
0.0645 0
0.0655 0
0.0665 0
0.0675 0
0.0685 0
0.0695 0
0.0705 0
0.0715 0
0.0725 0
0.0735 0
0.0745 0
0.0755 0
0.0765 0
0.0775 0
0.0785 0
0.0795 0
0.0805 0
0.0815 0
0.0825 0
0.0835 0
0.0845 0
0.0855 0
0.0865 0
0.0875 0
0.0885 1.07981e-45
0.0895 1.71658e-43
0.0905 1.35631e-41
0.0915 7.10143e-40
0.0925 2.77175e-38
0.0935 8.60174e-37
0.0945 2.21077e-35
0.0955 4.83984e-34
0.0965 9.21249e-33
0.0975 1.54878e-31
0.0985 2.32829e-30
0.0995 3.16119e-29
0.1005 3.90844e-28
0.1015 4.43087e-27
0.1025 4.63289e-26
0.1035 4.49034e-25
0.1045 4.05199e-24
0.1055 3.41731e-23
0.1065 2.70268e-22
0.1075 2.01049e-21
0.1085 1.41049e-20
0.1095 9.35509e-20
0.1105 5.87863e-19
0.1115 3.50678e-18
0.1125 1.9894e-17
0.1135 1.07504e-16
0.1145 5.54192e-16
0.1155 2.72913e-15
0.1165 1.28546e-14
0.1175 5.79777e-14
0.1185 2.50665e-13
0.1195 1.03987e-12
0.1205 4.14297e-12
0.1215 1.58653e-11
0.1225 5.84414e-11
0.1235 2.07222e-10
0.1245 7.07745e-10
0.1255 2.32971e-09
0.1265 7.39519e-09
0.1275 2.26483e-08
0.1285 6.69515e-08
0.1295 1.91118e-07
0.1305 5.27013e-07
0.1315 1.40431e-06
0.1325 3.61708e-06
0.1335 9.00767e-06
0.1345 2.16932e-05
0.1355 5.0532e-05
0.1365 0.000113869
0.1375 0.000248246
0.1385 0.000523632
0.1395 0.00106868
0.1405 0.00211027
0.1415 0.00403156
0.1425 0.0074508
0.1435 0.0133188
0.1445 0.0230233
0.1455 0.0384766
0.1465 0.0621434
0.1475 0.0965685
0.1485 0.139981
0.1495 0.188168
0.1505 0.237921
0.1515 0.287786
0.1525 0.336607
0.1535 0.382272
0.1545 0.421814
0.1555 0.452171
0.1565 0.471929
0.1575 0.484067
0.1585 0.491192
0.1595 0.495233
0.1605 0.497465
0.1615 0.498731
0.1625 0.499364
0.1635 0.499647
0.1645 0.499789
0.1655 0.499915
0.1665 0.499957
0.1675 0.49993
0.1685 0.499926
0.1695 0.499974
0.1705 0.499988
0.1715 0.499937
0.1725 0.499933
0.1735 0.499972
0.1745 0.499991
0.1755 0.499933
0.1765 0.499935
0.1775 0.499968
0.1785 0.499994
0.1795 0.499928
0.1805 0.499937
0.1815 0.499963
0.1825 0.499995
0.1835 0.499927
0.1845 0.499939
0.1855 0.499958
0.1865 0.49999
0.1875 0.499936
0.1885 0.499941
0.1895 0.499953
0.1905 0.499978
0.1915 0.499944
0.1925 0.499944
0.1935 0.499949
0.1945 0.499965
0.1955 0.499953
0.1965 0.499946
0.1975 0.499944
0.1985 0.499951
0.1995 0.499962
0.2005 0.499949
0.2015 0.499938
0.2025 0.499936
0.2035 0.499972
0.2045 0.499952
0.2055 0.499932
0.2065 0.499921
0.2075 0.499981
0.2085 0.499953
0.2095 0.499925
0.2105 0.499911
0.2115 0.499991
0.2125 0.499955
0.2135 0.499916
0.2145 0.49991
0.2155 0.500001
0.2165 0.499957
0.2175 0.499908
0.2185 0.499911
0.2195 0.5
0.2205 0.499959
0.2215 0.4999
0.2225 0.499912
0.2235 0.499994
0.2245 0.499962
0.2255 0.499891
0.2265 0.499913
0.2275 0.499987
0.2285 0.499964
0.2295 0.499882
0.2305 0.499914
0.2315 0.499979
0.2325 0.499965
0.2335 0.499873
0.2345 0.499914
0.2355 0.499968
0.2365 0.499964
0.2375 0.499882
0.2385 0.499914
0.2395 0.499957
0.2405 0.499964
0.2415 0.499892
0.2425 0.499915
0.2435 0.499946
0.2445 0.499963
0.2455 0.499904
0.2465 0.499917
0.2475 0.499937
0.2485 0.499944
0.2495 0.499917
0.2505 0.499919
0.2515 0.499927
0.2525 0.499919
0.2535 0.499929
0.2545 0.49992
0.2555 0.499915
0.2565 0.499898
0.2575 0.499941
0.2585 0.499919
0.2595 0.499899
0.2605 0.499894
0.2615 0.499954
0.2625 0.499919
0.2635 0.499883
0.2645 0.49989
0.2655 0.499969
0.2665 0.499919
0.2675 0.499865
0.2685 0.499886
0.2695 0.499984
0.2705 0.49992
0.2715 0.499849
0.2725 0.499885
0.2735 0.499978
0.2745 0.49992
0.2755 0.499831
0.2765 0.499883
0.2775 0.49996
0.2785 0.499916
0.2795 0.499841
0.2805 0.49988
0.2815 0.499939
0.2825 0.499912
0.2835 0.499855
0.2845 0.499877
0.2855 0.499917
0.2865 0.499907
0.2875 0.49987
0.2885 0.499874
0.2895 0.499892
0.2905 0.499903
0.2915 0.499887
0.2925 0.499871
0.2935 0.499866
0.2945 0.499887
0.2955 0.499905
0.2965 0.499868
0.2975 0.499836
0.2985 0.499878
0.2995 0.499924
0.3005 0.499863
0.3015 0.499804
0.3025 0.499867
0.3035 0.499946
0.3045 0.499858
0.3055 0.499768
0.3065 0.499855
0.3075 0.499969
0.3085 0.499853
0.3095 0.499728
0.3105 0.49984
0.3115 0.499992
0.3125 0.499843
0.3135 0.499723
0.3145 0.499827
0.3155 0.499978
0.3165 0.499832
0.3175 0.499739
0.3185 0.499816
0.3195 0.499938
0.3205 0.499819
0.3215 0.499756
0.3225 0.499803
0.3235 0.49989
0.3245 0.499805
0.3255 0.499773
0.3265 0.499784
0.3275 0.499829
0.3285 0.499841
0.3295 0.499795
0.3305 0.499764
0.3315 0.499762
0.3325 0.49985
0.3335 0.499814
0.3345 0.499725
0.3355 0.499644
0.3365 0.499711
0.3375 0.499604
0.3385 0.499199
0.3395 0.498558
0.3405 0.497676
0.3415 0.49585
0.3425 0.492234
0.3435 0.48632
0.3445 0.476721
0.3455 0.461427
0.3465 0.437506
0.3475 0.403095
0.3485 0.359729
0.3495 0.311631
0.3505 0.261686
0.3515 0.211902
0.3525 0.16305
0.3535 0.117382
0.3545 0.0778819
0.3555 0.047551
0.3565 0.0276682
0.3575 0.0154152
0.3585 0.00857925
0.3595 0.00453939
0.3605 0.00206963
0.3615 0.000590443
0.3625 0.000307196
0.3635 0.000179998
0.3645 -0.000351479
0.3655 -0.000616746
0.3665 -0.000418605
0.3675 -2.08964e-05
0.3685 -0.000591953
0.3695 -0.000684719
0.3705 -0.000603694
0.3715 -0.000247036
0.3725 -0.000506848
0.3735 -0.000683097
0.3745 -0.000811715
0.3755 -0.000643611
0.3765 -0.000251514
0.3775 -0.000652903
0.3785 -0.00107635
0.3795 -0.000891779
0.3805 -0.000480518
0.3815 -0.000573123
0.3825 -0.00144023
0.3835 -0.000979441
0.3845 -0.000951356
0.3855 -0.000852517
0.3865 -0.00132628
0.3875 -0.00100513
0.3885 -0.00163156
0.3895 -0.00218407
0.3905 -0.00111849
0.3915 -0.000743493
0.3925 -0.00269731
0.3935 -0.00311314
0.3945 -0.00338755
0.3955 -0.00232509
0.3965 -0.000105986
0.3975 -0.00283099
0.3985 -0.00716146
0.3995 -0.254012
0.4005 0.254101
0.4015 0.00727219
0.4025 0.00295106
0.4035 0.000187758
0.4045 0.00242047
0.4055 0.00349034
0.4065 0.00324398
0.4075 0.00277226
0.4085 0.000845958
0.4095 0.00121557
0.4105 0.00232008
0.4115 0.00169953
0.4125 0.00111485
0.4135 0.00141973
0.4145 0.00098513
0.4155 0.0010114
0.4165 0.00109528
0.4175 0.0015366
0.4185 0.00069982
0.4195 0.000543804
0.4205 0.00100438
0.4215 0.00118261
0.4225 0.000773203
0.4235 0.000322653
0.4245 0.000748906
0.4255 0.000929004
0.4265 0.000797855
0.4275 0.000586874
0.4285 0.000345816
0.4295 0.000733689
0.4305 0.000796859
0.4315 0.000687205
0.4325 0.000126066
0.4335 0.000587853
0.4345 0.000787858
0.4355 0.000594489
0.4365 0.000208624
0.4375 0.000446439
0.4385 0.000764565
0.4395 0.00050819
0.4405 0.000263932
0.4415 0.000335989
0.4425 0.000602801
0.4435 0.000457156
0.4445 0.000314303
0.4455 0.000400337
0.4465 0.00042962
0.4475 0.000406975
0.4485 0.000368057
0.4495 0.000476044
0.4505 0.000281955
0.4515 0.000363458
0.4525 0.000417343
0.4535 0.000421571
0.4545 0.000176678
0.4555 0.000340861
0.4565 0.000463235
0.4575 0.000373581
0.4585 0.000199351
0.4595 0.000314605
0.4605 0.000478958
0.4615 0.000323459
0.4625 0.000228313
0.4635 0.000292474
0.4645 0.000415175
0.4655 0.000285077
0.4665 0.000258036
0.4675 0.000280871
0.4685 0.000349889
0.4695 0.000250934
0.4705 0.000284657
0.4715 0.000310606
0.4725 0.000286505
0.4735 0.000238208
0.4745 0.000306472
0.4755 0.00036439
0.4765 0.000227589
0.4775 0.000237477
0.4785 0.000327803
0.4795 0.000339407
0.4805 0.000182383
0.4815 0.000244539
0.4825 0.000349298
0.4835 0.000312996
0.4845 0.000144556
0.4855 0.000256165
0.4865 0.000369503
0.4875 0.000286458
0.4885 0.000133624
0.4895 0.000268572
0.4905 0.000369206
0.4915 0.000260346
0.4925 0.000159605
0.4935 0.000279107
0.4945 0.000345655
0.4955 0.000236769
0.4965 0.000186596
0.4975 0.000296438
0.4985 0.000318638
0.4995 0.000212295
0.5005 0.000212295
0.5015 0.000318638
0.5025 0.000296438
0.5035 0.000186596
0.5045 0.000236769
0.5055 0.000345655
0.5065 0.000279107
0.5075 0.000159605
0.5085 0.000260346
0.5095 0.000369206
0.5105 0.000268572
0.5115 0.000133624
0.5125 0.000286458
0.5135 0.000369503
0.5145 0.000256165
0.5155 0.000144556
0.5165 0.000312996
0.5175 0.000349298
0.5185 0.000244539
0.5195 0.000182383
0.5205 0.000339407
0.5215 0.000327803
0.5225 0.000237477
0.5235 0.000227589
0.5245 0.00036439
0.5255 0.000306472
0.5265 0.000238208
0.5275 0.000286505
0.5285 0.000310606
0.5295 0.000284657
0.5305 0.000250934
0.5315 0.000349889
0.5325 0.000280871
0.5335 0.000258036
0.5345 0.000285077
0.5355 0.000415175
0.5365 0.000292474
0.5375 0.000228313
0.5385 0.000323459
0.5395 0.000478958
0.5405 0.000314605
0.5415 0.000199351
0.5425 0.000373581
0.5435 0.000463235
0.5445 0.000340861
0.5455 0.000176678
0.5465 0.000421571
0.5475 0.000417343
0.5485 0.000363458
0.5495 0.000281955
0.5505 0.000476044
0.5515 0.000368057
0.5525 0.000406975
0.5535 0.00042962
0.5545 0.000400337
0.5555 0.000314303
0.5565 0.000457156
0.5575 0.000602801
0.5585 0.000335989
0.5595 0.000263932
0.5605 0.00050819
0.5615 0.000764565
0.5625 0.000446439
0.5635 0.000208624
0.5645 0.000594489
0.5655 0.000787858
0.5665 0.000587853
0.5675 0.000126066
0.5685 0.000687205
0.5695 0.000796859
0.5705 0.000733689
0.5715 0.000345816
0.5725 0.000586874
0.5735 0.000797855
0.5745 0.000929004
0.5755 0.000748906
0.5765 0.000322653
0.5775 0.000773203
0.5785 0.00118261
0.5795 0.00100438
0.5805 0.000543804
0.5815 0.00069982
0.5825 0.0015366
0.5835 0.00109528
0.5845 0.0010114
0.5855 0.00098513
0.5865 0.00141973
0.5875 0.00111485
0.5885 0.00169953
0.5895 0.00232008
0.5905 0.00121557
0.5915 0.000845958
0.5925 0.00277226
0.5935 0.00324398
0.5945 0.00349034
0.5955 0.00242047
0.5965 0.000187758
0.5975 0.00295106
0.5985 0.00727219
0.5995 0.254101
0.6005 -0.254012
0.6015 -0.00716146
0.6025 -0.00283099
0.6035 -0.000105986
0.6045 -0.00232509
0.6055 -0.00338755
0.6065 -0.00311314
0.6075 -0.00269731
0.6085 -0.000743493
0.6095 -0.00111849
0.6105 -0.00218407
0.6115 -0.00163156
0.6125 -0.00100513
0.6135 -0.00132628
0.6145 -0.000852517
0.6155 -0.000951356
0.6165 -0.000979441
0.6175 -0.00144023
0.6185 -0.000573123
0.6195 -0.000480518
0.6205 -0.000891779
0.6215 -0.00107635
0.6225 -0.000652903
0.6235 -0.000251514
0.6245 -0.000643611
0.6255 -0.000811715
0.6265 -0.000683097
0.6275 -0.000506848
0.6285 -0.000247036
0.6295 -0.000603694
0.6305 -0.000684719
0.6315 -0.000591953
0.6325 -2.08964e-05
0.6335 -0.000418605
0.6345 -0.000616746
0.6355 -0.000351479
0.6365 0.000179998
0.6375 0.000307196
0.6385 0.000590443
0.6395 0.00206963
0.6405 0.00453939
0.6415 0.00857925
0.6425 0.0154152
0.6435 0.0276682
0.6445 0.047551
0.6455 0.0778819
0.6465 0.117382
0.6475 0.16305
0.6485 0.211902
0.6495 0.261686
0.6505 0.311631
0.6515 0.359729
0.6525 0.403095
0.6535 0.437506
0.6545 0.461427
0.6555 0.476721
0.6565 0.48632
0.6575 0.492234
0.6585 0.49585
0.6595 0.497676
0.6605 0.498558
0.6615 0.499199
0.6625 0.499604
0.6635 0.499711
0.6645 0.499644
0.6655 0.499725
0.6665 0.499814
0.6675 0.49985
0.6685 0.499762
0.6695 0.499764
0.6705 0.499795
0.6715 0.499841
0.6725 0.499829
0.6735 0.499784
0.6745 0.499773
0.6755 0.499805
0.6765 0.49989
0.6775 0.499803
0.6785 0.499756
0.6795 0.499819
0.6805 0.499938
0.6815 0.499816
0.6825 0.499739
0.6835 0.499832
0.6845 0.499978
0.6855 0.499827
0.6865 0.499723
0.6875 0.499843
0.6885 0.499992
0.6895 0.49984
0.6905 0.499728
0.6915 0.499853
0.6925 0.499969
0.6935 0.499855
0.6945 0.499768
0.6955 0.499858
0.6965 0.499946
0.6975 0.499867
0.6985 0.499804
0.6995 0.499863
0.7005 0.499924
0.7015 0.499878
0.7025 0.499836
0.7035 0.499868
0.7045 0.499905
0.7055 0.499887
0.7065 0.499866
0.7075 0.499871
0.7085 0.499887
0.7095 0.499903
0.7105 0.499892
0.7115 0.499874
0.7125 0.49987
0.7135 0.499907
0.7145 0.499917
0.7155 0.499877
0.7165 0.499855
0.7175 0.499912
0.7185 0.499939
0.7195 0.49988
0.7205 0.499841
0.7215 0.499916
0.7225 0.49996
0.7235 0.499883
0.7245 0.499831
0.7255 0.49992
0.7265 0.499978
0.7275 0.499885
0.7285 0.499849
0.7295 0.49992
0.7305 0.499984
0.7315 0.499886
0.7325 0.499865
0.7335 0.499919
0.7345 0.499969
0.7355 0.49989
0.7365 0.499883
0.7375 0.499919
0.7385 0.499954
0.7395 0.499894
0.7405 0.499899
0.7415 0.499919
0.7425 0.499941
0.7435 0.499898
0.7445 0.499915
0.7455 0.49992
0.7465 0.499929
0.7475 0.499919
0.7485 0.499927
0.7495 0.499919
0.7505 0.499917
0.7515 0.499944
0.7525 0.499937
0.7535 0.499917
0.7545 0.499904
0.7555 0.499963
0.7565 0.499946
0.7575 0.499915
0.7585 0.499892
0.7595 0.499964
0.7605 0.499957
0.7615 0.499914
0.7625 0.499882
0.7635 0.499964
0.7645 0.499968
0.7655 0.499914
0.7665 0.499873
0.7675 0.499965
0.7685 0.499979
0.7695 0.499914
0.7705 0.499882
0.7715 0.499964
0.7725 0.499987
0.7735 0.499913
0.7745 0.499891
0.7755 0.499962
0.7765 0.499994
0.7775 0.499912
0.7785 0.4999
0.7795 0.499959
0.7805 0.5
0.7815 0.499911
0.7825 0.499908
0.7835 0.499957
0.7845 0.500001
0.7855 0.49991
0.7865 0.499916
0.7875 0.499955
0.7885 0.499991
0.7895 0.499911
0.7905 0.499925
0.7915 0.499953
0.7925 0.499981
0.7935 0.499921
0.7945 0.499932
0.7955 0.499952
0.7965 0.499972
0.7975 0.499936
0.7985 0.499938
0.7995 0.499949
0.8005 0.499962
0.8015 0.499951
0.8025 0.499944
0.8035 0.499946
0.8045 0.499953
0.8055 0.499965
0.8065 0.499949
0.8075 0.499944
0.8085 0.499944
0.8095 0.499978
0.8105 0.499953
0.8115 0.499941
0.8125 0.499936
0.8135 0.49999
0.8145 0.499958
0.8155 0.499939
0.8165 0.499927
0.8175 0.499995
0.8185 0.499963
0.8195 0.499937
0.8205 0.499928
0.8215 0.499994
0.8225 0.499968
0.8235 0.499935
0.8245 0.499933
0.8255 0.499991
0.8265 0.499972
0.8275 0.499933
0.8285 0.499937
0.8295 0.499988
0.8305 0.499974
0.8315 0.499926
0.8325 0.49993
0.8335 0.499957
0.8345 0.499915
0.8355 0.499789
0.8365 0.499647
0.8375 0.499364
0.8385 0.498731
0.8395 0.497465
0.8405 0.495233
0.8415 0.491192
0.8425 0.484067
0.8435 0.471929
0.8445 0.452171
0.8455 0.421814
0.8465 0.382272
0.8475 0.336607
0.8485 0.287786
0.8495 0.237921
0.8505 0.188168
0.8515 0.139981
0.8525 0.0965685
0.8535 0.0621434
0.8545 0.0384766
0.8555 0.0230233
0.8565 0.0133188
0.8575 0.0074508
0.8585 0.00403156
0.8595 0.00211027
0.8605 0.00106868
0.8615 0.000523632
0.8625 0.000248246
0.8635 0.000113869
0.8645 5.0532e-05
0.8655 2.16932e-05
0.8665 9.00767e-06
0.8675 3.61708e-06
0.8685 1.40431e-06
0.8695 5.27013e-07
0.8705 1.91118e-07
0.8715 6.69515e-08
0.8725 2.26483e-08
0.8735 7.39519e-09
0.8745 2.32971e-09
0.8755 7.07745e-10
0.8765 2.07222e-10
0.8775 5.84414e-11
0.8785 1.58653e-11
0.8795 4.14297e-12
0.8805 1.03987e-12
0.8815 2.50665e-13
0.8825 5.79777e-14
0.8835 1.28546e-14
0.8845 2.72913e-15
0.8855 5.54192e-16
0.8865 1.07504e-16
0.8875 1.9894e-17
0.8885 3.50678e-18
0.8895 5.87863e-19
0.8905 9.35509e-20
0.8915 1.41049e-20
0.8925 2.01049e-21
0.8935 2.70268e-22
0.8945 3.41731e-23
0.8955 4.05199e-24
0.8965 4.49034e-25
0.8975 4.63289e-26
0.8985 4.43087e-27
0.8995 3.90844e-28
0.9005 3.16119e-29
0.9015 2.32829e-30
0.9025 1.54878e-31
0.9035 9.21249e-33
0.9045 4.83984e-34
0.9055 2.21077e-35
0.9065 8.60174e-37
0.9075 2.77175e-38
0.9085 7.10143e-40
0.9095 1.35631e-41
0.9105 1.71658e-43
0.9115 1.07981e-45
0.9125 0
0.9135 0
0.9145 0
0.9155 0
0.9165 0
0.9175 0
0.9185 0
0.9195 0
0.9205 0
0.9215 0
0.9225 0
0.9235 0
0.9245 0
0.9255 0
0.9265 0
0.9275 0
0.9285 0
0.9295 0
0.9305 0
0.9315 0
0.9325 0
0.9335 0
0.9345 0
0.9355 0
0.9365 0
0.9375 0
0.9385 0
0.9395 0
0.9405 0
0.9415 0
0.9425 0
0.9435 0
0.9445 0
0.9455 0
0.9465 0
0.9475 0
0.9485 0
0.9495 0
0.9505 0
0.9515 0
0.9525 0
0.9535 0
0.9545 0
0.9555 0
0.9565 0
0.9575 0
0.9585 0
0.9595 0
0.9605 0
0.9615 0
0.9625 0
0.9635 0
0.9645 0
0.9655 0
0.9665 0
0.9675 0
0.9685 0
0.9695 0
0.9705 0
0.9715 0
0.9725 0
0.9735 0
0.9745 0
0.9755 0
0.9765 0
0.9775 0
0.9785 0
0.9795 0
0.9805 0
0.9815 0
0.9825 0
0.9835 0
0.9845 0
0.9855 0
0.9865 0
0.9875 0
0.9885 0
0.9895 0
0.9905 0
0.9915 0
0.9925 0
0.9935 0
0.9945 0
0.9955 0
0.9965 0
0.9975 0
0.9985 0
0.9995 0

# time= 0.4992
0.0005 0.999951
0.0015 0.999983
0.0025 0.999986
0.0035 0.999953
0.0045 0.999948
0.0055 0.999981
0.0065 0.999989
0.0075 0.999956
0.0085 0.999944
0.0095 0.999978
0.0105 0.999991
0.0115 0.999959
0.0125 0.999941
0.0135 0.999975
0.0145 0.999994
0.0155 0.999961
0.0165 0.999941
0.0175 0.999972
0.0185 0.999996
0.0195 0.999962
0.0205 0.999943
0.0215 0.999969
0.0225 0.999996
0.0235 0.999964
0.0245 0.999945
0.0255 0.999967
0.0265 0.999993
0.0275 0.999966
0.0285 0.999947
0.0295 0.999965
0.0305 0.999994
0.0315 0.999967
0.0325 0.999949
0.0335 0.999963
0.0345 0.999991
0.0355 0.999968
0.0365 0.999951
0.0375 0.99996
0.0385 0.999988
0.0395 0.99997
0.0405 0.999953
0.0415 0.999958
0.0425 0.999986
0.0435 0.999971
0.0445 0.999956
0.0455 0.999956
0.0465 0.999982
0.0475 0.999972
0.0485 0.999958
0.0495 0.999953
0.0505 0.999979
0.0515 0.999973
0.0525 0.99996
0.0535 0.99995
0.0545 0.999975
0.0555 0.999977
0.0565 0.999961
0.0575 0.999947
0.0585 0.99997
0.0595 0.999984
0.0605 0.999963
0.0615 0.999944
0.0625 0.999966
0.0635 0.999991
0.0645 0.999966
0.0655 0.999942
0.0665 0.999961
0.0675 0.999998
0.0685 0.999968
0.0695 0.999939
0.0705 0.999957
0.0715 0.999999
0.0725 0.99997
0.0735 0.999938
0.0745 0.999951
0.0755 0.999996
0.0765 0.999965
0.0775 0.999924
0.0785 0.999917
0.0795 0.999941
0.0805 0.999865
0.0815 0.999736
0.0825 0.999569
0.0835 0.99933
0.0845 0.998795
0.0855 0.997889
0.0865 0.996433
0.0875 0.994118
0.0885 0.990278
0.0895 0.984217
0.0905 0.974901
0.0915 0.96087
0.0925 0.93997
0.0935 0.909769
0.0945 0.8693
0.0955 0.818902
0.0965 0.758628
0.0975 0.689805
0.0985 0.615648
0.0995 0.538839
0.1005 0.461146
0.1015 0.384257
0.1025 0.310105
0.1035 0.241353
0.1045 0.181087
0.1055 0.130602
0.1065 0.0901449
0.1075 0.060007
0.1085 0.0391238
0.1095 0.0249968
0.1105 0.0157021
0.1115 0.00969629
0.1125 0.00587543
0.1135 0.00346546
0.1145 0.00203438
0.1155 0.001176
0.1165 0.000659151
0.1175 0.000332607
0.1185 0.000191231
0.1195 0.000102745
0.1205 4.33008e-05
0.1215 -1.31657e-05
0.1225 6.00513e-06
0.1235 -2.3512e-06
0.1245 -1.75164e-05
0.1255 -3.80632e-05
0.1265 -4.91036e-06
0.1275 -1.24448e-05
0.1285 -2.75114e-05
0.1295 -3.37945e-05
0.1305 -3.43974e-06
0.1315 -1.53121e-05
0.1325 -3.39467e-05
0.1335 -2.72155e-05
0.1345 -2.8075e-06
0.1355 -1.78376e-05
0.1365 -4.04355e-05
0.1375 -2.02951e-05
0.1385 -2.07651e-06
0.1395 -2.04244e-05
0.1405 -4.7172e-05
0.1415 -1.3109e-05
0.1425 -1.27162e-06
0.1435 -2.30698e-05
0.1445 -5.41416e-05
0.1455 -5.62743e-06
0.1465 -3.34885e-07
0.1475 -2.56772e-05
0.1485 -6.12028e-05
0.1495 1.72919e-06
0.1505 9.36853e-07
0.1515 -2.78002e-05
0.1525 -6.74849e-05
0.1535 -5.86228e-07
0.1545 1.41897e-06
0.1555 -3.13103e-05
0.1565 -6.60247e-05
0.1575 -3.21065e-06
0.1585 1.69906e-06
0.1595 -3.53339e-05
0.1605 -6.21673e-05
0.1615 -6.02392e-06
0.1625 1.99268e-06
0.1635 -3.95417e-05
0.1645 -5.82292e-05
0.1655 -9.05096e-06
0.1665 2.27861e-06
0.1675 -4.39655e-05
0.1685 -5.42425e-05
0.1695 -1.23165e-05
0.1705 2.47034e-06
0.1715 -4.87679e-05
0.1725 -5.04964e-05
0.1735 -1.28261e-05
0.1745 2.83655e-06
0.1755 -5.34642e-05
0.1765 -4.62056e-05
0.1775 -1.69075e-05
0.1785 3.11695e-06
0.1795 -5.84105e-05
0.1805 -4.19792e-05
0.1815 -2.15847e-05
0.1825 2.82819e-06
0.1835 -5.92044e-05
0.1845 -3.74111e-05
0.1855 -2.62914e-05
0.1865 -4.36592e-06
0.1875 -5.09028e-05
0.1885 -3.20629e-05
0.1895 -3.02472e-05
0.1905 -1.89183e-05
0.1915 -4.22459e-05
0.1925 -2.65888e-05
0.1935 -3.44743e-05
0.1945 -3.42041e-05
0.1955 -3.3231e-05
0.1965 -2.10039e-05
0.1975 -3.90085e-05
0.1985 -5.02812e-05
0.1995 -2.38684e-05
0.2005 -1.53441e-05
0.2015 -4.39085e-05
0.2025 -6.72263e-05
0.2035 -1.42118e-05
0.2045 -9.71018e-06
0.2055 -4.93116e-05
0.2065 -8.51916e-05
0.2075 -4.52963e-06
0.2085 -4.62269e-06
0.2095 -5.60902e-05
0.2105 -9.71703e-05
0.2115 5.38259e-06
0.2125 1.10995e-07
0.2135 -6.40466e-05
0.2145 -0.000100024
0.2155 1.66708e-05
0.2165 2.49586e-06
0.2175 -7.11883e-05
0.2185 -0.000101044
0.2195 1.6203e-05
0.2205 3.00575e-06
0.2215 -7.88119e-05
0.2225 -9.92979e-05
0.2235 1.0756e-05
0.2245 3.19354e-06
0.2255 -8.73551e-05
0.2265 -9.51953e-05
0.2275 4.59486e-06
0.2285 3.17613e-06
0.2295 -9.65893e-05
0.2305 -9.13789e-05
0.2315 -2.65606e-06
0.2325 2.48834e-06
0.2335 -0.000105058
0.2345 -8.83864e-05
0.2355 -1.20814e-05
0.2365 -7.01769e-07
0.2375 -9.56686e-05
0.2385 -8.51054e-05
0.2395 -2.19664e-05
0.2405 -3.7289e-06
0.2415 -8.53103e-05
0.2425 -8.12914e-05
0.2435 -3.20605e-05
0.2445 -6.2473e-06
0.2455 -7.3214e-05
0.2465 -7.56245e-05
0.2475 -4.01684e-05
0.2485 -2.79118e-05
0.2495 -6.03223e-05
0.2505 -6.96562e-05
0.2515 -4.87069e-05
0.2525 -5.49152e-05
0.2535 -4.68926e-05
0.2545 -6.3867e-05
0.2555 -6.37203e-05
0.2565 -7.78424e-05
0.2575 -3.34993e-05
0.2585 -5.93707e-05
0.2595 -8.40998e-05
0.2605 -8.37361e-05
0.2615 -1.91946e-05
0.2625 -5.46989e-05
0.2635 -0.000105602
0.2645 -9.00133e-05
0.2655 -3.90685e-06
0.2665 -4.98034e-05
0.2675 -0.000128029
0.2685 -9.66342e-05
0.2695 1.23467e-05
0.2705 -4.46037e-05
0.2715 -0.000143905
0.2725 -0.000100805
0.2735 6.99804e-06
0.2745 -3.95742e-05
0.2755 -0.000160945
0.2765 -0.00010569
0.2775 -1.08697e-05
0.2785 -3.86892e-05
0.2795 -0.000149582
0.2805 -0.000110967
0.2815 -3.06419e-05
0.2825 -3.80645e-05
0.2835 -0.00013485
0.2845 -0.000116444
0.2855 -5.2204e-05
0.2865 -3.7295e-05
0.2875 -0.000118441
0.2885 -0.000121775
0.2895 -7.52064e-05
0.2905 -3.94811e-05
0.2915 -9.99021e-05
0.2925 -0.000126363
0.2935 -9.87127e-05
0.2945 -5.72994e-05
0.2955 -8.02364e-05
0.2965 -0.000132223
0.2975 -0.000126109
0.2985 -6.80101e-05
0.2995 -5.88234e-05
0.3005 -0.00013865
0.3015 -0.000156482
0.3025 -8.03101e-05
0.3035 -3.55987e-05
0.3045 -0.000145755
0.3055 -0.000190199
0.3065 -9.46403e-05
0.3075 -1.06499e-05
0.3085 -0.000153861
0.3095 -0.000227827
0.3105 -0.00011232
0.3115 1.39142e-05
0.3125 -0.000161437
0.3135 -0.000230535
0.3145 -0.000127296
0.3155 8.03745e-07
0.3165 -0.000167594
0.3175 -0.000212539
0.3185 -0.000140883
0.3195 -3.87236e-05
0.3205 -0.000174491
0.3215 -0.000192765
0.3225 -0.00015668
0.3235 -8.45698e-05
0.3245 -0.000181823
0.3255 -0.000179525
0.3265 -0.000178221
0.3275 -0.000143476
0.3285 -0.00013814
0.3295 -0.000163275
0.3305 -0.000199224
0.3315 -0.000206057
0.3325 -0.000116943
0.3335 -0.00014209
0.3345 -0.000220054
0.3355 -0.000272927
0.3365 -0.000137475
0.3375 -0.000119034
0.3385 -0.000246678
0.3395 -0.000338247
0.3405 -0.000167504
0.3415 -9.72349e-05
0.3425 -0.000286241
0.3435 -0.000323783
0.3445 -0.000200458
0.3455 -8.21036e-05
0.3465 -0.000324779
0.3475 -0.000296325
0.3485 -0.000226073
0.3495 -0.000193137
0.3505 -0.000369973
0.3515 -0.000270017
0.3525 -0.000271112
0.3535 -0.0003359
0.3545 -0.000284308
0.3555 -0.000232298
0.3565 -0.000329894
0.3575 -0.000503891
0.3585 -0.000210482
0.3595 -0.000178255
0.3605 -0.000393759
0.3615 -0.000661934
0.3625 -0.000313162
0.3635 -0.000119604
0.3645 -0.000492638
0.3655 -0.000681666
0.3665 -0.000447765
0.3675 -3.36951e-05
0.3685 -0.000597445
0.3695 -0.000687023
0.3705 -0.00060464
0.3715 -0.000247416
0.3725 -0.000506998
0.3735 -0.000683155
0.3745 -0.000811737
0.3755 -0.000643619
0.3765 -0.000251517
0.3775 -0.000652904
0.3785 -0.00107635
0.3795 -0.000891779
0.3805 -0.000480518
0.3815 -0.000573123
0.3825 -0.00144023
0.3835 -0.000979441
0.3845 -0.000951356
0.3855 -0.000852517
0.3865 -0.00132628
0.3875 -0.00100513
0.3885 -0.00163156
0.3895 -0.00218407
0.3905 -0.00111849
0.3915 -0.000743493
0.3925 -0.00269731
0.3935 -0.00311314
0.3945 -0.00338755
0.3955 -0.00232509
0.3965 -0.000105986
0.3975 -0.00283099
0.3985 -0.00716146
0.3995 -0.254012
0.4005 0.254101
0.4015 0.00727219
0.4025 0.00295106
0.4035 0.000187758
0.4045 0.00242047
0.4055 0.00349034
0.4065 0.00324398
0.4075 0.00277226
0.4085 0.000845958
0.4095 0.00121557
0.4105 0.00232008
0.4115 0.00169953
0.4125 0.00111485
0.4135 0.00141973
0.4145 0.00098513
0.4155 0.0010114
0.4165 0.00109528
0.4175 0.0015366
0.4185 0.00069982
0.4195 0.000543804
0.4205 0.00100438
0.4215 0.00118261
0.4225 0.000773203
0.4235 0.000322653
0.4245 0.000748906
0.4255 0.000929004
0.4265 0.000797855
0.4275 0.000586874
0.4285 0.000345816
0.4295 0.000733689
0.4305 0.000796859
0.4315 0.000687205
0.4325 0.000126066
0.4335 0.000587853
0.4345 0.000787858
0.4355 0.000594489
0.4365 0.000208624
0.4375 0.000446439
0.4385 0.000764565
0.4395 0.00050819
0.4405 0.000263932
0.4415 0.000335989
0.4425 0.000602801
0.4435 0.000457156
0.4445 0.000314303
0.4455 0.000400337
0.4465 0.00042962
0.4475 0.000406975
0.4485 0.000368057
0.4495 0.000476044
0.4505 0.000281955
0.4515 0.000363458
0.4525 0.000417343
0.4535 0.000421571
0.4545 0.000176678
0.4555 0.000340861
0.4565 0.000463235
0.4575 0.000373581
0.4585 0.000199351
0.4595 0.000314605
0.4605 0.000478958
0.4615 0.000323459
0.4625 0.000228313
0.4635 0.000292474
0.4645 0.000415175
0.4655 0.000285077
0.4665 0.000258036
0.4675 0.000280871
0.4685 0.000349889
0.4695 0.000250934
0.4705 0.000284657
0.4715 0.000310606
0.4725 0.000286505
0.4735 0.000238208
0.4745 0.000306472
0.4755 0.00036439
0.4765 0.000227589
0.4775 0.000237477
0.4785 0.000327803
0.4795 0.000339407
0.4805 0.000182383
0.4815 0.000244539
0.4825 0.000349298
0.4835 0.000312996
0.4845 0.000144556
0.4855 0.000256165
0.4865 0.000369503
0.4875 0.000286458
0.4885 0.000133624
0.4895 0.000268572
0.4905 0.000369206
0.4915 0.000260346
0.4925 0.000159605
0.4935 0.000279107
0.4945 0.000345655
0.4955 0.000236769
0.4965 0.000186596
0.4975 0.000296438
0.4985 0.000318638
0.4995 0.000212295
0.5005 0.000212295
0.5015 0.000318638
0.5025 0.000296438
0.5035 0.000186596
0.5045 0.000236769
0.5055 0.000345655
0.5065 0.000279107
0.5075 0.000159605
0.5085 0.000260346
0.5095 0.000369206
0.5105 0.000268572
0.5115 0.000133624
0.5125 0.000286458
0.5135 0.000369503
0.5145 0.000256165
0.5155 0.000144556
0.5165 0.000312996
0.5175 0.000349298
0.5185 0.000244539
0.5195 0.000182383
0.5205 0.000339407
0.5215 0.000327803
0.5225 0.000237477
0.5235 0.000227589
0.5245 0.00036439
0.5255 0.000306472
0.5265 0.000238208
0.5275 0.000286505
0.5285 0.000310606
0.5295 0.000284657
0.5305 0.000250934
0.5315 0.000349889
0.5325 0.000280871
0.5335 0.000258036
0.5345 0.000285077
0.5355 0.000415175
0.5365 0.000292474
0.5375 0.000228313
0.5385 0.000323459
0.5395 0.000478958
0.5405 0.000314605
0.5415 0.000199351
0.5425 0.000373581
0.5435 0.000463235
0.5445 0.000340861
0.5455 0.000176678
0.5465 0.000421571
0.5475 0.000417343
0.5485 0.000363458
0.5495 0.000281955
0.5505 0.000476044
0.5515 0.000368057
0.5525 0.000406975
0.5535 0.00042962
0.5545 0.000400337
0.5555 0.000314303
0.5565 0.000457156
0.5575 0.000602801
0.5585 0.000335989
0.5595 0.000263932
0.5605 0.00050819
0.5615 0.000764565
0.5625 0.000446439
0.5635 0.000208624
0.5645 0.000594489
0.5655 0.000787858
0.5665 0.000587853
0.5675 0.000126066
0.5685 0.000687205
0.5695 0.000796859
0.5705 0.000733689
0.5715 0.000345816
0.5725 0.000586874
0.5735 0.000797855
0.5745 0.000929004
0.5755 0.000748906
0.5765 0.000322653
0.5775 0.000773203
0.5785 0.00118261
0.5795 0.00100438
0.5805 0.000543804
0.5815 0.00069982
0.5825 0.0015366
0.5835 0.00109528
0.5845 0.0010114
0.5855 0.00098513
0.5865 0.00141973
0.5875 0.00111485
0.5885 0.00169953
0.5895 0.00232008
0.5905 0.00121557
0.5915 0.000845958
0.5925 0.00277226
0.5935 0.00324398
0.5945 0.00349034
0.5955 0.00242047
0.5965 0.000187758
0.5975 0.00295106
0.5985 0.00727219
0.5995 0.254101
0.6005 -0.254012
0.6015 -0.00716146
0.6025 -0.00283099
0.6035 -0.000105986
0.6045 -0.00232509
0.6055 -0.00338755
0.6065 -0.00311314
0.6075 -0.00269731
0.6085 -0.000743493
0.6095 -0.00111849
0.6105 -0.00218407
0.6115 -0.00163156
0.6125 -0.00100513
0.6135 -0.00132628
0.6145 -0.000852517
0.6155 -0.000951356
0.6165 -0.000979441
0.6175 -0.00144023
0.6185 -0.000573123
0.6195 -0.000480518
0.6205 -0.000891779
0.6215 -0.00107635
0.6225 -0.000652904
0.6235 -0.000251517
0.6245 -0.000643619
0.6255 -0.000811737
0.6265 -0.000683155
0.6275 -0.000506998
0.6285 -0.000247416
0.6295 -0.00060464
0.6305 -0.000687023
0.6315 -0.000597445
0.6325 -3.36951e-05
0.6335 -0.000447765
0.6345 -0.000681666
0.6355 -0.000492638
0.6365 -0.000119604
0.6375 -0.000313162
0.6385 -0.000661934
0.6395 -0.000393759
0.6405 -0.000178255
0.6415 -0.000210482
0.6425 -0.000503891
0.6435 -0.000329894
0.6445 -0.000232298
0.6455 -0.000284308
0.6465 -0.0003359
0.6475 -0.000271112
0.6485 -0.000270017
0.6495 -0.000369973
0.6505 -0.000193137
0.6515 -0.000226073
0.6525 -0.000296325
0.6535 -0.000324779
0.6545 -8.21036e-05
0.6555 -0.000200458
0.6565 -0.000323783
0.6575 -0.000286241
0.6585 -9.72349e-05
0.6595 -0.000167504
0.6605 -0.000338247
0.6615 -0.000246678
0.6625 -0.000119034
0.6635 -0.000137475
0.6645 -0.000272927
0.6655 -0.000220054
0.6665 -0.00014209
0.6675 -0.000116943
0.6685 -0.000206057
0.6695 -0.000199224
0.6705 -0.000163275
0.6715 -0.00013814
0.6725 -0.000143476
0.6735 -0.000178221
0.6745 -0.000179525
0.6755 -0.000181823
0.6765 -8.45698e-05
0.6775 -0.00015668
0.6785 -0.000192765
0.6795 -0.000174491
0.6805 -3.87236e-05
0.6815 -0.000140883
0.6825 -0.000212539
0.6835 -0.000167594
0.6845 8.03745e-07
0.6855 -0.000127296
0.6865 -0.000230535
0.6875 -0.000161437
0.6885 1.39142e-05
0.6895 -0.00011232
0.6905 -0.000227827
0.6915 -0.000153861
0.6925 -1.06499e-05
0.6935 -9.46403e-05
0.6945 -0.000190199
0.6955 -0.000145755
0.6965 -3.55987e-05
0.6975 -8.03101e-05
0.6985 -0.000156482
0.6995 -0.00013865
0.7005 -5.88234e-05
0.7015 -6.80101e-05
0.7025 -0.000126109
0.7035 -0.000132223
0.7045 -8.02364e-05
0.7055 -5.72994e-05
0.7065 -9.87127e-05
0.7075 -0.000126363
0.7085 -9.99021e-05
0.7095 -3.94811e-05
0.7105 -7.52064e-05
0.7115 -0.000121775
0.7125 -0.000118441
0.7135 -3.7295e-05
0.7145 -5.2204e-05
0.7155 -0.000116444
0.7165 -0.00013485
0.7175 -3.80645e-05
0.7185 -3.06419e-05
0.7195 -0.000110967
0.7205 -0.000149582
0.7215 -3.86892e-05
0.7225 -1.08697e-05
0.7235 -0.00010569
0.7245 -0.000160945
0.7255 -3.95742e-05
0.7265 6.99804e-06
0.7275 -0.000100805
0.7285 -0.000143905
0.7295 -4.46037e-05
0.7305 1.23467e-05
0.7315 -9.66342e-05
0.7325 -0.000128029
0.7335 -4.98034e-05
0.7345 -3.90685e-06
0.7355 -9.00133e-05
0.7365 -0.000105602
0.7375 -5.46989e-05
0.7385 -1.91946e-05
0.7395 -8.37361e-05
0.7405 -8.40998e-05
0.7415 -5.93707e-05
0.7425 -3.34993e-05
0.7435 -7.78424e-05
0.7445 -6.37203e-05
0.7455 -6.3867e-05
0.7465 -4.68926e-05
0.7475 -5.49152e-05
0.7485 -4.87069e-05
0.7495 -6.96562e-05
0.7505 -6.03223e-05
0.7515 -2.79118e-05
0.7525 -4.01684e-05
0.7535 -7.56245e-05
0.7545 -7.3214e-05
0.7555 -6.2473e-06
0.7565 -3.20605e-05
0.7575 -8.12914e-05
0.7585 -8.53103e-05
0.7595 -3.7289e-06
0.7605 -2.19664e-05
0.7615 -8.51054e-05
0.7625 -9.56686e-05
0.7635 -7.01769e-07
0.7645 -1.20814e-05
0.7655 -8.83864e-05
0.7665 -0.000105058
0.7675 2.48834e-06
0.7685 -2.65606e-06
0.7695 -9.13789e-05
0.7705 -9.65893e-05
0.7715 3.17613e-06
0.7725 4.59486e-06
0.7735 -9.51953e-05
0.7745 -8.73551e-05
0.7755 3.19354e-06
0.7765 1.0756e-05
0.7775 -9.92979e-05
0.7785 -7.88119e-05
0.7795 3.00575e-06
0.7805 1.6203e-05
0.7815 -0.000101044
0.7825 -7.11883e-05
0.7835 2.49586e-06
0.7845 1.66708e-05
0.7855 -0.000100024
0.7865 -6.40466e-05
0.7875 1.10995e-07
0.7885 5.38259e-06
0.7895 -9.71703e-05
0.7905 -5.60902e-05
0.7915 -4.62269e-06
0.7925 -4.52963e-06
0.7935 -8.51916e-05
0.7945 -4.93116e-05
0.7955 -9.71018e-06
0.7965 -1.42118e-05
0.7975 -6.72263e-05
0.7985 -4.39085e-05
0.7995 -1.53441e-05
0.8005 -2.38684e-05
0.8015 -5.02812e-05
0.8025 -3.90085e-05
0.8035 -2.10039e-05
0.8045 -3.3231e-05
0.8055 -3.42041e-05
0.8065 -3.44743e-05
0.8075 -2.65888e-05
0.8085 -4.22459e-05
0.8095 -1.89183e-05
0.8105 -3.02472e-05
0.8115 -3.20629e-05
0.8125 -5.09028e-05
0.8135 -4.36592e-06
0.8145 -2.62914e-05
0.8155 -3.74111e-05
0.8165 -5.92044e-05
0.8175 2.82819e-06
0.8185 -2.15847e-05
0.8195 -4.19792e-05
0.8205 -5.84105e-05
0.8215 3.11695e-06
0.8225 -1.69075e-05
0.8235 -4.62056e-05
0.8245 -5.34642e-05
0.8255 2.83655e-06
0.8265 -1.28261e-05
0.8275 -5.04964e-05
0.8285 -4.87679e-05
0.8295 2.47034e-06
0.8305 -1.23165e-05
0.8315 -5.42425e-05
0.8325 -4.39655e-05
0.8335 2.27861e-06
0.8345 -9.05096e-06
0.8355 -5.82292e-05
0.8365 -3.95417e-05
0.8375 1.99268e-06
0.8385 -6.02392e-06
0.8395 -6.21673e-05
0.8405 -3.53339e-05
0.8415 1.69906e-06
0.8425 -3.21065e-06
0.8435 -6.60247e-05
0.8445 -3.13103e-05
0.8455 1.41897e-06
0.8465 -5.86228e-07
0.8475 -6.74849e-05
0.8485 -2.78002e-05
0.8495 9.36853e-07
0.8505 1.72919e-06
0.8515 -6.12028e-05
0.8525 -2.56772e-05
0.8535 -3.34885e-07
0.8545 -5.62743e-06
0.8555 -5.41416e-05
0.8565 -2.30698e-05
0.8575 -1.27162e-06
0.8585 -1.3109e-05
0.8595 -4.7172e-05
0.8605 -2.04244e-05
0.8615 -2.07651e-06
0.8625 -2.02951e-05
0.8635 -4.04355e-05
0.8645 -1.78376e-05
0.8655 -2.8075e-06
0.8665 -2.72155e-05
0.8675 -3.39467e-05
0.8685 -1.53121e-05
0.8695 -3.43974e-06
0.8705 -3.37945e-05
0.8715 -2.75114e-05
0.8725 -1.24448e-05
0.8735 -4.91036e-06
0.8745 -3.80632e-05
0.8755 -1.75164e-05
0.8765 -2.3512e-06
0.8775 6.00513e-06
0.8785 -1.31657e-05
0.8795 4.33008e-05
0.8805 0.000102745
0.8815 0.000191231
0.8825 0.000332607
0.8835 0.000659151
0.8845 0.001176
0.8855 0.00203438
0.8865 0.00346546
0.8875 0.00587543
0.8885 0.00969629
0.8895 0.0157021
0.8905 0.0249968
0.8915 0.0391238
0.8925 0.060007
0.8935 0.0901449
0.8945 0.130602
0.8955 0.181087
0.8965 0.241353
0.8975 0.310105
0.8985 0.384257
0.8995 0.461146
0.9005 0.538839
0.9015 0.615648
0.9025 0.689805
0.9035 0.758628
0.9045 0.818902
0.9055 0.8693
0.9065 0.909769
0.9075 0.93997
0.9085 0.96087
0.9095 0.974901
0.9105 0.984217
0.9115 0.990278
0.9125 0.994118
0.9135 0.996433
0.9145 0.997889
0.9155 0.998795
0.9165 0.99933
0.9175 0.999569
0.9185 0.999736
0.9195 0.999865
0.9205 0.999941
0.9215 0.999917
0.9225 0.999924
0.9235 0.999965
0.9245 0.999996
0.9255 0.999951
0.9265 0.999938
0.9275 0.99997
0.9285 0.999999
0.9295 0.999957
0.9305 0.999939
0.9315 0.999968
0.9325 0.999998
0.9335 0.999961
0.9345 0.999942
0.9355 0.999966
0.9365 0.999991
0.9375 0.999966
0.9385 0.999944
0.9395 0.999963
0.9405 0.999984
0.9415 0.99997
0.9425 0.999947
0.9435 0.999961
0.9445 0.999977
0.9455 0.999975
0.9465 0.99995
0.9475 0.99996
0.9485 0.999973
0.9495 0.999979
0.9505 0.999953
0.9515 0.999958
0.9525 0.999972
0.9535 0.999982
0.9545 0.999956
0.9555 0.999956
0.9565 0.999971
0.9575 0.999986
0.9585 0.999958
0.9595 0.999953
0.9605 0.99997
0.9615 0.999988
0.9625 0.99996
0.9635 0.999951
0.9645 0.999968
0.9655 0.999991
0.9665 0.999963
0.9675 0.999949
0.9685 0.999967
0.9695 0.999994
0.9705 0.999965
0.9715 0.999947
0.9725 0.999966
0.9735 0.999993
0.9745 0.999967
0.9755 0.999945
0.9765 0.999964
0.9775 0.999996
0.9785 0.999969
0.9795 0.999943
0.9805 0.999962
0.9815 0.999996
0.9825 0.999972
0.9835 0.999941
0.9845 0.999961
0.9855 0.999994
0.9865 0.999975
0.9875 0.999941
0.9885 0.999959
0.9895 0.999991
0.9905 0.999978
0.9915 0.999944
0.9925 0.999956
0.9935 0.999989
0.9945 0.999981
0.9955 0.999948
0.9965 0.999953
0.9975 0.999986
0.9985 0.999983
0.9995 0.999951

# time= 0.7488
0.0005 -3.43521e-05
0.0015 -6.99913e-06
0.0025 -3.18058e-06
0.0035 -3.28611e-05
0.0045 -3.59518e-05
0.0055 -1.08294e-05
0.0065 6.2363e-07
0.0075 -3.14878e-05
0.0085 -3.7667e-05
0.0095 -1.46927e-05
0.0105 4.37978e-06
0.0115 -3.0275e-05
0.0125 -3.95373e-05
0.0135 -1.7293e-05
0.0145 7.66158e-06
0.0155 -2.97263e-05
0.0165 -3.83143e-05
0.0175 -1.92411e-05
0.0185 1.07731e-05
0.0195 -2.94425e-05
0.0205 -3.5009e-05
0.0215 -2.08143e-05
0.0225 1.09995e-05
0.0235 -2.90242e-05
0.0245 -3.13705e-05
0.0255 -2.19897e-05
0.0265 7.07954e-06
0.0275 -2.84061e-05
0.0285 -2.74838e-05
0.0295 -2.30083e-05
0.0305 6.50066e-06
0.0315 -2.81693e-05
0.0325 -2.44001e-05
0.0335 -2.4096e-05
0.0345 3.04266e-06
0.0355 -2.7387e-05
0.0365 -2.31586e-05
0.0375 -2.51094e-05
0.0385 -4.88449e-07
0.0395 -2.66623e-05
0.0405 -2.19012e-05
0.0415 -2.61491e-05
0.0425 -4.12301e-06
0.0435 -2.6047e-05
0.0445 -2.06802e-05
0.0455 -2.72692e-05
0.0465 -7.91336e-06
0.0475 -2.55872e-05
0.0485 -1.95633e-05
0.0495 -2.85613e-05
0.0505 -1.19677e-05
0.0515 -2.53877e-05
0.0525 -1.87752e-05
0.0535 -3.04284e-05
0.0545 -1.69552e-05
0.0555 -2.00228e-05
0.0565 -1.81183e-05
0.0575 -3.2583e-05
0.0585 -2.24782e-05
0.0595 -1.12297e-05
0.0605 -1.73743e-05
0.0615 -3.46815e-05
0.0625 -2.8022e-05
0.0635 -2.19744e-06
0.0645 -1.64811e-05
0.0655 -3.6639e-05
0.0665 -3.34816e-05
0.0675 7.07348e-06
0.0685 -1.52211e-05
0.0695 -3.80577e-05
0.0705 -3.81769e-05
0.0715 1.05364e-05
0.0725 -1.39365e-05
0.0735 -3.77216e-05
0.0745 -4.32334e-05
0.0755 1.37945e-05
0.0765 -1.27258e-05
0.0775 -3.56887e-05
0.0785 -4.86929e-05
0.0795 1.68089e-05
0.0805 -1.15822e-05
0.0815 -3.57063e-05
0.0825 -5.29894e-05
0.0835 1.81544e-05
0.0845 -1.04815e-05
0.0855 -3.58316e-05
0.0865 -5.64373e-05
0.0875 1.62907e-05
0.0885 -9.6895e-06
0.0895 -3.65792e-05
0.0905 -5.68754e-05
0.0915 1.22116e-05
0.0925 -8.95722e-06
0.0935 -3.77996e-05
0.0945 -5.32542e-05
0.0955 8.1759e-06
0.0965 -8.14015e-06
0.0975 -3.90519e-05
0.0985 -4.94904e-05
0.0995 4.15522e-06
0.1005 -7.25967e-06
0.1015 -4.03491e-05
0.1025 -4.55829e-05
0.1035 1.56058e-07
0.1045 -6.3046e-06
0.1055 -4.16646e-05
0.1065 -4.1485e-05
0.1075 -3.76674e-06
0.1085 -5.20917e-06
0.1095 -4.2846e-05
0.1105 -3.69066e-05
0.1115 -7.12133e-06
0.1125 -8.33761e-06
0.1135 -4.40994e-05
0.1145 -3.21549e-05
0.1155 -1.03488e-05
0.1165 -1.3123e-05
0.1175 -4.54041e-05
0.1185 -2.71588e-05
0.1195 -1.32397e-05
0.1205 -1.42946e-05
0.1215 -4.48481e-05
0.1225 -1.83032e-05
0.1235 -9.26059e-06
0.1245 -1.76858e-06
0.1255 -1.41938e-05
0.1265 3.08201e-05
0.1275 6.32223e-05
0.1285 0.000125888
0.1295 0.000210511
0.1305 0.000393341
0.1315 0.000646525
0.1325 0.00107076
0.1335 0.00172647
0.1345 0.00276503
0.1355 0.0043191
0.1365 0.00669364
0.1375 0.0102228
0.1385 0.0153925
0.1395 0.0228216
0.1405 0.0334052
0.1415 0.0482028
0.1425 0.0681755
0.1435 0.0928038
0.1445 0.12111
0.1455 0.152071
0.1465 0.184643
0.1475 0.218068
0.1485 0.25186
0.1495 0.285743
0.1505 0.3193
0.1515 0.351944
0.1525 0.382752
0.1535 0.410474
0.1545 0.433523
0.1555 0.451384
0.1565 0.46496
0.1575 0.475158
0.1585 0.482598
0.1595 0.487935
0.1605 0.491761
0.1615 0.494495
0.1625 0.496342
0.1635 0.497552
0.1645 0.498404
0.1655 0.499008
0.1665 0.499369
0.1675 0.499548
0.1685 0.499714
0.1695 0.499846
0.1705 0.499902
0.1715 0.499877
0.1725 0.499924
0.1735 0.499973
0.1745 0.499978
0.1755 0.499919
0.1765 0.499954
0.1775 0.499985
0.1785 0.499987
0.1795 0.49992
0.1805 0.499961
0.1815 0.499983
0.1825 0.499987
0.1835 0.499921
0.1845 0.499965
0.1855 0.499979
0.1865 0.49998
0.1875 0.49993
0.1885 0.49997
0.1895 0.499976
0.1905 0.499965
0.1915 0.49994
0.1925 0.499975
0.1935 0.499972
0.1945 0.499949
0.1955 0.49995
0.1965 0.49998
0.1975 0.499968
0.1985 0.499932
0.1995 0.49996
0.2005 0.499985
0.2015 0.499964
0.2025 0.499915
0.2035 0.499971
0.2045 0.499991
0.2055 0.499959
0.2065 0.499896
0.2075 0.499981
0.2085 0.499995
0.2095 0.499953
0.2105 0.499884
0.2115 0.499992
0.2125 0.5
0.2135 0.499944
0.2145 0.499881
0.2155 0.500005
0.2165 0.500002
0.2175 0.499936
0.2185 0.49988
0.2195 0.500005
0.2205 0.500002
0.2215 0.499927
0.2225 0.499882
0.2235 0.500001
0.2245 0.500002
0.2255 0.499917
0.2265 0.499888
0.2275 0.499995
0.2285 0.500001
0.2295 0.499906
0.2305 0.499894
0.2315 0.499989
0.2325 0.5
0.2335 0.499896
0.2345 0.499899
0.2355 0.49998
0.2365 0.499996
0.2375 0.499904
0.2385 0.499905
0.2395 0.499971
0.2405 0.499993
0.2415 0.499913
0.2425 0.49991
0.2435 0.499961
0.2445 0.499989
0.2455 0.499923
0.2465 0.499918
0.2475 0.499954
0.2485 0.499967
0.2495 0.499935
0.2505 0.499926
0.2515 0.499946
0.2525 0.49994
0.2535 0.499947
0.2545 0.499934
0.2555 0.499931
0.2565 0.499916
0.2575 0.499959
0.2585 0.49994
0.2595 0.499911
0.2605 0.49991
0.2615 0.499972
0.2625 0.499946
0.2635 0.49989
0.2645 0.499903
0.2655 0.499985
0.2665 0.499953
0.2675 0.499868
0.2685 0.499896
0.2695 0.5
0.2705 0.49996
0.2715 0.499853
0.2725 0.499891
0.2735 0.499994
0.2745 0.499967
0.2755 0.499836
0.2765 0.499886
0.2775 0.499974
0.2785 0.499969
0.2795 0.499848
0.2805 0.49988
0.2815 0.499955
0.2825 0.49997
0.2835 0.499863
0.2845 0.499874
0.2855 0.499934
0.2865 0.499971
0.2875 0.49988
0.2885 0.499868
0.2895 0.499912
0.2905 0.499968
0.2915 0.499899
0.2925 0.499863
0.2935 0.499889
0.2945 0.49995
0.2955 0.499919
0.2965 0.499856
0.2975 0.499862
0.2985 0.499939
0.2995 0.499941
0.3005 0.49985
0.3015 0.499833
0.3025 0.499926
0.3035 0.499965
0.3045 0.499842
0.3055 0.4998
0.3065 0.499911
0.3075 0.49999
0.3085 0.499833
0.3095 0.499763
0.3105 0.499893
0.3115 0.500015
0.3125 0.499825
0.3135 0.49976
0.3145 0.499878
0.3155 0.500003
0.3165 0.499819
0.3175 0.499779
0.3185 0.499863
0.3195 0.499963
0.3205 0.49981
0.3215 0.499797
0.3225 0.499842
0.3235 0.499909
0.3245 0.499787
0.3255 0.499784
0.3265 0.499775
0.3275 0.499773
0.3285 0.4997
0.3295 0.499583
0.3305 0.499393
0.3315 0.499123
0.3325 0.498773
0.3335 0.498096
0.3345 0.497001
0.3355 0.495379
0.3365 0.493126
0.3375 0.489631
0.3385 0.484347
0.3395 0.476807
0.3405 0.46638
0.3415 0.45168
0.3425 0.431525
0.3435 0.406835
0.3445 0.378638
0.3455 0.347836
0.3465 0.315019
0.3475 0.281594
0.3485 0.247856
0.3495 0.214061
0.3505 0.180318
0.3515 0.14774
0.3525 0.116913
0.3535 0.0891859
0.3545 0.066181
0.3555 0.0483329
0.3565 0.0346478
0.3575 0.0243324
0.3585 0.0171796
0.3595 0.0118309
0.3605 0.00778707
0.3615 0.00483628
0.3625 0.00333313
0.3635 0.00226682
0.3645 0.00104895
0.3655 0.000301355
0.3665 0.000171084
0.3675 0.000350967
0.3685 -0.000361348
0.3695 -0.000543917
0.3705 -0.000518972
0.3715 -0.000196763
0.3725 -0.000477413
0.3735 -0.000666086
0.3745 -0.000802007
0.3755 -0.00063814
0.3765 -0.000248469
0.3775 -0.000651228
0.3785 -0.00107544
0.3795 -0.00089129
0.3805 -0.000480258
0.3815 -0.000572987
0.3825 -0.00144016
0.3835 -0.000979405
0.3845 -0.000951338
0.3855 -0.000852508
0.3865 -0.00132628
0.3875 -0.00100513
0.3885 -0.00163156
0.3895 -0.00218407
0.3905 -0.00111849
0.3915 -0.000743493
0.3925 -0.00269731
0.3935 -0.00311314
0.3945 -0.00338755
0.3955 -0.00232509
0.3965 -0.000105986
0.3975 -0.00283099
0.3985 -0.00716146
0.3995 -0.254012
0.4005 0.254101
0.4015 0.00727219
0.4025 0.00295106
0.4035 0.000187758
0.4045 0.00242047
0.4055 0.00349034
0.4065 0.00324398
0.4075 0.00277226
0.4085 0.000845958
0.4095 0.00121557
0.4105 0.00232008
0.4115 0.00169953
0.4125 0.00111485
0.4135 0.00141973
0.4145 0.00098513
0.4155 0.0010114
0.4165 0.00109528
0.4175 0.0015366
0.4185 0.00069982
0.4195 0.000543804
0.4205 0.00100438
0.4215 0.00118261
0.4225 0.000773203
0.4235 0.000322653
0.4245 0.000748906
0.4255 0.000929004
0.4265 0.000797855
0.4275 0.000586874
0.4285 0.000345816
0.4295 0.000733689
0.4305 0.000796859
0.4315 0.000687205
0.4325 0.000126066
0.4335 0.000587853
0.4345 0.000787858
0.4355 0.000594489
0.4365 0.000208624
0.4375 0.000446439
0.4385 0.000764565
0.4395 0.00050819
0.4405 0.000263932
0.4415 0.000335989
0.4425 0.000602801
0.4435 0.000457156
0.4445 0.000314303
0.4455 0.000400337
0.4465 0.00042962
0.4475 0.000406975
0.4485 0.000368057
0.4495 0.000476044
0.4505 0.000281955
0.4515 0.000363458
0.4525 0.000417343
0.4535 0.000421571
0.4545 0.000176678
0.4555 0.000340861
0.4565 0.000463235
0.4575 0.000373581
0.4585 0.000199351
0.4595 0.000314605
0.4605 0.000478958
0.4615 0.000323459
0.4625 0.000228313
0.4635 0.000292474
0.4645 0.000415175
0.4655 0.000285077
0.4665 0.000258036
0.4675 0.000280871
0.4685 0.000349889
0.4695 0.000250934
0.4705 0.000284657
0.4715 0.000310606
0.4725 0.000286505
0.4735 0.000238208
0.4745 0.000306472
0.4755 0.00036439
0.4765 0.000227589
0.4775 0.000237477
0.4785 0.000327803
0.4795 0.000339407
0.4805 0.000182383
0.4815 0.000244539
0.4825 0.000349298
0.4835 0.000312996
0.4845 0.000144556
0.4855 0.000256165
0.4865 0.000369503
0.4875 0.000286458
0.4885 0.000133624
0.4895 0.000268572
0.4905 0.000369206
0.4915 0.000260346
0.4925 0.000159605
0.4935 0.000279107
0.4945 0.000345655
0.4955 0.000236769
0.4965 0.000186596
0.4975 0.000296438
0.4985 0.000318638
0.4995 0.000212295
0.5005 0.000212295
0.5015 0.000318638
0.5025 0.000296438
0.5035 0.000186596
0.5045 0.000236769
0.5055 0.000345655
0.5065 0.000279107
0.5075 0.000159605
0.5085 0.000260346
0.5095 0.000369206
0.5105 0.000268572
0.5115 0.000133624
0.5125 0.000286458
0.5135 0.000369503
0.5145 0.000256165
0.5155 0.000144556
0.5165 0.000312996
0.5175 0.000349298
0.5185 0.000244539
0.5195 0.000182383
0.5205 0.000339407
0.5215 0.000327803
0.5225 0.000237477
0.5235 0.000227589
0.5245 0.00036439
0.5255 0.000306472
0.5265 0.000238208
0.5275 0.000286505
0.5285 0.000310606
0.5295 0.000284657
0.5305 0.000250934
0.5315 0.000349889
0.5325 0.000280871
0.5335 0.000258036
0.5345 0.000285077
0.5355 0.000415175
0.5365 0.000292474
0.5375 0.000228313
0.5385 0.000323459
0.5395 0.000478958
0.5405 0.000314605
0.5415 0.000199351
0.5425 0.000373581
0.5435 0.000463235
0.5445 0.000340861
0.5455 0.000176678
0.5465 0.000421571
0.5475 0.000417343
0.5485 0.000363458
0.5495 0.000281955
0.5505 0.000476044
0.5515 0.000368057
0.5525 0.000406975
0.5535 0.00042962
0.5545 0.000400337
0.5555 0.000314303
0.5565 0.000457156
0.5575 0.000602801
0.5585 0.000335989
0.5595 0.000263932
0.5605 0.00050819
0.5615 0.000764565
0.5625 0.000446439
0.5635 0.000208624
0.5645 0.000594489
0.5655 0.000787858
0.5665 0.000587853
0.5675 0.000126066
0.5685 0.000687205
0.5695 0.000796859
0.5705 0.000733689
0.5715 0.000345816
0.5725 0.000586874
0.5735 0.000797855
0.5745 0.000929004
0.5755 0.000748906
0.5765 0.000322653
0.5775 0.000773203
0.5785 0.00118261
0.5795 0.00100438
0.5805 0.000543804
0.5815 0.00069982
0.5825 0.0015366
0.5835 0.00109528
0.5845 0.0010114
0.5855 0.00098513
0.5865 0.00141973
0.5875 0.00111485
0.5885 0.00169953
0.5895 0.00232008
0.5905 0.00121557
0.5915 0.000845958
0.5925 0.00277226
0.5935 0.00324398
0.5945 0.00349034
0.5955 0.00242047
0.5965 0.000187758
0.5975 0.00295106
0.5985 0.00727219
0.5995 0.254101
0.6005 -0.254012
0.6015 -0.00716146
0.6025 -0.00283099
0.6035 -0.000105986
0.6045 -0.00232509
0.6055 -0.00338755
0.6065 -0.00311314
0.6075 -0.00269731
0.6085 -0.000743493
0.6095 -0.00111849
0.6105 -0.00218407
0.6115 -0.00163156
0.6125 -0.00100513
0.6135 -0.00132628
0.6145 -0.000852508
0.6155 -0.000951338
0.6165 -0.000979405
0.6175 -0.00144016
0.6185 -0.000572987
0.6195 -0.000480258
0.6205 -0.00089129
0.6215 -0.00107544
0.6225 -0.000651228
0.6235 -0.000248469
0.6245 -0.00063814
0.6255 -0.000802007
0.6265 -0.000666086
0.6275 -0.000477413
0.6285 -0.000196763
0.6295 -0.000518972
0.6305 -0.000543917
0.6315 -0.000361348
0.6325 0.000350967
0.6335 0.000171084
0.6345 0.000301355
0.6355 0.00104895
0.6365 0.00226682
0.6375 0.00333313
0.6385 0.00483628
0.6395 0.00778707
0.6405 0.0118309
0.6415 0.0171796
0.6425 0.0243324
0.6435 0.0346478
0.6445 0.0483329
0.6455 0.066181
0.6465 0.0891859
0.6475 0.116913
0.6485 0.14774
0.6495 0.180318
0.6505 0.214061
0.6515 0.247856
0.6525 0.281594
0.6535 0.315019
0.6545 0.347836
0.6555 0.378638
0.6565 0.406835
0.6575 0.431525
0.6585 0.45168
0.6595 0.46638
0.6605 0.476807
0.6615 0.484347
0.6625 0.489631
0.6635 0.493126
0.6645 0.495379
0.6655 0.497001
0.6665 0.498096
0.6675 0.498773
0.6685 0.499123
0.6695 0.499393
0.6705 0.499583
0.6715 0.4997
0.6725 0.499773
0.6735 0.499775
0.6745 0.499784
0.6755 0.499787
0.6765 0.499909
0.6775 0.499842
0.6785 0.499797
0.6795 0.49981
0.6805 0.499963
0.6815 0.499863
0.6825 0.499779
0.6835 0.499819
0.6845 0.500003
0.6855 0.499878
0.6865 0.49976
0.6875 0.499825
0.6885 0.500015
0.6895 0.499893
0.6905 0.499763
0.6915 0.499833
0.6925 0.49999
0.6935 0.499911
0.6945 0.4998
0.6955 0.499842
0.6965 0.499965
0.6975 0.499926
0.6985 0.499833
0.6995 0.49985
0.7005 0.499941
0.7015 0.499939
0.7025 0.499862
0.7035 0.499856
0.7045 0.499919
0.7055 0.49995
0.7065 0.499889
0.7075 0.499863
0.7085 0.499899
0.7095 0.499968
0.7105 0.499912
0.7115 0.499868
0.7125 0.49988
0.7135 0.499971
0.7145 0.499934
0.7155 0.499874
0.7165 0.499863
0.7175 0.49997
0.7185 0.499955
0.7195 0.49988
0.7205 0.499848
0.7215 0.499969
0.7225 0.499974
0.7235 0.499886
0.7245 0.499836
0.7255 0.499967
0.7265 0.499994
0.7275 0.499891
0.7285 0.499853
0.7295 0.49996
0.7305 0.5
0.7315 0.499896
0.7325 0.499868
0.7335 0.499953
0.7345 0.499985
0.7355 0.499903
0.7365 0.49989
0.7375 0.499946
0.7385 0.499972
0.7395 0.49991
0.7405 0.499911
0.7415 0.49994
0.7425 0.499959
0.7435 0.499916
0.7445 0.499931
0.7455 0.499934
0.7465 0.499947
0.7475 0.49994
0.7485 0.499946
0.7495 0.499926
0.7505 0.499935
0.7515 0.499967
0.7525 0.499954
0.7535 0.499918
0.7545 0.499923
0.7555 0.499989
0.7565 0.499961
0.7575 0.49991
0.7585 0.499913
0.7595 0.499993
0.7605 0.499971
0.7615 0.499905
0.7625 0.499904
0.7635 0.499996
0.7645 0.49998
0.7655 0.499899
0.7665 0.499896
0.7675 0.5
0.7685 0.499989
0.7695 0.499894
0.7705 0.499906
0.7715 0.500001
0.7725 0.499995
0.7735 0.499888
0.7745 0.499917
0.7755 0.500002
0.7765 0.500001
0.7775 0.499882
0.7785 0.499927
0.7795 0.500002
0.7805 0.500005
0.7815 0.49988
0.7825 0.499936
0.7835 0.500002
0.7845 0.500005
0.7855 0.499881
0.7865 0.499944
0.7875 0.5
0.7885 0.499992
0.7895 0.499884
0.7905 0.499953
0.7915 0.499995
0.7925 0.499981
0.7935 0.499896
0.7945 0.499959
0.7955 0.499991
0.7965 0.499971
0.7975 0.499915
0.7985 0.499964
0.7995 0.499985
0.8005 0.49996
0.8015 0.499932
0.8025 0.499968
0.8035 0.49998
0.8045 0.49995
0.8055 0.499949
0.8065 0.499972
0.8075 0.499975
0.8085 0.49994
0.8095 0.499965
0.8105 0.499976
0.8115 0.49997
0.8125 0.49993
0.8135 0.49998
0.8145 0.499979
0.8155 0.499965
0.8165 0.499921
0.8175 0.499987
0.8185 0.499983
0.8195 0.499961
0.8205 0.49992
0.8215 0.499987
0.8225 0.499985
0.8235 0.499954
0.8245 0.499919
0.8255 0.499978
0.8265 0.499973
0.8275 0.499924
0.8285 0.499877
0.8295 0.499902
0.8305 0.499846
0.8315 0.499714
0.8325 0.499548
0.8335 0.499369
0.8345 0.499008
0.8355 0.498404
0.8365 0.497552
0.8375 0.496342
0.8385 0.494495
0.8395 0.491761
0.8405 0.487935
0.8415 0.482598
0.8425 0.475158
0.8435 0.46496
0.8445 0.451384
0.8455 0.433523
0.8465 0.410474
0.8475 0.382752
0.8485 0.351944
0.8495 0.3193
0.8505 0.285743
0.8515 0.25186
0.8525 0.218068
0.8535 0.184643
0.8545 0.152071
0.8555 0.12111
0.8565 0.0928038
0.8575 0.0681755
0.8585 0.0482028
0.8595 0.0334052
0.8605 0.0228216
0.8615 0.0153925
0.8625 0.0102228
0.8635 0.00669364
0.8645 0.0043191
0.8655 0.00276503
0.8665 0.00172647
0.8675 0.00107076
0.8685 0.000646525
0.8695 0.000393341
0.8705 0.000210511
0.8715 0.000125888
0.8725 6.32223e-05
0.8735 3.08201e-05
0.8745 -1.41938e-05
0.8755 -1.76858e-06
0.8765 -9.26059e-06
0.8775 -1.83032e-05
0.8785 -4.48481e-05
0.8795 -1.42946e-05
0.8805 -1.32397e-05
0.8815 -2.71588e-05
0.8825 -4.54041e-05
0.8835 -1.3123e-05
0.8845 -1.03488e-05
0.8855 -3.21549e-05
0.8865 -4.40994e-05
0.8875 -8.33761e-06
0.8885 -7.12133e-06
0.8895 -3.69066e-05
0.8905 -4.2846e-05
0.8915 -5.20917e-06
0.8925 -3.76674e-06
0.8935 -4.1485e-05
0.8945 -4.16646e-05
0.8955 -6.3046e-06
0.8965 1.56058e-07
0.8975 -4.55829e-05
0.8985 -4.03491e-05
0.8995 -7.25967e-06
0.9005 4.15522e-06
0.9015 -4.94904e-05
0.9025 -3.90519e-05
0.9035 -8.14015e-06
0.9045 8.1759e-06
0.9055 -5.32542e-05
0.9065 -3.77996e-05
0.9075 -8.95722e-06
0.9085 1.22116e-05
0.9095 -5.68754e-05
0.9105 -3.65792e-05
0.9115 -9.6895e-06
0.9125 1.62907e-05
0.9135 -5.64373e-05
0.9145 -3.58316e-05
0.9155 -1.04815e-05
0.9165 1.81544e-05
0.9175 -5.29894e-05
0.9185 -3.57063e-05
0.9195 -1.15822e-05
0.9205 1.68089e-05
0.9215 -4.86929e-05
0.9225 -3.56887e-05
0.9235 -1.27258e-05
0.9245 1.37945e-05
0.9255 -4.32334e-05
0.9265 -3.77216e-05
0.9275 -1.39365e-05
0.9285 1.05364e-05
0.9295 -3.81769e-05
0.9305 -3.80577e-05
0.9315 -1.52211e-05
0.9325 7.07348e-06
0.9335 -3.34816e-05
0.9345 -3.6639e-05
0.9355 -1.64811e-05
0.9365 -2.19744e-06
0.9375 -2.8022e-05
0.9385 -3.46815e-05
0.9395 -1.73743e-05
0.9405 -1.12297e-05
0.9415 -2.24782e-05
0.9425 -3.2583e-05
0.9435 -1.81183e-05
0.9445 -2.00228e-05
0.9455 -1.69552e-05
0.9465 -3.04284e-05
0.9475 -1.87752e-05
0.9485 -2.53877e-05
0.9495 -1.19677e-05
0.9505 -2.85613e-05
0.9515 -1.95633e-05
0.9525 -2.55872e-05
0.9535 -7.91336e-06
0.9545 -2.72692e-05
0.9555 -2.06802e-05
0.9565 -2.6047e-05
0.9575 -4.12301e-06
0.9585 -2.61491e-05
0.9595 -2.19012e-05
0.9605 -2.66623e-05
0.9615 -4.88449e-07
0.9625 -2.51094e-05
0.9635 -2.31586e-05
0.9645 -2.7387e-05
0.9655 3.04266e-06
0.9665 -2.4096e-05
0.9675 -2.44001e-05
0.9685 -2.81693e-05
0.9695 6.50066e-06
0.9705 -2.30083e-05
0.9715 -2.74838e-05
0.9725 -2.84061e-05
0.9735 7.07954e-06
0.9745 -2.19897e-05
0.9755 -3.13705e-05
0.9765 -2.90242e-05
0.9775 1.09995e-05
0.9785 -2.08143e-05
0.9795 -3.5009e-05
0.9805 -2.94425e-05
0.9815 1.07731e-05
0.9825 -1.92411e-05
0.9835 -3.83143e-05
0.9845 -2.97263e-05
0.9855 7.66158e-06
0.9865 -1.7293e-05
0.9875 -3.95373e-05
0.9885 -3.0275e-05
0.9895 4.37978e-06
0.9905 -1.46927e-05
0.9915 -3.7667e-05
0.9925 -3.14878e-05
0.9935 6.2363e-07
0.9945 -1.08294e-05
0.9955 -3.59518e-05
0.9965 -3.28611e-05
0.9975 -3.18058e-06
0.9985 -6.99913e-06
0.9995 -3.43521e-05

# time= 0.9984
0.0005 -3.43521e-05
0.0015 -6.99913e-06
0.0025 -3.18058e-06
0.0035 -3.28611e-05
0.0045 -3.59518e-05
0.0055 -1.08294e-05
0.0065 6.2363e-07
0.0075 -3.14878e-05
0.0085 -3.7667e-05
0.0095 -1.46927e-05
0.0105 4.37978e-06
0.0115 -3.0275e-05
0.0125 -3.95373e-05
0.0135 -1.7293e-05
0.0145 7.66158e-06
0.0155 -2.97263e-05
0.0165 -3.83143e-05
0.0175 -1.92411e-05
0.0185 1.07731e-05
0.0195 -2.94425e-05
0.0205 -3.5009e-05
0.0215 -2.08143e-05
0.0225 1.09995e-05
0.0235 -2.90242e-05
0.0245 -3.13705e-05
0.0255 -2.19897e-05
0.0265 7.07954e-06
0.0275 -2.84061e-05
0.0285 -2.74838e-05
0.0295 -2.30083e-05
0.0305 6.50066e-06
0.0315 -2.81693e-05
0.0325 -2.44001e-05
0.0335 -2.4096e-05
0.0345 3.04266e-06
0.0355 -2.7387e-05
0.0365 -2.31586e-05
0.0375 -2.51094e-05
0.0385 -4.88449e-07
0.0395 -2.66623e-05
0.0405 -2.19012e-05
0.0415 -2.61491e-05
0.0425 -4.12301e-06
0.0435 -2.6047e-05
0.0445 -2.06802e-05
0.0455 -2.72692e-05
0.0465 -7.91336e-06
0.0475 -2.55872e-05
0.0485 -1.95633e-05
0.0495 -2.85613e-05
0.0505 -1.19677e-05
0.0515 -2.53877e-05
0.0525 -1.87752e-05
0.0535 -3.04284e-05
0.0545 -1.69552e-05
0.0555 -2.00228e-05
0.0565 -1.81183e-05
0.0575 -3.2583e-05
0.0585 -2.24782e-05
0.0595 -1.12297e-05
0.0605 -1.73743e-05
0.0615 -3.46815e-05
0.0625 -2.8022e-05
0.0635 -2.19744e-06
0.0645 -1.64811e-05
0.0655 -3.6639e-05
0.0665 -3.34816e-05
0.0675 7.07348e-06
0.0685 -1.52211e-05
0.0695 -3.80577e-05
0.0705 -3.81769e-05
0.0715 1.05364e-05
0.0725 -1.39365e-05
0.0735 -3.77216e-05
0.0745 -4.32334e-05
0.0755 1.37945e-05
0.0765 -1.27258e-05
0.0775 -3.56887e-05
0.0785 -4.86929e-05
0.0795 1.68089e-05
0.0805 -1.15822e-05
0.0815 -3.57063e-05
0.0825 -5.29894e-05
0.0835 1.81544e-05
0.0845 -1.04815e-05
0.0855 -3.58316e-05
0.0865 -5.64373e-05
0.0875 1.62907e-05
0.0885 -9.6895e-06
0.0895 -3.65792e-05
0.0905 -5.68754e-05
0.0915 1.22116e-05
0.0925 -8.95722e-06
0.0935 -3.77996e-05
0.0945 -5.32542e-05
0.0955 8.1759e-06
0.0965 -8.14015e-06
0.0975 -3.90519e-05
0.0985 -4.94904e-05
0.0995 4.15522e-06
0.1005 -7.25967e-06
0.1015 -4.03491e-05
0.1025 -4.55829e-05
0.1035 1.56045e-07
0.1045 -6.30463e-06
0.1055 -4.16647e-05
0.1065 -4.14852e-05
0.1075 -3.76699e-06
0.1085 -5.20968e-06
0.1095 -4.28471e-05
0.1105 -3.69087e-05
0.1115 -7.12565e-06
0.1125 -8.34623e-06
0.1135 -4.41164e-05
0.1145 -3.21883e-05
0.1155 -1.04137e-05
0.1165 -1.3248e-05
0.1175 -4.56422e-05
0.1185 -2.76081e-05
0.1195 -1.40793e-05
0.1205 -1.5848e-05
0.1215 -4.76937e-05
0.1225 -2.34629e-05
0.1235 -1.85203e-05
0.1245 -1.82131e-05
0.1255 -4.30897e-05
0.1265 -1.94109e-05
0.1275 -2.31467e-05
0.1285 -2.09777e-05
0.1295 -3.64209e-05
0.1305 -1.70998e-05
0.1315 -2.77719e-05
0.1325 -2.39256e-05
0.1335 -2.931e-05
0.1345 -1.65524e-05
0.1355 -3.24792e-05
0.1365 -2.72186e-05
0.1375 -2.19948e-05
0.1385 -1.5974e-05
0.1395 -3.72524e-05
0.1405 -3.24752e-05
0.1415 -1.42076e-05
0.1425 -1.51817e-05
0.1435 -4.19669e-05
0.1445 -3.80747e-05
0.1455 -6.0853e-06
0.1465 -1.42131e-05
0.1475 -4.65768e-05
0.1485 -4.53547e-05
0.1495 2.15003e-06
0.1505 -1.27397e-05
0.1515 -5.05601e-05
0.1525 -5.27693e-05
0.1535 8.99508e-07
0.1545 -1.191e-05
0.1555 -5.57646e-05
0.1565 -5.23704e-05
0.1575 -6.22244e-07
0.1585 -1.12314e-05
0.1595 -5.99712e-05
0.1605 -4.97426e-05
0.1615 -2.4592e-06
0.1625 -1.05963e-05
0.1635 -6.43714e-05
0.1645 -4.70439e-05
0.1655 -4.54827e-06
0.1665 -9.98274e-06
0.1675 -6.89808e-05
0.1685 -4.42893e-05
0.1695 -6.90093e-06
0.1705 -9.46939e-06
0.1715 -7.19276e-05
0.1725 -4.20665e-05
0.1735 -6.7152e-06
0.1745 -8.90615e-06
0.1755 -7.42381e-05
0.1765 -3.94395e-05
0.1775 -1.02358e-05
0.1785 -8.51266e-06
0.1795 -7.68831e-05
0.1805 -3.691e-05
0.1815 -1.44153e-05
0.1825 -8.72864e-06
0.1835 -7.54375e-05
0.1845 -3.40487e-05
0.1855 -1.86669e-05
0.1865 -1.58753e-05
0.1875 -6.49482e-05
0.1885 -3.0407e-05
0.1895 -2.22005e-05
0.1905 -3.03978e-05
0.1915 -5.41496e-05
0.1925 -2.66333e-05
0.1935 -2.60323e-05
0.1945 -4.5667e-05
0.1955 -4.30351e-05
0.1965 -2.27392e-05
0.1975 -3.01943e-05
0.1985 -6.17378e-05
0.1995 -3.16783e-05
0.2005 -1.87485e-05
0.2015 -3.47363e-05
0.2025 -7.86809e-05
0.2035 -2.15189e-05
0.2045 -1.45508e-05
0.2055 -3.96569e-05
0.2065 -9.65626e-05
0.2075 -1.13036e-05
0.2085 -1.08384e-05
0.2095 -4.59282e-05
0.2105 -0.00010843
0.2115 -8.51032e-07
0.2125 -7.44221e-06
0.2135 -5.47798e-05
0.2145 -0.00011095
0.2155 1.11132e-05
0.2165 -6.28193e-06
0.2175 -6.34418e-05
0.2185 -0.000111481
0.2195 1.1423e-05
0.2205 -6.9e-06
0.2215 -7.25102e-05
0.2225 -0.000108566
0.2235 6.69125e-06
0.2245 -7.84751e-06
0.2255 -8.24837e-05
0.2265 -0.000101641
0.2275 9.92201e-07
0.2285 -9.1387e-06
0.2295 -9.3219e-05
0.2305 -9.50866e-05
0.2315 -5.85138e-06
0.2325 -1.11228e-05
0.2335 -0.000103197
0.2345 -8.94138e-05
0.2355 -1.48978e-05
0.2365 -1.5321e-05
0.2375 -9.53518e-05
0.2385 -8.35296e-05
0.2395 -2.44402e-05
0.2405 -1.8414e-05
0.2415 -8.66751e-05
0.2425 -7.72571e-05
0.2435 -3.42695e-05
0.2445 -2.10391e-05
0.2455 -7.62775e-05
0.2465 -6.92046e-05
0.2475 -4.21492e-05
0.2485 -4.28305e-05
0.2495 -6.50832e-05
0.2505 -6.09073e-05
0.2515 -5.04843e-05
0.2525 -6.99732e-05
0.2535 -5.33419e-05
0.2545 -5.28385e-05
0.2555 -6.53132e-05
0.2565 -9.30477e-05
0.2575 -4.1624e-05
0.2585 -4.61078e-05
0.2595 -8.55236e-05
0.2605 -9.90943e-05
0.2615 -2.89794e-05
0.2625 -3.92436e-05
0.2635 -0.00010687
0.2645 -0.000105528
0.2655 -1.53348e-05
0.2665 -3.26064e-05
0.2675 -0.000129092
0.2685 -0.000112269
0.2695 -6.8221e-07
0.2705 -2.6613e-05
0.2715 -0.000144621
0.2725 -0.00011646
0.2735 -7.54906e-06
0.2745 -2.07757e-05
0.2755 -0.000161289
0.2765 -0.000121335
0.2775 -2.68782e-05
0.2785 -1.90871e-05
0.2795 -0.000149545
0.2805 -0.000126586
0.2815 -4.60978e-05
0.2825 -1.88157e-05
0.2835 -0.000134495
0.2845 -0.000132062
0.2855 -6.7119e-05
0.2865 -1.9329e-05
0.2875 -0.000117663
0.2885 -0.000137318
0.2895 -8.9541e-05
0.2905 -2.27692e-05
0.2915 -9.86915e-05
0.2925 -0.000141812
0.2935 -0.000112459
0.2945 -4.18231e-05
0.2955 -7.85937e-05
0.2965 -0.00014757
0.2975 -0.000139267
0.2985 -5.37533e-05
0.2995 -5.67523e-05
0.3005 -0.00015389
0.3015 -0.000169055
0.3025 -6.72579e-05
0.3035 -3.31041e-05
0.3045 -0.000160885
0.3055 -0.000202191
0.3065 -8.27783e-05
0.3075 -7.73737e-06
0.3085 -0.000168877
0.3095 -0.000239243
0.3105 -0.000101634
0.3115 1.72386e-05
0.3125 -0.000176338
0.3135 -0.000241381
0.3145 -0.000117773
0.3155 4.53384e-06
0.3165 -0.00018238
0.3175 -0.000222822
0.3185 -0.000132509
0.3195 -3.45941e-05
0.3205 -0.000189159
0.3215 -0.000202415
0.3225 -0.000149453
0.3235 -8.00545e-05
0.3245 -0.000196378
0.3255 -0.000187578
0.3265 -0.000172275
0.3275 -0.000138677
0.3285 -0.000152641
0.3295 -0.000169783
0.3305 -0.000194579
0.3315 -0.00020101
0.3325 -0.000131412
0.3335 -0.000147086
0.3345 -0.000216711
0.3355 -0.000267652
0.3365 -0.000151924
0.3375 -0.000123377
0.3385 -0.000244511
0.3395 -0.000332679
0.3405 -0.000180263
0.3415 -0.000101506
0.3425 -0.000285322
0.3435 -0.000317974
0.3445 -0.000211457
0.3455 -8.63569e-05
0.3465 -0.000325132
0.3475 -0.000290307
0.3485 -0.000235349
0.3495 -0.000197395
0.3505 -0.000371603
0.3515 -0.000263808
0.3525 -0.000278696
0.3535 -0.000340177
0.3545 -0.00028721
0.3555 -0.000225942
0.3565 -0.000335809
0.3575 -0.000508189
0.3585 -0.00021464
0.3595 -0.000173181
0.3605 -0.000397781
0.3615 -0.000666061
0.3625 -0.000318371
0.3635 -0.000115555
0.3645 -0.000494397
0.3655 -0.000684968
0.3665 -0.000452899
0.3675 -2.87566e-05
0.3685 -0.000593717
0.3695 -0.000683992
0.3705 -0.00060041
0.3715 -0.000226086
0.3725 -0.000472171
0.3735 -0.000631766
0.3745 -0.000729876
0.3755 -0.000496109
0.3765 -1.08025e-05
0.3775 -0.000277572
0.3785 -0.000486826
0.3795 4.59127e-05
0.3805 0.000980418
0.3815 0.00165892
0.3825 0.00194736
0.3835 0.00413206
0.3845 0.00667013
0.3855 0.0103632
0.3865 0.0150143
0.3875 0.022566
0.3885 0.0319844
0.3895 0.0451787
0.3905 0.0648592
0.3915 0.0897237
0.3925 0.118057
0.3935 0.153438
0.3945 0.194298
0.3955 0.241786
0.3965 0.295637
0.3975 0.348611
0.3985 0.402646
0.3995 0.215743
0.4005 0.784342
0.4015 0.597457
0.4025 0.651501
0.4035 0.70444
0.4045 0.758308
0.4055 0.805799
0.4065 0.846684
0.4075 0.882013
0.4085 0.910379
0.4095 0.935232
0.4105 0.954948
0.4115 0.968077
0.4125 0.977546
0.4135 0.985074
0.4145 0.989759
0.4155 0.993383
0.4165 0.995988
0.4175 0.998144
0.4185 0.998456
0.4195 0.999075
0.4205 1.00007
0.4215 1.00059
0.4225 1.00039
0.4235 1.00007
0.4245 1.00061
0.4255 1.00084
0.4265 1.00073
0.4275 1.00054
0.4285 1.00033
0.4295 1.00073
0.4305 1.00078
0.4315 1.00067
0.4325 1.00013
0.4335 1.00059
0.4345 1.00078
0.4355 1.00058
0.4365 1.00022
0.4375 1.00045
0.4385 1.00075
0.4395 1.0005
0.4405 1.00027
0.4415 1.00034
0.4425 1.00059
0.4435 1.00045
0.4445 1.00032
0.4455 1.0004
0.4465 1.00042
0.4475 1.0004
0.4485 1.00038
0.4495 1.00048
0.4505 1.00027
0.4515 1.00036
0.4525 1.00043
0.4535 1.00042
0.4545 1.00016
0.4555 1.00033
0.4565 1.00047
0.4575 1.00037
0.4585 1.00018
0.4595 1.00031
0.4605 1.00049
0.4615 1.00032
0.4625 1.00021
0.4635 1.00029
0.4645 1.00042
0.4655 1.00029
0.4665 1.00024
0.4675 1.00028
0.4685 1.00036
0.4695 1.00025
0.4705 1.00027
0.4715 1.00031
0.4725 1.00029
0.4735 1.00024
0.4745 1.00029
0.4755 1.00036
0.4765 1.00023
0.4775 1.00024
0.4785 1.00032
0.4795 1.00034
0.4805 1.00019
0.4815 1.00024
0.4825 1.00034
0.4835 1.00031
0.4845 1.00015
0.4855 1.00025
0.4865 1.00036
0.4875 1.00029
0.4885 1.00014
0.4895 1.00026
0.4905 1.00036
0.4915 1.00026
0.4925 1.00016
0.4935 1.00027
0.4945 1.00034
0.4955 1.00024
0.4965 1.00019
0.4975 1.00029
0.4985 1.00031
0.4995 1.00021
0.5005 1.00021
0.5015 1.00031
0.5025 1.00029
0.5035 1.00019
0.5045 1.00024
0.5055 1.00034
0.5065 1.00027
0.5075 1.00016
0.5085 1.00026
0.5095 1.00036
0.5105 1.00026
0.5115 1.00014
0.5125 1.00029
0.5135 1.00036
0.5145 1.00025
0.5155 1.00015
0.5165 1.00031
0.5175 1.00034
0.5185 1.00024
0.5195 1.00019
0.5205 1.00034
0.5215 1.00032
0.5225 1.00024
0.5235 1.00023
0.5245 1.00036
0.5255 1.00029
0.5265 1.00024
0.5275 1.00029
0.5285 1.00031
0.5295 1.00027
0.5305 1.00025
0.5315 1.00036
0.5325 1.00028
0.5335 1.00024
0.5345 1.00029
0.5355 1.00042
0.5365 1.00029
0.5375 1.00021
0.5385 1.00032
0.5395 1.00049
0.5405 1.00031
0.5415 1.00018
0.5425 1.00037
0.5435 1.00047
0.5445 1.00033
0.5455 1.00016
0.5465 1.00042
0.5475 1.00043
0.5485 1.00036
0.5495 1.00027
0.5505 1.00048
0.5515 1.00038
0.5525 1.0004
0.5535 1.00042
0.5545 1.0004
0.5555 1.00032
0.5565 1.00045
0.5575 1.00059
0.5585 1.00034
0.5595 1.00027
0.5605 1.0005
0.5615 1.00075
0.5625 1.00045
0.5635 1.00022
0.5645 1.00058
0.5655 1.00078
0.5665 1.00059
0.5675 1.00013
0.5685 1.00067
0.5695 1.00078
0.5705 1.00073
0.5715 1.00033
0.5725 1.00054
0.5735 1.00073
0.5745 1.00084
0.5755 1.00061
0.5765 1.00007
0.5775 1.00039
0.5785 1.00059
0.5795 1.00007
0.5805 0.999075
0.5815 0.998456
0.5825 0.998144
0.5835 0.995988
0.5845 0.993383
0.5855 0.989759
0.5865 0.985074
0.5875 0.977546
0.5885 0.968077
0.5895 0.954948
0.5905 0.935232
0.5915 0.910379
0.5925 0.882013
0.5935 0.846684
0.5945 0.805799
0.5955 0.758308
0.5965 0.70444
0.5975 0.651501
0.5985 0.597457
0.5995 0.784342
0.6005 0.215743
0.6015 0.402646
0.6025 0.348611
0.6035 0.295637
0.6045 0.241786
0.6055 0.194298
0.6065 0.153438
0.6075 0.118057
0.6085 0.0897237
0.6095 0.0648592
0.6105 0.0451787
0.6115 0.0319844
0.6125 0.022566
0.6135 0.0150143
0.6145 0.0103632
0.6155 0.00667013
0.6165 0.00413206
0.6175 0.00194736
0.6185 0.00165892
0.6195 0.000980418
0.6205 4.59127e-05
0.6215 -0.000486826
0.6225 -0.000277572
0.6235 -1.08025e-05
0.6245 -0.000496109
0.6255 -0.000729876
0.6265 -0.000631766
0.6275 -0.000472171
0.6285 -0.000226086
0.6295 -0.00060041
0.6305 -0.000683992
0.6315 -0.000593717
0.6325 -2.87566e-05
0.6335 -0.000452899
0.6345 -0.000684968
0.6355 -0.000494397
0.6365 -0.000115555
0.6375 -0.000318371
0.6385 -0.000666061
0.6395 -0.000397781
0.6405 -0.000173181
0.6415 -0.00021464
0.6425 -0.000508189
0.6435 -0.000335809
0.6445 -0.000225942
0.6455 -0.00028721
0.6465 -0.000340177
0.6475 -0.000278696
0.6485 -0.000263808
0.6495 -0.000371603
0.6505 -0.000197395
0.6515 -0.000235349
0.6525 -0.000290307
0.6535 -0.000325132
0.6545 -8.63569e-05
0.6555 -0.000211457
0.6565 -0.000317974
0.6575 -0.000285322
0.6585 -0.000101506
0.6595 -0.000180263
0.6605 -0.000332679
0.6615 -0.000244511
0.6625 -0.000123377
0.6635 -0.000151924
0.6645 -0.000267652
0.6655 -0.000216711
0.6665 -0.000147086
0.6675 -0.000131412
0.6685 -0.00020101
0.6695 -0.000194579
0.6705 -0.000169783
0.6715 -0.000152641
0.6725 -0.000138677
0.6735 -0.000172275
0.6745 -0.000187578
0.6755 -0.000196378
0.6765 -8.00545e-05
0.6775 -0.000149453
0.6785 -0.000202415
0.6795 -0.000189159
0.6805 -3.45941e-05
0.6815 -0.000132509
0.6825 -0.000222822
0.6835 -0.00018238
0.6845 4.53384e-06
0.6855 -0.000117773
0.6865 -0.000241381
0.6875 -0.000176338
0.6885 1.72386e-05
0.6895 -0.000101634
0.6905 -0.000239243
0.6915 -0.000168877
0.6925 -7.73737e-06
0.6935 -8.27783e-05
0.6945 -0.000202191
0.6955 -0.000160885
0.6965 -3.31041e-05
0.6975 -6.72579e-05
0.6985 -0.000169055
0.6995 -0.00015389
0.7005 -5.67523e-05
0.7015 -5.37533e-05
0.7025 -0.000139267
0.7035 -0.00014757
0.7045 -7.85937e-05
0.7055 -4.18231e-05
0.7065 -0.000112459
0.7075 -0.000141812
0.7085 -9.86915e-05
0.7095 -2.27692e-05
0.7105 -8.9541e-05
0.7115 -0.000137318
0.7125 -0.000117663
0.7135 -1.9329e-05
0.7145 -6.7119e-05
0.7155 -0.000132062
0.7165 -0.000134495
0.7175 -1.88157e-05
0.7185 -4.60978e-05
0.7195 -0.000126586
0.7205 -0.000149545
0.7215 -1.90871e-05
0.7225 -2.68782e-05
0.7235 -0.000121335
0.7245 -0.000161289
0.7255 -2.07757e-05
0.7265 -7.54906e-06
0.7275 -0.00011646
0.7285 -0.000144621
0.7295 -2.6613e-05
0.7305 -6.8221e-07
0.7315 -0.000112269
0.7325 -0.000129092
0.7335 -3.26064e-05
0.7345 -1.53348e-05
0.7355 -0.000105528
0.7365 -0.00010687
0.7375 -3.92436e-05
0.7385 -2.89794e-05
0.7395 -9.90943e-05
0.7405 -8.55236e-05
0.7415 -4.61078e-05
0.7425 -4.1624e-05
0.7435 -9.30477e-05
0.7445 -6.53132e-05
0.7455 -5.28385e-05
0.7465 -5.33419e-05
0.7475 -6.99732e-05
0.7485 -5.04843e-05
0.7495 -6.09073e-05
0.7505 -6.50832e-05
0.7515 -4.28305e-05
0.7525 -4.21492e-05
0.7535 -6.92046e-05
0.7545 -7.62775e-05
0.7555 -2.10391e-05
0.7565 -3.42695e-05
0.7575 -7.72571e-05
0.7585 -8.66751e-05
0.7595 -1.8414e-05
0.7605 -2.44402e-05
0.7615 -8.35296e-05
0.7625 -9.53518e-05
0.7635 -1.5321e-05
0.7645 -1.48978e-05
0.7655 -8.94138e-05
0.7665 -0.000103197
0.7675 -1.11228e-05
0.7685 -5.85138e-06
0.7695 -9.50866e-05
0.7705 -9.3219e-05
0.7715 -9.1387e-06
0.7725 9.92201e-07
0.7735 -0.000101641
0.7745 -8.24837e-05
0.7755 -7.84751e-06
0.7765 6.69125e-06
0.7775 -0.000108566
0.7785 -7.25102e-05
0.7795 -6.9e-06
0.7805 1.1423e-05
0.7815 -0.000111481
0.7825 -6.34418e-05
0.7835 -6.28193e-06
0.7845 1.11132e-05
0.7855 -0.00011095
0.7865 -5.47798e-05
0.7875 -7.44221e-06
0.7885 -8.51032e-07
0.7895 -0.00010843
0.7905 -4.59282e-05
0.7915 -1.08384e-05
0.7925 -1.13036e-05
0.7935 -9.65626e-05
0.7945 -3.96569e-05
0.7955 -1.45508e-05
0.7965 -2.15189e-05
0.7975 -7.86809e-05
0.7985 -3.47363e-05
0.7995 -1.87485e-05
0.8005 -3.16783e-05
0.8015 -6.17378e-05
0.8025 -3.01943e-05
0.8035 -2.27392e-05
0.8045 -4.30351e-05
0.8055 -4.5667e-05
0.8065 -2.60323e-05
0.8075 -2.66333e-05
0.8085 -5.41496e-05
0.8095 -3.03978e-05
0.8105 -2.22005e-05
0.8115 -3.0407e-05
0.8125 -6.49482e-05
0.8135 -1.58753e-05
0.8145 -1.86669e-05
0.8155 -3.40487e-05
0.8165 -7.54375e-05
0.8175 -8.72864e-06
0.8185 -1.44153e-05
0.8195 -3.691e-05
0.8205 -7.68831e-05
0.8215 -8.51266e-06
0.8225 -1.02358e-05
0.8235 -3.94395e-05
0.8245 -7.42381e-05
0.8255 -8.90615e-06
0.8265 -6.7152e-06
0.8275 -4.20665e-05
0.8285 -7.19276e-05
0.8295 -9.46939e-06
0.8305 -6.90093e-06
0.8315 -4.42893e-05
0.8325 -6.89808e-05
0.8335 -9.98274e-06
0.8345 -4.54827e-06
0.8355 -4.70439e-05
0.8365 -6.43714e-05
0.8375 -1.05963e-05
0.8385 -2.4592e-06
0.8395 -4.97426e-05
0.8405 -5.99712e-05
0.8415 -1.12314e-05
0.8425 -6.22244e-07
0.8435 -5.23704e-05
0.8445 -5.57646e-05
0.8455 -1.191e-05
0.8465 8.99508e-07
0.8475 -5.27693e-05
0.8485 -5.05601e-05
0.8495 -1.27397e-05
0.8505 2.15003e-06
0.8515 -4.53547e-05
0.8525 -4.65768e-05
0.8535 -1.42131e-05
0.8545 -6.0853e-06
0.8555 -3.80747e-05
0.8565 -4.19669e-05
0.8575 -1.51817e-05
0.8585 -1.42076e-05
0.8595 -3.24752e-05
0.8605 -3.72524e-05
0.8615 -1.5974e-05
0.8625 -2.19948e-05
0.8635 -2.72186e-05
0.8645 -3.24792e-05
0.8655 -1.65524e-05
0.8665 -2.931e-05
0.8675 -2.39256e-05
0.8685 -2.77719e-05
0.8695 -1.70998e-05
0.8705 -3.64209e-05
0.8715 -2.09777e-05
0.8725 -2.31467e-05
0.8735 -1.94109e-05
0.8745 -4.30897e-05
0.8755 -1.82131e-05
0.8765 -1.85203e-05
0.8775 -2.34629e-05
0.8785 -4.76937e-05
0.8795 -1.5848e-05
0.8805 -1.40793e-05
0.8815 -2.76081e-05
0.8825 -4.56422e-05
0.8835 -1.3248e-05
0.8845 -1.04137e-05
0.8855 -3.21883e-05
0.8865 -4.41164e-05
0.8875 -8.34623e-06
0.8885 -7.12565e-06
0.8895 -3.69087e-05
0.8905 -4.28471e-05
0.8915 -5.20968e-06
0.8925 -3.76699e-06
0.8935 -4.14852e-05
0.8945 -4.16647e-05
0.8955 -6.30463e-06
0.8965 1.56045e-07
0.8975 -4.55829e-05
0.8985 -4.03491e-05
0.8995 -7.25967e-06
0.9005 4.15522e-06
0.9015 -4.94904e-05
0.9025 -3.90519e-05
0.9035 -8.14015e-06
0.9045 8.1759e-06
0.9055 -5.32542e-05
0.9065 -3.77996e-05
0.9075 -8.95722e-06
0.9085 1.22116e-05
0.9095 -5.68754e-05
0.9105 -3.65792e-05
0.9115 -9.6895e-06
0.9125 1.62907e-05
0.9135 -5.64373e-05
0.9145 -3.58316e-05
0.9155 -1.04815e-05
0.9165 1.81544e-05
0.9175 -5.29894e-05
0.9185 -3.57063e-05
0.9195 -1.15822e-05
0.9205 1.68089e-05
0.9215 -4.86929e-05
0.9225 -3.56887e-05
0.9235 -1.27258e-05
0.9245 1.37945e-05
0.9255 -4.32334e-05
0.9265 -3.77216e-05
0.9275 -1.39365e-05
0.9285 1.05364e-05
0.9295 -3.81769e-05
0.9305 -3.80577e-05
0.9315 -1.52211e-05
0.9325 7.07348e-06
0.9335 -3.34816e-05
0.9345 -3.6639e-05
0.9355 -1.64811e-05
0.9365 -2.19744e-06
0.9375 -2.8022e-05
0.9385 -3.46815e-05
0.9395 -1.73743e-05
0.9405 -1.12297e-05
0.9415 -2.24782e-05
0.9425 -3.2583e-05
0.9435 -1.81183e-05
0.9445 -2.00228e-05
0.9455 -1.69552e-05
0.9465 -3.04284e-05
0.9475 -1.87752e-05
0.9485 -2.53877e-05
0.9495 -1.19677e-05
0.9505 -2.85613e-05
0.9515 -1.95633e-05
0.9525 -2.55872e-05
0.9535 -7.91336e-06
0.9545 -2.72692e-05
0.9555 -2.06802e-05
0.9565 -2.6047e-05
0.9575 -4.12301e-06
0.9585 -2.61491e-05
0.9595 -2.19012e-05
0.9605 -2.66623e-05
0.9615 -4.88449e-07
0.9625 -2.51094e-05
0.9635 -2.31586e-05
0.9645 -2.7387e-05
0.9655 3.04266e-06
0.9665 -2.4096e-05
0.9675 -2.44001e-05
0.9685 -2.81693e-05
0.9695 6.50066e-06
0.9705 -2.30083e-05
0.9715 -2.74838e-05
0.9725 -2.84061e-05
0.9735 7.07954e-06
0.9745 -2.19897e-05
0.9755 -3.13705e-05
0.9765 -2.90242e-05
0.9775 1.09995e-05
0.9785 -2.08143e-05
0.9795 -3.5009e-05
0.9805 -2.94425e-05
0.9815 1.07731e-05
0.9825 -1.92411e-05
0.9835 -3.83143e-05
0.9845 -2.97263e-05
0.9855 7.66158e-06
0.9865 -1.7293e-05
0.9875 -3.95373e-05
0.9885 -3.0275e-05
0.9895 4.37978e-06
0.9905 -1.46927e-05
0.9915 -3.7667e-05
0.9925 -3.14878e-05
0.9935 6.2363e-07
0.9945 -1.08294e-05
0.9955 -3.59518e-05
0.9965 -3.28611e-05
0.9975 -3.18058e-06
0.9985 -6.99913e-06
0.9995 -3.43521e-05
