
# time= 0
0.0005 0
0.0015 0
0.0025 0
0.0035 0
0.0045 0
0.0055 0
0.0065 0
0.0075 0
0.0085 0
0.0095 0
0.0105 0
0.0115 0
0.0125 0
0.0135 0
0.0145 0
0.0155 0
0.0165 0
0.0175 0
0.0185 0
0.0195 0
0.0205 0
0.0215 0
0.0225 0
0.0235 0
0.0245 0
0.0255 0
0.0265 0
0.0275 0
0.0285 0
0.0295 0
0.0305 0
0.0315 0
0.0325 0
0.0335 0
0.0345 0
0.0355 0
0.0365 0
0.0375 0
0.0385 0
0.0395 0
0.0405 0
0.0415 0
0.0425 0
0.0435 0
0.0445 0
0.0455 0
0.0465 0
0.0475 0
0.0485 0
0.0495 0
0.0505 0
0.0515 0
0.0525 0
0.0535 0
0.0545 0
0.0555 0
0.0565 0
0.0575 0
0.0585 0
0.0595 0
0.0605 0
0.0615 0
0.0625 0
0.0635 0
0.0645 0
0.0655 0
0.0665 0
0.0675 0
0.0685 0
0.0695 0
0.0705 0
0.0715 0
0.0725 0
0.0735 0
0.0745 0
0.0755 0
0.0765 0
0.0775 0
0.0785 0
0.0795 0
0.0805 0
0.0815 0
0.0825 0
0.0835 0
0.0845 0
0.0855 0
0.0865 0
0.0875 0
0.0885 0
0.0895 0
0.0905 0
0.0915 0
0.0925 0
0.0935 0
0.0945 0
0.0955 0
0.0965 0
0.0975 0
0.0985 0
0.0995 0
0.1005 0
0.1015 0
0.1025 0
0.1035 0
0.1045 0
0.1055 0
0.1065 0
0.1075 0
0.1085 0
0.1095 0
0.1105 0
0.1115 0
0.1125 0
0.1135 0
0.1145 0
0.1155 0
0.1165 0
0.1175 0
0.1185 0
0.1195 0
0.1205 0
0.1215 0
0.1225 0
0.1235 0
0.1245 0
0.1255 0
0.1265 0
0.1275 0
0.1285 0
0.1295 0
0.1305 0
0.1315 0
0.1325 0
0.1335 0
0.1345 0
0.1355 0
0.1365 0
0.1375 0
0.1385 0
0.1395 0
0.1405 0
0.1415 0
0.1425 0
0.1435 0
0.1445 0
0.1455 0
0.1465 0
0.1475 0
0.1485 0
0.1495 0
0.1505 0
0.1515 0
0.1525 0
0.1535 0
0.1545 0
0.1555 0
0.1565 0
0.1575 0
0.1585 0
0.1595 0
0.1605 0
0.1615 0
0.1625 0
0.1635 0
0.1645 0
0.1655 0
0.1665 0
0.1675 0
0.1685 0
0.1695 0
0.1705 0
0.1715 0
0.1725 0
0.1735 0
0.1745 0
0.1755 0
0.1765 0
0.1775 0
0.1785 0
0.1795 0
0.1805 0
0.1815 0
0.1825 0
0.1835 0
0.1845 0
0.1855 0
0.1865 0
0.1875 0
0.1885 0
0.1895 0
0.1905 0
0.1915 0
0.1925 0
0.1935 0
0.1945 0
0.1955 0
0.1965 0
0.1975 0
0.1985 0
0.1995 0
0.2005 0
0.2015 0
0.2025 0
0.2035 0
0.2045 0
0.2055 0
0.2065 0
0.2075 0
0.2085 0
0.2095 0
0.2105 0
0.2115 0
0.2125 0
0.2135 0
0.2145 0
0.2155 0
0.2165 0
0.2175 0
0.2185 0
0.2195 0
0.2205 0
0.2215 0
0.2225 0
0.2235 0
0.2245 0
0.2255 0
0.2265 0
0.2275 0
0.2285 0
0.2295 0
0.2305 0
0.2315 0
0.2325 0
0.2335 0
0.2345 0
0.2355 0
0.2365 0
0.2375 0
0.2385 0
0.2395 0
0.2405 0
0.2415 0
0.2425 0
0.2435 0
0.2445 0
0.2455 0
0.2465 0
0.2475 0
0.2485 0
0.2495 0
0.2505 0
0.2515 0
0.2525 0
0.2535 0
0.2545 0
0.2555 0
0.2565 0
0.2575 0
0.2585 0
0.2595 0
0.2605 0
0.2615 0
0.2625 0
0.2635 0
0.2645 0
0.2655 0
0.2665 0
0.2675 0
0.2685 0
0.2695 0
0.2705 0
0.2715 0
0.2725 0
0.2735 0
0.2745 0
0.2755 0
0.2765 0
0.2775 0
0.2785 0
0.2795 0
0.2805 0
0.2815 0
0.2825 0
0.2835 0
0.2845 0
0.2855 0
0.2865 0
0.2875 0
0.2885 0
0.2895 0
0.2905 0
0.2915 0
0.2925 0
0.2935 0
0.2945 0
0.2955 0
0.2965 0
0.2975 0
0.2985 0
0.2995 0
0.3005 0
0.3015 0
0.3025 0
0.3035 0
0.3045 0
0.3055 0
0.3065 0
0.3075 0
0.3085 0
0.3095 0
0.3105 0
0.3115 0
0.3125 0
0.3135 0
0.3145 0
0.3155 0
0.3165 0
0.3175 0
0.3185 0
0.3195 0
0.3205 0
0.3215 0
0.3225 0
0.3235 0
0.3245 0
0.3255 0
0.3265 0
0.3275 0
0.3285 0
0.3295 0
0.3305 0
0.3315 0
0.3325 0
0.3335 0
0.3345 0
0.3355 0
0.3365 0
0.3375 0
0.3385 0
0.3395 0
0.3405 0
0.3415 0
0.3425 0
0.3435 0
0.3445 0
0.3455 0
0.3465 0
0.3475 0
0.3485 0
0.3495 0
0.3505 0
0.3515 0
0.3525 0
0.3535 0
0.3545 0
0.3555 0
0.3565 0
0.3575 0
0.3585 0
0.3595 0
0.3605 0
0.3615 0
0.3625 0
0.3635 0
0.3645 0
0.3655 0
0.3665 0
0.3675 0
0.3685 0
0.3695 0
0.3705 0
0.3715 0
0.3725 0
0.3735 0
0.3745 0
0.3755 0
0.3765 0
0.3775 0
0.3785 0
0.3795 0
0.3805 0
0.3815 0
0.3825 0
0.3835 0
0.3845 0
0.3855 0
0.3865 0
0.3875 0
0.3885 0
0.3895 0
0.3905 0
0.3915 0
0.3925 0
0.3935 0
0.3945 0
0.3955 0
0.3965 0
0.3975 0
0.3985 0
0.3995 0
0.4005 1
0.4015 1
0.4025 1
0.4035 1
0.4045 1
0.4055 1
0.4065 1
0.4075 1
0.4085 1
0.4095 1
0.4105 1
0.4115 1
0.4125 1
0.4135 1
0.4145 1
0.4155 1
0.4165 1
0.4175 1
0.4185 1
0.4195 1
0.4205 1
0.4215 1
0.4225 1
0.4235 1
0.4245 1
0.4255 1
0.4265 1
0.4275 1
0.4285 1
0.4295 1
0.4305 1
0.4315 1
0.4325 1
0.4335 1
0.4345 1
0.4355 1
0.4365 1
0.4375 1
0.4385 1
0.4395 1
0.4405 1
0.4415 1
0.4425 1
0.4435 1
0.4445 1
0.4455 1
0.4465 1
0.4475 1
0.4485 1
0.4495 1
0.4505 1
0.4515 1
0.4525 1
0.4535 1
0.4545 1
0.4555 1
0.4565 1
0.4575 1
0.4585 1
0.4595 1
0.4605 1
0.4615 1
0.4625 1
0.4635 1
0.4645 1
0.4655 1
0.4665 1
0.4675 1
0.4685 1
0.4695 1
0.4705 1
0.4715 1
0.4725 1
0.4735 1
0.4745 1
0.4755 1
0.4765 1
0.4775 1
0.4785 1
0.4795 1
0.4805 1
0.4815 1
0.4825 1
0.4835 1
0.4845 1
0.4855 1
0.4865 1
0.4875 1
0.4885 1
0.4895 1
0.4905 1
0.4915 1
0.4925 1
0.4935 1
0.4945 1
0.4955 1
0.4965 1
0.4975 1
0.4985 1
0.4995 1
0.5005 1
0.5015 1
0.5025 1
0.5035 1
0.5045 1
0.5055 1
0.5065 1
0.5075 1
0.5085 1
0.5095 1
0.5105 1
0.5115 1
0.5125 1
0.5135 1
0.5145 1
0.5155 1
0.5165 1
0.5175 1
0.5185 1
0.5195 1
0.5205 1
0.5215 1
0.5225 1
0.5235 1
0.5245 1
0.5255 1
0.5265 1
0.5275 1
0.5285 1
0.5295 1
0.5305 1
0.5315 1
0.5325 1
0.5335 1
0.5345 1
0.5355 1
0.5365 1
0.5375 1
0.5385 1
0.5395 1
0.5405 1
0.5415 1
0.5425 1
0.5435 1
0.5445 1
0.5455 1
0.5465 1
0.5475 1
0.5485 1
0.5495 1
0.5505 1
0.5515 1
0.5525 1
0.5535 1
0.5545 1
0.5555 1
0.5565 1
0.5575 1
0.5585 1
0.5595 1
0.5605 1
0.5615 1
0.5625 1
0.5635 1
0.5645 1
0.5655 1
0.5665 1
0.5675 1
0.5685 1
0.5695 1
0.5705 1
0.5715 1
0.5725 1
0.5735 1
0.5745 1
0.5755 1
0.5765 1
0.5775 1
0.5785 1
0.5795 1
0.5805 1
0.5815 1
0.5825 1
0.5835 1
0.5845 1
0.5855 1
0.5865 1
0.5875 1
0.5885 1
0.5895 1
0.5905 1
0.5915 1
0.5925 1
0.5935 1
0.5945 1
0.5955 1
0.5965 1
0.5975 1
0.5985 1
0.5995 1
0.6005 0
0.6015 0
0.6025 0
0.6035 0
0.6045 0
0.6055 0
0.6065 0
0.6075 0
0.6085 0
0.6095 0
0.6105 0
0.6115 0
0.6125 0
0.6135 0
0.6145 0
0.6155 0
0.6165 0
0.6175 0
0.6185 0
0.6195 0
0.6205 0
0.6215 0
0.6225 0
0.6235 0
0.6245 0
0.6255 0
0.6265 0
0.6275 0
0.6285 0
0.6295 0
0.6305 0
0.6315 0
0.6325 0
0.6335 0
0.6345 0
0.6355 0
0.6365 0
0.6375 0
0.6385 0
0.6395 0
0.6405 0
0.6415 0
0.6425 0
0.6435 0
0.6445 0
0.6455 0
0.6465 0
0.6475 0
0.6485 0
0.6495 0
0.6505 0
0.6515 0
0.6525 0
0.6535 0
0.6545 0
0.6555 0
0.6565 0
0.6575 0
0.6585 0
0.6595 0
0.6605 0
0.6615 0
0.6625 0
0.6635 0
0.6645 0
0.6655 0
0.6665 0
0.6675 0
0.6685 0
0.6695 0
0.6705 0
0.6715 0
0.6725 0
0.6735 0
0.6745 0
0.6755 0
0.6765 0
0.6775 0
0.6785 0
0.6795 0
0.6805 0
0.6815 0
0.6825 0
0.6835 0
0.6845 0
0.6855 0
0.6865 0
0.6875 0
0.6885 0
0.6895 0
0.6905 0
0.6915 0
0.6925 0
0.6935 0
0.6945 0
0.6955 0
0.6965 0
0.6975 0
0.6985 0
0.6995 0
0.7005 0
0.7015 0
0.7025 0
0.7035 0
0.7045 0
0.7055 0
0.7065 0
0.7075 0
0.7085 0
0.7095 0
0.7105 0
0.7115 0
0.7125 0
0.7135 0
0.7145 0
0.7155 0
0.7165 0
0.7175 0
0.7185 0
0.7195 0
0.7205 0
0.7215 0
0.7225 0
0.7235 0
0.7245 0
0.7255 0
0.7265 0
0.7275 0
0.7285 0
0.7295 0
0.7305 0
0.7315 0
0.7325 0
0.7335 0
0.7345 0
0.7355 0
0.7365 0
0.7375 0
0.7385 0
0.7395 0
0.7405 0
0.7415 0
0.7425 0
0.7435 0
0.7445 0
0.7455 0
0.7465 0
0.7475 0
0.7485 0
0.7495 0
0.7505 0
0.7515 0
0.7525 0
0.7535 0
0.7545 0
0.7555 0
0.7565 0
0.7575 0
0.7585 0
0.7595 0
0.7605 0
0.7615 0
0.7625 0
0.7635 0
0.7645 0
0.7655 0
0.7665 0
0.7675 0
0.7685 0
0.7695 0
0.7705 0
0.7715 0
0.7725 0
0.7735 0
0.7745 0
0.7755 0
0.7765 0
0.7775 0
0.7785 0
0.7795 0
0.7805 0
0.7815 0
0.7825 0
0.7835 0
0.7845 0
0.7855 0
0.7865 0
0.7875 0
0.7885 0
0.7895 0
0.7905 0
0.7915 0
0.7925 0
0.7935 0
0.7945 0
0.7955 0
0.7965 0
0.7975 0
0.7985 0
0.7995 0
0.8005 0
0.8015 0
0.8025 0
0.8035 0
0.8045 0
0.8055 0
0.8065 0
0.8075 0
0.8085 0
0.8095 0
0.8105 0
0.8115 0
0.8125 0
0.8135 0
0.8145 0
0.8155 0
0.8165 0
0.8175 0
0.8185 0
0.8195 0
0.8205 0
0.8215 0
0.8225 0
0.8235 0
0.8245 0
0.8255 0
0.8265 0
0.8275 0
0.8285 0
0.8295 0
0.8305 0
0.8315 0
0.8325 0
0.8335 0
0.8345 0
0.8355 0
0.8365 0
0.8375 0
0.8385 0
0.8395 0
0.8405 0
0.8415 0
0.8425 0
0.8435 0
0.8445 0
0.8455 0
0.8465 0
0.8475 0
0.8485 0
0.8495 0
0.8505 0
0.8515 0
0.8525 0
0.8535 0
0.8545 0
0.8555 0
0.8565 0
0.8575 0
0.8585 0
0.8595 0
0.8605 0
0.8615 0
0.8625 0
0.8635 0
0.8645 0
0.8655 0
0.8665 0
0.8675 0
0.8685 0
0.8695 0
0.8705 0
0.8715 0
0.8725 0
0.8735 0
0.8745 0
0.8755 0
0.8765 0
0.8775 0
0.8785 0
0.8795 0
0.8805 0
0.8815 0
0.8825 0
0.8835 0
0.8845 0
0.8855 0
0.8865 0
0.8875 0
0.8885 0
0.8895 0
0.8905 0
0.8915 0
0.8925 0
0.8935 0
0.8945 0
0.8955 0
0.8965 0
0.8975 0
0.8985 0
0.8995 0
0.9005 0
0.9015 0
0.9025 0
0.9035 0
0.9045 0
0.9055 0
0.9065 0
0.9075 0
0.9085 0
0.9095 0
0.9105 0
0.9115 0
0.9125 0
0.9135 0
0.9145 0
0.9155 0
0.9165 0
0.9175 0
0.9185 0
0.9195 0
0.9205 0
0.9215 0
0.9225 0
0.9235 0
0.9245 0
0.9255 0
0.9265 0
0.9275 0
0.9285 0
0.9295 0
0.9305 0
0.9315 0
0.9325 0
0.9335 0
0.9345 0
0.9355 0
0.9365 0
0.9375 0
0.9385 0
0.9395 0
0.9405 0
0.9415 0
0.9425 0
0.9435 0
0.9445 0
0.9455 0
0.9465 0
0.9475 0
0.9485 0
0.9495 0
0.9505 0
0.9515 0
0.9525 0
0.9535 0
0.9545 0
0.9555 0
0.9565 0
0.9575 0
0.9585 0
0.9595 0
0.9605 0
0.9615 0
0.9625 0
0.9635 0
0.9645 0
0.9655 0
0.9665 0
0.9675 0
0.9685 0
0.9695 0
0.9705 0
0.9715 0
0.9725 0
0.9735 0
0.9745 0
0.9755 0
0.9765 0
0.9775 0
0.9785 0
0.9795 0
0.9805 0
0.9815 0
0.9825 0
0.9835 0
0.9845 0
0.9855 0
0.9865 0
0.9875 0
0.9885 0
0.9895 0
0.9905 0
0.9915 0
0.9925 0
0.9935 0
0.9945 0
0.9955 0
0.9965 0
0.9975 0
0.9985 0
0.9995 0

# time= 0.25
0.0005 0
0.0015 1.85847e-161
0.0025 2.21864e-158
0.0035 1.31748e-155
0.0045 5.18869e-153
0.0055 1.52462e-150
0.0065 3.56516e-148
0.0075 6.91067e-146
0.0085 1.14211e-143
0.0095 1.64281e-141
0.0105 2.08921e-139
0.0115 2.37835e-137
0.0125 2.44804e-135
0.0135 2.29721e-133
0.0145 1.97895e-131
0.0155 1.5743e-129
0.0165 1.16242e-127
0.0175 8.00171e-126
0.0185 5.15506e-124
0.0195 3.11892e-122
0.0205 1.77756e-120
0.0215 9.56937e-119
0.0225 4.87813e-117
0.0235 2.35996e-115
0.0245 1.08573e-113
0.0255 4.75892e-112
0.0265 1.9907e-110
0.0275 7.9596e-109
0.0285 3.04645e-107
0.0295 1.11761e-105
0.0305 3.93482e-104
0.0315 1.33104e-102
0.0325 4.33068e-101
0.0335 1.35661e-99
0.0345 4.09542e-98
0.0355 1.19251e-96
0.0365 3.35204e-95
0.0375 9.10274e-94
0.0385 2.38984e-92
0.0395 6.07015e-91
0.0405 1.49261e-89
0.0415 3.55526e-88
0.0425 8.2079e-87
0.0435 1.83766e-85
0.0445 3.99205e-84
0.0455 8.41861e-83
0.0465 1.72425e-81
0.0475 3.43142e-80
0.0485 6.63804e-79
0.0495 1.24875e-77
0.0505 2.28533e-76
0.0515 4.07022e-75
0.0525 7.0572e-74
0.0535 1.19162e-72
0.0545 1.96007e-71
0.0555 3.14169e-70
0.0565 4.90839e-69
0.0575 7.47684e-68
0.0585 1.11075e-66
0.0595 1.60967e-65
0.0605 2.27607e-64
0.0615 3.14098e-63
0.0625 4.23121e-62
0.0635 5.56514e-61
0.0645 7.14801e-60
0.0655 8.96752e-59
0.0665 1.09905e-57
0.0675 1.31611e-56
0.0685 1.54016e-55
0.0695 1.7616e-54
0.0705 1.96962e-53
0.0715 2.15301e-52
0.0725 2.30122e-51
0.0735 2.40532e-50
0.0745 2.4589e-49
0.0755 2.45873e-48
0.0765 2.40505e-47
0.0775 2.30159e-46
0.0785 2.15506e-45
0.0795 1.9745e-44
0.0805 1.77033e-43
0.0815 1.55339e-42
0.0825 1.33404e-41
0.0835 1.12136e-40
0.0845 9.22644e-40
0.0855 7.43115e-39
0.0865 5.8591e-38
0.0875 4.52248e-37
0.0885 3.4175e-36
0.0895 2.52835e-35
0.0905 1.83136e-34
0.0915 1.29875e-33
0.0925 9.01775e-33
0.0935 6.13048e-32
0.0945 4.08052e-31
0.0955 2.65925e-30
0.0965 1.69677e-29
0.0975 1.05998e-28
0.0985 6.48299e-28
0.0995 3.88191e-27
0.1005 2.27559e-26
0.1015 1.30588e-25
0.1025 7.33591e-25
0.1035 4.03391e-24
0.1045 2.17117e-23
0.1055 1.14375e-22
0.1065 5.8967e-22
0.1075 2.97503e-21
0.1085 1.46874e-20
0.1095 7.09461e-20
0.1105 3.35276e-19
0.1115 1.54995e-18
0.1125 7.00857e-18
0.1135 3.09944e-17
0.1145 1.34036e-16
0.1155 5.66742e-16
0.1165 2.34267e-15
0.1175 9.46517e-15
0.1185 3.73737e-14
0.1195 1.44194e-13
0.1205 5.43482e-13
0.1215 2.00076e-12
0.1225 7.19257e-12
0.1235 2.52436e-11
0.1245 8.64751e-11
0.1255 2.89063e-10
0.1265 9.42613e-10
0.1275 2.99771e-09
0.1285 9.29443e-09
0.1295 2.80861e-08
0.1305 8.26873e-08
0.1315 2.37084e-07
0.1325 6.61769e-07
0.1335 1.79747e-06
0.1345 4.74863e-06
0.1355 1.21957e-05
0.1365 3.04334e-05
0.1375 7.37468e-05
0.1385 0.000173427
0.1395 0.000395528
0.1405 0.000874195
0.1415 0.00187096
0.1425 0.00387407
0.1435 0.00775369
0.1445 0.0149842
0.1455 0.0279286
0.1465 0.0501005
0.1475 0.0855975
0.1485 0.131368
0.1495 0.18345
0.1505 0.23826
0.1515 0.293648
0.1525 0.348087
0.1535 0.397759
0.1545 0.437302
0.1555 0.463308
0.1565 0.479364
0.1575 0.48902
0.1585 0.494378
0.1595 0.497228
0.1605 0.498671
0.1615 0.499332
0.1625 0.499777
0.1635 0.499939
0.1645 0.499987
0.1655 0.499989
0.1665 0.499959
0.1675 0.500019
0.1685 0.500037
0.1695 0.500028
0.1705 0.500013
0.1715 0.499997
0.1725 0.500003
0.1735 0.500026
0.1745 0.500026
0.1755 0.500021
0.1765 0.50003
0.1775 0.499983
0.1785 0.500013
0.1795 0.500024
0.1805 0.50003
0.1815 0.500066
0.1825 0.499962
0.1835 0.500001
0.1845 0.500022
0.1855 0.50004
0.1865 0.500104
0.1875 0.499941
0.1885 0.499989
0.1895 0.500022
0.1905 0.50006
0.1915 0.500115
0.1925 0.499919
0.1935 0.499977
0.1945 0.500022
0.1955 0.500083
0.1965 0.500121
0.1975 0.499896
0.1985 0.499964
0.1995 0.500022
0.2005 0.500107
0.2015 0.500128
0.2025 0.499871
0.2035 0.49995
0.2045 0.500021
0.2055 0.500131
0.2065 0.500127
0.2075 0.499866
0.2085 0.499935
0.2095 0.500019
0.2105 0.500156
0.2115 0.500121
0.2125 0.499875
0.2135 0.499919
0.2145 0.500017
0.2155 0.500182
0.2165 0.500116
0.2175 0.499886
0.2185 0.499903
0.2195 0.500017
0.2205 0.50021
0.2215 0.50011
0.2225 0.4999
0.2235 0.499888
0.2245 0.500024
0.2255 0.500217
0.2265 0.500105
0.2275 0.499915
0.2285 0.499874
0.2295 0.50004
0.2305 0.5002
0.2315 0.500099
0.2325 0.499933
0.2335 0.499859
0.2345 0.500058
0.2355 0.500183
0.2365 0.500093
0.2375 0.499951
0.2385 0.499844
0.2395 0.500076
0.2405 0.500163
0.2415 0.500085
0.2425 0.499971
0.2435 0.499827
0.2445 0.500095
0.2455 0.500139
0.2465 0.500074
0.2475 0.499978
0.2485 0.499853
0.2495 0.500115
0.2505 0.500113
0.2515 0.500063
0.2525 0.499985
0.2535 0.499892
0.2545 0.500137
0.2555 0.500087
0.2565 0.500054
0.2575 0.499996
0.2585 0.499957
0.2595 0.500097
0.2605 0.500058
0.2615 0.500045
0.2625 0.500009
0.2635 0.500029
0.2645 0.500053
0.2655 0.500026
0.2665 0.500034
0.2675 0.500023
0.2685 0.500107
0.2695 0.500004
0.2705 0.499991
0.2715 0.500023
0.2725 0.500038
0.2735 0.500193
0.2745 0.499951
0.2755 0.499953
0.2765 0.50001
0.2775 0.500054
0.2785 0.500282
0.2795 0.499908
0.2805 0.499913
0.2815 0.499996
0.2825 0.500077
0.2835 0.500336
0.2845 0.499928
0.2855 0.499872
0.2865 0.499985
0.2875 0.500126
0.2885 0.500325
0.2895 0.49995
0.2905 0.499827
0.2915 0.499973
0.2925 0.50018
0.2935 0.500313
0.2945 0.499977
0.2955 0.499777
0.2965 0.49996
0.2975 0.500241
0.2985 0.500299
0.2995 0.500009
0.3005 0.499724
0.3015 0.499947
0.3025 0.500307
0.3035 0.500282
0.3045 0.500046
0.3055 0.499669
0.3065 0.499943
0.3075 0.500347
0.3085 0.500259
0.3095 0.50007
0.3105 0.499686
0.3115 0.499975
0.3125 0.500285
0.3135 0.500229
0.3145 0.50008
0.3155 0.499764
0.3165 0.500011
0.3175 0.500212
0.3185 0.500195
0.3195 0.500093
0.3205 0.499857
0.3215 0.500053
0.3225 0.500127
0.3235 0.500157
0.3245 0.500111
0.3255 0.499972
0.3265 0.500103
0.3275 0.500031
0.3285 0.500119
0.3295 0.500143
0.3305 0.500167
0.3315 0.499981
0.3325 0.499912
0.3335 0.500064
0.3345 0.500165
0.3355 0.500327
0.3365 0.499985
0.3375 0.4997
0.3385 0.499831
0.3395 0.499809
0.3405 0.499671
0.3415 0.498199
0.3425 0.495738
0.3435 0.492185
0.3445 0.485283
0.3455 0.472816
0.3465 0.450041
0.3475 0.413833
0.3485 0.368506
0.3495 0.316985
0.3505 0.262435
0.3515 0.206555
0.3525 0.151202
0.3535 0.102034
0.3545 0.0633278
0.3555 0.0373021
0.3565 0.0208253
0.3575 0.0104113
0.3585 0.00533311
0.3595 0.00363134
0.3605 0.00182855
0.3615 0.000864199
0.3625 -0.000104743
0.3635 -0.000151497
0.3645 0.000622007
0.3655 0.000341207
0.3665 0.000232817
0.3675 -6.16664e-05
0.3685 5.12721e-05
0.3695 0.000222979
0.3705 6.68754e-05
0.3715 0.000186526
0.3725 0.000315854
0.3735 0.000727685
0.3745 -0.000294872
0.3755 -0.000281484
0.3765 0.000178325
0.3775 0.00111364
0.3785 0.00103463
0.3795 -0.00101866
0.3805 -0.000791445
0.3815 0.000289271
0.3825 0.0018097
0.3835 0.000998517
0.3845 -0.000451508
0.3855 -0.00152991
0.3865 0.00111515
0.3875 0.00111362
0.3885 0.000840031
0.3895 0.000461328
0.3905 -0.000362193
0.3915 0.000407409
0.3925 -0.000973671
0.3935 -0.000360481
0.3945 0.00298869
0.3955 0.00562932
0.3965 -0.00158341
0.3975 -0.00749463
0.3985 -0.0190069
0.3995 -0.265647
0.4005 0.265518
0.4015 0.0189153
0.4025 0.00772804
0.4035 0.00151231
0.4045 -0.00573315
0.4055 -0.00314182
0.4065 0.000256825
0.4075 0.00118842
0.4085 -0.000457018
0.4095 0.000283361
0.4105 -0.000638789
0.4115 -0.000950259
0.4125 -0.000930308
0.4135 -0.00113784
0.4145 0.00147291
0.4155 0.000247759
0.4165 -0.00111479
0.4175 -0.00165818
0.4185 -0.000258277
0.4195 0.000745067
0.4205 0.00078483
0.4215 -0.00115814
0.4225 -0.000996107
0.4235 -9.69865e-05
0.4245 0.000235937
0.4255 5.21394e-05
0.4265 -0.000858274
0.4275 -0.000233943
0.4285 -5.7546e-05
0.4295 -0.000120661
0.4305 -0.000451922
0.4315 -0.000187264
0.4325 0.000109643
0.4335 -5.11024e-05
0.4345 -0.000388224
0.4355 -0.000792144
0.4365 0.000119526
0.4375 0.000376695
0.4385 -3.9655e-05
0.4395 -0.000575387
0.4405 -0.0010225
0.4415 0.000204278
0.4425 0.000597308
0.4435 -1.65968e-05
0.4445 -0.000704814
0.4455 -0.000768733
0.4465 0.000132906
0.4475 0.000732632
0.4485 -5.64233e-05
0.4495 -0.000810758
0.4505 -0.000548124
0.4515 6.3369e-05
0.4525 0.000585126
0.4535 -3.36784e-05
0.4545 -0.000881743
0.4555 -0.000354239
0.4565 7.42922e-06
0.4575 0.000392005
0.4585 -2.67304e-05
0.4595 -0.000642153
0.4605 -0.000262187
0.4615 -4.89157e-05
0.4625 0.000217461
0.4635 -4.43032e-05
0.4645 -0.000392324
0.4655 -0.000195666
0.4665 -9.97268e-05
0.4675 6.42162e-05
0.4685 -8.87244e-05
0.4695 -0.000171152
0.4705 -0.000134193
0.4715 -0.000141869
0.4725 -6.91196e-05
0.4735 -0.000295803
0.4745 7.65462e-05
0.4755 -6.4773e-05
0.4765 -0.000167027
0.4775 -0.000181793
0.4785 -0.000335184
0.4795 0.000234724
0.4805 -5.69742e-06
0.4815 -0.000190559
0.4825 -0.000288642
0.4835 -0.000346811
0.4845 0.00030843
0.4855 4.8299e-05
0.4865 -0.000213648
0.4875 -0.000410337
0.4885 -0.000299961
0.4895 0.00036316
0.4905 0.000103069
0.4915 -0.000231876
0.4925 -0.000527447
0.4935 -0.000256622
0.4945 0.000354144
0.4955 0.000176164
0.4965 -0.000242323
0.4975 -0.000547875
0.4985 -0.000246
0.4995 0.000267298
0.5005 0.000267298
0.5015 -0.000246
0.5025 -0.000547875
0.5035 -0.000242323
0.5045 0.000176164
0.5055 0.000354144
0.5065 -0.000256622
0.5075 -0.000527447
0.5085 -0.000231876
0.5095 0.000103069
0.5105 0.00036316
0.5115 -0.000299961
0.5125 -0.000410337
0.5135 -0.000213648
0.5145 4.8299e-05
0.5155 0.00030843
0.5165 -0.000346811
0.5175 -0.000288642
0.5185 -0.000190559
0.5195 -5.69742e-06
0.5205 0.000234724
0.5215 -0.000335184
0.5225 -0.000181793
0.5235 -0.000167027
0.5245 -6.4773e-05
0.5255 7.65462e-05
0.5265 -0.000295803
0.5275 -6.91196e-05
0.5285 -0.000141869
0.5295 -0.000134193
0.5305 -0.000171152
0.5315 -8.87244e-05
0.5325 6.42162e-05
0.5335 -9.97268e-05
0.5345 -0.000195666
0.5355 -0.000392324
0.5365 -4.43032e-05
0.5375 0.000217461
0.5385 -4.89157e-05
0.5395 -0.000262187
0.5405 -0.000642153
0.5415 -2.67304e-05
0.5425 0.000392005
0.5435 7.42922e-06
0.5445 -0.000354239
0.5455 -0.000881743
0.5465 -3.36784e-05
0.5475 0.000585126
0.5485 6.3369e-05
0.5495 -0.000548124
0.5505 -0.000810758
0.5515 -5.64233e-05
0.5525 0.000732632
0.5535 0.000132906
0.5545 -0.000768733
0.5555 -0.000704814
0.5565 -1.65968e-05
0.5575 0.000597308
0.5585 0.000204278
0.5595 -0.0010225
0.5605 -0.000575387
0.5615 -3.9655e-05
0.5625 0.000376695
0.5635 0.000119526
0.5645 -0.000792144
0.5655 -0.000388224
0.5665 -5.11024e-05
0.5675 0.000109643
0.5685 -0.000187264
0.5695 -0.000451922
0.5705 -0.000120661
0.5715 -5.7546e-05
0.5725 -0.000233943
0.5735 -0.000858274
0.5745 5.21394e-05
0.5755 0.000235937
0.5765 -9.69865e-05
0.5775 -0.000996107
0.5785 -0.00115814
0.5795 0.00078483
0.5805 0.000745067
0.5815 -0.000258277
0.5825 -0.00165818
0.5835 -0.00111479
0.5845 0.000247759
0.5855 0.00147291
0.5865 -0.00113784
0.5875 -0.000930308
0.5885 -0.000950259
0.5895 -0.000638789
0.5905 0.000283361
0.5915 -0.000457018
0.5925 0.00118842
0.5935 0.000256825
0.5945 -0.00314182
0.5955 -0.00573315
0.5965 0.00151231
0.5975 0.00772804
0.5985 0.0189153
0.5995 0.265518
0.6005 -0.265647
0.6015 -0.0190069
0.6025 -0.00749463
0.6035 -0.00158341
0.6045 0.00562932
0.6055 0.00298869
0.6065 -0.000360481
0.6075 -0.000973671
0.6085 0.000407409
0.6095 -0.000362193
0.6105 0.000461328
0.6115 0.000840031
0.6125 0.00111362
0.6135 0.00111515
0.6145 -0.00152991
0.6155 -0.000451508
0.6165 0.000998517
0.6175 0.0018097
0.6185 0.000289271
0.6195 -0.000791445
0.6205 -0.00101866
0.6215 0.00103463
0.6225 0.00111364
0.6235 0.000178325
0.6245 -0.000281484
0.6255 -0.000294872
0.6265 0.000727685
0.6275 0.000315854
0.6285 0.000186526
0.6295 6.68754e-05
0.6305 0.000222979
0.6315 5.12721e-05
0.6325 -6.16664e-05
0.6335 0.000232817
0.6345 0.000341207
0.6355 0.000622007
0.6365 -0.000151497
0.6375 -0.000104743
0.6385 0.000864199
0.6395 0.00182855
0.6405 0.00363134
0.6415 0.00533311
0.6425 0.0104113
0.6435 0.0208253
0.6445 0.0373021
0.6455 0.0633278
0.6465 0.102034
0.6475 0.151202
0.6485 0.206555
0.6495 0.262435
0.6505 0.316985
0.6515 0.368506
0.6525 0.413833
0.6535 0.450041
0.6545 0.472816
0.6555 0.485283
0.6565 0.492185
0.6575 0.495738
0.6585 0.498199
0.6595 0.499671
0.6605 0.499809
0.6615 0.499831
0.6625 0.4997
0.6635 0.499985
0.6645 0.500327
0.6655 0.500165
0.6665 0.500064
0.6675 0.499912
0.6685 0.499981
0.6695 0.500167
0.6705 0.500143
0.6715 0.500119
0.6725 0.500031
0.6735 0.500103
0.6745 0.499972
0.6755 0.500111
0.6765 0.500157
0.6775 0.500127
0.6785 0.500053
0.6795 0.499857
0.6805 0.500093
0.6815 0.500195
0.6825 0.500212
0.6835 0.500011
0.6845 0.499764
0.6855 0.50008
0.6865 0.500229
0.6875 0.500285
0.6885 0.499975
0.6895 0.499686
0.6905 0.50007
0.6915 0.500259
0.6925 0.500347
0.6935 0.499943
0.6945 0.499669
0.6955 0.500046
0.6965 0.500282
0.6975 0.500307
0.6985 0.499947
0.6995 0.499724
0.7005 0.500009
0.7015 0.500299
0.7025 0.500241
0.7035 0.49996
0.7045 0.499777
0.7055 0.499977
0.7065 0.500313
0.7075 0.50018
0.7085 0.499973
0.7095 0.499827
0.7105 0.49995
0.7115 0.500325
0.7125 0.500126
0.7135 0.499985
0.7145 0.499872
0.7155 0.499928
0.7165 0.500336
0.7175 0.500077
0.7185 0.499996
0.7195 0.499913
0.7205 0.499908
0.7215 0.500282
0.7225 0.500054
0.7235 0.50001
0.7245 0.499953
0.7255 0.499951
0.7265 0.500193
0.7275 0.500038
0.7285 0.500023
0.7295 0.499991
0.7305 0.500004
0.7315 0.500107
0.7325 0.500023
0.7335 0.500034
0.7345 0.500026
0.7355 0.500053
0.7365 0.500029
0.7375 0.500009
0.7385 0.500045
0.7395 0.500058
0.7405 0.500097
0.7415 0.499957
0.7425 0.499996
0.7435 0.500054
0.7445 0.500087
0.7455 0.500137
0.7465 0.499892
0.7475 0.499985
0.7485 0.500063
0.7495 0.500113
0.7505 0.500115
0.7515 0.499853
0.7525 0.499978
0.7535 0.500074
0.7545 0.500139
0.7555 0.500095
0.7565 0.499827
0.7575 0.499971
0.7585 0.500085
0.7595 0.500163
0.7605 0.500076
0.7615 0.499844
0.7625 0.499951
0.7635 0.500093
0.7645 0.500183
0.7655 0.500058
0.7665 0.499859
0.7675 0.499933
0.7685 0.500099
0.7695 0.5002
0.7705 0.50004
0.7715 0.499874
0.7725 0.499915
0.7735 0.500105
0.7745 0.500217
0.7755 0.500024
0.7765 0.499888
0.7775 0.4999
0.7785 0.50011
0.7795 0.50021
0.7805 0.500017
0.7815 0.499903
0.7825 0.499886
0.7835 0.500116
0.7845 0.500182
0.7855 0.500017
0.7865 0.499919
0.7875 0.499875
0.7885 0.500121
0.7895 0.500156
0.7905 0.500019
0.7915 0.499935
0.7925 0.499866
0.7935 0.500127
0.7945 0.500131
0.7955 0.500021
0.7965 0.49995
0.7975 0.499871
0.7985 0.500128
0.7995 0.500107
0.8005 0.500022
0.8015 0.499964
0.8025 0.499896
0.8035 0.500121
0.8045 0.500083
0.8055 0.500022
0.8065 0.499977
0.8075 0.499919
0.8085 0.500115
0.8095 0.50006
0.8105 0.500022
0.8115 0.499989
0.8125 0.499941
0.8135 0.500104
0.8145 0.50004
0.8155 0.500022
0.8165 0.500001
0.8175 0.499962
0.8185 0.500066
0.8195 0.50003
0.8205 0.500024
0.8215 0.500013
0.8225 0.499983
0.8235 0.50003
0.8245 0.500021
0.8255 0.500026
0.8265 0.500026
0.8275 0.500003
0.8285 0.499997
0.8295 0.500013
0.8305 0.500028
0.8315 0.500037
0.8325 0.500019
0.8335 0.499959
0.8345 0.499989
0.8355 0.499987
0.8365 0.499939
0.8375 0.499777
0.8385 0.499332
0.8395 0.498671
0.8405 0.497228
0.8415 0.494378
0.8425 0.48902
0.8435 0.479364
0.8445 0.463308
0.8455 0.437302
0.8465 0.397759
0.8475 0.348087
0.8485 0.293648
0.8495 0.23826
0.8505 0.18345
0.8515 0.131368
0.8525 0.0855975
0.8535 0.0501005
0.8545 0.0279286
0.8555 0.0149842
0.8565 0.00775369
0.8575 0.00387407
0.8585 0.00187096
0.8595 0.000874195
0.8605 0.000395528
0.8615 0.000173427
0.8625 7.37468e-05
0.8635 3.04334e-05
0.8645 1.21957e-05
0.8655 4.74863e-06
0.8665 1.79747e-06
0.8675 6.61769e-07
0.8685 2.37084e-07
0.8695 8.26873e-08
0.8705 2.80861e-08
0.8715 9.29443e-09
0.8725 2.99771e-09
0.8735 9.42613e-10
0.8745 2.89063e-10
0.8755 8.64751e-11
0.8765 2.52436e-11
0.8775 7.19257e-12
0.8785 2.00076e-12
0.8795 5.43482e-13
0.8805 1.44194e-13
0.8815 3.73737e-14
0.8825 9.46517e-15
0.8835 2.34267e-15
0.8845 5.66742e-16
0.8855 1.34036e-16
0.8865 3.09944e-17
0.8875 7.00857e-18
0.8885 1.54995e-18
0.8895 3.35276e-19
0.8905 7.09461e-20
0.8915 1.46874e-20
0.8925 2.97503e-21
0.8935 5.8967e-22
0.8945 1.14375e-22
0.8955 2.17117e-23
0.8965 4.03391e-24
0.8975 7.33591e-25
0.8985 1.30588e-25
0.8995 2.27559e-26
0.9005 3.88191e-27
0.9015 6.48299e-28
0.9025 1.05998e-28
0.9035 1.69677e-29
0.9045 2.65925e-30
0.9055 4.08052e-31
0.9065 6.13048e-32
0.9075 9.01775e-33
0.9085 1.29875e-33
0.9095 1.83136e-34
0.9105 2.52835e-35
0.9115 3.4175e-36
0.9125 4.52248e-37
0.9135 5.8591e-38
0.9145 7.43115e-39
0.9155 9.22644e-40
0.9165 1.12136e-40
0.9175 1.33404e-41
0.9185 1.55339e-42
0.9195 1.77033e-43
0.9205 1.9745e-44
0.9215 2.15506e-45
0.9225 2.30159e-46
0.9235 2.40505e-47
0.9245 2.45873e-48
0.9255 2.4589e-49
0.9265 2.40532e-50
0.9275 2.30122e-51
0.9285 2.15301e-52
0.9295 1.96962e-53
0.9305 1.7616e-54
0.9315 1.54016e-55
0.9325 1.31611e-56
0.9335 1.09905e-57
0.9345 8.96752e-59
0.9355 7.14801e-60
0.9365 5.56514e-61
0.9375 4.23121e-62
0.9385 3.14098e-63
0.9395 2.27607e-64
0.9405 1.60967e-65
0.9415 1.11075e-66
0.9425 7.47684e-68
0.9435 4.90839e-69
0.9445 3.14169e-70
0.9455 1.96007e-71
0.9465 1.19162e-72
0.9475 7.0572e-74
0.9485 4.07022e-75
0.9495 2.28533e-76
0.9505 1.24875e-77
0.9515 6.63804e-79
0.9525 3.43142e-80
0.9535 1.72425e-81
0.9545 8.41861e-83
0.9555 3.99205e-84
0.9565 1.83766e-85
0.9575 8.2079e-87
0.9585 3.55526e-88
0.9595 1.49261e-89
0.9605 6.07015e-91
0.9615 2.38984e-92
0.9625 9.10274e-94
0.9635 3.35204e-95
0.9645 1.19251e-96
0.9655 4.09542e-98
0.9665 1.35661e-99
0.9675 4.33068e-101
0.9685 1.33104e-102
0.9695 3.93482e-104
0.9705 1.11761e-105
0.9715 3.04645e-107
0.9725 7.9596e-109
0.9735 1.9907e-110
0.9745 4.75892e-112
0.9755 1.08573e-113
0.9765 2.35996e-115
0.9775 4.87813e-117
0.9785 9.56937e-119
0.9795 1.77756e-120
0.9805 3.11892e-122
0.9815 5.15506e-124
0.9825 8.00171e-126
0.9835 1.16242e-127
0.9845 1.5743e-129
0.9855 1.97895e-131
0.9865 2.29721e-133
0.9875 2.44804e-135
0.9885 2.37835e-137
0.9895 2.08921e-139
0.9905 1.64281e-141
0.9915 1.14211e-143
0.9925 6.91067e-146
0.9935 3.56516e-148
0.9945 1.52462e-150
0.9955 5.18869e-153
0.9965 1.31748e-155
0.9975 2.21864e-158
0.9985 1.85847e-161
0.9995 0

# time= 0.5
0.0005 1.00004
0.0015 0.999987
0.0025 1
0.0035 0.999997
0.0045 1.00004
0.0055 1.00004
0.0065 0.999978
0.0075 1
0.0085 1.00001
0.0095 1.00004
0.0105 1.00003
0.0115 0.99997
0.0125 1
0.0135 1.00002
0.0145 1.00004
0.0155 1.00003
0.0165 0.999961
0.0175 1
0.0185 1.00003
0.0195 1.00003
0.0205 1.00002
0.0215 0.999953
0.0225 1.00001
0.0235 1.00004
0.0245 1.00003
0.0255 1.00002
0.0265 0.999954
0.0275 1
0.0285 1.00005
0.0295 1.00003
0.0305 1.00001
0.0315 0.999955
0.0325 1
0.0335 1.00006
0.0345 1.00003
0.0355 1
0.0365 0.999956
0.0375 0.999999
0.0385 1.00007
0.0395 1.00003
0.0405 0.999998
0.0415 0.999956
0.0425 0.999997
0.0435 1.00008
0.0445 1.00003
0.0455 0.999991
0.0465 0.999956
0.0475 0.999994
0.0485 1.00009
0.0495 1.00003
0.0505 0.999984
0.0515 0.999955
0.0525 0.999992
0.0535 1.0001
0.0545 1.00004
0.0555 0.999977
0.0565 0.999955
0.0575 0.99999
0.0585 1.00011
0.0595 1.00004
0.0605 0.999969
0.0615 0.999955
0.0625 0.999989
0.0635 1.00012
0.0645 1.00004
0.0655 0.999962
0.0665 0.999955
0.0675 0.999987
0.0685 1.00012
0.0695 1.00004
0.0705 0.999954
0.0715 0.999954
0.0725 0.999986
0.0735 1.00013
0.0745 1.00004
0.0755 0.999946
0.0765 0.999953
0.0775 0.999982
0.0785 1.00013
0.0795 1.00003
0.0805 0.999908
0.0815 0.99989
0.0825 0.999858
0.0835 0.999889
0.0845 0.999568
0.0855 0.999031
0.0865 0.998299
0.0875 0.997007
0.0885 0.9949
0.0895 0.991007
0.0905 0.984668
0.0915 0.974781
0.0925 0.959363
0.0935 0.936057
0.0945 0.901208
0.0955 0.851158
0.0965 0.786041
0.0975 0.710242
0.0985 0.628235
0.0995 0.543034
0.1005 0.456919
0.1015 0.371851
0.1025 0.289776
0.1035 0.21406
0.1045 0.148809
0.1055 0.0987301
0.1065 0.0640095
0.1075 0.0406615
0.1085 0.0253201
0.1095 0.0153076
0.1105 0.00893425
0.1115 0.00514811
0.1125 0.00302334
0.1135 0.00180118
0.1145 0.000953233
0.1155 0.000376665
0.1165 0.000141093
0.1175 0.000179932
0.1185 0.000208743
0.1195 8.50301e-05
0.1205 -8.04198e-05
0.1215 -0.000113218
0.1225 6.25942e-05
0.1235 0.00014431
0.1245 5.4674e-05
0.1255 -8.77466e-05
0.1265 -0.000132106
0.1275 6.65724e-05
0.1285 0.00014042
0.1295 5.41708e-05
0.1305 -8.02372e-05
0.1315 -0.00014452
0.1325 7.39678e-05
0.1335 0.000137637
0.1345 5.42097e-05
0.1355 -7.20166e-05
0.1365 -0.000157089
0.1375 8.16469e-05
0.1385 0.000134363
0.1395 5.39662e-05
0.1405 -6.4824e-05
0.1415 -0.000164956
0.1425 8.96422e-05
0.1435 0.000130735
0.1445 5.37579e-05
0.1455 -5.81584e-05
0.1465 -0.000167488
0.1475 9.66037e-05
0.1485 0.000127198
0.1495 5.46731e-05
0.1505 -4.94759e-05
0.1515 -0.000161887
0.1525 7.95783e-05
0.1535 0.000123054
0.1545 5.52339e-05
0.1555 -4.05536e-05
0.1565 -0.000156071
0.1575 6.12794e-05
0.1585 0.000117619
0.1595 5.46042e-05
0.1605 -3.64656e-05
0.1615 -0.000134268
0.1625 4.19038e-05
0.1635 0.000111354
0.1645 5.34064e-05
0.1655 -3.4952e-05
0.1665 -0.000102099
0.1675 2.16313e-05
0.1685 0.000104739
0.1695 5.22819e-05
0.1705 -3.29776e-05
0.1715 -6.79826e-05
0.1725 4.72329e-07
0.1735 9.77959e-05
0.1745 5.13244e-05
0.1755 -3.03823e-05
0.1765 -3.16865e-05
0.1775 -2.14608e-05
0.1785 9.05958e-05
0.1795 5.07693e-05
0.1805 -2.66429e-05
0.1815 7.38018e-06
0.1825 -4.10362e-05
0.1835 7.36589e-05
0.1845 5.07163e-05
0.1855 -2.18682e-05
0.1865 4.86833e-05
0.1875 -6.11467e-05
0.1885 5.73061e-05
0.1895 5.25306e-05
0.1905 -6.80886e-06
0.1915 6.34374e-05
0.1925 -8.25074e-05
0.1935 4.01095e-05
0.1945 5.44339e-05
0.1955 1.09052e-05
0.1965 7.31736e-05
0.1975 -0.000105564
0.1985 2.13615e-05
0.1995 5.44269e-05
0.2005 3.35755e-05
0.2015 8.27152e-05
0.2025 -0.000130499
0.2035 6.50391e-07
0.2045 5.05858e-05
0.2055 6.36317e-05
0.2065 8.52202e-05
0.2075 -0.000135327
0.2085 -2.11978e-05
0.2095 4.60837e-05
0.2105 9.4569e-05
0.2115 8.32043e-05
0.2125 -0.00012605
0.2135 -4.37884e-05
0.2145 4.17917e-05
0.2155 0.000127446
0.2165 8.12561e-05
0.2175 -0.000115314
0.2185 -6.68253e-05
0.2195 3.81212e-05
0.2205 0.000162414
0.2215 7.97445e-05
0.2225 -0.000101918
0.2235 -8.89881e-05
0.2245 4.29239e-05
0.2255 0.000175915
0.2265 7.84023e-05
0.2275 -8.60884e-05
0.2285 -0.000110766
0.2295 5.59628e-05
0.2305 0.000167018
0.2315 7.66572e-05
0.2325 -6.89033e-05
0.2335 -0.000133684
0.2345 6.99546e-05
0.2355 0.000156758
0.2365 7.43656e-05
0.2375 -5.03171e-05
0.2385 -0.000157774
0.2395 8.48334e-05
0.2405 0.000144721
0.2415 7.11252e-05
0.2425 -3.05593e-05
0.2435 -0.00018293
0.2445 0.000100138
0.2455 0.000129228
0.2465 6.52526e-05
0.2475 -2.26495e-05
0.2485 -0.000162954
0.2495 0.000107234
0.2505 0.000111935
0.2515 5.88631e-05
0.2525 -1.60452e-05
0.2535 -0.000129973
0.2545 0.000116164
0.2555 9.38374e-05
0.2565 5.45917e-05
0.2575 -5.05476e-06
0.2585 -7.52076e-05
0.2595 7.35648e-05
0.2605 7.35999e-05
0.2615 4.97329e-05
0.2625 7.12508e-06
0.2635 -1.44609e-05
0.2645 2.67124e-05
0.2655 5.09711e-05
0.2665 4.41811e-05
0.2675 2.05636e-05
0.2685 5.27224e-05
0.2695 -2.44215e-05
0.2705 2.56809e-05
0.2715 3.77883e-05
0.2725 3.52209e-05
0.2735 0.000126747
0.2745 -8.01533e-05
0.2755 -2.6365e-06
0.2765 2.99797e-05
0.2775 5.04199e-05
0.2785 0.000203439
0.2795 -0.000126912
0.2805 -3.34955e-05
0.2815 2.06049e-05
0.2825 7.19536e-05
0.2835 0.000244882
0.2845 -0.000110313
0.2855 -6.42068e-05
0.2865 1.49175e-05
0.2875 0.00012003
0.2885 0.000221267
0.2895 -9.07631e-05
0.2905 -9.86203e-05
0.2915 8.49505e-06
0.2925 0.000173494
0.2935 0.000195526
0.2945 -6.76136e-05
0.2955 -0.000137041
0.2965 1.3242e-06
0.2975 0.000232814
0.2985 0.000167349
0.2995 -4.00268e-05
0.3005 -0.000179533
0.3015 -6.50598e-06
0.3025 0.000297035
0.3035 0.000139749
0.3045 -6.16506e-06
0.3055 -0.000224557
0.3065 -5.34853e-06
0.3075 0.000329884
0.3085 0.000122658
0.3095 1.9516e-05
0.3105 -0.000213486
0.3115 3.06611e-05
0.3125 0.000259698
0.3135 9.88548e-05
0.3145 3.12331e-05
0.3155 -0.000143131
0.3165 7.19698e-05
0.3175 0.000179074
0.3185 7.13093e-05
0.3195 4.62002e-05
0.3205 -5.73858e-05
0.3215 0.000119515
0.3225 8.62929e-05
0.3235 4.00503e-05
0.3245 6.64289e-05
0.3255 4.88071e-05
0.3265 0.00017421
0.3275 -1.91133e-05
0.3285 9.16805e-06
0.3295 9.98621e-05
0.3305 0.000234839
0.3315 5.81823e-05
0.3325 -0.000146207
0.3335 -3.68435e-05
0.3345 0.00012866
0.3355 0.000398165
0.3365 9.75801e-05
0.3375 -0.000294935
0.3385 -9.02577e-05
0.3395 0.000165374
0.3405 0.000593525
0.3415 0.000156902
0.3425 -0.000466751
0.3435 -0.000148156
0.3445 0.000229998
0.3455 0.000781657
0.3465 0.000233535
0.3475 -0.000657406
0.3485 -0.000204905
0.3495 0.000397796
0.3505 0.00071933
0.3515 0.000292006
0.3525 -0.000783699
0.3535 -0.000277113
0.3545 0.000593542
0.3555 0.000619793
0.3565 0.000274096
0.3575 -0.000624932
0.3585 -0.000349295
0.3595 0.000825633
0.3605 0.000499973
0.3615 0.000260849
0.3625 -0.000367503
0.3635 -0.00026122
0.3645 0.000578084
0.3655 0.000324356
0.3665 0.000226623
0.3675 -6.38465e-05
0.3685 5.05376e-05
0.3695 0.000222743
0.3705 6.68025e-05
0.3715 0.000186504
0.3725 0.000315848
0.3735 0.000727684
0.3745 -0.000294872
0.3755 -0.000281484
0.3765 0.000178325
0.3775 0.00111364
0.3785 0.00103463
0.3795 -0.00101866
0.3805 -0.000791445
0.3815 0.000289271
0.3825 0.0018097
0.3835 0.000998517
0.3845 -0.000451508
0.3855 -0.00152991
0.3865 0.00111515
0.3875 0.00111362
0.3885 0.000840031
0.3895 0.000461328
0.3905 -0.000362193
0.3915 0.000407409
0.3925 -0.000973671
0.3935 -0.000360481
0.3945 0.00298869
0.3955 0.00562932
0.3965 -0.00158341
0.3975 -0.00749463
0.3985 -0.0190069
0.3995 -0.265647
0.4005 0.265518
0.4015 0.0189153
0.4025 0.00772804
0.4035 0.00151231
0.4045 -0.00573315
0.4055 -0.00314182
0.4065 0.000256825
0.4075 0.00118842
0.4085 -0.000457018
0.4095 0.000283361
0.4105 -0.000638789
0.4115 -0.000950259
0.4125 -0.000930308
0.4135 -0.00113784
0.4145 0.00147291
0.4155 0.000247759
0.4165 -0.00111479
0.4175 -0.00165818
0.4185 -0.000258277
0.4195 0.000745067
0.4205 0.00078483
0.4215 -0.00115814
0.4225 -0.000996107
0.4235 -9.69865e-05
0.4245 0.000235937
0.4255 5.21394e-05
0.4265 -0.000858274
0.4275 -0.000233943
0.4285 -5.7546e-05
0.4295 -0.000120661
0.4305 -0.000451922
0.4315 -0.000187264
0.4325 0.000109643
0.4335 -5.11024e-05
0.4345 -0.000388224
0.4355 -0.000792144
0.4365 0.000119526
0.4375 0.000376695
0.4385 -3.9655e-05
0.4395 -0.000575387
0.4405 -0.0010225
0.4415 0.000204278
0.4425 0.000597308
0.4435 -1.65968e-05
0.4445 -0.000704814
0.4455 -0.000768733
0.4465 0.000132906
0.4475 0.000732632
0.4485 -5.64233e-05
0.4495 -0.000810758
0.4505 -0.000548124
0.4515 6.3369e-05
0.4525 0.000585126
0.4535 -3.36784e-05
0.4545 -0.000881743
0.4555 -0.000354239
0.4565 7.42922e-06
0.4575 0.000392005
0.4585 -2.67304e-05
0.4595 -0.000642153
0.4605 -0.000262187
0.4615 -4.89157e-05
0.4625 0.000217461
0.4635 -4.43032e-05
0.4645 -0.000392324
0.4655 -0.000195666
0.4665 -9.97268e-05
0.4675 6.42162e-05
0.4685 -8.87244e-05
0.4695 -0.000171152
0.4705 -0.000134193
0.4715 -0.000141869
0.4725 -6.91196e-05
0.4735 -0.000295803
0.4745 7.65462e-05
0.4755 -6.4773e-05
0.4765 -0.000167027
0.4775 -0.000181793
0.4785 -0.000335184
0.4795 0.000234724
0.4805 -5.69742e-06
0.4815 -0.000190559
0.4825 -0.000288642
0.4835 -0.000346811
0.4845 0.00030843
0.4855 4.8299e-05
0.4865 -0.000213648
0.4875 -0.000410337
0.4885 -0.000299961
0.4895 0.00036316
0.4905 0.000103069
0.4915 -0.000231876
0.4925 -0.000527447
0.4935 -0.000256622
0.4945 0.000354144
0.4955 0.000176164
0.4965 -0.000242323
0.4975 -0.000547875
0.4985 -0.000246
0.4995 0.000267298
0.5005 0.000267298
0.5015 -0.000246
0.5025 -0.000547875
0.5035 -0.000242323
0.5045 0.000176164
0.5055 0.000354144
0.5065 -0.000256622
0.5075 -0.000527447
0.5085 -0.000231876
0.5095 0.000103069
0.5105 0.00036316
0.5115 -0.000299961
0.5125 -0.000410337
0.5135 -0.000213648
0.5145 4.8299e-05
0.5155 0.00030843
0.5165 -0.000346811
0.5175 -0.000288642
0.5185 -0.000190559
0.5195 -5.69742e-06
0.5205 0.000234724
0.5215 -0.000335184
0.5225 -0.000181793
0.5235 -0.000167027
0.5245 -6.4773e-05
0.5255 7.65462e-05
0.5265 -0.000295803
0.5275 -6.91196e-05
0.5285 -0.000141869
0.5295 -0.000134193
0.5305 -0.000171152
0.5315 -8.87244e-05
0.5325 6.42162e-05
0.5335 -9.97268e-05
0.5345 -0.000195666
0.5355 -0.000392324
0.5365 -4.43032e-05
0.5375 0.000217461
0.5385 -4.89157e-05
0.5395 -0.000262187
0.5405 -0.000642153
0.5415 -2.67304e-05
0.5425 0.000392005
0.5435 7.42922e-06
0.5445 -0.000354239
0.5455 -0.000881743
0.5465 -3.36784e-05
0.5475 0.000585126
0.5485 6.3369e-05
0.5495 -0.000548124
0.5505 -0.000810758
0.5515 -5.64233e-05
0.5525 0.000732632
0.5535 0.000132906
0.5545 -0.000768733
0.5555 -0.000704814
0.5565 -1.65968e-05
0.5575 0.000597308
0.5585 0.000204278
0.5595 -0.0010225
0.5605 -0.000575387
0.5615 -3.9655e-05
0.5625 0.000376695
0.5635 0.000119526
0.5645 -0.000792144
0.5655 -0.000388224
0.5665 -5.11024e-05
0.5675 0.000109643
0.5685 -0.000187264
0.5695 -0.000451922
0.5705 -0.000120661
0.5715 -5.7546e-05
0.5725 -0.000233943
0.5735 -0.000858274
0.5745 5.21394e-05
0.5755 0.000235937
0.5765 -9.69865e-05
0.5775 -0.000996107
0.5785 -0.00115814
0.5795 0.00078483
0.5805 0.000745067
0.5815 -0.000258277
0.5825 -0.00165818
0.5835 -0.00111479
0.5845 0.000247759
0.5855 0.00147291
0.5865 -0.00113784
0.5875 -0.000930308
0.5885 -0.000950259
0.5895 -0.000638789
0.5905 0.000283361
0.5915 -0.000457018
0.5925 0.00118842
0.5935 0.000256825
0.5945 -0.00314182
0.5955 -0.00573315
0.5965 0.00151231
0.5975 0.00772804
0.5985 0.0189153
0.5995 0.265518
0.6005 -0.265647
0.6015 -0.0190069
0.6025 -0.00749463
0.6035 -0.00158341
0.6045 0.00562932
0.6055 0.00298869
0.6065 -0.000360481
0.6075 -0.000973671
0.6085 0.000407409
0.6095 -0.000362193
0.6105 0.000461328
0.6115 0.000840031
0.6125 0.00111362
0.6135 0.00111515
0.6145 -0.00152991
0.6155 -0.000451508
0.6165 0.000998517
0.6175 0.0018097
0.6185 0.000289271
0.6195 -0.000791445
0.6205 -0.00101866
0.6215 0.00103463
0.6225 0.00111364
0.6235 0.000178325
0.6245 -0.000281484
0.6255 -0.000294872
0.6265 0.000727684
0.6275 0.000315848
0.6285 0.000186504
0.6295 6.68025e-05
0.6305 0.000222743
0.6315 5.05376e-05
0.6325 -6.38465e-05
0.6335 0.000226623
0.6345 0.000324356
0.6355 0.000578084
0.6365 -0.00026122
0.6375 -0.000367503
0.6385 0.000260849
0.6395 0.000499973
0.6405 0.000825633
0.6415 -0.000349295
0.6425 -0.000624932
0.6435 0.000274096
0.6445 0.000619793
0.6455 0.000593542
0.6465 -0.000277113
0.6475 -0.000783699
0.6485 0.000292006
0.6495 0.00071933
0.6505 0.000397796
0.6515 -0.000204905
0.6525 -0.000657406
0.6535 0.000233535
0.6545 0.000781657
0.6555 0.000229998
0.6565 -0.000148156
0.6575 -0.000466751
0.6585 0.000156902
0.6595 0.000593525
0.6605 0.000165374
0.6615 -9.02577e-05
0.6625 -0.000294935
0.6635 9.75801e-05
0.6645 0.000398165
0.6655 0.00012866
0.6665 -3.68435e-05
0.6675 -0.000146207
0.6685 5.81823e-05
0.6695 0.000234839
0.6705 9.98621e-05
0.6715 9.16805e-06
0.6725 -1.91133e-05
0.6735 0.00017421
0.6745 4.88071e-05
0.6755 6.64289e-05
0.6765 4.00503e-05
0.6775 8.62929e-05
0.6785 0.000119515
0.6795 -5.73858e-05
0.6805 4.62002e-05
0.6815 7.13093e-05
0.6825 0.000179074
0.6835 7.19698e-05
0.6845 -0.000143131
0.6855 3.12331e-05
0.6865 9.88548e-05
0.6875 0.000259698
0.6885 3.06611e-05
0.6895 -0.000213486
0.6905 1.9516e-05
0.6915 0.000122658
0.6925 0.000329884
0.6935 -5.34853e-06
0.6945 -0.000224557
0.6955 -6.16506e-06
0.6965 0.000139749
0.6975 0.000297035
0.6985 -6.50598e-06
0.6995 -0.000179533
0.7005 -4.00268e-05
0.7015 0.000167349
0.7025 0.000232814
0.7035 1.3242e-06
0.7045 -0.000137041
0.7055 -6.76136e-05
0.7065 0.000195526
0.7075 0.000173494
0.7085 8.49505e-06
0.7095 -9.86203e-05
0.7105 -9.07631e-05
0.7115 0.000221267
0.7125 0.00012003
0.7135 1.49175e-05
0.7145 -6.42068e-05
0.7155 -0.000110313
0.7165 0.000244882
0.7175 7.19536e-05
0.7185 2.06049e-05
0.7195 -3.34955e-05
0.7205 -0.000126912
0.7215 0.000203439
0.7225 5.04199e-05
0.7235 2.99797e-05
0.7245 -2.6365e-06
0.7255 -8.01533e-05
0.7265 0.000126747
0.7275 3.52209e-05
0.7285 3.77883e-05
0.7295 2.56809e-05
0.7305 -2.44215e-05
0.7315 5.27224e-05
0.7325 2.05636e-05
0.7335 4.41811e-05
0.7345 5.09711e-05
0.7355 2.67124e-05
0.7365 -1.44609e-05
0.7375 7.12508e-06
0.7385 4.97329e-05
0.7395 7.35999e-05
0.7405 7.35648e-05
0.7415 -7.52076e-05
0.7425 -5.05476e-06
0.7435 5.45917e-05
0.7445 9.38374e-05
0.7455 0.000116164
0.7465 -0.000129973
0.7475 -1.60452e-05
0.7485 5.88631e-05
0.7495 0.000111935
0.7505 0.000107234
0.7515 -0.000162954
0.7525 -2.26495e-05
0.7535 6.52526e-05
0.7545 0.000129228
0.7555 0.000100138
0.7565 -0.00018293
0.7575 -3.05593e-05
0.7585 7.11252e-05
0.7595 0.000144721
0.7605 8.48334e-05
0.7615 -0.000157774
0.7625 -5.03171e-05
0.7635 7.43656e-05
0.7645 0.000156758
0.7655 6.99546e-05
0.7665 -0.000133684
0.7675 -6.89033e-05
0.7685 7.66572e-05
0.7695 0.000167018
0.7705 5.59628e-05
0.7715 -0.000110766
0.7725 -8.60884e-05
0.7735 7.84023e-05
0.7745 0.000175915
0.7755 4.29239e-05
0.7765 -8.89881e-05
0.7775 -0.000101918
0.7785 7.97445e-05
0.7795 0.000162414
0.7805 3.81212e-05
0.7815 -6.68253e-05
0.7825 -0.000115314
0.7835 8.12561e-05
0.7845 0.000127446
0.7855 4.17917e-05
0.7865 -4.37884e-05
0.7875 -0.00012605
0.7885 8.32043e-05
0.7895 9.4569e-05
0.7905 4.60837e-05
0.7915 -2.11978e-05
0.7925 -0.000135327
0.7935 8.52202e-05
0.7945 6.36317e-05
0.7955 5.05858e-05
0.7965 6.50391e-07
0.7975 -0.000130499
0.7985 8.27152e-05
0.7995 3.35755e-05
0.8005 5.44269e-05
0.8015 2.13615e-05
0.8025 -0.000105564
0.8035 7.31736e-05
0.8045 1.09052e-05
0.8055 5.44339e-05
0.8065 4.01095e-05
0.8075 -8.25074e-05
0.8085 6.34374e-05
0.8095 -6.80886e-06
0.8105 5.25306e-05
0.8115 5.73061e-05
0.8125 -6.11467e-05
0.8135 4.86833e-05
0.8145 -2.18682e-05
0.8155 5.07163e-05
0.8165 7.36589e-05
0.8175 -4.10362e-05
0.8185 7.38018e-06
0.8195 -2.66429e-05
0.8205 5.07693e-05
0.8215 9.05958e-05
0.8225 -2.14608e-05
0.8235 -3.16865e-05
0.8245 -3.03823e-05
0.8255 5.13244e-05
0.8265 9.77959e-05
0.8275 4.72329e-07
0.8285 -6.79826e-05
0.8295 -3.29776e-05
0.8305 5.22819e-05
0.8315 0.000104739
0.8325 2.16313e-05
0.8335 -0.000102099
0.8345 -3.4952e-05
0.8355 5.34064e-05
0.8365 0.000111354
0.8375 4.19038e-05
0.8385 -0.000134268
0.8395 -3.64656e-05
0.8405 5.46042e-05
0.8415 0.000117619
0.8425 6.12794e-05
0.8435 -0.000156071
0.8445 -4.05536e-05
0.8455 5.52339e-05
0.8465 0.000123054
0.8475 7.95783e-05
0.8485 -0.000161887
0.8495 -4.94759e-05
0.8505 5.46731e-05
0.8515 0.000127198
0.8525 9.66037e-05
0.8535 -0.000167488
0.8545 -5.81584e-05
0.8555 5.37579e-05
0.8565 0.000130735
0.8575 8.96422e-05
0.8585 -0.000164956
0.8595 -6.4824e-05
0.8605 5.39662e-05
0.8615 0.000134363
0.8625 8.16469e-05
0.8635 -0.000157089
0.8645 -7.20166e-05
0.8655 5.42097e-05
0.8665 0.000137637
0.8675 7.39678e-05
0.8685 -0.00014452
0.8695 -8.02372e-05
0.8705 5.41708e-05
0.8715 0.00014042
0.8725 6.65724e-05
0.8735 -0.000132106
0.8745 -8.77466e-05
0.8755 5.4674e-05
0.8765 0.00014431
0.8775 6.25942e-05
0.8785 -0.000113218
0.8795 -8.04198e-05
0.8805 8.50301e-05
0.8815 0.000208743
0.8825 0.000179932
0.8835 0.000141093
0.8845 0.000376665
0.8855 0.000953233
0.8865 0.00180118
0.8875 0.00302334
0.8885 0.00514811
0.8895 0.00893425
0.8905 0.0153076
0.8915 0.0253201
0.8925 0.0406615
0.8935 0.0640095
0.8945 0.0987301
0.8955 0.148809
0.8965 0.21406
0.8975 0.289776
0.8985 0.371851
0.8995 0.456919
0.9005 0.543034
0.9015 0.628235
0.9025 0.710242
0.9035 0.786041
0.9045 0.851158
0.9055 0.901208
0.9065 0.936057
0.9075 0.959363
0.9085 0.974781
0.9095 0.984668
0.9105 0.991007
0.9115 0.9949
0.9125 0.997007
0.9135 0.998299
0.9145 0.999031
0.9155 0.999568
0.9165 0.999889
0.9175 0.999858
0.9185 0.99989
0.9195 0.999908
0.9205 1.00003
0.9215 1.00013
0.9225 0.999982
0.9235 0.999953
0.9245 0.999946
0.9255 1.00004
0.9265 1.00013
0.9275 0.999986
0.9285 0.999954
0.9295 0.999954
0.9305 1.00004
0.9315 1.00012
0.9325 0.999987
0.9335 0.999955
0.9345 0.999962
0.9355 1.00004
0.9365 1.00012
0.9375 0.999989
0.9385 0.999955
0.9395 0.999969
0.9405 1.00004
0.9415 1.00011
0.9425 0.99999
0.9435 0.999955
0.9445 0.999977
0.9455 1.00004
0.9465 1.0001
0.9475 0.999992
0.9485 0.999955
0.9495 0.999984
0.9505 1.00003
0.9515 1.00009
0.9525 0.999994
0.9535 0.999956
0.9545 0.999991
0.9555 1.00003
0.9565 1.00008
0.9575 0.999997
0.9585 0.999956
0.9595 0.999998
0.9605 1.00003
0.9615 1.00007
0.9625 0.999999
0.9635 0.999956
0.9645 1
0.9655 1.00003
0.9665 1.00006
0.9675 1
0.9685 0.999955
0.9695 1.00001
0.9705 1.00003
0.9715 1.00005
0.9725 1
0.9735 0.999954
0.9745 1.00002
0.9755 1.00003
0.9765 1.00004
0.9775 1.00001
0.9785 0.999953
0.9795 1.00002
0.9805 1.00003
0.9815 1.00003
0.9825 1
0.9835 0.999961
0.9845 1.00003
0.9855 1.00004
0.9865 1.00002
0.9875 1
0.9885 0.99997
0.9895 1.00003
0.9905 1.00004
0.9915 1.00001
0.9925 1
0.9935 0.999978
0.9945 1.00004
0.9955 1.00004
0.9965 0.999997
0.9975 1
0.9985 0.999987
0.9995 1.00004

# time= 0.75
0.0005 2.01798e-05
0.0015 -1.70154e-05
0.0025 3.64427e-05
0.0035 -1.17629e-05
0.0045 2.41716e-05
0.0055 1.08978e-05
0.0065 -2.07407e-05
0.0075 3.47012e-05
0.0085 -1.49999e-06
0.0095 2.40962e-05
0.0105 2.96729e-06
0.0115 -2.39502e-05
0.0125 3.32616e-05
0.0135 9.16765e-06
0.0145 2.43387e-05
0.0155 -5.01068e-06
0.0165 -2.69332e-05
0.0175 3.19734e-05
0.0185 2.03026e-05
0.0195 2.50467e-05
0.0205 -1.24505e-05
0.0215 -3.17237e-05
0.0225 3.07672e-05
0.0235 3.19378e-05
0.0245 2.62551e-05
0.0255 -1.88917e-05
0.0265 -3.08326e-05
0.0275 2.63545e-05
0.0285 4.32256e-05
0.0295 2.72015e-05
0.0305 -2.58023e-05
0.0315 -3.0393e-05
0.0325 2.17869e-05
0.0335 5.46194e-05
0.0345 2.825e-05
0.0355 -3.30912e-05
0.0365 -3.04209e-05
0.0375 1.71489e-05
0.0385 6.62147e-05
0.0395 2.94683e-05
0.0405 -4.07622e-05
0.0415 -3.0971e-05
0.0425 1.23932e-05
0.0435 7.79724e-05
0.0445 3.08771e-05
0.0455 -4.89101e-05
0.0465 -3.23732e-05
0.0475 7.13423e-06
0.0485 8.69223e-05
0.0495 4.21072e-05
0.0505 -5.72721e-05
0.0515 -3.40165e-05
0.0525 2.1666e-06
0.0535 9.65526e-05
0.0545 5.34887e-05
0.0555 -6.57291e-05
0.0565 -3.55061e-05
0.0575 -2.00895e-06
0.0585 0.000110307
0.0595 5.42325e-05
0.0605 -7.45541e-05
0.0615 -3.7457e-05
0.0625 -6.14548e-06
0.0635 0.00012003
0.0645 5.66923e-05
0.0655 -8.34735e-05
0.0665 -3.96533e-05
0.0675 -1.01436e-05
0.0685 0.000125588
0.0695 6.09859e-05
0.0705 -9.24542e-05
0.0715 -4.20914e-05
0.0725 -1.3952e-05
0.0735 0.000131777
0.0745 6.36886e-05
0.0755 -0.000100673
0.0765 -4.7077e-05
0.0775 -1.17026e-05
0.0785 0.000138707
0.0795 6.39086e-05
0.0805 -0.000104305
0.0815 -5.42105e-05
0.0825 -7.65339e-06
0.0835 0.000146275
0.0845 6.43937e-05
0.0855 -0.000108292
0.0865 -6.17625e-05
0.0875 -3.33042e-06
0.0885 0.00015461
0.0895 6.52001e-05
0.0905 -0.000112655
0.0915 -6.96903e-05
0.0925 1.31232e-06
0.0935 0.000163739
0.0945 6.63746e-05
0.0955 -0.000117332
0.0965 -7.79041e-05
0.0975 7.51391e-06
0.0985 0.000173259
0.0995 6.7935e-05
0.1005 -0.0001221
0.1015 -8.60912e-05
0.1025 2.11924e-05
0.1035 0.000177987
0.1045 6.96829e-05
0.1055 -0.000126558
0.1065 -9.21048e-05
0.1075 3.34422e-05
0.1085 0.000166069
0.1095 6.56917e-05
0.1105 -0.00011415
0.1115 -9.82111e-05
0.1125 4.46335e-05
0.1135 0.000154115
0.1145 6.16194e-05
0.1155 -0.000101297
0.1165 -0.000104769
0.1175 5.59917e-05
0.1185 0.000142201
0.1195 5.76819e-05
0.1205 -8.79573e-05
0.1215 -0.000111303
0.1225 6.8457e-05
0.1235 0.000132126
0.1245 5.73784e-05
0.1255 -6.74575e-05
0.1265 -0.00010539
0.1275 0.000103269
0.1285 0.00016579
0.1295 0.000134524
0.1305 8.94926e-05
0.1315 0.000135629
0.1325 0.000533492
0.1335 0.000872657
0.1345 0.00131711
0.1355 0.00203494
0.1365 0.00321867
0.1375 0.00540248
0.1385 0.00838501
0.1395 0.0127421
0.1405 0.0191021
0.1415 0.0281995
0.1425 0.0413296
0.1435 0.0590394
0.1445 0.0827976
0.1455 0.112526
0.1465 0.146299
0.1475 0.182729
0.1485 0.21991
0.1495 0.257259
0.1505 0.294494
0.1515 0.331062
0.1525 0.3664
0.1535 0.398817
0.1545 0.427107
0.1555 0.449914
0.1565 0.466261
0.1575 0.47788
0.1585 0.48569
0.1595 0.490879
0.1605 0.494229
0.1615 0.496352
0.1625 0.497876
0.1635 0.498768
0.1645 0.499287
0.1655 0.499544
0.1665 0.499687
0.1675 0.499871
0.1685 0.499972
0.1695 0.500005
0.1705 0.499968
0.1715 0.499966
0.1725 0.499985
0.1735 0.500038
0.1745 0.500046
0.1755 0.499995
0.1765 0.500018
0.1775 0.499968
0.1785 0.50003
0.1795 0.500047
0.1805 0.500001
0.1815 0.50006
0.1825 0.499947
0.1835 0.500014
0.1845 0.500046
0.1855 0.500007
0.1865 0.500105
0.1875 0.499925
0.1885 0.499999
0.1895 0.500045
0.1905 0.500024
0.1915 0.500122
0.1925 0.499902
0.1935 0.499984
0.1945 0.500045
0.1955 0.500042
0.1965 0.500134
0.1975 0.499878
0.1985 0.499967
0.1995 0.500043
0.2005 0.500066
0.2015 0.500141
0.2025 0.499853
0.2035 0.499949
0.2045 0.500037
0.2055 0.500097
0.2065 0.50014
0.2075 0.499848
0.2085 0.499929
0.2095 0.500031
0.2105 0.500129
0.2115 0.500135
0.2125 0.499858
0.2135 0.499909
0.2145 0.500025
0.2155 0.500163
0.2165 0.50013
0.2175 0.499869
0.2185 0.499888
0.2195 0.50002
0.2205 0.500199
0.2215 0.500125
0.2225 0.499883
0.2235 0.499869
0.2245 0.500024
0.2255 0.500214
0.2265 0.50012
0.2275 0.4999
0.2285 0.499849
0.2295 0.500035
0.2305 0.500206
0.2315 0.500115
0.2325 0.499917
0.2335 0.499829
0.2345 0.500048
0.2355 0.500197
0.2365 0.50011
0.2375 0.499937
0.2385 0.499807
0.2395 0.500061
0.2405 0.500186
0.2415 0.500104
0.2425 0.499957
0.2435 0.499784
0.2445 0.500075
0.2455 0.500171
0.2465 0.500095
0.2475 0.499965
0.2485 0.499806
0.2495 0.500081
0.2505 0.500155
0.2515 0.500085
0.2525 0.499973
0.2535 0.499841
0.2545 0.500089
0.2555 0.500138
0.2565 0.500078
0.2575 0.499984
0.2585 0.499898
0.2595 0.500045
0.2605 0.500119
0.2615 0.500071
0.2625 0.499997
0.2635 0.499961
0.2645 0.499997
0.2655 0.500097
0.2665 0.500062
0.2675 0.500011
0.2685 0.50003
0.2695 0.499945
0.2705 0.500073
0.2715 0.500053
0.2725 0.500026
0.2735 0.500106
0.2745 0.49989
0.2755 0.500044
0.2765 0.500043
0.2775 0.500042
0.2785 0.500185
0.2795 0.499846
0.2805 0.500008
0.2815 0.500033
0.2825 0.500064
0.2835 0.500229
0.2845 0.499866
0.2855 0.499972
0.2865 0.500026
0.2875 0.500113
0.2885 0.500207
0.2895 0.499889
0.2905 0.499932
0.2915 0.500018
0.2925 0.500167
0.2935 0.500184
0.2945 0.499916
0.2955 0.499888
0.2965 0.50001
0.2975 0.500227
0.2985 0.500158
0.2995 0.499946
0.3005 0.499841
0.3015 0.500001
0.3025 0.500292
0.3035 0.500132
0.3045 0.499983
0.3055 0.499791
0.3065 0.500001
0.3075 0.500326
0.3085 0.500117
0.3095 0.500012
0.3105 0.499797
0.3115 0.500036
0.3125 0.500256
0.3135 0.500096
0.3145 0.500027
0.3155 0.499862
0.3165 0.500076
0.3175 0.500176
0.3185 0.50007
0.3195 0.500045
0.3205 0.499943
0.3215 0.500123
0.3225 0.500083
0.3235 0.500039
0.3245 0.500064
0.3255 0.500037
0.3265 0.500163
0.3275 0.499954
0.3285 0.499965
0.3295 0.500019
0.3305 0.500075
0.3315 0.499797
0.3325 0.499401
0.3335 0.499204
0.3345 0.498865
0.3355 0.498303
0.3365 0.496745
0.3375 0.494389
0.3385 0.491631
0.3395 0.487476
0.3405 0.48144
0.3415 0.471819
0.3425 0.458296
0.3435 0.44091
0.3445 0.417484
0.3455 0.388213
0.3465 0.353797
0.3475 0.316711
0.3485 0.279975
0.3495 0.243191
0.3505 0.206193
0.3515 0.169101
0.3525 0.132895
0.3535 0.100988
0.3545 0.073539
0.3555 0.0506849
0.3565 0.0338939
0.3575 0.0215531
0.3585 0.014033
0.3595 0.00999815
0.3605 0.00625541
0.3615 0.00381516
0.3625 0.00179357
0.3635 0.00103286
0.3645 0.0013415
0.3655 0.000768158
0.3665 0.000480937
0.3675 7.98387e-05
0.3685 0.000130598
0.3695 0.000266747
0.3705 9.06654e-05
0.3715 0.000199275
0.3725 0.000322593
0.3735 0.000731202
0.3745 -0.000293061
0.3755 -0.000280563
0.3765 0.000178787
0.3775 0.00111387
0.3785 0.00103474
0.3795 -0.0010186
0.3805 -0.000791419
0.3815 0.000289283
0.3825 0.00180971
0.3835 0.00099852
0.3845 -0.000451507
0.3855 -0.00152991
0.3865 0.00111515
0.3875 0.00111362
0.3885 0.000840031
0.3895 0.000461328
0.3905 -0.000362193
0.3915 0.000407409
0.3925 -0.000973671
0.3935 -0.000360481
0.3945 0.00298869
0.3955 0.00562932
0.3965 -0.00158341
0.3975 -0.00749463
0.3985 -0.0190069
0.3995 -0.265647
0.4005 0.265518
0.4015 0.0189153
0.4025 0.00772804
0.4035 0.00151231
0.4045 -0.00573315
0.4055 -0.00314182
0.4065 0.000256825
0.4075 0.00118842
0.4085 -0.000457018
0.4095 0.000283361
0.4105 -0.000638789
0.4115 -0.000950259
0.4125 -0.000930308
0.4135 -0.00113784
0.4145 0.00147291
0.4155 0.000247759
0.4165 -0.00111479
0.4175 -0.00165818
0.4185 -0.000258277
0.4195 0.000745067
0.4205 0.00078483
0.4215 -0.00115814
0.4225 -0.000996107
0.4235 -9.69865e-05
0.4245 0.000235937
0.4255 5.21394e-05
0.4265 -0.000858274
0.4275 -0.000233943
0.4285 -5.7546e-05
0.4295 -0.000120661
0.4305 -0.000451922
0.4315 -0.000187264
0.4325 0.000109643
0.4335 -5.11024e-05
0.4345 -0.000388224
0.4355 -0.000792144
0.4365 0.000119526
0.4375 0.000376695
0.4385 -3.9655e-05
0.4395 -0.000575387
0.4405 -0.0010225
0.4415 0.000204278
0.4425 0.000597308
0.4435 -1.65968e-05
0.4445 -0.000704814
0.4455 -0.000768733
0.4465 0.000132906
0.4475 0.000732632
0.4485 -5.64233e-05
0.4495 -0.000810758
0.4505 -0.000548124
0.4515 6.3369e-05
0.4525 0.000585126
0.4535 -3.36784e-05
0.4545 -0.000881743
0.4555 -0.000354239
0.4565 7.42922e-06
0.4575 0.000392005
0.4585 -2.67304e-05
0.4595 -0.000642153
0.4605 -0.000262187
0.4615 -4.89157e-05
0.4625 0.000217461
0.4635 -4.43032e-05
0.4645 -0.000392324
0.4655 -0.000195666
0.4665 -9.97268e-05
0.4675 6.42162e-05
0.4685 -8.87244e-05
0.4695 -0.000171152
0.4705 -0.000134193
0.4715 -0.000141869
0.4725 -6.91196e-05
0.4735 -0.000295803
0.4745 7.65462e-05
0.4755 -6.4773e-05
0.4765 -0.000167027
0.4775 -0.000181793
0.4785 -0.000335184
0.4795 0.000234724
0.4805 -5.69742e-06
0.4815 -0.000190559
0.4825 -0.000288642
0.4835 -0.000346811
0.4845 0.00030843
0.4855 4.8299e-05
0.4865 -0.000213648
0.4875 -0.000410337
0.4885 -0.000299961
0.4895 0.00036316
0.4905 0.000103069
0.4915 -0.000231876
0.4925 -0.000527447
0.4935 -0.000256622
0.4945 0.000354144
0.4955 0.000176164
0.4965 -0.000242323
0.4975 -0.000547875
0.4985 -0.000246
0.4995 0.000267298
0.5005 0.000267298
0.5015 -0.000246
0.5025 -0.000547875
0.5035 -0.000242323
0.5045 0.000176164
0.5055 0.000354144
0.5065 -0.000256622
0.5075 -0.000527447
0.5085 -0.000231876
0.5095 0.000103069
0.5105 0.00036316
0.5115 -0.000299961
0.5125 -0.000410337
0.5135 -0.000213648
0.5145 4.8299e-05
0.5155 0.00030843
0.5165 -0.000346811
0.5175 -0.000288642
0.5185 -0.000190559
0.5195 -5.69742e-06
0.5205 0.000234724
0.5215 -0.000335184
0.5225 -0.000181793
0.5235 -0.000167027
0.5245 -6.4773e-05
0.5255 7.65462e-05
0.5265 -0.000295803
0.5275 -6.91196e-05
0.5285 -0.000141869
0.5295 -0.000134193
0.5305 -0.000171152
0.5315 -8.87244e-05
0.5325 6.42162e-05
0.5335 -9.97268e-05
0.5345 -0.000195666
0.5355 -0.000392324
0.5365 -4.43032e-05
0.5375 0.000217461
0.5385 -4.89157e-05
0.5395 -0.000262187
0.5405 -0.000642153
0.5415 -2.67304e-05
0.5425 0.000392005
0.5435 7.42922e-06
0.5445 -0.000354239
0.5455 -0.000881743
0.5465 -3.36784e-05
0.5475 0.000585126
0.5485 6.3369e-05
0.5495 -0.000548124
0.5505 -0.000810758
0.5515 -5.64233e-05
0.5525 0.000732632
0.5535 0.000132906
0.5545 -0.000768733
0.5555 -0.000704814
0.5565 -1.65968e-05
0.5575 0.000597308
0.5585 0.000204278
0.5595 -0.0010225
0.5605 -0.000575387
0.5615 -3.9655e-05
0.5625 0.000376695
0.5635 0.000119526
0.5645 -0.000792144
0.5655 -0.000388224
0.5665 -5.11024e-05
0.5675 0.000109643
0.5685 -0.000187264
0.5695 -0.000451922
0.5705 -0.000120661
0.5715 -5.7546e-05
0.5725 -0.000233943
0.5735 -0.000858274
0.5745 5.21394e-05
0.5755 0.000235937
0.5765 -9.69865e-05
0.5775 -0.000996107
0.5785 -0.00115814
0.5795 0.00078483
0.5805 0.000745067
0.5815 -0.000258277
0.5825 -0.00165818
0.5835 -0.00111479
0.5845 0.000247759
0.5855 0.00147291
0.5865 -0.00113784
0.5875 -0.000930308
0.5885 -0.000950259
0.5895 -0.000638789
0.5905 0.000283361
0.5915 -0.000457018
0.5925 0.00118842
0.5935 0.000256825
0.5945 -0.00314182
0.5955 -0.00573315
0.5965 0.00151231
0.5975 0.00772804
0.5985 0.0189153
0.5995 0.265518
0.6005 -0.265647
0.6015 -0.0190069
0.6025 -0.00749463
0.6035 -0.00158341
0.6045 0.00562932
0.6055 0.00298869
0.6065 -0.000360481
0.6075 -0.000973671
0.6085 0.000407409
0.6095 -0.000362193
0.6105 0.000461328
0.6115 0.000840031
0.6125 0.00111362
0.6135 0.00111515
0.6145 -0.00152991
0.6155 -0.000451507
0.6165 0.00099852
0.6175 0.00180971
0.6185 0.000289283
0.6195 -0.000791419
0.6205 -0.0010186
0.6215 0.00103474
0.6225 0.00111387
0.6235 0.000178787
0.6245 -0.000280563
0.6255 -0.000293061
0.6265 0.000731202
0.6275 0.000322593
0.6285 0.000199275
0.6295 9.06654e-05
0.6305 0.000266747
0.6315 0.000130598
0.6325 7.98387e-05
0.6335 0.000480937
0.6345 0.000768158
0.6355 0.0013415
0.6365 0.00103286
0.6375 0.00179357
0.6385 0.00381516
0.6395 0.00625541
0.6405 0.00999815
0.6415 0.014033
0.6425 0.0215531
0.6435 0.0338939
0.6445 0.0506849
0.6455 0.073539
0.6465 0.100988
0.6475 0.132895
0.6485 0.169101
0.6495 0.206193
0.6505 0.243191
0.6515 0.279975
0.6525 0.316711
0.6535 0.353797
0.6545 0.388213
0.6555 0.417484
0.6565 0.44091
0.6575 0.458296
0.6585 0.471819
0.6595 0.48144
0.6605 0.487476
0.6615 0.491631
0.6625 0.494389
0.6635 0.496745
0.6645 0.498303
0.6655 0.498865
0.6665 0.499204
0.6675 0.499401
0.6685 0.499797
0.6695 0.500075
0.6705 0.500019
0.6715 0.499965
0.6725 0.499954
0.6735 0.500163
0.6745 0.500037
0.6755 0.500064
0.6765 0.500039
0.6775 0.500083
0.6785 0.500123
0.6795 0.499943
0.6805 0.500045
0.6815 0.50007
0.6825 0.500176
0.6835 0.500076
0.6845 0.499862
0.6855 0.500027
0.6865 0.500096
0.6875 0.500256
0.6885 0.500036
0.6895 0.499797
0.6905 0.500012
0.6915 0.500117
0.6925 0.500326
0.6935 0.500001
0.6945 0.499791
0.6955 0.499983
0.6965 0.500132
0.6975 0.500292
0.6985 0.500001
0.6995 0.499841
0.7005 0.499946
0.7015 0.500158
0.7025 0.500227
0.7035 0.50001
0.7045 0.499888
0.7055 0.499916
0.7065 0.500184
0.7075 0.500167
0.7085 0.500018
0.7095 0.499932
0.7105 0.499889
0.7115 0.500207
0.7125 0.500113
0.7135 0.500026
0.7145 0.499972
0.7155 0.499866
0.7165 0.500229
0.7175 0.500064
0.7185 0.500033
0.7195 0.500008
0.7205 0.499846
0.7215 0.500185
0.7225 0.500042
0.7235 0.500043
0.7245 0.500044
0.7255 0.49989
0.7265 0.500106
0.7275 0.500026
0.7285 0.500053
0.7295 0.500073
0.7305 0.499945
0.7315 0.50003
0.7325 0.500011
0.7335 0.500062
0.7345 0.500097
0.7355 0.499997
0.7365 0.499961
0.7375 0.499997
0.7385 0.500071
0.7395 0.500119
0.7405 0.500045
0.7415 0.499898
0.7425 0.499984
0.7435 0.500078
0.7445 0.500138
0.7455 0.500089
0.7465 0.499841
0.7475 0.499973
0.7485 0.500085
0.7495 0.500155
0.7505 0.500081
0.7515 0.499806
0.7525 0.499965
0.7535 0.500095
0.7545 0.500171
0.7555 0.500075
0.7565 0.499784
0.7575 0.499957
0.7585 0.500104
0.7595 0.500186
0.7605 0.500061
0.7615 0.499807
0.7625 0.499937
0.7635 0.50011
0.7645 0.500197
0.7655 0.500048
0.7665 0.499829
0.7675 0.499917
0.7685 0.500115
0.7695 0.500206
0.7705 0.500035
0.7715 0.499849
0.7725 0.4999
0.7735 0.50012
0.7745 0.500214
0.7755 0.500024
0.7765 0.499869
0.7775 0.499883
0.7785 0.500125
0.7795 0.500199
0.7805 0.50002
0.7815 0.499888
0.7825 0.499869
0.7835 0.50013
0.7845 0.500163
0.7855 0.500025
0.7865 0.499909
0.7875 0.499858
0.7885 0.500135
0.7895 0.500129
0.7905 0.500031
0.7915 0.499929
0.7925 0.499848
0.7935 0.50014
0.7945 0.500097
0.7955 0.500037
0.7965 0.499949
0.7975 0.499853
0.7985 0.500141
0.7995 0.500066
0.8005 0.500043
0.8015 0.499967
0.8025 0.499878
0.8035 0.500134
0.8045 0.500042
0.8055 0.500045
0.8065 0.499984
0.8075 0.499902
0.8085 0.500122
0.8095 0.500024
0.8105 0.500045
0.8115 0.499999
0.8125 0.499925
0.8135 0.500105
0.8145 0.500007
0.8155 0.500046
0.8165 0.500014
0.8175 0.499947
0.8185 0.50006
0.8195 0.500001
0.8205 0.500047
0.8215 0.50003
0.8225 0.499968
0.8235 0.500018
0.8245 0.499995
0.8255 0.500046
0.8265 0.500038
0.8275 0.499985
0.8285 0.499966
0.8295 0.499968
0.8305 0.500005
0.8315 0.499972
0.8325 0.499871
0.8335 0.499687
0.8345 0.499544
0.8355 0.499287
0.8365 0.498768
0.8375 0.497876
0.8385 0.496352
0.8395 0.494229
0.8405 0.490879
0.8415 0.48569
0.8425 0.47788
0.8435 0.466261
0.8445 0.449914
0.8455 0.427107
0.8465 0.398817
0.8475 0.3664
0.8485 0.331062
0.8495 0.294494
0.8505 0.257259
0.8515 0.21991
0.8525 0.182729
0.8535 0.146299
0.8545 0.112526
0.8555 0.0827976
0.8565 0.0590394
0.8575 0.0413296
0.8585 0.0281995
0.8595 0.0191021
0.8605 0.0127421
0.8615 0.00838501
0.8625 0.00540248
0.8635 0.00321867
0.8645 0.00203494
0.8655 0.00131711
0.8665 0.000872657
0.8675 0.000533492
0.8685 0.000135629
0.8695 8.94926e-05
0.8705 0.000134524
0.8715 0.00016579
0.8725 0.000103269
0.8735 -0.00010539
0.8745 -6.74575e-05
0.8755 5.73784e-05
0.8765 0.000132126
0.8775 6.8457e-05
0.8785 -0.000111303
0.8795 -8.79573e-05
0.8805 5.76819e-05
0.8815 0.000142201
0.8825 5.59917e-05
0.8835 -0.000104769
0.8845 -0.000101297
0.8855 6.16194e-05
0.8865 0.000154115
0.8875 4.46335e-05
0.8885 -9.82111e-05
0.8895 -0.00011415
0.8905 6.56917e-05
0.8915 0.000166069
0.8925 3.34422e-05
0.8935 -9.21048e-05
0.8945 -0.000126558
0.8955 6.96829e-05
0.8965 0.000177987
0.8975 2.11924e-05
0.8985 -8.60912e-05
0.8995 -0.0001221
0.9005 6.7935e-05
0.9015 0.000173259
0.9025 7.51391e-06
0.9035 -7.79041e-05
0.9045 -0.000117332
0.9055 6.63746e-05
0.9065 0.000163739
0.9075 1.31232e-06
0.9085 -6.96903e-05
0.9095 -0.000112655
0.9105 6.52001e-05
0.9115 0.00015461
0.9125 -3.33042e-06
0.9135 -6.17625e-05
0.9145 -0.000108292
0.9155 6.43937e-05
0.9165 0.000146275
0.9175 -7.65339e-06
0.9185 -5.42105e-05
0.9195 -0.000104305
0.9205 6.39086e-05
0.9215 0.000138707
0.9225 -1.17026e-05
0.9235 -4.7077e-05
0.9245 -0.000100673
0.9255 6.36886e-05
0.9265 0.000131777
0.9275 -1.3952e-05
0.9285 -4.20914e-05
0.9295 -9.24542e-05
0.9305 6.09859e-05
0.9315 0.000125588
0.9325 -1.01436e-05
0.9335 -3.96533e-05
0.9345 -8.34735e-05
0.9355 5.66923e-05
0.9365 0.00012003
0.9375 -6.14548e-06
0.9385 -3.7457e-05
0.9395 -7.45541e-05
0.9405 5.42325e-05
0.9415 0.000110307
0.9425 -2.00895e-06
0.9435 -3.55061e-05
0.9445 -6.57291e-05
0.9455 5.34887e-05
0.9465 9.65526e-05
0.9475 2.1666e-06
0.9485 -3.40165e-05
0.9495 -5.72721e-05
0.9505 4.21072e-05
0.9515 8.69223e-05
0.9525 7.13423e-06
0.9535 -3.23732e-05
0.9545 -4.89101e-05
0.9555 3.08771e-05
0.9565 7.79724e-05
0.9575 1.23932e-05
0.9585 -3.0971e-05
0.9595 -4.07622e-05
0.9605 2.94683e-05
0.9615 6.62147e-05
0.9625 1.71489e-05
0.9635 -3.04209e-05
0.9645 -3.30912e-05
0.9655 2.825e-05
0.9665 5.46194e-05
0.9675 2.17869e-05
0.9685 -3.0393e-05
0.9695 -2.58023e-05
0.9705 2.72015e-05
0.9715 4.32256e-05
0.9725 2.63545e-05
0.9735 -3.08326e-05
0.9745 -1.88917e-05
0.9755 2.62551e-05
0.9765 3.19378e-05
0.9775 3.07672e-05
0.9785 -3.17237e-05
0.9795 -1.24505e-05
0.9805 2.50467e-05
0.9815 2.03026e-05
0.9825 3.19734e-05
0.9835 -2.69332e-05
0.9845 -5.01068e-06
0.9855 2.43387e-05
0.9865 9.16765e-06
0.9875 3.32616e-05
0.9885 -2.39502e-05
0.9895 2.96729e-06
0.9905 2.40962e-05
0.9915 -1.49999e-06
0.9925 3.47012e-05
0.9935 -2.07407e-05
0.9945 1.08978e-05
0.9955 2.41716e-05
0.9965 -1.17629e-05
0.9975 3.64427e-05
0.9985 -1.70154e-05
0.9995 2.01798e-05

# time= 1
0.0005 2.01798e-05
0.0015 -1.70154e-05
0.0025 3.64427e-05
0.0035 -1.17629e-05
0.0045 2.41716e-05
0.0055 1.08978e-05
0.0065 -2.07407e-05
0.0075 3.47012e-05
0.0085 -1.49999e-06
0.0095 2.40962e-05
0.0105 2.96729e-06
0.0115 -2.39502e-05
0.0125 3.32616e-05
0.0135 9.16765e-06
0.0145 2.43387e-05
0.0155 -5.01068e-06
0.0165 -2.69332e-05
0.0175 3.19734e-05
0.0185 2.03026e-05
0.0195 2.50467e-05
0.0205 -1.24505e-05
0.0215 -3.17237e-05
0.0225 3.07672e-05
0.0235 3.19378e-05
0.0245 2.62551e-05
0.0255 -1.88917e-05
0.0265 -3.08326e-05
0.0275 2.63545e-05
0.0285 4.32256e-05
0.0295 2.72015e-05
0.0305 -2.58023e-05
0.0315 -3.0393e-05
0.0325 2.17869e-05
0.0335 5.46194e-05
0.0345 2.825e-05
0.0355 -3.30912e-05
0.0365 -3.04209e-05
0.0375 1.71489e-05
0.0385 6.62147e-05
0.0395 2.94683e-05
0.0405 -4.07622e-05
0.0415 -3.0971e-05
0.0425 1.23932e-05
0.0435 7.79724e-05
0.0445 3.08771e-05
0.0455 -4.89101e-05
0.0465 -3.23732e-05
0.0475 7.13423e-06
0.0485 8.69223e-05
0.0495 4.21072e-05
0.0505 -5.72721e-05
0.0515 -3.40165e-05
0.0525 2.1666e-06
0.0535 9.65526e-05
0.0545 5.34887e-05
0.0555 -6.57291e-05
0.0565 -3.55061e-05
0.0575 -2.00895e-06
0.0585 0.000110307
0.0595 5.42325e-05
0.0605 -7.45541e-05
0.0615 -3.7457e-05
0.0625 -6.14548e-06
0.0635 0.00012003
0.0645 5.66923e-05
0.0655 -8.34735e-05
0.0665 -3.96533e-05
0.0675 -1.01436e-05
0.0685 0.000125588
0.0695 6.09859e-05
0.0705 -9.24542e-05
0.0715 -4.20914e-05
0.0725 -1.3952e-05
0.0735 0.000131777
0.0745 6.36886e-05
0.0755 -0.000100673
0.0765 -4.7077e-05
0.0775 -1.17026e-05
0.0785 0.000138707
0.0795 6.39086e-05
0.0805 -0.000104305
0.0815 -5.42105e-05
0.0825 -7.65339e-06
0.0835 0.000146275
0.0845 6.43937e-05
0.0855 -0.000108292
0.0865 -6.17625e-05
0.0875 -3.33042e-06
0.0885 0.00015461
0.0895 6.52001e-05
0.0905 -0.000112655
0.0915 -6.96903e-05
0.0925 1.31232e-06
0.0935 0.000163739
0.0945 6.63746e-05
0.0955 -0.000117332
0.0965 -7.79041e-05
0.0975 7.51391e-06
0.0985 0.000173259
0.0995 6.7935e-05
0.1005 -0.0001221
0.1015 -8.60912e-05
0.1025 2.11924e-05
0.1035 0.000177987
0.1045 6.96829e-05
0.1055 -0.000126558
0.1065 -9.21048e-05
0.1075 3.34422e-05
0.1085 0.000166069
0.1095 6.56917e-05
0.1105 -0.00011415
0.1115 -9.82113e-05
0.1125 4.4633e-05
0.1135 0.000154113
0.1145 6.16169e-05
0.1155 -0.000101302
0.1165 -0.000104781
0.1175 5.59649e-05
0.1185 0.000142145
0.1195 5.75629e-05
0.1205 -8.82031e-05
0.1215 -0.000111803
0.1225 6.74556e-05
0.1235 0.00013015
0.1245 5.35363e-05
0.1255 -7.48143e-05
0.1265 -0.000119264
0.1275 7.75007e-05
0.1285 0.000118659
0.1295 4.96433e-05
0.1305 -6.10167e-05
0.1315 -0.000127109
0.1325 8.20111e-05
0.1335 0.000109068
0.1345 4.61676e-05
0.1355 -4.6556e-05
0.1365 -0.000135183
0.1375 8.68486e-05
0.1385 9.92683e-05
0.1395 4.26068e-05
0.1405 -3.31372e-05
0.1415 -0.000138592
0.1425 9.20882e-05
0.1435 8.93305e-05
0.1445 3.92137e-05
0.1455 -2.03049e-05
0.1465 -0.000136728
0.1475 9.6372e-05
0.1485 7.96678e-05
0.1495 3.70481e-05
0.1505 -5.53409e-06
0.1515 -0.000126801
0.1525 7.67405e-05
0.1535 6.95658e-05
0.1545 3.46169e-05
0.1555 9.38899e-06
0.1565 -0.000116737
0.1575 5.59023e-05
0.1585 5.83274e-05
0.1595 3.22855e-05
0.1605 1.89693e-05
0.1615 -9.08485e-05
0.1625 3.39835e-05
0.1635 4.63791e-05
0.1645 3.22658e-05
0.1655 2.48839e-05
0.1665 -5.48966e-05
0.1675 1.1051e-05
0.1685 3.41409e-05
0.1695 3.23012e-05
0.1705 3.11036e-05
0.1715 -1.71499e-05
0.1725 -1.27678e-05
0.1735 2.16726e-05
0.1745 3.24855e-05
0.1755 3.70283e-05
0.1765 2.29374e-05
0.1775 -3.72805e-05
0.1785 9.09846e-06
0.1795 3.3075e-05
0.1805 4.14377e-05
0.1815 6.65958e-05
0.1825 -5.92032e-05
0.1835 -9.39558e-06
0.1845 3.29999e-05
0.1855 4.66226e-05
0.1865 0.000112246
0.1875 -8.16311e-05
0.1885 -2.53261e-05
0.1895 3.40933e-05
0.1905 6.18681e-05
0.1915 0.000131114
0.1925 -0.000105319
0.1935 -4.21145e-05
0.1945 3.5238e-05
0.1955 7.96783e-05
0.1965 0.000144829
0.1975 -0.000130684
0.1985 -6.04686e-05
0.1995 3.44675e-05
0.2005 0.000102391
0.2015 0.000153479
0.2025 -0.000156264
0.2035 -8.04688e-05
0.2045 3.01324e-05
0.2055 0.000132563
0.2065 0.000153891
0.2075 -0.000161199
0.2085 -0.000101432
0.2095 2.52939e-05
0.2105 0.000163665
0.2115 0.000149838
0.2125 -0.000151953
0.2135 -0.000123077
0.2145 2.07398e-05
0.2155 0.000196724
0.2165 0.000145906
0.2175 -0.000141208
0.2185 -0.000145141
0.2195 1.68573e-05
0.2205 0.000231881
0.2215 0.000142461
0.2225 -0.000127775
0.2235 -0.000166319
0.2245 2.14864e-05
0.2255 0.000245572
0.2265 0.000139231
0.2275 -0.000111892
0.2285 -0.000187109
0.2295 3.43834e-05
0.2305 0.000236862
0.2315 0.000135642
0.2325 -9.46387e-05
0.2335 -0.00020904
0.2345 4.82604e-05
0.2355 0.000226785
0.2365 0.00013155
0.2375 -7.59742e-05
0.2385 -0.000232149
0.2395 6.30483e-05
0.2405 0.000214927
0.2415 0.00012655
0.2425 -5.61299e-05
0.2435 -0.000256332
0.2445 7.82829e-05
0.2455 0.000199606
0.2465 0.000118957
0.2475 -4.81273e-05
0.2485 -0.000234987
0.2495 8.519e-05
0.2505 0.000182451
0.2515 0.000110863
0.2525 -4.14344e-05
0.2535 -0.0001977
0.2545 9.29243e-05
0.2555 0.000164271
0.2565 0.000104755
0.2575 -3.04244e-05
0.2585 -0.000138706
0.2595 4.90856e-05
0.2605 0.000143876
0.2615 9.80426e-05
0.2625 -1.82554e-05
0.2635 -7.38062e-05
0.2645 9.89622e-07
0.2655 0.000121051
0.2665 9.06451e-05
0.2675 -4.84497e-06
0.2685 -2.5423e-06
0.2695 -5.13795e-05
0.2705 9.55385e-05
0.2715 8.24239e-05
0.2725 9.77301e-06
0.2735 7.5494e-05
0.2745 -0.000106741
0.2755 6.55779e-05
0.2765 7.29928e-05
0.2775 2.48963e-05
0.2785 0.000156141
0.2795 -0.000150443
0.2805 2.80841e-05
0.2815 6.3206e-05
0.2825 4.64726e-05
0.2835 0.000201633
0.2845 -0.000130772
0.2855 -9.21376e-06
0.2865 5.67207e-05
0.2875 9.47687e-05
0.2885 0.000182069
0.2895 -0.000108158
0.2905 -5.01178e-05
0.2915 4.72398e-05
0.2925 0.000149257
0.2935 0.0001605
0.2945 -8.18535e-05
0.2955 -9.48765e-05
0.2965 3.70759e-05
0.2975 0.00020965
0.2985 0.000136497
0.2995 -5.11173e-05
0.3005 -0.00014358
0.3015 2.63115e-05
0.3025 0.000274961
0.3035 0.000113041
0.3045 -1.41329e-05
0.3055 -0.000194702
0.3065 2.45885e-05
0.3075 0.000308905
0.3085 0.000100055
0.3095 1.46352e-05
0.3105 -0.000189619
0.3115 5.77685e-05
0.3125 0.000239813
0.3135 8.03094e-05
0.3145 2.93993e-05
0.3155 -0.000125145
0.3165 9.62957e-05
0.3175 0.000160278
0.3185 5.67728e-05
0.3195 4.73711e-05
0.3205 -4.51794e-05
0.3215 0.000141106
0.3225 6.85795e-05
0.3235 2.94719e-05
0.3245 7.05607e-05
0.3255 5.53352e-05
0.3265 0.000193111
0.3275 -3.57532e-05
0.3285 2.49569e-06
0.3295 0.00010691
0.3305 0.000235787
0.3315 7.44372e-05
0.3325 -0.000161784
0.3335 -3.96623e-05
0.3345 0.00013858
0.3355 0.000393629
0.3365 0.000111231
0.3375 -0.000309458
0.3385 -8.92756e-05
0.3395 0.000178121
0.3405 0.000583598
0.3415 0.000167991
0.3425 -0.000480231
0.3435 -0.000143426
0.3445 0.000245528
0.3455 0.000766432
0.3465 0.000242102
0.3475 -0.000668178
0.3485 -0.000197055
0.3495 0.000415948
0.3505 0.000698805
0.3515 0.000298052
0.3525 -0.000790669
0.3535 -0.00026662
0.3545 0.000614157
0.3555 0.000593966
0.3565 0.000277616
0.3575 -0.000628161
0.3585 -0.000336242
0.3595 0.000847415
0.3605 0.000469316
0.3615 0.000261949
0.3625 -0.000366973
0.3635 -0.00024562
0.3645 0.000598209
0.3655 0.000290022
0.3665 0.000225721
0.3675 -5.91059e-05
0.3685 6.93286e-05
0.3695 0.000242389
0.3705 3.1031e-05
0.3715 0.000187524
0.3725 0.000331656
0.3735 0.0007618
0.3745 -0.000254403
0.3755 -0.000280992
0.3765 0.000243994
0.3775 0.00124677
0.3785 0.00126148
0.3795 -0.000664731
0.3805 -0.000275533
0.3815 0.00118505
0.3825 0.00327672
0.3835 0.00332533
0.3845 0.00316704
0.3855 0.00400748
0.3865 0.0096289
0.3875 0.0139998
0.3885 0.0200422
0.3895 0.0286818
0.3905 0.0405577
0.3915 0.0590875
0.3925 0.0820287
0.3935 0.115382
0.3945 0.161794
0.3955 0.216593
0.3965 0.268317
0.3975 0.325812
0.3985 0.38025
0.3995 0.200657
0.4005 0.799186
0.4015 0.619674
0.4025 0.674439
0.4035 0.731631
0.4045 0.783273
0.4055 0.838027
0.4065 0.884527
0.4075 0.918203
0.4085 0.940884
0.4095 0.959331
0.4105 0.971117
0.4115 0.979857
0.4125 0.986201
0.4135 0.990373
0.4145 0.995901
0.4155 0.996608
0.4165 0.996565
0.4175 0.996892
0.4185 0.998873
0.4195 1.00019
0.4205 1.00041
0.4215 0.998619
0.4225 0.998888
0.4235 0.999867
0.4245 1.0002
0.4255 0.999995
0.4265 0.999108
0.4275 0.999767
0.4285 0.999974
0.4295 0.999876
0.4305 0.999514
0.4315 0.999791
0.4325 1.00012
0.4335 0.999984
0.4345 0.999609
0.4355 0.999176
0.4365 1.0001
0.4375 1.00039
0.4385 0.999995
0.4395 0.999419
0.4405 0.998946
0.4415 1.00018
0.4425 1.00062
0.4435 1.00002
0.4445 0.999287
0.4455 0.999201
0.4465 1.00011
0.4475 1.00075
0.4485 0.999977
0.4495 0.999179
0.4505 0.999422
0.4515 1.00004
0.4525 1.00061
0.4535 0.999996
0.4545 0.999107
0.4555 0.999617
0.4565 0.999985
0.4575 1.00042
0.4585 0.999999
0.4595 0.999346
0.4605 0.99971
0.4615 0.999929
0.4625 1.00025
0.4635 0.999978
0.4645 0.999595
0.4655 0.999778
0.4665 0.99988
0.4675 1.00009
0.4685 0.99993
0.4695 0.999816
0.4705 0.99984
0.4715 0.999839
0.4725 0.999962
0.4735 0.999719
0.4745 1.00006
0.4755 0.999911
0.4765 0.999814
0.4775 0.999851
0.4785 0.999676
0.4795 1.00022
0.4805 0.999971
0.4815 0.999792
0.4825 0.999745
0.4835 0.999661
0.4845 1.00029
0.4855 1.00003
0.4865 0.999771
0.4875 0.999624
0.4885 0.999704
0.4895 1.00035
0.4905 1.00008
0.4915 0.999756
0.4925 0.999507
0.4935 0.999743
0.4945 1.00034
0.4955 1.00016
0.4965 0.99975
0.4975 0.999487
0.4985 0.99975
0.4995 1.00025
0.5005 1.00025
0.5015 0.99975
0.5025 0.999487
0.5035 0.99975
0.5045 1.00016
0.5055 1.00034
0.5065 0.999743
0.5075 0.999507
0.5085 0.999756
0.5095 1.00008
0.5105 1.00035
0.5115 0.999704
0.5125 0.999624
0.5135 0.999771
0.5145 1.00003
0.5155 1.00029
0.5165 0.999661
0.5175 0.999745
0.5185 0.999792
0.5195 0.999971
0.5205 1.00022
0.5215 0.999676
0.5225 0.999851
0.5235 0.999814
0.5245 0.999911
0.5255 1.00006
0.5265 0.999719
0.5275 0.999962
0.5285 0.999839
0.5295 0.99984
0.5305 0.999816
0.5315 0.99993
0.5325 1.00009
0.5335 0.99988
0.5345 0.999778
0.5355 0.999595
0.5365 0.999978
0.5375 1.00025
0.5385 0.999929
0.5395 0.99971
0.5405 0.999346
0.5415 0.999999
0.5425 1.00042
0.5435 0.999985
0.5445 0.999617
0.5455 0.999107
0.5465 0.999996
0.5475 1.00061
0.5485 1.00004
0.5495 0.999422
0.5505 0.999179
0.5515 0.999977
0.5525 1.00075
0.5535 1.00011
0.5545 0.999201
0.5555 0.999287
0.5565 1.00002
0.5575 1.00062
0.5585 1.00018
0.5595 0.998946
0.5605 0.999419
0.5615 0.999995
0.5625 1.00039
0.5635 1.0001
0.5645 0.999176
0.5655 0.999609
0.5665 0.999984
0.5675 1.00012
0.5685 0.999791
0.5695 0.999514
0.5705 0.999876
0.5715 0.999974
0.5725 0.999767
0.5735 0.999108
0.5745 0.999995
0.5755 1.0002
0.5765 0.999867
0.5775 0.998888
0.5785 0.998619
0.5795 1.00041
0.5805 1.00019
0.5815 0.998873
0.5825 0.996892
0.5835 0.996565
0.5845 0.996608
0.5855 0.995901
0.5865 0.990373
0.5875 0.986201
0.5885 0.979857
0.5895 0.971117
0.5905 0.959331
0.5915 0.940884
0.5925 0.918203
0.5935 0.884527
0.5945 0.838027
0.5955 0.783273
0.5965 0.731631
0.5975 0.674439
0.5985 0.619674
0.5995 0.799186
0.6005 0.200657
0.6015 0.38025
0.6025 0.325812
0.6035 0.268317
0.6045 0.216593
0.6055 0.161794
0.6065 0.115382
0.6075 0.0820287
0.6085 0.0590875
0.6095 0.0405577
0.6105 0.0286818
0.6115 0.0200422
0.6125 0.0139998
0.6135 0.0096289
0.6145 0.00400748
0.6155 0.00316704
0.6165 0.00332533
0.6175 0.00327672
0.6185 0.00118505
0.6195 -0.000275533
0.6205 -0.000664731
0.6215 0.00126148
0.6225 0.00124677
0.6235 0.000243994
0.6245 -0.000280992
0.6255 -0.000254403
0.6265 0.0007618
0.6275 0.000331656
0.6285 0.000187524
0.6295 3.1031e-05
0.6305 0.000242389
0.6315 6.93286e-05
0.6325 -5.91059e-05
0.6335 0.000225721
0.6345 0.000290022
0.6355 0.000598209
0.6365 -0.00024562
0.6375 -0.000366973
0.6385 0.000261949
0.6395 0.000469316
0.6405 0.000847415
0.6415 -0.000336242
0.6425 -0.000628161
0.6435 0.000277616
0.6445 0.000593966
0.6455 0.000614157
0.6465 -0.00026662
0.6475 -0.000790669
0.6485 0.000298052
0.6495 0.000698805
0.6505 0.000415948
0.6515 -0.000197055
0.6525 -0.000668178
0.6535 0.000242102
0.6545 0.000766432
0.6555 0.000245528
0.6565 -0.000143426
0.6575 -0.000480231
0.6585 0.000167991
0.6595 0.000583598
0.6605 0.000178121
0.6615 -8.92756e-05
0.6625 -0.000309458
0.6635 0.000111231
0.6645 0.000393629
0.6655 0.00013858
0.6665 -3.96623e-05
0.6675 -0.000161784
0.6685 7.44372e-05
0.6695 0.000235787
0.6705 0.00010691
0.6715 2.49569e-06
0.6725 -3.57532e-05
0.6735 0.000193111
0.6745 5.53352e-05
0.6755 7.05607e-05
0.6765 2.94719e-05
0.6775 6.85795e-05
0.6785 0.000141106
0.6795 -4.51794e-05
0.6805 4.73711e-05
0.6815 5.67728e-05
0.6825 0.000160278
0.6835 9.62957e-05
0.6845 -0.000125145
0.6855 2.93993e-05
0.6865 8.03094e-05
0.6875 0.000239813
0.6885 5.77685e-05
0.6895 -0.000189619
0.6905 1.46352e-05
0.6915 0.000100055
0.6925 0.000308905
0.6935 2.45885e-05
0.6945 -0.000194702
0.6955 -1.41329e-05
0.6965 0.000113041
0.6975 0.000274961
0.6985 2.63115e-05
0.6995 -0.00014358
0.7005 -5.11173e-05
0.7015 0.000136497
0.7025 0.00020965
0.7035 3.70759e-05
0.7045 -9.48765e-05
0.7055 -8.18535e-05
0.7065 0.0001605
0.7075 0.000149257
0.7085 4.72398e-05
0.7095 -5.01178e-05
0.7105 -0.000108158
0.7115 0.000182069
0.7125 9.47687e-05
0.7135 5.67207e-05
0.7145 -9.21376e-06
0.7155 -0.000130772
0.7165 0.000201633
0.7175 4.64726e-05
0.7185 6.3206e-05
0.7195 2.80841e-05
0.7205 -0.000150443
0.7215 0.000156141
0.7225 2.48963e-05
0.7235 7.29928e-05
0.7245 6.55779e-05
0.7255 -0.000106741
0.7265 7.5494e-05
0.7275 9.77301e-06
0.7285 8.24239e-05
0.7295 9.55385e-05
0.7305 -5.13795e-05
0.7315 -2.5423e-06
0.7325 -4.84497e-06
0.7335 9.06451e-05
0.7345 0.000121051
0.7355 9.89622e-07
0.7365 -7.38062e-05
0.7375 -1.82554e-05
0.7385 9.80426e-05
0.7395 0.000143876
0.7405 4.90856e-05
0.7415 -0.000138706
0.7425 -3.04244e-05
0.7435 0.000104755
0.7445 0.000164271
0.7455 9.29243e-05
0.7465 -0.0001977
0.7475 -4.14344e-05
0.7485 0.000110863
0.7495 0.000182451
0.7505 8.519e-05
0.7515 -0.000234987
0.7525 -4.81273e-05
0.7535 0.000118957
0.7545 0.000199606
0.7555 7.82829e-05
0.7565 -0.000256332
0.7575 -5.61299e-05
0.7585 0.00012655
0.7595 0.000214927
0.7605 6.30483e-05
0.7615 -0.000232149
0.7625 -7.59742e-05
0.7635 0.00013155
0.7645 0.000226785
0.7655 4.82604e-05
0.7665 -0.00020904
0.7675 -9.46387e-05
0.7685 0.000135642
0.7695 0.000236862
0.7705 3.43834e-05
0.7715 -0.000187109
0.7725 -0.000111892
0.7735 0.000139231
0.7745 0.000245572
0.7755 2.14864e-05
0.7765 -0.000166319
0.7775 -0.000127775
0.7785 0.000142461
0.7795 0.000231881
0.7805 1.68573e-05
0.7815 -0.000145141
0.7825 -0.000141208
0.7835 0.000145906
0.7845 0.000196724
0.7855 2.07398e-05
0.7865 -0.000123077
0.7875 -0.000151953
0.7885 0.000149838
0.7895 0.000163665
0.7905 2.52939e-05
0.7915 -0.000101432
0.7925 -0.000161199
0.7935 0.000153891
0.7945 0.000132563
0.7955 3.01324e-05
0.7965 -8.04688e-05
0.7975 -0.000156264
0.7985 0.000153479
0.7995 0.000102391
0.8005 3.44675e-05
0.8015 -6.04686e-05
0.8025 -0.000130684
0.8035 0.000144829
0.8045 7.96783e-05
0.8055 3.5238e-05
0.8065 -4.21145e-05
0.8075 -0.000105319
0.8085 0.000131114
0.8095 6.18681e-05
0.8105 3.40933e-05
0.8115 -2.53261e-05
0.8125 -8.16311e-05
0.8135 0.000112246
0.8145 4.66226e-05
0.8155 3.29999e-05
0.8165 -9.39558e-06
0.8175 -5.92032e-05
0.8185 6.65958e-05
0.8195 4.14377e-05
0.8205 3.3075e-05
0.8215 9.09846e-06
0.8225 -3.72805e-05
0.8235 2.29374e-05
0.8245 3.70283e-05
0.8255 3.24855e-05
0.8265 2.16726e-05
0.8275 -1.27678e-05
0.8285 -1.71499e-05
0.8295 3.11036e-05
0.8305 3.23012e-05
0.8315 3.41409e-05
0.8325 1.1051e-05
0.8335 -5.48966e-05
0.8345 2.48839e-05
0.8355 3.22658e-05
0.8365 4.63791e-05
0.8375 3.39835e-05
0.8385 -9.08485e-05
0.8395 1.89693e-05
0.8405 3.22855e-05
0.8415 5.83274e-05
0.8425 5.59023e-05
0.8435 -0.000116737
0.8445 9.38899e-06
0.8455 3.46169e-05
0.8465 6.95658e-05
0.8475 7.67405e-05
0.8485 -0.000126801
0.8495 -5.53409e-06
0.8505 3.70481e-05
0.8515 7.96678e-05
0.8525 9.6372e-05
0.8535 -0.000136728
0.8545 -2.03049e-05
0.8555 3.92137e-05
0.8565 8.93305e-05
0.8575 9.20882e-05
0.8585 -0.000138592
0.8595 -3.31372e-05
0.8605 4.26068e-05
0.8615 9.92683e-05
0.8625 8.68486e-05
0.8635 -0.000135183
0.8645 -4.6556e-05
0.8655 4.61676e-05
0.8665 0.000109068
0.8675 8.20111e-05
0.8685 -0.000127109
0.8695 -6.10167e-05
0.8705 4.96433e-05
0.8715 0.000118659
0.8725 7.75007e-05
0.8735 -0.000119264
0.8745 -7.48143e-05
0.8755 5.35363e-05
0.8765 0.00013015
0.8775 6.74556e-05
0.8785 -0.000111803
0.8795 -8.82031e-05
0.8805 5.75629e-05
0.8815 0.000142145
0.8825 5.59649e-05
0.8835 -0.000104781
0.8845 -0.000101302
0.8855 6.16169e-05
0.8865 0.000154113
0.8875 4.4633e-05
0.8885 -9.82113e-05
0.8895 -0.00011415
0.8905 6.56917e-05
0.8915 0.000166069
0.8925 3.34422e-05
0.8935 -9.21048e-05
0.8945 -0.000126558
0.8955 6.96829e-05
0.8965 0.000177987
0.8975 2.11924e-05
0.8985 -8.60912e-05
0.8995 -0.0001221
0.9005 6.7935e-05
0.9015 0.000173259
0.9025 7.51391e-06
0.9035 -7.79041e-05
0.9045 -0.000117332
0.9055 6.63746e-05
0.9065 0.000163739
0.9075 1.31232e-06
0.9085 -6.96903e-05
0.9095 -0.000112655
0.9105 6.52001e-05
0.9115 0.00015461
0.9125 -3.33042e-06
0.9135 -6.17625e-05
0.9145 -0.000108292
0.9155 6.43937e-05
0.9165 0.000146275
0.9175 -7.65339e-06
0.9185 -5.42105e-05
0.9195 -0.000104305
0.9205 6.39086e-05
0.9215 0.000138707
0.9225 -1.17026e-05
0.9235 -4.7077e-05
0.9245 -0.000100673
0.9255 6.36886e-05
0.9265 0.000131777
0.9275 -1.3952e-05
0.9285 -4.20914e-05
0.9295 -9.24542e-05
0.9305 6.09859e-05
0.9315 0.000125588
0.9325 -1.01436e-05
0.9335 -3.96533e-05
0.9345 -8.34735e-05
0.9355 5.66923e-05
0.9365 0.00012003
0.9375 -6.14548e-06
0.9385 -3.7457e-05
0.9395 -7.45541e-05
0.9405 5.42325e-05
0.9415 0.000110307
0.9425 -2.00895e-06
0.9435 -3.55061e-05
0.9445 -6.57291e-05
0.9455 5.34887e-05
0.9465 9.65526e-05
0.9475 2.1666e-06
0.9485 -3.40165e-05
0.9495 -5.72721e-05
0.9505 4.21072e-05
0.9515 8.69223e-05
0.9525 7.13423e-06
0.9535 -3.23732e-05
0.9545 -4.89101e-05
0.9555 3.08771e-05
0.9565 7.79724e-05
0.9575 1.23932e-05
0.9585 -3.0971e-05
0.9595 -4.07622e-05
0.9605 2.94683e-05
0.9615 6.62147e-05
0.9625 1.71489e-05
0.9635 -3.04209e-05
0.9645 -3.30912e-05
0.9655 2.825e-05
0.9665 5.46194e-05
0.9675 2.17869e-05
0.9685 -3.0393e-05
0.9695 -2.58023e-05
0.9705 2.72015e-05
0.9715 4.32256e-05
0.9725 2.63545e-05
0.9735 -3.08326e-05
0.9745 -1.88917e-05
0.9755 2.62551e-05
0.9765 3.19378e-05
0.9775 3.07672e-05
0.9785 -3.17237e-05
0.9795 -1.24505e-05
0.9805 2.50467e-05
0.9815 2.03026e-05
0.9825 3.19734e-05
0.9835 -2.69332e-05
0.9845 -5.01068e-06
0.9855 2.43387e-05
0.9865 9.16765e-06
0.9875 3.32616e-05
0.9885 -2.39502e-05
0.9895 2.96729e-06
0.9905 2.40962e-05
0.9915 -1.49999e-06
0.9925 3.47012e-05
0.9935 -2.07407e-05
0.9945 1.08978e-05
0.9955 2.41716e-05
0.9965 -1.17629e-05
0.9975 3.64427e-05
0.9985 -1.70154e-05
0.9995 2.01798e-05
