
# time= 5
0.0003125 8.2017e-09
0.0009375 8.90389e-09
0.0015625 9.65869e-09
0.0021875 1.047e-08
0.0028125 1.13419e-08
0.0034375 1.22789e-08
0.0040625 1.32858e-08
0.0046875 1.4368e-08
0.0053125 1.55309e-08
0.0059375 1.67807e-08
0.0065625 1.81237e-08
0.0071875 1.9567e-08
0.0078125 2.11181e-08
0.0084375 2.27849e-08
0.0090625 2.4576e-08
0.0096875 2.65006e-08
0.0103125 2.85685e-08
0.0109375 3.07902e-08
0.0115625 3.31771e-08
0.0121875 3.57411e-08
0.0128125 3.84952e-08
0.0134375 4.1453e-08
0.0140625 4.46294e-08
0.0146875 4.804e-08
0.0153125 5.17016e-08
0.0159375 5.56322e-08
0.0165625 5.9851e-08
0.0171875 6.43784e-08
0.0178125 6.92363e-08
0.0184375 7.44481e-08
0.0190625 8.00386e-08
0.0196875 8.60345e-08
0.0203125 9.24642e-08
0.0209375 9.9358e-08
0.0215625 1.06748e-07
0.0221875 1.14669e-07
0.0228125 1.23157e-07
0.0234375 1.32253e-07
0.0240625 1.41996e-07
0.0246875 1.52433e-07
0.0253125 1.6361e-07
0.0259375 1.75579e-07
0.0265625 1.88392e-07
0.0271875 2.02107e-07
0.0278125 2.16786e-07
0.0284375 2.32494e-07
0.0290625 2.49299e-07
0.0296875 2.67275e-07
0.0303125 2.86501e-07
0.0309375 3.07061e-07
0.0315625 3.29043e-07
0.0321875 3.52541e-07
0.0328125 3.77657e-07
0.0334375 4.04496e-07
0.0340625 4.33173e-07
0.0346875 4.63808e-07
0.0353125 4.96529e-07
0.0359375 5.31472e-07
0.0365625 5.68783e-07
0.0371875 6.08615e-07
0.0378125 6.51131e-07
0.0384375 6.96505e-07
0.0390625 7.4492e-07
0.0396875 7.96572e-07
0.0403125 8.51667e-07
0.0409375 9.10427e-07
0.0415625 9.73083e-07
0.0421875 1.03988e-06
0.0428125 1.11109e-06
0.0434375 1.18698e-06
0.0440625 1.26785e-06
0.0446875 1.35401e-06
0.0453125 1.44579e-06
0.0459375 1.54355e-06
0.0465625 1.64765e-06
0.0471875 1.75849e-06
0.0478125 1.87648e-06
0.0484375 2.00206e-06
0.0490625 2.1357e-06
0.0496875 2.2779e-06
0.0503125 2.42917e-06
0.0509375 2.59007e-06
0.0515625 2.76118e-06
0.0521875 2.94313e-06
0.0528125 3.13655e-06
0.0534375 3.34215e-06
0.0540625 3.56065e-06
0.0546875 3.79283e-06
0.0553125 4.03949e-06
0.0559375 4.30151e-06
0.0565625 4.57977e-06
0.0571875 4.87526e-06
0.0578125 5.18897e-06
0.0584375 5.52198e-06
0.0590625 5.87542e-06
0.0596875 6.25047e-06
0.0603125 6.64839e-06
0.0609375 7.07051e-06
0.0615625 7.51821e-06
0.0621875 7.99298e-06
0.0628125 8.49635e-06
0.0634375 9.02998e-06
0.0640625 9.59558e-06
0.0646875 1.0195e-05
0.0653125 1.083e-05
0.0659375 1.15028e-05
0.0665625 1.22154e-05
0.0671875 1.29701e-05
0.0678125 1.37692e-05
0.0684375 1.46152e-05
0.0690625 1.55106e-05
0.0696875 1.64583e-05
0.0703125 1.74611e-05
0.0709375 1.85219e-05
0.0715625 1.96441e-05
0.0721875 2.08309e-05
0.0728125 2.20859e-05
0.0734375 2.34127e-05
0.0740625 2.48152e-05
0.0746875 2.62975e-05
0.0753125 2.78638e-05
0.0759375 2.95188e-05
0.0765625 3.1267e-05
0.0771875 3.31134e-05
0.0778125 3.50632e-05
0.0784375 3.71218e-05
0.0790625 3.9295e-05
0.0796875 4.15887e-05
0.0803125 4.40093e-05
0.0809375 4.65633e-05
0.0815625 4.92576e-05
0.0821875 5.20994e-05
0.0828125 5.50963e-05
0.0834375 5.82562e-05
0.0840625 6.15875e-05
0.0846875 6.50989e-05
0.0853125 6.87993e-05
0.0859375 7.26985e-05
0.0865625 7.68063e-05
0.0871875 8.11333e-05
0.0878125 8.56902e-05
0.0884375 9.04886e-05
0.0890625 9.55403e-05
0.0896875 0.000100858
0.0903125 0.000106454
0.0909375 0.000112343
0.0915625 0.000118539
0.0921875 0.000125056
0.0928125 0.000131911
0.0934375 0.000139119
0.0940625 0.000146697
0.0946875 0.000154663
0.0953125 0.000163036
0.0959375 0.000171835
0.0965625 0.000181079
0.0971875 0.00019079
0.0978125 0.00020099
0.0984375 0.000211701
0.0990625 0.000222947
0.0996875 0.000234753
0.100312 0.000247144
0.100937 0.000260148
0.101562 0.000273792
0.102188 0.000288106
0.102813 0.000303119
0.103438 0.000318864
0.104063 0.000335373
0.104687 0.00035268
0.105312 0.000370821
0.105937 0.000389833
0.106562 0.000409754
0.107187 0.000430623
0.107812 0.000452484
0.108437 0.000475378
0.109062 0.00049935
0.109687 0.000524448
0.110312 0.000550719
0.110937 0.000578213
0.111562 0.000606983
0.112187 0.000637082
0.112812 0.000668567
0.113437 0.000701496
0.114062 0.000735929
0.114687 0.000771929
0.115312 0.00080956
0.115937 0.00084889
0.116562 0.000889989
0.117188 0.000932928
0.117813 0.000977783
0.118438 0.00102463
0.119063 0.00107355
0.119688 0.00112463
0.120312 0.00117795
0.120937 0.0012336
0.121562 0.00129167
0.122187 0.00135226
0.122812 0.00141546
0.123437 0.00148139
0.124062 0.00155013
0.124687 0.00162181
0.125312 0.00169653
0.125938 0.00177441
0.126562 0.00185557
0.127188 0.00194013
0.127812 0.00202822
0.128437 0.00211998
0.129062 0.00221553
0.129687 0.00231501
0.130312 0.00241858
0.130937 0.00252638
0.131562 0.00263856
0.132187 0.00275529
0.132812 0.00287672
0.133437 0.00300302
0.134063 0.00313437
0.134687 0.00327094
0.135313 0.00341291
0.135937 0.00356049
0.136563 0.00371385
0.137187 0.0038732
0.137813 0.00403874
0.138437 0.00421068
0.139063 0.00438925
0.139687 0.00457466
0.140313 0.00476715
0.140937 0.00496694
0.141563 0.00517428
0.142187 0.00538941
0.142813 0.0056126
0.143437 0.0058441
0.144063 0.00608418
0.144687 0.00633311
0.145312 0.00659118
0.145937 0.00685867
0.146562 0.00713588
0.147187 0.00742312
0.147812 0.00772068
0.148438 0.0080289
0.149062 0.00834809
0.149688 0.00867859
0.150312 0.00902074
0.150938 0.00937488
0.151562 0.00974138
0.152188 0.0101206
0.152812 0.0105129
0.153438 0.0109187
0.154062 0.0113383
0.154688 0.0117722
0.155312 0.0122208
0.155938 0.0126844
0.156562 0.0131635
0.157188 0.0136585
0.157812 0.01417
0.158438 0.0146982
0.159062 0.0152437
0.159688 0.0158069
0.160312 0.0163883
0.160937 0.0169884
0.161562 0.0176077
0.162187 0.0182467
0.162812 0.0189058
0.163437 0.0195857
0.164062 0.0202867
0.164687 0.0210096
0.165313 0.0217547
0.165937 0.0225227
0.166563 0.023314
0.167187 0.0241294
0.167813 0.0249693
0.168437 0.0258343
0.169063 0.0267251
0.169687 0.0276422
0.170313 0.0285862
0.170937 0.0295578
0.171563 0.0305575
0.172187 0.0315861
0.172813 0.0326441
0.173437 0.0337321
0.174063 0.0348509
0.174687 0.0360012
0.175313 0.0371834
0.175937 0.0383984
0.176562 0.0396468
0.177187 0.0409293
0.177812 0.0422466
0.178437 0.0435994
0.179062 0.0449884
0.179688 0.0464142
0.180312 0.0478776
0.180938 0.0493794
0.181562 0.0509202
0.182188 0.0525008
0.182812 0.0541218
0.183438 0.055784
0.184062 0.0574882
0.184688 0.0592351
0.185312 0.0610253
0.185938 0.0628598
0.186562 0.0647391
0.187188 0.066664
0.187812 0.0686353
0.188438 0.0706537
0.189062 0.0727199
0.189688 0.0748347
0.190312 0.0769988
0.190938 0.079213
0.191562 0.0814779
0.192188 0.0837943
0.192812 0.086163
0.193437 0.0885845
0.194062 0.0910597
0.194687 0.0935893
0.195312 0.0961739
0.195937 0.0988143
0.196563 0.101511
0.197187 0.104265
0.197813 0.107077
0.198437 0.109947
0.199063 0.112876
0.199687 0.115865
0.200313 0.118914
0.200937 0.122024
0.201563 0.125196
0.202187 0.128429
0.202813 0.131726
0.203437 0.135086
0.204063 0.138509
0.204687 0.141997
0.205313 0.14555
0.205937 0.149168
0.206563 0.152852
0.207187 0.156602
0.207813 0.160419
0.208437 0.164302
0.209062 0.168254
0.209687 0.172273
0.210312 0.17636
0.210938 0.180515
0.211562 0.18474
0.212188 0.189033
0.212812 0.193396
0.213438 0.197828
0.214062 0.202329
0.214688 0.206901
0.215312 0.211542
0.215938 0.216253
0.216562 0.221035
0.217188 0.225886
0.217812 0.230808
0.218438 0.235799
0.219062 0.24086
0.219688 0.245992
0.220312 0.251193
0.220938 0.256463
0.221562 0.261803
0.222188 0.267211
0.222812 0.272689
0.223438 0.278235
0.224062 0.283849
0.224687 0.28953
0.225312 0.295279
0.225937 0.301094
0.226562 0.306975
0.227187 0.312922
0.227813 0.318934
0.228437 0.325011
0.229063 0.33115
0.229687 0.337353
0.230313 0.343618
0.230937 0.349943
0.231563 0.35633
0.232187 0.362775
0.232813 0.369279
0.233437 0.37584
0.234063 0.382458
0.234687 0.389131
0.235313 0.395858
0.235937 0.402638
0.236563 0.409469
0.237187 0.416351
0.237813 0.423282
0.238437 0.430261
0.239063 0.437285
0.239687 0.444355
0.240312 0.451467
0.240937 0.458622
0.241562 0.465816
0.242188 0.473049
0.242812 0.480319
0.243438 0.487623
0.244062 0.494961
0.244688 0.50233
0.245312 0.509729
0.245938 0.517155
0.246562 0.524607
0.247188 0.532083
0.247812 0.539581
0.248438 0.547098
0.249062 0.554632
0.249688 0.562182
0.250312 0.569745
0.250937 0.577319
0.251563 0.584902
0.252188 0.592492
0.252812 0.600085
0.253437 0.60768
0.254063 0.615275
0.254688 0.622867
0.255312 0.630454
0.255937 0.638032
0.256562 0.6456
0.257188 0.653156
0.257812 0.660696
0.258437 0.668218
0.259062 0.67572
0.259688 0.683198
0.260313 0.690651
0.260937 0.698076
0.261562 0.70547
0.262188 0.71283
0.262813 0.720154
0.263437 0.727439
0.264062 0.734682
0.264688 0.741881
0.265313 0.749033
0.265937 0.756135
0.266562 0.763185
0.267188 0.77018
0.267813 0.777117
0.268437 0.783993
0.269062 0.790806
0.269688 0.797553
0.270313 0.804232
0.270937 0.81084
0.271562 0.817373
0.272188 0.82383
0.272813 0.830208
0.273438 0.836504
0.274062 0.842716
0.274687 0.848841
0.275313 0.854876
0.275938 0.860819
0.276562 0.866668
0.277187 0.87242
0.277813 0.878072
0.278438 0.883623
0.279062 0.889069
0.279687 0.894408
0.280313 0.899639
0.280938 0.904759
0.281562 0.909765
0.282187 0.914656
0.282813 0.919429
0.283438 0.924082
0.284062 0.928614
0.284687 0.933021
0.285313 0.937303
0.285938 0.941457
0.286562 0.945481
0.287187 0.949374
0.287813 0.953133
0.288438 0.956758
0.289062 0.960247
0.289687 0.963597
0.290312 0.966808
0.290938 0.969877
0.291563 0.972804
0.292187 0.975588
0.292812 0.978226
0.293438 0.980718
0.294063 0.983062
0.294687 0.985258
0.295312 0.987305
0.295938 0.989201
0.296563 0.990946
0.297187 0.992538
0.297812 0.993978
0.298438 0.995264
0.299063 0.996397
0.299687 0.997374
0.300312 0.998197
0.300938 0.998864
0.301563 0.999375
0.302187 0.99973
0.302812 0.999929
0.303438 0.999972
0.304063 0.999859
0.304688 0.99959
0.305312 0.999164
0.305937 0.998583
0.306563 0.997846
0.307188 0.996954
0.307812 0.995908
0.308437 0.994707
0.309063 0.993352
0.309688 0.991845
0.310312 0.990185
0.310937 0.988373
0.311563 0.986411
0.312188 0.984299
0.312812 0.982039
0.313437 0.97963
0.314063 0.977075
0.314688 0.974375
0.315312 0.97153
0.315937 0.968543
0.316563 0.965414
0.317188 0.962146
0.317812 0.958738
0.318437 0.955194
0.319063 0.951515
0.319688 0.947702
0.320312 0.943756
0.320937 0.939681
0.321562 0.935478
0.322188 0.931148
0.322813 0.926694
0.323437 0.922117
0.324062 0.91742
0.324688 0.912604
0.325313 0.907673
0.325937 0.902627
0.326562 0.897469
0.327188 0.892202
0.327813 0.886828
0.328437 0.881348
0.329062 0.875766
0.329688 0.870084
0.330313 0.864304
0.330937 0.858429
0.331562 0.852461
0.332188 0.846402
0.332813 0.840256
0.333437 0.834024
0.334062 0.82771
0.334688 0.821316
0.335313 0.814844
0.335938 0.808297
0.336562 0.801679
0.337187 0.79499
0.337813 0.788235
0.338438 0.781415
0.339062 0.774534
0.339687 0.767594
0.340313 0.760598
0.340938 0.753549
0.341562 0.746448
0.342187 0.7393
0.342813 0.732106
0.343438 0.724869
0.344062 0.717592
0.344687 0.710278
0.345313 0.702929
0.345938 0.695548
0.346562 0.688137
0.347187 0.680699
0.347813 0.673237
0.348438 0.665754
0.349062 0.658251
0.349687 0.650732
0.350313 0.643198
0.350938 0.635653
0.351562 0.628099
0.352187 0.620538
0.352812 0.612973
0.353438 0.605406
0.354063 0.59784
0.354687 0.590276
0.355312 0.582718
0.355938 0.575167
0.356563 0.567626
0.357187 0.560096
0.357812 0.552581
0.358438 0.545082
0.359063 0.537601
0.359687 0.53014
0.360312 0.522702
0.360938 0.515288
0.361563 0.507901
0.362187 0.500542
0.362812 0.493212
0.363438 0.485915
0.364063 0.478651
0.364687 0.471423
0.365312 0.464232
0.365938 0.457079
0.366563 0.449967
0.367188 0.442897
0.367812 0.43587
0.368437 0.428889
0.369063 0.421953
0.369688 0.415066
0.370312 0.408227
0.370937 0.401439
0.371563 0.394703
0.372188 0.388019
0.372812 0.38139
0.373437 0.374815
0.374063 0.368297
0.374688 0.361836
0.375312 0.355434
0.375937 0.34909
0.376563 0.342807
0.377188 0.336584
0.377812 0.330424
0.378437 0.324325
0.379063 0.31829
0.379688 0.312319
0.380312 0.306413
0.380937 0.300571
0.381563 0.294795
0.382188 0.289086
0.382812 0.283443
0.383437 0.277867
0.384063 0.272359
0.384688 0.266919
0.385313 0.261546
0.385937 0.256242
0.386562 0.251007
0.387188 0.245841
0.387813 0.240744
0.388437 0.235716
0.389062 0.230757
0.389688 0.225868
0.390313 0.221048
0.390937 0.216297
0.391562 0.211616
0.392188 0.207004
0.392813 0.202461
0.393437 0.197988
0.394062 0.193583
0.394688 0.189247
0.395313 0.184979
0.395937 0.18078
0.396562 0.176648
0.397188 0.172585
0.397813 0.168589
0.398438 0.164659
0.399062 0.160797
0.399688 0.157001
0.400313 0.153271
0.400938 0.149606
0.401562 0.146006
0.402187 0.142471
0.402813 0.139
0.403438 0.135593
0.404062 0.132249
0.404687 0.128967
0.405313 0.125747
0.405938 0.122589
0.406562 0.119491
0.407187 0.116454
0.407813 0.113477
0.408438 0.110559
0.409062 0.107699
0.409687 0.104896
0.410313 0.102151
0.410938 0.0994626
0.411562 0.0968297
0.412187 0.094252
0.412813 0.0917286
0.413438 0.0892591
0.414062 0.0868426
0.414687 0.0844786
0.415313 0.0821662
0.415938 0.0799049
0.416563 0.0776939
0.417187 0.0755324
0.417812 0.0734197
0.418438 0.0713551
0.419063 0.0693378
0.419687 0.0673671
0.420312 0.0654422
0.420938 0.0635624
0.421563 0.061727
0.422187 0.0599353
0.422812 0.0581867
0.423438 0.0564804
0.424063 0.0548158
0.424687 0.0531923
0.425312 0.051609
0.425938 0.0500653
0.426563 0.0485603
0.427187 0.0470933
0.427812 0.0456635
0.428438 0.0442701
0.429063 0.0429124
0.429688 0.0415896
0.430312 0.0403011
0.430938 0.0390464
0.431563 0.0378248
0.432188 0.0366359
0.432812 0.0354791
0.433437 0.0343539
0.434063 0.0332598
0.434688 0.032196
0.435312 0.0311617
0.435937 0.0301563
0.436563 0.0291788
0.437188 0.0282284
0.437812 0.0273042
0.438437 0.0264055
0.439063 0.0255316
0.439688 0.0246821
0.440312 0.0238567
0.440937 0.0230551
0.441563 0.0222772
0.442188 0.0215229
0.442812 0.0207919
0.443437 0.020084
0.444063 0.0193985
0.444688 0.0187347
0.445312 0.0180915
0.445937 0.0174678
0.446563 0.0168626
0.447188 0.0162745
0.447813 0.0157026
0.448437 0.0151464
0.449062 0.0146054
0.449688 0.0140799
0.450313 0.01357
0.450937 0.0130767
0.451562 0.0126004
0.452188 0.0121419
0.452813 0.0117014
0.453437 0.0112788
0.454062 0.0108733
0.454688 0.0104837
0.455313 0.010108
0.455937 0.00974422
0.456562 0.00939006
0.457188 0.00904358
0.457813 0.00870333
0.458437 0.00836865
0.459062 0.00803978
0.459688 0.00771793
0.460313 0.00740509
0.460938 0.00710379
0.461562 0.00681669
0.462188 0.00654611
0.462813 0.00629358
0.463438 0.00605948
0.464062 0.00584273
0.464687 0.00564082
0.465313 0.00544995
0.465938 0.00526544
0.466562 0.00508234
0.467187 0.00489611
0.467813 0.00470331
0.468438 0.00450226
0.469062 0.00429345
0.469687 0.00407965
0.470313 0.00386573
0.470938 0.00365814
0.471562 0.00346403
0.472187 0.00329031
0.472813 0.0031425
0.473438 0.00302375
0.474062 0.0029341
0.474687 0.0028701
0.475313 0.00282493
0.475938 0.00278898
0.476562 0.00275096
0.477187 0.00269929
0.477813 0.0026237
0.478438 0.00251685
0.479063 0.00237561
0.479687 0.00220194
0.480312 0.00200308
0.480938 0.00179113
0.481563 0.00158174
0.482187 0.00139238
0.482812 0.00124004
0.483438 0.00113887
0.484063 0.00109794
0.484687 0.00111953
0.485312 0.00119811
0.485938 0.00132035
0.486563 0.00146611
0.487187 0.00161042
0.487812 0.00172639
0.488438 0.00178843
0.489063 0.00177579
0.489687 0.00167563
0.490312 0.00148543
0.490938 0.00121424
0.491563 0.000882547
0.492188 0.000520742
0.492812 0.000166124
0.493438 -0.000141147
0.494063 -0.000362826
0.494688 -0.000467502
0.495312 -0.000435072
0.495938 -0.0002602
0.496563 4.57588e-05
0.497188 0.000454703
0.497812 0.000923744
0.498437 0.0013991
0.499063 0.00182156
0.499688 0.0021331
0.500313 0.00228371
0.500938 0.002238
0.501563 0.00198039
0.502188 0.00151857
0.502813 0.000884434
0.503438 0.000132347
0.504063 -0.000665255
0.504688 -0.00142464
0.505313 -0.00205928
0.505938 -0.0024893
0.506563 -0.00265079
0.507188 -0.00250406
0.507813 -0.00203976
0.508438 -0.00128216
0.509063 -0.000288995
0.509688 0.000852315
0.510313 0.00203179
0.510938 0.00312692
0.511563 0.00401463
0.512188 0.00458409
0.512813 0.00474902
0.513438 0.00445826
0.514063 0.00370337
0.514688 0.00252238
0.515313 0.000999058
0.515938 -0.00074249
0.516563 -0.00254747
0.517188 -0.0042437
0.517813 -0.00565736
0.518438 -0.00662981
0.519063 -0.00703381
0.519688 -0.00678771
0.520313 -0.00586599
0.520938 -0.00430509
0.521563 -0.0022037
0.522188 0.000282698
0.522813 0.00295286
0.523438 0.00557557
0.524063 0.00790891
0.524688 0.00972151
0.525313 0.0108138
0.525938 0.0110375
0.526563 0.0103116
0.527188 0.00863284
0.527813 0.00608027
0.528438 0.00281281
0.529063 -0.00094024
0.529688 -0.00489496
0.530313 -0.00873388
0.530938 -0.0121307
0.531563 -0.0147768
0.532188 -0.0164073
0.532813 -0.0168247
0.533438 -0.0159178
0.534063 -0.0136745
0.534688 -0.0101875
0.535313 -0.00565173
0.535938 -0.000353356
0.536563 0.00534785
0.537188 0.0110429
0.537813 0.0163026
0.538438 0.0207083
0.539063 0.023884
0.539688 0.0255251
0.540313 0.0254236
0.540938 0.0234865
0.541563 0.0197472
0.542188 0.0143673
0.542813 0.00763021
0.543438 -7.43434e-05
0.544063 -0.00827314
0.544688 -0.0164389
0.545313 -0.0240238
0.545938 -0.0304951
0.546563 -0.0353709
0.547188 -0.0382528
0.547813 -0.0388539
0.548438 -0.0370205
0.549063 -0.0327456
0.549688 -0.0261729
0.550313 -0.0175926
0.550938 -0.00742714
0.551563 0.00379091
0.552188 0.0154477
0.552813 0.0268821
0.553438 0.0374236
0.554063 0.0464297
0.554688 0.0533238
0.555313 0.057628
0.555938 0.0589919
0.556563 0.0572139
0.557188 0.0522545
0.557813 0.0442414
0.558438 0.0334651
0.559063 0.0203663
0.559688 0.0055156
0.560313 -0.0104139
0.560938 -0.0266785
0.561563 -0.0425
0.562188 -0.0571025
0.562813 -0.06975
0.563438 -0.0797808
0.564063 -0.0866389
0.564688 -0.0899
0.565313 -0.0892913
0.565938 -0.0847038
0.566563 -0.076198
0.567188 -0.0640015
0.567813 -0.0484995
0.568438 -0.0302185
0.569063 -0.00980515
0.569688 0.0120004
0.570313 0.0343938
0.570938 0.0565385
0.571563 0.0775971
0.572188 0.0967635
0.572813 0.113292
0.573438 0.126522
0.574063 0.135905
0.574688 0.141016
0.575313 0.141572
0.575938 0.137436
0.576563 0.128621
0.577188 0.115284
0.577813 0.0977215
0.578438 0.0763564
0.579063 0.0517216
0.579688 0.0244423
0.580313 -0.00478448
0.580938 -0.0352118
0.581563 -0.0660644
0.582188 -0.0965613
0.582813 -0.125936
0.583438 -0.153454
0.584063 -0.178436
0.584688 -0.200263
0.585313 -0.218398
0.585938 -0.232389
0.586563 -0.241877
0.587188 -0.246599
0.587813 -0.246392
0.588438 -0.241185
0.589063 -0.230999
0.589688 -0.215943
0.590313 -0.1962
0.590938 -0.172024
0.591563 -0.143728
0.592188 -0.111673
0.592813 -0.0762587
0.593438 -0.0379134
0.594063 0.0029179
0.594688 0.0457816
0.595313 0.0902248
0.595938 0.135804
0.596563 0.182089
0.597188 0.228675
0.597813 0.275182
0.598438 0.32126
0.599063 0.366592
0.599688 0.410899
0.600313 0.453935
0.600938 0.495493
0.601563 0.5354
0.602188 0.573519
0.602813 0.609746
0.603438 0.644007
0.604063 0.676257
0.604688 0.706477
0.605313 0.734673
0.605938 0.760868
0.606563 0.785106
0.607188 0.807443
0.607813 0.827949
0.608438 0.846704
0.609063 0.863794
0.609688 0.879311
0.610313 0.893351
0.610938 0.906011
0.611563 0.917388
0.612188 0.92758
0.612813 0.936679
0.613438 0.944777
0.614063 0.951963
0.614688 0.958319
0.615313 0.963924
0.615938 0.968853
0.616563 0.973174
0.617188 0.976952
0.617813 0.980246
0.618438 0.983109
0.619063 0.985592
0.619688 0.987739
0.620313 0.98959
0.620938 0.991182
0.621563 0.992548
0.622188 0.993717
0.622813 0.994714
0.623438 0.995563
0.624063 0.996284
0.624688 0.996894
0.625313 0.99741
0.625938 0.997844
0.626563 0.998209
0.627188 0.998516
0.627813 0.998773
0.628438 0.998987
0.629063 0.999167
0.629688 0.999316
0.630313 0.99944
0.630938 0.999543
0.631563 0.999627
0.632188 0.999697
0.632813 0.999754
0.633438 0.9998
0.634063 0.999838
0.634688 0.999868
0.635313 0.999892
0.635938 0.999911
0.636563 0.999927
0.637188 0.999941
0.637813 0.999952
0.638438 0.999962
0.639063 0.999971
0.639688 0.999979
0.640313 0.999986
0.640938 0.999992
0.641563 0.999996
0.642188 0.999998
0.642813 0.999999
0.643438 0.999998
0.644063 0.999996
0.644688 0.999993
0.645313 0.99999
0.645938 0.999987
0.646563 0.999986
0.647188 0.999987
0.647813 0.99999
0.648438 0.999995
0.649063 1
0.649688 1.00001
0.650313 1.00001
0.650938 1.00002
0.651563 1.00002
0.652188 1.00002
0.652813 1.00001
0.653438 1.00001
0.654063 0.999996
0.654688 0.999985
0.655313 0.999975
0.655938 0.999967
0.656563 0.999964
0.657188 0.999967
0.657813 0.999975
0.658438 0.999988
0.659063 1.00001
0.659688 1.00002
0.660313 1.00004
0.660938 1.00005
0.661563 1.00006
0.662188 1.00006
0.662813 1.00004
0.663438 1.00002
0.664063 0.999995
0.664688 0.999965
0.665313 0.999936
0.665938 0.999913
0.666563 0.999901
0.667188 0.999903
0.667813 0.999919
0.668438 0.99995
0.669063 0.999993
0.669688 1.00004
0.670313 1.00009
0.670938 1.00013
0.671563 1.00016
0.672188 1.00017
0.672813 1.00015
0.673438 1.00011
0.674063 1.00004
0.674688 0.999968
0.675313 0.999887
0.675938 0.999813
0.676563 0.999757
0.677188 0.999729
0.677813 0.999736
0.678438 0.999781
0.679063 0.999863
0.679688 0.999973
0.680313 1.0001
0.680938 1.00023
0.681563 1.00034
0.682188 1.00042
0.682813 1.00045
0.683438 1.00042
0.684063 1.00033
0.684688 1.00019
0.685313 1
0.685938 0.999799
0.686563 0.999599
0.687188 0.999429
0.687813 0.999315
0.688438 0.999278
0.689063 0.999331
0.689688 0.999476
0.690313 0.999703
0.690938 0.999993
0.691563 1.00032
0.692188 1.00063
0.692813 1.0009
0.693438 1.00109
0.694063 1.00116
0.694688 1.0011
0.695313 1.00089
0.695938 1.00055
0.696563 1.00012
0.697188 0.999622
0.697813 0.999121
0.698438 0.998674
0.699063 0.998339
0.699688 0.998166
0.700313 0.99819
0.700938 0.998427
0.701563 0.998869
0.702188 0.999485
0.702813 1.00022
0.703438 1.001
0.704063 1.00174
0.704688 1.00236
0.705313 1.00278
0.705938 1.00292
0.706563 1.00276
0.707188 1.00229
0.707813 1.00152
0.708438 1.00051
0.709063 0.99936
0.709688 0.99817
0.710313 0.997065
0.710938 0.996168
0.711563 0.995589
0.712188 0.995415
0.712813 0.995698
0.713438 0.996445
0.714063 0.997618
0.714688 0.999134
0.715313 1.00087
0.715938 1.00267
0.716563 1.00436
0.717188 1.00577
0.717813 1.00673
0.718438 1.00713
0.719063 1.00688
0.719688 1.00595
0.720313 1.00439
0.720938 1.00228
0.721563 0.999792
0.722188 0.997118
0.722813 0.994491
0.723438 0.992154
0.724063 0.990338
0.724688 0.989243
0.725313 0.989016
0.725938 0.989739
0.726563 0.991415
0.727188 0.993965
0.727813 0.99723
0.728438 1.00098
0.729063 1.00493
0.729688 1.00877
0.730313 1.01217
0.730938 1.01481
0.731563 1.01644
0.732188 1.01685
0.732813 1.01595
0.733438 1.0137
0.734063 1.01021
0.734688 1.00567
0.735313 1.00038
0.735938 0.994673
0.736563 0.988976
0.737188 0.983716
0.737813 0.979309
0.738438 0.976132
0.739063 0.97449
0.739688 0.974591
0.740313 0.976527
0.740938 0.980266
0.741563 0.985645
0.742188 0.992381
0.742813 1.00009
0.743438 1.00828
0.744063 1.01645
0.744688 1.02403
0.745313 1.0305
0.745938 1.03538
0.746563 1.03826
0.747188 1.03886
0.747813 1.03703
0.748438 1.03275
0.749063 1.02618
0.749688 1.0176
0.750313 1.00743
0.750938 0.996214
0.751563 0.984557
0.752188 0.973122
0.752813 0.962581
0.753438 0.953574
0.754063 0.94668
0.754688 0.942375
0.755313 0.941011
0.755938 0.942789
0.756563 0.947748
0.757188 0.955761
0.757813 0.966537
0.758438 0.979636
0.759063 0.994487
0.759688 1.01042
0.760313 1.02668
0.760938 1.0425
0.761563 1.0571
0.762188 1.06975
0.762813 1.07978
0.763438 1.08664
0.764063 1.0899
0.764688 1.08929
0.765313 1.0847
0.765938 1.0762
0.766563 1.064
0.767188 1.0485
0.767813 1.03022
0.768438 1.00981
0.769063 0.988
0.769688 0.965607
0.770313 0.943462
0.770938 0.922404
0.771563 0.903237
0.772188 0.886709
0.772813 0.873479
0.773438 0.864096
0.774063 0.858985
0.774688 0.858428
0.775313 0.862564
0.775938 0.871379
0.776563 0.884717
0.777188 0.902279
0.777813 0.923644
0.778438 0.948279
0.779063 0.975558
0.779688 1.00478
0.780313 1.03521
0.780938 1.06606
0.781563 1.09656
0.782188 1.12594
0.782813 1.15345
0.783438 1.17844
0.784063 1.20026
0.784688 1.2184
0.785313 1.23239
0.785938 1.24188
0.786563 1.2466
0.787188 1.24639
0.787813 1.24118
0.788438 1.231
0.789063 1.21594
0.789688 1.1962
0.790313 1.17202
0.790938 1.14373
0.791563 1.11167
0.792188 1.07626
0.792813 1.03791
0.793438 0.997082
0.794063 0.954218
0.794688 0.909775
0.795313 0.864197
0.795938 0.817911
0.796563 0.771325
0.797188 0.724818
0.797813 0.67874
0.798438 0.633408
0.799063 0.589101
0.799688 0.546065
0.800313 0.504507
0.800938 0.4646
0.801563 0.426481
0.802188 0.390254
0.802813 0.355993
0.803438 0.323743
0.804063 0.293523
0.804688 0.265327
0.805313 0.239132
0.805938 0.214894
0.806563 0.192557
0.807188 0.172051
0.807813 0.153296
0.808438 0.136206
0.809063 0.120689
0.809688 0.106649
0.810313 0.0939888
0.810938 0.0826115
0.811563 0.0724205
0.812188 0.0633215
0.812813 0.0552231
0.813438 0.0480376
0.814063 0.0416815
0.814688 0.036076
0.815313 0.031147
0.815938 0.0268254
0.816563 0.0230473
0.817188 0.0197536
0.817813 0.0168901
0.818438 0.0144076
0.819063 0.0122611
0.819688 0.01041
0.820313 0.00881807
0.820938 0.00745244
0.821563 0.00628399
0.822188 0.00528679
0.822813 0.00443789
0.823438 0.00371702
0.824063 0.00310639
0.824688 0.00259039
0.825313 0.00215541
0.825938 0.00178961
0.826563 0.0014827
0.827188 0.00122582
0.827813 0.0010113
0.828438 0.000832567
0.829063 0.000683995
0.829688 0.000560772
0.830313 0.000458801
0.830938 0.000374605
0.831563 0.000305238
0.832188 0.000248213
0.832813 0.000201437
0.833438 0.000163149
0.834063 0.000131876
0.834688 0.000106387
0.835313 8.56562e-05
0.835938 6.88304e-05
0.836563 5.52023e-05
0.837188 4.4187e-05
0.837813 3.53019e-05
0.838438 2.81494e-05
0.839063 2.24035e-05
0.839688 1.77967e-05
0.840313 1.41105e-05
0.840938 1.1167e-05
0.841563 8.82098e-06
0.842188 6.95492e-06
0.842813 5.4735e-06
0.843438 4.29971e-06
0.844063 3.37147e-06
0.844688 2.63881e-06
0.845313 2.06162e-06
0.845938 1.60778e-06
0.846563 1.25159e-06
0.847188 9.72576e-07
0.847813 7.54413e-07
0.848438 5.84151e-07
0.849063 4.51516e-07
0.849688 3.48383e-07
0.850313 2.68337e-07
0.850938 2.06322e-07
0.851563 1.58364e-07
0.852188 1.21343e-07
0.852813 9.28168e-08
0.853438 7.08747e-08
0.854063 5.40272e-08
0.854688 4.11144e-08
0.855313 3.12347e-08
0.855938 2.3689e-08
0.856563 1.79359e-08
0.857188 1.35572e-08
0.857813 1.02304e-08
0.858438 7.70703e-09
0.859063 5.79642e-09
0.859688 4.35224e-09
0.860313 3.26248e-09
0.860938 2.44157e-09
0.861563 1.82422e-09
0.862188 1.36075e-09
0.862813 1.01339e-09
0.863438 7.53487e-10
0.864063 5.59355e-10
0.864688 4.14587e-10
0.865313 3.06809e-10
0.865938 2.26695e-10
0.866563 1.67236e-10
0.867188 1.2317e-10
0.867813 9.05574e-11
0.868438 6.64527e-11
0.869063 4.86604e-11
0.869688 3.55468e-11
0.870313 2.58994e-11
0.870938 1.88198e-11
0.871563 1.3643e-11
0.872188 9.87644e-12
0.872813 7.15442e-12
0.873438 5.20396e-12
0.874063 3.81973e-12
0.874688 2.84581e-12
0.875313 2.16282e-12
0.875938 1.67901e-12
0.876563 1.32435e-12
0.877188 1.04668e-12
0.877813 8.09212e-13
0.878438 5.8866e-13
0.879063 3.73673e-13
0.879688 1.6305e-13
0.880313 -3.63683e-14
0.880938 -2.12237e-13
0.881563 -3.49592e-13
0.882188 -4.33883e-13
0.882813 -4.53901e-13
0.883438 -4.04267e-13
0.884063 -2.87193e-13
0.884688 -1.13255e-13
0.885313 9.89686e-14
0.885938 3.24415e-13
0.886563 5.34096e-13
0.887188 6.98429e-13
0.887813 7.90961e-13
0.888438 7.92039e-13
0.889063 6.91927e-13
0.889688 4.92936e-13
0.890313 2.10207e-13
0.890938 -1.29062e-13
0.891563 -4.87957e-13
0.892188 -8.23613e-13
0.892813 -1.09202e-12
0.893438 -1.25336e-12
0.894063 -1.27727e-12
0.894688 -1.14737e-12
0.895313 -8.64471e-13
0.895938 -4.47891e-13
0.896563 6.52563e-14
0.897188 6.23016e-13
0.897813 1.16352e-12
0.898438 1.62148e-12
0.899063 1.93553e-12
0.899688 2.05572e-12
0.900313 1.95022e-12
0.900938 1.61041e-12
0.901563 1.05374e-12
0.902188 3.23782e-13
0.902813 -5.12673e-13
0.903438 -1.37128e-12
0.904063 -2.15823e-12
0.904688 -2.77991e-12
0.905313 -3.15322e-12
0.905938 -3.21548e-12
0.906563 -2.93273e-12
0.907188 -2.30552e-12
0.907813 -1.37137e-12
0.908438 -2.03394e-13
0.909063 1.09483e-12
0.909688 2.39804e-12
0.910313 3.57085e-12
0.910938 4.4811e-12
0.911563 5.01366e-12
0.912188 5.08342e-12
0.912813 4.64599e-12
0.913438 3.70481e-12
0.914063 2.3141e-12
0.914688 5.7671e-13
0.915313 -1.36284e-12
0.915938 -3.32988e-12
0.916563 -5.13465e-12
0.917188 -6.5897e-12
0.917813 -7.52805e-12
0.918438 -7.82031e-12
0.919063 -7.3892e-12
0.919688 -6.21997e-12
0.920313 -4.36544e-12
0.920938 -1.94511e-12
0.921563 8.61936e-13
0.922188 3.82991e-12
0.922813 6.70408e-12
0.923438 9.22198e-12
0.924063 1.11363e-11
0.924688 1.22377e-11
0.925313 1.23749e-11
0.925938 1.14711e-11
0.926563 9.53463e-12
0.927188 6.66242e-12
0.927813 3.03656e-12
0.928438 -1.08673e-12
0.929063 -5.39474e-12
0.929688 -9.54123e-12
0.930313 -1.31731e-11
0.930938 -1.59589e-11
0.931563 -1.76159e-11
0.932188 -1.79356e-11
0.932813 -1.6803e-11
0.933438 -1.42098e-11
0.934063 -1.02599e-11
0.934688 -5.16625e-12
0.935313 7.61227e-13
0.935938 7.13454e-12
0.936563 1.35138e-11
0.937188 1.94375e-11
0.937813 2.4456e-11
0.938438 2.81644e-11
0.939063 3.02336e-11
0.939688 3.04367e-11
0.940313 2.86688e-11
0.940938 2.4959e-11
0.941563 1.94727e-11
0.942188 1.25057e-11
0.942813 4.46846e-12
0.943438 -4.13772e-12
0.944063 -1.27506e-11
0.944688 -2.07818e-11
0.945313 -2.76542e-11
0.945938 -3.2839e-11
0.946563 -3.58902e-11
0.947188 -3.64751e-11
0.947813 -3.43973e-11
0.948438 -2.96125e-11
0.949063 -2.2234e-11
0.949688 -1.25302e-11
0.950313 -9.11531e-13
0.950938 1.20906e-11
0.951563 2.58526e-11
0.952188 3.96924e-11
0.952813 5.29076e-11
0.953438 6.48148e-11
0.954063 7.47882e-11
0.954688 8.22949e-11
0.955313 8.6926e-11
0.955938 8.8421e-11
0.956563 8.6684e-11
0.957188 8.17923e-11
0.957813 7.39951e-11
0.958438 6.37041e-11
0.959063 5.14763e-11
0.959688 3.79891e-11
0.960313 2.40101e-11
0.960938 1.03627e-11
0.961563 -2.11023e-12
0.962188 -1.25837e-11
0.962813 -2.02865e-11
0.963438 -2.45336e-11
0.964063 -2.4755e-11
0.964688 -2.05183e-11
0.965313 -1.1545e-11
0.965938 2.28042e-12
0.966563 2.09082e-11
0.967188 4.41286e-11
0.967813 7.15838e-11
0.968438 1.02785e-10
0.969063 1.37137e-10
0.969688 1.73962e-10
0.970313 2.12532e-10
0.970938 2.52096e-10
0.971563 2.91914e-10
0.972188 3.31286e-10
0.972813 3.6958e-10
0.973438 4.06257e-10
0.974063 4.40889e-10
0.974688 4.73183e-10
0.975313 5.02985e-10
0.975938 5.30296e-10
0.976563 5.55266e-10
0.977188 5.782e-10
0.977813 5.9955e-10
0.978438 6.19903e-10
0.979063 6.39974e-10
0.979688 6.60587e-10
0.980313 6.82663e-10
0.980938 7.07199e-10
0.981563 7.35256e-10
0.982188 7.67938e-10
0.982813 8.06379e-10
0.983438 8.51728e-10
0.984063 9.05136e-10
0.984688 9.67748e-10
0.985313 1.04069e-09
0.985938 1.12509e-09
0.986563 1.22201e-09
0.987188 1.33254e-09
0.987813 1.45771e-09
0.988438 1.59857e-09
0.989063 1.75614e-09
0.989688 1.93145e-09
0.990313 2.12554e-09
0.990938 2.33948e-09
0.991563 2.57438e-09
0.992188 2.83139e-09
0.992813 3.11175e-09
0.993438 3.41676e-09
0.994063 3.74783e-09
0.994688 4.10648e-09
0.995313 4.49436e-09
0.995938 4.91328e-09
0.996563 5.36519e-09
0.997188 5.85223e-09
0.997813 6.37675e-09
0.998438 6.94128e-09
0.999063 7.54859e-09
