
# time= 5
0.00125 -6.41449e-10
0.00375 -5.91062e-10
0.00625 -5.37387e-10
0.00875 -4.82838e-10
0.01125 -4.30102e-10
0.01375 -3.82382e-10
0.01625 -3.4375e-10
0.01875 -3.19617e-10
0.02125 -3.17292e-10
0.02375 -3.46609e-10
0.02625 -4.20533e-10
0.02875 -5.55582e-10
0.03125 -7.71809e-10
0.03375 -1.09192e-09
0.03625 -1.53883e-09
0.03875 -2.1307e-09
0.04125 -2.87187e-09
0.04375 -3.73745e-09
0.04625 -4.64854e-09
0.04875 -5.43349e-09
0.05125 -5.76931e-09
0.05375 -5.09479e-09
0.05625 -2.48465e-09
0.05875 3.53015e-09
0.06125 1.52148e-08
0.06375 3.59808e-08
0.06625 7.08653e-08
0.06875 1.27181e-07
0.07125 2.15385e-07
0.07375 3.50237e-07
0.07625 5.52314e-07
0.07875 8.49985e-07
0.08125 1.28196e-06
0.08375 1.90056e-06
0.08625 2.77585e-06
0.08875 4.00084e-06
0.09125 5.69805e-06
0.09375 8.02753e-06
0.09625 1.11969e-05
0.09875 1.54735e-05
0.10125 2.11992e-05
0.10375 2.88082e-05
0.10625 3.88483e-05
0.10875 5.20065e-05
0.11125 6.91386e-05
0.11375 9.13047e-05
0.11625 0.00011981
0.11875 0.000156251
0.12125 0.000202572
0.12375 0.000261125
0.12625 0.000334741
0.12875 0.000426805
0.13125 0.000541351
0.13375 0.000683151
0.13625 0.000857823
0.13875 0.00107195
0.14125 0.0013332
0.14375 0.00165046
0.14625 0.00203398
0.14875 0.0024955
0.15125 0.00304844
0.15375 0.00370799
0.15625 0.00449135
0.15875 0.00541777
0.16125 0.00650879
0.16375 0.00778833
0.16625 0.0092828
0.16875 0.0110212
0.17125 0.0130352
0.17375 0.0153593
0.17625 0.0180306
0.17875 0.0210888
0.18125 0.0245766
0.18375 0.0285387
0.18625 0.0330226
0.18875 0.0380775
0.19125 0.0437546
0.19375 0.0501064
0.19625 0.0571864
0.19875 0.0650485
0.20125 0.0737465
0.20375 0.0833335
0.20625 0.0938611
0.20875 0.105379
0.21125 0.117932
0.21375 0.131564
0.21625 0.146312
0.21875 0.162208
0.22125 0.179277
0.22375 0.197537
0.22625 0.216997
0.22875 0.237657
0.23125 0.259508
0.23375 0.282528
0.23625 0.306686
0.23875 0.331938
0.24125 0.358227
0.24375 0.385484
0.24625 0.41363
0.24875 0.442569
0.25125 0.472196
0.25375 0.502395
0.25625 0.533035
0.25875 0.563978
0.26125 0.595074
0.26375 0.626165
0.26625 0.657088
0.26875 0.687671
0.27125 0.717741
0.27375 0.74712
0.27625 0.775633
0.27875 0.803103
0.28125 0.829359
0.28375 0.854232
0.28625 0.87756
0.28875 0.899188
0.29125 0.918971
0.29375 0.936775
0.29625 0.952479
0.29875 0.96598
0.30125 0.97719
0.30375 0.986038
0.30625 0.992474
0.30875 0.996464
0.31125 0.997991
0.31375 0.997054
0.31625 0.993667
0.31875 0.98786
0.32125 0.979679
0.32375 0.969186
0.32625 0.956463
0.32875 0.941612
0.33125 0.924752
0.33375 0.906021
0.33625 0.885566
0.33875 0.863542
0.34125 0.840104
0.34375 0.815405
0.34625 0.789589
0.34875 0.762796
0.35125 0.735162
0.35375 0.706829
0.35625 0.677946
0.35875 0.648677
0.36125 0.6192
0.36375 0.5897
0.36625 0.560363
0.36875 0.531359
0.37125 0.50283
0.37375 0.47488
0.37625 0.44757
0.37875 0.420921
0.38125 0.39493
0.38375 0.369586
0.38625 0.344897
0.38875 0.320905
0.39125 0.297697
0.39375 0.275409
0.39625 0.254203
0.39875 0.234243
0.40125 0.215657
0.40375 0.198506
0.40625 0.182757
0.40875 0.168275
0.41125 0.154837
0.41375 0.142165
0.41625 0.12998
0.41875 0.11806
0.42125 0.106288
0.42375 0.0946969
0.42625 0.0834675
0.42875 0.0729099
0.43125 0.0634057
0.43375 0.0553293
0.43625 0.0489609
0.43875 0.044408
0.44125 0.0415518
0.44375 0.0400339
0.44625 0.039288
0.44875 0.0386167
0.45125 0.0373021
0.45375 0.0347316
0.45625 0.0305187
0.45875 0.0245935
0.46125 0.0172459
0.46375 0.00910858
0.46625 0.00107832
0.46875 -0.00581449
0.47125 -0.0105704
0.47375 -0.0123935
0.47625 -0.0108443
0.47875 -0.00594611
0.48125 0.00177415
0.48375 0.0113209
0.48625 0.0213394
0.48875 0.0302863
0.49125 0.0366381
0.49375 0.0391096
0.49625 0.0368499
0.49875 0.0295884
0.50125 0.0177093
0.50375 0.00224123
0.50625 -0.0152365
0.50875 -0.0327625
0.51125 -0.048215
0.51375 -0.0595608
0.51625 -0.0651005
0.51875 -0.0636803
0.52125 -0.0548465
0.52375 -0.0389232
0.52625 -0.0170057
0.52875 0.00912947
0.53125 0.0371873
0.53375 0.0645707
0.53625 0.0886273
0.53875 0.106899
0.54125 0.11735
0.54375 0.118551
0.54625 0.109799
0.54875 0.0911767
0.55125 0.0635309
0.55375 0.028397
0.55625 -0.0121319
0.55875 -0.0555694
0.56125 -0.0992167
0.56375 -0.140345
0.56625 -0.176362
0.56875 -0.204959
0.57125 -0.224223
0.57375 -0.232721
0.57625 -0.229545
0.57875 -0.214338
0.58125 -0.187279
0.58375 -0.149046
0.58625 -0.100759
0.58875 -0.0438939
0.59125 0.0198164
0.59375 0.0884976
0.59625 0.160251
0.59875 0.233269
0.60125 0.305933
0.60375 0.376885
0.60625 0.445072
0.60875 0.509747
0.61125 0.570439
0.61375 0.626892
0.61625 0.678995
0.61875 0.726703
0.62125 0.769977
0.62375 0.808748
0.62625 0.842916
0.62875 0.872376
0.63125 0.897078
0.63375 0.91709
0.63625 0.932659
0.63875 0.944255
0.64125 0.95257
0.64375 0.958478
0.64625 0.962959
0.64875 0.966982
0.65125 0.971377
0.65375 0.97672
0.65625 0.983239
0.65875 0.990779
0.66125 0.998816
0.66375 1.00654
0.66625 1.01299
0.66875 1.01722
0.67125 1.01847
0.67375 1.01634
0.67625 1.01087
0.67875 1.0026
0.68125 0.99253
0.68375 0.98203
0.68625 0.972645
0.68875 0.965901
0.69125 0.963082
0.69375 0.96504
0.69625 0.972039
0.69875 0.983691
0.70125 0.998959
0.70375 1.01626
0.70625 1.03362
0.70875 1.04893
0.71125 1.06014
0.71375 1.06556
0.71625 1.06405
0.71875 1.05515
0.72125 1.03919
0.72375 1.01725
0.72625 0.991121
0.72875 0.963067
0.73125 0.935675
0.73375 0.911586
0.73625 0.893252
0.73875 0.882713
0.74125 0.881413
0.74375 0.890076
0.74625 0.908647
0.74875 0.936298
0.75125 0.971504
0.75375 1.01216
0.75625 1.05576
0.75875 1.09956
0.76125 1.14079
0.76375 1.1768
0.76625 1.20527
0.76875 1.22429
0.77125 1.23248
0.77375 1.22899
0.77625 1.21355
0.77875 1.18641
0.78125 1.14832
0.78375 1.1004
0.78625 1.04407
0.78875 0.980972
0.79125 0.912832
0.79375 0.8414
0.79625 0.768361
0.79875 0.695271
0.80125 0.623512
0.80375 0.554258
0.80625 0.48846
0.80875 0.426841
0.81125 0.369908
0.81375 0.317963
0.81625 0.271131
0.81875 0.229384
0.82125 0.192569
0.82375 0.160436
0.82625 0.132669
0.82875 0.108901
0.83125 0.0887455
0.83375 0.0718047
0.83625 0.0576898
0.83875 0.0460283
0.84125 0.0364732
0.84375 0.0287066
0.84625 0.0224433
0.84875 0.0174311
0.85125 0.0134502
0.85375 0.0103118
0.85625 0.00785536
0.85875 0.00594647
0.86125 0.00447343
0.86375 0.00334455
0.86625 0.0024853
0.86875 0.00183563
0.87125 0.00134767
0.87375 0.000983557
0.87625 0.000713596
0.87875 0.000514712
0.88125 0.000369111
0.88375 0.000263178
0.88625 0.000186579
0.88875 0.000131527
0.89125 9.21987e-05
0.89375 6.42699e-05
0.89625 4.45535e-05
0.89875 3.07159e-05
0.90125 2.10605e-05
0.90375 1.43618e-05
0.90625 9.74099e-06
0.90875 6.57145e-06
0.91125 4.40958e-06
0.91375 2.94321e-06
0.91625 1.9541e-06
0.91875 1.29057e-06
0.92125 8.47903e-07
0.92375 5.54185e-07
0.92625 3.60361e-07
0.92875 2.33155e-07
0.93125 1.50125e-07
0.93375 9.62267e-08
0.93625 6.14291e-08
0.93875 3.90837e-08
0.94125 2.48078e-08
0.94375 1.57291e-08
0.94625 9.97563e-09
0.94875 6.33502e-09
0.95125 4.02696e-09
0.95375 2.55288e-09
0.95625 1.59689e-09
0.95875 9.60855e-10
0.96125 5.22052e-10
0.96375 2.05662e-10
0.96625 -3.30073e-11
0.96875 -2.19978e-10
0.97125 -3.69943e-10
0.97375 -4.90935e-10
0.97625 -5.87262e-10
0.97875 -6.61318e-10
0.98125 -7.14667e-10
0.98375 -7.48657e-10
0.98625 -7.64733e-10
0.98875 -7.64554e-10
0.99125 -7.50011e-10
0.99375 -7.23178e-10
0.99625 -6.86243e-10
