
# time= 0.5
0.0005 0.00943901
0.0015 0.00675791
0.0025 0.00106626
0.0035 -0.0054942
0.0045 -0.0102608
0.0055 -0.0111206
0.0065 -0.00740954
0.0075 -0.000267779
0.0085 0.00771175
0.0095 0.0134279
0.0105 0.0144586
0.0115 0.0100363
0.0125 0.00143225
0.0135 -0.00841805
0.0145 -0.0159271
0.0155 -0.0181498
0.0165 -0.0138914
0.0175 -0.0042237
0.0185 0.00779056
0.0195 0.0180851
0.0205 0.0229596
0.0215 0.0203671
0.0225 0.0106782
0.0235 -0.0033433
0.0245 -0.0173575
0.0255 -0.0268017
0.0265 -0.0283494
0.0275 -0.0210109
0.0285 -0.0065252
0.0295 0.0110839
0.0305 0.0266564
0.0315 0.0354074
0.0325 0.0343521
0.0335 0.0232264
0.0345 0.00463852
0.0355 -0.0165922
0.0365 -0.0347196
0.0375 -0.0446212
0.0385 -0.0431928
0.0395 -0.030213
0.0405 -0.00845836
0.0415 0.0169535
0.0425 0.0398146
0.0435 0.0543475
0.0445 0.0566178
0.0455 0.0454987
0.0465 0.0229672
0.0475 -0.0063218
0.0485 -0.0360663
0.0495 -0.0597051
0.0505 -0.0718451
0.0515 -0.069416
0.0525 -0.0523169
0.0535 -0.023438
0.0545 0.0119234
0.0555 0.04711
0.0565 0.0753894
0.0575 0.0912197
0.0585 0.091256
0.0595 0.074929
0.0605 0.04451
0.0615 0.00468322
0.0625 -0.0382743
0.0635 -0.077541
0.0645 -0.106841
0.0655 -0.121398
0.0665 -0.118616
0.0675 -0.0983943
0.0685 -0.0630738
0.0695 -0.0170337
0.0705 0.0339615
0.0715 0.0835582
0.0725 0.125632
0.0735 0.155015
0.0745 0.16806
0.0755 0.162969
0.0765 0.139896
0.0775 0.100821
0.0785 0.0492378
0.0795 -0.0102806
0.0805 -0.0725819
0.0815 -0.132437
0.0825 -0.184991
0.0835 -0.226126
0.0845 -0.252711
0.0855 -0.262745
0.0865 -0.255376
0.0875 -0.230836
0.0885 -0.190293
0.0895 -0.135655
0.0905 -0.0693485
0.0915 0.00590297
0.0925 0.0872795
0.0935 0.172037
0.0945 0.257645
0.0955 0.341887
0.0965 0.422928
0.0975 0.499338
0.0985 0.570093
0.0995 0.634539
0.1005 0.692345
0.1015 0.743456
0.1025 0.788038
0.1035 0.826431
0.1045 0.859107
0.1055 0.88661
0.1065 0.909518
0.1075 0.928399
0.1085 0.943796
0.1095 0.956216
0.1105 0.966136
0.1115 0.973993
0.1125 0.98018
0.1135 0.985025
0.1145 0.988786
0.1155 0.991667
0.1165 0.993834
0.1175 0.995438
0.1185 0.996627
0.1195 0.997529
0.1205 0.998233
0.1215 0.998782
0.1225 0.999181
0.1235 0.999432
0.1245 0.999561
0.1255 0.999624
0.1265 0.999689
0.1275 0.999796
0.1285 0.999931
0.1295 1.00004
0.1305 1.00007
0.1315 1
0.1325 0.999894
0.1335 0.999824
0.1345 0.999859
0.1355 0.999994
0.1365 1.00015
0.1375 1.00021
0.1385 1.00013
0.1395 0.999944
0.1405 0.999766
0.1415 0.999725
0.1425 0.99987
0.1435 1.00013
0.1445 1.00033
0.1455 1.00034
0.1465 1.00012
0.1475 0.999782
0.1485 0.999547
0.1495 0.999582
0.1505 0.999899
0.1515 1.00033
0.1525 1.0006
0.1535 1.00052
0.1545 1.0001
0.1555 0.999552
0.1565 0.99922
0.1575 0.999336
0.1585 0.999884
0.1595 1.00058
0.1605 1.001
0.1615 1.00087
0.1625 1.00019
0.1635 0.999311
0.1645 0.998729
0.1655 0.998829
0.1665 0.999632
0.1675 1.00075
0.1685 1.00157
0.1695 1.00159
0.1705 1.0007
0.1715 0.999306
0.1725 0.998134
0.1735 0.997863
0.1745 0.998742
0.1755 1.00042
0.1765 1.00206
0.1775 1.00278
0.1785 1.0021
0.1795 1.00022
0.1805 0.998018
0.1815 0.996596
0.1825 0.996774
0.1835 0.998627
0.1845 1.00138
0.1855 1.00374
0.1865 1.00449
0.1875 1.0031
0.1885 1.00004
0.1895 0.996635
0.1905 0.994488
0.1915 0.994743
0.1925 0.997507
0.1935 1.00172
0.1945 1.00557
0.1955 1.00725
0.1965 1.00581
0.1975 1.00161
0.1985 0.996278
0.1995 0.992059
0.2005 0.990894
0.2015 0.99355
0.2025 0.999218
0.2035 1.00576
0.2045 1.0105
0.2055 1.01134
0.2065 1.00761
0.2075 1.00046
0.2085 0.992462
0.2095 0.986732
0.2105 0.985689
0.2115 0.990099
0.2125 0.998692
0.2135 1.00853
0.2145 1.01603
0.2155 1.01825
0.2165 1.01398
0.2175 1.0043
0.2185 0.992284
0.2195 0.981983
0.2205 0.977103
0.2215 0.97969
0.2225 0.989374
0.2235 1.00339
0.2245 1.0174
0.2255 1.02684
0.2265 1.02839
0.2275 1.02104
0.2285 1.00656
0.2295 0.988944
0.2305 0.973369
0.2315 0.964616
0.2325 0.965669
0.2335 0.976793
0.2345 0.995379
0.2355 1.01661
0.2365 1.03473
0.2375 1.04463
0.2385 1.0432
0.2395 1.03022
0.2405 1.00847
0.2415 0.983056
0.2425 0.960194
0.2435 0.94566
0.2445 0.943389
0.2455 0.954508
0.2465 0.977038
0.2475 1.00633
0.2485 1.03607
0.2495 1.05971
0.2505 1.07185
0.2515 1.06942
0.2525 1.05232
0.2535 1.02344
0.2545 0.988079
0.2555 0.952892
0.2565 0.924613
0.2575 0.908782
0.2585 0.908746
0.2595 0.925072
0.2605 0.955491
0.2615 0.995318
0.2625 1.03828
0.2635 1.07754
0.2645 1.10684
0.2655 1.1214
0.2665 1.11862
0.2675 1.09839
0.2685 1.06307
0.2695 1.01703
0.2705 0.966039
0.2715 0.916442
0.2725 0.874368
0.2735 0.844984
0.2745 0.831941
0.2755 0.837033
0.2765 0.860105
0.2775 0.899179
0.2785 0.950761
0.2795 1.01028
0.2805 1.07258
0.2815 1.13244
0.2825 1.18499
0.2835 1.22613
0.2845 1.25271
0.2855 1.26274
0.2865 1.25537
0.2875 1.23084
0.2885 1.1903
0.2895 1.13566
0.2905 1.06935
0.2915 0.994092
0.2925 0.912715
0.2935 0.827962
0.2945 0.74236
0.2955 0.65812
0.2965 0.577076
0.2975 0.500657
0.2985 0.429897
0.2995 0.365454
0.3005 0.307657
0.3015 0.256556
0.3025 0.211975
0.3035 0.17357
0.3045 0.140881
0.3055 0.113372
0.3065 0.0904728
0.3075 0.0716099
0.3085 0.0562271
0.3095 0.0438035
0.3105 0.0338635
0.3115 0.0259823
0.3125 0.0197884
0.3135 0.014962
0.3145 0.0112323
0.3155 0.00837342
0.3165 0.00619931
0.3175 0.00455867
0.3185 0.00332993
0.3195 0.00241645
0.3205 0.00174225
0.3215 0.00124817
0.3225 0.000888601
0.3235 0.000628706
0.3245 0.000442112
0.3255 0.000309027
0.3265 0.000214721
0.3275 0.00014832
0.3285 0.000101859
0.3295 6.95517e-05
0.3305 4.7223e-05
0.3315 3.18834e-05
0.3325 2.14076e-05
0.3335 1.42953e-05
0.3345 9.49424e-06
0.3355 6.27189e-06
0.3365 4.12127e-06
0.3375 2.69389e-06
0.3385 1.75174e-06
0.3395 1.13324e-06
0.3405 7.29389e-07
0.3415 4.67089e-07
0.3425 2.97623e-07
0.3435 1.88702e-07
0.3445 1.19056e-07
0.3455 7.47493e-08
0.3465 4.67051e-08
0.3475 2.90429e-08
0.3485 1.79743e-08
0.3495 1.10717e-08
0.3505 6.78811e-09
0.3515 4.14255e-09
0.3525 2.51644e-09
0.3535 1.52168e-09
0.3545 9.15986e-10
0.3555 5.4891e-10
0.3565 3.27471e-10
0.3575 1.945e-10
0.3585 1.15015e-10
0.3595 6.77157e-11
0.3605 3.96953e-11
0.3615 2.31695e-11
0.3625 1.34658e-11
0.3635 7.79294e-12
0.3645 4.49091e-12
0.3655 2.57718e-12
0.3665 1.47281e-12
0.3675 8.38204e-13
0.3685 4.75089e-13
0.3695 2.68192e-13
0.3705 1.50799e-13
0.3715 8.44697e-14
0.3725 4.71508e-14
0.3735 2.62447e-14
0.3745 1.45862e-14
0.3755 8.11786e-15
0.3765 4.55154e-15
0.3775 2.60275e-15
0.3785 1.55361e-15
0.3795 1.0049e-15
0.3805 7.35883e-16
0.3815 6.25475e-16
0.3825 6.08026e-16
0.3835 6.48722e-16
0.3845 7.29926e-16
0.3855 8.43657e-16
0.3865 9.87482e-16
0.3875 1.16232e-15
0.3885 1.37129e-15
0.3895 1.61915e-15
0.3905 1.91207e-15
0.3915 2.2576e-15
0.3925 2.66475e-15
0.3935 3.14417e-15
0.3945 3.7084e-15
0.3955 4.3721e-15
0.3965 5.15249e-15
0.3975 6.06966e-15
0.3985 7.14714e-15
0.3995 8.41242e-15
0.4005 9.8976e-15
0.4015 1.16402e-14
0.4025 1.36839e-14
0.4035 1.60798e-14
0.4045 1.88873e-14
0.4055 2.21759e-14
0.4065 2.60263e-14
0.4075 3.05327e-14
0.4085 3.58045e-14
0.4095 4.19692e-14
0.4105 4.9175e-14
0.4115 5.75941e-14
0.4125 6.74269e-14
0.4135 7.89057e-14
0.4145 9.23005e-14
0.4155 1.07925e-13
0.4165 1.26141e-13
0.4175 1.47372e-13
0.4185 1.72105e-13
0.4195 2.00906e-13
0.4205 2.3443e-13
0.4215 2.73435e-13
0.4225 3.18797e-13
0.4235 3.71532e-13
0.4245 4.32812e-13
0.4255 5.03991e-13
0.4265 5.86634e-13
0.4275 6.82547e-13
0.4285 7.93813e-13
0.4295 9.22838e-13
0.4305 1.07239e-12
0.4315 1.24567e-12
0.4325 1.44634e-12
0.4335 1.67865e-12
0.4345 1.94748e-12
0.4355 2.25842e-12
0.4365 2.61793e-12
0.4375 3.03342e-12
0.4385 3.5134e-12
0.4395 4.06765e-12
0.4405 4.70739e-12
0.4415 5.44551e-12
0.4425 6.29677e-12
0.4435 7.2781e-12
0.4445 8.4089e-12
0.4455 9.7114e-12
0.4465 1.1211e-11
0.4475 1.29369e-11
0.4485 1.49223e-11
0.4495 1.72053e-11
0.4505 1.98295e-11
0.4515 2.28444e-11
0.4525 2.6307e-11
0.4535 3.02819e-11
0.4545 3.4843e-11
0.4555 4.00747e-11
0.4565 4.60729e-11
0.4575 5.29471e-11
0.4585 6.0822e-11
0.4595 6.98394e-11
0.4605 8.01606e-11
0.4615 9.19694e-11
0.4625 1.05474e-10
0.4635 1.20913e-10
0.4645 1.38554e-10
0.4655 1.58703e-10
0.4665 1.81708e-10
0.4675 2.07963e-10
0.4685 2.37913e-10
0.4695 2.72064e-10
0.4705 3.1099e-10
0.4715 3.55339e-10
0.4725 4.05846e-10
0.4735 4.63341e-10
0.4745 5.28764e-10
0.4755 6.03177e-10
0.4765 6.8778e-10
0.4775 7.83927e-10
0.4785 8.93147e-10
0.4795 1.01717e-09
0.4805 1.15793e-09
0.4815 1.31764e-09
0.4825 1.49875e-09
0.4835 1.70407e-09
0.4845 1.93671e-09
0.4855 2.20021e-09
0.4865 2.49853e-09
0.4875 2.83614e-09
0.4885 3.21805e-09
0.4895 3.64988e-09
0.4905 4.13797e-09
0.4915 4.6894e-09
0.4925 5.31214e-09
0.4935 6.0151e-09
0.4945 6.8083e-09
0.4955 7.70294e-09
0.4965 8.71156e-09
0.4975 9.84821e-09
0.4985 1.11286e-08
0.4995 1.25703e-08
0.5005 1.4193e-08
0.5015 1.60185e-08
0.5025 1.80715e-08
0.5035 2.03792e-08
0.5045 2.29722e-08
0.5055 2.58845e-08
0.5065 2.91541e-08
0.5075 3.28232e-08
0.5085 3.69389e-08
0.5095 4.15537e-08
0.5105 4.67259e-08
0.5115 5.25204e-08
0.5125 5.90092e-08
0.5135 6.62727e-08
0.5145 7.43996e-08
0.5155 8.3489e-08
0.5165 9.36506e-08
0.5175 1.05006e-07
0.5185 1.1769e-07
0.5195 1.31852e-07
0.5205 1.47658e-07
0.5215 1.65291e-07
0.5225 1.84954e-07
0.5235 2.06871e-07
0.5245 2.31291e-07
0.5255 2.58488e-07
0.5265 2.88765e-07
0.5275 3.22456e-07
0.5285 3.59931e-07
0.5295 4.01597e-07
0.5305 4.47903e-07
0.5315 4.99344e-07
0.5325 5.56465e-07
0.5335 6.19868e-07
0.5345 6.90212e-07
0.5355 7.68225e-07
0.5365 8.54706e-07
0.5375 9.50534e-07
0.5385 1.05667e-06
0.5395 1.17419e-06
0.5405 1.30423e-06
0.5415 1.44809e-06
0.5425 1.60717e-06
0.5435 1.78298e-06
0.5445 1.97723e-06
0.5455 2.19174e-06
0.5465 2.42852e-06
0.5475 2.6898e-06
0.5485 2.97796e-06
0.5495 3.29566e-06
0.5505 3.64575e-06
0.5515 4.0314e-06
0.5525 4.45601e-06
0.5535 4.92334e-06
0.5545 5.43746e-06
0.5555 6.00282e-06
0.5565 6.62426e-06
0.5575 7.30705e-06
0.5585 8.05693e-06
0.5595 8.88015e-06
0.5605 9.78349e-06
0.5615 1.07743e-05
0.5625 1.18607e-05
0.5635 1.30512e-05
0.5645 1.43554e-05
0.5655 1.57836e-05
0.5665 1.73467e-05
0.5675 1.90568e-05
0.5685 2.0927e-05
0.5695 2.29714e-05
0.5705 2.52052e-05
0.5715 2.7645e-05
0.5725 3.03086e-05
0.5735 3.32153e-05
0.5745 3.63859e-05
0.5755 3.9843e-05
0.5765 4.36108e-05
0.5775 4.77154e-05
0.5785 5.21851e-05
0.5795 5.70502e-05
0.5805 6.23436e-05
0.5815 6.81003e-05
0.5825 7.43584e-05
0.5835 8.11585e-05
0.5845 8.85444e-05
0.5855 9.65631e-05
0.5865 0.000105265
0.5875 0.000114705
0.5885 0.00012494
0.5895 0.000136034
0.5905 0.000148052
0.5915 0.000161066
0.5925 0.000175153
0.5935 0.000190394
0.5945 0.000206878
0.5955 0.000224697
0.5965 0.000243953
0.5975 0.00026475
0.5985 0.000287204
0.5995 0.000311435
0.6005 0.000337574
0.6015 0.000365758
0.6025 0.000396133
0.6035 0.000428858
0.6045 0.000464097
0.6055 0.000502027
0.6065 0.000542837
0.6075 0.000586726
0.6085 0.000633906
0.6095 0.000684601
0.6105 0.000739051
0.6115 0.000797507
0.6125 0.000860238
0.6135 0.000927526
0.6145 0.000999672
0.6155 0.00107699
0.6165 0.00115982
0.6175 0.00124852
0.6185 0.00134345
0.6195 0.00144501
0.6205 0.00155362
0.6215 0.00166971
0.6225 0.00179375
0.6235 0.00192623
0.6245 0.00206765
0.6255 0.00221855
0.6265 0.0023795
0.6275 0.0025511
0.6285 0.00273396
0.6295 0.00292873
0.6305 0.00313612
0.6315 0.00335682
0.6325 0.00359161
0.6335 0.00384125
0.6345 0.00410659
0.6355 0.00438847
0.6365 0.0046878
0.6375 0.00500552
0.6385 0.00534261
0.6395 0.00570009
0.6405 0.00607902
0.6415 0.00648053
0.6425 0.00690575
0.6435 0.00735589
0.6445 0.0078322
0.6455 0.00833598
0.6465 0.00886857
0.6475 0.00943137
0.6485 0.0100258
0.6495 0.0106534
0.6505 0.0113157
0.6515 0.0120144
0.6525 0.012751
0.6535 0.0135273
0.6545 0.014345
0.6555 0.015206
0.6565 0.0161122
0.6575 0.0170655
0.6585 0.0180678
0.6595 0.0191213
0.6605 0.0202281
0.6615 0.0213902
0.6625 0.02261
0.6635 0.0238897
0.6645 0.0252316
0.6655 0.0266381
0.6665 0.0281116
0.6675 0.0296547
0.6685 0.0312698
0.6695 0.0329596
0.6705 0.0347266
0.6715 0.0365736
0.6725 0.0385033
0.6735 0.0405184
0.6745 0.0426218
0.6755 0.0448162
0.6765 0.0471046
0.6775 0.0494898
0.6785 0.0519748
0.6795 0.0545626
0.6805 0.0572561
0.6815 0.0600582
0.6825 0.0629721
0.6835 0.0660008
0.6845 0.0691471
0.6855 0.0724143
0.6865 0.0758052
0.6875 0.0793228
0.6885 0.0829702
0.6895 0.0867504
0.6905 0.0906661
0.6915 0.0947204
0.6925 0.098916
0.6935 0.103256
0.6945 0.107743
0.6955 0.112379
0.6965 0.117168
0.6975 0.122111
0.6985 0.127212
0.6995 0.132472
0.7005 0.137895
0.7015 0.143481
0.7025 0.149234
0.7035 0.155154
0.7045 0.161245
0.7055 0.167507
0.7065 0.173942
0.7075 0.180552
0.7085 0.187337
0.7095 0.194299
0.7105 0.201439
0.7115 0.208756
0.7125 0.216253
0.7135 0.223929
0.7145 0.231783
0.7155 0.239817
0.7165 0.248029
0.7175 0.256419
0.7185 0.264986
0.7195 0.27373
0.7205 0.282648
0.7215 0.291739
0.7225 0.301001
0.7235 0.310432
0.7245 0.32003
0.7255 0.329793
0.7265 0.339716
0.7275 0.349797
0.7285 0.360032
0.7295 0.370418
0.7305 0.38095
0.7315 0.391624
0.7325 0.402436
0.7335 0.413379
0.7345 0.42445
0.7355 0.435642
0.7365 0.446949
0.7375 0.458365
0.7385 0.469885
0.7395 0.4815
0.7405 0.493204
0.7415 0.504989
0.7425 0.516848
0.7435 0.528774
0.7445 0.540757
0.7455 0.55279
0.7465 0.564863
0.7475 0.576969
0.7485 0.589097
0.7495 0.601238
0.7505 0.613384
0.7515 0.625524
0.7525 0.637647
0.7535 0.649745
0.7545 0.661807
0.7555 0.673822
0.7565 0.68578
0.7575 0.69767
0.7585 0.709482
0.7595 0.721204
0.7605 0.732826
0.7615 0.744336
0.7625 0.755724
0.7635 0.766978
0.7645 0.778087
0.7655 0.789042
0.7665 0.799829
0.7675 0.810439
0.7685 0.82086
0.7695 0.831082
0.7705 0.841094
0.7715 0.850886
0.7725 0.860446
0.7735 0.869765
0.7745 0.878833
0.7755 0.88764
0.7765 0.896175
0.7775 0.904431
0.7785 0.912396
0.7795 0.920063
0.7805 0.927423
0.7815 0.934467
0.7825 0.941188
0.7835 0.947578
0.7845 0.953629
0.7855 0.959334
0.7865 0.964687
0.7875 0.969681
0.7885 0.974312
0.7895 0.978572
0.7905 0.982458
0.7915 0.985964
0.7925 0.989087
0.7935 0.991823
0.7945 0.994169
0.7955 0.996121
0.7965 0.997678
0.7975 0.998838
0.7985 0.999599
0.7995 0.99996
0.8005 0.999922
0.8015 0.999484
0.8025 0.998646
0.8035 0.99741
0.8045 0.995778
0.8055 0.993751
0.8065 0.991331
0.8075 0.988522
0.8085 0.985327
0.8095 0.98175
0.8105 0.977795
0.8115 0.973467
0.8125 0.96877
0.8135 0.963712
0.8145 0.958296
0.8155 0.952531
0.8165 0.946421
0.8175 0.939976
0.8185 0.933201
0.8195 0.926106
0.8205 0.918697
0.8215 0.910984
0.8225 0.902975
0.8235 0.894679
0.8245 0.886105
0.8255 0.877263
0.8265 0.868163
0.8275 0.858814
0.8285 0.849227
0.8295 0.839412
0.8305 0.829379
0.8315 0.819139
0.8325 0.808703
0.8335 0.798081
0.8345 0.787285
0.8355 0.776325
0.8365 0.765212
0.8375 0.753958
0.8385 0.742572
0.8395 0.731067
0.8405 0.719454
0.8415 0.707742
0.8425 0.695944
0.8435 0.68407
0.8445 0.67213
0.8455 0.660135
0.8465 0.648096
0.8475 0.636023
0.8485 0.623927
0.8495 0.611816
0.8505 0.599701
0.8515 0.587593
0.8525 0.575499
0.8535 0.56343
0.8545 0.551394
0.8555 0.5394
0.8565 0.527457
0.8575 0.515573
0.8585 0.503757
0.8595 0.492015
0.8605 0.480356
0.8615 0.468786
0.8625 0.457312
0.8635 0.445942
0.8645 0.434682
0.8655 0.423537
0.8665 0.412515
0.8675 0.401618
0.8685 0.390854
0.8695 0.380226
0.8705 0.369742
0.8715 0.359404
0.8725 0.349215
0.8735 0.33918
0.8745 0.329302
0.8755 0.319584
0.8765 0.310031
0.8775 0.300644
0.8785 0.291426
0.8795 0.282378
0.8805 0.2735
0.8815 0.264795
0.8825 0.256266
0.8835 0.247916
0.8845 0.239744
0.8855 0.231748
0.8865 0.223927
0.8875 0.216282
0.8885 0.208815
0.8895 0.201529
0.8905 0.194424
0.8915 0.187495
0.8925 0.180738
0.8935 0.17415
0.8945 0.167733
0.8955 0.161493
0.8965 0.155429
0.8975 0.149538
0.8985 0.14381
0.8995 0.138239
0.9005 0.132825
0.9015 0.127571
0.9025 0.122485
0.9035 0.117565
0.9045 0.112803
0.9055 0.108184
0.9065 0.103699
0.9075 0.0993496
0.9085 0.095148
0.9095 0.091104
0.9105 0.0872147
0.9115 0.083463
0.9125 0.0798267
0.9135 0.0762942
0.9145 0.0728734
0.9155 0.0695855
0.9165 0.0664474
0.9175 0.0634547
0.9185 0.0605797
0.9195 0.0577878
0.9205 0.0550619
0.9215 0.0524165
0.9225 0.049888
0.9235 0.0475075
0.9245 0.0452726
0.9255 0.043143
0.9265 0.0410634
0.9275 0.0390022
0.9285 0.0369766
0.9295 0.0350446
0.9305 0.0332642
0.9315 0.0316485
0.9325 0.030147
0.9335 0.0286731
0.9345 0.0271609
0.9355 0.0256147
0.9365 0.0241129
0.9375 0.0227599
0.9385 0.0216124
0.9395 0.0206311
0.9405 0.0196947
0.9415 0.0186733
0.9425 0.0175167
0.9435 0.016298
0.9445 0.0151772
0.9455 0.0143005
0.9465 0.0136977
0.9475 0.0132467
0.9485 0.0127361
0.9495 0.011994
0.9505 0.0110063
0.9515 0.00994276
0.9525 0.00906701
0.9535 0.00857486
0.9545 0.00845942
0.9555 0.00849147
0.9565 0.0083392
0.9575 0.00776525
0.9585 0.00678503
0.9595 0.00568415
0.9605 0.00487073
0.9615 0.0046379
0.9625 0.00497256
0.9635 0.00553029
0.9645 0.00580633
0.9655 0.00541832
0.9665 0.00434391
0.9675 0.0029698
0.9685 0.00190793
0.9695 0.00166487
0.9705 0.00234145
0.9715 0.00353557
0.9725 0.00451939
0.9735 0.00461395
0.9745 0.00356904
0.9755 0.00174034
0.9765 -4.85777e-05
0.9775 -0.000908288
0.9785 -0.000353905
0.9795 0.00140117
0.9805 0.00349562
0.9815 0.00481276
0.9825 0.00453576
0.9835 0.00259172
0.9845 -0.000248917
0.9855 -0.00269049
0.9865 -0.00351587
0.9875 -0.00219505
0.9885 0.000800079
0.9895 0.0041456
0.9905 0.00623613
0.9915 0.00592829
0.9925 0.00311537
0.9935 -0.0011454
0.9945 -0.00503704
0.9955 -0.00676127
0.9965 -0.00535686
0.9975 -0.00119094
0.9985 0.00411223
0.9995 0.0083015

# time= 1
0.0005 1.2398e-08
0.0015 1.40132e-08
0.0025 1.58323e-08
0.0035 1.78799e-08
0.0045 2.01838e-08
0.0055 2.27751e-08
0.0065 2.56882e-08
0.0075 2.89618e-08
0.0085 3.26389e-08
0.0095 3.67674e-08
0.0105 4.14006e-08
0.0115 4.65982e-08
0.0125 5.24263e-08
0.0135 5.89586e-08
0.0145 6.6277e-08
0.0155 7.44725e-08
0.0165 8.36464e-08
0.0175 9.3911e-08
0.0185 1.05391e-07
0.0195 1.18225e-07
0.0205 1.32566e-07
0.0215 1.48584e-07
0.0225 1.66468e-07
0.0235 1.86427e-07
0.0245 2.08691e-07
0.0255 2.33516e-07
0.0265 2.61185e-07
0.0275 2.9201e-07
0.0285 3.26337e-07
0.0295 3.64546e-07
0.0305 4.07059e-07
0.0315 4.54339e-07
0.0325 5.06899e-07
0.0335 5.65303e-07
0.0345 6.30173e-07
0.0355 7.02193e-07
0.0365 7.82116e-07
0.0375 8.70773e-07
0.0385 9.69075e-07
0.0395 1.07802e-06
0.0405 1.19872e-06
0.0415 1.33237e-06
0.0425 1.48031e-06
0.0435 1.64399e-06
0.0445 1.825e-06
0.0455 2.0251e-06
0.0465 2.2462e-06
0.0475 2.4904e-06
0.0485 2.76e-06
0.0495 3.05751e-06
0.0505 3.38568e-06
0.0515 3.74751e-06
0.0525 4.14627e-06
0.0535 4.58556e-06
0.0545 5.06929e-06
0.0555 5.6017e-06
0.0565 6.18745e-06
0.0575 6.83161e-06
0.0585 7.5397e-06
0.0595 8.31771e-06
0.0605 9.17219e-06
0.0615 1.01102e-05
0.0625 1.11396e-05
0.0635 1.22686e-05
0.0645 1.35065e-05
0.0655 1.48631e-05
0.0665 1.63491e-05
0.0675 1.79763e-05
0.0685 1.97571e-05
0.0695 2.17054e-05
0.0705 2.38359e-05
0.0715 2.61647e-05
0.0725 2.8709e-05
0.0735 3.14877e-05
0.0745 3.4521e-05
0.0755 3.78308e-05
0.0765 4.14407e-05
0.0775 4.53763e-05
0.0785 4.96651e-05
0.0795 5.43366e-05
0.0805 5.94229e-05
0.0815 6.49584e-05
0.0825 7.09802e-05
0.0835 7.7528e-05
0.0845 8.46447e-05
0.0855 9.23765e-05
0.0865 0.000100773
0.0875 0.000109887
0.0885 0.000119775
0.0895 0.0001305
0.0905 0.000142125
0.0915 0.000154723
0.0925 0.000168367
0.0935 0.000183139
0.0945 0.000199124
0.0955 0.000216415
0.0965 0.000235111
0.0975 0.000255316
0.0985 0.000277142
0.0995 0.000300711
0.1005 0.000326148
0.1015 0.000353592
0.1025 0.000383186
0.1035 0.000415086
0.1045 0.000449456
0.1055 0.000486471
0.1065 0.000526317
0.1075 0.000569191
0.1085 0.000615305
0.1095 0.000664879
0.1105 0.000718152
0.1115 0.000775374
0.1125 0.000836809
0.1135 0.00090274
0.1145 0.000973464
0.1155 0.0010493
0.1165 0.00113057
0.1175 0.00121764
0.1185 0.00131087
0.1195 0.00141066
0.1205 0.00151742
0.1215 0.00163159
0.1225 0.00175363
0.1235 0.00188402
0.1245 0.00202327
0.1255 0.00217192
0.1265 0.00233053
0.1275 0.0024997
0.1285 0.00268004
0.1295 0.00287222
0.1305 0.00307691
0.1315 0.00329483
0.1325 0.00352673
0.1335 0.00377341
0.1345 0.00403569
0.1355 0.00431442
0.1365 0.00461051
0.1375 0.00492489
0.1385 0.00525856
0.1395 0.00561252
0.1405 0.00598786
0.1415 0.00638567
0.1425 0.00680712
0.1435 0.00725341
0.1445 0.00772579
0.1455 0.00822556
0.1465 0.00875407
0.1475 0.00931272
0.1485 0.00990296
0.1495 0.0105263
0.1505 0.0111843
0.1515 0.0118785
0.1525 0.0126107
0.1535 0.0133825
0.1545 0.0141958
0.1555 0.0150523
0.1565 0.015954
0.1575 0.0169027
0.1585 0.0179006
0.1595 0.0189496
0.1605 0.0200518
0.1615 0.0212095
0.1625 0.0224249
0.1635 0.0237002
0.1645 0.0250379
0.1655 0.0264402
0.1665 0.0279096
0.1675 0.0294487
0.1685 0.03106
0.1695 0.032746
0.1705 0.0345095
0.1715 0.0363531
0.1725 0.0382795
0.1735 0.0402916
0.1745 0.0423922
0.1755 0.044584
0.1765 0.0468701
0.1775 0.0492533
0.1785 0.0517366
0.1795 0.0543229
0.1805 0.0570152
0.1815 0.0598166
0.1825 0.0627301
0.1835 0.0657587
0.1845 0.0689055
0.1855 0.0721734
0.1865 0.0755655
0.1875 0.0790848
0.1885 0.0827343
0.1895 0.0865171
0.1905 0.0904359
0.1915 0.0944938
0.1925 0.0986936
0.1935 0.103038
0.1945 0.10753
0.1955 0.112173
0.1965 0.116968
0.1975 0.121918
0.1985 0.127027
0.1995 0.132295
0.2005 0.137726
0.2015 0.143322
0.2025 0.149085
0.2035 0.155017
0.2045 0.161119
0.2055 0.167393
0.2065 0.173841
0.2075 0.180464
0.2085 0.187263
0.2095 0.19424
0.2105 0.201395
0.2115 0.208729
0.2125 0.216242
0.2135 0.223935
0.2145 0.231807
0.2155 0.239859
0.2165 0.24809
0.2175 0.2565
0.2185 0.265087
0.2195 0.273851
0.2205 0.28279
0.2215 0.291902
0.2225 0.301186
0.2235 0.31064
0.2245 0.320261
0.2255 0.330046
0.2265 0.339992
0.2275 0.350096
0.2285 0.360355
0.2295 0.370765
0.2305 0.381321
0.2315 0.392019
0.2325 0.402854
0.2335 0.413822
0.2345 0.424916
0.2355 0.436131
0.2365 0.447462
0.2375 0.458902
0.2385 0.470444
0.2395 0.482081
0.2405 0.493808
0.2415 0.505615
0.2425 0.517495
0.2435 0.529441
0.2445 0.541445
0.2455 0.553497
0.2465 0.565589
0.2475 0.577712
0.2485 0.589857
0.2495 0.602015
0.2505 0.614176
0.2515 0.62633
0.2525 0.638467
0.2535 0.650577
0.2545 0.66265
0.2555 0.674675
0.2565 0.686641
0.2575 0.698539
0.2585 0.710357
0.2595 0.722084
0.2605 0.733709
0.2615 0.745221
0.2625 0.756609
0.2635 0.767863
0.2645 0.77897
0.2655 0.789921
0.2665 0.800703
0.2675 0.811306
0.2685 0.821719
0.2695 0.831932
0.2705 0.841933
0.2715 0.851712
0.2725 0.861259
0.2735 0.870563
0.2745 0.879614
0.2755 0.888402
0.2765 0.896917
0.2775 0.905151
0.2785 0.913094
0.2795 0.920738
0.2805 0.928074
0.2815 0.935092
0.2825 0.941785
0.2835 0.948145
0.2845 0.954166
0.2855 0.95984
0.2865 0.965162
0.2875 0.970125
0.2885 0.974723
0.2895 0.978949
0.2905 0.982799
0.2915 0.986268
0.2925 0.989354
0.2935 0.992053
0.2945 0.994363
0.2955 0.99628
0.2965 0.9978
0.2975 0.998921
0.2985 0.999642
0.2995 0.999962
0.3005 0.999884
0.3015 0.999409
0.3025 0.998536
0.3035 0.997265
0.3045 0.995596
0.3055 0.993531
0.3065 0.991071
0.3075 0.988221
0.3085 0.984989
0.3095 0.981379
0.3105 0.977394
0.3115 0.973038
0.3125 0.968311
0.3135 0.963217
0.3145 0.957765
0.3155 0.951964
0.3165 0.945824
0.3175 0.939354
0.3185 0.932561
0.3195 0.925448
0.3205 0.918019
0.3215 0.910279
0.3225 0.902239
0.3235 0.893913
0.3245 0.885316
0.3255 0.876462
0.3265 0.867358
0.3275 0.858008
0.3285 0.848415
0.3295 0.838584
0.3305 0.828527
0.3315 0.818263
0.3325 0.80781
0.3335 0.797187
0.3345 0.786403
0.3355 0.775462
0.3365 0.764362
0.3375 0.753107
0.3385 0.741704
0.3395 0.730176
0.3405 0.718546
0.3415 0.706838
0.3425 0.695067
0.3435 0.683234
0.3445 0.671333
0.3455 0.659358
0.3465 0.647312
0.3475 0.635212
0.3485 0.62309
0.3495 0.610975
0.3505 0.598891
0.3515 0.586842
0.3525 0.574819
0.3535 0.562802
0.3545 0.55078
0.3555 0.538761
0.3565 0.526772
0.3575 0.514855
0.3585 0.503048
0.3595 0.491369
0.3605 0.479809
0.3615 0.468339
0.3625 0.456927
0.3635 0.445554
0.3645 0.434234
0.3655 0.423009
0.3665 0.411937
0.3675 0.401062
0.3685 0.390398
0.3695 0.379919
0.3705 0.369572
0.3715 0.359305
0.3725 0.349089
0.3735 0.338944
0.3745 0.32893
0.3755 0.319127
0.3765 0.309594
0.3775 0.300345
0.3785 0.291338
0.3795 0.282489
0.3805 0.273715
0.3815 0.264967
0.3825 0.256264
0.3835 0.247687
0.3845 0.239346
0.3855 0.231334
0.3865 0.22368
0.3875 0.216332
0.3885 0.209174
0.3895 0.202075
0.3905 0.194944
0.3915 0.187779
0.3925 0.18067
0.3935 0.17377
0.3945 0.167228
0.3955 0.161123
0.3965 0.155423
0.3975 0.149991
0.3985 0.144632
0.3995 0.139178
0.4005 0.133559
0.4015 0.127841
0.4025 0.122206
0.4035 0.116882
0.4045 0.112051
0.4055 0.107764
0.4065 0.103913
0.4075 0.100259
0.4085 0.0965237
0.4095 0.0925012
0.4105 0.0881444
0.4115 0.083596
0.4125 0.0791421
0.4135 0.0751057
0.4145 0.0717177
0.4155 0.0690172
0.4165 0.0668214
0.4175 0.064782
0.4185 0.0625096
0.4195 0.0597224
0.4205 0.056362
0.4215 0.0526295
0.4225 0.0489239
0.4235 0.0457016
0.4245 0.0433048
0.4255 0.0418243
0.4265 0.0410478
0.4275 0.0405195
0.4285 0.0396928
0.4295 0.0381259
0.4305 0.0356493
0.4315 0.0324431
0.4325 0.0289922
0.4335 0.0259286
0.4345 0.023813
0.4355 0.0229297
0.4365 0.0231693
0.4375 0.0240435
0.4385 0.0248327
0.4395 0.0248226
0.4405 0.0235499
0.4415 0.0209744
0.4425 0.0175156
0.4435 0.013935
0.4445 0.0110982
0.4455 0.00969027
0.4465 0.00997829
0.4475 0.0117005
0.4485 0.0141239
0.4495 0.0162577
0.4505 0.0171599
0.4515 0.0162413
0.4525 0.0134711
0.4535 0.00941297
0.4545 0.0050774
0.4555 0.00162696
0.4565 2.29929e-05
0.4575 0.000719638
0.4585 0.00350082
0.4595 0.00751424
0.4605 0.0114985
0.4615 0.0141416
0.4625 0.0144677
0.4635 0.0121396
0.4645 0.00758504
0.4655 0.00190522
0.4665 -0.00341402
0.4675 -0.00691136
0.4685 -0.00756616
0.4695 -0.00510425
0.4705 -0.000104942
0.4715 0.00612537
0.4725 0.0118839
0.4735 0.0155205
0.4745 0.0158864
0.4755 0.0126617
0.4765 0.00647051
0.4775 -0.00124864
0.4785 -0.00859096
0.4795 -0.0136638
0.4805 -0.0150753
0.4815 -0.0123073
0.4825 -0.00587698
0.4835 0.00275865
0.4845 0.011535
0.4855 0.0182703
0.4865 0.0211961
0.4875 0.0193993
0.4885 0.0130676
0.4895 0.00347701
0.4905 -0.00727811
0.4915 -0.0167517
0.4925 -0.0227032
0.4935 -0.0236174
0.4945 -0.0190687
0.4955 -0.00984479
0.4965 0.00219698
0.4975 0.0145133
0.4985 0.0244143
0.4995 0.0296431
0.5005 0.0288704
0.5015 0.0219985
0.5025 0.0102093
0.5035 -0.00425417
0.5045 -0.0185292
0.5055 -0.0297046
0.5065 -0.0354084
0.5075 -0.0342905
0.5085 -0.0263074
0.5095 -0.0127525
0.5105 0.00397225
0.5115 0.0207968
0.5125 0.0345515
0.5135 0.0425563
0.5145 0.043121
0.5155 0.0358675
0.5165 0.0218158
0.5175 0.00322034
0.5185 -0.016811
0.5195 -0.034849
0.5205 -0.0477305
0.5215 -0.0530989
0.5225 -0.0498077
0.5235 -0.0381189
0.5245 -0.0196681
0.5255 0.00279274
0.5265 0.0258284
0.5275 0.0458562
0.5285 0.0596969
0.5295 0.0650583
0.5305 0.06088
0.5315 0.0474919
0.5325 0.0265703
0.5335 0.000899601
0.5345 -0.0260207
0.5355 -0.0504661
0.5365 -0.0690035
0.5375 -0.0789609
0.5385 -0.0787848
0.5395 -0.0682398
0.5405 -0.0484282
0.5415 -0.0216344
0.5425 0.00897606
0.5435 0.0397561
0.5445 0.0670205
0.5455 0.0874775
0.5465 0.0986008
0.5475 0.0989046
0.5485 0.0880975
0.5495 0.0671036
0.5505 0.0379517
0.5515 0.00354695
0.5525 -0.0326476
0.5535 -0.0669826
0.5545 -0.0960025
0.5555 -0.116789
0.5565 -0.127229
0.5575 -0.126191
0.5585 -0.113585
0.5595 -0.0903315
0.5605 -0.0582418
0.5615 -0.0198418
0.5625 0.0218501
0.5635 0.0635681
0.5645 0.102054
0.5655 0.134308
0.5665 0.157817
0.5675 0.170736
0.5685 0.172012
0.5695 0.161429
0.5705 0.139574
0.5715 0.107735
0.5725 0.0677647
0.5735 0.0219115
0.5745 -0.0273323
0.5755 -0.0773714
0.5765 -0.125628
0.5775 -0.169653
0.5785 -0.207227
0.5795 -0.236471
0.5805 -0.255936
0.5815 -0.264674
0.5825 -0.262263
0.5835 -0.248784
0.5845 -0.224743
0.5855 -0.190967
0.5865 -0.148494
0.5875 -0.0984812
0.5885 -0.0421581
0.5895 0.0191983
0.5905 0.0842623
0.5915 0.151667
0.5925 0.22004
0.5935 0.288067
0.5945 0.354581
0.5955 0.41864
0.5965 0.479574
0.5975 0.536977
0.5985 0.590651
0.5995 0.64051
0.6005 0.686497
0.6015 0.728524
0.6025 0.766477
0.6035 0.800269
0.6045 0.829914
0.6055 0.8556
0.6065 0.877699
0.6075 0.89673
0.6085 0.913254
0.6095 0.92776
0.6105 0.940567
0.6115 0.95179
0.6125 0.961383
0.6135 0.969243
0.6145 0.97534
0.6155 0.979815
0.6165 0.983007
0.6175 0.985404
0.6185 0.987516
0.6195 0.989729
0.6205 0.992189
0.6215 0.994769
0.6225 0.997133
0.6235 0.998877
0.6245 0.999699
0.6255 0.999545
0.6265 0.998654
0.6275 0.997505
0.6285 0.996662
0.6295 0.99658
0.6305 0.997439
0.6315 0.999068
0.6325 1.00099
0.6335 1.00257
0.6345 1.00325
0.6355 1.00276
0.6365 1.00119
0.6375 0.999049
0.6385 0.997044
0.6395 0.995891
0.6405 0.996054
0.6415 0.997569
0.6425 1.00002
0.6435 1.00264
0.6445 1.00456
0.6455 1.00509
0.6465 1.00397
0.6475 1.00146
0.6485 0.998291
0.6495 0.995446
0.6505 0.993869
0.6515 0.994147
0.6525 0.996311
0.6535 0.999794
0.6545 1.00359
0.6555 1.00652
0.6565 1.00764
0.6575 1.00648
0.6585 1.00326
0.6595 0.998835
0.6605 0.994461
0.6615 0.991451
0.6625 0.990777
0.6635 0.992778
0.6645 0.997023
0.6655 1.00241
0.6665 1.00746
0.6675 1.0107
0.6685 1.01111
0.6695 1.00842
0.6705 1.0032
0.6715 0.996769
0.6725 0.99082
0.6735 0.987005
0.6745 0.986471
0.6755 0.989538
0.6765 0.995582
0.6775 1.00316
0.6785 1.01038
0.6795 1.01533
0.6805 1.01662
0.6815 1.01375
0.6825 1.00722
0.6835 0.998489
0.6845 0.989626
0.6855 0.982809
0.6865 0.979807
0.6875 0.981531
0.6885 0.987795
0.6895 0.997323
0.6905 1.00802
0.6915 1.01744
0.6925 1.02334
0.6935 1.02421
0.6945 1.01962
0.6955 1.01035
0.6965 0.998271
0.6975 0.98592
0.6985 0.975988
0.6995 0.970731
0.7005 0.971477
0.7015 0.978322
0.7025 0.990084
0.7035 1.00452
0.7045 1.01877
0.7055 1.02993
0.7065 1.03562
0.7075 1.03449
0.7085 1.02649
0.7095 1.01292
0.7105 0.99618
0.7115 0.979338
0.7125 0.96557
0.7135 0.957558
0.7145 0.956989
0.7155 0.96424
0.7165 0.978286
0.7175 0.996871
0.7185 1.01689
0.7195 1.03491
0.7205 1.04778
0.7215 1.05315
0.7225 1.04986
0.7235 1.03818
0.7245 1.01973
0.7255 0.997261
0.7265 0.97421
0.7275 0.954166
0.7285 0.940315
0.7295 0.934956
0.7305 0.939146
0.7315 0.952548
0.7325 0.973477
0.7335 0.999142
0.7345 1.02604
0.7355 1.05047
0.7365 1.06899
0.7375 1.07895
0.7385 1.07879
0.7395 1.06827
0.7405 1.04848
0.7415 1.02168
0.7425 0.991052
0.7435 0.960238
0.7445 0.932944
0.7455 0.912478
0.7465 0.901373
0.7475 0.901107
0.7485 0.911954
0.7495 0.932966
0.7505 0.962103
0.7515 0.996464
0.7525 1.03261
0.7535 1.06691
0.7545 1.09593
0.7555 1.11676
0.7565 1.12727
0.7575 1.12628
0.7585 1.11369
0.7595 1.09039
0.7605 1.05823
0.7615 1.01975
0.7625 0.97802
0.7635 0.936328
0.7645 0.897925
0.7655 0.865774
0.7665 0.842338
0.7675 0.829421
0.7685 0.828069
0.7695 0.838527
0.7705 0.860267
0.7715 0.892058
0.7725 0.932079
0.7735 0.978065
0.7745 1.02747
0.7755 1.07762
0.7765 1.12587
0.7775 1.16978
0.7785 1.20716
0.7795 1.23623
0.7805 1.25561
0.7815 1.26441
0.7825 1.2622
0.7835 1.24896
0.7845 1.22511
0.7855 1.19136
0.7865 1.14874
0.7875 1.09845
0.7885 1.04184
0.7895 0.98031
0.7905 0.915282
0.7915 0.848123
0.7925 0.780115
0.7935 0.712417
0.7945 0.646047
0.7955 0.581866
0.7965 0.520575
0.7975 0.462716
0.7985 0.408678
0.7995 0.358713
0.8005 0.312949
0.8015 0.271403
0.8025 0.234007
0.8035 0.200616
0.8045 0.171031
0.8055 0.145012
0.8065 0.122293
0.8075 0.10259
0.8085 0.0856173
0.8095 0.0710898
0.8105 0.0587328
0.8115 0.0482857
0.8125 0.0395052
0.8135 0.032168
0.8145 0.026071
0.8155 0.0210322
0.8165 0.0168903
0.8175 0.0135034
0.8185 0.0107481
0.8195 0.00851774
0.8205 0.00672125
0.8215 0.0052812
0.8225 0.00413233
0.8235 0.00322004
0.8245 0.00249892
0.8255 0.00193148
0.8265 0.00148695
0.8275 0.00114022
0.8285 0.000870942
0.8295 0.000662696
0.8305 0.000502323
0.8315 0.000379326
0.8325 0.000285378
0.8335 0.000213907
0.8345 0.000159749
0.8355 0.000118872
0.8365 8.81379e-05
0.8375 6.51183e-05
0.8385 4.79418e-05
0.8395 3.51731e-05
0.8405 2.57162e-05
0.8415 1.87376e-05
0.8425 1.36066e-05
0.8435 9.84737e-06
0.8445 7.10301e-06
0.8455 5.10654e-06
0.8465 3.6592e-06
0.8475 2.61355e-06
0.8485 1.86068e-06
0.8495 1.32045e-06
0.8505 9.34091e-07
0.8515 6.58698e-07
0.8525 4.63045e-07
0.8535 3.24496e-07
0.8545 2.26701e-07
0.8555 1.57895e-07
0.8565 1.09638e-07
0.8575 7.58996e-08
0.8585 5.2386e-08
0.8595 3.60493e-08
0.8605 2.47338e-08
0.8615 1.69203e-08
0.8625 1.15414e-08
0.8635 7.84954e-09
0.8645 5.32326e-09
0.8655 3.5997e-09
0.8665 2.42726e-09
0.8675 1.63207e-09
0.8685 1.0943e-09
0.8695 7.31677e-10
0.8705 4.87859e-10
0.8715 3.2439e-10
0.8725 2.15104e-10
0.8735 1.42246e-10
0.8745 9.38105e-11
0.8755 6.17006e-11
0.8765 4.04724e-11
0.8775 2.6477e-11
0.8785 1.72752e-11
0.8795 1.12417e-11
0.8805 7.29624e-12
0.8815 4.72319e-12
0.8825 3.04965e-12
0.8835 1.96408e-12
0.8845 1.26177e-12
0.8855 8.08639e-13
0.8865 5.17058e-13
0.8875 3.29947e-13
0.8885 2.10218e-13
0.8895 1.33839e-13
0.8905 8.52842e-14
0.8915 5.4548e-14
0.8925 3.52029e-14
0.8935 2.31318e-14
0.8945 1.57069e-14
0.8955 1.12572e-14
0.8965 8.72574e-15
0.8975 7.44893e-15
0.8985 7.01486e-15
0.8995 7.17299e-15
0.9005 7.77663e-15
0.9015 8.74667e-15
0.9025 1.00487e-14
0.9035 1.16792e-14
0.9045 1.36566e-14
0.9055 1.6017e-14
0.9065 1.88114e-14
0.9075 2.21047e-14
0.9085 2.59762e-14
0.9095 3.05206e-14
0.9105 3.58493e-14
0.9115 4.20933e-14
0.9125 4.94054e-14
0.9135 5.7964e-14
0.9145 6.79767e-14
0.9155 7.96854e-14
0.9165 9.33711e-14
0.9175 1.09361e-13
0.9185 1.28034e-13
0.9195 1.49832e-13
0.9205 1.75265e-13
0.9215 2.04929e-13
0.9225 2.39511e-13
0.9235 2.7981e-13
0.9245 3.26749e-13
0.9255 3.814e-13
0.9265 4.45001e-13
0.9275 5.18987e-13
0.9285 6.05017e-13
0.9295 7.05006e-13
0.9305 8.2117e-13
0.9315 9.56066e-13
0.9325 1.11265e-12
0.9335 1.29432e-12
0.9345 1.50502e-12
0.9355 1.74928e-12
0.9365 2.03231e-12
0.9375 2.36012e-12
0.9385 2.73965e-12
0.9395 3.17886e-12
0.9405 3.68691e-12
0.9415 4.27433e-12
0.9425 4.95325e-12
0.9435 5.73756e-12
0.9445 6.64324e-12
0.9455 7.6886e-12
0.9465 8.89469e-12
0.9475 1.02856e-11
0.9485 1.1889e-11
0.9495 1.37364e-11
0.9505 1.58642e-11
0.9515 1.83139e-11
0.9525 2.11328e-11
0.9535 2.43753e-11
0.9545 2.81034e-11
0.9555 3.23879e-11
0.9565 3.73097e-11
0.9575 4.29613e-11
0.9585 4.94481e-11
0.9595 5.68901e-11
0.9605 6.54245e-11
0.9615 7.52072e-11
0.9625 8.64162e-11
0.9635 9.92537e-11
0.9645 1.1395e-10
0.9655 1.30767e-10
0.9665 1.50002e-10
0.9675 1.71994e-10
0.9685 1.97127e-10
0.9695 2.25837e-10
0.9705 2.58618e-10
0.9715 2.96033e-10
0.9725 3.38718e-10
0.9735 3.87393e-10
0.9745 4.42876e-10
0.9755 5.06092e-10
0.9765 5.78086e-10
0.9775 6.60043e-10
0.9785 7.53301e-10
0.9795 8.59373e-10
0.9805 9.79967e-10
0.9815 1.11701e-09
0.9825 1.27268e-09
0.9835 1.44944e-09
0.9845 1.65005e-09
0.9855 1.87763e-09
0.9865 2.1357e-09
0.9875 2.42822e-09
0.9885 2.75964e-09
0.9895 3.13497e-09
0.9905 3.55984e-09
0.9915 4.0406e-09
0.9925 4.58435e-09
0.9935 5.19908e-09
0.9945 5.89377e-09
0.9955 6.67846e-09
0.9965 7.56444e-09
0.9975 8.56435e-09
0.9985 9.69236e-09
0.9995 1.09643e-08
