
# time= 0.4984
0.0005 0.00028434
0.0015 0.000262222
0.0025 0.000241728
0.0035 0.000222746
0.0045 0.000205173
0.0055 0.000188911
0.0065 0.000173868
0.0075 0.00015996
0.0085 0.000147105
0.0095 0.000135229
0.0105 0.000124263
0.0115 0.00011414
0.0125 0.000104799
0.0135 9.61852e-05
0.0145 8.82438e-05
0.0155 8.09258e-05
0.0165 7.41849e-05
0.0175 6.79785e-05
0.0185 6.22664e-05
0.0195 5.70115e-05
0.0205 5.21792e-05
0.0215 4.77375e-05
0.0225 4.36564e-05
0.0235 3.99082e-05
0.0245 3.64673e-05
0.0255 3.33098e-05
0.0265 3.04135e-05
0.0275 2.7758e-05
0.0285 2.53242e-05
0.0295 2.30946e-05
0.0305 2.10529e-05
0.0315 1.9184e-05
0.0325 1.7474e-05
0.0335 1.59101e-05
0.0345 1.44804e-05
0.0355 1.31739e-05
0.0365 1.19805e-05
0.0375 1.08908e-05
0.0385 9.8964e-06
0.0395 8.9893e-06
0.0405 8.16197e-06
0.0415 7.40726e-06
0.0425 6.71926e-06
0.0435 6.09389e-06
0.0445 5.52744e-06
0.0455 5.01238e-06
0.0465 4.53583e-06
0.0475 4.08933e-06
0.0485 3.68717e-06
0.0495 3.36511e-06
0.0505 3.12807e-06
0.0515 2.8773e-06
0.0525 2.44334e-06
0.0535 1.82569e-06
0.0545 1.46312e-06
0.0555 2.02846e-06
0.0565 3.44687e-06
0.0575 3.91735e-06
0.0585 7.92837e-07
0.0595 -5.76372e-06
0.0605 -9.21905e-06
0.0615 4.7891e-07
0.0625 2.45179e-05
0.0635 4.22208e-05
0.0645 1.74059e-05
0.0655 -6.4164e-05
0.0665 -0.000148922
0.0675 -0.000118922
0.0685 0.000111531
0.0695 0.000448422
0.0705 0.000566233
0.0715 9.9811e-05
0.0725 -0.000952052
0.0735 -0.00191688
0.0745 -0.00165017
0.0755 0.000610118
0.0765 0.00418847
0.0775 0.00663694
0.0785 0.00485456
0.0795 -0.00256936
0.0805 -0.0132012
0.0815 -0.0206525
0.0825 -0.0174429
0.0835 0.000177195
0.0845 0.0281764
0.0855 0.0543652
0.0865 0.0628162
0.0875 0.0414394
0.0885 -0.0109877
0.0895 -0.0820467
0.0905 -0.14879
0.0915 -0.185428
0.0925 -0.172137
0.0935 -0.101303
0.0945 0.020991
0.0955 0.178111
0.0965 0.348718
0.0975 0.512771
0.0985 0.655721
0.0995 0.770099
0.1005 0.854841
0.1015 0.913304
0.1025 0.951007
0.1035 0.9738
0.1045 0.986741
0.1055 0.993651
0.1065 0.997125
0.1075 0.998769
0.1085 0.999502
0.1095 0.99981
0.1105 0.999931
0.1115 0.999977
0.1125 0.999993
0.1135 0.999998
0.1145 0.999999
0.1155 1
0.1165 1
0.1175 1
0.1185 1
0.1195 1
0.1205 1
0.1215 1
0.1225 1
0.1235 1
0.1245 1
0.1255 1
0.1265 1
0.1275 1
0.1285 1
0.1295 1
0.1305 1
0.1315 1
0.1325 1
0.1335 1
0.1345 1
0.1355 1
0.1365 1
0.1375 1
0.1385 1
0.1395 1
0.1405 1
0.1415 1
0.1425 1
0.1435 1
0.1445 1
0.1455 1
0.1465 1
0.1475 1
0.1485 1
0.1495 1
0.1505 1
0.1515 1
0.1525 1
0.1535 1
0.1545 1
0.1555 1
0.1565 1
0.1575 1
0.1585 1
0.1595 1
0.1605 1
0.1615 1
0.1625 1
0.1635 1
0.1645 1
0.1655 1
0.1665 1
0.1675 1
0.1685 1
0.1695 1
0.1705 1
0.1715 1
0.1725 1
0.1735 1
0.1745 1
0.1755 1
0.1765 1
0.1775 1
0.1785 1
0.1795 1
0.1805 1
0.1815 1
0.1825 1
0.1835 1
0.1845 1
0.1855 1
0.1865 1
0.1875 1
0.1885 1
0.1895 1
0.1905 1
0.1915 1
0.1925 1
0.1935 1
0.1945 1
0.1955 1
0.1965 1
0.1975 1
0.1985 1
0.1995 1
0.2005 1
0.2015 1
0.2025 1
0.2035 1
0.2045 1
0.2055 1
0.2065 1
0.2075 1
0.2085 1
0.2095 1
0.2105 1
0.2115 1
0.2125 1
0.2135 1
0.2145 1
0.2155 1
0.2165 1
0.2175 1
0.2185 1
0.2195 1
0.2205 1
0.2215 1
0.2225 1
0.2235 1
0.2245 1
0.2255 1
0.2265 1
0.2275 1
0.2285 1
0.2295 1
0.2305 1
0.2315 1
0.2325 1
0.2335 1
0.2345 1
0.2355 1
0.2365 1
0.2375 1
0.2385 1
0.2395 1
0.2405 1
0.2415 1
0.2425 1
0.2435 1
0.2445 1
0.2455 1
0.2465 1
0.2475 1
0.2485 1
0.2495 1
0.2505 1
0.2515 1
0.2525 1
0.2535 1
0.2545 1
0.2555 1
0.2565 0.999998
0.2575 0.999998
0.2585 1
0.2595 1.00001
0.2605 1.00001
0.2615 1
0.2625 0.999976
0.2635 0.999959
0.2645 0.999983
0.2655 1.00006
0.2665 1.00015
0.2675 1.00012
0.2685 0.999889
0.2695 0.999552
0.2705 0.999434
0.2715 0.999901
0.2725 1.00095
0.2735 1.00192
0.2745 1.00165
0.2755 0.99939
0.2765 0.995812
0.2775 0.993363
0.2785 0.995146
0.2795 1.00257
0.2805 1.0132
0.2815 1.02065
0.2825 1.01744
0.2835 0.999823
0.2845 0.971824
0.2855 0.945635
0.2865 0.937184
0.2875 0.958561
0.2885 1.01099
0.2895 1.08205
0.2905 1.14879
0.2915 1.18543
0.2925 1.17214
0.2935 1.1013
0.2945 0.979009
0.2955 0.821889
0.2965 0.651282
0.2975 0.48723
0.2985 0.344279
0.2995 0.229901
0.3005 0.145159
0.3015 0.0866962
0.3025 0.0489929
0.3035 0.0262002
0.3045 0.013259
0.3055 0.00634867
0.3065 0.00287528
0.3075 0.00123112
0.3085 0.000498046
0.3095 0.000190213
0.3105 6.85159e-05
0.3115 2.325e-05
0.3125 7.42252e-06
0.3135 2.22585e-06
0.3145 6.25859e-07
0.3155 1.64664e-07
0.3165 4.04422e-08
0.3175 9.24728e-09
0.3185 1.9624e-09
0.3195 3.8513e-10
0.3205 6.96108e-11
0.3215 1.15321e-11
0.3225 1.74123e-12
0.3235 2.38016e-13
0.3245 2.92194e-14
0.3255 3.19007e-15
0.3265 3.06017e-16
0.3275 2.54379e-17
0.3285 1.84745e-18
0.3295 1.78636e-19
0.3305 9.54477e-20
0.3315 1.09556e-19
0.3325 1.31889e-19
0.3335 1.58936e-19
0.3345 1.91458e-19
0.3355 2.30542e-19
0.3365 2.77493e-19
0.3375 3.33872e-19
0.3385 4.01544e-19
0.3395 4.82738e-19
0.3405 5.80117e-19
0.3415 6.9686e-19
0.3425 8.36759e-19
0.3435 1.00434e-18
0.3445 1.205e-18
0.3455 1.44517e-18
0.3465 1.73251e-18
0.3475 2.07615e-18
0.3485 2.48695e-18
0.3495 2.97783e-18
0.3505 3.56417e-18
0.3515 4.26425e-18
0.3525 5.0998e-18
0.3535 6.09661e-18
0.3545 7.28533e-18
0.3555 8.70233e-18
0.3565 1.03908e-17
0.3575 1.24018e-17
0.3585 1.47961e-17
0.3595 1.76456e-17
0.3605 2.10354e-17
0.3615 2.50662e-17
0.3625 2.98576e-17
0.3635 3.55504e-17
0.3645 4.23117e-17
0.3655 5.03387e-17
0.3665 5.98644e-17
0.3675 7.11642e-17
0.3685 8.45628e-17
0.3695 1.00444e-16
0.3705 1.19259e-16
0.3715 1.41542e-16
0.3725 1.67922e-16
0.3735 1.99137e-16
0.3745 2.36061e-16
0.3755 2.79718e-16
0.3765 3.31316e-16
0.3775 3.92275e-16
0.3785 4.64262e-16
0.3795 5.4924e-16
0.3805 6.49511e-16
0.3815 7.6778e-16
0.3825 9.07219e-16
0.3835 1.07155e-15
0.3845 1.26514e-15
0.3855 1.49311e-15
0.3865 1.76145e-15
0.3875 2.07718e-15
0.3885 2.44851e-15
0.3895 2.88507e-15
0.3905 3.3981e-15
0.3915 4.00076e-15
0.3925 4.7084e-15
0.3935 5.53898e-15
0.3945 6.51347e-15
0.3955 7.65632e-15
0.3965 8.99609e-15
0.3975 1.05661e-14
0.3985 1.2405e-14
0.3995 1.45582e-14
0.4005 1.70783e-14
0.4015 2.00265e-14
0.4025 2.34743e-14
0.4035 2.75046e-14
0.4045 3.22139e-14
0.4055 3.77144e-14
0.4065 4.41363e-14
0.4075 5.16311e-14
0.4085 6.03742e-14
0.4095 7.05696e-14
0.4105 8.24536e-14
0.4115 9.63002e-14
0.4125 1.12427e-13
0.4135 1.31202e-13
0.4145 1.5305e-13
0.4155 1.78465e-13
0.4165 2.08017e-13
0.4175 2.42365e-13
0.4185 2.82271e-13
0.4195 3.28616e-13
0.4205 3.82417e-13
0.4215 4.44847e-13
0.4225 5.17262e-13
0.4235 6.01223e-13
0.4245 6.98531e-13
0.4255 8.11264e-13
0.4265 9.41812e-13
0.4275 1.09293e-12
0.4285 1.26778e-12
0.4295 1.47002e-12
0.4305 1.70384e-12
0.4315 1.97405e-12
0.4325 2.2862e-12
0.4335 2.64664e-12
0.4345 3.06269e-12
0.4355 3.54271e-12
0.4365 4.09632e-12
0.4375 4.73454e-12
0.4385 5.47001e-12
0.4395 6.31718e-12
0.4405 7.29264e-12
0.4415 8.41533e-12
0.4425 9.70697e-12
0.4435 1.11924e-11
0.4445 1.28999e-11
0.4455 1.48619e-11
0.4465 1.71155e-11
0.4475 1.9703e-11
0.4485 2.26724e-11
0.4495 2.6079e-11
0.4505 2.99853e-11
0.4515 3.44629e-11
0.4525 3.95933e-11
0.4535 4.54691e-11
0.4545 5.2196e-11
0.4555 5.9894e-11
0.4565 6.86998e-11
0.4575 7.87687e-11
0.4585 9.0277e-11
0.4595 1.03425e-10
0.4605 1.18441e-10
0.4615 1.35582e-10
0.4625 1.55142e-10
0.4635 1.77452e-10
0.4645 2.02889e-10
0.4655 2.31879e-10
0.4665 2.64906e-10
0.4675 3.02515e-10
0.4685 3.45324e-10
0.4695 3.94034e-10
0.4705 4.49434e-10
0.4715 5.12418e-10
0.4725 5.83993e-10
0.4735 6.65299e-10
0.4745 7.57622e-10
0.4755 8.62409e-10
0.4765 9.81296e-10
0.4775 1.11612e-09
0.4785 1.26897e-09
0.4795 1.44216e-09
0.4805 1.63834e-09
0.4815 1.86046e-09
0.4825 2.11184e-09
0.4835 2.39623e-09
0.4845 2.71782e-09
0.4855 3.08133e-09
0.4865 3.49207e-09
0.4875 3.95597e-09
0.4885 4.4797e-09
0.4895 5.07073e-09
0.4905 5.73743e-09
0.4915 6.48919e-09
0.4925 7.33651e-09
0.4935 8.29113e-09
0.4945 9.36622e-09
0.4955 1.05765e-08
0.4965 1.19383e-08
0.4975 1.34701e-08
0.4985 1.51923e-08
0.4995 1.71279e-08
0.5005 1.93023e-08
0.5015 2.1744e-08
0.5025 2.44848e-08
0.5035 2.75599e-08
0.5045 3.10089e-08
0.5055 3.48755e-08
0.5065 3.92085e-08
0.5075 4.40622e-08
0.5085 4.94969e-08
0.5095 5.55795e-08
0.5105 6.23847e-08
0.5115 6.9995e-08
0.5125 7.85022e-08
0.5135 8.8008e-08
0.5145 9.86253e-08
0.5155 1.10479e-07
0.5165 1.23708e-07
0.5175 1.38466e-07
0.5185 1.54922e-07
0.5195 1.73264e-07
0.5205 1.937e-07
0.5215 2.16459e-07
0.5225 2.41796e-07
0.5235 2.6999e-07
0.5245 3.01351e-07
0.5255 3.36219e-07
0.5265 3.74972e-07
0.5275 4.18024e-07
0.5285 4.65832e-07
0.5295 5.18899e-07
0.5305 5.7778e-07
0.5315 6.43085e-07
0.5325 7.15484e-07
0.5335 7.95714e-07
0.5345 8.84586e-07
0.5355 9.8299e-07
0.5365 1.0919e-06
0.5375 1.2124e-06
0.5385 1.34565e-06
0.5395 1.49294e-06
0.5405 1.6557e-06
0.5415 1.83546e-06
0.5425 2.03393e-06
0.5435 2.25295e-06
0.5445 2.49456e-06
0.5455 2.76096e-06
0.5465 3.0546e-06
0.5475 3.37811e-06
0.5485 3.73438e-06
0.5495 4.12658e-06
0.5505 4.55813e-06
0.5515 5.0328e-06
0.5525 5.55467e-06
0.5535 6.1282e-06
0.5545 6.75824e-06
0.5555 7.45006e-06
0.5565 8.20942e-06
0.5575 9.04254e-06
0.5585 9.95622e-06
0.5595 1.09578e-05
0.5605 1.20554e-05
0.5615 1.32575e-05
0.5625 1.45737e-05
0.5635 1.60141e-05
0.5645 1.75899e-05
0.5655 1.9313e-05
0.5665 2.11963e-05
0.5675 2.3254e-05
0.5685 2.55012e-05
0.5695 2.79544e-05
0.5705 3.06312e-05
0.5715 3.3551e-05
0.5725 3.67344e-05
0.5735 4.02036e-05
0.5745 4.39829e-05
0.5755 4.80982e-05
0.5765 5.25774e-05
0.5775 5.74508e-05
0.5785 6.27506e-05
0.5795 6.8512e-05
0.5805 7.47723e-05
0.5815 8.1572e-05
0.5825 8.89544e-05
0.5835 9.6966e-05
0.5845 0.000105657
0.5855 0.00011508
0.5865 0.000125294
0.5875 0.00013636
0.5885 0.000148344
0.5895 0.000161316
0.5905 0.000175352
0.5915 0.000190533
0.5925 0.000206946
0.5935 0.000224682
0.5945 0.00024384
0.5955 0.000264526
0.5965 0.000286852
0.5975 0.000310938
0.5985 0.000336911
0.5995 0.000364908
0.6005 0.000395072
0.6015 0.000427559
0.6025 0.000462531
0.6035 0.000500164
0.6045 0.000540642
0.6055 0.000584162
0.6065 0.000630932
0.6075 0.000681173
0.6085 0.000735121
0.6095 0.000793023
0.6105 0.000855144
0.6115 0.000921761
0.6125 0.00099317
0.6135 0.00106968
0.6145 0.00115163
0.6155 0.00123935
0.6165 0.00133323
0.6175 0.00143364
0.6185 0.00154099
0.6195 0.00165572
0.6205 0.00177828
0.6215 0.00190915
0.6225 0.00204883
0.6235 0.00219784
0.6245 0.00235675
0.6255 0.00252614
0.6265 0.00270662
0.6275 0.00289882
0.6285 0.00310344
0.6295 0.00332116
0.6305 0.00355274
0.6315 0.00379895
0.6325 0.00406058
0.6335 0.0043385
0.6345 0.00463359
0.6355 0.00494676
0.6365 0.00527898
0.6375 0.00563126
0.6385 0.00600465
0.6395 0.00640022
0.6405 0.00681913
0.6415 0.00726254
0.6425 0.00773169
0.6435 0.00822784
0.6445 0.00875233
0.6455 0.00930653
0.6465 0.00989185
0.6475 0.0105098
0.6485 0.0111618
0.6495 0.0118496
0.6505 0.0125747
0.6515 0.0133388
0.6525 0.0141437
0.6535 0.0149912
0.6545 0.0158831
0.6555 0.0168213
0.6565 0.0178078
0.6575 0.0188446
0.6585 0.0199338
0.6595 0.0210774
0.6605 0.0222778
0.6615 0.0235371
0.6625 0.0248577
0.6635 0.0262418
0.6645 0.0276919
0.6655 0.0292104
0.6665 0.0307999
0.6675 0.0324628
0.6685 0.0342019
0.6695 0.0360196
0.6705 0.0379188
0.6715 0.0399022
0.6725 0.0419725
0.6735 0.0441325
0.6745 0.0463851
0.6755 0.0487331
0.6765 0.0511796
0.6775 0.0537273
0.6785 0.0563792
0.6795 0.0591384
0.6805 0.0620078
0.6815 0.0649904
0.6825 0.0680891
0.6835 0.0713071
0.6845 0.0746472
0.6855 0.0781125
0.6865 0.081706
0.6875 0.0854306
0.6885 0.0892892
0.6895 0.0932847
0.6905 0.09742
0.6915 0.101698
0.6925 0.106121
0.6935 0.110692
0.6945 0.115414
0.6955 0.12029
0.6965 0.125321
0.6975 0.13051
0.6985 0.13586
0.6995 0.141372
0.7005 0.147049
0.7015 0.152893
0.7025 0.158905
0.7035 0.165088
0.7045 0.171443
0.7055 0.177971
0.7065 0.184674
0.7075 0.191552
0.7085 0.198607
0.7095 0.20584
0.7105 0.21325
0.7115 0.220839
0.7125 0.228607
0.7135 0.236553
0.7145 0.244677
0.7155 0.252979
0.7165 0.261458
0.7175 0.270113
0.7185 0.278943
0.7195 0.287946
0.7205 0.297121
0.7215 0.306465
0.7225 0.315977
0.7235 0.325654
0.7245 0.335493
0.7255 0.34549
0.7265 0.355644
0.7275 0.365949
0.7285 0.376402
0.7295 0.386999
0.7305 0.397734
0.7315 0.408604
0.7325 0.419604
0.7335 0.430727
0.7345 0.441967
0.7355 0.45332
0.7365 0.464778
0.7375 0.476336
0.7385 0.487985
0.7395 0.499719
0.7405 0.511531
0.7415 0.523412
0.7425 0.535355
0.7435 0.547351
0.7445 0.559392
0.7455 0.57147
0.7465 0.583574
0.7475 0.595697
0.7485 0.607828
0.7495 0.619958
0.7505 0.632077
0.7515 0.644175
0.7525 0.656242
0.7535 0.668268
0.7545 0.680241
0.7555 0.692153
0.7565 0.703991
0.7575 0.715745
0.7585 0.727404
0.7595 0.738958
0.7605 0.750394
0.7615 0.761703
0.7625 0.772873
0.7635 0.783893
0.7645 0.794752
0.7655 0.80544
0.7665 0.815944
0.7675 0.826255
0.7685 0.836361
0.7695 0.846252
0.7705 0.855918
0.7715 0.865348
0.7725 0.874532
0.7735 0.88346
0.7745 0.892122
0.7755 0.900508
0.7765 0.90861
0.7775 0.916418
0.7785 0.923923
0.7795 0.931117
0.7805 0.937992
0.7815 0.94454
0.7825 0.950753
0.7835 0.956624
0.7845 0.962146
0.7855 0.967314
0.7865 0.97212
0.7875 0.976559
0.7885 0.980626
0.7895 0.984316
0.7905 0.987625
0.7915 0.990549
0.7925 0.993084
0.7935 0.995227
0.7945 0.996976
0.7955 0.998329
0.7965 0.999284
0.7975 0.999839
0.7985 0.999995
0.7995 0.999751
0.8005 0.999107
0.8015 0.998065
0.8025 0.996624
0.8035 0.994788
0.8045 0.992559
0.8055 0.989938
0.8065 0.986929
0.8075 0.983536
0.8085 0.979762
0.8095 0.975613
0.8105 0.971093
0.8115 0.966208
0.8125 0.960962
0.8135 0.955363
0.8145 0.949416
0.8155 0.94313
0.8165 0.93651
0.8175 0.929565
0.8185 0.922303
0.8195 0.914731
0.8205 0.906859
0.8215 0.898695
0.8225 0.890249
0.8235 0.881529
0.8245 0.872546
0.8255 0.863308
0.8265 0.853828
0.8275 0.844113
0.8285 0.834176
0.8295 0.824026
0.8305 0.813674
0.8315 0.80313
0.8325 0.792407
0.8335 0.781514
0.8345 0.770462
0.8355 0.759264
0.8365 0.747929
0.8375 0.736468
0.8385 0.724893
0.8395 0.713215
0.8405 0.701445
0.8415 0.689593
0.8425 0.67767
0.8435 0.665687
0.8445 0.653655
0.8455 0.641583
0.8465 0.629483
0.8475 0.617364
0.8485 0.605236
0.8495 0.593109
0.8505 0.580993
0.8515 0.568897
0.8525 0.55683
0.8535 0.544801
0.8545 0.532819
0.8555 0.520892
0.8565 0.509029
0.8575 0.497237
0.8585 0.485524
0.8595 0.473897
0.8605 0.462364
0.8615 0.450931
0.8625 0.439606
0.8635 0.428393
0.8645 0.417299
0.8655 0.406331
0.8665 0.395492
0.8675 0.384789
0.8685 0.374225
0.8695 0.363807
0.8705 0.353537
0.8715 0.343419
0.8725 0.333458
0.8735 0.323656
0.8745 0.314017
0.8755 0.304543
0.8765 0.295237
0.8775 0.286101
0.8785 0.277137
0.8795 0.268346
0.8805 0.25973
0.8815 0.251291
0.8825 0.243028
0.8835 0.234944
0.8845 0.227037
0.8855 0.219309
0.8865 0.211759
0.8875 0.204388
0.8885 0.197194
0.8895 0.190178
0.8905 0.183337
0.8915 0.176672
0.8925 0.170182
0.8935 0.163864
0.8945 0.157718
0.8955 0.151742
0.8965 0.145934
0.8975 0.140292
0.8985 0.134814
0.8995 0.129498
0.9005 0.124343
0.9015 0.119344
0.9025 0.114501
0.9035 0.109811
0.9045 0.105271
0.9055 0.100878
0.9065 0.0966294
0.9075 0.0925231
0.9085 0.0885558
0.9095 0.0847249
0.9105 0.0810272
0.9115 0.07746
0.9125 0.0740202
0.9135 0.0707049
0.9145 0.0675111
0.9155 0.0644359
0.9165 0.0614761
0.9175 0.0586289
0.9185 0.0558912
0.9195 0.05326
0.9205 0.0507324
0.9215 0.0483055
0.9225 0.0459763
0.9235 0.0437419
0.9245 0.0415995
0.9255 0.0395462
0.9265 0.0375792
0.9275 0.0356958
0.9285 0.0338933
0.9295 0.0321689
0.9305 0.03052
0.9315 0.0289441
0.9325 0.0274386
0.9335 0.026001
0.9345 0.0246289
0.9355 0.0233199
0.9365 0.0220716
0.9375 0.0208819
0.9385 0.0197483
0.9395 0.0186688
0.9405 0.0176413
0.9415 0.0166637
0.9425 0.0157339
0.9435 0.0148501
0.9445 0.0140104
0.9455 0.0132128
0.9465 0.0124557
0.9475 0.0117373
0.9485 0.0110559
0.9495 0.0104099
0.9505 0.00979768
0.9515 0.00921782
0.9525 0.00866881
0.9535 0.00814925
0.9545 0.00765776
0.9555 0.00719304
0.9565 0.00675383
0.9575 0.0063389
0.9585 0.00594709
0.9595 0.00557726
0.9605 0.00522835
0.9615 0.0048993
0.9625 0.00458913
0.9635 0.00429688
0.9645 0.00402164
0.9655 0.00376252
0.9665 0.00351869
0.9675 0.00328935
0.9685 0.00307373
0.9695 0.00287109
0.9705 0.00268074
0.9715 0.00250202
0.9725 0.00233427
0.9735 0.00217691
0.9745 0.00202934
0.9755 0.00189101
0.9765 0.00176142
0.9775 0.00164005
0.9785 0.00152643
0.9795 0.00142012
0.9805 0.00132068
0.9815 0.00122771
0.9825 0.00114084
0.9835 0.00105969
0.9845 0.000983913
0.9855 0.000913193
0.9865 0.000847218
0.9875 0.000785696
0.9885 0.00072835
0.9895 0.00067492
0.9905 0.00062516
0.9915 0.000578837
0.9925 0.000535733
0.9935 0.00049564
0.9945 0.000458365
0.9955 0.000423724
0.9965 0.000391544
0.9975 0.000361664
0.9985 0.000333931
0.9995 0.000308201

# time= 0.9968
0.0005 2.30264e-08
0.0015 2.59266e-08
0.0025 2.91803e-08
0.0035 3.28292e-08
0.0045 3.69194e-08
0.0055 4.15026e-08
0.0065 4.66359e-08
0.0075 5.23831e-08
0.0085 5.88149e-08
0.0095 6.60099e-08
0.0105 7.40552e-08
0.0115 8.30478e-08
0.0125 9.30948e-08
0.0135 1.04315e-07
0.0145 1.16841e-07
0.0155 1.30819e-07
0.0165 1.4641e-07
0.0175 1.63792e-07
0.0185 1.83165e-07
0.0195 2.04747e-07
0.0205 2.2878e-07
0.0215 2.55532e-07
0.0225 2.85296e-07
0.0235 3.184e-07
0.0245 3.55201e-07
0.0255 3.96097e-07
0.0265 4.41524e-07
0.0275 4.91963e-07
0.0285 5.47944e-07
0.0295 6.1005e-07
0.0305 6.78922e-07
0.0315 7.55265e-07
0.0325 8.39856e-07
0.0335 9.33546e-07
0.0345 1.03727e-06
0.0355 1.15205e-06
0.0365 1.27903e-06
0.0375 1.41943e-06
0.0385 1.5746e-06
0.0395 1.74604e-06
0.0405 1.93536e-06
0.0415 2.14435e-06
0.0425 2.37496e-06
0.0435 2.62931e-06
0.0445 2.90973e-06
0.0455 3.21876e-06
0.0465 3.55918e-06
0.0475 3.93402e-06
0.0485 4.34659e-06
0.0495 4.80051e-06
0.0505 5.29969e-06
0.0515 5.84843e-06
0.0525 6.4514e-06
0.0535 7.11367e-06
0.0545 7.84078e-06
0.0555 8.63873e-06
0.0565 9.51407e-06
0.0575 1.04739e-05
0.0585 1.15259e-05
0.0595 1.26785e-05
0.0605 1.39408e-05
0.0615 1.53226e-05
0.0625 1.68345e-05
0.0635 1.84883e-05
0.0645 2.02963e-05
0.0655 2.22722e-05
0.0665 2.44306e-05
0.0675 2.67875e-05
0.0685 2.93599e-05
0.0695 3.21665e-05
0.0705 3.52271e-05
0.0715 3.85635e-05
0.0725 4.2199e-05
0.0735 4.61586e-05
0.0745 5.04694e-05
0.0755 5.51608e-05
0.0765 6.0264e-05
0.0775 6.58128e-05
0.0785 7.18438e-05
0.0795 7.83959e-05
0.0805 8.55112e-05
0.0815 9.32349e-05
0.0825 0.000101615
0.0835 0.000110705
0.0845 0.000120559
0.0855 0.000131237
0.0865 0.000142804
0.0875 0.000155327
0.0885 0.000168882
0.0895 0.000183545
0.0905 0.000199402
0.0915 0.000216541
0.0925 0.000235059
0.0935 0.000255059
0.0945 0.000276649
0.0955 0.000299946
0.0965 0.000325074
0.0975 0.000352166
0.0985 0.000381363
0.0995 0.000412815
0.1005 0.000446681
0.1015 0.000483132
0.1025 0.000522348
0.1035 0.00056452
0.1045 0.000609851
0.1055 0.000658559
0.1065 0.000710872
0.1075 0.000767032
0.1085 0.000827296
0.1095 0.000891938
0.1105 0.000961244
0.1115 0.00103552
0.1125 0.00111509
0.1135 0.00120029
0.1145 0.00129148
0.1155 0.00138904
0.1165 0.00149337
0.1175 0.0016049
0.1185 0.00172406
0.1195 0.00185133
0.1205 0.00198719
0.1215 0.00213217
0.1225 0.00228681
0.1235 0.00245168
0.1245 0.00262738
0.1255 0.00281454
0.1265 0.00301383
0.1275 0.00322593
0.1285 0.00345158
0.1295 0.00369152
0.1305 0.00394657
0.1315 0.00421754
0.1325 0.00450531
0.1335 0.00481078
0.1345 0.00513491
0.1355 0.00547868
0.1365 0.00584311
0.1375 0.00622929
0.1385 0.00663833
0.1395 0.00707139
0.1405 0.00752968
0.1415 0.00801445
0.1425 0.00852702
0.1435 0.00906873
0.1445 0.00964099
0.1455 0.0102452
0.1465 0.010883
0.1475 0.0115558
0.1485 0.0122653
0.1495 0.0130132
0.1505 0.0138011
0.1515 0.0146308
0.1525 0.0155043
0.1535 0.0164232
0.1545 0.0173897
0.1555 0.0184056
0.1565 0.0194731
0.1575 0.0205943
0.1585 0.0217713
0.1595 0.0230063
0.1605 0.0243016
0.1615 0.0256595
0.1625 0.0270825
0.1635 0.028573
0.1645 0.0301333
0.1655 0.0317662
0.1665 0.0334741
0.1675 0.0352597
0.1685 0.0371256
0.1695 0.0390747
0.1705 0.0411095
0.1715 0.043233
0.1725 0.045448
0.1735 0.0477573
0.1745 0.0501638
0.1755 0.0526705
0.1765 0.0552803
0.1775 0.0579961
0.1785 0.060821
0.1795 0.0637579
0.1805 0.0668099
0.1815 0.0699798
0.1825 0.0732709
0.1835 0.0766859
0.1845 0.080228
0.1855 0.0839
0.1865 0.087705
0.1875 0.0916457
0.1885 0.0957252
0.1895 0.0999462
0.1905 0.104311
0.1915 0.108824
0.1925 0.113486
0.1935 0.1183
0.1945 0.12327
0.1955 0.128396
0.1965 0.133682
0.1975 0.13913
0.1985 0.144742
0.1995 0.15052
0.2005 0.156466
0.2015 0.162582
0.2025 0.168869
0.2035 0.175329
0.2045 0.181963
0.2055 0.188773
0.2065 0.195759
0.2075 0.202922
0.2085 0.210263
0.2095 0.217782
0.2105 0.22548
0.2115 0.233357
0.2125 0.241412
0.2135 0.249645
0.2145 0.258055
0.2155 0.266642
0.2165 0.275404
0.2175 0.28434
0.2185 0.293449
0.2195 0.302728
0.2205 0.312176
0.2215 0.321789
0.2225 0.331566
0.2235 0.341503
0.2245 0.351597
0.2255 0.361844
0.2265 0.372241
0.2275 0.382784
0.2285 0.393467
0.2295 0.404286
0.2305 0.415237
0.2315 0.426314
0.2325 0.437511
0.2335 0.448822
0.2345 0.460241
0.2355 0.471762
0.2365 0.483378
0.2375 0.495081
0.2385 0.506865
0.2395 0.518721
0.2405 0.530643
0.2415 0.542621
0.2425 0.554647
0.2435 0.566713
0.2445 0.57881
0.2455 0.590928
0.2465 0.603058
0.2475 0.615192
0.2485 0.627318
0.2495 0.639427
0.2505 0.651509
0.2515 0.663553
0.2525 0.67555
0.2535 0.687489
0.2545 0.699358
0.2555 0.711148
0.2565 0.722847
0.2575 0.734444
0.2585 0.745929
0.2595 0.75729
0.2605 0.768517
0.2615 0.779598
0.2625 0.790522
0.2635 0.801279
0.2645 0.811857
0.2655 0.822246
0.2665 0.832434
0.2675 0.842411
0.2685 0.852167
0.2695 0.861691
0.2705 0.870973
0.2715 0.880002
0.2725 0.88877
0.2735 0.897265
0.2745 0.90548
0.2755 0.913404
0.2765 0.921029
0.2775 0.928346
0.2785 0.935346
0.2795 0.942023
0.2805 0.948368
0.2815 0.954373
0.2825 0.960032
0.2835 0.965339
0.2845 0.970287
0.2855 0.97487
0.2865 0.979082
0.2875 0.98292
0.2885 0.986378
0.2895 0.989453
0.2905 0.99214
0.2915 0.994436
0.2925 0.996339
0.2935 0.997846
0.2945 0.998956
0.2955 0.999668
0.2965 0.999979
0.2975 0.999891
0.2985 0.999403
0.2995 0.998516
0.3005 0.997231
0.3015 0.995549
0.3025 0.993472
0.3035 0.991003
0.3045 0.988145
0.3055 0.984902
0.3065 0.981276
0.3075 0.977273
0.3085 0.972897
0.3095 0.968154
0.3105 0.963048
0.3115 0.957586
0.3125 0.951775
0.3135 0.945621
0.3145 0.93913
0.3155 0.932312
0.3165 0.925173
0.3175 0.917721
0.3185 0.909966
0.3195 0.901916
0.3205 0.893579
0.3215 0.884965
0.3225 0.876085
0.3235 0.866946
0.3245 0.85756
0.3255 0.847937
0.3265 0.838086
0.3275 0.828019
0.3285 0.817745
0.3295 0.807277
0.3305 0.796623
0.3315 0.785797
0.3325 0.774807
0.3335 0.763666
0.3345 0.752384
0.3355 0.740973
0.3365 0.729443
0.3375 0.717805
0.3385 0.706071
0.3395 0.694251
0.3405 0.682356
0.3415 0.670397
0.3425 0.658385
0.3435 0.646329
0.3445 0.63424
0.3455 0.622129
0.3465 0.610005
0.3475 0.597879
0.3485 0.585759
0.3495 0.573656
0.3505 0.561578
0.3515 0.549535
0.3525 0.537535
0.3535 0.525588
0.3545 0.5137
0.3555 0.501881
0.3565 0.490138
0.3575 0.478478
0.3585 0.466909
0.3595 0.455438
0.3605 0.444071
0.3615 0.432815
0.3625 0.421675
0.3635 0.410659
0.3645 0.39977
0.3655 0.389014
0.3665 0.378397
0.3675 0.367922
0.3685 0.357595
0.3695 0.347418
0.3705 0.337397
0.3715 0.327533
0.3725 0.317831
0.3735 0.308293
0.3745 0.298922
0.3755 0.28972
0.3765 0.280689
0.3775 0.271831
0.3785 0.263147
0.3795 0.254639
0.3805 0.246308
0.3815 0.238154
0.3825 0.230178
0.3835 0.22238
0.3845 0.214761
0.3855 0.20732
0.3865 0.200057
0.3875 0.192971
0.3885 0.186062
0.3895 0.179328
0.3905 0.172769
0.3915 0.166384
0.3925 0.160171
0.3935 0.154128
0.3945 0.148254
0.3955 0.142546
0.3965 0.137004
0.3975 0.131625
0.3985 0.126406
0.3995 0.121346
0.4005 0.116442
0.4015 0.111691
0.4025 0.107092
0.4035 0.102641
0.4045 0.0983355
0.4055 0.0941731
0.4065 0.0901509
0.4075 0.086266
0.4085 0.0825156
0.4095 0.0788968
0.4105 0.0754065
0.4115 0.0720419
0.4125 0.0687999
0.4135 0.0656775
0.4145 0.0626719
0.4155 0.0597799
0.4165 0.0569986
0.4175 0.0543251
0.4185 0.0517562
0.4195 0.0492892
0.4205 0.046921
0.4215 0.0446488
0.4225 0.0424696
0.4235 0.0403807
0.4245 0.0383792
0.4255 0.0364623
0.4265 0.0346274
0.4275 0.0328717
0.4285 0.0311925
0.4295 0.0295873
0.4305 0.0280535
0.4315 0.0265886
0.4325 0.0251902
0.4335 0.0238557
0.4345 0.022583
0.4355 0.0213696
0.4365 0.0202133
0.4375 0.019112
0.4385 0.0180635
0.4395 0.0170657
0.4405 0.0161165
0.4415 0.0152141
0.4425 0.0143565
0.4435 0.0135418
0.4445 0.0127683
0.4455 0.0120341
0.4465 0.0113376
0.4475 0.0106772
0.4485 0.0100512
0.4495 0.00945817
0.4505 0.00889657
0.4515 0.00836497
0.4525 0.007862
0.4535 0.00738632
0.4545 0.00693665
0.4555 0.00651176
0.4565 0.00611046
0.4575 0.0057316
0.4585 0.00537409
0.4595 0.00503686
0.4605 0.00471892
0.4615 0.00441928
0.4625 0.00413701
0.4635 0.00387123
0.4645 0.00362108
0.4655 0.00338574
0.4665 0.00316444
0.4675 0.00295642
0.4685 0.00276097
0.4695 0.00257742
0.4705 0.0024051
0.4715 0.00224342
0.4725 0.00209177
0.4735 0.00194959
0.4745 0.00181635
0.4755 0.00169154
0.4765 0.00157468
0.4775 0.00146531
0.4785 0.00136299
0.4795 0.00126731
0.4805 0.00117788
0.4815 0.00109432
0.4825 0.00101628
0.4835 0.000943432
0.4845 0.000875457
0.4855 0.000812055
0.4865 0.000752944
0.4875 0.000697858
0.4885 0.000646544
0.4895 0.000598765
0.4905 0.000554295
0.4915 0.000512923
0.4925 0.00047445
0.4935 0.000438688
0.4945 0.000405459
0.4955 0.000374599
0.4965 0.000345949
0.4975 0.000319362
0.4985 0.000294702
0.4995 0.000271837
0.5005 0.000250646
0.5015 0.000231015
0.5025 0.000212837
0.5035 0.000196011
0.5045 0.000180443
0.5055 0.000166045
0.5065 0.000152736
0.5075 0.000140437
0.5085 0.000129077
0.5095 0.000118588
0.5105 0.000108909
0.5115 9.99793e-05
0.5125 9.17455e-05
0.5135 8.41562e-05
0.5145 7.71639e-05
0.5155 7.07243e-05
0.5165 6.47963e-05
0.5175 5.93416e-05
0.5185 5.43248e-05
0.5195 4.97122e-05
0.5205 4.54725e-05
0.5215 4.15769e-05
0.5225 3.79997e-05
0.5235 3.47184e-05
0.5245 3.17114e-05
0.5255 2.89548e-05
0.5265 2.64217e-05
0.5275 2.40878e-05
0.5285 2.19423e-05
0.5295 1.99929e-05
0.5305 1.82508e-05
0.5315 1.6696e-05
0.5325 1.52505e-05
0.5335 1.38062e-05
0.5345 1.23267e-05
0.5355 1.0958e-05
0.5365 1.00084e-05
0.5375 9.69332e-06
0.5385 9.74963e-06
0.5395 9.29011e-06
0.5405 7.30355e-06
0.5415 3.77403e-06
0.5425 6.16557e-07
0.5435 1.15711e-06
0.5445 7.51928e-06
0.5455 1.71545e-05
0.5465 2.17001e-05
0.5475 1.12676e-05
0.5485 -1.62297e-05
0.5495 -4.6699e-05
0.5505 -5.17505e-05
0.5515 -6.30082e-06
0.5525 8.44476e-05
0.5535 0.000168213
0.5545 0.000161484
0.5555 4.32804e-06
0.5565 -0.000270747
0.5575 -0.000507506
0.5585 -0.000480643
0.5595 -3.91981e-05
0.5605 0.000729032
0.5615 0.00143025
0.5625 0.00149451
0.5635 0.000501081
0.5645 -0.00144534
0.5655 -0.00352824
0.5665 -0.00442914
0.5675 -0.00295437
0.5685 0.00116215
0.5695 0.00671133
0.5705 0.0111295
0.5715 0.0114305
0.5725 0.00567405
0.5735 -0.00566767
0.5745 -0.0191746
0.5755 -0.0292352
0.5765 -0.0300093
0.5775 -0.01793
0.5785 0.00625875
0.5795 0.0368542
0.5805 0.0643664
0.5815 0.0782428
0.5825 0.0702678
0.5835 0.037485
0.5845 -0.0163461
0.5855 -0.0812277
0.5865 -0.143149
0.5875 -0.187338
0.5885 -0.201554
0.5895 -0.178559
0.5905 -0.117202
0.5915 -0.0220731
0.5925 0.0979938
0.5935 0.231996
0.5945 0.368863
0.5955 0.499115
0.5965 0.615871
0.5975 0.715151
0.5985 0.79563
0.5995 0.858053
0.6005 0.904508
0.6015 0.93775
0.6025 0.960661
0.6035 0.975891
0.6045 0.985667
0.6055 0.991731
0.6065 0.995371
0.6075 0.997484
0.6085 0.998672
0.6095 0.99932
0.6105 0.999662
0.6115 0.999836
0.6125 0.999923
0.6135 0.999965
0.6145 0.999985
0.6155 0.999993
0.6165 0.999997
0.6175 0.999999
0.6185 1
0.6195 1
0.6205 1
0.6215 1
0.6225 1
0.6235 1
0.6245 1
0.6255 1
0.6265 1
0.6275 1
0.6285 1
0.6295 1
0.6305 1
0.6315 1
0.6325 1
0.6335 1
0.6345 1
0.6355 1
0.6365 1
0.6375 1
0.6385 1
0.6395 1
0.6405 1
0.6415 1
0.6425 1
0.6435 1
0.6445 1
0.6455 1
0.6465 1
0.6475 1
0.6485 1
0.6495 1
0.6505 1
0.6515 1
0.6525 1
0.6535 1
0.6545 1
0.6555 1
0.6565 1
0.6575 1
0.6585 1
0.6595 1
0.6605 1
0.6615 1
0.6625 1
0.6635 1
0.6645 1
0.6655 1
0.6665 1
0.6675 1
0.6685 1
0.6695 1
0.6705 1
0.6715 1
0.6725 1
0.6735 1
0.6745 1
0.6755 1
0.6765 1
0.6775 1
0.6785 1
0.6795 1
0.6805 1
0.6815 1
0.6825 1
0.6835 1
0.6845 1
0.6855 1
0.6865 1
0.6875 1
0.6885 1
0.6895 1
0.6905 1
0.6915 1
0.6925 1
0.6935 1
0.6945 1
0.6955 1
0.6965 1
0.6975 1
0.6985 1
0.6995 1
0.7005 1
0.7015 1
0.7025 1
0.7035 1
0.7045 1
0.7055 1
0.7065 1
0.7075 1
0.7085 1
0.7095 1
0.7105 1
0.7115 1
0.7125 1
0.7135 1
0.7145 1
0.7155 1
0.7165 1
0.7175 1
0.7185 1
0.7195 1
0.7205 1
0.7215 1
0.7225 1
0.7235 1
0.7245 1
0.7255 1
0.7265 1
0.7275 1
0.7285 1
0.7295 1
0.7305 1
0.7315 1
0.7325 1
0.7335 1
0.7345 1
0.7355 1
0.7365 1
0.7375 1
0.7385 0.999999
0.7395 0.999998
0.7405 1
0.7415 1
0.7425 1.00001
0.7435 1
0.7445 0.999997
0.7455 0.999987
0.7465 0.999982
0.7475 0.999992
0.7485 1.00002
0.7495 1.00005
0.7505 1.00005
0.7515 1.00001
0.7525 0.999918
0.7535 0.999834
0.7545 0.99984
0.7555 0.999997
0.7565 1.00027
0.7575 1.00051
0.7585 1.00048
0.7595 1.00004
0.7605 0.999272
0.7615 0.998571
0.7625 0.998506
0.7635 0.9995
0.7645 1.00145
0.7655 1.00353
0.7665 1.00443
0.7675 1.00295
0.7685 0.998838
0.7695 0.993289
0.7705 0.988871
0.7715 0.98857
0.7725 0.994326
0.7735 1.00567
0.7745 1.01917
0.7755 1.02924
0.7765 1.03001
0.7775 1.01793
0.7785 0.993741
0.7795 0.963146
0.7805 0.935634
0.7815 0.921757
0.7825 0.929732
0.7835 0.962515
0.7845 1.01635
0.7855 1.08123
0.7865 1.14315
0.7875 1.18734
0.7885 1.20155
0.7895 1.17856
0.7905 1.1172
0.7915 1.02207
0.7925 0.902006
0.7935 0.768004
0.7945 0.631137
0.7955 0.500885
0.7965 0.384129
0.7975 0.284849
0.7985 0.20437
0.7995 0.141947
0.8005 0.0954919
0.8015 0.0622503
0.8025 0.0393395
0.8035 0.0241093
0.8045 0.0143333
0.8055 0.00826858
0.8065 0.00462949
0.8075 0.00251614
0.8085 0.0013277
0.8095 0.000680257
0.8105 0.000338446
0.8115 0.000163518
0.8125 7.67202e-05
0.8135 3.49552e-05
0.8145 1.5465e-05
0.8155 6.64345e-06
0.8165 2.77075e-06
0.8175 1.12177e-06
0.8185 4.40803e-07
0.8195 1.68089e-07
0.8205 6.21867e-08
0.8215 2.23158e-08
0.8225 7.76553e-09
0.8235 2.61965e-09
0.8245 8.56422e-10
0.8255 2.71238e-10
0.8265 8.3189e-11
0.8275 2.46973e-11
0.8285 7.09425e-12
0.8295 1.97072e-12
0.8305 5.29144e-13
0.8315 1.37249e-13
0.8325 3.43691e-14
0.8335 8.30369e-15
0.8345 1.93438e-15
0.8355 4.34318e-16
0.8365 9.41069e-17
0.8375 1.99013e-17
0.8385 4.39733e-18
0.8395 1.35694e-18
0.8405 8.72039e-19
0.8415 9.06965e-19
0.8425 1.06391e-18
0.8435 1.27245e-18
0.8445 1.52561e-18
0.8455 1.82911e-18
0.8465 2.1922e-18
0.8475 2.62634e-18
0.8485 3.14518e-18
0.8495 3.76499e-18
0.8505 4.50513e-18
0.8515 5.3886e-18
0.8525 6.44272e-18
0.8535 7.69994e-18
0.8545 9.19877e-18
0.8555 1.09849e-17
0.8565 1.31126e-17
0.8575 1.56461e-17
0.8585 1.86615e-17
0.8595 2.22491e-17
0.8605 2.65157e-17
0.8615 3.15878e-17
0.8625 3.76149e-17
0.8635 4.47739e-17
0.8645 5.32739e-17
0.8655 6.3362e-17
0.8665 7.533e-17
0.8675 8.95225e-17
0.8685 1.06346e-16
0.8695 1.2628e-16
0.8705 1.4989e-16
0.8715 1.77843e-16
0.8725 2.10923e-16
0.8735 2.50055e-16
0.8745 2.96329e-16
0.8755 3.51023e-16
0.8765 4.15645e-16
0.8775 4.91965e-16
0.8785 5.82064e-16
0.8795 6.88386e-16
0.8805 8.13802e-16
0.8815 9.61678e-16
0.8825 1.13597e-15
0.8835 1.3413e-15
0.8845 1.58311e-15
0.8855 1.86776e-15
0.8865 2.20271e-15
0.8875 2.59667e-15
0.8885 3.05986e-15
0.8895 3.60422e-15
0.8905 4.24371e-15
0.8915 4.99465e-15
0.8925 5.87611e-15
0.8935 6.91033e-15
0.8945 8.1233e-15
0.8955 9.54534e-15
0.8965 1.12118e-14
0.8975 1.31639e-14
0.8985 1.54496e-14
0.8995 1.81249e-14
0.9005 2.12549e-14
0.9015 2.49154e-14
0.9025 2.91945e-14
0.9035 3.41947e-14
0.9045 4.00352e-14
0.9055 4.68543e-14
0.9065 5.48128e-14
0.9075 6.40973e-14
0.9085 7.49243e-14
0.9095 8.75447e-14
0.9105 1.0225e-13
0.9115 1.19377e-13
0.9125 1.39316e-13
0.9135 1.62521e-13
0.9145 1.89514e-13
0.9155 2.20902e-13
0.9165 2.57384e-13
0.9175 2.9977e-13
0.9185 3.48996e-13
0.9195 4.06142e-13
0.9205 4.72455e-13
0.9215 5.49373e-13
0.9225 6.38557e-13
0.9235 7.41919e-13
0.9245 8.61665e-13
0.9255 1.00034e-12
0.9265 1.16085e-12
0.9275 1.34659e-12
0.9285 1.56141e-12
0.9295 1.80977e-12
0.9305 2.0968e-12
0.9315 2.42836e-12
0.9325 2.81123e-12
0.9335 3.25314e-12
0.9345 3.76301e-12
0.9355 4.35103e-12
0.9365 5.02892e-12
0.9375 5.81008e-12
0.9385 6.70988e-12
0.9395 7.74591e-12
0.9405 8.9383e-12
0.9415 1.03101e-11
0.9425 1.18876e-11
0.9435 1.3701e-11
0.9445 1.57847e-11
0.9455 1.81779e-11
0.9465 2.09256e-11
0.9475 2.40788e-11
0.9485 2.76961e-11
0.9495 3.18439e-11
0.9505 3.65982e-11
0.9515 4.20454e-11
0.9525 4.82839e-11
0.9535 5.54257e-11
0.9545 6.35982e-11
0.9555 7.29464e-11
0.9565 8.3635e-11
0.9575 9.58512e-11
0.9585 1.09807e-10
0.9595 1.25745e-10
0.9605 1.43938e-10
0.9615 1.64697e-10
0.9625 1.88374e-10
0.9635 2.15368e-10
0.9645 2.46131e-10
0.9655 2.81175e-10
0.9665 3.2108e-10
0.9675 3.665e-10
0.9685 4.18176e-10
0.9695 4.76948e-10
0.9705 5.4376e-10
0.9715 6.19681e-10
0.9725 7.0592e-10
0.9735 8.03835e-10
0.9745 9.14965e-10
0.9755 1.04104e-09
0.9765 1.18401e-09
0.9775 1.34607e-09
0.9785 1.52969e-09
0.9795 1.73767e-09
0.9805 1.97313e-09
0.9815 2.2396e-09
0.9825 2.54102e-09
0.9835 2.88186e-09
0.9845 3.2671e-09
0.9855 3.70234e-09
0.9865 4.19389e-09
0.9875 4.74878e-09
0.9885 5.37492e-09
0.9895 6.08118e-09
0.9905 6.87747e-09
0.9915 7.77489e-09
0.9925 8.78589e-09
0.9935 9.92436e-09
0.9945 1.12058e-08
0.9955 1.26477e-08
0.9965 1.42693e-08
0.9975 1.60924e-08
0.9985 1.81412e-08
0.9995 2.04425e-08
