
# time= 0.5
0.0005 0.000326209
0.0015 0.000301071
0.0025 0.000277759
0.0035 0.000256149
0.0045 0.000236125
0.0055 0.000217581
0.0065 0.000200416
0.0075 0.000184536
0.0085 0.000169847
0.0095 0.00015626
0.0105 0.000143692
0.0115 0.000132073
0.0125 0.000121348
0.0135 0.000111473
0.0145 0.000102397
0.0155 9.40422e-05
0.0165 8.63075e-05
0.0175 7.90916e-05
0.0185 7.23455e-05
0.0195 6.61136e-05
0.0205 6.05169e-05
0.0215 5.5654e-05
0.0225 5.14529e-05
0.0235 4.75822e-05
0.0245 4.35413e-05
0.0255 3.89711e-05
0.0265 3.40499e-05
0.0275 2.96784e-05
0.0285 2.71541e-05
0.0295 2.72936e-05
0.0305 2.94058e-05
0.0315 3.08885e-05
0.0325 2.8157e-05
0.0335 1.89358e-05
0.0345 4.86691e-06
0.0355 -7.44815e-06
0.0365 -8.65936e-06
0.0375 7.77633e-06
0.0385 3.90801e-05
0.0395 6.99975e-05
0.0405 7.70391e-05
0.0415 4.08133e-05
0.0425 -3.82266e-05
0.0435 -0.000129863
0.0445 -0.000179515
0.0455 -0.000132436
0.0465 3.06779e-05
0.0475 0.000264525
0.0485 0.00045766
0.0495 0.000471074
0.0505 0.000209809
0.0515 -0.000301877
0.0525 -0.000884244
0.0535 -0.00123995
0.0545 -0.00107177
0.0555 -0.000243951
0.0565 0.00108443
0.0575 0.00243301
0.0585 0.00312807
0.0595 0.00256845
0.0605 0.000540187
0.0615 -0.00255604
0.0625 -0.00569425
0.0635 -0.00749054
0.0645 -0.0066998
0.0655 -0.00278234
0.0665 0.00368093
0.0675 0.0109266
0.0685 0.0163959
0.0695 0.0175063
0.0705 0.0125889
0.0715 0.00167717
0.0725 -0.0131522
0.0735 -0.0280646
0.0745 -0.0383658
0.0755 -0.0397953
0.0765 -0.0298553
0.0775 -0.00878337
0.0785 0.0201389
0.0795 0.0510664
0.0805 0.076768
0.0815 0.0902187
0.0825 0.0862201
0.0835 0.0626596
0.0845 0.0211243
0.0855 -0.0332482
0.0865 -0.0926179
0.0875 -0.147773
0.0885 -0.189642
0.0895 -0.210685
0.0905 -0.205915
0.0915 -0.17341
0.0925 -0.114302
0.0935 -0.0323131
0.0945 0.0670088
0.0955 0.177178
0.0965 0.29163
0.0975 0.404428
0.0985 0.510745
0.0995 0.607109
0.1005 0.691434
0.1015 0.762884
0.1025 0.821642
0.1035 0.868623
0.1045 0.905202
0.1055 0.932968
0.1065 0.953537
0.1075 0.968421
0.1085 0.978949
0.1095 0.986233
0.1105 0.991165
0.1115 0.994435
0.1125 0.996559
0.1135 0.997911
0.1145 0.998755
0.1155 0.999271
0.1165 0.999581
0.1175 0.999763
0.1185 0.999869
0.1195 0.999928
0.1205 0.999962
0.1215 0.99998
0.1225 0.99999
0.1235 0.999995
0.1245 0.999997
0.1255 0.999999
0.1265 0.999999
0.1275 1
0.1285 1
0.1295 1
0.1305 1
0.1315 1
0.1325 1
0.1335 1
0.1345 1
0.1355 1
0.1365 1
0.1375 1
0.1385 1
0.1395 1
0.1405 1
0.1415 1
0.1425 1
0.1435 1
0.1445 1
0.1455 1
0.1465 1
0.1475 1
0.1485 1
0.1495 1
0.1505 1
0.1515 1
0.1525 1
0.1535 1
0.1545 1
0.1555 1
0.1565 1
0.1575 1
0.1585 1
0.1595 1
0.1605 1
0.1615 1
0.1625 1
0.1635 1
0.1645 1
0.1655 1
0.1665 1
0.1675 1
0.1685 1
0.1695 1
0.1705 1
0.1715 1
0.1725 1
0.1735 1
0.1745 1
0.1755 1
0.1765 1
0.1775 1
0.1785 1
0.1795 1
0.1805 1
0.1815 1
0.1825 1
0.1835 1
0.1845 1
0.1855 1
0.1865 1
0.1875 1
0.1885 1
0.1895 1
0.1905 1
0.1915 1
0.1925 1
0.1935 1
0.1945 1
0.1955 1
0.1965 1
0.1975 1
0.1985 1
0.1995 1
0.2005 1
0.2015 1
0.2025 1
0.2035 1
0.2045 1
0.2055 1
0.2065 1
0.2075 1
0.2085 1
0.2095 1
0.2105 1
0.2115 1
0.2125 1
0.2135 1
0.2145 1
0.2155 1
0.2165 1
0.2175 1
0.2185 1
0.2195 1
0.2205 1
0.2215 1
0.2225 1
0.2235 0.999999
0.2245 0.999999
0.2255 1
0.2265 1
0.2275 1
0.2285 1
0.2295 1
0.2305 0.999995
0.2315 0.999992
0.2325 0.999992
0.2335 1
0.2345 1.00001
0.2355 1.00002
0.2365 1.00002
0.2375 1.00001
0.2385 0.999973
0.2395 0.999941
0.2405 0.999933
0.2415 0.999968
0.2425 1.00005
0.2435 1.00014
0.2445 1.00019
0.2455 1.00014
0.2465 0.999975
0.2475 0.99974
0.2485 0.999547
0.2495 0.999533
0.2505 0.999794
0.2515 1.00031
0.2525 1.00089
0.2535 1.00124
0.2545 1.00107
0.2555 1.00025
0.2565 0.998918
0.2575 0.997569
0.2585 0.996874
0.2595 0.997433
0.2605 0.999461
0.2615 1.00256
0.2625 1.0057
0.2635 1.00749
0.2645 1.0067
0.2655 1.00278
0.2665 0.99632
0.2675 0.989074
0.2685 0.983605
0.2695 0.982494
0.2705 0.987412
0.2715 0.998323
0.2725 1.01315
0.2735 1.02806
0.2745 1.03837
0.2755 1.0398
0.2765 1.02986
0.2775 1.00878
0.2785 0.979861
0.2795 0.948934
0.2805 0.923232
0.2815 0.909781
0.2825 0.91378
0.2835 0.937341
0.2845 0.978876
0.2855 1.03325
0.2865 1.09262
0.2875 1.14777
0.2885 1.18964
0.2895 1.21069
0.2905 1.20592
0.2915 1.17341
0.2925 1.1143
0.2935 1.03231
0.2945 0.932991
0.2955 0.822822
0.2965 0.70837
0.2975 0.595572
0.2985 0.489255
0.2995 0.392891
0.3005 0.308566
0.3015 0.237116
0.3025 0.178358
0.3035 0.131377
0.3045 0.0947975
0.3055 0.0670316
0.3065 0.0464625
0.3075 0.0315787
0.3085 0.0210509
0.3095 0.013767
0.3105 0.00883479
0.3115 0.00556461
0.3125 0.00344061
0.3135 0.00208869
0.3145 0.00124514
0.3155 0.000729004
0.3165 0.000419243
0.3175 0.000236852
0.3185 0.000131464
0.3195 7.16968e-05
0.3205 3.84227e-05
0.3215 2.02351e-05
0.3225 1.04732e-05
0.3235 5.32764e-06
0.3245 2.66373e-06
0.3255 1.30907e-06
0.3265 6.32359e-07
0.3275 3.00266e-07
0.3285 1.40151e-07
0.3295 6.43035e-08
0.3305 2.90018e-08
0.3315 1.28578e-08
0.3325 5.6034e-09
0.3335 2.40035e-09
0.3345 1.01071e-09
0.3355 4.18301e-10
0.3365 1.70158e-10
0.3375 6.80295e-11
0.3385 2.67303e-11
0.3395 1.03216e-11
0.3405 3.91656e-12
0.3415 1.46032e-12
0.3425 5.34991e-13
0.3435 1.92561e-13
0.3445 6.80897e-14
0.3455 2.36512e-14
0.3465 8.06984e-15
0.3475 2.70495e-15
0.3485 8.91235e-16
0.3495 2.89379e-16
0.3505 9.35129e-17
0.3515 3.1191e-17
0.3525 1.20297e-17
0.3535 6.61566e-18
0.3545 5.56843e-18
0.3555 5.96648e-18
0.3565 6.93339e-18
0.3575 8.23083e-18
0.3585 9.8193e-18
0.3595 1.17243e-17
0.3605 1.39973e-17
0.3615 1.67053e-17
0.3625 1.99294e-17
0.3635 2.37661e-17
0.3645 2.833e-17
0.3655 3.37566e-17
0.3665 4.02063e-17
0.3675 4.78688e-17
0.3685 5.69685e-17
0.3695 6.77705e-17
0.3705 8.0588e-17
0.3715 9.57907e-17
0.3725 1.13815e-16
0.3735 1.35176e-16
0.3745 1.60481e-16
0.3755 1.90446e-16
0.3765 2.25914e-16
0.3775 2.67878e-16
0.3785 3.17509e-16
0.3795 3.76182e-16
0.3805 4.45516e-16
0.3815 5.27415e-16
0.3825 6.24116e-16
0.3835 7.38248e-16
0.3845 8.72896e-16
0.3855 1.03168e-15
0.3865 1.21886e-15
0.3875 1.43941e-15
0.3885 1.69918e-15
0.3895 2.00502e-15
0.3905 2.36495e-15
0.3915 2.78835e-15
0.3925 3.28623e-15
0.3935 3.87143e-15
0.3945 4.559e-15
0.3955 5.36649e-15
0.3965 6.31445e-15
0.3975 7.42685e-15
0.3985 8.73166e-15
0.3995 1.02616e-14
0.4005 1.20546e-14
0.4015 1.41553e-14
0.4025 1.66152e-14
0.4035 1.94947e-14
0.4045 2.2864e-14
0.4055 2.68048e-14
0.4065 3.1412e-14
0.4075 3.67961e-14
0.4085 4.30857e-14
0.4095 5.04299e-14
0.4105 5.9002e-14
0.4115 6.90032e-14
0.4125 8.06669e-14
0.4135 9.4264e-14
0.4145 1.10108e-13
0.4155 1.28564e-13
0.4165 1.50051e-13
0.4175 1.7506e-13
0.4185 2.04153e-13
0.4195 2.37985e-13
0.4205 2.77311e-13
0.4215 3.23005e-13
0.4225 3.76076e-13
0.4235 4.37689e-13
0.4245 5.09189e-13
0.4255 5.92129e-13
0.4265 6.88301e-13
0.4275 7.99768e-13
0.4285 9.2891e-13
0.4295 1.07847e-12
0.4305 1.2516e-12
0.4315 1.45193e-12
0.4325 1.68365e-12
0.4335 1.95156e-12
0.4345 2.26119e-12
0.4355 2.61887e-12
0.4365 3.03191e-12
0.4375 3.50867e-12
0.4385 4.05876e-12
0.4395 4.69318e-12
0.4405 5.42458e-12
0.4415 6.26742e-12
0.4425 7.23828e-12
0.4435 8.35615e-12
0.4445 9.64275e-12
0.4455 1.1123e-11
0.4465 1.28252e-11
0.4475 1.47819e-11
0.4485 1.70303e-11
0.4495 1.96127e-11
0.4505 2.25776e-11
0.4515 2.59801e-11
0.4525 2.98834e-11
0.4535 3.43591e-11
0.4545 3.94892e-11
0.4555 4.5367e-11
0.4565 5.20984e-11
0.4575 5.98045e-11
0.4585 6.86226e-11
0.4595 7.87091e-11
0.4605 9.02417e-11
0.4615 1.03422e-10
0.4625 1.1848e-10
0.4635 1.35675e-10
0.4645 1.55302e-10
0.4655 1.77697e-10
0.4665 2.0324e-10
0.4675 2.32359e-10
0.4685 2.65544e-10
0.4695 3.03345e-10
0.4705 3.46387e-10
0.4715 3.95377e-10
0.4725 4.51112e-10
0.4735 5.14496e-10
0.4745 5.86549e-10
0.4755 6.68422e-10
0.4765 7.61415e-10
0.4775 8.66995e-10
0.4785 9.86816e-10
0.4795 1.12274e-09
0.4805 1.27688e-09
0.4815 1.45158e-09
0.4825 1.64952e-09
0.4835 1.8737e-09
0.4845 2.12748e-09
0.4855 2.41466e-09
0.4865 2.7395e-09
0.4875 3.10678e-09
0.4885 3.52188e-09
0.4895 3.99082e-09
0.4905 4.52038e-09
0.4915 5.11814e-09
0.4925 5.7926e-09
0.4935 6.55329e-09
0.4945 7.41088e-09
0.4955 8.37732e-09
0.4965 9.46595e-09
0.4975 1.06917e-08
0.4985 1.20714e-08
0.4995 1.36235e-08
0.5005 1.53691e-08
0.5015 1.73312e-08
0.5025 1.9536e-08
0.5035 2.20124e-08
0.5045 2.47926e-08
0.5055 2.79128e-08
0.5065 3.14129e-08
0.5075 3.53376e-08
0.5085 3.97366e-08
0.5095 4.46652e-08
0.5105 5.01849e-08
0.5115 5.63638e-08
0.5125 6.3278e-08
0.5135 7.10117e-08
0.5145 7.96584e-08
0.5155 8.93218e-08
0.5165 1.00117e-07
0.5175 1.12172e-07
0.5185 1.25627e-07
0.5195 1.4064e-07
0.5205 1.57383e-07
0.5215 1.76049e-07
0.5225 1.96848e-07
0.5235 2.20016e-07
0.5245 2.45812e-07
0.5255 2.74521e-07
0.5265 3.0646e-07
0.5275 3.41976e-07
0.5285 3.81454e-07
0.5295 4.25318e-07
0.5305 4.74035e-07
0.5315 5.28119e-07
0.5325 5.88135e-07
0.5335 6.54709e-07
0.5345 7.28523e-07
0.5355 8.10333e-07
0.5365 9.00966e-07
0.5375 1.00133e-06
0.5385 1.11243e-06
0.5395 1.23535e-06
0.5405 1.37131e-06
0.5415 1.52161e-06
0.5425 1.68771e-06
0.5435 1.87118e-06
0.5445 2.07377e-06
0.5455 2.29735e-06
0.5465 2.54402e-06
0.5475 2.81604e-06
0.5485 3.11588e-06
0.5495 3.44627e-06
0.5505 3.81014e-06
0.5515 4.21074e-06
0.5525 4.65158e-06
0.5535 5.1365e-06
0.5545 5.66968e-06
0.5555 6.2557e-06
0.5565 6.89949e-06
0.5575 7.60648e-06
0.5585 8.38253e-06
0.5595 9.23403e-06
0.5605 1.01679e-05
0.5615 1.11918e-05
0.5625 1.23137e-05
0.5635 1.35427e-05
0.5645 1.48884e-05
0.5655 1.63611e-05
0.5665 1.79723e-05
0.5675 1.97342e-05
0.5685 2.16601e-05
0.5695 2.37644e-05
0.5705 2.60626e-05
0.5715 2.85715e-05
0.5725 3.13093e-05
0.5735 3.42957e-05
0.5745 3.75518e-05
0.5755 4.11004e-05
0.5765 4.49663e-05
0.5775 4.9176e-05
0.5785 5.37581e-05
0.5795 5.87435e-05
0.5805 6.41654e-05
0.5815 7.00595e-05
0.5825 7.64642e-05
0.5835 8.34208e-05
0.5845 9.09736e-05
0.5855 9.91704e-05
0.5865 0.000108062
0.5875 0.000117704
0.5885 0.000128154
0.5895 0.000139476
0.5905 0.000151737
0.5915 0.000165009
0.5925 0.00017937
0.5935 0.000194902
0.5945 0.000211694
0.5955 0.00022984
0.5965 0.000249442
0.5975 0.000270606
0.5985 0.000293447
0.5995 0.000318088
0.6005 0.00034466
0.6015 0.000373302
0.6025 0.00040416
0.6035 0.000437394
0.6045 0.000473169
0.6055 0.000511665
0.6065 0.00055307
0.6075 0.000597585
0.6085 0.000645424
0.6095 0.000696811
0.6105 0.000751987
0.6115 0.000811206
0.6125 0.000874736
0.6135 0.000942862
0.6145 0.00101588
0.6155 0.00109412
0.6165 0.00117791
0.6175 0.00126761
0.6185 0.00136359
0.6195 0.00146624
0.6205 0.00157599
0.6215 0.00169327
0.6225 0.00181855
0.6235 0.00195231
0.6245 0.00209507
0.6255 0.00224737
0.6265 0.00240976
0.6275 0.00258285
0.6285 0.00276726
0.6295 0.00296364
0.6305 0.00317269
0.6315 0.00339511
0.6325 0.00363167
0.6335 0.00388314
0.6345 0.00415036
0.6355 0.00443419
0.6365 0.00473553
0.6375 0.0050553
0.6385 0.00539451
0.6395 0.00575415
0.6405 0.00613531
0.6415 0.00653909
0.6425 0.00696664
0.6435 0.00741917
0.6445 0.00789791
0.6455 0.00840416
0.6465 0.00893928
0.6475 0.00950464
0.6485 0.0101017
0.6495 0.010732
0.6505 0.0113969
0.6515 0.0120983
0.6525 0.0128376
0.6535 0.0136167
0.6545 0.0144372
0.6555 0.015301
0.6565 0.01621
0.6575 0.0171661
0.6585 0.0181712
0.6595 0.0192275
0.6605 0.0203371
0.6615 0.021502
0.6625 0.0227245
0.6635 0.0240069
0.6645 0.0253515
0.6655 0.0267606
0.6665 0.0282367
0.6675 0.0297822
0.6685 0.0313998
0.6695 0.0330919
0.6705 0.0348612
0.6715 0.0367103
0.6725 0.038642
0.6735 0.040659
0.6745 0.0427641
0.6755 0.0449602
0.6765 0.04725
0.6775 0.0496366
0.6785 0.0521227
0.6795 0.0547114
0.6805 0.0574057
0.6815 0.0602084
0.6825 0.0631226
0.6835 0.0661514
0.6845 0.0692976
0.6855 0.0725643
0.6865 0.0759545
0.6875 0.0794712
0.6885 0.0831174
0.6895 0.086896
0.6905 0.0908099
0.6915 0.094862
0.6925 0.0990552
0.6935 0.103392
0.6945 0.107876
0.6955 0.112509
0.6965 0.117293
0.6975 0.122233
0.6985 0.127329
0.6995 0.132584
0.7005 0.138001
0.7015 0.143582
0.7025 0.149328
0.7035 0.155242
0.7045 0.161326
0.7055 0.16758
0.7065 0.174008
0.7075 0.180609
0.7085 0.187386
0.7095 0.194339
0.7105 0.201469
0.7115 0.208777
0.7125 0.216263
0.7135 0.223928
0.7145 0.231772
0.7155 0.239794
0.7165 0.247995
0.7175 0.256373
0.7185 0.264928
0.7195 0.273658
0.7205 0.282563
0.7215 0.291641
0.7225 0.30089
0.7235 0.310308
0.7245 0.319892
0.7255 0.32964
0.7265 0.339549
0.7275 0.349615
0.7285 0.359836
0.7295 0.370207
0.7305 0.380725
0.7315 0.391384
0.7325 0.40218
0.7335 0.413109
0.7345 0.424165
0.7355 0.435342
0.7365 0.446634
0.7375 0.458036
0.7385 0.469541
0.7395 0.481142
0.7405 0.492832
0.7415 0.504604
0.7425 0.51645
0.7435 0.528362
0.7445 0.540333
0.7455 0.552353
0.7465 0.564415
0.7475 0.576509
0.7485 0.588626
0.7495 0.600758
0.7505 0.612893
0.7515 0.625024
0.7525 0.637139
0.7535 0.649229
0.7545 0.661284
0.7555 0.673293
0.7565 0.685245
0.7575 0.69713
0.7585 0.708938
0.7595 0.720656
0.7605 0.732275
0.7615 0.743784
0.7625 0.755171
0.7635 0.766425
0.7645 0.777536
0.7655 0.788492
0.7665 0.799282
0.7675 0.809896
0.7685 0.820322
0.7695 0.830549
0.7705 0.840568
0.7715 0.850367
0.7725 0.859935
0.7735 0.869264
0.7745 0.878342
0.7755 0.88716
0.7765 0.895707
0.7775 0.903975
0.7785 0.911954
0.7795 0.919636
0.7805 0.927011
0.7815 0.934071
0.7825 0.940809
0.7835 0.947216
0.7845 0.953285
0.7855 0.959009
0.7865 0.964382
0.7875 0.969396
0.7885 0.974047
0.7895 0.978329
0.7905 0.982236
0.7915 0.985765
0.7925 0.98891
0.7935 0.991669
0.7945 0.994038
0.7955 0.996014
0.7965 0.997594
0.7975 0.998778
0.7985 0.999563
0.7995 0.999948
0.8005 0.999934
0.8015 0.999519
0.8025 0.998706
0.8035 0.997494
0.8045 0.995885
0.8055 0.993881
0.8065 0.991485
0.8075 0.988699
0.8085 0.985526
0.8095 0.981971
0.8105 0.978038
0.8115 0.973731
0.8125 0.969055
0.8135 0.964016
0.8145 0.95862
0.8155 0.952873
0.8165 0.946782
0.8175 0.940354
0.8185 0.933597
0.8195 0.926517
0.8205 0.919124
0.8215 0.911425
0.8225 0.903429
0.8235 0.895146
0.8245 0.886584
0.8255 0.877753
0.8265 0.868663
0.8275 0.859324
0.8285 0.849745
0.8295 0.839937
0.8305 0.829911
0.8315 0.819676
0.8325 0.809245
0.8335 0.798627
0.8345 0.787833
0.8355 0.776875
0.8365 0.765763
0.8375 0.754509
0.8385 0.743123
0.8395 0.731616
0.8405 0.72
0.8415 0.708285
0.8425 0.696483
0.8435 0.684604
0.8445 0.672658
0.8455 0.660657
0.8465 0.648611
0.8475 0.63653
0.8485 0.624425
0.8495 0.612306
0.8505 0.600181
0.8515 0.588062
0.8525 0.575958
0.8535 0.563877
0.8545 0.55183
0.8555 0.539824
0.8565 0.527869
0.8575 0.515972
0.8585 0.504142
0.8595 0.492386
0.8605 0.480713
0.8615 0.469129
0.8625 0.457641
0.8635 0.446257
0.8645 0.434982
0.8655 0.423823
0.8665 0.412785
0.8675 0.401874
0.8685 0.391095
0.8695 0.380453
0.8705 0.369954
0.8715 0.3596
0.8725 0.349397
0.8735 0.339348
0.8745 0.329456
0.8755 0.319725
0.8765 0.310157
0.8775 0.300756
0.8785 0.291523
0.8795 0.282461
0.8805 0.273572
0.8815 0.264857
0.8825 0.256316
0.8835 0.247953
0.8845 0.239766
0.8855 0.231757
0.8865 0.223927
0.8875 0.216275
0.8885 0.2088
0.8895 0.201504
0.8905 0.194385
0.8915 0.187443
0.8925 0.180677
0.8935 0.174085
0.8945 0.167667
0.8955 0.161421
0.8965 0.155346
0.8975 0.14944
0.8985 0.143701
0.8995 0.138128
0.9005 0.132717
0.9015 0.127468
0.9025 0.122377
0.9035 0.117443
0.9045 0.112663
0.9055 0.108034
0.9065 0.103555
0.9075 0.0992211
0.9085 0.0950309
0.9095 0.0909814
0.9105 0.0870698
0.9115 0.083293
0.9125 0.0796484
0.9135 0.0761328
0.9145 0.0727434
0.9155 0.0694772
0.9165 0.0663312
0.9175 0.0633024
0.9185 0.0603879
0.9195 0.0575845
0.9205 0.0548894
0.9215 0.0522996
0.9225 0.0498121
0.9235 0.047424
0.9245 0.0451324
0.9255 0.0429345
0.9265 0.0408272
0.9275 0.038808
0.9285 0.0368739
0.9295 0.0350222
0.9305 0.0332503
0.9315 0.0315554
0.9325 0.029935
0.9335 0.0283865
0.9345 0.0269073
0.9355 0.0254951
0.9365 0.0241474
0.9375 0.0228618
0.9385 0.021636
0.9395 0.0204678
0.9405 0.0193549
0.9415 0.0182953
0.9425 0.0172868
0.9435 0.0163274
0.9445 0.015415
0.9455 0.0145479
0.9465 0.0137241
0.9475 0.0129417
0.9485 0.0121991
0.9495 0.0114945
0.9505 0.0108264
0.9515 0.0101929
0.9525 0.00959277
0.9535 0.00902434
0.9545 0.00848621
0.9555 0.00797699
0.9565 0.00749534
0.9575 0.00703997
0.9585 0.00660963
0.9595 0.00620313
0.9605 0.00581931
0.9615 0.00545706
0.9625 0.00511533
0.9635 0.00479308
0.9645 0.00448935
0.9655 0.00420319
0.9665 0.0039337
0.9675 0.00368003
0.9685 0.00344135
0.9695 0.00321686
0.9705 0.00300582
0.9715 0.00280751
0.9725 0.00262124
0.9735 0.00244635
0.9745 0.00228222
0.9755 0.00212825
0.9765 0.00198389
0.9775 0.00184858
0.9785 0.00172181
0.9795 0.0016031
0.9805 0.00149197
0.9815 0.001388
0.9825 0.00129076
0.9835 0.00119986
0.9845 0.00111491
0.9855 0.00103556
0.9865 0.000961483
0.9875 0.000892346
0.9885 0.000827851
0.9895 0.000767711
0.9905 0.000711658
0.9915 0.000659434
0.9925 0.0006108
0.9935 0.000565527
0.9945 0.000523402
0.9955 0.000484221
0.9965 0.000447796
0.9975 0.000413945
0.9985 0.000382502
0.9995 0.000353306

# time= 1
0.0005 1.45963e-08
0.0015 1.64691e-08
0.0025 1.85746e-08
0.0035 2.09408e-08
0.0045 2.35987e-08
0.0055 2.65831e-08
0.0065 2.99328e-08
0.0075 3.36908e-08
0.0085 3.79051e-08
0.0095 4.26292e-08
0.0105 4.79225e-08
0.0115 5.38512e-08
0.0125 6.04886e-08
0.0135 6.79163e-08
0.0145 7.62251e-08
0.0155 8.55155e-08
0.0165 9.58992e-08
0.0175 1.075e-07
0.0185 1.20455e-07
0.0195 1.34916e-07
0.0205 1.51051e-07
0.0215 1.69047e-07
0.0225 1.89111e-07
0.0235 2.11469e-07
0.0245 2.36374e-07
0.0255 2.64105e-07
0.0265 2.94969e-07
0.0275 3.29306e-07
0.0285 3.6749e-07
0.0295 4.09935e-07
0.0305 4.57096e-07
0.0315 5.09475e-07
0.0325 5.67625e-07
0.0335 6.32155e-07
0.0345 7.03734e-07
0.0355 7.83099e-07
0.0365 8.7106e-07
0.0375 9.68507e-07
0.0385 1.07642e-06
0.0395 1.19586e-06
0.0405 1.32802e-06
0.0415 1.47419e-06
0.0425 1.63578e-06
0.0435 1.81434e-06
0.0445 2.01157e-06
0.0455 2.22934e-06
0.0465 2.46968e-06
0.0475 2.73482e-06
0.0485 3.02719e-06
0.0495 3.34945e-06
0.0505 3.70452e-06
0.0515 4.09556e-06
0.0525 4.52603e-06
0.0535 4.99972e-06
0.0545 5.52073e-06
0.0555 6.09357e-06
0.0565 6.72311e-06
0.0575 7.41467e-06
0.0585 8.17405e-06
0.0595 9.00754e-06
0.0605 9.92199e-06
0.0615 1.09248e-05
0.0625 1.20241e-05
0.0635 1.32287e-05
0.0645 1.4548e-05
0.0655 1.59924e-05
0.0665 1.75731e-05
0.0675 1.93021e-05
0.0685 2.11927e-05
0.0695 2.3259e-05
0.0705 2.55164e-05
0.0715 2.79816e-05
0.0725 3.06724e-05
0.0735 3.36084e-05
0.0745 3.68104e-05
0.0755 4.03012e-05
0.0765 4.41051e-05
0.0775 4.82484e-05
0.0785 5.27595e-05
0.0795 5.76691e-05
0.0805 6.30099e-05
0.0815 6.88174e-05
0.0825 7.51297e-05
0.0835 8.19877e-05
0.0845 8.94355e-05
0.0855 9.75203e-05
0.0865 0.000106293
0.0875 0.000115807
0.0885 0.000126123
0.0895 0.000137301
0.0905 0.000149409
0.0915 0.00016252
0.0925 0.000176709
0.0935 0.000192059
0.0945 0.000208658
0.0955 0.000226599
0.0965 0.000245984
0.0975 0.000266919
0.0985 0.000289518
0.0995 0.000313903
0.1005 0.000340204
0.1015 0.00036856
0.1025 0.000399117
0.1035 0.000432033
0.1045 0.000467474
0.1055 0.000505618
0.1065 0.000546652
0.1075 0.000590778
0.1085 0.000638206
0.1095 0.000689164
0.1105 0.000743888
0.1115 0.000802634
0.1125 0.000865668
0.1135 0.000933274
0.1145 0.00100575
0.1155 0.00108342
0.1165 0.00116662
0.1175 0.00125569
0.1185 0.00135102
0.1195 0.001453
0.1205 0.00156205
0.1215 0.00167859
0.1225 0.00180311
0.1235 0.00193608
0.1245 0.00207801
0.1255 0.00222945
0.1265 0.00239095
0.1275 0.00256312
0.1285 0.00274658
0.1295 0.00294198
0.1305 0.00315
0.1315 0.00337137
0.1325 0.00360684
0.1335 0.00385719
0.1345 0.00412326
0.1355 0.00440589
0.1365 0.004706
0.1375 0.00502452
0.1385 0.00536243
0.1395 0.00572076
0.1405 0.00610056
0.1415 0.00650295
0.1425 0.00692909
0.1435 0.00738016
0.1445 0.00785743
0.1455 0.00836218
0.1465 0.00889576
0.1475 0.00945957
0.1485 0.010055
0.1495 0.0106837
0.1505 0.0113471
0.1515 0.0120468
0.1525 0.0127845
0.1535 0.0135618
0.1545 0.0143807
0.1555 0.0152428
0.1565 0.0161501
0.1575 0.0171045
0.1585 0.018108
0.1595 0.0191626
0.1605 0.0202705
0.1615 0.0214338
0.1625 0.0226547
0.1635 0.0239355
0.1645 0.0252785
0.1655 0.026686
0.1665 0.0281606
0.1675 0.0297047
0.1685 0.0313209
0.1695 0.0330116
0.1705 0.0347796
0.1715 0.0366275
0.1725 0.038558
0.1735 0.0405739
0.1745 0.0426781
0.1755 0.0448732
0.1765 0.0471623
0.1775 0.0495481
0.1785 0.0520336
0.1795 0.0546219
0.1805 0.0573157
0.1815 0.0601182
0.1825 0.0630324
0.1835 0.0660611
0.1845 0.0692076
0.1855 0.0724746
0.1865 0.0758654
0.1875 0.0793828
0.1885 0.0830298
0.1895 0.0868095
0.1905 0.0907246
0.1915 0.0947782
0.1925 0.098973
0.1935 0.103312
0.1945 0.107797
0.1955 0.112433
0.1965 0.11722
0.1975 0.122162
0.1985 0.127261
0.1995 0.132519
0.2005 0.13794
0.2015 0.143524
0.2025 0.149274
0.2035 0.155192
0.2045 0.16128
0.2055 0.16754
0.2065 0.173972
0.2075 0.180578
0.2085 0.18736
0.2095 0.194319
0.2105 0.201455
0.2115 0.208769
0.2125 0.216262
0.2135 0.223933
0.2145 0.231784
0.2155 0.239813
0.2165 0.24802
0.2175 0.256406
0.2185 0.264968
0.2195 0.273707
0.2205 0.282619
0.2215 0.291705
0.2225 0.300962
0.2235 0.310388
0.2245 0.319981
0.2255 0.329737
0.2265 0.339655
0.2275 0.34973
0.2285 0.35996
0.2295 0.37034
0.2305 0.380866
0.2315 0.391534
0.2325 0.40234
0.2335 0.413278
0.2345 0.424342
0.2355 0.435528
0.2365 0.446829
0.2375 0.45824
0.2385 0.469753
0.2395 0.481362
0.2405 0.493061
0.2415 0.50484
0.2425 0.516694
0.2435 0.528614
0.2445 0.540592
0.2455 0.55262
0.2465 0.564688
0.2475 0.576789
0.2485 0.588913
0.2495 0.60105
0.2505 0.613191
0.2515 0.625327
0.2525 0.637447
0.2535 0.649542
0.2545 0.661601
0.2555 0.673613
0.2565 0.685568
0.2575 0.697456
0.2585 0.709266
0.2595 0.720986
0.2605 0.732606
0.2615 0.744115
0.2625 0.755502
0.2635 0.766756
0.2645 0.777866
0.2655 0.78882
0.2665 0.799609
0.2675 0.810219
0.2685 0.820642
0.2695 0.830866
0.2705 0.84088
0.2715 0.850675
0.2725 0.860238
0.2735 0.869561
0.2745 0.878632
0.2755 0.887443
0.2765 0.895983
0.2775 0.904243
0.2785 0.912213
0.2795 0.919886
0.2805 0.927251
0.2815 0.934302
0.2825 0.941029
0.2835 0.947425
0.2845 0.953483
0.2855 0.959196
0.2865 0.964556
0.2875 0.969559
0.2885 0.974197
0.2895 0.978466
0.2905 0.98236
0.2915 0.985875
0.2925 0.989007
0.2935 0.991752
0.2945 0.994107
0.2955 0.996068
0.2965 0.997635
0.2975 0.998804
0.2985 0.999574
0.2995 0.999945
0.3005 0.999917
0.3015 0.999488
0.3025 0.99866
0.3035 0.997434
0.3045 0.995811
0.3055 0.993793
0.3065 0.991383
0.3075 0.988583
0.3085 0.985398
0.3095 0.981829
0.3105 0.977883
0.3115 0.973564
0.3125 0.968876
0.3135 0.963825
0.3145 0.958418
0.3155 0.95266
0.3165 0.946558
0.3175 0.94012
0.3185 0.933353
0.3195 0.926264
0.3205 0.918862
0.3215 0.911155
0.3225 0.903151
0.3235 0.894861
0.3245 0.886292
0.3255 0.877455
0.3265 0.868359
0.3275 0.859014
0.3285 0.849431
0.3295 0.839619
0.3305 0.829589
0.3315 0.819352
0.3325 0.808918
0.3335 0.798298
0.3345 0.787503
0.3355 0.776544
0.3365 0.765432
0.3375 0.754178
0.3385 0.742793
0.3395 0.731288
0.3405 0.719674
0.3415 0.707961
0.3425 0.696162
0.3435 0.684286
0.3445 0.672344
0.3455 0.660347
0.3465 0.648305
0.3475 0.63623
0.3485 0.62413
0.3495 0.612016
0.3505 0.599898
0.3515 0.587785
0.3525 0.575687
0.3535 0.563614
0.3545 0.551573
0.3555 0.539575
0.3565 0.527627
0.3575 0.515738
0.3585 0.503917
0.3595 0.492169
0.3605 0.480504
0.3615 0.468929
0.3625 0.45745
0.3635 0.446074
0.3645 0.434808
0.3655 0.423657
0.3665 0.412628
0.3675 0.401726
0.3685 0.390957
0.3695 0.380324
0.3705 0.369833
0.3715 0.359488
0.3725 0.349294
0.3735 0.339253
0.3745 0.32937
0.3755 0.319647
0.3765 0.310088
0.3775 0.300695
0.3785 0.29147
0.3795 0.282416
0.3805 0.273534
0.3815 0.264826
0.3825 0.256293
0.3835 0.247936
0.3845 0.239757
0.3855 0.231754
0.3865 0.22393
0.3875 0.216284
0.3885 0.208816
0.3895 0.201525
0.3905 0.194412
0.3915 0.187475
0.3925 0.180714
0.3935 0.174127
0.3945 0.167713
0.3955 0.161472
0.3965 0.155401
0.3975 0.149498
0.3985 0.143763
0.3995 0.138193
0.4005 0.132785
0.4015 0.127539
0.4025 0.122451
0.4035 0.117519
0.4045 0.112741
0.4055 0.108115
0.4065 0.103637
0.4075 0.0993047
0.4085 0.0951159
0.4095 0.0910676
0.4105 0.087157
0.4115 0.0833811
0.4125 0.0797371
0.4135 0.076222
0.4145 0.0728329
0.4155 0.0695669
0.4165 0.0664209
0.4175 0.063392
0.4185 0.0604771
0.4195 0.0576734
0.4205 0.0549778
0.4215 0.0523874
0.4225 0.0498991
0.4235 0.0475102
0.4245 0.0452177
0.4255 0.0430187
0.4265 0.0409104
0.4275 0.03889
0.4285 0.0369547
0.4295 0.0351017
0.4305 0.0333284
0.4315 0.0316321
0.4325 0.0300103
0.4335 0.0284603
0.4345 0.0269796
0.4355 0.0255658
0.4365 0.0242165
0.4375 0.0229293
0.4385 0.0217018
0.4395 0.020532
0.4405 0.0194175
0.4415 0.0183562
0.4425 0.017346
0.4435 0.0163849
0.4445 0.0154709
0.4455 0.0146021
0.4465 0.0137766
0.4475 0.0129927
0.4485 0.0122485
0.4495 0.0115423
0.4505 0.0108725
0.4515 0.0102376
0.4525 0.00963584
0.4535 0.0090659
0.4545 0.00852628
0.4555 0.00801561
0.4565 0.00753253
0.4575 0.00707576
0.4585 0.00664405
0.4595 0.0062362
0.4605 0.00585107
0.4615 0.00548755
0.4625 0.00514458
0.4635 0.00482112
0.4645 0.00451621
0.4655 0.00422891
0.4665 0.00395832
0.4675 0.00370357
0.4685 0.00346384
0.4695 0.00323835
0.4705 0.00302634
0.4715 0.00282708
0.4725 0.0026399
0.4735 0.00246413
0.4745 0.00229915
0.4755 0.00214437
0.4765 0.00199923
0.4775 0.00186318
0.4785 0.0017357
0.4795 0.00161629
0.4805 0.00150448
0.4815 0.00139982
0.4825 0.00130193
0.4835 0.00121043
0.4845 0.00112495
0.4855 0.00104516
0.4865 0.000970669
0.4875 0.000901104
0.4885 0.000836094
0.4895 0.000775325
0.4905 0.000718573
0.4915 0.000665712
0.4925 0.000616669
0.4935 0.000571335
0.4945 0.000529468
0.4955 0.000490638
0.4965 0.000454268
0.4975 0.000419801
0.4985 0.000386926
0.4995 0.000355772
0.5005 0.000326935
0.5015 0.000301237
0.5025 0.000279273
0.5035 0.000260883
0.5045 0.000244846
0.5055 0.000229039
0.5065 0.000211172
0.5075 0.000189921
0.5085 0.000165984
0.5095 0.000142487
0.5105 0.000124246
0.5115 0.00011587
0.5125 0.000119244
0.5135 0.000131465
0.5145 0.000144453
0.5155 0.000147011
0.5165 0.000129189
0.5175 8.75772e-05
0.5185 2.93043e-05
0.5195 -2.7626e-05
0.5205 -5.90149e-05
0.5215 -4.36029e-05
0.5225 2.61372e-05
0.5235 0.000135941
0.5245 0.000248892
0.5255 0.000314308
0.5265 0.000285389
0.5275 0.00014055
0.5285 -9.95844e-05
0.5295 -0.000367873
0.5305 -0.000564316
0.5315 -0.000586948
0.5325 -0.000372086
0.5335 6.96041e-05
0.5345 0.000636352
0.5355 0.0011491
0.5365 0.00139802
0.5375 0.00121218
0.5385 0.000532025
0.5395 -0.000540819
0.5405 -0.00173915
0.5415 -0.0026825
0.5425 -0.00297994
0.5435 -0.00235892
0.5445 -0.000782239
0.5455 0.00148715
0.5465 0.00390424
0.5475 0.00575205
0.5485 0.00632571
0.5495 0.00514695
0.5505 0.00214995
0.5515 -0.00222043
0.5525 -0.0070394
0.5535 -0.0110721
0.5545 -0.0130548
0.5555 -0.0120264
0.5565 -0.00762891
0.5575 -0.000294115
0.5585 0.00874178
0.5595 0.0176199
0.5605 0.0242114
0.5615 0.0265738
0.5625 0.0234148
0.5635 0.0144587
0.5645 0.000627077
0.5655 -0.0160177
0.5665 -0.0325688
0.5675 -0.045764
0.5685 -0.0525785
0.5695 -0.05081
0.5705 -0.0395457
0.5715 -0.0194214
0.5725 0.00737751
0.5735 0.0373758
0.5745 0.0662861
0.5755 0.0896247
0.5765 0.103364
0.5775 0.104524
0.5785 0.0916042
0.5795 0.0648174
0.5805 0.0260809
0.5815 -0.0212048
0.5825 -0.072555
0.5835 -0.122908
0.5845 -0.167168
0.5855 -0.20072
0.5865 -0.219843
0.5875 -0.222002
0.5885 -0.205983
0.5895 -0.171892
0.5905 -0.121022
0.5915 -0.0556283
0.5925 0.0213499
0.5935 0.106592
0.5945 0.196683
0.5955 0.288357
0.5965 0.378697
0.5975 0.465261
0.5985 0.546158
0.5995 0.620056
0.6005 0.686162
0.6015 0.744153
0.6025 0.794102
0.6035 0.836384
0.6045 0.87159
0.6055 0.900444
0.6065 0.923736
0.6075 0.942266
0.6085 0.956799
0.6095 0.968043
0.6105 0.976626
0.6115 0.983094
0.6125 0.987906
0.6135 0.991442
0.6145 0.994009
0.6155 0.99585
0.6165 0.997156
0.6175 0.998071
0.6185 0.998705
0.6195 0.999139
0.6205 0.999434
0.6215 0.999631
0.6225 0.999762
0.6235 0.999848
0.6245 0.999904
0.6255 0.99994
0.6265 0.999963
0.6275 0.999977
0.6285 0.999986
0.6295 0.999992
0.6305 0.999995
0.6315 0.999997
0.6325 0.999998
0.6335 0.999999
0.6345 0.999999
0.6355 1
0.6365 1
0.6375 1
0.6385 1
0.6395 1
0.6405 1
0.6415 1
0.6425 1
0.6435 1
0.6445 1
0.6455 1
0.6465 1
0.6475 1
0.6485 1
0.6495 1
0.6505 1
0.6515 1
0.6525 1
0.6535 1
0.6545 1
0.6555 1
0.6565 1
0.6575 1
0.6585 1
0.6595 1
0.6605 1
0.6615 1
0.6625 1
0.6635 1
0.6645 1
0.6655 1
0.6665 1
0.6675 1
0.6685 1
0.6695 1
0.6705 1
0.6715 1
0.6725 1
0.6735 1
0.6745 1
0.6755 1
0.6765 1
0.6775 1
0.6785 1
0.6795 1
0.6805 1
0.6815 1
0.6825 1
0.6835 1
0.6845 1
0.6855 1
0.6865 1
0.6875 1
0.6885 1
0.6895 1
0.6905 1
0.6915 1
0.6925 1
0.6935 1
0.6945 1
0.6955 0.999999
0.6965 0.999999
0.6975 0.999999
0.6985 1
0.6995 1
0.7005 1
0.7015 1
0.7025 1
0.7035 0.999999
0.7045 0.999994
0.7055 0.999991
0.7065 0.999992
0.7075 0.999997
0.7085 1.00001
0.7095 1.00002
0.7105 1.00002
0.7115 1.00002
0.7125 1
0.7135 0.999982
0.7145 0.999959
0.7155 0.999948
0.7165 0.999958
0.7175 0.999993
0.7185 1.00004
0.7195 1.0001
0.7205 1.00012
0.7215 1.0001
0.7225 1.00003
0.7235 0.999912
0.7245 0.999795
0.7255 0.999725
0.7265 0.999751
0.7275 0.999893
0.7285 1.00013
0.7295 1.0004
0.7305 1.00059
0.7315 1.00061
0.7325 1.00039
0.7335 0.99995
0.7345 0.999381
0.7355 0.998867
0.7365 0.998616
0.7375 0.998801
0.7385 0.99948
0.7395 1.00055
0.7405 1.00175
0.7415 1.00269
0.7425 1.00299
0.7435 1.00237
0.7445 1.00079
0.7455 0.998519
0.7465 0.996101
0.7475 0.994253
0.7485 0.993679
0.7495 0.994857
0.7505 0.997854
0.7515 1.00222
0.7525 1.00704
0.7535 1.01107
0.7545 1.01306
0.7555 1.01203
0.7565 1.00763
0.7575 1.0003
0.7585 0.99126
0.7595 0.982382
0.7605 0.97579
0.7615 0.973427
0.7625 0.976586
0.7635 0.985542
0.7645 0.999374
0.7655 1.01602
0.7665 1.03257
0.7675 1.04576
0.7685 1.05258
0.7695 1.05081
0.7705 1.03955
0.7715 1.01942
0.7725 0.992623
0.7735 0.962625
0.7745 0.933714
0.7755 0.910376
0.7765 0.896636
0.7775 0.895476
0.7785 0.908396
0.7795 0.935183
0.7805 0.973919
0.7815 1.0212
0.7825 1.07256
0.7835 1.12291
0.7845 1.16717
0.7855 1.20072
0.7865 1.21984
0.7875 1.222
0.7885 1.20598
0.7895 1.17189
0.7905 1.12102
0.7915 1.05563
0.7925 0.97865
0.7935 0.893408
0.7945 0.803317
0.7955 0.711643
0.7965 0.621303
0.7975 0.534739
0.7985 0.453842
0.7995 0.379944
0.8005 0.313838
0.8015 0.255847
0.8025 0.205898
0.8035 0.163616
0.8045 0.12841
0.8055 0.0995558
0.8065 0.0762635
0.8075 0.0577341
0.8085 0.0432007
0.8095 0.0319571
0.8105 0.0233738
0.8115 0.0169061
0.8125 0.0120941
0.8135 0.00855807
0.8145 0.0059911
0.8155 0.0041497
0.8165 0.00284417
0.8175 0.00192918
0.8185 0.00129511
0.8195 0.000860608
0.8205 0.000566115
0.8215 0.000368674
0.8225 0.000237714
0.8235 0.000151766
0.8245 9.59474e-05
0.8255 6.00707e-05
0.8265 3.72469e-05
0.8275 2.2874e-05
0.8285 1.39138e-05
0.8295 8.38354e-06
0.8305 5.00387e-06
0.8315 2.95873e-06
0.8325 1.73319e-06
0.8335 1.00589e-06
0.8345 5.78403e-07
0.8355 3.29542e-07
0.8365 1.86039e-07
0.8375 1.04071e-07
0.8385 5.76895e-08
0.8395 3.16902e-08
0.8405 1.72514e-08
0.8415 9.307e-09
0.8425 4.97612e-09
0.8435 2.63682e-09
0.8445 1.3848e-09
0.8455 7.20812e-10
0.8465 3.71872e-10
0.8475 1.90156e-10
0.8485 9.63785e-11
0.8495 4.84184e-11
0.8505 2.41105e-11
0.8515 1.19008e-11
0.8525 5.82272e-12
0.8535 2.82396e-12
0.8545 1.35762e-12
0.8555 6.46985e-13
0.8565 3.05639e-13
0.8575 1.43129e-13
0.8585 6.64464e-14
0.8595 3.05824e-14
0.8605 1.39578e-14
0.8615 6.32033e-15
0.8625 2.84362e-15
0.8635 1.27613e-15
0.8645 5.77158e-16
0.8655 2.70031e-16
0.8665 1.38459e-16
0.8675 8.52481e-17
0.8685 6.71894e-17
0.8695 6.53391e-17
0.8705 7.15739e-17
0.8715 8.25718e-17
0.8725 9.71452e-17
0.8735 1.15073e-16
0.8745 1.366e-16
0.8755 1.62231e-16
0.8765 1.92649e-16
0.8775 2.28701e-16
0.8785 2.71396e-16
0.8795 3.21933e-16
0.8805 3.81724e-16
0.8815 4.52434e-16
0.8825 5.36021e-16
0.8835 6.34789e-16
0.8845 7.51447e-16
0.8855 8.89177e-16
0.8865 1.05172e-15
0.8875 1.24346e-15
0.8885 1.46955e-15
0.8895 1.73603e-15
0.8905 2.04999e-15
0.8915 2.41973e-15
0.8925 2.85499e-15
0.8935 3.36715e-15
0.8945 3.96955e-15
0.8955 4.6778e-15
0.8965 5.51015e-15
0.8975 6.48793e-15
0.8985 7.63607e-15
0.8995 8.98369e-15
0.9005 1.05648e-14
0.9015 1.2419e-14
0.9025 1.45927e-14
0.9035 1.71398e-14
0.9045 2.01232e-14
0.9055 2.36162e-14
0.9065 2.77041e-14
0.9075 3.24862e-14
0.9085 3.80781e-14
0.9095 4.46142e-14
0.9105 5.22508e-14
0.9115 6.11693e-14
0.9125 7.15806e-14
0.9135 8.37295e-14
0.9145 9.79001e-14
0.9155 1.14422e-13
0.9165 1.33677e-13
0.9175 1.56108e-13
0.9185 1.82229e-13
0.9195 2.12632e-13
0.9205 2.48006e-13
0.9215 2.89147e-13
0.9225 3.36973e-13
0.9235 3.92548e-13
0.9245 4.57102e-13
0.9255 5.32053e-13
0.9265 6.19039e-13
0.9275 7.19951e-13
0.9285 8.36968e-13
0.9295 9.72607e-13
0.9305 1.12976e-12
0.9315 1.31177e-12
0.9325 1.52248e-12
0.9335 1.76631e-12
0.9345 2.04835e-12
0.9355 2.37444e-12
0.9365 2.75132e-12
0.9375 3.18672e-12
0.9385 3.6895e-12
0.9395 4.26986e-12
0.9405 4.93947e-12
0.9415 5.71176e-12
0.9425 6.60208e-12
0.9435 7.62806e-12
0.9445 8.80986e-12
0.9455 1.01706e-11
0.9465 1.17367e-11
0.9475 1.35383e-11
0.9485 1.56102e-11
0.9495 1.79917e-11
0.9505 2.07281e-11
0.9515 2.38708e-11
0.9525 2.74788e-11
0.9535 3.16192e-11
0.9545 3.63685e-11
0.9555 4.1814e-11
0.9565 4.80553e-11
0.9575 5.52054e-11
0.9585 6.33935e-11
0.9595 7.27662e-11
0.9605 8.34905e-11
0.9615 9.57561e-11
0.9625 1.09779e-10
0.9635 1.25803e-10
0.9645 1.44108e-10
0.9655 1.65008e-10
0.9665 1.88863e-10
0.9675 2.16077e-10
0.9685 2.47112e-10
0.9695 2.82488e-10
0.9705 3.22797e-10
0.9715 3.68707e-10
0.9725 4.20974e-10
0.9735 4.80454e-10
0.9745 5.48113e-10
0.9755 6.25045e-10
0.9765 7.12483e-10
0.9775 8.11821e-10
0.9785 9.24631e-10
0.9795 1.05269e-09
0.9805 1.19799e-09
0.9815 1.36279e-09
0.9825 1.54962e-09
0.9835 1.76135e-09
0.9845 2.00119e-09
0.9855 2.27276e-09
0.9865 2.58013e-09
0.9875 2.92787e-09
0.9885 3.32112e-09
0.9895 3.76565e-09
0.9905 4.26794e-09
0.9915 4.83525e-09
0.9925 5.47573e-09
0.9935 6.19852e-09
0.9945 7.01385e-09
0.9955 7.93318e-09
0.9965 8.96935e-09
0.9975 1.01367e-08
0.9985 1.14513e-08
0.9995 1.29312e-08
