
# time= 0
0.0005 0.00314159
0.0015 0.00942464
0.0025 0.0157073
0.0035 0.0219894
0.0045 0.0282706
0.0055 0.0345506
0.0065 0.0408294
0.0075 0.0471065
0.0085 0.0533817
0.0095 0.0596548
0.0105 0.0659256
0.0115 0.0721938
0.0125 0.0784591
0.0135 0.0847213
0.0145 0.0909802
0.0155 0.0972355
0.0165 0.103487
0.0175 0.109734
0.0185 0.115977
0.0195 0.122216
0.0205 0.128449
0.0215 0.134678
0.0225 0.140901
0.0235 0.147119
0.0245 0.153331
0.0255 0.159537
0.0265 0.165736
0.0275 0.171929
0.0285 0.178115
0.0295 0.184294
0.0305 0.190466
0.0315 0.196631
0.0325 0.202787
0.0335 0.208936
0.0345 0.215076
0.0355 0.221208
0.0365 0.227331
0.0375 0.233445
0.0385 0.23955
0.0395 0.245646
0.0405 0.251732
0.0415 0.257807
0.0425 0.263873
0.0435 0.269928
0.0445 0.275973
0.0455 0.282007
0.0465 0.288029
0.0475 0.29404
0.0485 0.30004
0.0495 0.306028
0.0505 0.312003
0.0515 0.317967
0.0525 0.323917
0.0535 0.329855
0.0545 0.33578
0.0555 0.341692
0.0565 0.34759
0.0575 0.353475
0.0585 0.359345
0.0595 0.365202
0.0605 0.371044
0.0615 0.376871
0.0625 0.382683
0.0635 0.388481
0.0645 0.394263
0.0655 0.400029
0.0665 0.40578
0.0675 0.411514
0.0685 0.417233
0.0695 0.422935
0.0705 0.42862
0.0715 0.434288
0.0725 0.439939
0.0735 0.445573
0.0745 0.451189
0.0755 0.456787
0.0765 0.462368
0.0775 0.46793
0.0785 0.473473
0.0795 0.478998
0.0805 0.484504
0.0815 0.489991
0.0825 0.495459
0.0835 0.500907
0.0845 0.506335
0.0855 0.511743
0.0865 0.517131
0.0875 0.522499
0.0885 0.527846
0.0895 0.533172
0.0905 0.538477
0.0915 0.54376
0.0925 0.549023
0.0935 0.554263
0.0945 0.559482
0.0955 0.564679
0.0965 0.569853
0.0975 0.575005
0.0985 0.580134
0.0995 0.585241
0.1005 0.590324
0.1015 0.595384
0.1025 0.60042
0.1035 0.605433
0.1045 0.610422
0.1055 0.615386
0.1065 0.620327
0.1075 0.625243
0.1085 0.630134
0.1095 0.635
0.1105 0.639841
0.1115 0.644657
0.1125 0.649448
0.1135 0.654213
0.1145 0.658952
0.1155 0.663665
0.1165 0.668352
0.1175 0.673013
0.1185 0.677646
0.1195 0.682254
0.1205 0.686834
0.1215 0.691387
0.1225 0.695913
0.1235 0.700411
0.1245 0.704882
0.1255 0.709325
0.1265 0.71374
0.1275 0.718126
0.1285 0.722485
0.1295 0.726814
0.1305 0.731116
0.1315 0.735388
0.1325 0.739631
0.1335 0.743845
0.1345 0.74803
0.1355 0.752185
0.1365 0.75631
0.1375 0.760406
0.1385 0.764472
0.1395 0.768507
0.1405 0.772512
0.1415 0.776487
0.1425 0.78043
0.1435 0.784343
0.1445 0.788226
0.1455 0.792077
0.1465 0.795896
0.1475 0.799685
0.1485 0.803441
0.1495 0.807166
0.1505 0.81086
0.1515 0.814521
0.1525 0.81815
0.1535 0.821746
0.1545 0.825311
0.1555 0.828842
0.1565 0.832341
0.1575 0.835807
0.1585 0.83924
0.1595 0.84264
0.1605 0.846007
0.1615 0.84934
0.1625 0.85264
0.1635 0.855906
0.1645 0.859139
0.1655 0.862337
0.1665 0.865501
0.1675 0.868632
0.1685 0.871727
0.1695 0.874789
0.1705 0.877816
0.1715 0.880808
0.1725 0.883766
0.1735 0.886688
0.1745 0.889576
0.1755 0.892428
0.1765 0.895246
0.1775 0.898028
0.1785 0.900774
0.1795 0.903485
0.1805 0.90616
0.1815 0.9088
0.1825 0.911403
0.1835 0.913971
0.1845 0.916502
0.1855 0.918998
0.1865 0.921457
0.1875 0.92388
0.1885 0.926266
0.1895 0.928615
0.1905 0.930928
0.1915 0.933205
0.1925 0.935444
0.1935 0.937646
0.1945 0.939812
0.1955 0.94194
0.1965 0.944031
0.1975 0.946085
0.1985 0.948102
0.1995 0.950081
0.2005 0.952023
0.2015 0.953927
0.2025 0.955793
0.2035 0.957622
0.2045 0.959412
0.2055 0.961165
0.2065 0.96288
0.2075 0.964557
0.2085 0.966196
0.2095 0.967797
0.2105 0.96936
0.2115 0.970884
0.2125 0.97237
0.2135 0.973817
0.2145 0.975227
0.2155 0.976597
0.2165 0.977929
0.2175 0.979223
0.2185 0.980478
0.2195 0.981694
0.2205 0.982871
0.2215 0.98401
0.2225 0.985109
0.2235 0.98617
0.2245 0.987192
0.2255 0.988175
0.2265 0.989119
0.2275 0.990024
0.2285 0.990889
0.2295 0.991716
0.2305 0.992504
0.2315 0.993252
0.2325 0.993961
0.2335 0.994631
0.2345 0.995261
0.2355 0.995853
0.2365 0.996405
0.2375 0.996917
0.2385 0.997391
0.2395 0.997825
0.2405 0.998219
0.2415 0.998574
0.2425 0.99889
0.2435 0.999166
0.2445 0.999403
0.2455 0.9996
0.2465 0.999758
0.2475 0.999877
0.2485 0.999956
0.2495 0.999995
0.2505 0.999995
0.2515 0.999956
0.2525 0.999877
0.2535 0.999758
0.2545 0.9996
0.2555 0.999403
0.2565 0.999166
0.2575 0.99889
0.2585 0.998574
0.2595 0.998219
0.2605 0.997825
0.2615 0.997391
0.2625 0.996917
0.2635 0.996405
0.2645 0.995853
0.2655 0.995261
0.2665 0.994631
0.2675 0.993961
0.2685 0.993252
0.2695 0.992504
0.2705 0.991716
0.2715 0.990889
0.2725 0.990024
0.2735 0.989119
0.2745 0.988175
0.2755 0.987192
0.2765 0.98617
0.2775 0.985109
0.2785 0.98401
0.2795 0.982871
0.2805 0.981694
0.2815 0.980478
0.2825 0.979223
0.2835 0.977929
0.2845 0.976597
0.2855 0.975227
0.2865 0.973817
0.2875 0.97237
0.2885 0.970884
0.2895 0.96936
0.2905 0.967797
0.2915 0.966196
0.2925 0.964557
0.2935 0.96288
0.2945 0.961165
0.2955 0.959412
0.2965 0.957622
0.2975 0.955793
0.2985 0.953927
0.2995 0.952023
0.3005 0.950081
0.3015 0.948102
0.3025 0.946085
0.3035 0.944031
0.3045 0.94194
0.3055 0.939812
0.3065 0.937646
0.3075 0.935444
0.3085 0.933205
0.3095 0.930928
0.3105 0.928615
0.3115 0.926266
0.3125 0.92388
0.3135 0.921457
0.3145 0.918998
0.3155 0.916502
0.3165 0.913971
0.3175 0.911403
0.3185 0.9088
0.3195 0.90616
0.3205 0.903485
0.3215 0.900774
0.3225 0.898028
0.3235 0.895246
0.3245 0.892428
0.3255 0.889576
0.3265 0.886688
0.3275 0.883766
0.3285 0.880808
0.3295 0.877816
0.3305 0.874789
0.3315 0.871727
0.3325 0.868632
0.3335 0.865501
0.3345 0.862337
0.3355 0.859139
0.3365 0.855906
0.3375 0.85264
0.3385 0.84934
0.3395 0.846007
0.3405 0.84264
0.3415 0.83924
0.3425 0.835807
0.3435 0.832341
0.3445 0.828842
0.3455 0.825311
0.3465 0.821746
0.3475 0.81815
0.3485 0.814521
0.3495 0.81086
0.3505 0.807166
0.3515 0.803441
0.3525 0.799685
0.3535 0.795896
0.3545 0.792077
0.3555 0.788226
0.3565 0.784343
0.3575 0.78043
0.3585 0.776487
0.3595 0.772512
0.3605 0.768507
0.3615 0.764472
0.3625 0.760406
0.3635 0.75631
0.3645 0.752185
0.3655 0.74803
0.3665 0.743845
0.3675 0.739631
0.3685 0.735388
0.3695 0.731116
0.3705 0.726814
0.3715 0.722485
0.3725 0.718126
0.3735 0.71374
0.3745 0.709325
0.3755 0.704882
0.3765 0.700411
0.3775 0.695913
0.3785 0.691387
0.3795 0.686834
0.3805 0.682254
0.3815 0.677646
0.3825 0.673013
0.3835 0.668352
0.3845 0.663665
0.3855 0.658952
0.3865 0.654213
0.3875 0.649448
0.3885 0.644657
0.3895 0.639841
0.3905 0.635
0.3915 0.630134
0.3925 0.625243
0.3935 0.620327
0.3945 0.615386
0.3955 0.610422
0.3965 0.605433
0.3975 0.60042
0.3985 0.595384
0.3995 0.590324
0.4005 0.585241
0.4015 0.580134
0.4025 0.575005
0.4035 0.569853
0.4045 0.564679
0.4055 0.559482
0.4065 0.554263
0.4075 0.549023
0.4085 0.54376
0.4095 0.538477
0.4105 0.533172
0.4115 0.527846
0.4125 0.522499
0.4135 0.517131
0.4145 0.511743
0.4155 0.506335
0.4165 0.500907
0.4175 0.495459
0.4185 0.489991
0.4195 0.484504
0.4205 0.478998
0.4215 0.473473
0.4225 0.46793
0.4235 0.462368
0.4245 0.456787
0.4255 0.451189
0.4265 0.445573
0.4275 0.439939
0.4285 0.434288
0.4295 0.42862
0.4305 0.422935
0.4315 0.417233
0.4325 0.411514
0.4335 0.40578
0.4345 0.400029
0.4355 0.394263
0.4365 0.388481
0.4375 0.382683
0.4385 0.376871
0.4395 0.371044
0.4405 0.365202
0.4415 0.359345
0.4425 0.353475
0.4435 0.34759
0.4445 0.341692
0.4455 0.33578
0.4465 0.329855
0.4475 0.323917
0.4485 0.317967
0.4495 0.312003
0.4505 0.306028
0.4515 0.30004
0.4525 0.29404
0.4535 0.288029
0.4545 0.282007
0.4555 0.275973
0.4565 0.269928
0.4575 0.263873
0.4585 0.257807
0.4595 0.251732
0.4605 0.245646
0.4615 0.23955
0.4625 0.233445
0.4635 0.227331
0.4645 0.221208
0.4655 0.215076
0.4665 0.208936
0.4675 0.202787
0.4685 0.196631
0.4695 0.190466
0.4705 0.184294
0.4715 0.178115
0.4725 0.171929
0.4735 0.165736
0.4745 0.159537
0.4755 0.153331
0.4765 0.147119
0.4775 0.140901
0.4785 0.134678
0.4795 0.128449
0.4805 0.122216
0.4815 0.115977
0.4825 0.109734
0.4835 0.103487
0.4845 0.0972355
0.4855 0.0909802
0.4865 0.0847213
0.4875 0.0784591
0.4885 0.0721938
0.4895 0.0659256
0.4905 0.0596548
0.4915 0.0533817
0.4925 0.0471065
0.4935 0.0408294
0.4945 0.0345506
0.4955 0.0282706
0.4965 0.0219894
0.4975 0.0157073
0.4985 0.00942464
0.4995 0.00314159
0.5005 -0.00314159
0.5015 -0.00942464
0.5025 -0.0157073
0.5035 -0.0219894
0.5045 -0.0282706
0.5055 -0.0345506
0.5065 -0.0408294
0.5075 -0.0471065
0.5085 -0.0533817
0.5095 -0.0596548
0.5105 -0.0659256
0.5115 -0.0721938
0.5125 -0.0784591
0.5135 -0.0847213
0.5145 -0.0909802
0.5155 -0.0972355
0.5165 -0.103487
0.5175 -0.109734
0.5185 -0.115977
0.5195 -0.122216
0.5205 -0.128449
0.5215 -0.134678
0.5225 -0.140901
0.5235 -0.147119
0.5245 -0.153331
0.5255 -0.159537
0.5265 -0.165736
0.5275 -0.171929
0.5285 -0.178115
0.5295 -0.184294
0.5305 -0.190466
0.5315 -0.196631
0.5325 -0.202787
0.5335 -0.208936
0.5345 -0.215076
0.5355 -0.221208
0.5365 -0.227331
0.5375 -0.233445
0.5385 -0.23955
0.5395 -0.245646
0.5405 -0.251732
0.5415 -0.257807
0.5425 -0.263873
0.5435 -0.269928
0.5445 -0.275973
0.5455 -0.282007
0.5465 -0.288029
0.5475 -0.29404
0.5485 -0.30004
0.5495 -0.306028
0.5505 -0.312003
0.5515 -0.317967
0.5525 -0.323917
0.5535 -0.329855
0.5545 -0.33578
0.5555 -0.341692
0.5565 -0.34759
0.5575 -0.353475
0.5585 -0.359345
0.5595 -0.365202
0.5605 -0.371044
0.5615 -0.376871
0.5625 -0.382683
0.5635 -0.388481
0.5645 -0.394263
0.5655 -0.400029
0.5665 -0.40578
0.5675 -0.411514
0.5685 -0.417233
0.5695 -0.422935
0.5705 -0.42862
0.5715 -0.434288
0.5725 -0.439939
0.5735 -0.445573
0.5745 -0.451189
0.5755 -0.456787
0.5765 -0.462368
0.5775 -0.46793
0.5785 -0.473473
0.5795 -0.478998
0.5805 -0.484504
0.5815 -0.489991
0.5825 -0.495459
0.5835 -0.500907
0.5845 -0.506335
0.5855 -0.511743
0.5865 -0.517131
0.5875 -0.522499
0.5885 -0.527846
0.5895 -0.533172
0.5905 -0.538477
0.5915 -0.54376
0.5925 -0.549023
0.5935 -0.554263
0.5945 -0.559482
0.5955 -0.564679
0.5965 -0.569853
0.5975 -0.575005
0.5985 -0.580134
0.5995 -0.585241
0.6005 -0.590324
0.6015 -0.595384
0.6025 -0.60042
0.6035 -0.605433
0.6045 -0.610422
0.6055 -0.615386
0.6065 -0.620327
0.6075 -0.625243
0.6085 -0.630134
0.6095 -0.635
0.6105 -0.639841
0.6115 -0.644657
0.6125 -0.649448
0.6135 -0.654213
0.6145 -0.658952
0.6155 -0.663665
0.6165 -0.668352
0.6175 -0.673013
0.6185 -0.677646
0.6195 -0.682254
0.6205 -0.686834
0.6215 -0.691387
0.6225 -0.695913
0.6235 -0.700411
0.6245 -0.704882
0.6255 -0.709325
0.6265 -0.71374
0.6275 -0.718126
0.6285 -0.722485
0.6295 -0.726814
0.6305 -0.731116
0.6315 -0.735388
0.6325 -0.739631
0.6335 -0.743845
0.6345 -0.74803
0.6355 -0.752185
0.6365 -0.75631
0.6375 -0.760406
0.6385 -0.764472
0.6395 -0.768507
0.6405 -0.772512
0.6415 -0.776487
0.6425 -0.78043
0.6435 -0.784343
0.6445 -0.788226
0.6455 -0.792077
0.6465 -0.795896
0.6475 -0.799685
0.6485 -0.803441
0.6495 -0.807166
0.6505 -0.81086
0.6515 -0.814521
0.6525 -0.81815
0.6535 -0.821746
0.6545 -0.825311
0.6555 -0.828842
0.6565 -0.832341
0.6575 -0.835807
0.6585 -0.83924
0.6595 -0.84264
0.6605 -0.846007
0.6615 -0.84934
0.6625 -0.85264
0.6635 -0.855906
0.6645 -0.859139
0.6655 -0.862337
0.6665 -0.865501
0.6675 -0.868632
0.6685 -0.871727
0.6695 -0.874789
0.6705 -0.877816
0.6715 -0.880808
0.6725 -0.883766
0.6735 -0.886688
0.6745 -0.889576
0.6755 -0.892428
0.6765 -0.895246
0.6775 -0.898028
0.6785 -0.900774
0.6795 -0.903485
0.6805 -0.90616
0.6815 -0.9088
0.6825 -0.911403
0.6835 -0.913971
0.6845 -0.916502
0.6855 -0.918998
0.6865 -0.921457
0.6875 -0.92388
0.6885 -0.926266
0.6895 -0.928615
0.6905 -0.930928
0.6915 -0.933205
0.6925 -0.935444
0.6935 -0.937646
0.6945 -0.939812
0.6955 -0.94194
0.6965 -0.944031
0.6975 -0.946085
0.6985 -0.948102
0.6995 -0.950081
0.7005 -0.952023
0.7015 -0.953927
0.7025 -0.955793
0.7035 -0.957622
0.7045 -0.959412
0.7055 -0.961165
0.7065 -0.96288
0.7075 -0.964557
0.7085 -0.966196
0.7095 -0.967797
0.7105 -0.96936
0.7115 -0.970884
0.7125 -0.97237
0.7135 -0.973817
0.7145 -0.975227
0.7155 -0.976597
0.7165 -0.977929
0.7175 -0.979223
0.7185 -0.980478
0.7195 -0.981694
0.7205 -0.982871
0.7215 -0.98401
0.7225 -0.985109
0.7235 -0.98617
0.7245 -0.987192
0.7255 -0.988175
0.7265 -0.989119
0.7275 -0.990024
0.7285 -0.990889
0.7295 -0.991716
0.7305 -0.992504
0.7315 -0.993252
0.7325 -0.993961
0.7335 -0.994631
0.7345 -0.995261
0.7355 -0.995853
0.7365 -0.996405
0.7375 -0.996917
0.7385 -0.997391
0.7395 -0.997825
0.7405 -0.998219
0.7415 -0.998574
0.7425 -0.99889
0.7435 -0.999166
0.7445 -0.999403
0.7455 -0.9996
0.7465 -0.999758
0.7475 -0.999877
0.7485 -0.999956
0.7495 -0.999995
0.7505 -0.999995
0.7515 -0.999956
0.7525 -0.999877
0.7535 -0.999758
0.7545 -0.9996
0.7555 -0.999403
0.7565 -0.999166
0.7575 -0.99889
0.7585 -0.998574
0.7595 -0.998219
0.7605 -0.997825
0.7615 -0.997391
0.7625 -0.996917
0.7635 -0.996405
0.7645 -0.995853
0.7655 -0.995261
0.7665 -0.994631
0.7675 -0.993961
0.7685 -0.993252
0.7695 -0.992504
0.7705 -0.991716
0.7715 -0.990889
0.7725 -0.990024
0.7735 -0.989119
0.7745 -0.988175
0.7755 -0.987192
0.7765 -0.98617
0.7775 -0.985109
0.7785 -0.98401
0.7795 -0.982871
0.7805 -0.981694
0.7815 -0.980478
0.7825 -0.979223
0.7835 -0.977929
0.7845 -0.976597
0.7855 -0.975227
0.7865 -0.973817
0.7875 -0.97237
0.7885 -0.970884
0.7895 -0.96936
0.7905 -0.967797
0.7915 -0.966196
0.7925 -0.964557
0.7935 -0.96288
0.7945 -0.961165
0.7955 -0.959412
0.7965 -0.957622
0.7975 -0.955793
0.7985 -0.953927
0.7995 -0.952023
0.8005 -0.950081
0.8015 -0.948102
0.8025 -0.946085
0.8035 -0.944031
0.8045 -0.94194
0.8055 -0.939812
0.8065 -0.937646
0.8075 -0.935444
0.8085 -0.933205
0.8095 -0.930928
0.8105 -0.928615
0.8115 -0.926266
0.8125 -0.92388
0.8135 -0.921457
0.8145 -0.918998
0.8155 -0.916502
0.8165 -0.913971
0.8175 -0.911403
0.8185 -0.9088
0.8195 -0.90616
0.8205 -0.903485
0.8215 -0.900774
0.8225 -0.898028
0.8235 -0.895246
0.8245 -0.892428
0.8255 -0.889576
0.8265 -0.886688
0.8275 -0.883766
0.8285 -0.880808
0.8295 -0.877816
0.8305 -0.874789
0.8315 -0.871727
0.8325 -0.868632
0.8335 -0.865501
0.8345 -0.862337
0.8355 -0.859139
0.8365 -0.855906
0.8375 -0.85264
0.8385 -0.84934
0.8395 -0.846007
0.8405 -0.84264
0.8415 -0.83924
0.8425 -0.835807
0.8435 -0.832341
0.8445 -0.828842
0.8455 -0.825311
0.8465 -0.821746
0.8475 -0.81815
0.8485 -0.814521
0.8495 -0.81086
0.8505 -0.807166
0.8515 -0.803441
0.8525 -0.799685
0.8535 -0.795896
0.8545 -0.792077
0.8555 -0.788226
0.8565 -0.784343
0.8575 -0.78043
0.8585 -0.776487
0.8595 -0.772512
0.8605 -0.768507
0.8615 -0.764472
0.8625 -0.760406
0.8635 -0.75631
0.8645 -0.752185
0.8655 -0.74803
0.8665 -0.743845
0.8675 -0.739631
0.8685 -0.735388
0.8695 -0.731116
0.8705 -0.726814
0.8715 -0.722485
0.8725 -0.718126
0.8735 -0.71374
0.8745 -0.709325
0.8755 -0.704882
0.8765 -0.700411
0.8775 -0.695913
0.8785 -0.691387
0.8795 -0.686834
0.8805 -0.682254
0.8815 -0.677646
0.8825 -0.673013
0.8835 -0.668352
0.8845 -0.663665
0.8855 -0.658952
0.8865 -0.654213
0.8875 -0.649448
0.8885 -0.644657
0.8895 -0.639841
0.8905 -0.635
0.8915 -0.630134
0.8925 -0.625243
0.8935 -0.620327
0.8945 -0.615386
0.8955 -0.610422
0.8965 -0.605433
0.8975 -0.60042
0.8985 -0.595384
0.8995 -0.590324
0.9005 -0.585241
0.9015 -0.580134
0.9025 -0.575005
0.9035 -0.569853
0.9045 -0.564679
0.9055 -0.559482
0.9065 -0.554263
0.9075 -0.549023
0.9085 -0.54376
0.9095 -0.538477
0.9105 -0.533172
0.9115 -0.527846
0.9125 -0.522499
0.9135 -0.517131
0.9145 -0.511743
0.9155 -0.506335
0.9165 -0.500907
0.9175 -0.495459
0.9185 -0.489991
0.9195 -0.484504
0.9205 -0.478998
0.9215 -0.473473
0.9225 -0.46793
0.9235 -0.462368
0.9245 -0.456787
0.9255 -0.451189
0.9265 -0.445573
0.9275 -0.439939
0.9285 -0.434288
0.9295 -0.42862
0.9305 -0.422935
0.9315 -0.417233
0.9325 -0.411514
0.9335 -0.40578
0.9345 -0.400029
0.9355 -0.394263
0.9365 -0.388481
0.9375 -0.382683
0.9385 -0.376871
0.9395 -0.371044
0.9405 -0.365202
0.9415 -0.359345
0.9425 -0.353475
0.9435 -0.34759
0.9445 -0.341692
0.9455 -0.33578
0.9465 -0.329855
0.9475 -0.323917
0.9485 -0.317967
0.9495 -0.312003
0.9505 -0.306028
0.9515 -0.30004
0.9525 -0.29404
0.9535 -0.288029
0.9545 -0.282007
0.9555 -0.275973
0.9565 -0.269928
0.9575 -0.263873
0.9585 -0.257807
0.9595 -0.251732
0.9605 -0.245646
0.9615 -0.23955
0.9625 -0.233445
0.9635 -0.227331
0.9645 -0.221208
0.9655 -0.215076
0.9665 -0.208936
0.9675 -0.202787
0.9685 -0.196631
0.9695 -0.190466
0.9705 -0.184294
0.9715 -0.178115
0.9725 -0.171929
0.9735 -0.165736
0.9745 -0.159537
0.9755 -0.153331
0.9765 -0.147119
0.9775 -0.140901
0.9785 -0.134678
0.9795 -0.128449
0.9805 -0.122216
0.9815 -0.115977
0.9825 -0.109734
0.9835 -0.103487
0.9845 -0.0972355
0.9855 -0.0909802
0.9865 -0.0847213
0.9875 -0.0784591
0.9885 -0.0721938
0.9895 -0.0659256
0.9905 -0.0596548
0.9915 -0.0533817
0.9925 -0.0471065
0.9935 -0.0408294
0.9945 -0.0345506
0.9955 -0.0282706
0.9965 -0.0219894
0.9975 -0.0157073
0.9985 -0.00942464
0.9995 -0.00314159

# time= 0.25
0.0005 -4.90686e-05
0.0015 -0.000147204
0.0025 -0.000245333
0.0035 -0.000343453
0.0045 -0.000441559
0.0055 -0.000539648
0.0065 -0.000637715
0.0075 -0.000735757
0.0085 -0.00083377
0.0095 -0.000931751
0.0105 -0.00102969
0.0115 -0.0011276
0.0125 -0.00122546
0.0135 -0.00132327
0.0145 -0.00142102
0.0155 -0.00151872
0.0165 -0.00161637
0.0175 -0.00171394
0.0185 -0.00181145
0.0195 -0.00190889
0.0205 -0.00200626
0.0215 -0.00210354
0.0225 -0.00220074
0.0235 -0.00229786
0.0245 -0.00239488
0.0255 -0.00249181
0.0265 -0.00258864
0.0275 -0.00268537
0.0285 -0.00278199
0.0295 -0.0028785
0.0305 -0.0029749
0.0315 -0.00307118
0.0325 -0.00316734
0.0335 -0.00326338
0.0345 -0.00335928
0.0355 -0.00345506
0.0365 -0.00355069
0.0375 -0.00364619
0.0385 -0.00374154
0.0395 -0.00383675
0.0405 -0.0039318
0.0415 -0.0040267
0.0425 -0.00412144
0.0435 -0.00421602
0.0445 -0.00431043
0.0455 -0.00440467
0.0465 -0.00449874
0.0475 -0.00459263
0.0485 -0.00468633
0.0495 -0.00477986
0.0505 -0.00487319
0.0515 -0.00496633
0.0525 -0.00505928
0.0535 -0.00515202
0.0545 -0.00524456
0.0555 -0.0053369
0.0565 -0.00542902
0.0575 -0.00552094
0.0585 -0.00561263
0.0595 -0.0057041
0.0605 -0.00579534
0.0615 -0.00588636
0.0625 -0.00597715
0.0635 -0.00606769
0.0645 -0.006158
0.0655 -0.00624807
0.0665 -0.00633789
0.0675 -0.00642746
0.0685 -0.00651677
0.0695 -0.00660583
0.0705 -0.00669463
0.0715 -0.00678316
0.0725 -0.00687142
0.0735 -0.00695942
0.0745 -0.00704714
0.0755 -0.00713458
0.0765 -0.00722174
0.0775 -0.00730861
0.0785 -0.0073952
0.0795 -0.00748149
0.0805 -0.00756749
0.0815 -0.00765319
0.0825 -0.00773859
0.0835 -0.00782368
0.0845 -0.00790846
0.0855 -0.00799293
0.0865 -0.00807709
0.0875 -0.00816092
0.0885 -0.00824444
0.0895 -0.00832762
0.0905 -0.00841048
0.0915 -0.00849301
0.0925 -0.00857521
0.0935 -0.00865706
0.0945 -0.00873857
0.0955 -0.00881974
0.0965 -0.00890056
0.0975 -0.00898103
0.0985 -0.00906114
0.0995 -0.00914089
0.1005 -0.00922029
0.1015 -0.00929932
0.1025 -0.00937798
0.1035 -0.00945628
0.1045 -0.0095342
0.1055 -0.00961174
0.1065 -0.0096889
0.1075 -0.00976569
0.1085 -0.00984208
0.1095 -0.00991809
0.1105 -0.0099937
0.1115 -0.0100689
0.1125 -0.0101438
0.1135 -0.0102182
0.1145 -0.0102922
0.1155 -0.0103658
0.1165 -0.010439
0.1175 -0.0105118
0.1185 -0.0105842
0.1195 -0.0106561
0.1205 -0.0107277
0.1215 -0.0107988
0.1225 -0.0108695
0.1235 -0.0109397
0.1245 -0.0110096
0.1255 -0.011079
0.1265 -0.0111479
0.1275 -0.0112164
0.1285 -0.0112845
0.1295 -0.0113521
0.1305 -0.0114193
0.1315 -0.011486
0.1325 -0.0115523
0.1335 -0.0116181
0.1345 -0.0116835
0.1355 -0.0117484
0.1365 -0.0118128
0.1375 -0.0118768
0.1385 -0.0119403
0.1395 -0.0120033
0.1405 -0.0120659
0.1415 -0.012128
0.1425 -0.0121896
0.1435 -0.0122507
0.1445 -0.0123113
0.1455 -0.0123715
0.1465 -0.0124311
0.1475 -0.0124903
0.1485 -0.012549
0.1495 -0.0126072
0.1505 -0.0126648
0.1515 -0.012722
0.1525 -0.0127787
0.1535 -0.0128349
0.1545 -0.0128906
0.1555 -0.0129457
0.1565 -0.0130004
0.1575 -0.0130545
0.1585 -0.0131081
0.1595 -0.0131612
0.1605 -0.0132138
0.1615 -0.0132659
0.1625 -0.0133174
0.1635 -0.0133684
0.1645 -0.0134189
0.1655 -0.0134689
0.1665 -0.0135183
0.1675 -0.0135672
0.1685 -0.0136155
0.1695 -0.0136634
0.1705 -0.0137106
0.1715 -0.0137574
0.1725 -0.0138036
0.1735 -0.0138492
0.1745 -0.0138943
0.1755 -0.0139389
0.1765 -0.0139829
0.1775 -0.0140263
0.1785 -0.0140692
0.1795 -0.0141116
0.1805 -0.0141533
0.1815 -0.0141946
0.1825 -0.0142352
0.1835 -0.0142753
0.1845 -0.0143149
0.1855 -0.0143539
0.1865 -0.0143923
0.1875 -0.0144301
0.1885 -0.0144674
0.1895 -0.0145041
0.1905 -0.0145402
0.1915 -0.0145758
0.1925 -0.0146107
0.1935 -0.0146451
0.1945 -0.014679
0.1955 -0.0147122
0.1965 -0.0147449
0.1975 -0.0147769
0.1985 -0.0148084
0.1995 -0.0148393
0.2005 -0.0148697
0.2015 -0.0148994
0.2025 -0.0149286
0.2035 -0.0149571
0.2045 -0.0149851
0.2055 -0.0150125
0.2065 -0.0150393
0.2075 -0.0150655
0.2085 -0.0150911
0.2095 -0.0151161
0.2105 -0.0151405
0.2115 -0.0151643
0.2125 -0.0151875
0.2135 -0.0152101
0.2145 -0.0152321
0.2155 -0.0152535
0.2165 -0.0152743
0.2175 -0.0152945
0.2185 -0.0153141
0.2195 -0.0153331
0.2205 -0.0153515
0.2215 -0.0153693
0.2225 -0.0153865
0.2235 -0.015403
0.2245 -0.015419
0.2255 -0.0154343
0.2265 -0.0154491
0.2275 -0.0154632
0.2285 -0.0154767
0.2295 -0.0154896
0.2305 -0.0155019
0.2315 -0.0155136
0.2325 -0.0155247
0.2335 -0.0155352
0.2345 -0.015545
0.2355 -0.0155543
0.2365 -0.0155629
0.2375 -0.0155709
0.2385 -0.0155783
0.2395 -0.0155851
0.2405 -0.0155912
0.2415 -0.0155968
0.2425 -0.0156017
0.2435 -0.015606
0.2445 -0.0156097
0.2455 -0.0156128
0.2465 -0.0156153
0.2475 -0.0156171
0.2485 -0.0156183
0.2495 -0.015619
0.2505 -0.015619
0.2515 -0.0156183
0.2525 -0.0156171
0.2535 -0.0156153
0.2545 -0.0156128
0.2555 -0.0156097
0.2565 -0.015606
0.2575 -0.0156017
0.2585 -0.0155968
0.2595 -0.0155912
0.2605 -0.0155851
0.2615 -0.0155783
0.2625 -0.0155709
0.2635 -0.0155629
0.2645 -0.0155543
0.2655 -0.015545
0.2665 -0.0155352
0.2675 -0.0155247
0.2685 -0.0155136
0.2695 -0.0155019
0.2705 -0.0154896
0.2715 -0.0154767
0.2725 -0.0154632
0.2735 -0.0154491
0.2745 -0.0154343
0.2755 -0.015419
0.2765 -0.015403
0.2775 -0.0153865
0.2785 -0.0153693
0.2795 -0.0153515
0.2805 -0.0153331
0.2815 -0.0153141
0.2825 -0.0152945
0.2835 -0.0152743
0.2845 -0.0152535
0.2855 -0.0152321
0.2865 -0.0152101
0.2875 -0.0151875
0.2885 -0.0151643
0.2895 -0.0151405
0.2905 -0.0151161
0.2915 -0.0150911
0.2925 -0.0150655
0.2935 -0.0150393
0.2945 -0.0150125
0.2955 -0.0149851
0.2965 -0.0149571
0.2975 -0.0149286
0.2985 -0.0148994
0.2995 -0.0148697
0.3005 -0.0148393
0.3015 -0.0148084
0.3025 -0.0147769
0.3035 -0.0147449
0.3045 -0.0147122
0.3055 -0.014679
0.3065 -0.0146451
0.3075 -0.0146107
0.3085 -0.0145758
0.3095 -0.0145402
0.3105 -0.0145041
0.3115 -0.0144674
0.3125 -0.0144301
0.3135 -0.0143923
0.3145 -0.0143539
0.3155 -0.0143149
0.3165 -0.0142753
0.3175 -0.0142352
0.3185 -0.0141946
0.3195 -0.0141533
0.3205 -0.0141116
0.3215 -0.0140692
0.3225 -0.0140263
0.3235 -0.0139829
0.3245 -0.0139389
0.3255 -0.0138943
0.3265 -0.0138492
0.3275 -0.0138036
0.3285 -0.0137574
0.3295 -0.0137106
0.3305 -0.0136634
0.3315 -0.0136155
0.3325 -0.0135672
0.3335 -0.0135183
0.3345 -0.0134689
0.3355 -0.0134189
0.3365 -0.0133684
0.3375 -0.0133174
0.3385 -0.0132659
0.3395 -0.0132138
0.3405 -0.0131612
0.3415 -0.0131081
0.3425 -0.0130545
0.3435 -0.0130004
0.3445 -0.0129457
0.3455 -0.0128906
0.3465 -0.0128349
0.3475 -0.0127787
0.3485 -0.012722
0.3495 -0.0126648
0.3505 -0.0126072
0.3515 -0.012549
0.3525 -0.0124903
0.3535 -0.0124311
0.3545 -0.0123715
0.3555 -0.0123113
0.3565 -0.0122507
0.3575 -0.0121896
0.3585 -0.012128
0.3595 -0.0120659
0.3605 -0.0120033
0.3615 -0.0119403
0.3625 -0.0118768
0.3635 -0.0118128
0.3645 -0.0117484
0.3655 -0.0116835
0.3665 -0.0116181
0.3675 -0.0115523
0.3685 -0.011486
0.3695 -0.0114193
0.3705 -0.0113521
0.3715 -0.0112845
0.3725 -0.0112164
0.3735 -0.0111479
0.3745 -0.011079
0.3755 -0.0110096
0.3765 -0.0109397
0.3775 -0.0108695
0.3785 -0.0107988
0.3795 -0.0107277
0.3805 -0.0106561
0.3815 -0.0105842
0.3825 -0.0105118
0.3835 -0.010439
0.3845 -0.0103658
0.3855 -0.0102922
0.3865 -0.0102182
0.3875 -0.0101438
0.3885 -0.0100689
0.3895 -0.0099937
0.3905 -0.00991809
0.3915 -0.00984208
0.3925 -0.00976569
0.3935 -0.0096889
0.3945 -0.00961174
0.3955 -0.0095342
0.3965 -0.00945628
0.3975 -0.00937798
0.3985 -0.00929932
0.3995 -0.00922029
0.4005 -0.00914089
0.4015 -0.00906114
0.4025 -0.00898103
0.4035 -0.00890056
0.4045 -0.00881974
0.4055 -0.00873857
0.4065 -0.00865706
0.4075 -0.00857521
0.4085 -0.00849301
0.4095 -0.00841048
0.4105 -0.00832762
0.4115 -0.00824444
0.4125 -0.00816092
0.4135 -0.00807709
0.4145 -0.00799293
0.4155 -0.00790846
0.4165 -0.00782368
0.4175 -0.00773859
0.4185 -0.00765319
0.4195 -0.00756749
0.4205 -0.00748149
0.4215 -0.0073952
0.4225 -0.00730861
0.4235 -0.00722174
0.4245 -0.00713458
0.4255 -0.00704714
0.4265 -0.00695942
0.4275 -0.00687142
0.4285 -0.00678316
0.4295 -0.00669463
0.4305 -0.00660583
0.4315 -0.00651677
0.4325 -0.00642746
0.4335 -0.00633789
0.4345 -0.00624807
0.4355 -0.006158
0.4365 -0.00606769
0.4375 -0.00597715
0.4385 -0.00588636
0.4395 -0.00579534
0.4405 -0.0057041
0.4415 -0.00561263
0.4425 -0.00552094
0.4435 -0.00542902
0.4445 -0.0053369
0.4455 -0.00524456
0.4465 -0.00515202
0.4475 -0.00505928
0.4485 -0.00496633
0.4495 -0.00487319
0.4505 -0.00477986
0.4515 -0.00468633
0.4525 -0.00459263
0.4535 -0.00449874
0.4545 -0.00440467
0.4555 -0.00431043
0.4565 -0.00421602
0.4575 -0.00412144
0.4585 -0.0040267
0.4595 -0.0039318
0.4605 -0.00383675
0.4615 -0.00374154
0.4625 -0.00364619
0.4635 -0.00355069
0.4645 -0.00345506
0.4655 -0.00335928
0.4665 -0.00326338
0.4675 -0.00316734
0.4685 -0.00307118
0.4695 -0.0029749
0.4705 -0.0028785
0.4715 -0.00278199
0.4725 -0.00268537
0.4735 -0.00258864
0.4745 -0.00249181
0.4755 -0.00239488
0.4765 -0.00229786
0.4775 -0.00220074
0.4785 -0.00210354
0.4795 -0.00200626
0.4805 -0.00190889
0.4815 -0.00181145
0.4825 -0.00171394
0.4835 -0.00161637
0.4845 -0.00151872
0.4855 -0.00142102
0.4865 -0.00132327
0.4875 -0.00122546
0.4885 -0.0011276
0.4895 -0.00102969
0.4905 -0.000931751
0.4915 -0.00083377
0.4925 -0.000735757
0.4935 -0.000637715
0.4945 -0.000539648
0.4955 -0.000441559
0.4965 -0.000343453
0.4975 -0.000245333
0.4985 -0.000147204
0.4995 -4.90686e-05
0.5005 4.90686e-05
0.5015 0.000147204
0.5025 0.000245333
0.5035 0.000343453
0.5045 0.000441559
0.5055 0.000539648
0.5065 0.000637715
0.5075 0.000735757
0.5085 0.00083377
0.5095 0.000931751
0.5105 0.00102969
0.5115 0.0011276
0.5125 0.00122546
0.5135 0.00132327
0.5145 0.00142102
0.5155 0.00151872
0.5165 0.00161637
0.5175 0.00171394
0.5185 0.00181145
0.5195 0.00190889
0.5205 0.00200626
0.5215 0.00210354
0.5225 0.00220074
0.5235 0.00229786
0.5245 0.00239488
0.5255 0.00249181
0.5265 0.00258864
0.5275 0.00268537
0.5285 0.00278199
0.5295 0.0028785
0.5305 0.0029749
0.5315 0.00307118
0.5325 0.00316734
0.5335 0.00326338
0.5345 0.00335928
0.5355 0.00345506
0.5365 0.00355069
0.5375 0.00364619
0.5385 0.00374154
0.5395 0.00383675
0.5405 0.0039318
0.5415 0.0040267
0.5425 0.00412144
0.5435 0.00421602
0.5445 0.00431043
0.5455 0.00440467
0.5465 0.00449874
0.5475 0.00459263
0.5485 0.00468633
0.5495 0.00477986
0.5505 0.00487319
0.5515 0.00496633
0.5525 0.00505928
0.5535 0.00515202
0.5545 0.00524456
0.5555 0.0053369
0.5565 0.00542902
0.5575 0.00552094
0.5585 0.00561263
0.5595 0.0057041
0.5605 0.00579534
0.5615 0.00588636
0.5625 0.00597715
0.5635 0.00606769
0.5645 0.006158
0.5655 0.00624807
0.5665 0.00633789
0.5675 0.00642746
0.5685 0.00651677
0.5695 0.00660583
0.5705 0.00669463
0.5715 0.00678316
0.5725 0.00687142
0.5735 0.00695942
0.5745 0.00704714
0.5755 0.00713458
0.5765 0.00722174
0.5775 0.00730861
0.5785 0.0073952
0.5795 0.00748149
0.5805 0.00756749
0.5815 0.00765319
0.5825 0.00773859
0.5835 0.00782368
0.5845 0.00790846
0.5855 0.00799293
0.5865 0.00807709
0.5875 0.00816092
0.5885 0.00824444
0.5895 0.00832762
0.5905 0.00841048
0.5915 0.00849301
0.5925 0.00857521
0.5935 0.00865706
0.5945 0.00873857
0.5955 0.00881974
0.5965 0.00890056
0.5975 0.00898103
0.5985 0.00906114
0.5995 0.00914089
0.6005 0.00922029
0.6015 0.00929932
0.6025 0.00937798
0.6035 0.00945628
0.6045 0.0095342
0.6055 0.00961174
0.6065 0.0096889
0.6075 0.00976569
0.6085 0.00984208
0.6095 0.00991809
0.6105 0.0099937
0.6115 0.0100689
0.6125 0.0101438
0.6135 0.0102182
0.6145 0.0102922
0.6155 0.0103658
0.6165 0.010439
0.6175 0.0105118
0.6185 0.0105842
0.6195 0.0106561
0.6205 0.0107277
0.6215 0.0107988
0.6225 0.0108695
0.6235 0.0109397
0.6245 0.0110096
0.6255 0.011079
0.6265 0.0111479
0.6275 0.0112164
0.6285 0.0112845
0.6295 0.0113521
0.6305 0.0114193
0.6315 0.011486
0.6325 0.0115523
0.6335 0.0116181
0.6345 0.0116835
0.6355 0.0117484
0.6365 0.0118128
0.6375 0.0118768
0.6385 0.0119403
0.6395 0.0120033
0.6405 0.0120659
0.6415 0.012128
0.6425 0.0121896
0.6435 0.0122507
0.6445 0.0123113
0.6455 0.0123715
0.6465 0.0124311
0.6475 0.0124903
0.6485 0.012549
0.6495 0.0126072
0.6505 0.0126648
0.6515 0.012722
0.6525 0.0127787
0.6535 0.0128349
0.6545 0.0128906
0.6555 0.0129457
0.6565 0.0130004
0.6575 0.0130545
0.6585 0.0131081
0.6595 0.0131612
0.6605 0.0132138
0.6615 0.0132659
0.6625 0.0133174
0.6635 0.0133684
0.6645 0.0134189
0.6655 0.0134689
0.6665 0.0135183
0.6675 0.0135672
0.6685 0.0136155
0.6695 0.0136634
0.6705 0.0137106
0.6715 0.0137574
0.6725 0.0138036
0.6735 0.0138492
0.6745 0.0138943
0.6755 0.0139389
0.6765 0.0139829
0.6775 0.0140263
0.6785 0.0140692
0.6795 0.0141116
0.6805 0.0141533
0.6815 0.0141946
0.6825 0.0142352
0.6835 0.0142753
0.6845 0.0143149
0.6855 0.0143539
0.6865 0.0143923
0.6875 0.0144301
0.6885 0.0144674
0.6895 0.0145041
0.6905 0.0145402
0.6915 0.0145758
0.6925 0.0146107
0.6935 0.0146451
0.6945 0.014679
0.6955 0.0147122
0.6965 0.0147449
0.6975 0.0147769
0.6985 0.0148084
0.6995 0.0148393
0.7005 0.0148697
0.7015 0.0148994
0.7025 0.0149286
0.7035 0.0149571
0.7045 0.0149851
0.7055 0.0150125
0.7065 0.0150393
0.7075 0.0150655
0.7085 0.0150911
0.7095 0.0151161
0.7105 0.0151405
0.7115 0.0151643
0.7125 0.0151875
0.7135 0.0152101
0.7145 0.0152321
0.7155 0.0152535
0.7165 0.0152743
0.7175 0.0152945
0.7185 0.0153141
0.7195 0.0153331
0.7205 0.0153515
0.7215 0.0153693
0.7225 0.0153865
0.7235 0.015403
0.7245 0.015419
0.7255 0.0154343
0.7265 0.0154491
0.7275 0.0154632
0.7285 0.0154767
0.7295 0.0154896
0.7305 0.0155019
0.7315 0.0155136
0.7325 0.0155247
0.7335 0.0155352
0.7345 0.015545
0.7355 0.0155543
0.7365 0.0155629
0.7375 0.0155709
0.7385 0.0155783
0.7395 0.0155851
0.7405 0.0155912
0.7415 0.0155968
0.7425 0.0156017
0.7435 0.015606
0.7445 0.0156097
0.7455 0.0156128
0.7465 0.0156153
0.7475 0.0156171
0.7485 0.0156183
0.7495 0.015619
0.7505 0.015619
0.7515 0.0156183
0.7525 0.0156171
0.7535 0.0156153
0.7545 0.0156128
0.7555 0.0156097
0.7565 0.015606
0.7575 0.0156017
0.7585 0.0155968
0.7595 0.0155912
0.7605 0.0155851
0.7615 0.0155783
0.7625 0.0155709
0.7635 0.0155629
0.7645 0.0155543
0.7655 0.015545
0.7665 0.0155352
0.7675 0.0155247
0.7685 0.0155136
0.7695 0.0155019
0.7705 0.0154896
0.7715 0.0154767
0.7725 0.0154632
0.7735 0.0154491
0.7745 0.0154343
0.7755 0.015419
0.7765 0.015403
0.7775 0.0153865
0.7785 0.0153693
0.7795 0.0153515
0.7805 0.0153331
0.7815 0.0153141
0.7825 0.0152945
0.7835 0.0152743
0.7845 0.0152535
0.7855 0.0152321
0.7865 0.0152101
0.7875 0.0151875
0.7885 0.0151643
0.7895 0.0151405
0.7905 0.0151161
0.7915 0.0150911
0.7925 0.0150655
0.7935 0.0150393
0.7945 0.0150125
0.7955 0.0149851
0.7965 0.0149571
0.7975 0.0149286
0.7985 0.0148994
0.7995 0.0148697
0.8005 0.0148393
0.8015 0.0148084
0.8025 0.0147769
0.8035 0.0147449
0.8045 0.0147122
0.8055 0.014679
0.8065 0.0146451
0.8075 0.0146107
0.8085 0.0145758
0.8095 0.0145402
0.8105 0.0145041
0.8115 0.0144674
0.8125 0.0144301
0.8135 0.0143923
0.8145 0.0143539
0.8155 0.0143149
0.8165 0.0142753
0.8175 0.0142352
0.8185 0.0141946
0.8195 0.0141533
0.8205 0.0141116
0.8215 0.0140692
0.8225 0.0140263
0.8235 0.0139829
0.8245 0.0139389
0.8255 0.0138943
0.8265 0.0138492
0.8275 0.0138036
0.8285 0.0137574
0.8295 0.0137106
0.8305 0.0136634
0.8315 0.0136155
0.8325 0.0135672
0.8335 0.0135183
0.8345 0.0134689
0.8355 0.0134189
0.8365 0.0133684
0.8375 0.0133174
0.8385 0.0132659
0.8395 0.0132138
0.8405 0.0131612
0.8415 0.0131081
0.8425 0.0130545
0.8435 0.0130004
0.8445 0.0129457
0.8455 0.0128906
0.8465 0.0128349
0.8475 0.0127787
0.8485 0.012722
0.8495 0.0126648
0.8505 0.0126072
0.8515 0.012549
0.8525 0.0124903
0.8535 0.0124311
0.8545 0.0123715
0.8555 0.0123113
0.8565 0.0122507
0.8575 0.0121896
0.8585 0.012128
0.8595 0.0120659
0.8605 0.0120033
0.8615 0.0119403
0.8625 0.0118768
0.8635 0.0118128
0.8645 0.0117484
0.8655 0.0116835
0.8665 0.0116181
0.8675 0.0115523
0.8685 0.011486
0.8695 0.0114193
0.8705 0.0113521
0.8715 0.0112845
0.8725 0.0112164
0.8735 0.0111479
0.8745 0.011079
0.8755 0.0110096
0.8765 0.0109397
0.8775 0.0108695
0.8785 0.0107988
0.8795 0.0107277
0.8805 0.0106561
0.8815 0.0105842
0.8825 0.0105118
0.8835 0.010439
0.8845 0.0103658
0.8855 0.0102922
0.8865 0.0102182
0.8875 0.0101438
0.8885 0.0100689
0.8895 0.0099937
0.8905 0.00991809
0.8915 0.00984208
0.8925 0.00976569
0.8935 0.0096889
0.8945 0.00961174
0.8955 0.0095342
0.8965 0.00945628
0.8975 0.00937798
0.8985 0.00929932
0.8995 0.00922029
0.9005 0.00914089
0.9015 0.00906114
0.9025 0.00898103
0.9035 0.00890056
0.9045 0.00881974
0.9055 0.00873857
0.9065 0.00865706
0.9075 0.00857521
0.9085 0.00849301
0.9095 0.00841048
0.9105 0.00832762
0.9115 0.00824444
0.9125 0.00816092
0.9135 0.00807709
0.9145 0.00799293
0.9155 0.00790846
0.9165 0.00782368
0.9175 0.00773859
0.9185 0.00765319
0.9195 0.00756749
0.9205 0.00748149
0.9215 0.0073952
0.9225 0.00730861
0.9235 0.00722174
0.9245 0.00713458
0.9255 0.00704714
0.9265 0.00695942
0.9275 0.00687142
0.9285 0.00678316
0.9295 0.00669463
0.9305 0.00660583
0.9315 0.00651677
0.9325 0.00642746
0.9335 0.00633789
0.9345 0.00624807
0.9355 0.006158
0.9365 0.00606769
0.9375 0.00597715
0.9385 0.00588636
0.9395 0.00579534
0.9405 0.0057041
0.9415 0.00561263
0.9425 0.00552094
0.9435 0.00542902
0.9445 0.0053369
0.9455 0.00524456
0.9465 0.00515202
0.9475 0.00505928
0.9485 0.00496633
0.9495 0.00487319
0.9505 0.00477986
0.9515 0.00468633
0.9525 0.00459263
0.9535 0.00449874
0.9545 0.00440467
0.9555 0.00431043
0.9565 0.00421602
0.9575 0.00412144
0.9585 0.0040267
0.9595 0.0039318
0.9605 0.00383675
0.9615 0.00374154
0.9625 0.00364619
0.9635 0.00355069
0.9645 0.00345506
0.9655 0.00335928
0.9665 0.00326338
0.9675 0.00316734
0.9685 0.00307118
0.9695 0.0029749
0.9705 0.0028785
0.9715 0.00278199
0.9725 0.00268537
0.9735 0.00258864
0.9745 0.00249181
0.9755 0.00239488
0.9765 0.00229786
0.9775 0.00220074
0.9785 0.00210354
0.9795 0.00200626
0.9805 0.00190889
0.9815 0.00181145
0.9825 0.00171394
0.9835 0.00161637
0.9845 0.00151872
0.9855 0.00142102
0.9865 0.00132327
0.9875 0.00122546
0.9885 0.0011276
0.9895 0.00102969
0.9905 0.000931751
0.9915 0.00083377
0.9925 0.000735757
0.9935 0.000637715
0.9945 0.000539648
0.9955 0.000441559
0.9965 0.000343453
0.9975 0.000245333
0.9985 0.000147204
0.9995 4.90686e-05

# time= 0.5
0.0005 -0.00314103
0.0015 -0.00942296
0.0025 -0.0157045
0.0035 -0.0219855
0.0045 -0.0282655
0.0055 -0.0345445
0.0065 -0.0408221
0.0075 -0.0470981
0.0085 -0.0533722
0.0095 -0.0596442
0.0105 -0.0659139
0.0115 -0.0721809
0.0125 -0.0784452
0.0135 -0.0847063
0.0145 -0.090964
0.0155 -0.0972182
0.0165 -0.103469
0.0175 -0.109715
0.0185 -0.115957
0.0195 -0.122194
0.0205 -0.128427
0.0215 -0.134654
0.0225 -0.140876
0.0235 -0.147093
0.0245 -0.153304
0.0255 -0.159508
0.0265 -0.165707
0.0275 -0.171899
0.0285 -0.178084
0.0295 -0.184262
0.0305 -0.190432
0.0315 -0.196596
0.0325 -0.202751
0.0335 -0.208899
0.0345 -0.215038
0.0355 -0.221169
0.0365 -0.227291
0.0375 -0.233404
0.0385 -0.239508
0.0395 -0.245602
0.0405 -0.251687
0.0415 -0.257762
0.0425 -0.263826
0.0435 -0.26988
0.0445 -0.275924
0.0455 -0.281956
0.0465 -0.287978
0.0475 -0.293988
0.0485 -0.299987
0.0495 -0.305973
0.0505 -0.311948
0.0515 -0.31791
0.0525 -0.32386
0.0535 -0.329797
0.0545 -0.335721
0.0555 -0.341631
0.0565 -0.347529
0.0575 -0.353412
0.0585 -0.359282
0.0595 -0.365137
0.0605 -0.370978
0.0615 -0.376804
0.0625 -0.382615
0.0635 -0.388412
0.0645 -0.394193
0.0655 -0.399958
0.0665 -0.405708
0.0675 -0.411441
0.0685 -0.417159
0.0695 -0.422859
0.0705 -0.428544
0.0715 -0.434211
0.0725 -0.439861
0.0735 -0.445494
0.0745 -0.451109
0.0755 -0.456706
0.0765 -0.462286
0.0775 -0.467847
0.0785 -0.473389
0.0795 -0.478913
0.0805 -0.484418
0.0815 -0.489904
0.0825 -0.495371
0.0835 -0.500818
0.0845 -0.506245
0.0855 -0.511652
0.0865 -0.517039
0.0875 -0.522406
0.0885 -0.527752
0.0895 -0.533077
0.0905 -0.538381
0.0915 -0.543664
0.0925 -0.548925
0.0935 -0.554165
0.0945 -0.559383
0.0955 -0.564579
0.0965 -0.569752
0.0975 -0.574903
0.0985 -0.580031
0.0995 -0.585137
0.1005 -0.590219
0.1015 -0.595278
0.1025 -0.600314
0.1035 -0.605325
0.1045 -0.610313
0.1055 -0.615277
0.1065 -0.620217
0.1075 -0.625132
0.1085 -0.630022
0.1095 -0.634887
0.1105 -0.639728
0.1115 -0.644543
0.1125 -0.649333
0.1135 -0.654097
0.1145 -0.658835
0.1155 -0.663547
0.1165 -0.668233
0.1175 -0.672893
0.1185 -0.677526
0.1195 -0.682132
0.1205 -0.686712
0.1215 -0.691264
0.1225 -0.695789
0.1235 -0.700287
0.1245 -0.704757
0.1255 -0.709199
0.1265 -0.713613
0.1275 -0.717999
0.1285 -0.722356
0.1295 -0.726685
0.1305 -0.730986
0.1315 -0.735257
0.1325 -0.7395
0.1335 -0.743713
0.1345 -0.747897
0.1355 -0.752051
0.1365 -0.756176
0.1375 -0.760271
0.1385 -0.764336
0.1395 -0.76837
0.1405 -0.772375
0.1415 -0.776349
0.1425 -0.780292
0.1435 -0.784204
0.1445 -0.788086
0.1455 -0.791936
0.1465 -0.795755
0.1475 -0.799543
0.1485 -0.803299
0.1495 -0.807023
0.1505 -0.810716
0.1515 -0.814376
0.1525 -0.818004
0.1535 -0.8216
0.1545 -0.825164
0.1555 -0.828695
0.1565 -0.832193
0.1575 -0.835659
0.1585 -0.839091
0.1595 -0.842491
0.1605 -0.845857
0.1615 -0.84919
0.1625 -0.852489
0.1635 -0.855754
0.1645 -0.858986
0.1655 -0.862184
0.1665 -0.865348
0.1675 -0.868477
0.1685 -0.871573
0.1695 -0.874633
0.1705 -0.87766
0.1715 -0.880652
0.1725 -0.883609
0.1735 -0.886531
0.1745 -0.889418
0.1755 -0.89227
0.1765 -0.895087
0.1775 -0.897868
0.1785 -0.900614
0.1795 -0.903324
0.1805 -0.905999
0.1815 -0.908638
0.1825 -0.911241
0.1835 -0.913809
0.1845 -0.91634
0.1855 -0.918835
0.1865 -0.921293
0.1875 -0.923715
0.1885 -0.926101
0.1895 -0.92845
0.1905 -0.930763
0.1915 -0.933039
0.1925 -0.935278
0.1935 -0.93748
0.1945 -0.939645
0.1955 -0.941773
0.1965 -0.943864
0.1975 -0.945917
0.1985 -0.947933
0.1995 -0.949912
0.2005 -0.951853
0.2015 -0.953757
0.2025 -0.955623
0.2035 -0.957452
0.2045 -0.959242
0.2055 -0.960995
0.2065 -0.962709
0.2075 -0.964386
0.2085 -0.966025
0.2095 -0.967625
0.2105 -0.969187
0.2115 -0.970711
0.2125 -0.972197
0.2135 -0.973644
0.2145 -0.975053
0.2155 -0.976424
0.2165 -0.977756
0.2175 -0.979049
0.2185 -0.980303
0.2195 -0.981519
0.2205 -0.982696
0.2215 -0.983835
0.2225 -0.984934
0.2235 -0.985995
0.2245 -0.987017
0.2255 -0.987999
0.2265 -0.988943
0.2275 -0.989848
0.2285 -0.990713
0.2295 -0.99154
0.2305 -0.992327
0.2315 -0.993075
0.2325 -0.993784
0.2335 -0.994454
0.2345 -0.995085
0.2355 -0.995676
0.2365 -0.996228
0.2375 -0.99674
0.2385 -0.997213
0.2395 -0.997647
0.2405 -0.998042
0.2415 -0.998397
0.2425 -0.998712
0.2435 -0.998989
0.2445 -0.999225
0.2455 -0.999423
0.2465 -0.999581
0.2475 -0.999699
0.2485 -0.999778
0.2495 -0.999817
0.2505 -0.999817
0.2515 -0.999778
0.2525 -0.999699
0.2535 -0.999581
0.2545 -0.999423
0.2555 -0.999225
0.2565 -0.998989
0.2575 -0.998712
0.2585 -0.998397
0.2595 -0.998042
0.2605 -0.997647
0.2615 -0.997213
0.2625 -0.99674
0.2635 -0.996228
0.2645 -0.995676
0.2655 -0.995085
0.2665 -0.994454
0.2675 -0.993784
0.2685 -0.993075
0.2695 -0.992327
0.2705 -0.99154
0.2715 -0.990713
0.2725 -0.989848
0.2735 -0.988943
0.2745 -0.987999
0.2755 -0.987017
0.2765 -0.985995
0.2775 -0.984934
0.2785 -0.983835
0.2795 -0.982696
0.2805 -0.981519
0.2815 -0.980303
0.2825 -0.979049
0.2835 -0.977756
0.2845 -0.976424
0.2855 -0.975053
0.2865 -0.973644
0.2875 -0.972197
0.2885 -0.970711
0.2895 -0.969187
0.2905 -0.967625
0.2915 -0.966025
0.2925 -0.964386
0.2935 -0.962709
0.2945 -0.960995
0.2955 -0.959242
0.2965 -0.957452
0.2975 -0.955623
0.2985 -0.953757
0.2995 -0.951853
0.3005 -0.949912
0.3015 -0.947933
0.3025 -0.945917
0.3035 -0.943864
0.3045 -0.941773
0.3055 -0.939645
0.3065 -0.93748
0.3075 -0.935278
0.3085 -0.933039
0.3095 -0.930763
0.3105 -0.92845
0.3115 -0.926101
0.3125 -0.923715
0.3135 -0.921293
0.3145 -0.918835
0.3155 -0.91634
0.3165 -0.913809
0.3175 -0.911241
0.3185 -0.908638
0.3195 -0.905999
0.3205 -0.903324
0.3215 -0.900614
0.3225 -0.897868
0.3235 -0.895087
0.3245 -0.89227
0.3255 -0.889418
0.3265 -0.886531
0.3275 -0.883609
0.3285 -0.880652
0.3295 -0.87766
0.3305 -0.874633
0.3315 -0.871573
0.3325 -0.868477
0.3335 -0.865348
0.3345 -0.862184
0.3355 -0.858986
0.3365 -0.855754
0.3375 -0.852489
0.3385 -0.84919
0.3395 -0.845857
0.3405 -0.842491
0.3415 -0.839091
0.3425 -0.835659
0.3435 -0.832193
0.3445 -0.828695
0.3455 -0.825164
0.3465 -0.8216
0.3475 -0.818004
0.3485 -0.814376
0.3495 -0.810716
0.3505 -0.807023
0.3515 -0.803299
0.3525 -0.799543
0.3535 -0.795755
0.3545 -0.791936
0.3555 -0.788086
0.3565 -0.784204
0.3575 -0.780292
0.3585 -0.776349
0.3595 -0.772375
0.3605 -0.76837
0.3615 -0.764336
0.3625 -0.760271
0.3635 -0.756176
0.3645 -0.752051
0.3655 -0.747897
0.3665 -0.743713
0.3675 -0.7395
0.3685 -0.735257
0.3695 -0.730986
0.3705 -0.726685
0.3715 -0.722356
0.3725 -0.717999
0.3735 -0.713613
0.3745 -0.709199
0.3755 -0.704757
0.3765 -0.700287
0.3775 -0.695789
0.3785 -0.691264
0.3795 -0.686712
0.3805 -0.682132
0.3815 -0.677526
0.3825 -0.672893
0.3835 -0.668233
0.3845 -0.663547
0.3855 -0.658835
0.3865 -0.654097
0.3875 -0.649333
0.3885 -0.644543
0.3895 -0.639728
0.3905 -0.634887
0.3915 -0.630022
0.3925 -0.625132
0.3935 -0.620217
0.3945 -0.615277
0.3955 -0.610313
0.3965 -0.605325
0.3975 -0.600314
0.3985 -0.595278
0.3995 -0.590219
0.4005 -0.585137
0.4015 -0.580031
0.4025 -0.574903
0.4035 -0.569752
0.4045 -0.564579
0.4055 -0.559383
0.4065 -0.554165
0.4075 -0.548925
0.4085 -0.543664
0.4095 -0.538381
0.4105 -0.533077
0.4115 -0.527752
0.4125 -0.522406
0.4135 -0.517039
0.4145 -0.511652
0.4155 -0.506245
0.4165 -0.500818
0.4175 -0.495371
0.4185 -0.489904
0.4195 -0.484418
0.4205 -0.478913
0.4215 -0.473389
0.4225 -0.467847
0.4235 -0.462286
0.4245 -0.456706
0.4255 -0.451109
0.4265 -0.445494
0.4275 -0.439861
0.4285 -0.434211
0.4295 -0.428544
0.4305 -0.422859
0.4315 -0.417159
0.4325 -0.411441
0.4335 -0.405708
0.4345 -0.399958
0.4355 -0.394193
0.4365 -0.388412
0.4375 -0.382615
0.4385 -0.376804
0.4395 -0.370978
0.4405 -0.365137
0.4415 -0.359282
0.4425 -0.353412
0.4435 -0.347529
0.4445 -0.341631
0.4455 -0.335721
0.4465 -0.329797
0.4475 -0.32386
0.4485 -0.31791
0.4495 -0.311948
0.4505 -0.305973
0.4515 -0.299987
0.4525 -0.293988
0.4535 -0.287978
0.4545 -0.281956
0.4555 -0.275924
0.4565 -0.26988
0.4575 -0.263826
0.4585 -0.257762
0.4595 -0.251687
0.4605 -0.245602
0.4615 -0.239508
0.4625 -0.233404
0.4635 -0.227291
0.4645 -0.221169
0.4655 -0.215038
0.4665 -0.208899
0.4675 -0.202751
0.4685 -0.196596
0.4695 -0.190432
0.4705 -0.184262
0.4715 -0.178084
0.4725 -0.171899
0.4735 -0.165707
0.4745 -0.159508
0.4755 -0.153304
0.4765 -0.147093
0.4775 -0.140876
0.4785 -0.134654
0.4795 -0.128427
0.4805 -0.122194
0.4815 -0.115957
0.4825 -0.109715
0.4835 -0.103469
0.4845 -0.0972182
0.4855 -0.090964
0.4865 -0.0847063
0.4875 -0.0784452
0.4885 -0.0721809
0.4895 -0.0659139
0.4905 -0.0596442
0.4915 -0.0533722
0.4925 -0.0470981
0.4935 -0.0408221
0.4945 -0.0345445
0.4955 -0.0282655
0.4965 -0.0219855
0.4975 -0.0157045
0.4985 -0.00942296
0.4995 -0.00314103
0.5005 0.00314103
0.5015 0.00942296
0.5025 0.0157045
0.5035 0.0219855
0.5045 0.0282655
0.5055 0.0345445
0.5065 0.0408221
0.5075 0.0470981
0.5085 0.0533722
0.5095 0.0596442
0.5105 0.0659139
0.5115 0.0721809
0.5125 0.0784452
0.5135 0.0847063
0.5145 0.090964
0.5155 0.0972182
0.5165 0.103469
0.5175 0.109715
0.5185 0.115957
0.5195 0.122194
0.5205 0.128427
0.5215 0.134654
0.5225 0.140876
0.5235 0.147093
0.5245 0.153304
0.5255 0.159508
0.5265 0.165707
0.5275 0.171899
0.5285 0.178084
0.5295 0.184262
0.5305 0.190432
0.5315 0.196596
0.5325 0.202751
0.5335 0.208899
0.5345 0.215038
0.5355 0.221169
0.5365 0.227291
0.5375 0.233404
0.5385 0.239508
0.5395 0.245602
0.5405 0.251687
0.5415 0.257762
0.5425 0.263826
0.5435 0.26988
0.5445 0.275924
0.5455 0.281956
0.5465 0.287978
0.5475 0.293988
0.5485 0.299987
0.5495 0.305973
0.5505 0.311948
0.5515 0.31791
0.5525 0.32386
0.5535 0.329797
0.5545 0.335721
0.5555 0.341631
0.5565 0.347529
0.5575 0.353412
0.5585 0.359282
0.5595 0.365137
0.5605 0.370978
0.5615 0.376804
0.5625 0.382615
0.5635 0.388412
0.5645 0.394193
0.5655 0.399958
0.5665 0.405708
0.5675 0.411441
0.5685 0.417159
0.5695 0.422859
0.5705 0.428544
0.5715 0.434211
0.5725 0.439861
0.5735 0.445494
0.5745 0.451109
0.5755 0.456706
0.5765 0.462286
0.5775 0.467847
0.5785 0.473389
0.5795 0.478913
0.5805 0.484418
0.5815 0.489904
0.5825 0.495371
0.5835 0.500818
0.5845 0.506245
0.5855 0.511652
0.5865 0.517039
0.5875 0.522406
0.5885 0.527752
0.5895 0.533077
0.5905 0.538381
0.5915 0.543664
0.5925 0.548925
0.5935 0.554165
0.5945 0.559383
0.5955 0.564579
0.5965 0.569752
0.5975 0.574903
0.5985 0.580031
0.5995 0.585137
0.6005 0.590219
0.6015 0.595278
0.6025 0.600314
0.6035 0.605325
0.6045 0.610313
0.6055 0.615277
0.6065 0.620217
0.6075 0.625132
0.6085 0.630022
0.6095 0.634887
0.6105 0.639728
0.6115 0.644543
0.6125 0.649333
0.6135 0.654097
0.6145 0.658835
0.6155 0.663547
0.6165 0.668233
0.6175 0.672893
0.6185 0.677526
0.6195 0.682132
0.6205 0.686712
0.6215 0.691264
0.6225 0.695789
0.6235 0.700287
0.6245 0.704757
0.6255 0.709199
0.6265 0.713613
0.6275 0.717999
0.6285 0.722356
0.6295 0.726685
0.6305 0.730986
0.6315 0.735257
0.6325 0.7395
0.6335 0.743713
0.6345 0.747897
0.6355 0.752051
0.6365 0.756176
0.6375 0.760271
0.6385 0.764336
0.6395 0.76837
0.6405 0.772375
0.6415 0.776349
0.6425 0.780292
0.6435 0.784204
0.6445 0.788086
0.6455 0.791936
0.6465 0.795755
0.6475 0.799543
0.6485 0.803299
0.6495 0.807023
0.6505 0.810716
0.6515 0.814376
0.6525 0.818004
0.6535 0.8216
0.6545 0.825164
0.6555 0.828695
0.6565 0.832193
0.6575 0.835659
0.6585 0.839091
0.6595 0.842491
0.6605 0.845857
0.6615 0.84919
0.6625 0.852489
0.6635 0.855754
0.6645 0.858986
0.6655 0.862184
0.6665 0.865348
0.6675 0.868477
0.6685 0.871573
0.6695 0.874633
0.6705 0.87766
0.6715 0.880652
0.6725 0.883609
0.6735 0.886531
0.6745 0.889418
0.6755 0.89227
0.6765 0.895087
0.6775 0.897868
0.6785 0.900614
0.6795 0.903324
0.6805 0.905999
0.6815 0.908638
0.6825 0.911241
0.6835 0.913809
0.6845 0.91634
0.6855 0.918835
0.6865 0.921293
0.6875 0.923715
0.6885 0.926101
0.6895 0.92845
0.6905 0.930763
0.6915 0.933039
0.6925 0.935278
0.6935 0.93748
0.6945 0.939645
0.6955 0.941773
0.6965 0.943864
0.6975 0.945917
0.6985 0.947933
0.6995 0.949912
0.7005 0.951853
0.7015 0.953757
0.7025 0.955623
0.7035 0.957452
0.7045 0.959242
0.7055 0.960995
0.7065 0.962709
0.7075 0.964386
0.7085 0.966025
0.7095 0.967625
0.7105 0.969187
0.7115 0.970711
0.7125 0.972197
0.7135 0.973644
0.7145 0.975053
0.7155 0.976424
0.7165 0.977756
0.7175 0.979049
0.7185 0.980303
0.7195 0.981519
0.7205 0.982696
0.7215 0.983835
0.7225 0.984934
0.7235 0.985995
0.7245 0.987017
0.7255 0.987999
0.7265 0.988943
0.7275 0.989848
0.7285 0.990713
0.7295 0.99154
0.7305 0.992327
0.7315 0.993075
0.7325 0.993784
0.7335 0.994454
0.7345 0.995085
0.7355 0.995676
0.7365 0.996228
0.7375 0.99674
0.7385 0.997213
0.7395 0.997647
0.7405 0.998042
0.7415 0.998397
0.7425 0.998712
0.7435 0.998989
0.7445 0.999225
0.7455 0.999423
0.7465 0.999581
0.7475 0.999699
0.7485 0.999778
0.7495 0.999817
0.7505 0.999817
0.7515 0.999778
0.7525 0.999699
0.7535 0.999581
0.7545 0.999423
0.7555 0.999225
0.7565 0.998989
0.7575 0.998712
0.7585 0.998397
0.7595 0.998042
0.7605 0.997647
0.7615 0.997213
0.7625 0.99674
0.7635 0.996228
0.7645 0.995676
0.7655 0.995085
0.7665 0.994454
0.7675 0.993784
0.7685 0.993075
0.7695 0.992327
0.7705 0.99154
0.7715 0.990713
0.7725 0.989848
0.7735 0.988943
0.7745 0.987999
0.7755 0.987017
0.7765 0.985995
0.7775 0.984934
0.7785 0.983835
0.7795 0.982696
0.7805 0.981519
0.7815 0.980303
0.7825 0.979049
0.7835 0.977756
0.7845 0.976424
0.7855 0.975053
0.7865 0.973644
0.7875 0.972197
0.7885 0.970711
0.7895 0.969187
0.7905 0.967625
0.7915 0.966025
0.7925 0.964386
0.7935 0.962709
0.7945 0.960995
0.7955 0.959242
0.7965 0.957452
0.7975 0.955623
0.7985 0.953757
0.7995 0.951853
0.8005 0.949912
0.8015 0.947933
0.8025 0.945917
0.8035 0.943864
0.8045 0.941773
0.8055 0.939645
0.8065 0.93748
0.8075 0.935278
0.8085 0.933039
0.8095 0.930763
0.8105 0.92845
0.8115 0.926101
0.8125 0.923715
0.8135 0.921293
0.8145 0.918835
0.8155 0.91634
0.8165 0.913809
0.8175 0.911241
0.8185 0.908638
0.8195 0.905999
0.8205 0.903324
0.8215 0.900614
0.8225 0.897868
0.8235 0.895087
0.8245 0.89227
0.8255 0.889418
0.8265 0.886531
0.8275 0.883609
0.8285 0.880652
0.8295 0.87766
0.8305 0.874633
0.8315 0.871573
0.8325 0.868477
0.8335 0.865348
0.8345 0.862184
0.8355 0.858986
0.8365 0.855754
0.8375 0.852489
0.8385 0.84919
0.8395 0.845857
0.8405 0.842491
0.8415 0.839091
0.8425 0.835659
0.8435 0.832193
0.8445 0.828695
0.8455 0.825164
0.8465 0.8216
0.8475 0.818004
0.8485 0.814376
0.8495 0.810716
0.8505 0.807023
0.8515 0.803299
0.8525 0.799543
0.8535 0.795755
0.8545 0.791936
0.8555 0.788086
0.8565 0.784204
0.8575 0.780292
0.8585 0.776349
0.8595 0.772375
0.8605 0.76837
0.8615 0.764336
0.8625 0.760271
0.8635 0.756176
0.8645 0.752051
0.8655 0.747897
0.8665 0.743713
0.8675 0.7395
0.8685 0.735257
0.8695 0.730986
0.8705 0.726685
0.8715 0.722356
0.8725 0.717999
0.8735 0.713613
0.8745 0.709199
0.8755 0.704757
0.8765 0.700287
0.8775 0.695789
0.8785 0.691264
0.8795 0.686712
0.8805 0.682132
0.8815 0.677526
0.8825 0.672893
0.8835 0.668233
0.8845 0.663547
0.8855 0.658835
0.8865 0.654097
0.8875 0.649333
0.8885 0.644543
0.8895 0.639728
0.8905 0.634887
0.8915 0.630022
0.8925 0.625132
0.8935 0.620217
0.8945 0.615277
0.8955 0.610313
0.8965 0.605325
0.8975 0.600314
0.8985 0.595278
0.8995 0.590219
0.9005 0.585137
0.9015 0.580031
0.9025 0.574903
0.9035 0.569752
0.9045 0.564579
0.9055 0.559383
0.9065 0.554165
0.9075 0.548925
0.9085 0.543664
0.9095 0.538381
0.9105 0.533077
0.9115 0.527752
0.9125 0.522406
0.9135 0.517039
0.9145 0.511652
0.9155 0.506245
0.9165 0.500818
0.9175 0.495371
0.9185 0.489904
0.9195 0.484418
0.9205 0.478913
0.9215 0.473389
0.9225 0.467847
0.9235 0.462286
0.9245 0.456706
0.9255 0.451109
0.9265 0.445494
0.9275 0.439861
0.9285 0.434211
0.9295 0.428544
0.9305 0.422859
0.9315 0.417159
0.9325 0.411441
0.9335 0.405708
0.9345 0.399958
0.9355 0.394193
0.9365 0.388412
0.9375 0.382615
0.9385 0.376804
0.9395 0.370978
0.9405 0.365137
0.9415 0.359282
0.9425 0.353412
0.9435 0.347529
0.9445 0.341631
0.9455 0.335721
0.9465 0.329797
0.9475 0.32386
0.9485 0.31791
0.9495 0.311948
0.9505 0.305973
0.9515 0.299987
0.9525 0.293988
0.9535 0.287978
0.9545 0.281956
0.9555 0.275924
0.9565 0.26988
0.9575 0.263826
0.9585 0.257762
0.9595 0.251687
0.9605 0.245602
0.9615 0.239508
0.9625 0.233404
0.9635 0.227291
0.9645 0.221169
0.9655 0.215038
0.9665 0.208899
0.9675 0.202751
0.9685 0.196596
0.9695 0.190432
0.9705 0.184262
0.9715 0.178084
0.9725 0.171899
0.9735 0.165707
0.9745 0.159508
0.9755 0.153304
0.9765 0.147093
0.9775 0.140876
0.9785 0.134654
0.9795 0.128427
0.9805 0.122194
0.9815 0.115957
0.9825 0.109715
0.9835 0.103469
0.9845 0.0972182
0.9855 0.090964
0.9865 0.0847063
0.9875 0.0784452
0.9885 0.0721809
0.9895 0.0659139
0.9905 0.0596442
0.9915 0.0533722
0.9925 0.0470981
0.9935 0.0408221
0.9945 0.0345445
0.9955 0.0282655
0.9965 0.0219855
0.9975 0.0157045
0.9985 0.00942296
0.9995 0.00314103

# time= 0.75
0.0005 0.00447167
0.0015 0.000148878
0.0025 0.000248124
0.0035 0.000347359
0.0045 0.000446581
0.0055 0.000545786
0.0065 0.000644968
0.0075 0.000744126
0.0085 0.000843254
0.0095 0.000942349
0.0105 0.00104141
0.0115 0.00114042
0.0125 0.00123939
0.0135 0.00133832
0.0145 0.00143719
0.0155 0.001536
0.0165 0.00163475
0.0175 0.00173344
0.0185 0.00183206
0.0195 0.0019306
0.0205 0.00202908
0.0215 0.00212747
0.0225 0.00222577
0.0235 0.00232399
0.0245 0.00242212
0.0255 0.00252015
0.0265 0.00261808
0.0275 0.00271591
0.0285 0.00281363
0.0295 0.00291124
0.0305 0.00300874
0.0315 0.00310611
0.0325 0.00320337
0.0335 0.00330049
0.0345 0.00339749
0.0355 0.00349436
0.0365 0.00359108
0.0375 0.00368766
0.0385 0.0037841
0.0395 0.00388039
0.0405 0.00397652
0.0415 0.0040725
0.0425 0.00416832
0.0435 0.00426397
0.0445 0.00435946
0.0455 0.00445477
0.0465 0.00454991
0.0475 0.00464486
0.0485 0.00473964
0.0495 0.00483422
0.0505 0.00492862
0.0515 0.00502282
0.0525 0.00511682
0.0535 0.00521062
0.0545 0.00530422
0.0555 0.0053976
0.0565 0.00549078
0.0575 0.00558373
0.0585 0.00567647
0.0595 0.00576898
0.0605 0.00586126
0.0615 0.00595331
0.0625 0.00604513
0.0635 0.00613671
0.0645 0.00622804
0.0655 0.00631914
0.0665 0.00640998
0.0675 0.00650056
0.0685 0.00659089
0.0695 0.00668097
0.0705 0.00677077
0.0715 0.00686031
0.0725 0.00694958
0.0735 0.00703858
0.0745 0.00712729
0.0755 0.00721573
0.0765 0.00730388
0.0775 0.00739174
0.0785 0.00747931
0.0795 0.00756659
0.0805 0.00765356
0.0815 0.00774024
0.0825 0.00782661
0.0835 0.00791267
0.0845 0.00799841
0.0855 0.00808384
0.0865 0.00816896
0.0875 0.00825375
0.0885 0.00833821
0.0895 0.00842235
0.0905 0.00850615
0.0915 0.00858961
0.0925 0.00867274
0.0935 0.00875553
0.0945 0.00883797
0.0955 0.00892006
0.0965 0.0090018
0.0975 0.00908318
0.0985 0.0091642
0.0995 0.00924487
0.1005 0.00932516
0.1015 0.00940509
0.1025 0.00948465
0.1035 0.00956383
0.1045 0.00964264
0.1055 0.00972107
0.1065 0.00979911
0.1075 0.00987676
0.1085 0.00995403
0.1095 0.0100309
0.1105 0.0101074
0.1115 0.0101835
0.1125 0.0102591
0.1135 0.0103344
0.1145 0.0104093
0.1155 0.0104837
0.1165 0.0105577
0.1175 0.0106314
0.1185 0.0107046
0.1195 0.0107773
0.1205 0.0108497
0.1215 0.0109216
0.1225 0.0109931
0.1235 0.0110642
0.1245 0.0111348
0.1255 0.011205
0.1265 0.0112747
0.1275 0.011344
0.1285 0.0114129
0.1295 0.0114813
0.1305 0.0115492
0.1315 0.0116167
0.1325 0.0116837
0.1335 0.0117503
0.1345 0.0118164
0.1355 0.011882
0.1365 0.0119472
0.1375 0.0120119
0.1385 0.0120761
0.1395 0.0121399
0.1405 0.0122031
0.1415 0.0122659
0.1425 0.0123282
0.1435 0.01239
0.1445 0.0124514
0.1455 0.0125122
0.1465 0.0125725
0.1475 0.0126324
0.1485 0.0126917
0.1495 0.0127506
0.1505 0.0128089
0.1515 0.0128667
0.1525 0.0129241
0.1535 0.0129809
0.1545 0.0130372
0.1555 0.013093
0.1565 0.0131482
0.1575 0.013203
0.1585 0.0132572
0.1595 0.0133109
0.1605 0.0133641
0.1615 0.0134168
0.1625 0.0134689
0.1635 0.0135205
0.1645 0.0135715
0.1655 0.0136221
0.1665 0.0136721
0.1675 0.0137215
0.1685 0.0137704
0.1695 0.0138188
0.1705 0.0138666
0.1715 0.0139139
0.1725 0.0139606
0.1735 0.0140067
0.1745 0.0140524
0.1755 0.0140974
0.1765 0.0141419
0.1775 0.0141859
0.1785 0.0142292
0.1795 0.0142721
0.1805 0.0143143
0.1815 0.014356
0.1825 0.0143972
0.1835 0.0144377
0.1845 0.0144777
0.1855 0.0145171
0.1865 0.014556
0.1875 0.0145942
0.1885 0.0146319
0.1895 0.014669
0.1905 0.0147056
0.1915 0.0147415
0.1925 0.0147769
0.1935 0.0148117
0.1945 0.0148459
0.1955 0.0148795
0.1965 0.0149126
0.1975 0.014945
0.1985 0.0149769
0.1995 0.0150081
0.2005 0.0150388
0.2015 0.0150689
0.2025 0.0150984
0.2035 0.0151272
0.2045 0.0151555
0.2055 0.0151832
0.2065 0.0152103
0.2075 0.0152368
0.2085 0.0152627
0.2095 0.015288
0.2105 0.0153127
0.2115 0.0153368
0.2125 0.0153602
0.2135 0.0153831
0.2145 0.0154053
0.2155 0.015427
0.2165 0.015448
0.2175 0.0154685
0.2185 0.0154883
0.2195 0.0155075
0.2205 0.0155261
0.2215 0.0155441
0.2225 0.0155615
0.2235 0.0155782
0.2245 0.0155944
0.2255 0.0156099
0.2265 0.0156248
0.2275 0.0156391
0.2285 0.0156528
0.2295 0.0156658
0.2305 0.0156783
0.2315 0.0156901
0.2325 0.0157013
0.2335 0.0157119
0.2345 0.0157218
0.2355 0.0157312
0.2365 0.0157399
0.2375 0.015748
0.2385 0.0157555
0.2395 0.0157623
0.2405 0.0157686
0.2415 0.0157742
0.2425 0.0157792
0.2435 0.0157835
0.2445 0.0157873
0.2455 0.0157904
0.2465 0.0157929
0.2475 0.0157947
0.2485 0.015796
0.2495 0.0157966
0.2505 0.0157966
0.2515 0.015796
0.2525 0.0157947
0.2535 0.0157929
0.2545 0.0157904
0.2555 0.0157873
0.2565 0.0157835
0.2575 0.0157792
0.2585 0.0157742
0.2595 0.0157686
0.2605 0.0157623
0.2615 0.0157555
0.2625 0.015748
0.2635 0.0157399
0.2645 0.0157312
0.2655 0.0157218
0.2665 0.0157119
0.2675 0.0157013
0.2685 0.0156901
0.2695 0.0156783
0.2705 0.0156658
0.2715 0.0156528
0.2725 0.0156391
0.2735 0.0156248
0.2745 0.0156099
0.2755 0.0155944
0.2765 0.0155782
0.2775 0.0155615
0.2785 0.0155441
0.2795 0.0155261
0.2805 0.0155075
0.2815 0.0154883
0.2825 0.0154685
0.2835 0.015448
0.2845 0.015427
0.2855 0.0154053
0.2865 0.0153831
0.2875 0.0153602
0.2885 0.0153368
0.2895 0.0153127
0.2905 0.015288
0.2915 0.0152627
0.2925 0.0152368
0.2935 0.0152103
0.2945 0.0151832
0.2955 0.0151555
0.2965 0.0151272
0.2975 0.0150984
0.2985 0.0150689
0.2995 0.0150388
0.3005 0.0150081
0.3015 0.0149769
0.3025 0.014945
0.3035 0.0149126
0.3045 0.0148795
0.3055 0.0148459
0.3065 0.0148117
0.3075 0.0147769
0.3085 0.0147415
0.3095 0.0147056
0.3105 0.014669
0.3115 0.0146319
0.3125 0.0145942
0.3135 0.014556
0.3145 0.0145171
0.3155 0.0144777
0.3165 0.0144377
0.3175 0.0143972
0.3185 0.014356
0.3195 0.0143143
0.3205 0.0142721
0.3215 0.0142292
0.3225 0.0141859
0.3235 0.0141419
0.3245 0.0140974
0.3255 0.0140524
0.3265 0.0140067
0.3275 0.0139606
0.3285 0.0139139
0.3295 0.0138666
0.3305 0.0138188
0.3315 0.0137704
0.3325 0.0137215
0.3335 0.0136721
0.3345 0.0136221
0.3355 0.0135715
0.3365 0.0135205
0.3375 0.0134689
0.3385 0.0134168
0.3395 0.0133641
0.3405 0.0133109
0.3415 0.0132572
0.3425 0.013203
0.3435 0.0131482
0.3445 0.013093
0.3455 0.0130372
0.3465 0.0129809
0.3475 0.0129241
0.3485 0.0128667
0.3495 0.0128089
0.3505 0.0127506
0.3515 0.0126917
0.3525 0.0126324
0.3535 0.0125725
0.3545 0.0125122
0.3555 0.0124514
0.3565 0.01239
0.3575 0.0123282
0.3585 0.0122659
0.3595 0.0122031
0.3605 0.0121399
0.3615 0.0120761
0.3625 0.0120119
0.3635 0.0119472
0.3645 0.011882
0.3655 0.0118164
0.3665 0.0117503
0.3675 0.0116837
0.3685 0.0116167
0.3695 0.0115492
0.3705 0.0114813
0.3715 0.0114129
0.3725 0.011344
0.3735 0.0112747
0.3745 0.011205
0.3755 0.0111348
0.3765 0.0110642
0.3775 0.0109931
0.3785 0.0109216
0.3795 0.0108497
0.3805 0.0107773
0.3815 0.0107046
0.3825 0.0106314
0.3835 0.0105577
0.3845 0.0104837
0.3855 0.0104093
0.3865 0.0103344
0.3875 0.0102591
0.3885 0.0101835
0.3895 0.0101074
0.3905 0.0100309
0.3915 0.00995403
0.3925 0.00987676
0.3935 0.00979911
0.3945 0.00972107
0.3955 0.00964264
0.3965 0.00956383
0.3975 0.00948465
0.3985 0.00940509
0.3995 0.00932516
0.4005 0.00924487
0.4015 0.0091642
0.4025 0.00908318
0.4035 0.0090018
0.4045 0.00892006
0.4055 0.00883797
0.4065 0.00875553
0.4075 0.00867274
0.4085 0.00858961
0.4095 0.00850615
0.4105 0.00842235
0.4115 0.00833821
0.4125 0.00825375
0.4135 0.00816896
0.4145 0.00808384
0.4155 0.00799841
0.4165 0.00791267
0.4175 0.00782661
0.4185 0.00774024
0.4195 0.00765356
0.4205 0.00756659
0.4215 0.00747931
0.4225 0.00739174
0.4235 0.00730388
0.4245 0.00721573
0.4255 0.00712729
0.4265 0.00703858
0.4275 0.00694958
0.4285 0.00686031
0.4295 0.00677077
0.4305 0.00668097
0.4315 0.00659089
0.4325 0.00650056
0.4335 0.00640998
0.4345 0.00631914
0.4355 0.00622804
0.4365 0.00613671
0.4375 0.00604513
0.4385 0.00595331
0.4395 0.00586126
0.4405 0.00576898
0.4415 0.00567647
0.4425 0.00558373
0.4435 0.00549078
0.4445 0.0053976
0.4455 0.00530422
0.4465 0.00521062
0.4475 0.00511682
0.4485 0.00502282
0.4495 0.00492862
0.4505 0.00483422
0.4515 0.00473964
0.4525 0.00464486
0.4535 0.00454991
0.4545 0.00445477
0.4555 0.00435946
0.4565 0.00426397
0.4575 0.00416832
0.4585 0.0040725
0.4595 0.00397652
0.4605 0.00388039
0.4615 0.0037841
0.4625 0.00368766
0.4635 0.00359108
0.4645 0.00349436
0.4655 0.00339749
0.4665 0.00330049
0.4675 0.00320337
0.4685 0.00310611
0.4695 0.00300874
0.4705 0.00291124
0.4715 0.00281363
0.4725 0.00271591
0.4735 0.00261808
0.4745 0.00252015
0.4755 0.00242212
0.4765 0.00232399
0.4775 0.00222577
0.4785 0.00212747
0.4795 0.00202908
0.4805 0.0019306
0.4815 0.00183206
0.4825 0.00173344
0.4835 0.00163475
0.4845 0.001536
0.4855 0.00143719
0.4865 0.00133832
0.4875 0.00123939
0.4885 0.00114042
0.4895 0.00104141
0.4905 0.000942349
0.4915 0.000843254
0.4925 0.000744126
0.4935 0.000644968
0.4945 0.000545786
0.4955 0.000446581
0.4965 0.000347359
0.4975 0.000248124
0.4985 0.000148878
0.4995 4.96267e-05
0.5005 -4.96267e-05
0.5015 -0.000148878
0.5025 -0.000248124
0.5035 -0.000347359
0.5045 -0.000446581
0.5055 -0.000545786
0.5065 -0.000644968
0.5075 -0.000744126
0.5085 -0.000843254
0.5095 -0.000942349
0.5105 -0.00104141
0.5115 -0.00114042
0.5125 -0.00123939
0.5135 -0.00133832
0.5145 -0.00143719
0.5155 -0.001536
0.5165 -0.00163475
0.5175 -0.00173344
0.5185 -0.00183206
0.5195 -0.0019306
0.5205 -0.00202908
0.5215 -0.00212747
0.5225 -0.00222577
0.5235 -0.00232399
0.5245 -0.00242212
0.5255 -0.00252015
0.5265 -0.00261808
0.5275 -0.00271591
0.5285 -0.00281363
0.5295 -0.00291124
0.5305 -0.00300874
0.5315 -0.00310611
0.5325 -0.00320337
0.5335 -0.00330049
0.5345 -0.00339749
0.5355 -0.00349436
0.5365 -0.00359108
0.5375 -0.00368766
0.5385 -0.0037841
0.5395 -0.00388039
0.5405 -0.00397652
0.5415 -0.0040725
0.5425 -0.00416832
0.5435 -0.00426397
0.5445 -0.00435946
0.5455 -0.00445477
0.5465 -0.00454991
0.5475 -0.00464486
0.5485 -0.00473964
0.5495 -0.00483422
0.5505 -0.00492862
0.5515 -0.00502282
0.5525 -0.00511682
0.5535 -0.00521062
0.5545 -0.00530422
0.5555 -0.0053976
0.5565 -0.00549078
0.5575 -0.00558373
0.5585 -0.00567647
0.5595 -0.00576898
0.5605 -0.00586126
0.5615 -0.00595331
0.5625 -0.00604513
0.5635 -0.00613671
0.5645 -0.00622804
0.5655 -0.00631914
0.5665 -0.00640998
0.5675 -0.00650056
0.5685 -0.00659089
0.5695 -0.00668097
0.5705 -0.00677077
0.5715 -0.00686031
0.5725 -0.00694958
0.5735 -0.00703858
0.5745 -0.00712729
0.5755 -0.00721573
0.5765 -0.00730388
0.5775 -0.00739174
0.5785 -0.00747931
0.5795 -0.00756659
0.5805 -0.00765356
0.5815 -0.00774024
0.5825 -0.00782661
0.5835 -0.00791267
0.5845 -0.00799841
0.5855 -0.00808384
0.5865 -0.00816896
0.5875 -0.00825375
0.5885 -0.00833821
0.5895 -0.00842235
0.5905 -0.00850615
0.5915 -0.00858961
0.5925 -0.00867274
0.5935 -0.00875553
0.5945 -0.00883797
0.5955 -0.00892006
0.5965 -0.0090018
0.5975 -0.00908318
0.5985 -0.0091642
0.5995 -0.00924487
0.6005 -0.00932516
0.6015 -0.00940509
0.6025 -0.00948465
0.6035 -0.00956383
0.6045 -0.00964264
0.6055 -0.00972107
0.6065 -0.00979911
0.6075 -0.00987676
0.6085 -0.00995403
0.6095 -0.0100309
0.6105 -0.0101074
0.6115 -0.0101835
0.6125 -0.0102591
0.6135 -0.0103344
0.6145 -0.0104093
0.6155 -0.0104837
0.6165 -0.0105577
0.6175 -0.0106314
0.6185 -0.0107046
0.6195 -0.0107773
0.6205 -0.0108497
0.6215 -0.0109216
0.6225 -0.0109931
0.6235 -0.0110642
0.6245 -0.0111348
0.6255 -0.011205
0.6265 -0.0112747
0.6275 -0.011344
0.6285 -0.0114129
0.6295 -0.0114813
0.6305 -0.0115492
0.6315 -0.0116167
0.6325 -0.0116837
0.6335 -0.0117503
0.6345 -0.0118164
0.6355 -0.011882
0.6365 -0.0119472
0.6375 -0.0120119
0.6385 -0.0120761
0.6395 -0.0121399
0.6405 -0.0122031
0.6415 -0.0122659
0.6425 -0.0123282
0.6435 -0.01239
0.6445 -0.0124514
0.6455 -0.0125122
0.6465 -0.0125725
0.6475 -0.0126324
0.6485 -0.0126917
0.6495 -0.0127506
0.6505 -0.0128089
0.6515 -0.0128667
0.6525 -0.0129241
0.6535 -0.0129809
0.6545 -0.0130372
0.6555 -0.013093
0.6565 -0.0131482
0.6575 -0.013203
0.6585 -0.0132572
0.6595 -0.0133109
0.6605 -0.0133641
0.6615 -0.0134168
0.6625 -0.0134689
0.6635 -0.0135205
0.6645 -0.0135715
0.6655 -0.0136221
0.6665 -0.0136721
0.6675 -0.0137215
0.6685 -0.0137704
0.6695 -0.0138188
0.6705 -0.0138666
0.6715 -0.0139139
0.6725 -0.0139606
0.6735 -0.0140067
0.6745 -0.0140524
0.6755 -0.0140974
0.6765 -0.0141419
0.6775 -0.0141859
0.6785 -0.0142292
0.6795 -0.0142721
0.6805 -0.0143143
0.6815 -0.014356
0.6825 -0.0143972
0.6835 -0.0144377
0.6845 -0.0144777
0.6855 -0.0145171
0.6865 -0.014556
0.6875 -0.0145942
0.6885 -0.0146319
0.6895 -0.014669
0.6905 -0.0147056
0.6915 -0.0147415
0.6925 -0.0147769
0.6935 -0.0148117
0.6945 -0.0148459
0.6955 -0.0148795
0.6965 -0.0149126
0.6975 -0.014945
0.6985 -0.0149769
0.6995 -0.0150081
0.7005 -0.0150388
0.7015 -0.0150689
0.7025 -0.0150984
0.7035 -0.0151272
0.7045 -0.0151555
0.7055 -0.0151832
0.7065 -0.0152103
0.7075 -0.0152368
0.7085 -0.0152627
0.7095 -0.015288
0.7105 -0.0153127
0.7115 -0.0153368
0.7125 -0.0153602
0.7135 -0.0153831
0.7145 -0.0154053
0.7155 -0.015427
0.7165 -0.015448
0.7175 -0.0154685
0.7185 -0.0154883
0.7195 -0.0155075
0.7205 -0.0155261
0.7215 -0.0155441
0.7225 -0.0155615
0.7235 -0.0155782
0.7245 -0.0155944
0.7255 -0.0156099
0.7265 -0.0156248
0.7275 -0.0156391
0.7285 -0.0156528
0.7295 -0.0156658
0.7305 -0.0156783
0.7315 -0.0156901
0.7325 -0.0157013
0.7335 -0.0157119
0.7345 -0.0157218
0.7355 -0.0157312
0.7365 -0.0157399
0.7375 -0.015748
0.7385 -0.0157555
0.7395 -0.0157623
0.7405 -0.0157686
0.7415 -0.0157742
0.7425 -0.0157792
0.7435 -0.0157835
0.7445 -0.0157873
0.7455 -0.0157904
0.7465 -0.0157929
0.7475 -0.0157947
0.7485 -0.015796
0.7495 -0.0157966
0.7505 -0.0157966
0.7515 -0.015796
0.7525 -0.0157947
0.7535 -0.0157929
0.7545 -0.0157904
0.7555 -0.0157873
0.7565 -0.0157835
0.7575 -0.0157792
0.7585 -0.0157742
0.7595 -0.0157686
0.7605 -0.0157623
0.7615 -0.0157555
0.7625 -0.015748
0.7635 -0.0157399
0.7645 -0.0157312
0.7655 -0.0157218
0.7665 -0.0157119
0.7675 -0.0157013
0.7685 -0.0156901
0.7695 -0.0156783
0.7705 -0.0156658
0.7715 -0.0156528
0.7725 -0.0156391
0.7735 -0.0156248
0.7745 -0.0156099
0.7755 -0.0155944
0.7765 -0.0155782
0.7775 -0.0155615
0.7785 -0.0155441
0.7795 -0.0155261
0.7805 -0.0155075
0.7815 -0.0154883
0.7825 -0.0154685
0.7835 -0.015448
0.7845 -0.015427
0.7855 -0.0154053
0.7865 -0.0153831
0.7875 -0.0153602
0.7885 -0.0153368
0.7895 -0.0153127
0.7905 -0.015288
0.7915 -0.0152627
0.7925 -0.0152368
0.7935 -0.0152103
0.7945 -0.0151832
0.7955 -0.0151555
0.7965 -0.0151272
0.7975 -0.0150984
0.7985 -0.0150689
0.7995 -0.0150388
0.8005 -0.0150081
0.8015 -0.0149769
0.8025 -0.014945
0.8035 -0.0149126
0.8045 -0.0148795
0.8055 -0.0148459
0.8065 -0.0148117
0.8075 -0.0147769
0.8085 -0.0147415
0.8095 -0.0147056
0.8105 -0.014669
0.8115 -0.0146319
0.8125 -0.0145942
0.8135 -0.014556
0.8145 -0.0145171
0.8155 -0.0144777
0.8165 -0.0144377
0.8175 -0.0143972
0.8185 -0.014356
0.8195 -0.0143143
0.8205 -0.0142721
0.8215 -0.0142292
0.8225 -0.0141859
0.8235 -0.0141419
0.8245 -0.0140974
0.8255 -0.0140524
0.8265 -0.0140067
0.8275 -0.0139606
0.8285 -0.0139139
0.8295 -0.0138666
0.8305 -0.0138188
0.8315 -0.0137704
0.8325 -0.0137215
0.8335 -0.0136721
0.8345 -0.0136221
0.8355 -0.0135715
0.8365 -0.0135205
0.8375 -0.0134689
0.8385 -0.0134168
0.8395 -0.0133641
0.8405 -0.0133109
0.8415 -0.0132572
0.8425 -0.013203
0.8435 -0.0131482
0.8445 -0.013093
0.8455 -0.0130372
0.8465 -0.0129809
0.8475 -0.0129241
0.8485 -0.0128667
0.8495 -0.0128089
0.8505 -0.0127506
0.8515 -0.0126917
0.8525 -0.0126324
0.8535 -0.0125725
0.8545 -0.0125122
0.8555 -0.0124514
0.8565 -0.01239
0.8575 -0.0123282
0.8585 -0.0122659
0.8595 -0.0122031
0.8605 -0.0121399
0.8615 -0.0120761
0.8625 -0.0120119
0.8635 -0.0119472
0.8645 -0.011882
0.8655 -0.0118164
0.8665 -0.0117503
0.8675 -0.0116837
0.8685 -0.0116167
0.8695 -0.0115492
0.8705 -0.0114813
0.8715 -0.0114129
0.8725 -0.011344
0.8735 -0.0112747
0.8745 -0.011205
0.8755 -0.0111348
0.8765 -0.0110642
0.8775 -0.0109931
0.8785 -0.0109216
0.8795 -0.0108497
0.8805 -0.0107773
0.8815 -0.0107046
0.8825 -0.0106314
0.8835 -0.0105577
0.8845 -0.0104837
0.8855 -0.0104093
0.8865 -0.0103344
0.8875 -0.0102591
0.8885 -0.0101835
0.8895 -0.0101074
0.8905 -0.0100309
0.8915 -0.00995403
0.8925 -0.00987676
0.8935 -0.00979911
0.8945 -0.00972107
0.8955 -0.00964264
0.8965 -0.00956383
0.8975 -0.00948465
0.8985 -0.00940509
0.8995 -0.00932516
0.9005 -0.00924487
0.9015 -0.0091642
0.9025 -0.00908318
0.9035 -0.0090018
0.9045 -0.00892006
0.9055 -0.00883797
0.9065 -0.00875553
0.9075 -0.00867274
0.9085 -0.00858961
0.9095 -0.00850615
0.9105 -0.00842235
0.9115 -0.00833821
0.9125 -0.00825375
0.9135 -0.00816896
0.9145 -0.00808384
0.9155 -0.00799841
0.9165 -0.00791267
0.9175 -0.00782661
0.9185 -0.00774024
0.9195 -0.00765356
0.9205 -0.00756659
0.9215 -0.00747931
0.9225 -0.00739174
0.9235 -0.00730388
0.9245 -0.00721573
0.9255 -0.00712729
0.9265 -0.00703858
0.9275 -0.00694958
0.9285 -0.00686031
0.9295 -0.00677077
0.9305 -0.00668097
0.9315 -0.00659089
0.9325 -0.00650056
0.9335 -0.00640998
0.9345 -0.00631914
0.9355 -0.00622804
0.9365 -0.00613671
0.9375 -0.00604513
0.9385 -0.00595331
0.9395 -0.00586126
0.9405 -0.00576898
0.9415 -0.00567647
0.9425 -0.00558373
0.9435 -0.00549078
0.9445 -0.0053976
0.9455 -0.00530422
0.9465 -0.00521062
0.9475 -0.00511682
0.9485 -0.00502282
0.9495 -0.00492862
0.9505 -0.00483422
0.9515 -0.00473964
0.9525 -0.00464486
0.9535 -0.00454991
0.9545 -0.00445477
0.9555 -0.00435946
0.9565 -0.00426397
0.9575 -0.00416832
0.9585 -0.0040725
0.9595 -0.00397652
0.9605 -0.00388039
0.9615 -0.0037841
0.9625 -0.00368766
0.9635 -0.00359108
0.9645 -0.00349436
0.9655 -0.00339749
0.9665 -0.00330049
0.9675 -0.00320337
0.9685 -0.00310611
0.9695 -0.00300874
0.9705 -0.00291124
0.9715 -0.00281363
0.9725 -0.00271591
0.9735 -0.00261808
0.9745 -0.00252015
0.9755 -0.00242212
0.9765 -0.00232399
0.9775 -0.00222577
0.9785 -0.00212747
0.9795 -0.00202908
0.9805 -0.0019306
0.9815 -0.00183206
0.9825 -0.00173344
0.9835 -0.00163475
0.9845 -0.001536
0.9855 -0.00143719
0.9865 -0.00133832
0.9875 -0.00123939
0.9885 -0.00114042
0.9895 -0.00104141
0.9905 -0.000942349
0.9915 -0.000843254
0.9925 -0.000744126
0.9935 -0.000644968
0.9945 -0.000545786
0.9955 -0.000446581
0.9965 -0.000347359
0.9975 -0.000248124
0.9985 -0.000148878
0.9995 -4.96267e-05

# time= 1
0.0005 0.00756364
0.0015 0.00942464
0.0025 0.0157073
0.0035 0.0219894
0.0045 0.0282706
0.0055 0.0345506
0.0065 0.0408294
0.0075 0.0471065
0.0085 0.0533817
0.0095 0.0596548
0.0105 0.0659256
0.0115 0.0721938
0.0125 0.0784591
0.0135 0.0847213
0.0145 0.0909802
0.0155 0.0972355
0.0165 0.103487
0.0175 0.109734
0.0185 0.115977
0.0195 0.122216
0.0205 0.128449
0.0215 0.134678
0.0225 0.140901
0.0235 0.147119
0.0245 0.153331
0.0255 0.159537
0.0265 0.165736
0.0275 0.171929
0.0285 0.178115
0.0295 0.184294
0.0305 0.190466
0.0315 0.196631
0.0325 0.202787
0.0335 0.208936
0.0345 0.215076
0.0355 0.221208
0.0365 0.227331
0.0375 0.233445
0.0385 0.23955
0.0395 0.245646
0.0405 0.251732
0.0415 0.257807
0.0425 0.263873
0.0435 0.269928
0.0445 0.275973
0.0455 0.282007
0.0465 0.288029
0.0475 0.29404
0.0485 0.30004
0.0495 0.306028
0.0505 0.312003
0.0515 0.317967
0.0525 0.323917
0.0535 0.329855
0.0545 0.33578
0.0555 0.341692
0.0565 0.34759
0.0575 0.353475
0.0585 0.359345
0.0595 0.365202
0.0605 0.371044
0.0615 0.376871
0.0625 0.382683
0.0635 0.388481
0.0645 0.394263
0.0655 0.400029
0.0665 0.40578
0.0675 0.411514
0.0685 0.417233
0.0695 0.422935
0.0705 0.42862
0.0715 0.434288
0.0725 0.439939
0.0735 0.445573
0.0745 0.451189
0.0755 0.456787
0.0765 0.462368
0.0775 0.46793
0.0785 0.473473
0.0795 0.478998
0.0805 0.484504
0.0815 0.489991
0.0825 0.495459
0.0835 0.500907
0.0845 0.506335
0.0855 0.511743
0.0865 0.517131
0.0875 0.522499
0.0885 0.527846
0.0895 0.533172
0.0905 0.538477
0.0915 0.54376
0.0925 0.549023
0.0935 0.554263
0.0945 0.559482
0.0955 0.564679
0.0965 0.569853
0.0975 0.575005
0.0985 0.580134
0.0995 0.585241
0.1005 0.590324
0.1015 0.595384
0.1025 0.60042
0.1035 0.605433
0.1045 0.610422
0.1055 0.615386
0.1065 0.620327
0.1075 0.625243
0.1085 0.630134
0.1095 0.635
0.1105 0.639841
0.1115 0.644657
0.1125 0.649448
0.1135 0.654213
0.1145 0.658952
0.1155 0.663665
0.1165 0.668352
0.1175 0.673013
0.1185 0.677646
0.1195 0.682254
0.1205 0.686834
0.1215 0.691387
0.1225 0.695913
0.1235 0.700411
0.1245 0.704882
0.1255 0.709325
0.1265 0.71374
0.1275 0.718126
0.1285 0.722485
0.1295 0.726814
0.1305 0.731116
0.1315 0.735388
0.1325 0.739631
0.1335 0.743845
0.1345 0.74803
0.1355 0.752185
0.1365 0.75631
0.1375 0.760406
0.1385 0.764472
0.1395 0.768507
0.1405 0.772512
0.1415 0.776487
0.1425 0.78043
0.1435 0.784343
0.1445 0.788226
0.1455 0.792077
0.1465 0.795896
0.1475 0.799685
0.1485 0.803441
0.1495 0.807166
0.1505 0.81086
0.1515 0.814521
0.1525 0.81815
0.1535 0.821746
0.1545 0.825311
0.1555 0.828842
0.1565 0.832341
0.1575 0.835807
0.1585 0.83924
0.1595 0.84264
0.1605 0.846007
0.1615 0.84934
0.1625 0.85264
0.1635 0.855906
0.1645 0.859139
0.1655 0.862337
0.1665 0.865501
0.1675 0.868632
0.1685 0.871727
0.1695 0.874789
0.1705 0.877816
0.1715 0.880808
0.1725 0.883766
0.1735 0.886688
0.1745 0.889576
0.1755 0.892428
0.1765 0.895246
0.1775 0.898028
0.1785 0.900774
0.1795 0.903485
0.1805 0.90616
0.1815 0.9088
0.1825 0.911403
0.1835 0.913971
0.1845 0.916502
0.1855 0.918998
0.1865 0.921457
0.1875 0.92388
0.1885 0.926266
0.1895 0.928615
0.1905 0.930928
0.1915 0.933205
0.1925 0.935444
0.1935 0.937646
0.1945 0.939812
0.1955 0.94194
0.1965 0.944031
0.1975 0.946085
0.1985 0.948102
0.1995 0.950081
0.2005 0.952023
0.2015 0.953927
0.2025 0.955793
0.2035 0.957622
0.2045 0.959412
0.2055 0.961165
0.2065 0.96288
0.2075 0.964557
0.2085 0.966196
0.2095 0.967797
0.2105 0.96936
0.2115 0.970884
0.2125 0.97237
0.2135 0.973817
0.2145 0.975227
0.2155 0.976597
0.2165 0.977929
0.2175 0.979223
0.2185 0.980478
0.2195 0.981694
0.2205 0.982871
0.2215 0.98401
0.2225 0.985109
0.2235 0.98617
0.2245 0.987192
0.2255 0.988175
0.2265 0.989119
0.2275 0.990024
0.2285 0.990889
0.2295 0.991716
0.2305 0.992504
0.2315 0.993252
0.2325 0.993961
0.2335 0.994631
0.2345 0.995261
0.2355 0.995853
0.2365 0.996405
0.2375 0.996917
0.2385 0.997391
0.2395 0.997825
0.2405 0.998219
0.2415 0.998574
0.2425 0.99889
0.2435 0.999166
0.2445 0.999403
0.2455 0.9996
0.2465 0.999758
0.2475 0.999877
0.2485 0.999956
0.2495 0.999995
0.2505 0.999995
0.2515 0.999956
0.2525 0.999877
0.2535 0.999758
0.2545 0.9996
0.2555 0.999403
0.2565 0.999166
0.2575 0.99889
0.2585 0.998574
0.2595 0.998219
0.2605 0.997825
0.2615 0.997391
0.2625 0.996917
0.2635 0.996405
0.2645 0.995853
0.2655 0.995261
0.2665 0.994631
0.2675 0.993961
0.2685 0.993252
0.2695 0.992504
0.2705 0.991716
0.2715 0.990889
0.2725 0.990024
0.2735 0.989119
0.2745 0.988175
0.2755 0.987192
0.2765 0.98617
0.2775 0.985109
0.2785 0.98401
0.2795 0.982871
0.2805 0.981694
0.2815 0.980478
0.2825 0.979223
0.2835 0.977929
0.2845 0.976597
0.2855 0.975227
0.2865 0.973817
0.2875 0.97237
0.2885 0.970884
0.2895 0.96936
0.2905 0.967797
0.2915 0.966196
0.2925 0.964557
0.2935 0.96288
0.2945 0.961165
0.2955 0.959412
0.2965 0.957622
0.2975 0.955793
0.2985 0.953927
0.2995 0.952023
0.3005 0.950081
0.3015 0.948102
0.3025 0.946085
0.3035 0.944031
0.3045 0.94194
0.3055 0.939812
0.3065 0.937646
0.3075 0.935444
0.3085 0.933205
0.3095 0.930928
0.3105 0.928615
0.3115 0.926266
0.3125 0.92388
0.3135 0.921457
0.3145 0.918998
0.3155 0.916502
0.3165 0.913971
0.3175 0.911403
0.3185 0.9088
0.3195 0.90616
0.3205 0.903485
0.3215 0.900774
0.3225 0.898028
0.3235 0.895246
0.3245 0.892428
0.3255 0.889576
0.3265 0.886688
0.3275 0.883766
0.3285 0.880808
0.3295 0.877816
0.3305 0.874789
0.3315 0.871727
0.3325 0.868632
0.3335 0.865501
0.3345 0.862337
0.3355 0.859139
0.3365 0.855906
0.3375 0.85264
0.3385 0.84934
0.3395 0.846007
0.3405 0.84264
0.3415 0.83924
0.3425 0.835807
0.3435 0.832341
0.3445 0.828842
0.3455 0.825311
0.3465 0.821746
0.3475 0.81815
0.3485 0.814521
0.3495 0.81086
0.3505 0.807166
0.3515 0.803441
0.3525 0.799685
0.3535 0.795896
0.3545 0.792077
0.3555 0.788226
0.3565 0.784343
0.3575 0.78043
0.3585 0.776487
0.3595 0.772512
0.3605 0.768507
0.3615 0.764472
0.3625 0.760406
0.3635 0.75631
0.3645 0.752185
0.3655 0.74803
0.3665 0.743845
0.3675 0.739631
0.3685 0.735388
0.3695 0.731116
0.3705 0.726814
0.3715 0.722485
0.3725 0.718126
0.3735 0.71374
0.3745 0.709325
0.3755 0.704882
0.3765 0.700411
0.3775 0.695913
0.3785 0.691387
0.3795 0.686834
0.3805 0.682254
0.3815 0.677646
0.3825 0.673013
0.3835 0.668352
0.3845 0.663665
0.3855 0.658952
0.3865 0.654213
0.3875 0.649448
0.3885 0.644657
0.3895 0.639841
0.3905 0.635
0.3915 0.630134
0.3925 0.625243
0.3935 0.620327
0.3945 0.615386
0.3955 0.610422
0.3965 0.605433
0.3975 0.60042
0.3985 0.595384
0.3995 0.590324
0.4005 0.585241
0.4015 0.580134
0.4025 0.575005
0.4035 0.569853
0.4045 0.564679
0.4055 0.559482
0.4065 0.554263
0.4075 0.549023
0.4085 0.54376
0.4095 0.538477
0.4105 0.533172
0.4115 0.527846
0.4125 0.522499
0.4135 0.517131
0.4145 0.511743
0.4155 0.506335
0.4165 0.500907
0.4175 0.495459
0.4185 0.489991
0.4195 0.484504
0.4205 0.478998
0.4215 0.473473
0.4225 0.46793
0.4235 0.462368
0.4245 0.456787
0.4255 0.451189
0.4265 0.445573
0.4275 0.439939
0.4285 0.434288
0.4295 0.42862
0.4305 0.422935
0.4315 0.417233
0.4325 0.411514
0.4335 0.40578
0.4345 0.400029
0.4355 0.394263
0.4365 0.388481
0.4375 0.382683
0.4385 0.376871
0.4395 0.371044
0.4405 0.365202
0.4415 0.359345
0.4425 0.353475
0.4435 0.34759
0.4445 0.341692
0.4455 0.33578
0.4465 0.329855
0.4475 0.323917
0.4485 0.317967
0.4495 0.312003
0.4505 0.306028
0.4515 0.30004
0.4525 0.29404
0.4535 0.288029
0.4545 0.282007
0.4555 0.275973
0.4565 0.269928
0.4575 0.263873
0.4585 0.257807
0.4595 0.251732
0.4605 0.245646
0.4615 0.23955
0.4625 0.233445
0.4635 0.227331
0.4645 0.221208
0.4655 0.215076
0.4665 0.208936
0.4675 0.202787
0.4685 0.196631
0.4695 0.190466
0.4705 0.184294
0.4715 0.178115
0.4725 0.171929
0.4735 0.165736
0.4745 0.159537
0.4755 0.153331
0.4765 0.147119
0.4775 0.140901
0.4785 0.134678
0.4795 0.128449
0.4805 0.122216
0.4815 0.115977
0.4825 0.109734
0.4835 0.103487
0.4845 0.0972355
0.4855 0.0909802
0.4865 0.0847213
0.4875 0.0784591
0.4885 0.0721938
0.4895 0.0659256
0.4905 0.0596548
0.4915 0.0533817
0.4925 0.0471065
0.4935 0.0408294
0.4945 0.0345506
0.4955 0.0282706
0.4965 0.0219894
0.4975 0.0157073
0.4985 0.00942464
0.4995 0.00314159
0.5005 -0.00314159
0.5015 -0.00942464
0.5025 -0.0157073
0.5035 -0.0219894
0.5045 -0.0282706
0.5055 -0.0345506
0.5065 -0.0408294
0.5075 -0.0471065
0.5085 -0.0533817
0.5095 -0.0596548
0.5105 -0.0659256
0.5115 -0.0721938
0.5125 -0.0784591
0.5135 -0.0847213
0.5145 -0.0909802
0.5155 -0.0972355
0.5165 -0.103487
0.5175 -0.109734
0.5185 -0.115977
0.5195 -0.122216
0.5205 -0.128449
0.5215 -0.134678
0.5225 -0.140901
0.5235 -0.147119
0.5245 -0.153331
0.5255 -0.159537
0.5265 -0.165736
0.5275 -0.171929
0.5285 -0.178115
0.5295 -0.184294
0.5305 -0.190466
0.5315 -0.196631
0.5325 -0.202787
0.5335 -0.208936
0.5345 -0.215076
0.5355 -0.221208
0.5365 -0.227331
0.5375 -0.233445
0.5385 -0.23955
0.5395 -0.245646
0.5405 -0.251732
0.5415 -0.257807
0.5425 -0.263873
0.5435 -0.269928
0.5445 -0.275973
0.5455 -0.282007
0.5465 -0.288029
0.5475 -0.29404
0.5485 -0.30004
0.5495 -0.306028
0.5505 -0.312003
0.5515 -0.317967
0.5525 -0.323917
0.5535 -0.329855
0.5545 -0.33578
0.5555 -0.341692
0.5565 -0.34759
0.5575 -0.353475
0.5585 -0.359345
0.5595 -0.365202
0.5605 -0.371044
0.5615 -0.376871
0.5625 -0.382683
0.5635 -0.388481
0.5645 -0.394263
0.5655 -0.400029
0.5665 -0.40578
0.5675 -0.411514
0.5685 -0.417233
0.5695 -0.422935
0.5705 -0.42862
0.5715 -0.434288
0.5725 -0.439939
0.5735 -0.445573
0.5745 -0.451189
0.5755 -0.456787
0.5765 -0.462368
0.5775 -0.46793
0.5785 -0.473473
0.5795 -0.478998
0.5805 -0.484504
0.5815 -0.489991
0.5825 -0.495459
0.5835 -0.500907
0.5845 -0.506335
0.5855 -0.511743
0.5865 -0.517131
0.5875 -0.522499
0.5885 -0.527846
0.5895 -0.533172
0.5905 -0.538477
0.5915 -0.54376
0.5925 -0.549023
0.5935 -0.554263
0.5945 -0.559482
0.5955 -0.564679
0.5965 -0.569853
0.5975 -0.575005
0.5985 -0.580134
0.5995 -0.585241
0.6005 -0.590324
0.6015 -0.595384
0.6025 -0.60042
0.6035 -0.605433
0.6045 -0.610422
0.6055 -0.615386
0.6065 -0.620327
0.6075 -0.625243
0.6085 -0.630134
0.6095 -0.635
0.6105 -0.639841
0.6115 -0.644657
0.6125 -0.649448
0.6135 -0.654213
0.6145 -0.658952
0.6155 -0.663665
0.6165 -0.668352
0.6175 -0.673013
0.6185 -0.677646
0.6195 -0.682254
0.6205 -0.686834
0.6215 -0.691387
0.6225 -0.695913
0.6235 -0.700411
0.6245 -0.704882
0.6255 -0.709325
0.6265 -0.71374
0.6275 -0.718126
0.6285 -0.722485
0.6295 -0.726814
0.6305 -0.731116
0.6315 -0.735388
0.6325 -0.739631
0.6335 -0.743845
0.6345 -0.74803
0.6355 -0.752185
0.6365 -0.75631
0.6375 -0.760406
0.6385 -0.764472
0.6395 -0.768507
0.6405 -0.772512
0.6415 -0.776487
0.6425 -0.78043
0.6435 -0.784343
0.6445 -0.788226
0.6455 -0.792077
0.6465 -0.795896
0.6475 -0.799685
0.6485 -0.803441
0.6495 -0.807166
0.6505 -0.81086
0.6515 -0.814521
0.6525 -0.81815
0.6535 -0.821746
0.6545 -0.825311
0.6555 -0.828842
0.6565 -0.832341
0.6575 -0.835807
0.6585 -0.83924
0.6595 -0.84264
0.6605 -0.846007
0.6615 -0.84934
0.6625 -0.85264
0.6635 -0.855906
0.6645 -0.859139
0.6655 -0.862337
0.6665 -0.865501
0.6675 -0.868632
0.6685 -0.871727
0.6695 -0.874789
0.6705 -0.877816
0.6715 -0.880808
0.6725 -0.883766
0.6735 -0.886688
0.6745 -0.889576
0.6755 -0.892428
0.6765 -0.895246
0.6775 -0.898028
0.6785 -0.900774
0.6795 -0.903485
0.6805 -0.90616
0.6815 -0.9088
0.6825 -0.911403
0.6835 -0.913971
0.6845 -0.916502
0.6855 -0.918998
0.6865 -0.921457
0.6875 -0.92388
0.6885 -0.926266
0.6895 -0.928615
0.6905 -0.930928
0.6915 -0.933205
0.6925 -0.935444
0.6935 -0.937646
0.6945 -0.939812
0.6955 -0.94194
0.6965 -0.944031
0.6975 -0.946085
0.6985 -0.948102
0.6995 -0.950081
0.7005 -0.952023
0.7015 -0.953927
0.7025 -0.955793
0.7035 -0.957622
0.7045 -0.959412
0.7055 -0.961165
0.7065 -0.96288
0.7075 -0.964557
0.7085 -0.966196
0.7095 -0.967797
0.7105 -0.96936
0.7115 -0.970884
0.7125 -0.97237
0.7135 -0.973817
0.7145 -0.975227
0.7155 -0.976597
0.7165 -0.977929
0.7175 -0.979223
0.7185 -0.980478
0.7195 -0.981694
0.7205 -0.982871
0.7215 -0.98401
0.7225 -0.985109
0.7235 -0.98617
0.7245 -0.987192
0.7255 -0.988175
0.7265 -0.989119
0.7275 -0.990024
0.7285 -0.990889
0.7295 -0.991716
0.7305 -0.992504
0.7315 -0.993252
0.7325 -0.993961
0.7335 -0.994631
0.7345 -0.995261
0.7355 -0.995853
0.7365 -0.996405
0.7375 -0.996917
0.7385 -0.997391
0.7395 -0.997825
0.7405 -0.998219
0.7415 -0.998574
0.7425 -0.99889
0.7435 -0.999166
0.7445 -0.999403
0.7455 -0.9996
0.7465 -0.999758
0.7475 -0.999877
0.7485 -0.999956
0.7495 -0.999995
0.7505 -0.999995
0.7515 -0.999956
0.7525 -0.999877
0.7535 -0.999758
0.7545 -0.9996
0.7555 -0.999403
0.7565 -0.999166
0.7575 -0.99889
0.7585 -0.998574
0.7595 -0.998219
0.7605 -0.997825
0.7615 -0.997391
0.7625 -0.996917
0.7635 -0.996405
0.7645 -0.995853
0.7655 -0.995261
0.7665 -0.994631
0.7675 -0.993961
0.7685 -0.993252
0.7695 -0.992504
0.7705 -0.991716
0.7715 -0.990889
0.7725 -0.990024
0.7735 -0.989119
0.7745 -0.988175
0.7755 -0.987192
0.7765 -0.98617
0.7775 -0.985109
0.7785 -0.98401
0.7795 -0.982871
0.7805 -0.981694
0.7815 -0.980478
0.7825 -0.979223
0.7835 -0.977929
0.7845 -0.976597
0.7855 -0.975227
0.7865 -0.973817
0.7875 -0.97237
0.7885 -0.970884
0.7895 -0.96936
0.7905 -0.967797
0.7915 -0.966196
0.7925 -0.964557
0.7935 -0.96288
0.7945 -0.961165
0.7955 -0.959412
0.7965 -0.957622
0.7975 -0.955793
0.7985 -0.953927
0.7995 -0.952023
0.8005 -0.950081
0.8015 -0.948102
0.8025 -0.946085
0.8035 -0.944031
0.8045 -0.94194
0.8055 -0.939812
0.8065 -0.937646
0.8075 -0.935444
0.8085 -0.933205
0.8095 -0.930928
0.8105 -0.928615
0.8115 -0.926266
0.8125 -0.92388
0.8135 -0.921457
0.8145 -0.918998
0.8155 -0.916502
0.8165 -0.913971
0.8175 -0.911403
0.8185 -0.9088
0.8195 -0.90616
0.8205 -0.903485
0.8215 -0.900774
0.8225 -0.898028
0.8235 -0.895246
0.8245 -0.892428
0.8255 -0.889576
0.8265 -0.886688
0.8275 -0.883766
0.8285 -0.880808
0.8295 -0.877816
0.8305 -0.874789
0.8315 -0.871727
0.8325 -0.868632
0.8335 -0.865501
0.8345 -0.862337
0.8355 -0.859139
0.8365 -0.855906
0.8375 -0.85264
0.8385 -0.84934
0.8395 -0.846007
0.8405 -0.84264
0.8415 -0.83924
0.8425 -0.835807
0.8435 -0.832341
0.8445 -0.828842
0.8455 -0.825311
0.8465 -0.821746
0.8475 -0.81815
0.8485 -0.814521
0.8495 -0.81086
0.8505 -0.807166
0.8515 -0.803441
0.8525 -0.799685
0.8535 -0.795896
0.8545 -0.792077
0.8555 -0.788226
0.8565 -0.784343
0.8575 -0.78043
0.8585 -0.776487
0.8595 -0.772512
0.8605 -0.768507
0.8615 -0.764472
0.8625 -0.760406
0.8635 -0.75631
0.8645 -0.752185
0.8655 -0.74803
0.8665 -0.743845
0.8675 -0.739631
0.8685 -0.735388
0.8695 -0.731116
0.8705 -0.726814
0.8715 -0.722485
0.8725 -0.718126
0.8735 -0.71374
0.8745 -0.709325
0.8755 -0.704882
0.8765 -0.700411
0.8775 -0.695913
0.8785 -0.691387
0.8795 -0.686834
0.8805 -0.682254
0.8815 -0.677646
0.8825 -0.673013
0.8835 -0.668352
0.8845 -0.663665
0.8855 -0.658952
0.8865 -0.654213
0.8875 -0.649448
0.8885 -0.644657
0.8895 -0.639841
0.8905 -0.635
0.8915 -0.630134
0.8925 -0.625243
0.8935 -0.620327
0.8945 -0.615386
0.8955 -0.610422
0.8965 -0.605433
0.8975 -0.60042
0.8985 -0.595384
0.8995 -0.590324
0.9005 -0.585241
0.9015 -0.580134
0.9025 -0.575005
0.9035 -0.569853
0.9045 -0.564679
0.9055 -0.559482
0.9065 -0.554263
0.9075 -0.549023
0.9085 -0.54376
0.9095 -0.538477
0.9105 -0.533172
0.9115 -0.527846
0.9125 -0.522499
0.9135 -0.517131
0.9145 -0.511743
0.9155 -0.506335
0.9165 -0.500907
0.9175 -0.495459
0.9185 -0.489991
0.9195 -0.484504
0.9205 -0.478998
0.9215 -0.473473
0.9225 -0.46793
0.9235 -0.462368
0.9245 -0.456787
0.9255 -0.451189
0.9265 -0.445573
0.9275 -0.439939
0.9285 -0.434288
0.9295 -0.42862
0.9305 -0.422935
0.9315 -0.417233
0.9325 -0.411514
0.9335 -0.40578
0.9345 -0.400029
0.9355 -0.394263
0.9365 -0.388481
0.9375 -0.382683
0.9385 -0.376871
0.9395 -0.371044
0.9405 -0.365202
0.9415 -0.359345
0.9425 -0.353475
0.9435 -0.34759
0.9445 -0.341692
0.9455 -0.33578
0.9465 -0.329855
0.9475 -0.323917
0.9485 -0.317967
0.9495 -0.312003
0.9505 -0.306028
0.9515 -0.30004
0.9525 -0.29404
0.9535 -0.288029
0.9545 -0.282007
0.9555 -0.275973
0.9565 -0.269928
0.9575 -0.263873
0.9585 -0.257807
0.9595 -0.251732
0.9605 -0.245646
0.9615 -0.23955
0.9625 -0.233445
0.9635 -0.227331
0.9645 -0.221208
0.9655 -0.215076
0.9665 -0.208936
0.9675 -0.202787
0.9685 -0.196631
0.9695 -0.190466
0.9705 -0.184294
0.9715 -0.178115
0.9725 -0.171929
0.9735 -0.165736
0.9745 -0.159537
0.9755 -0.153331
0.9765 -0.147119
0.9775 -0.140901
0.9785 -0.134678
0.9795 -0.128449
0.9805 -0.122216
0.9815 -0.115977
0.9825 -0.109734
0.9835 -0.103487
0.9845 -0.0972355
0.9855 -0.0909802
0.9865 -0.0847213
0.9875 -0.0784591
0.9885 -0.0721938
0.9895 -0.0659256
0.9905 -0.0596548
0.9915 -0.0533817
0.9925 -0.0471065
0.9935 -0.0408294
0.9945 -0.0345506
0.9955 -0.0282706
0.9965 -0.0219894
0.9975 -0.0157073
0.9985 -0.00942464
0.9995 -0.00314159
