
# time= 0
0.0005 0.00314159
0.0015 0.00942464
0.0025 0.0157073
0.0035 0.0219894
0.0045 0.0282706
0.0055 0.0345506
0.0065 0.0408294
0.0075 0.0471065
0.0085 0.0533817
0.0095 0.0596548
0.0105 0.0659256
0.0115 0.0721938
0.0125 0.0784591
0.0135 0.0847213
0.0145 0.0909802
0.0155 0.0972355
0.0165 0.103487
0.0175 0.109734
0.0185 0.115977
0.0195 0.122216
0.0205 0.128449
0.0215 0.134678
0.0225 0.140901
0.0235 0.147119
0.0245 0.153331
0.0255 0.159537
0.0265 0.165736
0.0275 0.171929
0.0285 0.178115
0.0295 0.184294
0.0305 0.190466
0.0315 0.196631
0.0325 0.202787
0.0335 0.208936
0.0345 0.215076
0.0355 0.221208
0.0365 0.227331
0.0375 0.233445
0.0385 0.23955
0.0395 0.245646
0.0405 0.251732
0.0415 0.257807
0.0425 0.263873
0.0435 0.269928
0.0445 0.275973
0.0455 0.282007
0.0465 0.288029
0.0475 0.29404
0.0485 0.30004
0.0495 0.306028
0.0505 0.312003
0.0515 0.317967
0.0525 0.323917
0.0535 0.329855
0.0545 0.33578
0.0555 0.341692
0.0565 0.34759
0.0575 0.353475
0.0585 0.359345
0.0595 0.365202
0.0605 0.371044
0.0615 0.376871
0.0625 0.382683
0.0635 0.388481
0.0645 0.394263
0.0655 0.400029
0.0665 0.40578
0.0675 0.411514
0.0685 0.417233
0.0695 0.422935
0.0705 0.42862
0.0715 0.434288
0.0725 0.439939
0.0735 0.445573
0.0745 0.451189
0.0755 0.456787
0.0765 0.462368
0.0775 0.46793
0.0785 0.473473
0.0795 0.478998
0.0805 0.484504
0.0815 0.489991
0.0825 0.495459
0.0835 0.500907
0.0845 0.506335
0.0855 0.511743
0.0865 0.517131
0.0875 0.522499
0.0885 0.527846
0.0895 0.533172
0.0905 0.538477
0.0915 0.54376
0.0925 0.549023
0.0935 0.554263
0.0945 0.559482
0.0955 0.564679
0.0965 0.569853
0.0975 0.575005
0.0985 0.580134
0.0995 0.585241
0.1005 0.590324
0.1015 0.595384
0.1025 0.60042
0.1035 0.605433
0.1045 0.610422
0.1055 0.615386
0.1065 0.620327
0.1075 0.625243
0.1085 0.630134
0.1095 0.635
0.1105 0.639841
0.1115 0.644657
0.1125 0.649448
0.1135 0.654213
0.1145 0.658952
0.1155 0.663665
0.1165 0.668352
0.1175 0.673013
0.1185 0.677646
0.1195 0.682254
0.1205 0.686834
0.1215 0.691387
0.1225 0.695913
0.1235 0.700411
0.1245 0.704882
0.1255 0.709325
0.1265 0.71374
0.1275 0.718126
0.1285 0.722485
0.1295 0.726814
0.1305 0.731116
0.1315 0.735388
0.1325 0.739631
0.1335 0.743845
0.1345 0.74803
0.1355 0.752185
0.1365 0.75631
0.1375 0.760406
0.1385 0.764472
0.1395 0.768507
0.1405 0.772512
0.1415 0.776487
0.1425 0.78043
0.1435 0.784343
0.1445 0.788226
0.1455 0.792077
0.1465 0.795896
0.1475 0.799685
0.1485 0.803441
0.1495 0.807166
0.1505 0.81086
0.1515 0.814521
0.1525 0.81815
0.1535 0.821746
0.1545 0.825311
0.1555 0.828842
0.1565 0.832341
0.1575 0.835807
0.1585 0.83924
0.1595 0.84264
0.1605 0.846007
0.1615 0.84934
0.1625 0.85264
0.1635 0.855906
0.1645 0.859139
0.1655 0.862337
0.1665 0.865501
0.1675 0.868632
0.1685 0.871727
0.1695 0.874789
0.1705 0.877816
0.1715 0.880808
0.1725 0.883766
0.1735 0.886688
0.1745 0.889576
0.1755 0.892428
0.1765 0.895246
0.1775 0.898028
0.1785 0.900774
0.1795 0.903485
0.1805 0.90616
0.1815 0.9088
0.1825 0.911403
0.1835 0.913971
0.1845 0.916502
0.1855 0.918998
0.1865 0.921457
0.1875 0.92388
0.1885 0.926266
0.1895 0.928615
0.1905 0.930928
0.1915 0.933205
0.1925 0.935444
0.1935 0.937646
0.1945 0.939812
0.1955 0.94194
0.1965 0.944031
0.1975 0.946085
0.1985 0.948102
0.1995 0.950081
0.2005 0.952023
0.2015 0.953927
0.2025 0.955793
0.2035 0.957622
0.2045 0.959412
0.2055 0.961165
0.2065 0.96288
0.2075 0.964557
0.2085 0.966196
0.2095 0.967797
0.2105 0.96936
0.2115 0.970884
0.2125 0.97237
0.2135 0.973817
0.2145 0.975227
0.2155 0.976597
0.2165 0.977929
0.2175 0.979223
0.2185 0.980478
0.2195 0.981694
0.2205 0.982871
0.2215 0.98401
0.2225 0.985109
0.2235 0.98617
0.2245 0.987192
0.2255 0.988175
0.2265 0.989119
0.2275 0.990024
0.2285 0.990889
0.2295 0.991716
0.2305 0.992504
0.2315 0.993252
0.2325 0.993961
0.2335 0.994631
0.2345 0.995261
0.2355 0.995853
0.2365 0.996405
0.2375 0.996917
0.2385 0.997391
0.2395 0.997825
0.2405 0.998219
0.2415 0.998574
0.2425 0.99889
0.2435 0.999166
0.2445 0.999403
0.2455 0.9996
0.2465 0.999758
0.2475 0.999877
0.2485 0.999956
0.2495 0.999995
0.2505 0.999995
0.2515 0.999956
0.2525 0.999877
0.2535 0.999758
0.2545 0.9996
0.2555 0.999403
0.2565 0.999166
0.2575 0.99889
0.2585 0.998574
0.2595 0.998219
0.2605 0.997825
0.2615 0.997391
0.2625 0.996917
0.2635 0.996405
0.2645 0.995853
0.2655 0.995261
0.2665 0.994631
0.2675 0.993961
0.2685 0.993252
0.2695 0.992504
0.2705 0.991716
0.2715 0.990889
0.2725 0.990024
0.2735 0.989119
0.2745 0.988175
0.2755 0.987192
0.2765 0.98617
0.2775 0.985109
0.2785 0.98401
0.2795 0.982871
0.2805 0.981694
0.2815 0.980478
0.2825 0.979223
0.2835 0.977929
0.2845 0.976597
0.2855 0.975227
0.2865 0.973817
0.2875 0.97237
0.2885 0.970884
0.2895 0.96936
0.2905 0.967797
0.2915 0.966196
0.2925 0.964557
0.2935 0.96288
0.2945 0.961165
0.2955 0.959412
0.2965 0.957622
0.2975 0.955793
0.2985 0.953927
0.2995 0.952023
0.3005 0.950081
0.3015 0.948102
0.3025 0.946085
0.3035 0.944031
0.3045 0.94194
0.3055 0.939812
0.3065 0.937646
0.3075 0.935444
0.3085 0.933205
0.3095 0.930928
0.3105 0.928615
0.3115 0.926266
0.3125 0.92388
0.3135 0.921457
0.3145 0.918998
0.3155 0.916502
0.3165 0.913971
0.3175 0.911403
0.3185 0.9088
0.3195 0.90616
0.3205 0.903485
0.3215 0.900774
0.3225 0.898028
0.3235 0.895246
0.3245 0.892428
0.3255 0.889576
0.3265 0.886688
0.3275 0.883766
0.3285 0.880808
0.3295 0.877816
0.3305 0.874789
0.3315 0.871727
0.3325 0.868632
0.3335 0.865501
0.3345 0.862337
0.3355 0.859139
0.3365 0.855906
0.3375 0.85264
0.3385 0.84934
0.3395 0.846007
0.3405 0.84264
0.3415 0.83924
0.3425 0.835807
0.3435 0.832341
0.3445 0.828842
0.3455 0.825311
0.3465 0.821746
0.3475 0.81815
0.3485 0.814521
0.3495 0.81086
0.3505 0.807166
0.3515 0.803441
0.3525 0.799685
0.3535 0.795896
0.3545 0.792077
0.3555 0.788226
0.3565 0.784343
0.3575 0.78043
0.3585 0.776487
0.3595 0.772512
0.3605 0.768507
0.3615 0.764472
0.3625 0.760406
0.3635 0.75631
0.3645 0.752185
0.3655 0.74803
0.3665 0.743845
0.3675 0.739631
0.3685 0.735388
0.3695 0.731116
0.3705 0.726814
0.3715 0.722485
0.3725 0.718126
0.3735 0.71374
0.3745 0.709325
0.3755 0.704882
0.3765 0.700411
0.3775 0.695913
0.3785 0.691387
0.3795 0.686834
0.3805 0.682254
0.3815 0.677646
0.3825 0.673013
0.3835 0.668352
0.3845 0.663665
0.3855 0.658952
0.3865 0.654213
0.3875 0.649448
0.3885 0.644657
0.3895 0.639841
0.3905 0.635
0.3915 0.630134
0.3925 0.625243
0.3935 0.620327
0.3945 0.615386
0.3955 0.610422
0.3965 0.605433
0.3975 0.60042
0.3985 0.595384
0.3995 0.590324
0.4005 0.585241
0.4015 0.580134
0.4025 0.575005
0.4035 0.569853
0.4045 0.564679
0.4055 0.559482
0.4065 0.554263
0.4075 0.549023
0.4085 0.54376
0.4095 0.538477
0.4105 0.533172
0.4115 0.527846
0.4125 0.522499
0.4135 0.517131
0.4145 0.511743
0.4155 0.506335
0.4165 0.500907
0.4175 0.495459
0.4185 0.489991
0.4195 0.484504
0.4205 0.478998
0.4215 0.473473
0.4225 0.46793
0.4235 0.462368
0.4245 0.456787
0.4255 0.451189
0.4265 0.445573
0.4275 0.439939
0.4285 0.434288
0.4295 0.42862
0.4305 0.422935
0.4315 0.417233
0.4325 0.411514
0.4335 0.40578
0.4345 0.400029
0.4355 0.394263
0.4365 0.388481
0.4375 0.382683
0.4385 0.376871
0.4395 0.371044
0.4405 0.365202
0.4415 0.359345
0.4425 0.353475
0.4435 0.34759
0.4445 0.341692
0.4455 0.33578
0.4465 0.329855
0.4475 0.323917
0.4485 0.317967
0.4495 0.312003
0.4505 0.306028
0.4515 0.30004
0.4525 0.29404
0.4535 0.288029
0.4545 0.282007
0.4555 0.275973
0.4565 0.269928
0.4575 0.263873
0.4585 0.257807
0.4595 0.251732
0.4605 0.245646
0.4615 0.23955
0.4625 0.233445
0.4635 0.227331
0.4645 0.221208
0.4655 0.215076
0.4665 0.208936
0.4675 0.202787
0.4685 0.196631
0.4695 0.190466
0.4705 0.184294
0.4715 0.178115
0.4725 0.171929
0.4735 0.165736
0.4745 0.159537
0.4755 0.153331
0.4765 0.147119
0.4775 0.140901
0.4785 0.134678
0.4795 0.128449
0.4805 0.122216
0.4815 0.115977
0.4825 0.109734
0.4835 0.103487
0.4845 0.0972355
0.4855 0.0909802
0.4865 0.0847213
0.4875 0.0784591
0.4885 0.0721938
0.4895 0.0659256
0.4905 0.0596548
0.4915 0.0533817
0.4925 0.0471065
0.4935 0.0408294
0.4945 0.0345506
0.4955 0.0282706
0.4965 0.0219894
0.4975 0.0157073
0.4985 0.00942464
0.4995 0.00314159
0.5005 -0.00314159
0.5015 -0.00942464
0.5025 -0.0157073
0.5035 -0.0219894
0.5045 -0.0282706
0.5055 -0.0345506
0.5065 -0.0408294
0.5075 -0.0471065
0.5085 -0.0533817
0.5095 -0.0596548
0.5105 -0.0659256
0.5115 -0.0721938
0.5125 -0.0784591
0.5135 -0.0847213
0.5145 -0.0909802
0.5155 -0.0972355
0.5165 -0.103487
0.5175 -0.109734
0.5185 -0.115977
0.5195 -0.122216
0.5205 -0.128449
0.5215 -0.134678
0.5225 -0.140901
0.5235 -0.147119
0.5245 -0.153331
0.5255 -0.159537
0.5265 -0.165736
0.5275 -0.171929
0.5285 -0.178115
0.5295 -0.184294
0.5305 -0.190466
0.5315 -0.196631
0.5325 -0.202787
0.5335 -0.208936
0.5345 -0.215076
0.5355 -0.221208
0.5365 -0.227331
0.5375 -0.233445
0.5385 -0.23955
0.5395 -0.245646
0.5405 -0.251732
0.5415 -0.257807
0.5425 -0.263873
0.5435 -0.269928
0.5445 -0.275973
0.5455 -0.282007
0.5465 -0.288029
0.5475 -0.29404
0.5485 -0.30004
0.5495 -0.306028
0.5505 -0.312003
0.5515 -0.317967
0.5525 -0.323917
0.5535 -0.329855
0.5545 -0.33578
0.5555 -0.341692
0.5565 -0.34759
0.5575 -0.353475
0.5585 -0.359345
0.5595 -0.365202
0.5605 -0.371044
0.5615 -0.376871
0.5625 -0.382683
0.5635 -0.388481
0.5645 -0.394263
0.5655 -0.400029
0.5665 -0.40578
0.5675 -0.411514
0.5685 -0.417233
0.5695 -0.422935
0.5705 -0.42862
0.5715 -0.434288
0.5725 -0.439939
0.5735 -0.445573
0.5745 -0.451189
0.5755 -0.456787
0.5765 -0.462368
0.5775 -0.46793
0.5785 -0.473473
0.5795 -0.478998
0.5805 -0.484504
0.5815 -0.489991
0.5825 -0.495459
0.5835 -0.500907
0.5845 -0.506335
0.5855 -0.511743
0.5865 -0.517131
0.5875 -0.522499
0.5885 -0.527846
0.5895 -0.533172
0.5905 -0.538477
0.5915 -0.54376
0.5925 -0.549023
0.5935 -0.554263
0.5945 -0.559482
0.5955 -0.564679
0.5965 -0.569853
0.5975 -0.575005
0.5985 -0.580134
0.5995 -0.585241
0.6005 -0.590324
0.6015 -0.595384
0.6025 -0.60042
0.6035 -0.605433
0.6045 -0.610422
0.6055 -0.615386
0.6065 -0.620327
0.6075 -0.625243
0.6085 -0.630134
0.6095 -0.635
0.6105 -0.639841
0.6115 -0.644657
0.6125 -0.649448
0.6135 -0.654213
0.6145 -0.658952
0.6155 -0.663665
0.6165 -0.668352
0.6175 -0.673013
0.6185 -0.677646
0.6195 -0.682254
0.6205 -0.686834
0.6215 -0.691387
0.6225 -0.695913
0.6235 -0.700411
0.6245 -0.704882
0.6255 -0.709325
0.6265 -0.71374
0.6275 -0.718126
0.6285 -0.722485
0.6295 -0.726814
0.6305 -0.731116
0.6315 -0.735388
0.6325 -0.739631
0.6335 -0.743845
0.6345 -0.74803
0.6355 -0.752185
0.6365 -0.75631
0.6375 -0.760406
0.6385 -0.764472
0.6395 -0.768507
0.6405 -0.772512
0.6415 -0.776487
0.6425 -0.78043
0.6435 -0.784343
0.6445 -0.788226
0.6455 -0.792077
0.6465 -0.795896
0.6475 -0.799685
0.6485 -0.803441
0.6495 -0.807166
0.6505 -0.81086
0.6515 -0.814521
0.6525 -0.81815
0.6535 -0.821746
0.6545 -0.825311
0.6555 -0.828842
0.6565 -0.832341
0.6575 -0.835807
0.6585 -0.83924
0.6595 -0.84264
0.6605 -0.846007
0.6615 -0.84934
0.6625 -0.85264
0.6635 -0.855906
0.6645 -0.859139
0.6655 -0.862337
0.6665 -0.865501
0.6675 -0.868632
0.6685 -0.871727
0.6695 -0.874789
0.6705 -0.877816
0.6715 -0.880808
0.6725 -0.883766
0.6735 -0.886688
0.6745 -0.889576
0.6755 -0.892428
0.6765 -0.895246
0.6775 -0.898028
0.6785 -0.900774
0.6795 -0.903485
0.6805 -0.90616
0.6815 -0.9088
0.6825 -0.911403
0.6835 -0.913971
0.6845 -0.916502
0.6855 -0.918998
0.6865 -0.921457
0.6875 -0.92388
0.6885 -0.926266
0.6895 -0.928615
0.6905 -0.930928
0.6915 -0.933205
0.6925 -0.935444
0.6935 -0.937646
0.6945 -0.939812
0.6955 -0.94194
0.6965 -0.944031
0.6975 -0.946085
0.6985 -0.948102
0.6995 -0.950081
0.7005 -0.952023
0.7015 -0.953927
0.7025 -0.955793
0.7035 -0.957622
0.7045 -0.959412
0.7055 -0.961165
0.7065 -0.96288
0.7075 -0.964557
0.7085 -0.966196
0.7095 -0.967797
0.7105 -0.96936
0.7115 -0.970884
0.7125 -0.97237
0.7135 -0.973817
0.7145 -0.975227
0.7155 -0.976597
0.7165 -0.977929
0.7175 -0.979223
0.7185 -0.980478
0.7195 -0.981694
0.7205 -0.982871
0.7215 -0.98401
0.7225 -0.985109
0.7235 -0.98617
0.7245 -0.987192
0.7255 -0.988175
0.7265 -0.989119
0.7275 -0.990024
0.7285 -0.990889
0.7295 -0.991716
0.7305 -0.992504
0.7315 -0.993252
0.7325 -0.993961
0.7335 -0.994631
0.7345 -0.995261
0.7355 -0.995853
0.7365 -0.996405
0.7375 -0.996917
0.7385 -0.997391
0.7395 -0.997825
0.7405 -0.998219
0.7415 -0.998574
0.7425 -0.99889
0.7435 -0.999166
0.7445 -0.999403
0.7455 -0.9996
0.7465 -0.999758
0.7475 -0.999877
0.7485 -0.999956
0.7495 -0.999995
0.7505 -0.999995
0.7515 -0.999956
0.7525 -0.999877
0.7535 -0.999758
0.7545 -0.9996
0.7555 -0.999403
0.7565 -0.999166
0.7575 -0.99889
0.7585 -0.998574
0.7595 -0.998219
0.7605 -0.997825
0.7615 -0.997391
0.7625 -0.996917
0.7635 -0.996405
0.7645 -0.995853
0.7655 -0.995261
0.7665 -0.994631
0.7675 -0.993961
0.7685 -0.993252
0.7695 -0.992504
0.7705 -0.991716
0.7715 -0.990889
0.7725 -0.990024
0.7735 -0.989119
0.7745 -0.988175
0.7755 -0.987192
0.7765 -0.98617
0.7775 -0.985109
0.7785 -0.98401
0.7795 -0.982871
0.7805 -0.981694
0.7815 -0.980478
0.7825 -0.979223
0.7835 -0.977929
0.7845 -0.976597
0.7855 -0.975227
0.7865 -0.973817
0.7875 -0.97237
0.7885 -0.970884
0.7895 -0.96936
0.7905 -0.967797
0.7915 -0.966196
0.7925 -0.964557
0.7935 -0.96288
0.7945 -0.961165
0.7955 -0.959412
0.7965 -0.957622
0.7975 -0.955793
0.7985 -0.953927
0.7995 -0.952023
0.8005 -0.950081
0.8015 -0.948102
0.8025 -0.946085
0.8035 -0.944031
0.8045 -0.94194
0.8055 -0.939812
0.8065 -0.937646
0.8075 -0.935444
0.8085 -0.933205
0.8095 -0.930928
0.8105 -0.928615
0.8115 -0.926266
0.8125 -0.92388
0.8135 -0.921457
0.8145 -0.918998
0.8155 -0.916502
0.8165 -0.913971
0.8175 -0.911403
0.8185 -0.9088
0.8195 -0.90616
0.8205 -0.903485
0.8215 -0.900774
0.8225 -0.898028
0.8235 -0.895246
0.8245 -0.892428
0.8255 -0.889576
0.8265 -0.886688
0.8275 -0.883766
0.8285 -0.880808
0.8295 -0.877816
0.8305 -0.874789
0.8315 -0.871727
0.8325 -0.868632
0.8335 -0.865501
0.8345 -0.862337
0.8355 -0.859139
0.8365 -0.855906
0.8375 -0.85264
0.8385 -0.84934
0.8395 -0.846007
0.8405 -0.84264
0.8415 -0.83924
0.8425 -0.835807
0.8435 -0.832341
0.8445 -0.828842
0.8455 -0.825311
0.8465 -0.821746
0.8475 -0.81815
0.8485 -0.814521
0.8495 -0.81086
0.8505 -0.807166
0.8515 -0.803441
0.8525 -0.799685
0.8535 -0.795896
0.8545 -0.792077
0.8555 -0.788226
0.8565 -0.784343
0.8575 -0.78043
0.8585 -0.776487
0.8595 -0.772512
0.8605 -0.768507
0.8615 -0.764472
0.8625 -0.760406
0.8635 -0.75631
0.8645 -0.752185
0.8655 -0.74803
0.8665 -0.743845
0.8675 -0.739631
0.8685 -0.735388
0.8695 -0.731116
0.8705 -0.726814
0.8715 -0.722485
0.8725 -0.718126
0.8735 -0.71374
0.8745 -0.709325
0.8755 -0.704882
0.8765 -0.700411
0.8775 -0.695913
0.8785 -0.691387
0.8795 -0.686834
0.8805 -0.682254
0.8815 -0.677646
0.8825 -0.673013
0.8835 -0.668352
0.8845 -0.663665
0.8855 -0.658952
0.8865 -0.654213
0.8875 -0.649448
0.8885 -0.644657
0.8895 -0.639841
0.8905 -0.635
0.8915 -0.630134
0.8925 -0.625243
0.8935 -0.620327
0.8945 -0.615386
0.8955 -0.610422
0.8965 -0.605433
0.8975 -0.60042
0.8985 -0.595384
0.8995 -0.590324
0.9005 -0.585241
0.9015 -0.580134
0.9025 -0.575005
0.9035 -0.569853
0.9045 -0.564679
0.9055 -0.559482
0.9065 -0.554263
0.9075 -0.549023
0.9085 -0.54376
0.9095 -0.538477
0.9105 -0.533172
0.9115 -0.527846
0.9125 -0.522499
0.9135 -0.517131
0.9145 -0.511743
0.9155 -0.506335
0.9165 -0.500907
0.9175 -0.495459
0.9185 -0.489991
0.9195 -0.484504
0.9205 -0.478998
0.9215 -0.473473
0.9225 -0.46793
0.9235 -0.462368
0.9245 -0.456787
0.9255 -0.451189
0.9265 -0.445573
0.9275 -0.439939
0.9285 -0.434288
0.9295 -0.42862
0.9305 -0.422935
0.9315 -0.417233
0.9325 -0.411514
0.9335 -0.40578
0.9345 -0.400029
0.9355 -0.394263
0.9365 -0.388481
0.9375 -0.382683
0.9385 -0.376871
0.9395 -0.371044
0.9405 -0.365202
0.9415 -0.359345
0.9425 -0.353475
0.9435 -0.34759
0.9445 -0.341692
0.9455 -0.33578
0.9465 -0.329855
0.9475 -0.323917
0.9485 -0.317967
0.9495 -0.312003
0.9505 -0.306028
0.9515 -0.30004
0.9525 -0.29404
0.9535 -0.288029
0.9545 -0.282007
0.9555 -0.275973
0.9565 -0.269928
0.9575 -0.263873
0.9585 -0.257807
0.9595 -0.251732
0.9605 -0.245646
0.9615 -0.23955
0.9625 -0.233445
0.9635 -0.227331
0.9645 -0.221208
0.9655 -0.215076
0.9665 -0.208936
0.9675 -0.202787
0.9685 -0.196631
0.9695 -0.190466
0.9705 -0.184294
0.9715 -0.178115
0.9725 -0.171929
0.9735 -0.165736
0.9745 -0.159537
0.9755 -0.153331
0.9765 -0.147119
0.9775 -0.140901
0.9785 -0.134678
0.9795 -0.128449
0.9805 -0.122216
0.9815 -0.115977
0.9825 -0.109734
0.9835 -0.103487
0.9845 -0.0972355
0.9855 -0.0909802
0.9865 -0.0847213
0.9875 -0.0784591
0.9885 -0.0721938
0.9895 -0.0659256
0.9905 -0.0596548
0.9915 -0.0533817
0.9925 -0.0471065
0.9935 -0.0408294
0.9945 -0.0345506
0.9955 -0.0282706
0.9965 -0.0219894
0.9975 -0.0157073
0.9985 -0.00942464
0.9995 -0.00314159

# time= 0.25
0.0005 -9.7641e-05
0.0015 -0.000292919
0.0025 -0.000488186
0.0035 -0.000683433
0.0045 -0.000878653
0.0055 -0.00107384
0.0065 -0.00126898
0.0075 -0.00146407
0.0085 -0.00165911
0.0095 -0.00185408
0.0105 -0.00204898
0.0115 -0.00224379
0.0125 -0.00243852
0.0135 -0.00263315
0.0145 -0.00282768
0.0155 -0.00302209
0.0165 -0.00321639
0.0175 -0.00341056
0.0185 -0.00360459
0.0195 -0.00379848
0.0205 -0.00399223
0.0215 -0.00418581
0.0225 -0.00437923
0.0235 -0.00457248
0.0245 -0.00476554
0.0255 -0.00495842
0.0265 -0.0051511
0.0275 -0.00534358
0.0285 -0.00553585
0.0295 -0.0057279
0.0305 -0.00591972
0.0315 -0.00611131
0.0325 -0.00630266
0.0335 -0.00649376
0.0345 -0.0066846
0.0355 -0.00687518
0.0365 -0.00706548
0.0375 -0.00725551
0.0385 -0.00744526
0.0395 -0.0076347
0.0405 -0.00782385
0.0415 -0.00801269
0.0425 -0.00820121
0.0435 -0.00838941
0.0445 -0.00857727
0.0455 -0.0087648
0.0465 -0.00895198
0.0475 -0.00913881
0.0485 -0.00932528
0.0495 -0.00951138
0.0505 -0.0096971
0.0515 -0.00988245
0.0525 -0.0100674
0.0535 -0.010252
0.0545 -0.0104361
0.0555 -0.0106198
0.0565 -0.0108032
0.0575 -0.010986
0.0585 -0.0111685
0.0595 -0.0113505
0.0605 -0.0115321
0.0615 -0.0117132
0.0625 -0.0118939
0.0635 -0.012074
0.0645 -0.0122537
0.0655 -0.012433
0.0665 -0.0126117
0.0675 -0.0127899
0.0685 -0.0129676
0.0695 -0.0131449
0.0705 -0.0133216
0.0715 -0.0134977
0.0725 -0.0136734
0.0735 -0.0138485
0.0745 -0.014023
0.0755 -0.014197
0.0765 -0.0143705
0.0775 -0.0145433
0.0785 -0.0147156
0.0795 -0.0148873
0.0805 -0.0150585
0.0815 -0.015229
0.0825 -0.0153989
0.0835 -0.0155682
0.0845 -0.015737
0.0855 -0.015905
0.0865 -0.0160725
0.0875 -0.0162393
0.0885 -0.0164055
0.0895 -0.016571
0.0905 -0.0167359
0.0915 -0.0169001
0.0925 -0.0170637
0.0935 -0.0172266
0.0945 -0.0173888
0.0955 -0.0175503
0.0965 -0.0177111
0.0975 -0.0178712
0.0985 -0.0180307
0.0995 -0.0181894
0.1005 -0.0183473
0.1015 -0.0185046
0.1025 -0.0186611
0.1035 -0.0188169
0.1045 -0.018972
0.1055 -0.0191263
0.1065 -0.0192798
0.1075 -0.0194326
0.1085 -0.0195846
0.1095 -0.0197359
0.1105 -0.0198864
0.1115 -0.020036
0.1125 -0.0201849
0.1135 -0.020333
0.1145 -0.0204803
0.1155 -0.0206268
0.1165 -0.0207725
0.1175 -0.0209173
0.1185 -0.0210613
0.1195 -0.0212045
0.1205 -0.0213469
0.1215 -0.0214884
0.1225 -0.0216291
0.1235 -0.0217689
0.1245 -0.0219078
0.1255 -0.0220459
0.1265 -0.0221831
0.1275 -0.0223195
0.1285 -0.0224549
0.1295 -0.0225895
0.1305 -0.0227232
0.1315 -0.022856
0.1325 -0.0229878
0.1335 -0.0231188
0.1345 -0.0232489
0.1355 -0.023378
0.1365 -0.0235062
0.1375 -0.0236335
0.1385 -0.0237599
0.1395 -0.0238853
0.1405 -0.0240098
0.1415 -0.0241333
0.1425 -0.0242559
0.1435 -0.0243775
0.1445 -0.0244982
0.1455 -0.0246178
0.1465 -0.0247366
0.1475 -0.0248543
0.1485 -0.0249711
0.1495 -0.0250868
0.1505 -0.0252016
0.1515 -0.0253154
0.1525 -0.0254282
0.1535 -0.02554
0.1545 -0.0256508
0.1555 -0.0257605
0.1565 -0.0258693
0.1575 -0.025977
0.1585 -0.0260837
0.1595 -0.0261894
0.1605 -0.026294
0.1615 -0.0263976
0.1625 -0.0265002
0.1635 -0.0266017
0.1645 -0.0267021
0.1655 -0.0268015
0.1665 -0.0268999
0.1675 -0.0269972
0.1685 -0.0270934
0.1695 -0.0271886
0.1705 -0.0272826
0.1715 -0.0273756
0.1725 -0.0274676
0.1735 -0.0275584
0.1745 -0.0276481
0.1755 -0.0277368
0.1765 -0.0278244
0.1775 -0.0279108
0.1785 -0.0279962
0.1795 -0.0280804
0.1805 -0.0281636
0.1815 -0.0282456
0.1825 -0.0283265
0.1835 -0.0284063
0.1845 -0.028485
0.1855 -0.0285626
0.1865 -0.028639
0.1875 -0.0287143
0.1885 -0.0287885
0.1895 -0.0288615
0.1905 -0.0289334
0.1915 -0.0290041
0.1925 -0.0290737
0.1935 -0.0291422
0.1945 -0.0292095
0.1955 -0.0292756
0.1965 -0.0293406
0.1975 -0.0294045
0.1985 -0.0294671
0.1995 -0.0295286
0.2005 -0.029589
0.2015 -0.0296482
0.2025 -0.0297062
0.2035 -0.029763
0.2045 -0.0298187
0.2055 -0.0298731
0.2065 -0.0299265
0.2075 -0.0299786
0.2085 -0.0300295
0.2095 -0.0300793
0.2105 -0.0301278
0.2115 -0.0301752
0.2125 -0.0302214
0.2135 -0.0302664
0.2145 -0.0303102
0.2155 -0.0303528
0.2165 -0.0303942
0.2175 -0.0304344
0.2185 -0.0304734
0.2195 -0.0305112
0.2205 -0.0305478
0.2215 -0.0305832
0.2225 -0.0306173
0.2235 -0.0306503
0.2245 -0.0306821
0.2255 -0.0307126
0.2265 -0.0307419
0.2275 -0.0307701
0.2285 -0.030797
0.2295 -0.0308227
0.2305 -0.0308471
0.2315 -0.0308704
0.2325 -0.0308924
0.2335 -0.0309133
0.2345 -0.0309329
0.2355 -0.0309512
0.2365 -0.0309684
0.2375 -0.0309843
0.2385 -0.030999
0.2395 -0.0310125
0.2405 -0.0310248
0.2415 -0.0310358
0.2425 -0.0310456
0.2435 -0.0310542
0.2445 -0.0310616
0.2455 -0.0310677
0.2465 -0.0310726
0.2475 -0.0310763
0.2485 -0.0310788
0.2495 -0.03108
0.2505 -0.03108
0.2515 -0.0310788
0.2525 -0.0310763
0.2535 -0.0310726
0.2545 -0.0310677
0.2555 -0.0310616
0.2565 -0.0310542
0.2575 -0.0310456
0.2585 -0.0310358
0.2595 -0.0310248
0.2605 -0.0310125
0.2615 -0.030999
0.2625 -0.0309843
0.2635 -0.0309684
0.2645 -0.0309512
0.2655 -0.0309329
0.2665 -0.0309133
0.2675 -0.0308924
0.2685 -0.0308704
0.2695 -0.0308471
0.2705 -0.0308227
0.2715 -0.030797
0.2725 -0.0307701
0.2735 -0.0307419
0.2745 -0.0307126
0.2755 -0.0306821
0.2765 -0.0306503
0.2775 -0.0306173
0.2785 -0.0305832
0.2795 -0.0305478
0.2805 -0.0305112
0.2815 -0.0304734
0.2825 -0.0304344
0.2835 -0.0303942
0.2845 -0.0303528
0.2855 -0.0303102
0.2865 -0.0302664
0.2875 -0.0302214
0.2885 -0.0301752
0.2895 -0.0301278
0.2905 -0.0300793
0.2915 -0.0300295
0.2925 -0.0299786
0.2935 -0.0299265
0.2945 -0.0298731
0.2955 -0.0298187
0.2965 -0.029763
0.2975 -0.0297062
0.2985 -0.0296482
0.2995 -0.029589
0.3005 -0.0295286
0.3015 -0.0294671
0.3025 -0.0294045
0.3035 -0.0293406
0.3045 -0.0292756
0.3055 -0.0292095
0.3065 -0.0291422
0.3075 -0.0290737
0.3085 -0.0290041
0.3095 -0.0289334
0.3105 -0.0288615
0.3115 -0.0287885
0.3125 -0.0287143
0.3135 -0.028639
0.3145 -0.0285626
0.3155 -0.028485
0.3165 -0.0284063
0.3175 -0.0283265
0.3185 -0.0282456
0.3195 -0.0281636
0.3205 -0.0280804
0.3215 -0.0279962
0.3225 -0.0279108
0.3235 -0.0278244
0.3245 -0.0277368
0.3255 -0.0276481
0.3265 -0.0275584
0.3275 -0.0274676
0.3285 -0.0273756
0.3295 -0.0272826
0.3305 -0.0271886
0.3315 -0.0270934
0.3325 -0.0269972
0.3335 -0.0268999
0.3345 -0.0268015
0.3355 -0.0267021
0.3365 -0.0266017
0.3375 -0.0265002
0.3385 -0.0263976
0.3395 -0.026294
0.3405 -0.0261894
0.3415 -0.0260837
0.3425 -0.025977
0.3435 -0.0258693
0.3445 -0.0257605
0.3455 -0.0256508
0.3465 -0.02554
0.3475 -0.0254282
0.3485 -0.0253154
0.3495 -0.0252016
0.3505 -0.0250868
0.3515 -0.0249711
0.3525 -0.0248543
0.3535 -0.0247366
0.3545 -0.0246178
0.3555 -0.0244982
0.3565 -0.0243775
0.3575 -0.0242559
0.3585 -0.0241333
0.3595 -0.0240098
0.3605 -0.0238853
0.3615 -0.0237599
0.3625 -0.0236335
0.3635 -0.0235062
0.3645 -0.023378
0.3655 -0.0232489
0.3665 -0.0231188
0.3675 -0.0229878
0.3685 -0.022856
0.3695 -0.0227232
0.3705 -0.0225895
0.3715 -0.0224549
0.3725 -0.0223195
0.3735 -0.0221831
0.3745 -0.0220459
0.3755 -0.0219078
0.3765 -0.0217689
0.3775 -0.0216291
0.3785 -0.0214884
0.3795 -0.0213469
0.3805 -0.0212045
0.3815 -0.0210613
0.3825 -0.0209173
0.3835 -0.0207725
0.3845 -0.0206268
0.3855 -0.0204803
0.3865 -0.020333
0.3875 -0.0201849
0.3885 -0.020036
0.3895 -0.0198864
0.3905 -0.0197359
0.3915 -0.0195846
0.3925 -0.0194326
0.3935 -0.0192798
0.3945 -0.0191263
0.3955 -0.018972
0.3965 -0.0188169
0.3975 -0.0186611
0.3985 -0.0185046
0.3995 -0.0183473
0.4005 -0.0181894
0.4015 -0.0180307
0.4025 -0.0178712
0.4035 -0.0177111
0.4045 -0.0175503
0.4055 -0.0173888
0.4065 -0.0172266
0.4075 -0.0170637
0.4085 -0.0169001
0.4095 -0.0167359
0.4105 -0.016571
0.4115 -0.0164055
0.4125 -0.0162393
0.4135 -0.0160725
0.4145 -0.015905
0.4155 -0.015737
0.4165 -0.0155682
0.4175 -0.0153989
0.4185 -0.015229
0.4195 -0.0150585
0.4205 -0.0148873
0.4215 -0.0147156
0.4225 -0.0145433
0.4235 -0.0143705
0.4245 -0.014197
0.4255 -0.014023
0.4265 -0.0138485
0.4275 -0.0136734
0.4285 -0.0134977
0.4295 -0.0133216
0.4305 -0.0131449
0.4315 -0.0129676
0.4325 -0.0127899
0.4335 -0.0126117
0.4345 -0.012433
0.4355 -0.0122537
0.4365 -0.012074
0.4375 -0.0118939
0.4385 -0.0117132
0.4395 -0.0115321
0.4405 -0.0113505
0.4415 -0.0111685
0.4425 -0.010986
0.4435 -0.0108032
0.4445 -0.0106198
0.4455 -0.0104361
0.4465 -0.010252
0.4475 -0.0100674
0.4485 -0.00988245
0.4495 -0.0096971
0.4505 -0.00951138
0.4515 -0.00932528
0.4525 -0.00913881
0.4535 -0.00895198
0.4545 -0.0087648
0.4555 -0.00857727
0.4565 -0.00838941
0.4575 -0.00820121
0.4585 -0.00801269
0.4595 -0.00782385
0.4605 -0.0076347
0.4615 -0.00744526
0.4625 -0.00725551
0.4635 -0.00706548
0.4645 -0.00687518
0.4655 -0.0066846
0.4665 -0.00649376
0.4675 -0.00630266
0.4685 -0.00611131
0.4695 -0.00591972
0.4705 -0.0057279
0.4715 -0.00553585
0.4725 -0.00534358
0.4735 -0.0051511
0.4745 -0.00495842
0.4755 -0.00476554
0.4765 -0.00457248
0.4775 -0.00437923
0.4785 -0.00418581
0.4795 -0.00399223
0.4805 -0.00379848
0.4815 -0.00360459
0.4825 -0.00341056
0.4835 -0.00321639
0.4845 -0.00302209
0.4855 -0.00282768
0.4865 -0.00263315
0.4875 -0.00243852
0.4885 -0.00224379
0.4895 -0.00204898
0.4905 -0.00185408
0.4915 -0.00165911
0.4925 -0.00146407
0.4935 -0.00126898
0.4945 -0.00107384
0.4955 -0.000878653
0.4965 -0.000683433
0.4975 -0.000488186
0.4985 -0.000292919
0.4995 -9.7641e-05
0.5005 9.7641e-05
0.5015 0.000292919
0.5025 0.000488186
0.5035 0.000683433
0.5045 0.000878653
0.5055 0.00107384
0.5065 0.00126898
0.5075 0.00146407
0.5085 0.00165911
0.5095 0.00185408
0.5105 0.00204898
0.5115 0.00224379
0.5125 0.00243852
0.5135 0.00263315
0.5145 0.00282768
0.5155 0.00302209
0.5165 0.00321639
0.5175 0.00341056
0.5185 0.00360459
0.5195 0.00379848
0.5205 0.00399223
0.5215 0.00418581
0.5225 0.00437923
0.5235 0.00457248
0.5245 0.00476554
0.5255 0.00495842
0.5265 0.0051511
0.5275 0.00534358
0.5285 0.00553585
0.5295 0.0057279
0.5305 0.00591972
0.5315 0.00611131
0.5325 0.00630266
0.5335 0.00649376
0.5345 0.0066846
0.5355 0.00687518
0.5365 0.00706548
0.5375 0.00725551
0.5385 0.00744526
0.5395 0.0076347
0.5405 0.00782385
0.5415 0.00801269
0.5425 0.00820121
0.5435 0.00838941
0.5445 0.00857727
0.5455 0.0087648
0.5465 0.00895198
0.5475 0.00913881
0.5485 0.00932528
0.5495 0.00951138
0.5505 0.0096971
0.5515 0.00988245
0.5525 0.0100674
0.5535 0.010252
0.5545 0.0104361
0.5555 0.0106198
0.5565 0.0108032
0.5575 0.010986
0.5585 0.0111685
0.5595 0.0113505
0.5605 0.0115321
0.5615 0.0117132
0.5625 0.0118939
0.5635 0.012074
0.5645 0.0122537
0.5655 0.012433
0.5665 0.0126117
0.5675 0.0127899
0.5685 0.0129676
0.5695 0.0131449
0.5705 0.0133216
0.5715 0.0134977
0.5725 0.0136734
0.5735 0.0138485
0.5745 0.014023
0.5755 0.014197
0.5765 0.0143705
0.5775 0.0145433
0.5785 0.0147156
0.5795 0.0148873
0.5805 0.0150585
0.5815 0.015229
0.5825 0.0153989
0.5835 0.0155682
0.5845 0.015737
0.5855 0.015905
0.5865 0.0160725
0.5875 0.0162393
0.5885 0.0164055
0.5895 0.016571
0.5905 0.0167359
0.5915 0.0169001
0.5925 0.0170637
0.5935 0.0172266
0.5945 0.0173888
0.5955 0.0175503
0.5965 0.0177111
0.5975 0.0178712
0.5985 0.0180307
0.5995 0.0181894
0.6005 0.0183473
0.6015 0.0185046
0.6025 0.0186611
0.6035 0.0188169
0.6045 0.018972
0.6055 0.0191263
0.6065 0.0192798
0.6075 0.0194326
0.6085 0.0195846
0.6095 0.0197359
0.6105 0.0198864
0.6115 0.020036
0.6125 0.0201849
0.6135 0.020333
0.6145 0.0204803
0.6155 0.0206268
0.6165 0.0207725
0.6175 0.0209173
0.6185 0.0210613
0.6195 0.0212045
0.6205 0.0213469
0.6215 0.0214884
0.6225 0.0216291
0.6235 0.0217689
0.6245 0.0219078
0.6255 0.0220459
0.6265 0.0221831
0.6275 0.0223195
0.6285 0.0224549
0.6295 0.0225895
0.6305 0.0227232
0.6315 0.022856
0.6325 0.0229878
0.6335 0.0231188
0.6345 0.0232489
0.6355 0.023378
0.6365 0.0235062
0.6375 0.0236335
0.6385 0.0237599
0.6395 0.0238853
0.6405 0.0240098
0.6415 0.0241333
0.6425 0.0242559
0.6435 0.0243775
0.6445 0.0244982
0.6455 0.0246178
0.6465 0.0247366
0.6475 0.0248543
0.6485 0.0249711
0.6495 0.0250868
0.6505 0.0252016
0.6515 0.0253154
0.6525 0.0254282
0.6535 0.02554
0.6545 0.0256508
0.6555 0.0257605
0.6565 0.0258693
0.6575 0.025977
0.6585 0.0260837
0.6595 0.0261894
0.6605 0.026294
0.6615 0.0263976
0.6625 0.0265002
0.6635 0.0266017
0.6645 0.0267021
0.6655 0.0268015
0.6665 0.0268999
0.6675 0.0269972
0.6685 0.0270934
0.6695 0.0271886
0.6705 0.0272826
0.6715 0.0273756
0.6725 0.0274676
0.6735 0.0275584
0.6745 0.0276481
0.6755 0.0277368
0.6765 0.0278244
0.6775 0.0279108
0.6785 0.0279962
0.6795 0.0280804
0.6805 0.0281636
0.6815 0.0282456
0.6825 0.0283265
0.6835 0.0284063
0.6845 0.028485
0.6855 0.0285626
0.6865 0.028639
0.6875 0.0287143
0.6885 0.0287885
0.6895 0.0288615
0.6905 0.0289334
0.6915 0.0290041
0.6925 0.0290737
0.6935 0.0291422
0.6945 0.0292095
0.6955 0.0292756
0.6965 0.0293406
0.6975 0.0294045
0.6985 0.0294671
0.6995 0.0295286
0.7005 0.029589
0.7015 0.0296482
0.7025 0.0297062
0.7035 0.029763
0.7045 0.0298187
0.7055 0.0298731
0.7065 0.0299265
0.7075 0.0299786
0.7085 0.0300295
0.7095 0.0300793
0.7105 0.0301278
0.7115 0.0301752
0.7125 0.0302214
0.7135 0.0302664
0.7145 0.0303102
0.7155 0.0303528
0.7165 0.0303942
0.7175 0.0304344
0.7185 0.0304734
0.7195 0.0305112
0.7205 0.0305478
0.7215 0.0305832
0.7225 0.0306173
0.7235 0.0306503
0.7245 0.0306821
0.7255 0.0307126
0.7265 0.0307419
0.7275 0.0307701
0.7285 0.030797
0.7295 0.0308227
0.7305 0.0308471
0.7315 0.0308704
0.7325 0.0308924
0.7335 0.0309133
0.7345 0.0309329
0.7355 0.0309512
0.7365 0.0309684
0.7375 0.0309843
0.7385 0.030999
0.7395 0.0310125
0.7405 0.0310248
0.7415 0.0310358
0.7425 0.0310456
0.7435 0.0310542
0.7445 0.0310616
0.7455 0.0310677
0.7465 0.0310726
0.7475 0.0310763
0.7485 0.0310788
0.7495 0.03108
0.7505 0.03108
0.7515 0.0310788
0.7525 0.0310763
0.7535 0.0310726
0.7545 0.0310677
0.7555 0.0310616
0.7565 0.0310542
0.7575 0.0310456
0.7585 0.0310358
0.7595 0.0310248
0.7605 0.0310125
0.7615 0.030999
0.7625 0.0309843
0.7635 0.0309684
0.7645 0.0309512
0.7655 0.0309329
0.7665 0.0309133
0.7675 0.0308924
0.7685 0.0308704
0.7695 0.0308471
0.7705 0.0308227
0.7715 0.030797
0.7725 0.0307701
0.7735 0.0307419
0.7745 0.0307126
0.7755 0.0306821
0.7765 0.0306503
0.7775 0.0306173
0.7785 0.0305832
0.7795 0.0305478
0.7805 0.0305112
0.7815 0.0304734
0.7825 0.0304344
0.7835 0.0303942
0.7845 0.0303528
0.7855 0.0303102
0.7865 0.0302664
0.7875 0.0302214
0.7885 0.0301752
0.7895 0.0301278
0.7905 0.0300793
0.7915 0.0300295
0.7925 0.0299786
0.7935 0.0299265
0.7945 0.0298731
0.7955 0.0298187
0.7965 0.029763
0.7975 0.0297062
0.7985 0.0296482
0.7995 0.029589
0.8005 0.0295286
0.8015 0.0294671
0.8025 0.0294045
0.8035 0.0293406
0.8045 0.0292756
0.8055 0.0292095
0.8065 0.0291422
0.8075 0.0290737
0.8085 0.0290041
0.8095 0.0289334
0.8105 0.0288615
0.8115 0.0287885
0.8125 0.0287143
0.8135 0.028639
0.8145 0.0285626
0.8155 0.028485
0.8165 0.0284063
0.8175 0.0283265
0.8185 0.0282456
0.8195 0.0281636
0.8205 0.0280804
0.8215 0.0279962
0.8225 0.0279108
0.8235 0.0278244
0.8245 0.0277368
0.8255 0.0276481
0.8265 0.0275584
0.8275 0.0274676
0.8285 0.0273756
0.8295 0.0272826
0.8305 0.0271886
0.8315 0.0270934
0.8325 0.0269972
0.8335 0.0268999
0.8345 0.0268015
0.8355 0.0267021
0.8365 0.0266017
0.8375 0.0265002
0.8385 0.0263976
0.8395 0.026294
0.8405 0.0261894
0.8415 0.0260837
0.8425 0.025977
0.8435 0.0258693
0.8445 0.0257605
0.8455 0.0256508
0.8465 0.02554
0.8475 0.0254282
0.8485 0.0253154
0.8495 0.0252016
0.8505 0.0250868
0.8515 0.0249711
0.8525 0.0248543
0.8535 0.0247366
0.8545 0.0246178
0.8555 0.0244982
0.8565 0.0243775
0.8575 0.0242559
0.8585 0.0241333
0.8595 0.0240098
0.8605 0.0238853
0.8615 0.0237599
0.8625 0.0236335
0.8635 0.0235062
0.8645 0.023378
0.8655 0.0232489
0.8665 0.0231188
0.8675 0.0229878
0.8685 0.022856
0.8695 0.0227232
0.8705 0.0225895
0.8715 0.0224549
0.8725 0.0223195
0.8735 0.0221831
0.8745 0.0220459
0.8755 0.0219078
0.8765 0.0217689
0.8775 0.0216291
0.8785 0.0214884
0.8795 0.0213469
0.8805 0.0212045
0.8815 0.0210613
0.8825 0.0209173
0.8835 0.0207725
0.8845 0.0206268
0.8855 0.0204803
0.8865 0.020333
0.8875 0.0201849
0.8885 0.020036
0.8895 0.0198864
0.8905 0.0197359
0.8915 0.0195846
0.8925 0.0194326
0.8935 0.0192798
0.8945 0.0191263
0.8955 0.018972
0.8965 0.0188169
0.8975 0.0186611
0.8985 0.0185046
0.8995 0.0183473
0.9005 0.0181894
0.9015 0.0180307
0.9025 0.0178712
0.9035 0.0177111
0.9045 0.0175503
0.9055 0.0173888
0.9065 0.0172266
0.9075 0.0170637
0.9085 0.0169001
0.9095 0.0167359
0.9105 0.016571
0.9115 0.0164055
0.9125 0.0162393
0.9135 0.0160725
0.9145 0.015905
0.9155 0.015737
0.9165 0.0155682
0.9175 0.0153989
0.9185 0.015229
0.9195 0.0150585
0.9205 0.0148873
0.9215 0.0147156
0.9225 0.0145433
0.9235 0.0143705
0.9245 0.014197
0.9255 0.014023
0.9265 0.0138485
0.9275 0.0136734
0.9285 0.0134977
0.9295 0.0133216
0.9305 0.0131449
0.9315 0.0129676
0.9325 0.0127899
0.9335 0.0126117
0.9345 0.012433
0.9355 0.0122537
0.9365 0.012074
0.9375 0.0118939
0.9385 0.0117132
0.9395 0.0115321
0.9405 0.0113505
0.9415 0.0111685
0.9425 0.010986
0.9435 0.0108032
0.9445 0.0106198
0.9455 0.0104361
0.9465 0.010252
0.9475 0.0100674
0.9485 0.00988245
0.9495 0.0096971
0.9505 0.00951138
0.9515 0.00932528
0.9525 0.00913881
0.9535 0.00895198
0.9545 0.0087648
0.9555 0.00857727
0.9565 0.00838941
0.9575 0.00820121
0.9585 0.00801269
0.9595 0.00782385
0.9605 0.0076347
0.9615 0.00744526
0.9625 0.00725551
0.9635 0.00706548
0.9645 0.00687518
0.9655 0.0066846
0.9665 0.00649376
0.9675 0.00630266
0.9685 0.00611131
0.9695 0.00591972
0.9705 0.0057279
0.9715 0.00553585
0.9725 0.00534358
0.9735 0.0051511
0.9745 0.00495842
0.9755 0.00476554
0.9765 0.00457248
0.9775 0.00437923
0.9785 0.00418581
0.9795 0.00399223
0.9805 0.00379848
0.9815 0.00360459
0.9825 0.00341056
0.9835 0.00321639
0.9845 0.00302209
0.9855 0.00282768
0.9865 0.00263315
0.9875 0.00243852
0.9885 0.00224379
0.9895 0.00204898
0.9905 0.00185408
0.9915 0.00165911
0.9925 0.00146407
0.9935 0.00126898
0.9945 0.00107384
0.9955 0.000878653
0.9965 0.000683433
0.9975 0.000488186
0.9985 0.000292919
0.9995 9.7641e-05

# time= 0.5
0.0005 -0.00172402
0.0015 -0.00941831
0.0025 -0.0156968
0.0035 -0.0219746
0.0045 -0.0282516
0.0055 -0.0345275
0.0065 -0.0408019
0.0075 -0.0470748
0.0085 -0.0533459
0.0095 -0.0596148
0.0105 -0.0658814
0.0115 -0.0721453
0.0125 -0.0784064
0.0135 -0.0846645
0.0145 -0.0909191
0.0155 -0.0971702
0.0165 -0.103417
0.0175 -0.109661
0.0185 -0.1159
0.0195 -0.122134
0.0205 -0.128363
0.0215 -0.134588
0.0225 -0.140807
0.0235 -0.14702
0.0245 -0.153228
0.0255 -0.15943
0.0265 -0.165625
0.0275 -0.171814
0.0285 -0.177996
0.0295 -0.184171
0.0305 -0.190338
0.0315 -0.196499
0.0325 -0.202651
0.0335 -0.208796
0.0345 -0.214932
0.0355 -0.22106
0.0365 -0.227179
0.0375 -0.233289
0.0385 -0.23939
0.0395 -0.245481
0.0405 -0.251563
0.0415 -0.257634
0.0425 -0.263696
0.0435 -0.269747
0.0445 -0.275788
0.0455 -0.281817
0.0465 -0.287836
0.0475 -0.293843
0.0485 -0.299839
0.0495 -0.305822
0.0505 -0.311794
0.0515 -0.317753
0.0525 -0.3237
0.0535 -0.329634
0.0545 -0.335555
0.0555 -0.341463
0.0565 -0.347357
0.0575 -0.353238
0.0585 -0.359104
0.0595 -0.364957
0.0605 -0.370795
0.0615 -0.376618
0.0625 -0.382427
0.0635 -0.38822
0.0645 -0.393998
0.0655 -0.399761
0.0665 -0.405507
0.0675 -0.411238
0.0685 -0.416953
0.0695 -0.422651
0.0705 -0.428332
0.0715 -0.433997
0.0725 -0.439644
0.0735 -0.445274
0.0745 -0.450886
0.0755 -0.456481
0.0765 -0.462057
0.0775 -0.467616
0.0785 -0.473156
0.0795 -0.478677
0.0805 -0.484179
0.0815 -0.489662
0.0825 -0.495126
0.0835 -0.50057
0.0845 -0.505995
0.0855 -0.5114
0.0865 -0.516784
0.0875 -0.522148
0.0885 -0.527491
0.0895 -0.532814
0.0905 -0.538115
0.0915 -0.543396
0.0925 -0.548654
0.0935 -0.553891
0.0945 -0.559107
0.0955 -0.5643
0.0965 -0.569471
0.0975 -0.574619
0.0985 -0.579745
0.0995 -0.584848
0.1005 -0.589928
0.1015 -0.594984
0.1025 -0.600017
0.1035 -0.605027
0.1045 -0.610012
0.1055 -0.614973
0.1065 -0.61991
0.1075 -0.624823
0.1085 -0.629711
0.1095 -0.634574
0.1105 -0.639412
0.1115 -0.644225
0.1125 -0.649012
0.1135 -0.653774
0.1145 -0.65851
0.1155 -0.66322
0.1165 -0.667903
0.1175 -0.672561
0.1185 -0.677192
0.1195 -0.681796
0.1205 -0.686373
0.1215 -0.690923
0.1225 -0.695446
0.1235 -0.699941
0.1245 -0.704409
0.1255 -0.708849
0.1265 -0.713261
0.1275 -0.717644
0.1285 -0.722
0.1295 -0.726327
0.1305 -0.730625
0.1315 -0.734894
0.1325 -0.739135
0.1335 -0.743346
0.1345 -0.747528
0.1355 -0.75168
0.1365 -0.755803
0.1375 -0.759896
0.1385 -0.763958
0.1395 -0.767991
0.1405 -0.771993
0.1415 -0.775965
0.1425 -0.779907
0.1435 -0.783817
0.1445 -0.787697
0.1455 -0.791545
0.1465 -0.795362
0.1475 -0.799148
0.1485 -0.802902
0.1495 -0.806625
0.1505 -0.810315
0.1515 -0.813974
0.1525 -0.817601
0.1535 -0.821195
0.1545 -0.824757
0.1555 -0.828286
0.1565 -0.831783
0.1575 -0.835246
0.1585 -0.838677
0.1595 -0.842075
0.1605 -0.845439
0.1615 -0.84877
0.1625 -0.852068
0.1635 -0.855332
0.1645 -0.858562
0.1655 -0.861758
0.1665 -0.86492
0.1675 -0.868049
0.1685 -0.871142
0.1695 -0.874202
0.1705 -0.877227
0.1715 -0.880217
0.1725 -0.883172
0.1735 -0.886093
0.1745 -0.888979
0.1755 -0.891829
0.1765 -0.894645
0.1775 -0.897425
0.1785 -0.900169
0.1795 -0.902879
0.1805 -0.905552
0.1815 -0.90819
0.1825 -0.910792
0.1835 -0.913357
0.1845 -0.915887
0.1855 -0.918381
0.1865 -0.920838
0.1875 -0.923259
0.1885 -0.925644
0.1895 -0.927992
0.1905 -0.930304
0.1915 -0.932578
0.1925 -0.934816
0.1935 -0.937017
0.1945 -0.939181
0.1955 -0.941308
0.1965 -0.943398
0.1975 -0.94545
0.1985 -0.947466
0.1995 -0.949443
0.2005 -0.951384
0.2015 -0.953286
0.2025 -0.955152
0.2035 -0.956979
0.2045 -0.958769
0.2055 -0.96052
0.2065 -0.962234
0.2075 -0.96391
0.2085 -0.965548
0.2095 -0.967148
0.2105 -0.968709
0.2115 -0.970232
0.2125 -0.971717
0.2135 -0.973164
0.2145 -0.974572
0.2155 -0.975942
0.2165 -0.977273
0.2175 -0.978566
0.2185 -0.97982
0.2195 -0.981035
0.2205 -0.982211
0.2215 -0.983349
0.2225 -0.984448
0.2235 -0.985508
0.2245 -0.986529
0.2255 -0.987512
0.2265 -0.988455
0.2275 -0.989359
0.2285 -0.990224
0.2295 -0.99105
0.2305 -0.991837
0.2315 -0.992585
0.2325 -0.993294
0.2335 -0.993963
0.2345 -0.994593
0.2355 -0.995184
0.2365 -0.995736
0.2375 -0.996248
0.2385 -0.996721
0.2395 -0.997155
0.2405 -0.997549
0.2415 -0.997904
0.2425 -0.998219
0.2435 -0.998496
0.2445 -0.998732
0.2455 -0.998929
0.2465 -0.999087
0.2475 -0.999206
0.2485 -0.999284
0.2495 -0.999324
0.2505 -0.999324
0.2515 -0.999284
0.2525 -0.999206
0.2535 -0.999087
0.2545 -0.998929
0.2555 -0.998732
0.2565 -0.998496
0.2575 -0.998219
0.2585 -0.997904
0.2595 -0.997549
0.2605 -0.997155
0.2615 -0.996721
0.2625 -0.996248
0.2635 -0.995736
0.2645 -0.995184
0.2655 -0.994593
0.2665 -0.993963
0.2675 -0.993294
0.2685 -0.992585
0.2695 -0.991837
0.2705 -0.99105
0.2715 -0.990224
0.2725 -0.989359
0.2735 -0.988455
0.2745 -0.987512
0.2755 -0.986529
0.2765 -0.985508
0.2775 -0.984448
0.2785 -0.983349
0.2795 -0.982211
0.2805 -0.981035
0.2815 -0.97982
0.2825 -0.978566
0.2835 -0.977273
0.2845 -0.975942
0.2855 -0.974572
0.2865 -0.973164
0.2875 -0.971717
0.2885 -0.970232
0.2895 -0.968709
0.2905 -0.967148
0.2915 -0.965548
0.2925 -0.96391
0.2935 -0.962234
0.2945 -0.96052
0.2955 -0.958769
0.2965 -0.956979
0.2975 -0.955152
0.2985 -0.953286
0.2995 -0.951384
0.3005 -0.949443
0.3015 -0.947466
0.3025 -0.94545
0.3035 -0.943398
0.3045 -0.941308
0.3055 -0.939181
0.3065 -0.937017
0.3075 -0.934816
0.3085 -0.932578
0.3095 -0.930304
0.3105 -0.927992
0.3115 -0.925644
0.3125 -0.923259
0.3135 -0.920838
0.3145 -0.918381
0.3155 -0.915887
0.3165 -0.913357
0.3175 -0.910792
0.3185 -0.90819
0.3195 -0.905552
0.3205 -0.902879
0.3215 -0.900169
0.3225 -0.897425
0.3235 -0.894645
0.3245 -0.891829
0.3255 -0.888979
0.3265 -0.886093
0.3275 -0.883172
0.3285 -0.880217
0.3295 -0.877227
0.3305 -0.874202
0.3315 -0.871142
0.3325 -0.868049
0.3335 -0.86492
0.3345 -0.861758
0.3355 -0.858562
0.3365 -0.855332
0.3375 -0.852068
0.3385 -0.84877
0.3395 -0.845439
0.3405 -0.842075
0.3415 -0.838677
0.3425 -0.835246
0.3435 -0.831783
0.3445 -0.828286
0.3455 -0.824757
0.3465 -0.821195
0.3475 -0.817601
0.3485 -0.813974
0.3495 -0.810315
0.3505 -0.806625
0.3515 -0.802902
0.3525 -0.799148
0.3535 -0.795362
0.3545 -0.791545
0.3555 -0.787697
0.3565 -0.783817
0.3575 -0.779907
0.3585 -0.775965
0.3595 -0.771993
0.3605 -0.767991
0.3615 -0.763958
0.3625 -0.759896
0.3635 -0.755803
0.3645 -0.75168
0.3655 -0.747528
0.3665 -0.743346
0.3675 -0.739135
0.3685 -0.734894
0.3695 -0.730625
0.3705 -0.726327
0.3715 -0.722
0.3725 -0.717644
0.3735 -0.713261
0.3745 -0.708849
0.3755 -0.704409
0.3765 -0.699941
0.3775 -0.695446
0.3785 -0.690923
0.3795 -0.686373
0.3805 -0.681796
0.3815 -0.677192
0.3825 -0.672561
0.3835 -0.667903
0.3845 -0.66322
0.3855 -0.65851
0.3865 -0.653774
0.3875 -0.649012
0.3885 -0.644225
0.3895 -0.639412
0.3905 -0.634574
0.3915 -0.629711
0.3925 -0.624823
0.3935 -0.61991
0.3945 -0.614973
0.3955 -0.610012
0.3965 -0.605027
0.3975 -0.600017
0.3985 -0.594984
0.3995 -0.589928
0.4005 -0.584848
0.4015 -0.579745
0.4025 -0.574619
0.4035 -0.569471
0.4045 -0.5643
0.4055 -0.559107
0.4065 -0.553891
0.4075 -0.548654
0.4085 -0.543396
0.4095 -0.538115
0.4105 -0.532814
0.4115 -0.527491
0.4125 -0.522148
0.4135 -0.516784
0.4145 -0.5114
0.4155 -0.505995
0.4165 -0.50057
0.4175 -0.495126
0.4185 -0.489662
0.4195 -0.484179
0.4205 -0.478677
0.4215 -0.473156
0.4225 -0.467616
0.4235 -0.462057
0.4245 -0.456481
0.4255 -0.450886
0.4265 -0.445274
0.4275 -0.439644
0.4285 -0.433997
0.4295 -0.428332
0.4305 -0.422651
0.4315 -0.416953
0.4325 -0.411238
0.4335 -0.405507
0.4345 -0.399761
0.4355 -0.393998
0.4365 -0.38822
0.4375 -0.382427
0.4385 -0.376618
0.4395 -0.370795
0.4405 -0.364957
0.4415 -0.359104
0.4425 -0.353238
0.4435 -0.347357
0.4445 -0.341463
0.4455 -0.335555
0.4465 -0.329634
0.4475 -0.3237
0.4485 -0.317753
0.4495 -0.311794
0.4505 -0.305822
0.4515 -0.299839
0.4525 -0.293843
0.4535 -0.287836
0.4545 -0.281817
0.4555 -0.275788
0.4565 -0.269747
0.4575 -0.263696
0.4585 -0.257634
0.4595 -0.251563
0.4605 -0.245481
0.4615 -0.23939
0.4625 -0.233289
0.4635 -0.227179
0.4645 -0.22106
0.4655 -0.214932
0.4665 -0.208796
0.4675 -0.202651
0.4685 -0.196499
0.4695 -0.190338
0.4705 -0.184171
0.4715 -0.177996
0.4725 -0.171814
0.4735 -0.165625
0.4745 -0.15943
0.4755 -0.153228
0.4765 -0.14702
0.4775 -0.140807
0.4785 -0.134588
0.4795 -0.128363
0.4805 -0.122134
0.4815 -0.1159
0.4825 -0.109661
0.4835 -0.103417
0.4845 -0.0971702
0.4855 -0.0909191
0.4865 -0.0846645
0.4875 -0.0784064
0.4885 -0.0721453
0.4895 -0.0658814
0.4905 -0.0596148
0.4915 -0.0533459
0.4925 -0.0470748
0.4935 -0.0408019
0.4945 -0.0345275
0.4955 -0.0282516
0.4965 -0.0219746
0.4975 -0.0156968
0.4985 -0.00941831
0.4995 -0.00313948
0.5005 0.00313948
0.5015 0.00941831
0.5025 0.0156968
0.5035 0.0219746
0.5045 0.0282516
0.5055 0.0345275
0.5065 0.0408019
0.5075 0.0470748
0.5085 0.0533459
0.5095 0.0596148
0.5105 0.0658814
0.5115 0.0721453
0.5125 0.0784064
0.5135 0.0846645
0.5145 0.0909191
0.5155 0.0971702
0.5165 0.103417
0.5175 0.109661
0.5185 0.1159
0.5195 0.122134
0.5205 0.128363
0.5215 0.134588
0.5225 0.140807
0.5235 0.14702
0.5245 0.153228
0.5255 0.15943
0.5265 0.165625
0.5275 0.171814
0.5285 0.177996
0.5295 0.184171
0.5305 0.190338
0.5315 0.196499
0.5325 0.202651
0.5335 0.208796
0.5345 0.214932
0.5355 0.22106
0.5365 0.227179
0.5375 0.233289
0.5385 0.23939
0.5395 0.245481
0.5405 0.251563
0.5415 0.257634
0.5425 0.263696
0.5435 0.269747
0.5445 0.275788
0.5455 0.281817
0.5465 0.287836
0.5475 0.293843
0.5485 0.299839
0.5495 0.305822
0.5505 0.311794
0.5515 0.317753
0.5525 0.3237
0.5535 0.329634
0.5545 0.335555
0.5555 0.341463
0.5565 0.347357
0.5575 0.353238
0.5585 0.359104
0.5595 0.364957
0.5605 0.370795
0.5615 0.376618
0.5625 0.382427
0.5635 0.38822
0.5645 0.393998
0.5655 0.399761
0.5665 0.405507
0.5675 0.411238
0.5685 0.416953
0.5695 0.422651
0.5705 0.428332
0.5715 0.433997
0.5725 0.439644
0.5735 0.445274
0.5745 0.450886
0.5755 0.456481
0.5765 0.462057
0.5775 0.467616
0.5785 0.473156
0.5795 0.478677
0.5805 0.484179
0.5815 0.489662
0.5825 0.495126
0.5835 0.50057
0.5845 0.505995
0.5855 0.5114
0.5865 0.516784
0.5875 0.522148
0.5885 0.527491
0.5895 0.532814
0.5905 0.538115
0.5915 0.543396
0.5925 0.548654
0.5935 0.553891
0.5945 0.559107
0.5955 0.5643
0.5965 0.569471
0.5975 0.574619
0.5985 0.579745
0.5995 0.584848
0.6005 0.589928
0.6015 0.594984
0.6025 0.600017
0.6035 0.605027
0.6045 0.610012
0.6055 0.614973
0.6065 0.61991
0.6075 0.624823
0.6085 0.629711
0.6095 0.634574
0.6105 0.639412
0.6115 0.644225
0.6125 0.649012
0.6135 0.653774
0.6145 0.65851
0.6155 0.66322
0.6165 0.667903
0.6175 0.672561
0.6185 0.677192
0.6195 0.681796
0.6205 0.686373
0.6215 0.690923
0.6225 0.695446
0.6235 0.699941
0.6245 0.704409
0.6255 0.708849
0.6265 0.713261
0.6275 0.717644
0.6285 0.722
0.6295 0.726327
0.6305 0.730625
0.6315 0.734894
0.6325 0.739135
0.6335 0.743346
0.6345 0.747528
0.6355 0.75168
0.6365 0.755803
0.6375 0.759896
0.6385 0.763958
0.6395 0.767991
0.6405 0.771993
0.6415 0.775965
0.6425 0.779907
0.6435 0.783817
0.6445 0.787697
0.6455 0.791545
0.6465 0.795362
0.6475 0.799148
0.6485 0.802902
0.6495 0.806625
0.6505 0.810315
0.6515 0.813974
0.6525 0.817601
0.6535 0.821195
0.6545 0.824757
0.6555 0.828286
0.6565 0.831783
0.6575 0.835246
0.6585 0.838677
0.6595 0.842075
0.6605 0.845439
0.6615 0.84877
0.6625 0.852068
0.6635 0.855332
0.6645 0.858562
0.6655 0.861758
0.6665 0.86492
0.6675 0.868049
0.6685 0.871142
0.6695 0.874202
0.6705 0.877227
0.6715 0.880217
0.6725 0.883172
0.6735 0.886093
0.6745 0.888979
0.6755 0.891829
0.6765 0.894645
0.6775 0.897425
0.6785 0.900169
0.6795 0.902879
0.6805 0.905552
0.6815 0.90819
0.6825 0.910792
0.6835 0.913357
0.6845 0.915887
0.6855 0.918381
0.6865 0.920838
0.6875 0.923259
0.6885 0.925644
0.6895 0.927992
0.6905 0.930304
0.6915 0.932578
0.6925 0.934816
0.6935 0.937017
0.6945 0.939181
0.6955 0.941308
0.6965 0.943398
0.6975 0.94545
0.6985 0.947466
0.6995 0.949443
0.7005 0.951384
0.7015 0.953286
0.7025 0.955152
0.7035 0.956979
0.7045 0.958769
0.7055 0.96052
0.7065 0.962234
0.7075 0.96391
0.7085 0.965548
0.7095 0.967148
0.7105 0.968709
0.7115 0.970232
0.7125 0.971717
0.7135 0.973164
0.7145 0.974572
0.7155 0.975942
0.7165 0.977273
0.7175 0.978566
0.7185 0.97982
0.7195 0.981035
0.7205 0.982211
0.7215 0.983349
0.7225 0.984448
0.7235 0.985508
0.7245 0.986529
0.7255 0.987512
0.7265 0.988455
0.7275 0.989359
0.7285 0.990224
0.7295 0.99105
0.7305 0.991837
0.7315 0.992585
0.7325 0.993294
0.7335 0.993963
0.7345 0.994593
0.7355 0.995184
0.7365 0.995736
0.7375 0.996248
0.7385 0.996721
0.7395 0.997155
0.7405 0.997549
0.7415 0.997904
0.7425 0.998219
0.7435 0.998496
0.7445 0.998732
0.7455 0.998929
0.7465 0.999087
0.7475 0.999206
0.7485 0.999284
0.7495 0.999324
0.7505 0.999324
0.7515 0.999284
0.7525 0.999206
0.7535 0.999087
0.7545 0.998929
0.7555 0.998732
0.7565 0.998496
0.7575 0.998219
0.7585 0.997904
0.7595 0.997549
0.7605 0.997155
0.7615 0.996721
0.7625 0.996248
0.7635 0.995736
0.7645 0.995184
0.7655 0.994593
0.7665 0.993963
0.7675 0.993294
0.7685 0.992585
0.7695 0.991837
0.7705 0.99105
0.7715 0.990224
0.7725 0.989359
0.7735 0.988455
0.7745 0.987512
0.7755 0.986529
0.7765 0.985508
0.7775 0.984448
0.7785 0.983349
0.7795 0.982211
0.7805 0.981035
0.7815 0.97982
0.7825 0.978566
0.7835 0.977273
0.7845 0.975942
0.7855 0.974572
0.7865 0.973164
0.7875 0.971717
0.7885 0.970232
0.7895 0.968709
0.7905 0.967148
0.7915 0.965548
0.7925 0.96391
0.7935 0.962234
0.7945 0.96052
0.7955 0.958769
0.7965 0.956979
0.7975 0.955152
0.7985 0.953286
0.7995 0.951384
0.8005 0.949443
0.8015 0.947466
0.8025 0.94545
0.8035 0.943398
0.8045 0.941308
0.8055 0.939181
0.8065 0.937017
0.8075 0.934816
0.8085 0.932578
0.8095 0.930304
0.8105 0.927992
0.8115 0.925644
0.8125 0.923259
0.8135 0.920838
0.8145 0.918381
0.8155 0.915887
0.8165 0.913357
0.8175 0.910792
0.8185 0.90819
0.8195 0.905552
0.8205 0.902879
0.8215 0.900169
0.8225 0.897425
0.8235 0.894645
0.8245 0.891829
0.8255 0.888979
0.8265 0.886093
0.8275 0.883172
0.8285 0.880217
0.8295 0.877227
0.8305 0.874202
0.8315 0.871142
0.8325 0.868049
0.8335 0.86492
0.8345 0.861758
0.8355 0.858562
0.8365 0.855332
0.8375 0.852068
0.8385 0.84877
0.8395 0.845439
0.8405 0.842075
0.8415 0.838677
0.8425 0.835246
0.8435 0.831783
0.8445 0.828286
0.8455 0.824757
0.8465 0.821195
0.8475 0.817601
0.8485 0.813974
0.8495 0.810315
0.8505 0.806625
0.8515 0.802902
0.8525 0.799148
0.8535 0.795362
0.8545 0.791545
0.8555 0.787697
0.8565 0.783817
0.8575 0.779907
0.8585 0.775965
0.8595 0.771993
0.8605 0.767991
0.8615 0.763958
0.8625 0.759896
0.8635 0.755803
0.8645 0.75168
0.8655 0.747528
0.8665 0.743346
0.8675 0.739135
0.8685 0.734894
0.8695 0.730625
0.8705 0.726327
0.8715 0.722
0.8725 0.717644
0.8735 0.713261
0.8745 0.708849
0.8755 0.704409
0.8765 0.699941
0.8775 0.695446
0.8785 0.690923
0.8795 0.686373
0.8805 0.681796
0.8815 0.677192
0.8825 0.672561
0.8835 0.667903
0.8845 0.66322
0.8855 0.65851
0.8865 0.653774
0.8875 0.649012
0.8885 0.644225
0.8895 0.639412
0.8905 0.634574
0.8915 0.629711
0.8925 0.624823
0.8935 0.61991
0.8945 0.614973
0.8955 0.610012
0.8965 0.605027
0.8975 0.600017
0.8985 0.594984
0.8995 0.589928
0.9005 0.584848
0.9015 0.579745
0.9025 0.574619
0.9035 0.569471
0.9045 0.5643
0.9055 0.559107
0.9065 0.553891
0.9075 0.548654
0.9085 0.543396
0.9095 0.538115
0.9105 0.532814
0.9115 0.527491
0.9125 0.522148
0.9135 0.516784
0.9145 0.5114
0.9155 0.505995
0.9165 0.50057
0.9175 0.495126
0.9185 0.489662
0.9195 0.484179
0.9205 0.478677
0.9215 0.473156
0.9225 0.467616
0.9235 0.462057
0.9245 0.456481
0.9255 0.450886
0.9265 0.445274
0.9275 0.439644
0.9285 0.433997
0.9295 0.428332
0.9305 0.422651
0.9315 0.416953
0.9325 0.411238
0.9335 0.405507
0.9345 0.399761
0.9355 0.393998
0.9365 0.38822
0.9375 0.382427
0.9385 0.376618
0.9395 0.370795
0.9405 0.364957
0.9415 0.359104
0.9425 0.353238
0.9435 0.347357
0.9445 0.341463
0.9455 0.335555
0.9465 0.329634
0.9475 0.3237
0.9485 0.317753
0.9495 0.311794
0.9505 0.305822
0.9515 0.299839
0.9525 0.293843
0.9535 0.287836
0.9545 0.281817
0.9555 0.275788
0.9565 0.269747
0.9575 0.263696
0.9585 0.257634
0.9595 0.251563
0.9605 0.245481
0.9615 0.23939
0.9625 0.233289
0.9635 0.227179
0.9645 0.22106
0.9655 0.214932
0.9665 0.208796
0.9675 0.202651
0.9685 0.196499
0.9695 0.190338
0.9705 0.184171
0.9715 0.177996
0.9725 0.171814
0.9735 0.165625
0.9745 0.15943
0.9755 0.153228
0.9765 0.14702
0.9775 0.140807
0.9785 0.134588
0.9795 0.128363
0.9805 0.122134
0.9815 0.1159
0.9825 0.109661
0.9835 0.103417
0.9845 0.0971702
0.9855 0.0909191
0.9865 0.0846645
0.9875 0.0784064
0.9885 0.0721453
0.9895 0.0658814
0.9905 0.0596148
0.9915 0.0533459
0.9925 0.0470748
0.9935 0.0408019
0.9945 0.0345275
0.9955 0.0282516
0.9965 0.0219746
0.9975 0.0156968
0.9985 0.00941831
0.9995 0.00313948

# time= 0.75
0.0005 0.00325618
0.0015 0.000299245
0.0025 0.000498728
0.0035 0.000698191
0.0045 0.000897627
0.0055 0.00109703
0.0065 0.00129639
0.0075 0.00149569
0.0085 0.00169494
0.0095 0.00189412
0.0105 0.00209322
0.0115 0.00229225
0.0125 0.00249118
0.0135 0.00269001
0.0145 0.00288874
0.0155 0.00308735
0.0165 0.00328585
0.0175 0.00348421
0.0185 0.00368243
0.0195 0.00388051
0.0205 0.00407844
0.0215 0.0042762
0.0225 0.0044738
0.0235 0.00467122
0.0245 0.00486845
0.0255 0.0050655
0.0265 0.00526234
0.0275 0.00545897
0.0285 0.00565539
0.0295 0.00585159
0.0305 0.00604755
0.0315 0.00624328
0.0325 0.00643876
0.0335 0.00663399
0.0345 0.00682895
0.0355 0.00702365
0.0365 0.00721806
0.0375 0.0074122
0.0385 0.00760603
0.0395 0.00779957
0.0405 0.00799281
0.0415 0.00818572
0.0425 0.00837831
0.0435 0.00857058
0.0445 0.0087625
0.0455 0.00895408
0.0465 0.0091453
0.0475 0.00933616
0.0485 0.00952666
0.0495 0.00971678
0.0505 0.00990651
0.0515 0.0100959
0.0525 0.0102848
0.0535 0.0104733
0.0545 0.0106615
0.0555 0.0108492
0.0565 0.0110364
0.0575 0.0112233
0.0585 0.0114097
0.0595 0.0115956
0.0605 0.0117811
0.0615 0.0119661
0.0625 0.0121507
0.0635 0.0123348
0.0645 0.0125184
0.0655 0.0127014
0.0665 0.012884
0.0675 0.0130661
0.0685 0.0132477
0.0695 0.0134287
0.0705 0.0136092
0.0715 0.0137892
0.0725 0.0139686
0.0735 0.0141475
0.0745 0.0143258
0.0755 0.0145036
0.0765 0.0146808
0.0775 0.0148574
0.0785 0.0150334
0.0795 0.0152088
0.0805 0.0153836
0.0815 0.0155579
0.0825 0.0157315
0.0835 0.0159044
0.0845 0.0160768
0.0855 0.0162485
0.0865 0.0164196
0.0875 0.01659
0.0885 0.0167598
0.0895 0.0169289
0.0905 0.0170973
0.0915 0.0172651
0.0925 0.0174322
0.0935 0.0175986
0.0945 0.0177643
0.0955 0.0179293
0.0965 0.0180936
0.0975 0.0182572
0.0985 0.01842
0.0995 0.0185822
0.1005 0.0187436
0.1015 0.0189042
0.1025 0.0190641
0.1035 0.0192233
0.1045 0.0193817
0.1055 0.0195393
0.1065 0.0196962
0.1075 0.0198523
0.1085 0.0200076
0.1095 0.0201621
0.1105 0.0203158
0.1115 0.0204687
0.1125 0.0206208
0.1135 0.0207721
0.1145 0.0209226
0.1155 0.0210722
0.1165 0.021221
0.1175 0.021369
0.1185 0.0215162
0.1195 0.0216624
0.1205 0.0218079
0.1215 0.0219524
0.1225 0.0220961
0.1235 0.022239
0.1245 0.0223809
0.1255 0.022522
0.1265 0.0226622
0.1275 0.0228014
0.1285 0.0229398
0.1295 0.0230773
0.1305 0.0232139
0.1315 0.0233495
0.1325 0.0234843
0.1335 0.0236181
0.1345 0.0237509
0.1355 0.0238829
0.1365 0.0240138
0.1375 0.0241439
0.1385 0.024273
0.1395 0.0244011
0.1405 0.0245283
0.1415 0.0246545
0.1425 0.0247797
0.1435 0.0249039
0.1445 0.0250272
0.1455 0.0251495
0.1465 0.0252707
0.1475 0.025391
0.1485 0.0255103
0.1495 0.0256286
0.1505 0.0257459
0.1515 0.0258621
0.1525 0.0259773
0.1535 0.0260915
0.1545 0.0262047
0.1555 0.0263168
0.1565 0.0264279
0.1575 0.026538
0.1585 0.026647
0.1595 0.0267549
0.1605 0.0268618
0.1615 0.0269677
0.1625 0.0270724
0.1635 0.0271761
0.1645 0.0272788
0.1655 0.0273803
0.1665 0.0274808
0.1675 0.0275802
0.1685 0.0276785
0.1695 0.0277757
0.1705 0.0278718
0.1715 0.0279668
0.1725 0.0280607
0.1735 0.0281535
0.1745 0.0282452
0.1755 0.0283358
0.1765 0.0284252
0.1775 0.0285135
0.1785 0.0286008
0.1795 0.0286868
0.1805 0.0287718
0.1815 0.0288556
0.1825 0.0289382
0.1835 0.0290198
0.1845 0.0291001
0.1855 0.0291794
0.1865 0.0292575
0.1875 0.0293344
0.1885 0.0294101
0.1895 0.0294848
0.1905 0.0295582
0.1915 0.0296305
0.1925 0.0297016
0.1935 0.0297715
0.1945 0.0298403
0.1955 0.0299078
0.1965 0.0299742
0.1975 0.0300394
0.1985 0.0301035
0.1995 0.0301663
0.2005 0.030228
0.2015 0.0302884
0.2025 0.0303477
0.2035 0.0304057
0.2045 0.0304626
0.2055 0.0305183
0.2065 0.0305727
0.2075 0.030626
0.2085 0.030678
0.2095 0.0307288
0.2105 0.0307784
0.2115 0.0308268
0.2125 0.030874
0.2135 0.03092
0.2145 0.0309647
0.2155 0.0310082
0.2165 0.0310505
0.2175 0.0310916
0.2185 0.0311314
0.2195 0.0311701
0.2205 0.0312074
0.2215 0.0312436
0.2225 0.0312785
0.2235 0.0313122
0.2245 0.0313446
0.2255 0.0313758
0.2265 0.0314058
0.2275 0.0314345
0.2285 0.031462
0.2295 0.0314883
0.2305 0.0315133
0.2315 0.031537
0.2325 0.0315596
0.2335 0.0315808
0.2345 0.0316008
0.2355 0.0316196
0.2365 0.0316371
0.2375 0.0316534
0.2385 0.0316685
0.2395 0.0316822
0.2405 0.0316948
0.2415 0.031706
0.2425 0.0317161
0.2435 0.0317248
0.2445 0.0317323
0.2455 0.0317386
0.2465 0.0317436
0.2475 0.0317474
0.2485 0.0317499
0.2495 0.0317511
0.2505 0.0317511
0.2515 0.0317499
0.2525 0.0317474
0.2535 0.0317436
0.2545 0.0317386
0.2555 0.0317323
0.2565 0.0317248
0.2575 0.0317161
0.2585 0.031706
0.2595 0.0316948
0.2605 0.0316822
0.2615 0.0316685
0.2625 0.0316534
0.2635 0.0316371
0.2645 0.0316196
0.2655 0.0316008
0.2665 0.0315808
0.2675 0.0315596
0.2685 0.031537
0.2695 0.0315133
0.2705 0.0314883
0.2715 0.031462
0.2725 0.0314345
0.2735 0.0314058
0.2745 0.0313758
0.2755 0.0313446
0.2765 0.0313122
0.2775 0.0312785
0.2785 0.0312436
0.2795 0.0312074
0.2805 0.0311701
0.2815 0.0311314
0.2825 0.0310916
0.2835 0.0310505
0.2845 0.0310082
0.2855 0.0309647
0.2865 0.03092
0.2875 0.030874
0.2885 0.0308268
0.2895 0.0307784
0.2905 0.0307288
0.2915 0.030678
0.2925 0.030626
0.2935 0.0305727
0.2945 0.0305183
0.2955 0.0304626
0.2965 0.0304057
0.2975 0.0303477
0.2985 0.0302884
0.2995 0.030228
0.3005 0.0301663
0.3015 0.0301035
0.3025 0.0300394
0.3035 0.0299742
0.3045 0.0299078
0.3055 0.0298403
0.3065 0.0297715
0.3075 0.0297016
0.3085 0.0296305
0.3095 0.0295582
0.3105 0.0294848
0.3115 0.0294101
0.3125 0.0293344
0.3135 0.0292575
0.3145 0.0291794
0.3155 0.0291001
0.3165 0.0290198
0.3175 0.0289382
0.3185 0.0288556
0.3195 0.0287718
0.3205 0.0286868
0.3215 0.0286008
0.3225 0.0285135
0.3235 0.0284252
0.3245 0.0283358
0.3255 0.0282452
0.3265 0.0281535
0.3275 0.0280607
0.3285 0.0279668
0.3295 0.0278718
0.3305 0.0277757
0.3315 0.0276785
0.3325 0.0275802
0.3335 0.0274808
0.3345 0.0273803
0.3355 0.0272788
0.3365 0.0271761
0.3375 0.0270724
0.3385 0.0269677
0.3395 0.0268618
0.3405 0.0267549
0.3415 0.026647
0.3425 0.026538
0.3435 0.0264279
0.3445 0.0263168
0.3455 0.0262047
0.3465 0.0260915
0.3475 0.0259773
0.3485 0.0258621
0.3495 0.0257459
0.3505 0.0256286
0.3515 0.0255103
0.3525 0.025391
0.3535 0.0252707
0.3545 0.0251495
0.3555 0.0250272
0.3565 0.0249039
0.3575 0.0247797
0.3585 0.0246545
0.3595 0.0245283
0.3605 0.0244011
0.3615 0.024273
0.3625 0.0241439
0.3635 0.0240138
0.3645 0.0238829
0.3655 0.0237509
0.3665 0.0236181
0.3675 0.0234843
0.3685 0.0233495
0.3695 0.0232139
0.3705 0.0230773
0.3715 0.0229398
0.3725 0.0228014
0.3735 0.0226622
0.3745 0.022522
0.3755 0.0223809
0.3765 0.022239
0.3775 0.0220961
0.3785 0.0219524
0.3795 0.0218079
0.3805 0.0216624
0.3815 0.0215162
0.3825 0.021369
0.3835 0.021221
0.3845 0.0210722
0.3855 0.0209226
0.3865 0.0207721
0.3875 0.0206208
0.3885 0.0204687
0.3895 0.0203158
0.3905 0.0201621
0.3915 0.0200076
0.3925 0.0198523
0.3935 0.0196962
0.3945 0.0195393
0.3955 0.0193817
0.3965 0.0192233
0.3975 0.0190641
0.3985 0.0189042
0.3995 0.0187436
0.4005 0.0185822
0.4015 0.01842
0.4025 0.0182572
0.4035 0.0180936
0.4045 0.0179293
0.4055 0.0177643
0.4065 0.0175986
0.4075 0.0174322
0.4085 0.0172651
0.4095 0.0170973
0.4105 0.0169289
0.4115 0.0167598
0.4125 0.01659
0.4135 0.0164196
0.4145 0.0162485
0.4155 0.0160768
0.4165 0.0159044
0.4175 0.0157315
0.4185 0.0155579
0.4195 0.0153836
0.4205 0.0152088
0.4215 0.0150334
0.4225 0.0148574
0.4235 0.0146808
0.4245 0.0145036
0.4255 0.0143258
0.4265 0.0141475
0.4275 0.0139686
0.4285 0.0137892
0.4295 0.0136092
0.4305 0.0134287
0.4315 0.0132477
0.4325 0.0130661
0.4335 0.012884
0.4345 0.0127014
0.4355 0.0125184
0.4365 0.0123348
0.4375 0.0121507
0.4385 0.0119661
0.4395 0.0117811
0.4405 0.0115956
0.4415 0.0114097
0.4425 0.0112233
0.4435 0.0110364
0.4445 0.0108492
0.4455 0.0106615
0.4465 0.0104733
0.4475 0.0102848
0.4485 0.0100959
0.4495 0.00990651
0.4505 0.00971678
0.4515 0.00952666
0.4525 0.00933616
0.4535 0.0091453
0.4545 0.00895408
0.4555 0.0087625
0.4565 0.00857058
0.4575 0.00837831
0.4585 0.00818572
0.4595 0.00799281
0.4605 0.00779957
0.4615 0.00760603
0.4625 0.0074122
0.4635 0.00721806
0.4645 0.00702365
0.4655 0.00682895
0.4665 0.00663399
0.4675 0.00643876
0.4685 0.00624328
0.4695 0.00604755
0.4705 0.00585159
0.4715 0.00565539
0.4725 0.00545897
0.4735 0.00526234
0.4745 0.0050655
0.4755 0.00486845
0.4765 0.00467122
0.4775 0.0044738
0.4785 0.0042762
0.4795 0.00407844
0.4805 0.00388051
0.4815 0.00368243
0.4825 0.00348421
0.4835 0.00328585
0.4845 0.00308735
0.4855 0.00288874
0.4865 0.00269001
0.4875 0.00249118
0.4885 0.00229225
0.4895 0.00209322
0.4905 0.00189412
0.4915 0.00169494
0.4925 0.00149569
0.4935 0.00129639
0.4945 0.00109703
0.4955 0.000897627
0.4965 0.000698191
0.4975 0.000498728
0.4985 0.000299245
0.4995 9.97495e-05
0.5005 -9.97495e-05
0.5015 -0.000299245
0.5025 -0.000498728
0.5035 -0.000698191
0.5045 -0.000897627
0.5055 -0.00109703
0.5065 -0.00129639
0.5075 -0.00149569
0.5085 -0.00169494
0.5095 -0.00189412
0.5105 -0.00209322
0.5115 -0.00229225
0.5125 -0.00249118
0.5135 -0.00269001
0.5145 -0.00288874
0.5155 -0.00308735
0.5165 -0.00328585
0.5175 -0.00348421
0.5185 -0.00368243
0.5195 -0.00388051
0.5205 -0.00407844
0.5215 -0.0042762
0.5225 -0.0044738
0.5235 -0.00467122
0.5245 -0.00486845
0.5255 -0.0050655
0.5265 -0.00526234
0.5275 -0.00545897
0.5285 -0.00565539
0.5295 -0.00585159
0.5305 -0.00604755
0.5315 -0.00624328
0.5325 -0.00643876
0.5335 -0.00663399
0.5345 -0.00682895
0.5355 -0.00702365
0.5365 -0.00721806
0.5375 -0.0074122
0.5385 -0.00760603
0.5395 -0.00779957
0.5405 -0.00799281
0.5415 -0.00818572
0.5425 -0.00837831
0.5435 -0.00857058
0.5445 -0.0087625
0.5455 -0.00895408
0.5465 -0.0091453
0.5475 -0.00933616
0.5485 -0.00952666
0.5495 -0.00971678
0.5505 -0.00990651
0.5515 -0.0100959
0.5525 -0.0102848
0.5535 -0.0104733
0.5545 -0.0106615
0.5555 -0.0108492
0.5565 -0.0110364
0.5575 -0.0112233
0.5585 -0.0114097
0.5595 -0.0115956
0.5605 -0.0117811
0.5615 -0.0119661
0.5625 -0.0121507
0.5635 -0.0123348
0.5645 -0.0125184
0.5655 -0.0127014
0.5665 -0.012884
0.5675 -0.0130661
0.5685 -0.0132477
0.5695 -0.0134287
0.5705 -0.0136092
0.5715 -0.0137892
0.5725 -0.0139686
0.5735 -0.0141475
0.5745 -0.0143258
0.5755 -0.0145036
0.5765 -0.0146808
0.5775 -0.0148574
0.5785 -0.0150334
0.5795 -0.0152088
0.5805 -0.0153836
0.5815 -0.0155579
0.5825 -0.0157315
0.5835 -0.0159044
0.5845 -0.0160768
0.5855 -0.0162485
0.5865 -0.0164196
0.5875 -0.01659
0.5885 -0.0167598
0.5895 -0.0169289
0.5905 -0.0170973
0.5915 -0.0172651
0.5925 -0.0174322
0.5935 -0.0175986
0.5945 -0.0177643
0.5955 -0.0179293
0.5965 -0.0180936
0.5975 -0.0182572
0.5985 -0.01842
0.5995 -0.0185822
0.6005 -0.0187436
0.6015 -0.0189042
0.6025 -0.0190641
0.6035 -0.0192233
0.6045 -0.0193817
0.6055 -0.0195393
0.6065 -0.0196962
0.6075 -0.0198523
0.6085 -0.0200076
0.6095 -0.0201621
0.6105 -0.0203158
0.6115 -0.0204687
0.6125 -0.0206208
0.6135 -0.0207721
0.6145 -0.0209226
0.6155 -0.0210722
0.6165 -0.021221
0.6175 -0.021369
0.6185 -0.0215162
0.6195 -0.0216624
0.6205 -0.0218079
0.6215 -0.0219524
0.6225 -0.0220961
0.6235 -0.022239
0.6245 -0.0223809
0.6255 -0.022522
0.6265 -0.0226622
0.6275 -0.0228014
0.6285 -0.0229398
0.6295 -0.0230773
0.6305 -0.0232139
0.6315 -0.0233495
0.6325 -0.0234843
0.6335 -0.0236181
0.6345 -0.0237509
0.6355 -0.0238829
0.6365 -0.0240138
0.6375 -0.0241439
0.6385 -0.024273
0.6395 -0.0244011
0.6405 -0.0245283
0.6415 -0.0246545
0.6425 -0.0247797
0.6435 -0.0249039
0.6445 -0.0250272
0.6455 -0.0251495
0.6465 -0.0252707
0.6475 -0.025391
0.6485 -0.0255103
0.6495 -0.0256286
0.6505 -0.0257459
0.6515 -0.0258621
0.6525 -0.0259773
0.6535 -0.0260915
0.6545 -0.0262047
0.6555 -0.0263168
0.6565 -0.0264279
0.6575 -0.026538
0.6585 -0.026647
0.6595 -0.0267549
0.6605 -0.0268618
0.6615 -0.0269677
0.6625 -0.0270724
0.6635 -0.0271761
0.6645 -0.0272788
0.6655 -0.0273803
0.6665 -0.0274808
0.6675 -0.0275802
0.6685 -0.0276785
0.6695 -0.0277757
0.6705 -0.0278718
0.6715 -0.0279668
0.6725 -0.0280607
0.6735 -0.0281535
0.6745 -0.0282452
0.6755 -0.0283358
0.6765 -0.0284252
0.6775 -0.0285135
0.6785 -0.0286008
0.6795 -0.0286868
0.6805 -0.0287718
0.6815 -0.0288556
0.6825 -0.0289382
0.6835 -0.0290198
0.6845 -0.0291001
0.6855 -0.0291794
0.6865 -0.0292575
0.6875 -0.0293344
0.6885 -0.0294101
0.6895 -0.0294848
0.6905 -0.0295582
0.6915 -0.0296305
0.6925 -0.0297016
0.6935 -0.0297715
0.6945 -0.0298403
0.6955 -0.0299078
0.6965 -0.0299742
0.6975 -0.0300394
0.6985 -0.0301035
0.6995 -0.0301663
0.7005 -0.030228
0.7015 -0.0302884
0.7025 -0.0303477
0.7035 -0.0304057
0.7045 -0.0304626
0.7055 -0.0305183
0.7065 -0.0305727
0.7075 -0.030626
0.7085 -0.030678
0.7095 -0.0307288
0.7105 -0.0307784
0.7115 -0.0308268
0.7125 -0.030874
0.7135 -0.03092
0.7145 -0.0309647
0.7155 -0.0310082
0.7165 -0.0310505
0.7175 -0.0310916
0.7185 -0.0311314
0.7195 -0.0311701
0.7205 -0.0312074
0.7215 -0.0312436
0.7225 -0.0312785
0.7235 -0.0313122
0.7245 -0.0313446
0.7255 -0.0313758
0.7265 -0.0314058
0.7275 -0.0314345
0.7285 -0.031462
0.7295 -0.0314883
0.7305 -0.0315133
0.7315 -0.031537
0.7325 -0.0315596
0.7335 -0.0315808
0.7345 -0.0316008
0.7355 -0.0316196
0.7365 -0.0316371
0.7375 -0.0316534
0.7385 -0.0316685
0.7395 -0.0316822
0.7405 -0.0316948
0.7415 -0.031706
0.7425 -0.0317161
0.7435 -0.0317248
0.7445 -0.0317323
0.7455 -0.0317386
0.7465 -0.0317436
0.7475 -0.0317474
0.7485 -0.0317499
0.7495 -0.0317511
0.7505 -0.0317511
0.7515 -0.0317499
0.7525 -0.0317474
0.7535 -0.0317436
0.7545 -0.0317386
0.7555 -0.0317323
0.7565 -0.0317248
0.7575 -0.0317161
0.7585 -0.031706
0.7595 -0.0316948
0.7605 -0.0316822
0.7615 -0.0316685
0.7625 -0.0316534
0.7635 -0.0316371
0.7645 -0.0316196
0.7655 -0.0316008
0.7665 -0.0315808
0.7675 -0.0315596
0.7685 -0.031537
0.7695 -0.0315133
0.7705 -0.0314883
0.7715 -0.031462
0.7725 -0.0314345
0.7735 -0.0314058
0.7745 -0.0313758
0.7755 -0.0313446
0.7765 -0.0313122
0.7775 -0.0312785
0.7785 -0.0312436
0.7795 -0.0312074
0.7805 -0.0311701
0.7815 -0.0311314
0.7825 -0.0310916
0.7835 -0.0310505
0.7845 -0.0310082
0.7855 -0.0309647
0.7865 -0.03092
0.7875 -0.030874
0.7885 -0.0308268
0.7895 -0.0307784
0.7905 -0.0307288
0.7915 -0.030678
0.7925 -0.030626
0.7935 -0.0305727
0.7945 -0.0305183
0.7955 -0.0304626
0.7965 -0.0304057
0.7975 -0.0303477
0.7985 -0.0302884
0.7995 -0.030228
0.8005 -0.0301663
0.8015 -0.0301035
0.8025 -0.0300394
0.8035 -0.0299742
0.8045 -0.0299078
0.8055 -0.0298403
0.8065 -0.0297715
0.8075 -0.0297016
0.8085 -0.0296305
0.8095 -0.0295582
0.8105 -0.0294848
0.8115 -0.0294101
0.8125 -0.0293344
0.8135 -0.0292575
0.8145 -0.0291794
0.8155 -0.0291001
0.8165 -0.0290198
0.8175 -0.0289382
0.8185 -0.0288556
0.8195 -0.0287718
0.8205 -0.0286868
0.8215 -0.0286008
0.8225 -0.0285135
0.8235 -0.0284252
0.8245 -0.0283358
0.8255 -0.0282452
0.8265 -0.0281535
0.8275 -0.0280607
0.8285 -0.0279668
0.8295 -0.0278718
0.8305 -0.0277757
0.8315 -0.0276785
0.8325 -0.0275802
0.8335 -0.0274808
0.8345 -0.0273803
0.8355 -0.0272788
0.8365 -0.0271761
0.8375 -0.0270724
0.8385 -0.0269677
0.8395 -0.0268618
0.8405 -0.0267549
0.8415 -0.026647
0.8425 -0.026538
0.8435 -0.0264279
0.8445 -0.0263168
0.8455 -0.0262047
0.8465 -0.0260915
0.8475 -0.0259773
0.8485 -0.0258621
0.8495 -0.0257459
0.8505 -0.0256286
0.8515 -0.0255103
0.8525 -0.025391
0.8535 -0.0252707
0.8545 -0.0251495
0.8555 -0.0250272
0.8565 -0.0249039
0.8575 -0.0247797
0.8585 -0.0246545
0.8595 -0.0245283
0.8605 -0.0244011
0.8615 -0.024273
0.8625 -0.0241439
0.8635 -0.0240138
0.8645 -0.0238829
0.8655 -0.0237509
0.8665 -0.0236181
0.8675 -0.0234843
0.8685 -0.0233495
0.8695 -0.0232139
0.8705 -0.0230773
0.8715 -0.0229398
0.8725 -0.0228014
0.8735 -0.0226622
0.8745 -0.022522
0.8755 -0.0223809
0.8765 -0.022239
0.8775 -0.0220961
0.8785 -0.0219524
0.8795 -0.0218079
0.8805 -0.0216624
0.8815 -0.0215162
0.8825 -0.021369
0.8835 -0.021221
0.8845 -0.0210722
0.8855 -0.0209226
0.8865 -0.0207721
0.8875 -0.0206208
0.8885 -0.0204687
0.8895 -0.0203158
0.8905 -0.0201621
0.8915 -0.0200076
0.8925 -0.0198523
0.8935 -0.0196962
0.8945 -0.0195393
0.8955 -0.0193817
0.8965 -0.0192233
0.8975 -0.0190641
0.8985 -0.0189042
0.8995 -0.0187436
0.9005 -0.0185822
0.9015 -0.01842
0.9025 -0.0182572
0.9035 -0.0180936
0.9045 -0.0179293
0.9055 -0.0177643
0.9065 -0.0175986
0.9075 -0.0174322
0.9085 -0.0172651
0.9095 -0.0170973
0.9105 -0.0169289
0.9115 -0.0167598
0.9125 -0.01659
0.9135 -0.0164196
0.9145 -0.0162485
0.9155 -0.0160768
0.9165 -0.0159044
0.9175 -0.0157315
0.9185 -0.0155579
0.9195 -0.0153836
0.9205 -0.0152088
0.9215 -0.0150334
0.9225 -0.0148574
0.9235 -0.0146808
0.9245 -0.0145036
0.9255 -0.0143258
0.9265 -0.0141475
0.9275 -0.0139686
0.9285 -0.0137892
0.9295 -0.0136092
0.9305 -0.0134287
0.9315 -0.0132477
0.9325 -0.0130661
0.9335 -0.012884
0.9345 -0.0127014
0.9355 -0.0125184
0.9365 -0.0123348
0.9375 -0.0121507
0.9385 -0.0119661
0.9395 -0.0117811
0.9405 -0.0115956
0.9415 -0.0114097
0.9425 -0.0112233
0.9435 -0.0110364
0.9445 -0.0108492
0.9455 -0.0106615
0.9465 -0.0104733
0.9475 -0.0102848
0.9485 -0.0100959
0.9495 -0.00990651
0.9505 -0.00971678
0.9515 -0.00952666
0.9525 -0.00933616
0.9535 -0.0091453
0.9545 -0.00895408
0.9555 -0.0087625
0.9565 -0.00857058
0.9575 -0.00837831
0.9585 -0.00818572
0.9595 -0.00799281
0.9605 -0.00779957
0.9615 -0.00760603
0.9625 -0.0074122
0.9635 -0.00721806
0.9645 -0.00702365
0.9655 -0.00682895
0.9665 -0.00663399
0.9675 -0.00643876
0.9685 -0.00624328
0.9695 -0.00604755
0.9705 -0.00585159
0.9715 -0.00565539
0.9725 -0.00545897
0.9735 -0.00526234
0.9745 -0.0050655
0.9755 -0.00486845
0.9765 -0.00467122
0.9775 -0.0044738
0.9785 -0.0042762
0.9795 -0.00407844
0.9805 -0.00388051
0.9815 -0.00368243
0.9825 -0.00348421
0.9835 -0.00328585
0.9845 -0.00308735
0.9855 -0.00288874
0.9865 -0.00269001
0.9875 -0.00249118
0.9885 -0.00229225
0.9895 -0.00209322
0.9905 -0.00189412
0.9915 -0.00169494
0.9925 -0.00149569
0.9935 -0.00129639
0.9945 -0.00109703
0.9955 -0.000897627
0.9965 -0.000698191
0.9975 -0.000498728
0.9985 -0.000299245
0.9995 -9.97495e-05

# time= 1
0.0005 -0.00314422
0.0015 0.00942464
0.0025 0.0157073
0.0035 0.0219894
0.0045 0.0282706
0.0055 0.0345506
0.0065 0.0408294
0.0075 0.0471065
0.0085 0.0533817
0.0095 0.0596548
0.0105 0.0659256
0.0115 0.0721938
0.0125 0.0784591
0.0135 0.0847213
0.0145 0.0909802
0.0155 0.0972355
0.0165 0.103487
0.0175 0.109734
0.0185 0.115977
0.0195 0.122216
0.0205 0.128449
0.0215 0.134678
0.0225 0.140901
0.0235 0.147119
0.0245 0.153331
0.0255 0.159537
0.0265 0.165736
0.0275 0.171929
0.0285 0.178115
0.0295 0.184294
0.0305 0.190466
0.0315 0.196631
0.0325 0.202787
0.0335 0.208936
0.0345 0.215076
0.0355 0.221208
0.0365 0.227331
0.0375 0.233445
0.0385 0.23955
0.0395 0.245646
0.0405 0.251732
0.0415 0.257807
0.0425 0.263873
0.0435 0.269928
0.0445 0.275973
0.0455 0.282007
0.0465 0.288029
0.0475 0.29404
0.0485 0.30004
0.0495 0.306028
0.0505 0.312003
0.0515 0.317967
0.0525 0.323917
0.0535 0.329855
0.0545 0.33578
0.0555 0.341692
0.0565 0.34759
0.0575 0.353475
0.0585 0.359345
0.0595 0.365202
0.0605 0.371044
0.0615 0.376871
0.0625 0.382683
0.0635 0.388481
0.0645 0.394263
0.0655 0.400029
0.0665 0.40578
0.0675 0.411514
0.0685 0.417233
0.0695 0.422935
0.0705 0.42862
0.0715 0.434288
0.0725 0.439939
0.0735 0.445573
0.0745 0.451189
0.0755 0.456787
0.0765 0.462368
0.0775 0.46793
0.0785 0.473473
0.0795 0.478998
0.0805 0.484504
0.0815 0.489991
0.0825 0.495459
0.0835 0.500907
0.0845 0.506335
0.0855 0.511743
0.0865 0.517131
0.0875 0.522499
0.0885 0.527846
0.0895 0.533172
0.0905 0.538477
0.0915 0.54376
0.0925 0.549023
0.0935 0.554263
0.0945 0.559482
0.0955 0.564679
0.0965 0.569853
0.0975 0.575005
0.0985 0.580134
0.0995 0.585241
0.1005 0.590324
0.1015 0.595384
0.1025 0.60042
0.1035 0.605433
0.1045 0.610422
0.1055 0.615386
0.1065 0.620327
0.1075 0.625243
0.1085 0.630134
0.1095 0.635
0.1105 0.639841
0.1115 0.644657
0.1125 0.649448
0.1135 0.654213
0.1145 0.658952
0.1155 0.663665
0.1165 0.668352
0.1175 0.673013
0.1185 0.677646
0.1195 0.682254
0.1205 0.686834
0.1215 0.691387
0.1225 0.695913
0.1235 0.700411
0.1245 0.704882
0.1255 0.709325
0.1265 0.71374
0.1275 0.718126
0.1285 0.722485
0.1295 0.726814
0.1305 0.731116
0.1315 0.735388
0.1325 0.739631
0.1335 0.743845
0.1345 0.74803
0.1355 0.752185
0.1365 0.75631
0.1375 0.760406
0.1385 0.764472
0.1395 0.768507
0.1405 0.772512
0.1415 0.776487
0.1425 0.78043
0.1435 0.784343
0.1445 0.788226
0.1455 0.792077
0.1465 0.795896
0.1475 0.799685
0.1485 0.803441
0.1495 0.807166
0.1505 0.81086
0.1515 0.814521
0.1525 0.81815
0.1535 0.821746
0.1545 0.825311
0.1555 0.828842
0.1565 0.832341
0.1575 0.835807
0.1585 0.83924
0.1595 0.84264
0.1605 0.846007
0.1615 0.84934
0.1625 0.85264
0.1635 0.855906
0.1645 0.859139
0.1655 0.862337
0.1665 0.865501
0.1675 0.868632
0.1685 0.871727
0.1695 0.874789
0.1705 0.877816
0.1715 0.880808
0.1725 0.883766
0.1735 0.886688
0.1745 0.889576
0.1755 0.892428
0.1765 0.895246
0.1775 0.898028
0.1785 0.900774
0.1795 0.903485
0.1805 0.90616
0.1815 0.9088
0.1825 0.911403
0.1835 0.913971
0.1845 0.916502
0.1855 0.918998
0.1865 0.921457
0.1875 0.92388
0.1885 0.926266
0.1895 0.928615
0.1905 0.930928
0.1915 0.933205
0.1925 0.935444
0.1935 0.937646
0.1945 0.939812
0.1955 0.94194
0.1965 0.944031
0.1975 0.946085
0.1985 0.948102
0.1995 0.950081
0.2005 0.952023
0.2015 0.953927
0.2025 0.955793
0.2035 0.957622
0.2045 0.959412
0.2055 0.961165
0.2065 0.96288
0.2075 0.964557
0.2085 0.966196
0.2095 0.967797
0.2105 0.96936
0.2115 0.970884
0.2125 0.97237
0.2135 0.973817
0.2145 0.975227
0.2155 0.976597
0.2165 0.977929
0.2175 0.979223
0.2185 0.980478
0.2195 0.981694
0.2205 0.982871
0.2215 0.98401
0.2225 0.985109
0.2235 0.98617
0.2245 0.987192
0.2255 0.988175
0.2265 0.989119
0.2275 0.990024
0.2285 0.990889
0.2295 0.991716
0.2305 0.992504
0.2315 0.993252
0.2325 0.993961
0.2335 0.994631
0.2345 0.995261
0.2355 0.995853
0.2365 0.996405
0.2375 0.996917
0.2385 0.997391
0.2395 0.997825
0.2405 0.998219
0.2415 0.998574
0.2425 0.99889
0.2435 0.999166
0.2445 0.999403
0.2455 0.9996
0.2465 0.999758
0.2475 0.999877
0.2485 0.999956
0.2495 0.999995
0.2505 0.999995
0.2515 0.999956
0.2525 0.999877
0.2535 0.999758
0.2545 0.9996
0.2555 0.999403
0.2565 0.999166
0.2575 0.99889
0.2585 0.998574
0.2595 0.998219
0.2605 0.997825
0.2615 0.997391
0.2625 0.996917
0.2635 0.996405
0.2645 0.995853
0.2655 0.995261
0.2665 0.994631
0.2675 0.993961
0.2685 0.993252
0.2695 0.992504
0.2705 0.991716
0.2715 0.990889
0.2725 0.990024
0.2735 0.989119
0.2745 0.988175
0.2755 0.987192
0.2765 0.98617
0.2775 0.985109
0.2785 0.98401
0.2795 0.982871
0.2805 0.981694
0.2815 0.980478
0.2825 0.979223
0.2835 0.977929
0.2845 0.976597
0.2855 0.975227
0.2865 0.973817
0.2875 0.97237
0.2885 0.970884
0.2895 0.96936
0.2905 0.967797
0.2915 0.966196
0.2925 0.964557
0.2935 0.96288
0.2945 0.961165
0.2955 0.959412
0.2965 0.957622
0.2975 0.955793
0.2985 0.953927
0.2995 0.952023
0.3005 0.950081
0.3015 0.948102
0.3025 0.946085
0.3035 0.944031
0.3045 0.94194
0.3055 0.939812
0.3065 0.937646
0.3075 0.935444
0.3085 0.933205
0.3095 0.930928
0.3105 0.928615
0.3115 0.926266
0.3125 0.92388
0.3135 0.921457
0.3145 0.918998
0.3155 0.916502
0.3165 0.913971
0.3175 0.911403
0.3185 0.9088
0.3195 0.90616
0.3205 0.903485
0.3215 0.900774
0.3225 0.898028
0.3235 0.895246
0.3245 0.892428
0.3255 0.889576
0.3265 0.886688
0.3275 0.883766
0.3285 0.880808
0.3295 0.877816
0.3305 0.874789
0.3315 0.871727
0.3325 0.868632
0.3335 0.865501
0.3345 0.862337
0.3355 0.859139
0.3365 0.855906
0.3375 0.85264
0.3385 0.84934
0.3395 0.846007
0.3405 0.84264
0.3415 0.83924
0.3425 0.835807
0.3435 0.832341
0.3445 0.828842
0.3455 0.825311
0.3465 0.821746
0.3475 0.81815
0.3485 0.814521
0.3495 0.81086
0.3505 0.807166
0.3515 0.803441
0.3525 0.799685
0.3535 0.795896
0.3545 0.792077
0.3555 0.788226
0.3565 0.784343
0.3575 0.78043
0.3585 0.776487
0.3595 0.772512
0.3605 0.768507
0.3615 0.764472
0.3625 0.760406
0.3635 0.75631
0.3645 0.752185
0.3655 0.74803
0.3665 0.743845
0.3675 0.739631
0.3685 0.735388
0.3695 0.731116
0.3705 0.726814
0.3715 0.722485
0.3725 0.718126
0.3735 0.71374
0.3745 0.709325
0.3755 0.704882
0.3765 0.700411
0.3775 0.695913
0.3785 0.691387
0.3795 0.686834
0.3805 0.682254
0.3815 0.677646
0.3825 0.673013
0.3835 0.668352
0.3845 0.663665
0.3855 0.658952
0.3865 0.654213
0.3875 0.649448
0.3885 0.644657
0.3895 0.639841
0.3905 0.635
0.3915 0.630134
0.3925 0.625243
0.3935 0.620327
0.3945 0.615386
0.3955 0.610422
0.3965 0.605433
0.3975 0.60042
0.3985 0.595384
0.3995 0.590324
0.4005 0.585241
0.4015 0.580134
0.4025 0.575005
0.4035 0.569853
0.4045 0.564679
0.4055 0.559482
0.4065 0.554263
0.4075 0.549023
0.4085 0.54376
0.4095 0.538477
0.4105 0.533172
0.4115 0.527846
0.4125 0.522499
0.4135 0.517131
0.4145 0.511743
0.4155 0.506335
0.4165 0.500907
0.4175 0.495459
0.4185 0.489991
0.4195 0.484504
0.4205 0.478998
0.4215 0.473473
0.4225 0.46793
0.4235 0.462368
0.4245 0.456787
0.4255 0.451189
0.4265 0.445573
0.4275 0.439939
0.4285 0.434288
0.4295 0.42862
0.4305 0.422935
0.4315 0.417233
0.4325 0.411514
0.4335 0.40578
0.4345 0.400029
0.4355 0.394263
0.4365 0.388481
0.4375 0.382683
0.4385 0.376871
0.4395 0.371044
0.4405 0.365202
0.4415 0.359345
0.4425 0.353475
0.4435 0.34759
0.4445 0.341692
0.4455 0.33578
0.4465 0.329855
0.4475 0.323917
0.4485 0.317967
0.4495 0.312003
0.4505 0.306028
0.4515 0.30004
0.4525 0.29404
0.4535 0.288029
0.4545 0.282007
0.4555 0.275973
0.4565 0.269928
0.4575 0.263873
0.4585 0.257807
0.4595 0.251732
0.4605 0.245646
0.4615 0.23955
0.4625 0.233445
0.4635 0.227331
0.4645 0.221208
0.4655 0.215076
0.4665 0.208936
0.4675 0.202787
0.4685 0.196631
0.4695 0.190466
0.4705 0.184294
0.4715 0.178115
0.4725 0.171929
0.4735 0.165736
0.4745 0.159537
0.4755 0.153331
0.4765 0.147119
0.4775 0.140901
0.4785 0.134678
0.4795 0.128449
0.4805 0.122216
0.4815 0.115977
0.4825 0.109734
0.4835 0.103487
0.4845 0.0972355
0.4855 0.0909802
0.4865 0.0847213
0.4875 0.0784591
0.4885 0.0721938
0.4895 0.0659256
0.4905 0.0596548
0.4915 0.0533817
0.4925 0.0471065
0.4935 0.0408294
0.4945 0.0345506
0.4955 0.0282706
0.4965 0.0219894
0.4975 0.0157073
0.4985 0.00942464
0.4995 0.00314159
0.5005 -0.00314159
0.5015 -0.00942464
0.5025 -0.0157073
0.5035 -0.0219894
0.5045 -0.0282706
0.5055 -0.0345506
0.5065 -0.0408294
0.5075 -0.0471065
0.5085 -0.0533817
0.5095 -0.0596548
0.5105 -0.0659256
0.5115 -0.0721938
0.5125 -0.0784591
0.5135 -0.0847213
0.5145 -0.0909802
0.5155 -0.0972355
0.5165 -0.103487
0.5175 -0.109734
0.5185 -0.115977
0.5195 -0.122216
0.5205 -0.128449
0.5215 -0.134678
0.5225 -0.140901
0.5235 -0.147119
0.5245 -0.153331
0.5255 -0.159537
0.5265 -0.165736
0.5275 -0.171929
0.5285 -0.178115
0.5295 -0.184294
0.5305 -0.190466
0.5315 -0.196631
0.5325 -0.202787
0.5335 -0.208936
0.5345 -0.215076
0.5355 -0.221208
0.5365 -0.227331
0.5375 -0.233445
0.5385 -0.23955
0.5395 -0.245646
0.5405 -0.251732
0.5415 -0.257807
0.5425 -0.263873
0.5435 -0.269928
0.5445 -0.275973
0.5455 -0.282007
0.5465 -0.288029
0.5475 -0.29404
0.5485 -0.30004
0.5495 -0.306028
0.5505 -0.312003
0.5515 -0.317967
0.5525 -0.323917
0.5535 -0.329855
0.5545 -0.33578
0.5555 -0.341692
0.5565 -0.34759
0.5575 -0.353475
0.5585 -0.359345
0.5595 -0.365202
0.5605 -0.371044
0.5615 -0.376871
0.5625 -0.382683
0.5635 -0.388481
0.5645 -0.394263
0.5655 -0.400029
0.5665 -0.40578
0.5675 -0.411514
0.5685 -0.417233
0.5695 -0.422935
0.5705 -0.42862
0.5715 -0.434288
0.5725 -0.439939
0.5735 -0.445573
0.5745 -0.451189
0.5755 -0.456787
0.5765 -0.462368
0.5775 -0.46793
0.5785 -0.473473
0.5795 -0.478998
0.5805 -0.484504
0.5815 -0.489991
0.5825 -0.495459
0.5835 -0.500907
0.5845 -0.506335
0.5855 -0.511743
0.5865 -0.517131
0.5875 -0.522499
0.5885 -0.527846
0.5895 -0.533172
0.5905 -0.538477
0.5915 -0.54376
0.5925 -0.549023
0.5935 -0.554263
0.5945 -0.559482
0.5955 -0.564679
0.5965 -0.569853
0.5975 -0.575005
0.5985 -0.580134
0.5995 -0.585241
0.6005 -0.590324
0.6015 -0.595384
0.6025 -0.60042
0.6035 -0.605433
0.6045 -0.610422
0.6055 -0.615386
0.6065 -0.620327
0.6075 -0.625243
0.6085 -0.630134
0.6095 -0.635
0.6105 -0.639841
0.6115 -0.644657
0.6125 -0.649448
0.6135 -0.654213
0.6145 -0.658952
0.6155 -0.663665
0.6165 -0.668352
0.6175 -0.673013
0.6185 -0.677646
0.6195 -0.682254
0.6205 -0.686834
0.6215 -0.691387
0.6225 -0.695913
0.6235 -0.700411
0.6245 -0.704882
0.6255 -0.709325
0.6265 -0.71374
0.6275 -0.718126
0.6285 -0.722485
0.6295 -0.726814
0.6305 -0.731116
0.6315 -0.735388
0.6325 -0.739631
0.6335 -0.743845
0.6345 -0.74803
0.6355 -0.752185
0.6365 -0.75631
0.6375 -0.760406
0.6385 -0.764472
0.6395 -0.768507
0.6405 -0.772512
0.6415 -0.776487
0.6425 -0.78043
0.6435 -0.784343
0.6445 -0.788226
0.6455 -0.792077
0.6465 -0.795896
0.6475 -0.799685
0.6485 -0.803441
0.6495 -0.807166
0.6505 -0.81086
0.6515 -0.814521
0.6525 -0.81815
0.6535 -0.821746
0.6545 -0.825311
0.6555 -0.828842
0.6565 -0.832341
0.6575 -0.835807
0.6585 -0.83924
0.6595 -0.84264
0.6605 -0.846007
0.6615 -0.84934
0.6625 -0.85264
0.6635 -0.855906
0.6645 -0.859139
0.6655 -0.862337
0.6665 -0.865501
0.6675 -0.868632
0.6685 -0.871727
0.6695 -0.874789
0.6705 -0.877816
0.6715 -0.880808
0.6725 -0.883766
0.6735 -0.886688
0.6745 -0.889576
0.6755 -0.892428
0.6765 -0.895246
0.6775 -0.898028
0.6785 -0.900774
0.6795 -0.903485
0.6805 -0.90616
0.6815 -0.9088
0.6825 -0.911403
0.6835 -0.913971
0.6845 -0.916502
0.6855 -0.918998
0.6865 -0.921457
0.6875 -0.92388
0.6885 -0.926266
0.6895 -0.928615
0.6905 -0.930928
0.6915 -0.933205
0.6925 -0.935444
0.6935 -0.937646
0.6945 -0.939812
0.6955 -0.94194
0.6965 -0.944031
0.6975 -0.946085
0.6985 -0.948102
0.6995 -0.950081
0.7005 -0.952023
0.7015 -0.953927
0.7025 -0.955793
0.7035 -0.957622
0.7045 -0.959412
0.7055 -0.961165
0.7065 -0.96288
0.7075 -0.964557
0.7085 -0.966196
0.7095 -0.967797
0.7105 -0.96936
0.7115 -0.970884
0.7125 -0.97237
0.7135 -0.973817
0.7145 -0.975227
0.7155 -0.976597
0.7165 -0.977929
0.7175 -0.979223
0.7185 -0.980478
0.7195 -0.981694
0.7205 -0.982871
0.7215 -0.98401
0.7225 -0.985109
0.7235 -0.98617
0.7245 -0.987192
0.7255 -0.988175
0.7265 -0.989119
0.7275 -0.990024
0.7285 -0.990889
0.7295 -0.991716
0.7305 -0.992504
0.7315 -0.993252
0.7325 -0.993961
0.7335 -0.994631
0.7345 -0.995261
0.7355 -0.995853
0.7365 -0.996405
0.7375 -0.996917
0.7385 -0.997391
0.7395 -0.997825
0.7405 -0.998219
0.7415 -0.998574
0.7425 -0.99889
0.7435 -0.999166
0.7445 -0.999403
0.7455 -0.9996
0.7465 -0.999758
0.7475 -0.999877
0.7485 -0.999956
0.7495 -0.999995
0.7505 -0.999995
0.7515 -0.999956
0.7525 -0.999877
0.7535 -0.999758
0.7545 -0.9996
0.7555 -0.999403
0.7565 -0.999166
0.7575 -0.99889
0.7585 -0.998574
0.7595 -0.998219
0.7605 -0.997825
0.7615 -0.997391
0.7625 -0.996917
0.7635 -0.996405
0.7645 -0.995853
0.7655 -0.995261
0.7665 -0.994631
0.7675 -0.993961
0.7685 -0.993252
0.7695 -0.992504
0.7705 -0.991716
0.7715 -0.990889
0.7725 -0.990024
0.7735 -0.989119
0.7745 -0.988175
0.7755 -0.987192
0.7765 -0.98617
0.7775 -0.985109
0.7785 -0.98401
0.7795 -0.982871
0.7805 -0.981694
0.7815 -0.980478
0.7825 -0.979223
0.7835 -0.977929
0.7845 -0.976597
0.7855 -0.975227
0.7865 -0.973817
0.7875 -0.97237
0.7885 -0.970884
0.7895 -0.96936
0.7905 -0.967797
0.7915 -0.966196
0.7925 -0.964557
0.7935 -0.96288
0.7945 -0.961165
0.7955 -0.959412
0.7965 -0.957622
0.7975 -0.955793
0.7985 -0.953927
0.7995 -0.952023
0.8005 -0.950081
0.8015 -0.948102
0.8025 -0.946085
0.8035 -0.944031
0.8045 -0.94194
0.8055 -0.939812
0.8065 -0.937646
0.8075 -0.935444
0.8085 -0.933205
0.8095 -0.930928
0.8105 -0.928615
0.8115 -0.926266
0.8125 -0.92388
0.8135 -0.921457
0.8145 -0.918998
0.8155 -0.916502
0.8165 -0.913971
0.8175 -0.911403
0.8185 -0.9088
0.8195 -0.90616
0.8205 -0.903485
0.8215 -0.900774
0.8225 -0.898028
0.8235 -0.895246
0.8245 -0.892428
0.8255 -0.889576
0.8265 -0.886688
0.8275 -0.883766
0.8285 -0.880808
0.8295 -0.877816
0.8305 -0.874789
0.8315 -0.871727
0.8325 -0.868632
0.8335 -0.865501
0.8345 -0.862337
0.8355 -0.859139
0.8365 -0.855906
0.8375 -0.85264
0.8385 -0.84934
0.8395 -0.846007
0.8405 -0.84264
0.8415 -0.83924
0.8425 -0.835807
0.8435 -0.832341
0.8445 -0.828842
0.8455 -0.825311
0.8465 -0.821746
0.8475 -0.81815
0.8485 -0.814521
0.8495 -0.81086
0.8505 -0.807166
0.8515 -0.803441
0.8525 -0.799685
0.8535 -0.795896
0.8545 -0.792077
0.8555 -0.788226
0.8565 -0.784343
0.8575 -0.78043
0.8585 -0.776487
0.8595 -0.772512
0.8605 -0.768507
0.8615 -0.764472
0.8625 -0.760406
0.8635 -0.75631
0.8645 -0.752185
0.8655 -0.74803
0.8665 -0.743845
0.8675 -0.739631
0.8685 -0.735388
0.8695 -0.731116
0.8705 -0.726814
0.8715 -0.722485
0.8725 -0.718126
0.8735 -0.71374
0.8745 -0.709325
0.8755 -0.704882
0.8765 -0.700411
0.8775 -0.695913
0.8785 -0.691387
0.8795 -0.686834
0.8805 -0.682254
0.8815 -0.677646
0.8825 -0.673013
0.8835 -0.668352
0.8845 -0.663665
0.8855 -0.658952
0.8865 -0.654213
0.8875 -0.649448
0.8885 -0.644657
0.8895 -0.639841
0.8905 -0.635
0.8915 -0.630134
0.8925 -0.625243
0.8935 -0.620327
0.8945 -0.615386
0.8955 -0.610422
0.8965 -0.605433
0.8975 -0.60042
0.8985 -0.595384
0.8995 -0.590324
0.9005 -0.585241
0.9015 -0.580134
0.9025 -0.575005
0.9035 -0.569853
0.9045 -0.564679
0.9055 -0.559482
0.9065 -0.554263
0.9075 -0.549023
0.9085 -0.54376
0.9095 -0.538477
0.9105 -0.533172
0.9115 -0.527846
0.9125 -0.522499
0.9135 -0.517131
0.9145 -0.511743
0.9155 -0.506335
0.9165 -0.500907
0.9175 -0.495459
0.9185 -0.489991
0.9195 -0.484504
0.9205 -0.478998
0.9215 -0.473473
0.9225 -0.46793
0.9235 -0.462368
0.9245 -0.456787
0.9255 -0.451189
0.9265 -0.445573
0.9275 -0.439939
0.9285 -0.434288
0.9295 -0.42862
0.9305 -0.422935
0.9315 -0.417233
0.9325 -0.411514
0.9335 -0.40578
0.9345 -0.400029
0.9355 -0.394263
0.9365 -0.388481
0.9375 -0.382683
0.9385 -0.376871
0.9395 -0.371044
0.9405 -0.365202
0.9415 -0.359345
0.9425 -0.353475
0.9435 -0.34759
0.9445 -0.341692
0.9455 -0.33578
0.9465 -0.329855
0.9475 -0.323917
0.9485 -0.317967
0.9495 -0.312003
0.9505 -0.306028
0.9515 -0.30004
0.9525 -0.29404
0.9535 -0.288029
0.9545 -0.282007
0.9555 -0.275973
0.9565 -0.269928
0.9575 -0.263873
0.9585 -0.257807
0.9595 -0.251732
0.9605 -0.245646
0.9615 -0.23955
0.9625 -0.233445
0.9635 -0.227331
0.9645 -0.221208
0.9655 -0.215076
0.9665 -0.208936
0.9675 -0.202787
0.9685 -0.196631
0.9695 -0.190466
0.9705 -0.184294
0.9715 -0.178115
0.9725 -0.171929
0.9735 -0.165736
0.9745 -0.159537
0.9755 -0.153331
0.9765 -0.147119
0.9775 -0.140901
0.9785 -0.134678
0.9795 -0.128449
0.9805 -0.122216
0.9815 -0.115977
0.9825 -0.109734
0.9835 -0.103487
0.9845 -0.0972355
0.9855 -0.0909802
0.9865 -0.0847213
0.9875 -0.0784591
0.9885 -0.0721938
0.9895 -0.0659256
0.9905 -0.0596548
0.9915 -0.0533817
0.9925 -0.0471065
0.9935 -0.0408294
0.9945 -0.0345506
0.9955 -0.0282706
0.9965 -0.0219894
0.9975 -0.0157073
0.9985 -0.00942464
0.9995 -0.00314159
