
# time= 0
0.0005 0.00314159
0.0015 0.00942464
0.0025 0.0157073
0.0035 0.0219894
0.0045 0.0282706
0.0055 0.0345506
0.0065 0.0408294
0.0075 0.0471065
0.0085 0.0533817
0.0095 0.0596548
0.0105 0.0659256
0.0115 0.0721938
0.0125 0.0784591
0.0135 0.0847213
0.0145 0.0909802
0.0155 0.0972355
0.0165 0.103487
0.0175 0.109734
0.0185 0.115977
0.0195 0.122216
0.0205 0.128449
0.0215 0.134678
0.0225 0.140901
0.0235 0.147119
0.0245 0.153331
0.0255 0.159537
0.0265 0.165736
0.0275 0.171929
0.0285 0.178115
0.0295 0.184294
0.0305 0.190466
0.0315 0.196631
0.0325 0.202787
0.0335 0.208936
0.0345 0.215076
0.0355 0.221208
0.0365 0.227331
0.0375 0.233445
0.0385 0.23955
0.0395 0.245646
0.0405 0.251732
0.0415 0.257807
0.0425 0.263873
0.0435 0.269928
0.0445 0.275973
0.0455 0.282007
0.0465 0.288029
0.0475 0.29404
0.0485 0.30004
0.0495 0.306028
0.0505 0.312003
0.0515 0.317967
0.0525 0.323917
0.0535 0.329855
0.0545 0.33578
0.0555 0.341692
0.0565 0.34759
0.0575 0.353475
0.0585 0.359345
0.0595 0.365202
0.0605 0.371044
0.0615 0.376871
0.0625 0.382683
0.0635 0.388481
0.0645 0.394263
0.0655 0.400029
0.0665 0.40578
0.0675 0.411514
0.0685 0.417233
0.0695 0.422935
0.0705 0.42862
0.0715 0.434288
0.0725 0.439939
0.0735 0.445573
0.0745 0.451189
0.0755 0.456787
0.0765 0.462368
0.0775 0.46793
0.0785 0.473473
0.0795 0.478998
0.0805 0.484504
0.0815 0.489991
0.0825 0.495459
0.0835 0.500907
0.0845 0.506335
0.0855 0.511743
0.0865 0.517131
0.0875 0.522499
0.0885 0.527846
0.0895 0.533172
0.0905 0.538477
0.0915 0.54376
0.0925 0.549023
0.0935 0.554263
0.0945 0.559482
0.0955 0.564679
0.0965 0.569853
0.0975 0.575005
0.0985 0.580134
0.0995 0.585241
0.1005 0.590324
0.1015 0.595384
0.1025 0.60042
0.1035 0.605433
0.1045 0.610422
0.1055 0.615386
0.1065 0.620327
0.1075 0.625243
0.1085 0.630134
0.1095 0.635
0.1105 0.639841
0.1115 0.644657
0.1125 0.649448
0.1135 0.654213
0.1145 0.658952
0.1155 0.663665
0.1165 0.668352
0.1175 0.673013
0.1185 0.677646
0.1195 0.682254
0.1205 0.686834
0.1215 0.691387
0.1225 0.695913
0.1235 0.700411
0.1245 0.704882
0.1255 0.709325
0.1265 0.71374
0.1275 0.718126
0.1285 0.722485
0.1295 0.726814
0.1305 0.731116
0.1315 0.735388
0.1325 0.739631
0.1335 0.743845
0.1345 0.74803
0.1355 0.752185
0.1365 0.75631
0.1375 0.760406
0.1385 0.764472
0.1395 0.768507
0.1405 0.772512
0.1415 0.776487
0.1425 0.78043
0.1435 0.784343
0.1445 0.788226
0.1455 0.792077
0.1465 0.795896
0.1475 0.799685
0.1485 0.803441
0.1495 0.807166
0.1505 0.81086
0.1515 0.814521
0.1525 0.81815
0.1535 0.821746
0.1545 0.825311
0.1555 0.828842
0.1565 0.832341
0.1575 0.835807
0.1585 0.83924
0.1595 0.84264
0.1605 0.846007
0.1615 0.84934
0.1625 0.85264
0.1635 0.855906
0.1645 0.859139
0.1655 0.862337
0.1665 0.865501
0.1675 0.868632
0.1685 0.871727
0.1695 0.874789
0.1705 0.877816
0.1715 0.880808
0.1725 0.883766
0.1735 0.886688
0.1745 0.889576
0.1755 0.892428
0.1765 0.895246
0.1775 0.898028
0.1785 0.900774
0.1795 0.903485
0.1805 0.90616
0.1815 0.9088
0.1825 0.911403
0.1835 0.913971
0.1845 0.916502
0.1855 0.918998
0.1865 0.921457
0.1875 0.92388
0.1885 0.926266
0.1895 0.928615
0.1905 0.930928
0.1915 0.933205
0.1925 0.935444
0.1935 0.937646
0.1945 0.939812
0.1955 0.94194
0.1965 0.944031
0.1975 0.946085
0.1985 0.948102
0.1995 0.950081
0.2005 0.952023
0.2015 0.953927
0.2025 0.955793
0.2035 0.957622
0.2045 0.959412
0.2055 0.961165
0.2065 0.96288
0.2075 0.964557
0.2085 0.966196
0.2095 0.967797
0.2105 0.96936
0.2115 0.970884
0.2125 0.97237
0.2135 0.973817
0.2145 0.975227
0.2155 0.976597
0.2165 0.977929
0.2175 0.979223
0.2185 0.980478
0.2195 0.981694
0.2205 0.982871
0.2215 0.98401
0.2225 0.985109
0.2235 0.98617
0.2245 0.987192
0.2255 0.988175
0.2265 0.989119
0.2275 0.990024
0.2285 0.990889
0.2295 0.991716
0.2305 0.992504
0.2315 0.993252
0.2325 0.993961
0.2335 0.994631
0.2345 0.995261
0.2355 0.995853
0.2365 0.996405
0.2375 0.996917
0.2385 0.997391
0.2395 0.997825
0.2405 0.998219
0.2415 0.998574
0.2425 0.99889
0.2435 0.999166
0.2445 0.999403
0.2455 0.9996
0.2465 0.999758
0.2475 0.999877
0.2485 0.999956
0.2495 0.999995
0.2505 0.999995
0.2515 0.999956
0.2525 0.999877
0.2535 0.999758
0.2545 0.9996
0.2555 0.999403
0.2565 0.999166
0.2575 0.99889
0.2585 0.998574
0.2595 0.998219
0.2605 0.997825
0.2615 0.997391
0.2625 0.996917
0.2635 0.996405
0.2645 0.995853
0.2655 0.995261
0.2665 0.994631
0.2675 0.993961
0.2685 0.993252
0.2695 0.992504
0.2705 0.991716
0.2715 0.990889
0.2725 0.990024
0.2735 0.989119
0.2745 0.988175
0.2755 0.987192
0.2765 0.98617
0.2775 0.985109
0.2785 0.98401
0.2795 0.982871
0.2805 0.981694
0.2815 0.980478
0.2825 0.979223
0.2835 0.977929
0.2845 0.976597
0.2855 0.975227
0.2865 0.973817
0.2875 0.97237
0.2885 0.970884
0.2895 0.96936
0.2905 0.967797
0.2915 0.966196
0.2925 0.964557
0.2935 0.96288
0.2945 0.961165
0.2955 0.959412
0.2965 0.957622
0.2975 0.955793
0.2985 0.953927
0.2995 0.952023
0.3005 0.950081
0.3015 0.948102
0.3025 0.946085
0.3035 0.944031
0.3045 0.94194
0.3055 0.939812
0.3065 0.937646
0.3075 0.935444
0.3085 0.933205
0.3095 0.930928
0.3105 0.928615
0.3115 0.926266
0.3125 0.92388
0.3135 0.921457
0.3145 0.918998
0.3155 0.916502
0.3165 0.913971
0.3175 0.911403
0.3185 0.9088
0.3195 0.90616
0.3205 0.903485
0.3215 0.900774
0.3225 0.898028
0.3235 0.895246
0.3245 0.892428
0.3255 0.889576
0.3265 0.886688
0.3275 0.883766
0.3285 0.880808
0.3295 0.877816
0.3305 0.874789
0.3315 0.871727
0.3325 0.868632
0.3335 0.865501
0.3345 0.862337
0.3355 0.859139
0.3365 0.855906
0.3375 0.85264
0.3385 0.84934
0.3395 0.846007
0.3405 0.84264
0.3415 0.83924
0.3425 0.835807
0.3435 0.832341
0.3445 0.828842
0.3455 0.825311
0.3465 0.821746
0.3475 0.81815
0.3485 0.814521
0.3495 0.81086
0.3505 0.807166
0.3515 0.803441
0.3525 0.799685
0.3535 0.795896
0.3545 0.792077
0.3555 0.788226
0.3565 0.784343
0.3575 0.78043
0.3585 0.776487
0.3595 0.772512
0.3605 0.768507
0.3615 0.764472
0.3625 0.760406
0.3635 0.75631
0.3645 0.752185
0.3655 0.74803
0.3665 0.743845
0.3675 0.739631
0.3685 0.735388
0.3695 0.731116
0.3705 0.726814
0.3715 0.722485
0.3725 0.718126
0.3735 0.71374
0.3745 0.709325
0.3755 0.704882
0.3765 0.700411
0.3775 0.695913
0.3785 0.691387
0.3795 0.686834
0.3805 0.682254
0.3815 0.677646
0.3825 0.673013
0.3835 0.668352
0.3845 0.663665
0.3855 0.658952
0.3865 0.654213
0.3875 0.649448
0.3885 0.644657
0.3895 0.639841
0.3905 0.635
0.3915 0.630134
0.3925 0.625243
0.3935 0.620327
0.3945 0.615386
0.3955 0.610422
0.3965 0.605433
0.3975 0.60042
0.3985 0.595384
0.3995 0.590324
0.4005 0.585241
0.4015 0.580134
0.4025 0.575005
0.4035 0.569853
0.4045 0.564679
0.4055 0.559482
0.4065 0.554263
0.4075 0.549023
0.4085 0.54376
0.4095 0.538477
0.4105 0.533172
0.4115 0.527846
0.4125 0.522499
0.4135 0.517131
0.4145 0.511743
0.4155 0.506335
0.4165 0.500907
0.4175 0.495459
0.4185 0.489991
0.4195 0.484504
0.4205 0.478998
0.4215 0.473473
0.4225 0.46793
0.4235 0.462368
0.4245 0.456787
0.4255 0.451189
0.4265 0.445573
0.4275 0.439939
0.4285 0.434288
0.4295 0.42862
0.4305 0.422935
0.4315 0.417233
0.4325 0.411514
0.4335 0.40578
0.4345 0.400029
0.4355 0.394263
0.4365 0.388481
0.4375 0.382683
0.4385 0.376871
0.4395 0.371044
0.4405 0.365202
0.4415 0.359345
0.4425 0.353475
0.4435 0.34759
0.4445 0.341692
0.4455 0.33578
0.4465 0.329855
0.4475 0.323917
0.4485 0.317967
0.4495 0.312003
0.4505 0.306028
0.4515 0.30004
0.4525 0.29404
0.4535 0.288029
0.4545 0.282007
0.4555 0.275973
0.4565 0.269928
0.4575 0.263873
0.4585 0.257807
0.4595 0.251732
0.4605 0.245646
0.4615 0.23955
0.4625 0.233445
0.4635 0.227331
0.4645 0.221208
0.4655 0.215076
0.4665 0.208936
0.4675 0.202787
0.4685 0.196631
0.4695 0.190466
0.4705 0.184294
0.4715 0.178115
0.4725 0.171929
0.4735 0.165736
0.4745 0.159537
0.4755 0.153331
0.4765 0.147119
0.4775 0.140901
0.4785 0.134678
0.4795 0.128449
0.4805 0.122216
0.4815 0.115977
0.4825 0.109734
0.4835 0.103487
0.4845 0.0972355
0.4855 0.0909802
0.4865 0.0847213
0.4875 0.0784591
0.4885 0.0721938
0.4895 0.0659256
0.4905 0.0596548
0.4915 0.0533817
0.4925 0.0471065
0.4935 0.0408294
0.4945 0.0345506
0.4955 0.0282706
0.4965 0.0219894
0.4975 0.0157073
0.4985 0.00942464
0.4995 0.00314159
0.5005 -0.00314159
0.5015 -0.00942464
0.5025 -0.0157073
0.5035 -0.0219894
0.5045 -0.0282706
0.5055 -0.0345506
0.5065 -0.0408294
0.5075 -0.0471065
0.5085 -0.0533817
0.5095 -0.0596548
0.5105 -0.0659256
0.5115 -0.0721938
0.5125 -0.0784591
0.5135 -0.0847213
0.5145 -0.0909802
0.5155 -0.0972355
0.5165 -0.103487
0.5175 -0.109734
0.5185 -0.115977
0.5195 -0.122216
0.5205 -0.128449
0.5215 -0.134678
0.5225 -0.140901
0.5235 -0.147119
0.5245 -0.153331
0.5255 -0.159537
0.5265 -0.165736
0.5275 -0.171929
0.5285 -0.178115
0.5295 -0.184294
0.5305 -0.190466
0.5315 -0.196631
0.5325 -0.202787
0.5335 -0.208936
0.5345 -0.215076
0.5355 -0.221208
0.5365 -0.227331
0.5375 -0.233445
0.5385 -0.23955
0.5395 -0.245646
0.5405 -0.251732
0.5415 -0.257807
0.5425 -0.263873
0.5435 -0.269928
0.5445 -0.275973
0.5455 -0.282007
0.5465 -0.288029
0.5475 -0.29404
0.5485 -0.30004
0.5495 -0.306028
0.5505 -0.312003
0.5515 -0.317967
0.5525 -0.323917
0.5535 -0.329855
0.5545 -0.33578
0.5555 -0.341692
0.5565 -0.34759
0.5575 -0.353475
0.5585 -0.359345
0.5595 -0.365202
0.5605 -0.371044
0.5615 -0.376871
0.5625 -0.382683
0.5635 -0.388481
0.5645 -0.394263
0.5655 -0.400029
0.5665 -0.40578
0.5675 -0.411514
0.5685 -0.417233
0.5695 -0.422935
0.5705 -0.42862
0.5715 -0.434288
0.5725 -0.439939
0.5735 -0.445573
0.5745 -0.451189
0.5755 -0.456787
0.5765 -0.462368
0.5775 -0.46793
0.5785 -0.473473
0.5795 -0.478998
0.5805 -0.484504
0.5815 -0.489991
0.5825 -0.495459
0.5835 -0.500907
0.5845 -0.506335
0.5855 -0.511743
0.5865 -0.517131
0.5875 -0.522499
0.5885 -0.527846
0.5895 -0.533172
0.5905 -0.538477
0.5915 -0.54376
0.5925 -0.549023
0.5935 -0.554263
0.5945 -0.559482
0.5955 -0.564679
0.5965 -0.569853
0.5975 -0.575005
0.5985 -0.580134
0.5995 -0.585241
0.6005 -0.590324
0.6015 -0.595384
0.6025 -0.60042
0.6035 -0.605433
0.6045 -0.610422
0.6055 -0.615386
0.6065 -0.620327
0.6075 -0.625243
0.6085 -0.630134
0.6095 -0.635
0.6105 -0.639841
0.6115 -0.644657
0.6125 -0.649448
0.6135 -0.654213
0.6145 -0.658952
0.6155 -0.663665
0.6165 -0.668352
0.6175 -0.673013
0.6185 -0.677646
0.6195 -0.682254
0.6205 -0.686834
0.6215 -0.691387
0.6225 -0.695913
0.6235 -0.700411
0.6245 -0.704882
0.6255 -0.709325
0.6265 -0.71374
0.6275 -0.718126
0.6285 -0.722485
0.6295 -0.726814
0.6305 -0.731116
0.6315 -0.735388
0.6325 -0.739631
0.6335 -0.743845
0.6345 -0.74803
0.6355 -0.752185
0.6365 -0.75631
0.6375 -0.760406
0.6385 -0.764472
0.6395 -0.768507
0.6405 -0.772512
0.6415 -0.776487
0.6425 -0.78043
0.6435 -0.784343
0.6445 -0.788226
0.6455 -0.792077
0.6465 -0.795896
0.6475 -0.799685
0.6485 -0.803441
0.6495 -0.807166
0.6505 -0.81086
0.6515 -0.814521
0.6525 -0.81815
0.6535 -0.821746
0.6545 -0.825311
0.6555 -0.828842
0.6565 -0.832341
0.6575 -0.835807
0.6585 -0.83924
0.6595 -0.84264
0.6605 -0.846007
0.6615 -0.84934
0.6625 -0.85264
0.6635 -0.855906
0.6645 -0.859139
0.6655 -0.862337
0.6665 -0.865501
0.6675 -0.868632
0.6685 -0.871727
0.6695 -0.874789
0.6705 -0.877816
0.6715 -0.880808
0.6725 -0.883766
0.6735 -0.886688
0.6745 -0.889576
0.6755 -0.892428
0.6765 -0.895246
0.6775 -0.898028
0.6785 -0.900774
0.6795 -0.903485
0.6805 -0.90616
0.6815 -0.9088
0.6825 -0.911403
0.6835 -0.913971
0.6845 -0.916502
0.6855 -0.918998
0.6865 -0.921457
0.6875 -0.92388
0.6885 -0.926266
0.6895 -0.928615
0.6905 -0.930928
0.6915 -0.933205
0.6925 -0.935444
0.6935 -0.937646
0.6945 -0.939812
0.6955 -0.94194
0.6965 -0.944031
0.6975 -0.946085
0.6985 -0.948102
0.6995 -0.950081
0.7005 -0.952023
0.7015 -0.953927
0.7025 -0.955793
0.7035 -0.957622
0.7045 -0.959412
0.7055 -0.961165
0.7065 -0.96288
0.7075 -0.964557
0.7085 -0.966196
0.7095 -0.967797
0.7105 -0.96936
0.7115 -0.970884
0.7125 -0.97237
0.7135 -0.973817
0.7145 -0.975227
0.7155 -0.976597
0.7165 -0.977929
0.7175 -0.979223
0.7185 -0.980478
0.7195 -0.981694
0.7205 -0.982871
0.7215 -0.98401
0.7225 -0.985109
0.7235 -0.98617
0.7245 -0.987192
0.7255 -0.988175
0.7265 -0.989119
0.7275 -0.990024
0.7285 -0.990889
0.7295 -0.991716
0.7305 -0.992504
0.7315 -0.993252
0.7325 -0.993961
0.7335 -0.994631
0.7345 -0.995261
0.7355 -0.995853
0.7365 -0.996405
0.7375 -0.996917
0.7385 -0.997391
0.7395 -0.997825
0.7405 -0.998219
0.7415 -0.998574
0.7425 -0.99889
0.7435 -0.999166
0.7445 -0.999403
0.7455 -0.9996
0.7465 -0.999758
0.7475 -0.999877
0.7485 -0.999956
0.7495 -0.999995
0.7505 -0.999995
0.7515 -0.999956
0.7525 -0.999877
0.7535 -0.999758
0.7545 -0.9996
0.7555 -0.999403
0.7565 -0.999166
0.7575 -0.99889
0.7585 -0.998574
0.7595 -0.998219
0.7605 -0.997825
0.7615 -0.997391
0.7625 -0.996917
0.7635 -0.996405
0.7645 -0.995853
0.7655 -0.995261
0.7665 -0.994631
0.7675 -0.993961
0.7685 -0.993252
0.7695 -0.992504
0.7705 -0.991716
0.7715 -0.990889
0.7725 -0.990024
0.7735 -0.989119
0.7745 -0.988175
0.7755 -0.987192
0.7765 -0.98617
0.7775 -0.985109
0.7785 -0.98401
0.7795 -0.982871
0.7805 -0.981694
0.7815 -0.980478
0.7825 -0.979223
0.7835 -0.977929
0.7845 -0.976597
0.7855 -0.975227
0.7865 -0.973817
0.7875 -0.97237
0.7885 -0.970884
0.7895 -0.96936
0.7905 -0.967797
0.7915 -0.966196
0.7925 -0.964557
0.7935 -0.96288
0.7945 -0.961165
0.7955 -0.959412
0.7965 -0.957622
0.7975 -0.955793
0.7985 -0.953927
0.7995 -0.952023
0.8005 -0.950081
0.8015 -0.948102
0.8025 -0.946085
0.8035 -0.944031
0.8045 -0.94194
0.8055 -0.939812
0.8065 -0.937646
0.8075 -0.935444
0.8085 -0.933205
0.8095 -0.930928
0.8105 -0.928615
0.8115 -0.926266
0.8125 -0.92388
0.8135 -0.921457
0.8145 -0.918998
0.8155 -0.916502
0.8165 -0.913971
0.8175 -0.911403
0.8185 -0.9088
0.8195 -0.90616
0.8205 -0.903485
0.8215 -0.900774
0.8225 -0.898028
0.8235 -0.895246
0.8245 -0.892428
0.8255 -0.889576
0.8265 -0.886688
0.8275 -0.883766
0.8285 -0.880808
0.8295 -0.877816
0.8305 -0.874789
0.8315 -0.871727
0.8325 -0.868632
0.8335 -0.865501
0.8345 -0.862337
0.8355 -0.859139
0.8365 -0.855906
0.8375 -0.85264
0.8385 -0.84934
0.8395 -0.846007
0.8405 -0.84264
0.8415 -0.83924
0.8425 -0.835807
0.8435 -0.832341
0.8445 -0.828842
0.8455 -0.825311
0.8465 -0.821746
0.8475 -0.81815
0.8485 -0.814521
0.8495 -0.81086
0.8505 -0.807166
0.8515 -0.803441
0.8525 -0.799685
0.8535 -0.795896
0.8545 -0.792077
0.8555 -0.788226
0.8565 -0.784343
0.8575 -0.78043
0.8585 -0.776487
0.8595 -0.772512
0.8605 -0.768507
0.8615 -0.764472
0.8625 -0.760406
0.8635 -0.75631
0.8645 -0.752185
0.8655 -0.74803
0.8665 -0.743845
0.8675 -0.739631
0.8685 -0.735388
0.8695 -0.731116
0.8705 -0.726814
0.8715 -0.722485
0.8725 -0.718126
0.8735 -0.71374
0.8745 -0.709325
0.8755 -0.704882
0.8765 -0.700411
0.8775 -0.695913
0.8785 -0.691387
0.8795 -0.686834
0.8805 -0.682254
0.8815 -0.677646
0.8825 -0.673013
0.8835 -0.668352
0.8845 -0.663665
0.8855 -0.658952
0.8865 -0.654213
0.8875 -0.649448
0.8885 -0.644657
0.8895 -0.639841
0.8905 -0.635
0.8915 -0.630134
0.8925 -0.625243
0.8935 -0.620327
0.8945 -0.615386
0.8955 -0.610422
0.8965 -0.605433
0.8975 -0.60042
0.8985 -0.595384
0.8995 -0.590324
0.9005 -0.585241
0.9015 -0.580134
0.9025 -0.575005
0.9035 -0.569853
0.9045 -0.564679
0.9055 -0.559482
0.9065 -0.554263
0.9075 -0.549023
0.9085 -0.54376
0.9095 -0.538477
0.9105 -0.533172
0.9115 -0.527846
0.9125 -0.522499
0.9135 -0.517131
0.9145 -0.511743
0.9155 -0.506335
0.9165 -0.500907
0.9175 -0.495459
0.9185 -0.489991
0.9195 -0.484504
0.9205 -0.478998
0.9215 -0.473473
0.9225 -0.46793
0.9235 -0.462368
0.9245 -0.456787
0.9255 -0.451189
0.9265 -0.445573
0.9275 -0.439939
0.9285 -0.434288
0.9295 -0.42862
0.9305 -0.422935
0.9315 -0.417233
0.9325 -0.411514
0.9335 -0.40578
0.9345 -0.400029
0.9355 -0.394263
0.9365 -0.388481
0.9375 -0.382683
0.9385 -0.376871
0.9395 -0.371044
0.9405 -0.365202
0.9415 -0.359345
0.9425 -0.353475
0.9435 -0.34759
0.9445 -0.341692
0.9455 -0.33578
0.9465 -0.329855
0.9475 -0.323917
0.9485 -0.317967
0.9495 -0.312003
0.9505 -0.306028
0.9515 -0.30004
0.9525 -0.29404
0.9535 -0.288029
0.9545 -0.282007
0.9555 -0.275973
0.9565 -0.269928
0.9575 -0.263873
0.9585 -0.257807
0.9595 -0.251732
0.9605 -0.245646
0.9615 -0.23955
0.9625 -0.233445
0.9635 -0.227331
0.9645 -0.221208
0.9655 -0.215076
0.9665 -0.208936
0.9675 -0.202787
0.9685 -0.196631
0.9695 -0.190466
0.9705 -0.184294
0.9715 -0.178115
0.9725 -0.171929
0.9735 -0.165736
0.9745 -0.159537
0.9755 -0.153331
0.9765 -0.147119
0.9775 -0.140901
0.9785 -0.134678
0.9795 -0.128449
0.9805 -0.122216
0.9815 -0.115977
0.9825 -0.109734
0.9835 -0.103487
0.9845 -0.0972355
0.9855 -0.0909802
0.9865 -0.0847213
0.9875 -0.0784591
0.9885 -0.0721938
0.9895 -0.0659256
0.9905 -0.0596548
0.9915 -0.0533817
0.9925 -0.0471065
0.9935 -0.0408294
0.9945 -0.0345506
0.9955 -0.0282706
0.9965 -0.0219894
0.9975 -0.0157073
0.9985 -0.00942464
0.9995 -0.00314159

# time= 0.2496
0.0005 -0.000192913
0.0015 -0.000578728
0.0025 -0.000964515
0.0035 -0.00135026
0.0045 -0.00173595
0.0055 -0.00212158
0.0065 -0.00250712
0.0075 -0.00289256
0.0085 -0.00327789
0.0095 -0.00366309
0.0105 -0.00404814
0.0115 -0.00443303
0.0125 -0.00481775
0.0135 -0.00520228
0.0145 -0.00558661
0.0155 -0.00597071
0.0165 -0.00635458
0.0175 -0.00673819
0.0185 -0.00712154
0.0195 -0.00750461
0.0205 -0.00788718
0.0215 -0.00826985
0.0225 -0.00865199
0.0235 -0.00903379
0.0245 -0.00941522
0.0255 -0.00979629
0.0265 -0.010177
0.0275 -0.0105572
0.0285 -0.0109371
0.0295 -0.0113165
0.0305 -0.0116955
0.0315 -0.012074
0.0325 -0.0124521
0.0335 -0.0128296
0.0345 -0.0132067
0.0355 -0.0135832
0.0365 -0.0139592
0.0375 -0.0143346
0.0385 -0.0147095
0.0395 -0.0150838
0.0405 -0.0154574
0.0415 -0.0158302
0.0425 -0.016203
0.0435 -0.0165748
0.0445 -0.016946
0.0455 -0.0173165
0.0465 -0.0176863
0.0475 -0.0180554
0.0485 -0.0184238
0.0495 -0.0187915
0.0505 -0.0191584
0.0515 -0.0195246
0.0525 -0.01989
0.0535 -0.0202546
0.0545 -0.0206185
0.0555 -0.0209815
0.0565 -0.0213436
0.0575 -0.021705
0.0585 -0.0220654
0.0595 -0.0224251
0.0605 -0.0227838
0.0615 -0.0231414
0.0625 -0.0234981
0.0635 -0.0238545
0.0645 -0.0242095
0.0655 -0.0245636
0.0665 -0.0249167
0.0675 -0.0252689
0.0685 -0.02562
0.0695 -0.0259701
0.0705 -0.0263192
0.0715 -0.0266673
0.0725 -0.0270143
0.0735 -0.0273602
0.0745 -0.0277051
0.0755 -0.0280488
0.0765 -0.0283915
0.0775 -0.028733
0.0785 -0.0290734
0.0795 -0.0294127
0.0805 -0.0297508
0.0815 -0.0300876
0.0825 -0.030423
0.0835 -0.0307575
0.0845 -0.0310914
0.0855 -0.0314234
0.0865 -0.0317542
0.0875 -0.0320838
0.0885 -0.0324121
0.0895 -0.0327392
0.0905 -0.0330649
0.0915 -0.0333894
0.0925 -0.0337125
0.0935 -0.0340343
0.0945 -0.0343548
0.0955 -0.0346739
0.0965 -0.0349916
0.0975 -0.0353079
0.0985 -0.0356229
0.0995 -0.0359365
0.1005 -0.0362486
0.1015 -0.0365593
0.1025 -0.0368684
0.1035 -0.0371757
0.1045 -0.0374822
0.1055 -0.0377876
0.1065 -0.0380909
0.1075 -0.0383928
0.1085 -0.0386931
0.1095 -0.0389919
0.1105 -0.0392892
0.1115 -0.0395849
0.1125 -0.0398791
0.1135 -0.0401717
0.1145 -0.0404627
0.1155 -0.0407521
0.1165 -0.0410399
0.1175 -0.041326
0.1185 -0.0416106
0.1195 -0.0418935
0.1205 -0.0421747
0.1215 -0.0424544
0.1225 -0.0427322
0.1235 -0.0430081
0.1245 -0.0432822
0.1255 -0.0435554
0.1265 -0.043827
0.1275 -0.0440962
0.1285 -0.0443639
0.1295 -0.0446297
0.1305 -0.0448938
0.1315 -0.0451562
0.1325 -0.0454167
0.1335 -0.0456755
0.1345 -0.0459324
0.1355 -0.0461876
0.1365 -0.0464409
0.1375 -0.0466924
0.1385 -0.046942
0.1395 -0.0471898
0.1405 -0.0474357
0.1415 -0.0476798
0.1425 -0.047922
0.1435 -0.0481622
0.1445 -0.0484002
0.1455 -0.0486362
0.1465 -0.0488714
0.1475 -0.0491044
0.1485 -0.0493349
0.1495 -0.0495637
0.1505 -0.0497905
0.1515 -0.0500153
0.1525 -0.0502381
0.1535 -0.050459
0.1545 -0.0506778
0.1555 -0.0508947
0.1565 -0.0511095
0.1575 -0.0513224
0.1585 -0.0515332
0.1595 -0.051742
0.1605 -0.0519487
0.1615 -0.0521534
0.1625 -0.052356
0.1635 -0.0525566
0.1645 -0.0527549
0.1655 -0.0529508
0.1665 -0.0531448
0.1675 -0.0533378
0.1685 -0.0535282
0.1695 -0.053716
0.1705 -0.0539019
0.1715 -0.0540856
0.1725 -0.0542672
0.1735 -0.0544467
0.1745 -0.054624
0.1755 -0.0547992
0.1765 -0.0549722
0.1775 -0.055143
0.1785 -0.0553116
0.1795 -0.0554781
0.1805 -0.0556424
0.1815 -0.0558044
0.1825 -0.0559643
0.1835 -0.056122
0.1845 -0.0562775
0.1855 -0.0564304
0.1865 -0.0565808
0.1875 -0.0567295
0.1885 -0.0568769
0.1895 -0.0570214
0.1905 -0.0571632
0.1915 -0.057303
0.1925 -0.0574405
0.1935 -0.0575758
0.1945 -0.0577087
0.1955 -0.0578394
0.1965 -0.0579678
0.1975 -0.0580939
0.1985 -0.0582178
0.1995 -0.0583393
0.2005 -0.0584585
0.2015 -0.0585754
0.2025 -0.05869
0.2035 -0.0588023
0.2045 -0.0589124
0.2055 -0.0590199
0.2065 -0.0591248
0.2075 -0.0592272
0.2085 -0.059328
0.2095 -0.0594272
0.2105 -0.0595233
0.2115 -0.0596166
0.2125 -0.0597079
0.2135 -0.0597968
0.2145 -0.0598834
0.2155 -0.0599675
0.2165 -0.0600493
0.2175 -0.0601287
0.2185 -0.0602058
0.2195 -0.0602805
0.2205 -0.0603528
0.2215 -0.0604227
0.2225 -0.0604902
0.2235 -0.0605553
0.2245 -0.0606181
0.2255 -0.0606785
0.2265 -0.0607363
0.2275 -0.0607913
0.2285 -0.0608439
0.2295 -0.0608951
0.2305 -0.0609443
0.2315 -0.0609903
0.2325 -0.0610336
0.2335 -0.0610749
0.2345 -0.0611136
0.2355 -0.0611499
0.2365 -0.0611838
0.2375 -0.0612153
0.2385 -0.0612443
0.2395 -0.061271
0.2405 -0.0612952
0.2415 -0.061317
0.2425 -0.0613364
0.2435 -0.0613533
0.2445 -0.0613679
0.2455 -0.0613801
0.2465 -0.0613897
0.2475 -0.0613969
0.2485 -0.0614012
0.2495 -0.0614023
0.2505 -0.0614023
0.2515 -0.0614012
0.2525 -0.0613969
0.2535 -0.0613897
0.2545 -0.0613801
0.2555 -0.0613679
0.2565 -0.0613533
0.2575 -0.0613364
0.2585 -0.061317
0.2595 -0.0612952
0.2605 -0.061271
0.2615 -0.0612443
0.2625 -0.0612153
0.2635 -0.0611838
0.2645 -0.0611499
0.2655 -0.0611136
0.2665 -0.0610749
0.2675 -0.0610336
0.2685 -0.0609903
0.2695 -0.0609443
0.2705 -0.0608951
0.2715 -0.0608439
0.2725 -0.0607913
0.2735 -0.0607363
0.2745 -0.0606785
0.2755 -0.0606181
0.2765 -0.0605553
0.2775 -0.0604902
0.2785 -0.0604227
0.2795 -0.0603528
0.2805 -0.0602805
0.2815 -0.0602058
0.2825 -0.0601287
0.2835 -0.0600493
0.2845 -0.0599675
0.2855 -0.0598834
0.2865 -0.0597968
0.2875 -0.0597079
0.2885 -0.0596166
0.2895 -0.0595233
0.2905 -0.0594272
0.2915 -0.059328
0.2925 -0.0592272
0.2935 -0.0591248
0.2945 -0.0590199
0.2955 -0.0589124
0.2965 -0.0588023
0.2975 -0.05869
0.2985 -0.0585754
0.2995 -0.0584585
0.3005 -0.0583393
0.3015 -0.0582178
0.3025 -0.0580939
0.3035 -0.0579678
0.3045 -0.0578394
0.3055 -0.0577087
0.3065 -0.0575758
0.3075 -0.0574405
0.3085 -0.057303
0.3095 -0.0571632
0.3105 -0.0570214
0.3115 -0.0568769
0.3125 -0.0567295
0.3135 -0.0565808
0.3145 -0.0564304
0.3155 -0.0562775
0.3165 -0.056122
0.3175 -0.0559643
0.3185 -0.0558044
0.3195 -0.0556424
0.3205 -0.0554781
0.3215 -0.0553116
0.3225 -0.055143
0.3235 -0.0549722
0.3245 -0.0547992
0.3255 -0.054624
0.3265 -0.0544467
0.3275 -0.0542672
0.3285 -0.0540856
0.3295 -0.0539019
0.3305 -0.053716
0.3315 -0.0535282
0.3325 -0.0533378
0.3335 -0.0531448
0.3345 -0.0529508
0.3355 -0.0527549
0.3365 -0.0525566
0.3375 -0.052356
0.3385 -0.0521534
0.3395 -0.0519487
0.3405 -0.051742
0.3415 -0.0515332
0.3425 -0.0513224
0.3435 -0.0511095
0.3445 -0.0508947
0.3455 -0.0506778
0.3465 -0.050459
0.3475 -0.0502381
0.3485 -0.0500153
0.3495 -0.0497905
0.3505 -0.0495637
0.3515 -0.0493349
0.3525 -0.0491044
0.3535 -0.0488714
0.3545 -0.0486362
0.3555 -0.0484002
0.3565 -0.0481622
0.3575 -0.047922
0.3585 -0.0476798
0.3595 -0.0474357
0.3605 -0.0471898
0.3615 -0.046942
0.3625 -0.0466924
0.3635 -0.0464409
0.3645 -0.0461876
0.3655 -0.0459324
0.3665 -0.0456755
0.3675 -0.0454167
0.3685 -0.0451562
0.3695 -0.0448938
0.3705 -0.0446297
0.3715 -0.0443639
0.3725 -0.0440962
0.3735 -0.043827
0.3745 -0.0435554
0.3755 -0.0432822
0.3765 -0.0430081
0.3775 -0.0427322
0.3785 -0.0424544
0.3795 -0.0421747
0.3805 -0.0418935
0.3815 -0.0416106
0.3825 -0.041326
0.3835 -0.0410399
0.3845 -0.0407521
0.3855 -0.0404627
0.3865 -0.0401717
0.3875 -0.0398791
0.3885 -0.0395849
0.3895 -0.0392892
0.3905 -0.0389919
0.3915 -0.0386931
0.3925 -0.0383928
0.3935 -0.0380909
0.3945 -0.0377876
0.3955 -0.0374822
0.3965 -0.0371757
0.3975 -0.0368684
0.3985 -0.0365593
0.3995 -0.0362486
0.4005 -0.0359365
0.4015 -0.0356229
0.4025 -0.0353079
0.4035 -0.0349916
0.4045 -0.0346739
0.4055 -0.0343548
0.4065 -0.0340343
0.4075 -0.0337125
0.4085 -0.0333894
0.4095 -0.0330649
0.4105 -0.0327392
0.4115 -0.0324121
0.4125 -0.0320838
0.4135 -0.0317542
0.4145 -0.0314234
0.4155 -0.0310914
0.4165 -0.0307575
0.4175 -0.030423
0.4185 -0.0300876
0.4195 -0.0297508
0.4205 -0.0294127
0.4215 -0.0290734
0.4225 -0.028733
0.4235 -0.0283915
0.4245 -0.0280488
0.4255 -0.0277051
0.4265 -0.0273602
0.4275 -0.0270143
0.4285 -0.0266673
0.4295 -0.0263192
0.4305 -0.0259701
0.4315 -0.02562
0.4325 -0.0252689
0.4335 -0.0249167
0.4345 -0.0245636
0.4355 -0.0242095
0.4365 -0.0238545
0.4375 -0.0234981
0.4385 -0.0231414
0.4395 -0.0227838
0.4405 -0.0224251
0.4415 -0.0220654
0.4425 -0.021705
0.4435 -0.0213436
0.4445 -0.0209815
0.4455 -0.0206185
0.4465 -0.0202546
0.4475 -0.01989
0.4485 -0.0195246
0.4495 -0.0191584
0.4505 -0.0187915
0.4515 -0.0184238
0.4525 -0.0180554
0.4535 -0.0176863
0.4545 -0.0173165
0.4555 -0.016946
0.4565 -0.0165748
0.4575 -0.016203
0.4585 -0.0158302
0.4595 -0.0154574
0.4605 -0.0150838
0.4615 -0.0147095
0.4625 -0.0143346
0.4635 -0.0139592
0.4645 -0.0135832
0.4655 -0.0132067
0.4665 -0.0128296
0.4675 -0.0124521
0.4685 -0.012074
0.4695 -0.0116955
0.4705 -0.0113165
0.4715 -0.0109371
0.4725 -0.0105572
0.4735 -0.010177
0.4745 -0.00979629
0.4755 -0.00941522
0.4765 -0.00903379
0.4775 -0.00865199
0.4785 -0.00826985
0.4795 -0.00788718
0.4805 -0.00750461
0.4815 -0.00712154
0.4825 -0.00673819
0.4835 -0.00635458
0.4845 -0.00597071
0.4855 -0.00558661
0.4865 -0.00520228
0.4875 -0.00481775
0.4885 -0.00443303
0.4895 -0.00404814
0.4905 -0.00366309
0.4915 -0.00327789
0.4925 -0.00289256
0.4935 -0.00250712
0.4945 -0.00212158
0.4955 -0.00173595
0.4965 -0.00135026
0.4975 -0.000964515
0.4985 -0.000578728
0.4995 -0.000192913
0.5005 0.000192913
0.5015 0.000578728
0.5025 0.000964515
0.5035 0.00135026
0.5045 0.00173595
0.5055 0.00212158
0.5065 0.00250712
0.5075 0.00289256
0.5085 0.00327789
0.5095 0.00366309
0.5105 0.00404814
0.5115 0.00443303
0.5125 0.00481775
0.5135 0.00520228
0.5145 0.00558661
0.5155 0.00597071
0.5165 0.00635458
0.5175 0.00673819
0.5185 0.00712154
0.5195 0.00750461
0.5205 0.00788718
0.5215 0.00826985
0.5225 0.00865199
0.5235 0.00903379
0.5245 0.00941522
0.5255 0.00979629
0.5265 0.010177
0.5275 0.0105572
0.5285 0.0109371
0.5295 0.0113165
0.5305 0.0116955
0.5315 0.012074
0.5325 0.0124521
0.5335 0.0128296
0.5345 0.0132067
0.5355 0.0135832
0.5365 0.0139592
0.5375 0.0143346
0.5385 0.0147095
0.5395 0.0150838
0.5405 0.0154574
0.5415 0.0158302
0.5425 0.016203
0.5435 0.0165748
0.5445 0.016946
0.5455 0.0173165
0.5465 0.0176863
0.5475 0.0180554
0.5485 0.0184238
0.5495 0.0187915
0.5505 0.0191584
0.5515 0.0195246
0.5525 0.01989
0.5535 0.0202546
0.5545 0.0206185
0.5555 0.0209815
0.5565 0.0213436
0.5575 0.021705
0.5585 0.0220654
0.5595 0.0224251
0.5605 0.0227838
0.5615 0.0231414
0.5625 0.0234981
0.5635 0.0238545
0.5645 0.0242095
0.5655 0.0245636
0.5665 0.0249167
0.5675 0.0252689
0.5685 0.02562
0.5695 0.0259701
0.5705 0.0263192
0.5715 0.0266673
0.5725 0.0270143
0.5735 0.0273602
0.5745 0.0277051
0.5755 0.0280488
0.5765 0.0283915
0.5775 0.028733
0.5785 0.0290734
0.5795 0.0294127
0.5805 0.0297508
0.5815 0.0300876
0.5825 0.030423
0.5835 0.0307575
0.5845 0.0310914
0.5855 0.0314234
0.5865 0.0317542
0.5875 0.0320838
0.5885 0.0324121
0.5895 0.0327392
0.5905 0.0330649
0.5915 0.0333894
0.5925 0.0337125
0.5935 0.0340343
0.5945 0.0343548
0.5955 0.0346739
0.5965 0.0349916
0.5975 0.0353079
0.5985 0.0356229
0.5995 0.0359365
0.6005 0.0362486
0.6015 0.0365593
0.6025 0.0368684
0.6035 0.0371757
0.6045 0.0374822
0.6055 0.0377876
0.6065 0.0380909
0.6075 0.0383928
0.6085 0.0386931
0.6095 0.0389919
0.6105 0.0392892
0.6115 0.0395849
0.6125 0.0398791
0.6135 0.0401717
0.6145 0.0404627
0.6155 0.0407521
0.6165 0.0410399
0.6175 0.041326
0.6185 0.0416106
0.6195 0.0418935
0.6205 0.0421747
0.6215 0.0424544
0.6225 0.0427322
0.6235 0.0430081
0.6245 0.0432822
0.6255 0.0435554
0.6265 0.043827
0.6275 0.0440962
0.6285 0.0443639
0.6295 0.0446297
0.6305 0.0448938
0.6315 0.0451562
0.6325 0.0454167
0.6335 0.0456755
0.6345 0.0459324
0.6355 0.0461876
0.6365 0.0464409
0.6375 0.0466924
0.6385 0.046942
0.6395 0.0471898
0.6405 0.0474357
0.6415 0.0476798
0.6425 0.047922
0.6435 0.0481622
0.6445 0.0484002
0.6455 0.0486362
0.6465 0.0488714
0.6475 0.0491044
0.6485 0.0493349
0.6495 0.0495637
0.6505 0.0497905
0.6515 0.0500153
0.6525 0.0502381
0.6535 0.050459
0.6545 0.0506778
0.6555 0.0508947
0.6565 0.0511095
0.6575 0.0513224
0.6585 0.0515332
0.6595 0.051742
0.6605 0.0519487
0.6615 0.0521534
0.6625 0.052356
0.6635 0.0525566
0.6645 0.0527549
0.6655 0.0529508
0.6665 0.0531448
0.6675 0.0533378
0.6685 0.0535282
0.6695 0.053716
0.6705 0.0539019
0.6715 0.0540856
0.6725 0.0542672
0.6735 0.0544467
0.6745 0.054624
0.6755 0.0547992
0.6765 0.0549722
0.6775 0.055143
0.6785 0.0553116
0.6795 0.0554781
0.6805 0.0556424
0.6815 0.0558044
0.6825 0.0559643
0.6835 0.056122
0.6845 0.0562775
0.6855 0.0564304
0.6865 0.0565808
0.6875 0.0567295
0.6885 0.0568769
0.6895 0.0570214
0.6905 0.0571632
0.6915 0.057303
0.6925 0.0574405
0.6935 0.0575758
0.6945 0.0577087
0.6955 0.0578394
0.6965 0.0579678
0.6975 0.0580939
0.6985 0.0582178
0.6995 0.0583393
0.7005 0.0584585
0.7015 0.0585754
0.7025 0.05869
0.7035 0.0588023
0.7045 0.0589124
0.7055 0.0590199
0.7065 0.0591248
0.7075 0.0592272
0.7085 0.059328
0.7095 0.0594272
0.7105 0.0595233
0.7115 0.0596166
0.7125 0.0597079
0.7135 0.0597968
0.7145 0.0598834
0.7155 0.0599675
0.7165 0.0600493
0.7175 0.0601287
0.7185 0.0602058
0.7195 0.0602805
0.7205 0.0603528
0.7215 0.0604227
0.7225 0.0604902
0.7235 0.0605553
0.7245 0.0606181
0.7255 0.0606785
0.7265 0.0607363
0.7275 0.0607913
0.7285 0.0608439
0.7295 0.0608951
0.7305 0.0609443
0.7315 0.0609903
0.7325 0.0610336
0.7335 0.0610749
0.7345 0.0611136
0.7355 0.0611499
0.7365 0.0611838
0.7375 0.0612153
0.7385 0.0612443
0.7395 0.061271
0.7405 0.0612952
0.7415 0.061317
0.7425 0.0613364
0.7435 0.0613533
0.7445 0.0613679
0.7455 0.0613801
0.7465 0.0613897
0.7475 0.0613969
0.7485 0.0614012
0.7495 0.0614023
0.7505 0.0614023
0.7515 0.0614012
0.7525 0.0613969
0.7535 0.0613897
0.7545 0.0613801
0.7555 0.0613679
0.7565 0.0613533
0.7575 0.0613364
0.7585 0.061317
0.7595 0.0612952
0.7605 0.061271
0.7615 0.0612443
0.7625 0.0612153
0.7635 0.0611838
0.7645 0.0611499
0.7655 0.0611136
0.7665 0.0610749
0.7675 0.0610336
0.7685 0.0609903
0.7695 0.0609443
0.7705 0.0608951
0.7715 0.0608439
0.7725 0.0607913
0.7735 0.0607363
0.7745 0.0606785
0.7755 0.0606181
0.7765 0.0605553
0.7775 0.0604902
0.7785 0.0604227
0.7795 0.0603528
0.7805 0.0602805
0.7815 0.0602058
0.7825 0.0601287
0.7835 0.0600493
0.7845 0.0599675
0.7855 0.0598834
0.7865 0.0597968
0.7875 0.0597079
0.7885 0.0596166
0.7895 0.0595233
0.7905 0.0594272
0.7915 0.059328
0.7925 0.0592272
0.7935 0.0591248
0.7945 0.0590199
0.7955 0.0589124
0.7965 0.0588023
0.7975 0.05869
0.7985 0.0585754
0.7995 0.0584585
0.8005 0.0583393
0.8015 0.0582178
0.8025 0.0580939
0.8035 0.0579678
0.8045 0.0578394
0.8055 0.0577087
0.8065 0.0575758
0.8075 0.0574405
0.8085 0.057303
0.8095 0.0571632
0.8105 0.0570214
0.8115 0.0568769
0.8125 0.0567295
0.8135 0.0565808
0.8145 0.0564304
0.8155 0.0562775
0.8165 0.056122
0.8175 0.0559643
0.8185 0.0558044
0.8195 0.0556424
0.8205 0.0554781
0.8215 0.0553116
0.8225 0.055143
0.8235 0.0549722
0.8245 0.0547992
0.8255 0.054624
0.8265 0.0544467
0.8275 0.0542672
0.8285 0.0540856
0.8295 0.0539019
0.8305 0.053716
0.8315 0.0535282
0.8325 0.0533378
0.8335 0.0531448
0.8345 0.0529508
0.8355 0.0527549
0.8365 0.0525566
0.8375 0.052356
0.8385 0.0521534
0.8395 0.0519487
0.8405 0.051742
0.8415 0.0515332
0.8425 0.0513224
0.8435 0.0511095
0.8445 0.0508947
0.8455 0.0506778
0.8465 0.050459
0.8475 0.0502381
0.8485 0.0500153
0.8495 0.0497905
0.8505 0.0495637
0.8515 0.0493349
0.8525 0.0491044
0.8535 0.0488714
0.8545 0.0486362
0.8555 0.0484002
0.8565 0.0481622
0.8575 0.047922
0.8585 0.0476798
0.8595 0.0474357
0.8605 0.0471898
0.8615 0.046942
0.8625 0.0466924
0.8635 0.0464409
0.8645 0.0461876
0.8655 0.0459324
0.8665 0.0456755
0.8675 0.0454167
0.8685 0.0451562
0.8695 0.0448938
0.8705 0.0446297
0.8715 0.0443639
0.8725 0.0440962
0.8735 0.043827
0.8745 0.0435554
0.8755 0.0432822
0.8765 0.0430081
0.8775 0.0427322
0.8785 0.0424544
0.8795 0.0421747
0.8805 0.0418935
0.8815 0.0416106
0.8825 0.041326
0.8835 0.0410399
0.8845 0.0407521
0.8855 0.0404627
0.8865 0.0401717
0.8875 0.0398791
0.8885 0.0395849
0.8895 0.0392892
0.8905 0.0389919
0.8915 0.0386931
0.8925 0.0383928
0.8935 0.0380909
0.8945 0.0377876
0.8955 0.0374822
0.8965 0.0371757
0.8975 0.0368684
0.8985 0.0365593
0.8995 0.0362486
0.9005 0.0359365
0.9015 0.0356229
0.9025 0.0353079
0.9035 0.0349916
0.9045 0.0346739
0.9055 0.0343548
0.9065 0.0340343
0.9075 0.0337125
0.9085 0.0333894
0.9095 0.0330649
0.9105 0.0327392
0.9115 0.0324121
0.9125 0.0320838
0.9135 0.0317542
0.9145 0.0314234
0.9155 0.0310914
0.9165 0.0307575
0.9175 0.030423
0.9185 0.0300876
0.9195 0.0297508
0.9205 0.0294127
0.9215 0.0290734
0.9225 0.028733
0.9235 0.0283915
0.9245 0.0280488
0.9255 0.0277051
0.9265 0.0273602
0.9275 0.0270143
0.9285 0.0266673
0.9295 0.0263192
0.9305 0.0259701
0.9315 0.02562
0.9325 0.0252689
0.9335 0.0249167
0.9345 0.0245636
0.9355 0.0242095
0.9365 0.0238545
0.9375 0.0234981
0.9385 0.0231414
0.9395 0.0227838
0.9405 0.0224251
0.9415 0.0220654
0.9425 0.021705
0.9435 0.0213436
0.9445 0.0209815
0.9455 0.0206185
0.9465 0.0202546
0.9475 0.01989
0.9485 0.0195246
0.9495 0.0191584
0.9505 0.0187915
0.9515 0.0184238
0.9525 0.0180554
0.9535 0.0176863
0.9545 0.0173165
0.9555 0.016946
0.9565 0.0165748
0.9575 0.016203
0.9585 0.0158302
0.9595 0.0154574
0.9605 0.0150838
0.9615 0.0147095
0.9625 0.0143346
0.9635 0.0139592
0.9645 0.0135832
0.9655 0.0132067
0.9665 0.0128296
0.9675 0.0124521
0.9685 0.012074
0.9695 0.0116955
0.9705 0.0113165
0.9715 0.0109371
0.9725 0.0105572
0.9735 0.010177
0.9745 0.00979629
0.9755 0.00941522
0.9765 0.00903379
0.9775 0.00865199
0.9785 0.00826985
0.9795 0.00788718
0.9805 0.00750461
0.9815 0.00712154
0.9825 0.00673819
0.9835 0.00635458
0.9845 0.00597071
0.9855 0.00558661
0.9865 0.00520228
0.9875 0.00481775
0.9885 0.00443303
0.9895 0.00404814
0.9905 0.00366309
0.9915 0.00327789
0.9925 0.00289256
0.9935 0.00250712
0.9945 0.00212158
0.9955 0.00173595
0.9965 0.00135026
0.9975 0.000964515
0.9985 0.000578728
0.9995 0.000192913

# time= 0.4992
0.0005 -0.00313238
0.0015 -0.00939846
0.0025 -0.015666
0.0035 -0.0219333
0.0045 -0.028199
0.0055 -0.0344629
0.0065 -0.0407255
0.0075 -0.0469866
0.0085 -0.0532458
0.0095 -0.059503
0.0105 -0.0657578
0.0115 -0.0720101
0.0125 -0.0782594
0.0135 -0.0845057
0.0145 -0.0907487
0.0155 -0.0969881
0.0165 -0.103223
0.0175 -0.109455
0.0185 -0.115683
0.0195 -0.121905
0.0205 -0.128121
0.0215 -0.134333
0.0225 -0.140541
0.0235 -0.146744
0.0245 -0.152941
0.0255 -0.159131
0.0265 -0.165315
0.0275 -0.171492
0.0285 -0.177662
0.0295 -0.183825
0.0305 -0.189982
0.0315 -0.19613
0.0325 -0.202271
0.0335 -0.208404
0.0345 -0.214529
0.0355 -0.220645
0.0365 -0.226753
0.0375 -0.232851
0.0385 -0.238941
0.0395 -0.245021
0.0405 -0.251091
0.0415 -0.25715
0.0425 -0.2632
0.0435 -0.26924
0.0445 -0.27527
0.0455 -0.281289
0.0465 -0.287296
0.0475 -0.293292
0.0485 -0.299276
0.0495 -0.305249
0.0505 -0.311209
0.0515 -0.317158
0.0525 -0.323093
0.0535 -0.329016
0.0545 -0.334926
0.0555 -0.340823
0.0565 -0.346706
0.0575 -0.352575
0.0585 -0.358431
0.0595 -0.364273
0.0605 -0.3701
0.0615 -0.375912
0.0625 -0.381708
0.0635 -0.38749
0.0645 -0.393258
0.0655 -0.399011
0.0665 -0.404747
0.0675 -0.410467
0.0685 -0.416171
0.0695 -0.421858
0.0705 -0.427529
0.0715 -0.433183
0.0725 -0.43882
0.0735 -0.444439
0.0745 -0.450041
0.0755 -0.455625
0.0765 -0.461191
0.0775 -0.466739
0.0785 -0.472269
0.0795 -0.477779
0.0805 -0.483272
0.0815 -0.488745
0.0825 -0.494197
0.0835 -0.49963
0.0845 -0.505045
0.0855 -0.51044
0.0865 -0.515815
0.0875 -0.521169
0.0885 -0.526502
0.0895 -0.531815
0.0905 -0.537106
0.0915 -0.542377
0.0925 -0.547626
0.0935 -0.552853
0.0945 -0.558059
0.0955 -0.563242
0.0965 -0.568403
0.0975 -0.573542
0.0985 -0.578658
0.0995 -0.583751
0.1005 -0.588822
0.1015 -0.593869
0.1025 -0.598893
0.1035 -0.603891
0.1045 -0.608866
0.1055 -0.613819
0.1065 -0.618748
0.1075 -0.623652
0.1085 -0.628531
0.1095 -0.633384
0.1105 -0.638213
0.1115 -0.643017
0.1125 -0.647795
0.1135 -0.652548
0.1145 -0.657275
0.1155 -0.661976
0.1165 -0.666651
0.1175 -0.6713
0.1185 -0.675922
0.1195 -0.680518
0.1205 -0.685086
0.1215 -0.689628
0.1225 -0.694142
0.1235 -0.698629
0.1245 -0.703087
0.1255 -0.707518
0.1265 -0.711922
0.1275 -0.716298
0.1285 -0.720646
0.1295 -0.724965
0.1305 -0.729255
0.1315 -0.733517
0.1325 -0.737749
0.1335 -0.741952
0.1345 -0.746126
0.1355 -0.750271
0.1365 -0.754386
0.1375 -0.758471
0.1385 -0.762526
0.1395 -0.766551
0.1405 -0.770546
0.1415 -0.774511
0.1425 -0.778445
0.1435 -0.782348
0.1445 -0.78622
0.1455 -0.790059
0.1465 -0.793869
0.1475 -0.797649
0.1485 -0.801397
0.1495 -0.805113
0.1505 -0.808796
0.1515 -0.812448
0.1525 -0.816068
0.1535 -0.819655
0.1545 -0.823211
0.1555 -0.826733
0.1565 -0.830223
0.1575 -0.833681
0.1585 -0.837105
0.1595 -0.840496
0.1605 -0.843854
0.1615 -0.847179
0.1625 -0.85047
0.1635 -0.853728
0.1645 -0.856953
0.1655 -0.860142
0.1665 -0.863297
0.1675 -0.866419
0.1685 -0.869508
0.1695 -0.872563
0.1705 -0.875582
0.1715 -0.878567
0.1725 -0.881517
0.1735 -0.884432
0.1745 -0.887312
0.1755 -0.890158
0.1765 -0.892968
0.1775 -0.895742
0.1785 -0.898482
0.1795 -0.901186
0.1805 -0.903854
0.1815 -0.906487
0.1825 -0.909084
0.1835 -0.911645
0.1845 -0.91417
0.1855 -0.916659
0.1865 -0.919111
0.1875 -0.921526
0.1885 -0.923907
0.1895 -0.926252
0.1905 -0.928559
0.1915 -0.93083
0.1925 -0.933064
0.1935 -0.935261
0.1945 -0.937421
0.1955 -0.939543
0.1965 -0.941629
0.1975 -0.943678
0.1985 -0.945689
0.1995 -0.947663
0.2005 -0.9496
0.2015 -0.951499
0.2025 -0.953361
0.2035 -0.955185
0.2045 -0.956971
0.2055 -0.95872
0.2065 -0.96043
0.2075 -0.962102
0.2085 -0.963736
0.2095 -0.965333
0.2105 -0.966893
0.2115 -0.968413
0.2125 -0.969896
0.2135 -0.97134
0.2145 -0.972745
0.2155 -0.974112
0.2165 -0.975441
0.2175 -0.976731
0.2185 -0.977983
0.2195 -0.979196
0.2205 -0.98037
0.2215 -0.981506
0.2225 -0.982603
0.2235 -0.983661
0.2245 -0.98468
0.2255 -0.98566
0.2265 -0.986602
0.2275 -0.987504
0.2285 -0.988366
0.2295 -0.989191
0.2305 -0.989977
0.2315 -0.990724
0.2325 -0.991432
0.2335 -0.9921
0.2345 -0.992729
0.2355 -0.993319
0.2365 -0.993869
0.2375 -0.994381
0.2385 -0.994853
0.2395 -0.995286
0.2405 -0.995679
0.2415 -0.996033
0.2425 -0.996348
0.2435 -0.996624
0.2445 -0.99686
0.2455 -0.997057
0.2465 -0.997214
0.2475 -0.997332
0.2485 -0.997411
0.2495 -0.997449
0.2505 -0.997449
0.2515 -0.997411
0.2525 -0.997332
0.2535 -0.997214
0.2545 -0.997057
0.2555 -0.99686
0.2565 -0.996624
0.2575 -0.996348
0.2585 -0.996033
0.2595 -0.995679
0.2605 -0.995286
0.2615 -0.994853
0.2625 -0.994381
0.2635 -0.993869
0.2645 -0.993319
0.2655 -0.992729
0.2665 -0.9921
0.2675 -0.991432
0.2685 -0.990724
0.2695 -0.989977
0.2705 -0.989191
0.2715 -0.988366
0.2725 -0.987504
0.2735 -0.986602
0.2745 -0.98566
0.2755 -0.98468
0.2765 -0.983661
0.2775 -0.982603
0.2785 -0.981506
0.2795 -0.98037
0.2805 -0.979196
0.2815 -0.977983
0.2825 -0.976731
0.2835 -0.975441
0.2845 -0.974112
0.2855 -0.972745
0.2865 -0.97134
0.2875 -0.969896
0.2885 -0.968413
0.2895 -0.966893
0.2905 -0.965333
0.2915 -0.963736
0.2925 -0.962102
0.2935 -0.96043
0.2945 -0.95872
0.2955 -0.956971
0.2965 -0.955185
0.2975 -0.953361
0.2985 -0.951499
0.2995 -0.9496
0.3005 -0.947663
0.3015 -0.945689
0.3025 -0.943678
0.3035 -0.941629
0.3045 -0.939543
0.3055 -0.937421
0.3065 -0.935261
0.3075 -0.933064
0.3085 -0.93083
0.3095 -0.928559
0.3105 -0.926252
0.3115 -0.923907
0.3125 -0.921526
0.3135 -0.919111
0.3145 -0.916659
0.3155 -0.91417
0.3165 -0.911645
0.3175 -0.909084
0.3185 -0.906487
0.3195 -0.903854
0.3205 -0.901186
0.3215 -0.898482
0.3225 -0.895742
0.3235 -0.892968
0.3245 -0.890158
0.3255 -0.887312
0.3265 -0.884432
0.3275 -0.881517
0.3285 -0.878567
0.3295 -0.875582
0.3305 -0.872563
0.3315 -0.869508
0.3325 -0.866419
0.3335 -0.863297
0.3345 -0.860142
0.3355 -0.856953
0.3365 -0.853728
0.3375 -0.85047
0.3385 -0.847179
0.3395 -0.843854
0.3405 -0.840496
0.3415 -0.837105
0.3425 -0.833681
0.3435 -0.830223
0.3445 -0.826733
0.3455 -0.823211
0.3465 -0.819655
0.3475 -0.816068
0.3485 -0.812448
0.3495 -0.808796
0.3505 -0.805113
0.3515 -0.801397
0.3525 -0.797649
0.3535 -0.793869
0.3545 -0.790059
0.3555 -0.78622
0.3565 -0.782348
0.3575 -0.778445
0.3585 -0.774511
0.3595 -0.770546
0.3605 -0.766551
0.3615 -0.762526
0.3625 -0.758471
0.3635 -0.754386
0.3645 -0.750271
0.3655 -0.746126
0.3665 -0.741952
0.3675 -0.737749
0.3685 -0.733517
0.3695 -0.729255
0.3705 -0.724965
0.3715 -0.720646
0.3725 -0.716298
0.3735 -0.711922
0.3745 -0.707518
0.3755 -0.703087
0.3765 -0.698629
0.3775 -0.694142
0.3785 -0.689628
0.3795 -0.685086
0.3805 -0.680518
0.3815 -0.675922
0.3825 -0.6713
0.3835 -0.666651
0.3845 -0.661976
0.3855 -0.657275
0.3865 -0.652548
0.3875 -0.647795
0.3885 -0.643017
0.3895 -0.638213
0.3905 -0.633384
0.3915 -0.628531
0.3925 -0.623652
0.3935 -0.618748
0.3945 -0.613819
0.3955 -0.608866
0.3965 -0.603891
0.3975 -0.598893
0.3985 -0.593869
0.3995 -0.588822
0.4005 -0.583751
0.4015 -0.578658
0.4025 -0.573542
0.4035 -0.568403
0.4045 -0.563242
0.4055 -0.558059
0.4065 -0.552853
0.4075 -0.547626
0.4085 -0.542377
0.4095 -0.537106
0.4105 -0.531815
0.4115 -0.526502
0.4125 -0.521169
0.4135 -0.515815
0.4145 -0.51044
0.4155 -0.505045
0.4165 -0.49963
0.4175 -0.494197
0.4185 -0.488745
0.4195 -0.483272
0.4205 -0.477779
0.4215 -0.472269
0.4225 -0.466739
0.4235 -0.461191
0.4245 -0.455625
0.4255 -0.450041
0.4265 -0.444439
0.4275 -0.43882
0.4285 -0.433183
0.4295 -0.427529
0.4305 -0.421858
0.4315 -0.416171
0.4325 -0.410467
0.4335 -0.404747
0.4345 -0.399011
0.4355 -0.393258
0.4365 -0.38749
0.4375 -0.381708
0.4385 -0.375912
0.4395 -0.3701
0.4405 -0.364273
0.4415 -0.358431
0.4425 -0.352575
0.4435 -0.346706
0.4445 -0.340823
0.4455 -0.334926
0.4465 -0.329016
0.4475 -0.323093
0.4485 -0.317158
0.4495 -0.311209
0.4505 -0.305249
0.4515 -0.299276
0.4525 -0.293292
0.4535 -0.287296
0.4545 -0.281289
0.4555 -0.27527
0.4565 -0.26924
0.4575 -0.2632
0.4585 -0.25715
0.4595 -0.251091
0.4605 -0.245021
0.4615 -0.238941
0.4625 -0.232851
0.4635 -0.226753
0.4645 -0.220645
0.4655 -0.214529
0.4665 -0.208404
0.4675 -0.202271
0.4685 -0.19613
0.4695 -0.189982
0.4705 -0.183825
0.4715 -0.177662
0.4725 -0.171492
0.4735 -0.165315
0.4745 -0.159131
0.4755 -0.152941
0.4765 -0.146744
0.4775 -0.140541
0.4785 -0.134333
0.4795 -0.128121
0.4805 -0.121905
0.4815 -0.115683
0.4825 -0.109455
0.4835 -0.103223
0.4845 -0.0969881
0.4855 -0.0907487
0.4865 -0.0845057
0.4875 -0.0782594
0.4885 -0.0720101
0.4895 -0.0657578
0.4905 -0.059503
0.4915 -0.0532458
0.4925 -0.0469866
0.4935 -0.0407255
0.4945 -0.0344629
0.4955 -0.028199
0.4965 -0.0219333
0.4975 -0.015666
0.4985 -0.00939846
0.4995 -0.00313238
0.5005 0.00313238
0.5015 0.00939846
0.5025 0.015666
0.5035 0.0219333
0.5045 0.028199
0.5055 0.0344629
0.5065 0.0407255
0.5075 0.0469866
0.5085 0.0532458
0.5095 0.059503
0.5105 0.0657578
0.5115 0.0720101
0.5125 0.0782594
0.5135 0.0845057
0.5145 0.0907487
0.5155 0.0969881
0.5165 0.103223
0.5175 0.109455
0.5185 0.115683
0.5195 0.121905
0.5205 0.128121
0.5215 0.134333
0.5225 0.140541
0.5235 0.146744
0.5245 0.152941
0.5255 0.159131
0.5265 0.165315
0.5275 0.171492
0.5285 0.177662
0.5295 0.183825
0.5305 0.189982
0.5315 0.19613
0.5325 0.202271
0.5335 0.208404
0.5345 0.214529
0.5355 0.220645
0.5365 0.226753
0.5375 0.232851
0.5385 0.238941
0.5395 0.245021
0.5405 0.251091
0.5415 0.25715
0.5425 0.2632
0.5435 0.26924
0.5445 0.27527
0.5455 0.281289
0.5465 0.287296
0.5475 0.293292
0.5485 0.299276
0.5495 0.305249
0.5505 0.311209
0.5515 0.317158
0.5525 0.323093
0.5535 0.329016
0.5545 0.334926
0.5555 0.340823
0.5565 0.346706
0.5575 0.352575
0.5585 0.358431
0.5595 0.364273
0.5605 0.3701
0.5615 0.375912
0.5625 0.381708
0.5635 0.38749
0.5645 0.393258
0.5655 0.399011
0.5665 0.404747
0.5675 0.410467
0.5685 0.416171
0.5695 0.421858
0.5705 0.427529
0.5715 0.433183
0.5725 0.43882
0.5735 0.444439
0.5745 0.450041
0.5755 0.455625
0.5765 0.461191
0.5775 0.466739
0.5785 0.472269
0.5795 0.477779
0.5805 0.483272
0.5815 0.488745
0.5825 0.494197
0.5835 0.49963
0.5845 0.505045
0.5855 0.51044
0.5865 0.515815
0.5875 0.521169
0.5885 0.526502
0.5895 0.531815
0.5905 0.537106
0.5915 0.542377
0.5925 0.547626
0.5935 0.552853
0.5945 0.558059
0.5955 0.563242
0.5965 0.568403
0.5975 0.573542
0.5985 0.578658
0.5995 0.583751
0.6005 0.588822
0.6015 0.593869
0.6025 0.598893
0.6035 0.603891
0.6045 0.608866
0.6055 0.613819
0.6065 0.618748
0.6075 0.623652
0.6085 0.628531
0.6095 0.633384
0.6105 0.638213
0.6115 0.643017
0.6125 0.647795
0.6135 0.652548
0.6145 0.657275
0.6155 0.661976
0.6165 0.666651
0.6175 0.6713
0.6185 0.675922
0.6195 0.680518
0.6205 0.685086
0.6215 0.689628
0.6225 0.694142
0.6235 0.698629
0.6245 0.703087
0.6255 0.707518
0.6265 0.711922
0.6275 0.716298
0.6285 0.720646
0.6295 0.724965
0.6305 0.729255
0.6315 0.733517
0.6325 0.737749
0.6335 0.741952
0.6345 0.746126
0.6355 0.750271
0.6365 0.754386
0.6375 0.758471
0.6385 0.762526
0.6395 0.766551
0.6405 0.770546
0.6415 0.774511
0.6425 0.778445
0.6435 0.782348
0.6445 0.78622
0.6455 0.790059
0.6465 0.793869
0.6475 0.797649
0.6485 0.801397
0.6495 0.805113
0.6505 0.808796
0.6515 0.812448
0.6525 0.816068
0.6535 0.819655
0.6545 0.823211
0.6555 0.826733
0.6565 0.830223
0.6575 0.833681
0.6585 0.837105
0.6595 0.840496
0.6605 0.843854
0.6615 0.847179
0.6625 0.85047
0.6635 0.853728
0.6645 0.856953
0.6655 0.860142
0.6665 0.863297
0.6675 0.866419
0.6685 0.869508
0.6695 0.872563
0.6705 0.875582
0.6715 0.878567
0.6725 0.881517
0.6735 0.884432
0.6745 0.887312
0.6755 0.890158
0.6765 0.892968
0.6775 0.895742
0.6785 0.898482
0.6795 0.901186
0.6805 0.903854
0.6815 0.906487
0.6825 0.909084
0.6835 0.911645
0.6845 0.91417
0.6855 0.916659
0.6865 0.919111
0.6875 0.921526
0.6885 0.923907
0.6895 0.926252
0.6905 0.928559
0.6915 0.93083
0.6925 0.933064
0.6935 0.935261
0.6945 0.937421
0.6955 0.939543
0.6965 0.941629
0.6975 0.943678
0.6985 0.945689
0.6995 0.947663
0.7005 0.9496
0.7015 0.951499
0.7025 0.953361
0.7035 0.955185
0.7045 0.956971
0.7055 0.95872
0.7065 0.96043
0.7075 0.962102
0.7085 0.963736
0.7095 0.965333
0.7105 0.966893
0.7115 0.968413
0.7125 0.969896
0.7135 0.97134
0.7145 0.972745
0.7155 0.974112
0.7165 0.975441
0.7175 0.976731
0.7185 0.977983
0.7195 0.979196
0.7205 0.98037
0.7215 0.981506
0.7225 0.982603
0.7235 0.983661
0.7245 0.98468
0.7255 0.98566
0.7265 0.986602
0.7275 0.987504
0.7285 0.988366
0.7295 0.989191
0.7305 0.989977
0.7315 0.990724
0.7325 0.991432
0.7335 0.9921
0.7345 0.992729
0.7355 0.993319
0.7365 0.993869
0.7375 0.994381
0.7385 0.994853
0.7395 0.995286
0.7405 0.995679
0.7415 0.996033
0.7425 0.996348
0.7435 0.996624
0.7445 0.99686
0.7455 0.997057
0.7465 0.997214
0.7475 0.997332
0.7485 0.997411
0.7495 0.997449
0.7505 0.997449
0.7515 0.997411
0.7525 0.997332
0.7535 0.997214
0.7545 0.997057
0.7555 0.99686
0.7565 0.996624
0.7575 0.996348
0.7585 0.996033
0.7595 0.995679
0.7605 0.995286
0.7615 0.994853
0.7625 0.994381
0.7635 0.993869
0.7645 0.993319
0.7655 0.992729
0.7665 0.9921
0.7675 0.991432
0.7685 0.990724
0.7695 0.989977
0.7705 0.989191
0.7715 0.988366
0.7725 0.987504
0.7735 0.986602
0.7745 0.98566
0.7755 0.98468
0.7765 0.983661
0.7775 0.982603
0.7785 0.981506
0.7795 0.98037
0.7805 0.979196
0.7815 0.977983
0.7825 0.976731
0.7835 0.975441
0.7845 0.974112
0.7855 0.972745
0.7865 0.97134
0.7875 0.969896
0.7885 0.968413
0.7895 0.966893
0.7905 0.965333
0.7915 0.963736
0.7925 0.962102
0.7935 0.96043
0.7945 0.95872
0.7955 0.956971
0.7965 0.955185
0.7975 0.953361
0.7985 0.951499
0.7995 0.9496
0.8005 0.947663
0.8015 0.945689
0.8025 0.943678
0.8035 0.941629
0.8045 0.939543
0.8055 0.937421
0.8065 0.935261
0.8075 0.933064
0.8085 0.93083
0.8095 0.928559
0.8105 0.926252
0.8115 0.923907
0.8125 0.921526
0.8135 0.919111
0.8145 0.916659
0.8155 0.91417
0.8165 0.911645
0.8175 0.909084
0.8185 0.906487
0.8195 0.903854
0.8205 0.901186
0.8215 0.898482
0.8225 0.895742
0.8235 0.892968
0.8245 0.890158
0.8255 0.887312
0.8265 0.884432
0.8275 0.881517
0.8285 0.878567
0.8295 0.875582
0.8305 0.872563
0.8315 0.869508
0.8325 0.866419
0.8335 0.863297
0.8345 0.860142
0.8355 0.856953
0.8365 0.853728
0.8375 0.85047
0.8385 0.847179
0.8395 0.843854
0.8405 0.840496
0.8415 0.837105
0.8425 0.833681
0.8435 0.830223
0.8445 0.826733
0.8455 0.823211
0.8465 0.819655
0.8475 0.816068
0.8485 0.812448
0.8495 0.808796
0.8505 0.805113
0.8515 0.801397
0.8525 0.797649
0.8535 0.793869
0.8545 0.790059
0.8555 0.78622
0.8565 0.782348
0.8575 0.778445
0.8585 0.774511
0.8595 0.770546
0.8605 0.766551
0.8615 0.762526
0.8625 0.758471
0.8635 0.754386
0.8645 0.750271
0.8655 0.746126
0.8665 0.741952
0.8675 0.737749
0.8685 0.733517
0.8695 0.729255
0.8705 0.724965
0.8715 0.720646
0.8725 0.716298
0.8735 0.711922
0.8745 0.707518
0.8755 0.703087
0.8765 0.698629
0.8775 0.694142
0.8785 0.689628
0.8795 0.685086
0.8805 0.680518
0.8815 0.675922
0.8825 0.6713
0.8835 0.666651
0.8845 0.661976
0.8855 0.657275
0.8865 0.652548
0.8875 0.647795
0.8885 0.643017
0.8895 0.638213
0.8905 0.633384
0.8915 0.628531
0.8925 0.623652
0.8935 0.618748
0.8945 0.613819
0.8955 0.608866
0.8965 0.603891
0.8975 0.598893
0.8985 0.593869
0.8995 0.588822
0.9005 0.583751
0.9015 0.578658
0.9025 0.573542
0.9035 0.568403
0.9045 0.563242
0.9055 0.558059
0.9065 0.552853
0.9075 0.547626
0.9085 0.542377
0.9095 0.537106
0.9105 0.531815
0.9115 0.526502
0.9125 0.521169
0.9135 0.515815
0.9145 0.51044
0.9155 0.505045
0.9165 0.49963
0.9175 0.494197
0.9185 0.488745
0.9195 0.483272
0.9205 0.477779
0.9215 0.472269
0.9225 0.466739
0.9235 0.461191
0.9245 0.455625
0.9255 0.450041
0.9265 0.444439
0.9275 0.43882
0.9285 0.433183
0.9295 0.427529
0.9305 0.421858
0.9315 0.416171
0.9325 0.410467
0.9335 0.404747
0.9345 0.399011
0.9355 0.393258
0.9365 0.38749
0.9375 0.381708
0.9385 0.375912
0.9395 0.3701
0.9405 0.364273
0.9415 0.358431
0.9425 0.352575
0.9435 0.346706
0.9445 0.340823
0.9455 0.334926
0.9465 0.329016
0.9475 0.323093
0.9485 0.317158
0.9495 0.311209
0.9505 0.305249
0.9515 0.299276
0.9525 0.293292
0.9535 0.287296
0.9545 0.281289
0.9555 0.27527
0.9565 0.26924
0.9575 0.2632
0.9585 0.25715
0.9595 0.251091
0.9605 0.245021
0.9615 0.238941
0.9625 0.232851
0.9635 0.226753
0.9645 0.220645
0.9655 0.214529
0.9665 0.208404
0.9675 0.202271
0.9685 0.19613
0.9695 0.189982
0.9705 0.183825
0.9715 0.177662
0.9725 0.171492
0.9735 0.165315
0.9745 0.159131
0.9755 0.152941
0.9765 0.146744
0.9775 0.140541
0.9785 0.134333
0.9795 0.128121
0.9805 0.121905
0.9815 0.115683
0.9825 0.109455
0.9835 0.103223
0.9845 0.0969881
0.9855 0.0907487
0.9865 0.0845057
0.9875 0.0782594
0.9885 0.0720101
0.9895 0.0657578
0.9905 0.059503
0.9915 0.0532458
0.9925 0.0469866
0.9935 0.0407255
0.9945 0.0344629
0.9955 0.028199
0.9965 0.0219333
0.9975 0.015666
0.9985 0.00939846
0.9995 0.00313238

# time= 0.7488
0.0005 0.000187338
0.0015 0.000560567
0.0025 0.000931946
0.0035 0.00130287
0.0045 0.00167454
0.0055 0.00204681
0.0065 0.00241892
0.0075 0.00279081
0.0085 0.00316261
0.0095 0.00353423
0.0105 0.00390573
0.0115 0.00427708
0.0125 0.00464823
0.0135 0.00501927
0.0145 0.00539011
0.0155 0.00576085
0.0165 0.00613134
0.0175 0.00650082
0.0185 0.00686936
0.0195 0.00723832
0.0205 0.0076092
0.0215 0.00798037
0.0225 0.00834966
0.0235 0.00871703
0.0245 0.00908391
0.0255 0.00945129
0.0265 0.00981883
0.0275 0.0101858
0.0285 0.0105523
0.0295 0.0109184
0.0305 0.011284
0.0315 0.0116492
0.0325 0.012014
0.0335 0.0123782
0.0345 0.0127421
0.0355 0.0131054
0.0365 0.0134683
0.0375 0.0138306
0.0385 0.0141914
0.0395 0.0145512
0.0405 0.0149115
0.0415 0.0152734
0.0425 0.0156346
0.0435 0.0159936
0.0445 0.0163506
0.0455 0.0167071
0.0465 0.0170638
0.0475 0.0174202
0.0485 0.0177757
0.0495 0.0181304
0.0505 0.0184844
0.0515 0.0188377
0.0525 0.0191902
0.0535 0.019542
0.0545 0.019893
0.0555 0.0202433
0.0565 0.0205928
0.0575 0.0209416
0.0585 0.0212893
0.0595 0.0216352
0.0605 0.02198
0.0615 0.0223255
0.0625 0.0226721
0.0635 0.023017
0.0645 0.0233595
0.0655 0.0237
0.0665 0.0240398
0.0675 0.0243796
0.0685 0.0247186
0.0695 0.0250564
0.0705 0.0253932
0.0715 0.0257291
0.0725 0.0260638
0.0735 0.0263976
0.0745 0.0267303
0.0755 0.027062
0.0765 0.0273927
0.0775 0.0277223
0.0785 0.0280508
0.0795 0.0283779
0.0805 0.0287029
0.0815 0.0290268
0.0825 0.0293514
0.0835 0.0296765
0.0845 0.0299991
0.0855 0.0303193
0.0865 0.0306373
0.0875 0.0309547
0.0885 0.0312716
0.0895 0.0315874
0.0905 0.0319016
0.0915 0.0322146
0.0925 0.0325264
0.0935 0.0328369
0.0945 0.0331461
0.0955 0.0334539
0.0965 0.0337605
0.0975 0.0340658
0.0985 0.0343698
0.0995 0.0346724
0.1005 0.0349731
0.1015 0.0352715
0.1025 0.035569
0.1035 0.0358672
0.1045 0.036165
0.1055 0.0364597
0.1065 0.036752
0.1075 0.0370421
0.1085 0.0373314
0.1095 0.0376199
0.1105 0.0379069
0.1115 0.0381922
0.1125 0.038476
0.1135 0.0387583
0.1145 0.0390391
0.1155 0.0393183
0.1165 0.0395959
0.1175 0.0398721
0.1185 0.0401468
0.1195 0.0404198
0.1205 0.0406911
0.1215 0.0409602
0.1225 0.041227
0.1235 0.0414929
0.1245 0.0417594
0.1255 0.0420246
0.1265 0.0422865
0.1275 0.0425458
0.1285 0.042803
0.1295 0.0430592
0.1305 0.0433142
0.1315 0.0435675
0.1325 0.0438188
0.1335 0.0440685
0.1345 0.0443164
0.1355 0.0445626
0.1365 0.0448069
0.1375 0.0450496
0.1385 0.0452905
0.1395 0.0455297
0.1405 0.0457671
0.1415 0.0460024
0.1425 0.0462353
0.1435 0.0464657
0.1445 0.0466955
0.1455 0.0469256
0.1465 0.0471536
0.1475 0.0473781
0.1485 0.0476
0.1495 0.0478198
0.1505 0.0480384
0.1515 0.0482556
0.1525 0.0484707
0.1535 0.0486837
0.1545 0.0488948
0.1555 0.0491041
0.1565 0.0493113
0.1575 0.0495167
0.1585 0.0497201
0.1595 0.0499216
0.1605 0.0501212
0.1615 0.0503187
0.1625 0.050514
0.1635 0.0507065
0.1645 0.0508967
0.1655 0.0510864
0.1665 0.0512761
0.1675 0.0514628
0.1685 0.051646
0.1695 0.0518267
0.1705 0.0520052
0.1715 0.0521825
0.1725 0.052358
0.1735 0.0525312
0.1745 0.0527021
0.1755 0.0528712
0.1765 0.0530381
0.1775 0.0532029
0.1785 0.0533656
0.1795 0.0535262
0.1805 0.0536848
0.1815 0.0538414
0.1825 0.0539956
0.1835 0.0541473
0.1845 0.0542961
0.1855 0.0544429
0.1865 0.0545892
0.1875 0.054735
0.1885 0.0548772
0.1895 0.0550161
0.1905 0.0551525
0.1915 0.0552866
0.1925 0.0554194
0.1935 0.0555501
0.1945 0.0556784
0.1955 0.0558044
0.1965 0.0559283
0.1975 0.05605
0.1985 0.0561695
0.1995 0.0562867
0.2005 0.0564018
0.2015 0.0565147
0.2025 0.0566255
0.2035 0.0567337
0.2045 0.0568392
0.2055 0.0569419
0.2065 0.0570426
0.2075 0.057143
0.2085 0.0572423
0.2095 0.0573376
0.2105 0.0574298
0.2115 0.0575195
0.2125 0.0576069
0.2135 0.0576928
0.2145 0.0577765
0.2155 0.0578577
0.2165 0.0579366
0.2175 0.0580132
0.2185 0.0580876
0.2195 0.0581596
0.2205 0.0582293
0.2215 0.0582968
0.2225 0.0583622
0.2235 0.0584252
0.2245 0.0584854
0.2255 0.058543
0.2265 0.0585977
0.2275 0.0586507
0.2285 0.0587035
0.2295 0.0587544
0.2305 0.0588012
0.2315 0.0588451
0.2325 0.0588865
0.2335 0.0589257
0.2345 0.0589633
0.2355 0.0589985
0.2365 0.0590312
0.2375 0.0590615
0.2385 0.0590896
0.2395 0.0591153
0.2405 0.0591386
0.2415 0.0591596
0.2425 0.0591785
0.2435 0.0591951
0.2445 0.059209
0.2455 0.0592202
0.2465 0.059229
0.2475 0.0592354
0.2485 0.0592396
0.2495 0.0592426
0.2505 0.0592426
0.2515 0.0592396
0.2525 0.0592354
0.2535 0.059229
0.2545 0.0592202
0.2555 0.059209
0.2565 0.0591951
0.2575 0.0591785
0.2585 0.0591596
0.2595 0.0591386
0.2605 0.0591153
0.2615 0.0590896
0.2625 0.0590615
0.2635 0.0590312
0.2645 0.0589985
0.2655 0.0589633
0.2665 0.0589257
0.2675 0.0588865
0.2685 0.0588451
0.2695 0.0588012
0.2705 0.0587544
0.2715 0.0587035
0.2725 0.0586507
0.2735 0.0585977
0.2745 0.058543
0.2755 0.0584854
0.2765 0.0584252
0.2775 0.0583622
0.2785 0.0582968
0.2795 0.0582293
0.2805 0.0581596
0.2815 0.0580876
0.2825 0.0580132
0.2835 0.0579366
0.2845 0.0578577
0.2855 0.0577765
0.2865 0.0576928
0.2875 0.0576069
0.2885 0.0575195
0.2895 0.0574298
0.2905 0.0573376
0.2915 0.0572423
0.2925 0.057143
0.2935 0.0570426
0.2945 0.0569419
0.2955 0.0568392
0.2965 0.0567337
0.2975 0.0566255
0.2985 0.0565147
0.2995 0.0564018
0.3005 0.0562867
0.3015 0.0561695
0.3025 0.05605
0.3035 0.0559283
0.3045 0.0558044
0.3055 0.0556784
0.3065 0.0555501
0.3075 0.0554194
0.3085 0.0552866
0.3095 0.0551525
0.3105 0.0550161
0.3115 0.0548772
0.3125 0.054735
0.3135 0.0545892
0.3145 0.0544429
0.3155 0.0542961
0.3165 0.0541473
0.3175 0.0539956
0.3185 0.0538414
0.3195 0.0536848
0.3205 0.0535262
0.3215 0.0533656
0.3225 0.0532029
0.3235 0.0530381
0.3245 0.0528712
0.3255 0.0527021
0.3265 0.0525312
0.3275 0.052358
0.3285 0.0521825
0.3295 0.0520052
0.3305 0.0518267
0.3315 0.051646
0.3325 0.0514628
0.3335 0.0512761
0.3345 0.0510864
0.3355 0.0508967
0.3365 0.0507065
0.3375 0.050514
0.3385 0.0503187
0.3395 0.0501212
0.3405 0.0499216
0.3415 0.0497201
0.3425 0.0495167
0.3435 0.0493113
0.3445 0.0491041
0.3455 0.0488948
0.3465 0.0486837
0.3475 0.0484707
0.3485 0.0482556
0.3495 0.0480384
0.3505 0.0478198
0.3515 0.0476
0.3525 0.0473781
0.3535 0.0471536
0.3545 0.0469256
0.3555 0.0466955
0.3565 0.0464657
0.3575 0.0462353
0.3585 0.0460024
0.3595 0.0457671
0.3605 0.0455297
0.3615 0.0452905
0.3625 0.0450496
0.3635 0.0448069
0.3645 0.0445626
0.3655 0.0443164
0.3665 0.0440685
0.3675 0.0438188
0.3685 0.0435675
0.3695 0.0433142
0.3705 0.0430592
0.3715 0.042803
0.3725 0.0425458
0.3735 0.0422865
0.3745 0.0420246
0.3755 0.0417594
0.3765 0.0414929
0.3775 0.041227
0.3785 0.0409602
0.3795 0.0406911
0.3805 0.0404198
0.3815 0.0401468
0.3825 0.0398721
0.3835 0.0395959
0.3845 0.0393183
0.3855 0.0390391
0.3865 0.0387583
0.3875 0.038476
0.3885 0.0381922
0.3895 0.0379069
0.3905 0.0376199
0.3915 0.0373314
0.3925 0.0370421
0.3935 0.036752
0.3945 0.0364597
0.3955 0.036165
0.3965 0.0358672
0.3975 0.035569
0.3985 0.0352715
0.3995 0.0349731
0.4005 0.0346724
0.4015 0.0343698
0.4025 0.0340658
0.4035 0.0337605
0.4045 0.0334539
0.4055 0.0331461
0.4065 0.0328369
0.4075 0.0325264
0.4085 0.0322146
0.4095 0.0319016
0.4105 0.0315874
0.4115 0.0312716
0.4125 0.0309547
0.4135 0.0306373
0.4145 0.0303193
0.4155 0.0299991
0.4165 0.0296765
0.4175 0.0293514
0.4185 0.0290268
0.4195 0.0287029
0.4205 0.0283779
0.4215 0.0280508
0.4225 0.0277223
0.4235 0.0273927
0.4245 0.027062
0.4255 0.0267303
0.4265 0.0263976
0.4275 0.0260638
0.4285 0.0257291
0.4295 0.0253932
0.4305 0.0250564
0.4315 0.0247186
0.4325 0.0243796
0.4335 0.0240398
0.4345 0.0237
0.4355 0.0233595
0.4365 0.023017
0.4375 0.0226721
0.4385 0.0223255
0.4395 0.02198
0.4405 0.0216352
0.4415 0.0212893
0.4425 0.0209416
0.4435 0.0205928
0.4445 0.0202433
0.4455 0.019893
0.4465 0.019542
0.4475 0.0191902
0.4485 0.0188377
0.4495 0.0184844
0.4505 0.0181304
0.4515 0.0177757
0.4525 0.0174202
0.4535 0.0170638
0.4545 0.0167071
0.4555 0.0163506
0.4565 0.0159936
0.4575 0.0156346
0.4585 0.0152734
0.4595 0.0149115
0.4605 0.0145512
0.4615 0.0141914
0.4625 0.0138306
0.4635 0.0134683
0.4645 0.0131054
0.4655 0.0127421
0.4665 0.0123782
0.4675 0.012014
0.4685 0.0116492
0.4695 0.011284
0.4705 0.0109184
0.4715 0.0105523
0.4725 0.0101858
0.4735 0.00981883
0.4745 0.00945129
0.4755 0.00908391
0.4765 0.00871703
0.4775 0.00834966
0.4785 0.00798037
0.4795 0.0076092
0.4805 0.00723832
0.4815 0.00686936
0.4825 0.00650082
0.4835 0.00613134
0.4845 0.00576085
0.4855 0.00539011
0.4865 0.00501927
0.4875 0.00464823
0.4885 0.00427708
0.4895 0.00390573
0.4905 0.00353423
0.4915 0.00316261
0.4925 0.00279081
0.4935 0.00241892
0.4945 0.00204681
0.4955 0.00167454
0.4965 0.00130287
0.4975 0.000931946
0.4985 0.000560567
0.4995 0.000187338
0.5005 -0.000187338
0.5015 -0.000560567
0.5025 -0.000931946
0.5035 -0.00130287
0.5045 -0.00167454
0.5055 -0.00204681
0.5065 -0.00241892
0.5075 -0.00279081
0.5085 -0.00316261
0.5095 -0.00353423
0.5105 -0.00390573
0.5115 -0.00427708
0.5125 -0.00464823
0.5135 -0.00501927
0.5145 -0.00539011
0.5155 -0.00576085
0.5165 -0.00613134
0.5175 -0.00650082
0.5185 -0.00686936
0.5195 -0.00723832
0.5205 -0.0076092
0.5215 -0.00798037
0.5225 -0.00834966
0.5235 -0.00871703
0.5245 -0.00908391
0.5255 -0.00945129
0.5265 -0.00981883
0.5275 -0.0101858
0.5285 -0.0105523
0.5295 -0.0109184
0.5305 -0.011284
0.5315 -0.0116492
0.5325 -0.012014
0.5335 -0.0123782
0.5345 -0.0127421
0.5355 -0.0131054
0.5365 -0.0134683
0.5375 -0.0138306
0.5385 -0.0141914
0.5395 -0.0145512
0.5405 -0.0149115
0.5415 -0.0152734
0.5425 -0.0156346
0.5435 -0.0159936
0.5445 -0.0163506
0.5455 -0.0167071
0.5465 -0.0170638
0.5475 -0.0174202
0.5485 -0.0177757
0.5495 -0.0181304
0.5505 -0.0184844
0.5515 -0.0188377
0.5525 -0.0191902
0.5535 -0.019542
0.5545 -0.019893
0.5555 -0.0202433
0.5565 -0.0205928
0.5575 -0.0209416
0.5585 -0.0212893
0.5595 -0.0216352
0.5605 -0.02198
0.5615 -0.0223255
0.5625 -0.0226721
0.5635 -0.023017
0.5645 -0.0233595
0.5655 -0.0237
0.5665 -0.0240398
0.5675 -0.0243796
0.5685 -0.0247186
0.5695 -0.0250564
0.5705 -0.0253932
0.5715 -0.0257291
0.5725 -0.0260638
0.5735 -0.0263976
0.5745 -0.0267303
0.5755 -0.027062
0.5765 -0.0273927
0.5775 -0.0277223
0.5785 -0.0280508
0.5795 -0.0283779
0.5805 -0.0287029
0.5815 -0.0290268
0.5825 -0.0293514
0.5835 -0.0296765
0.5845 -0.0299991
0.5855 -0.0303193
0.5865 -0.0306373
0.5875 -0.0309547
0.5885 -0.0312716
0.5895 -0.0315874
0.5905 -0.0319016
0.5915 -0.0322146
0.5925 -0.0325264
0.5935 -0.0328369
0.5945 -0.0331461
0.5955 -0.0334539
0.5965 -0.0337605
0.5975 -0.0340658
0.5985 -0.0343698
0.5995 -0.0346724
0.6005 -0.0349731
0.6015 -0.0352715
0.6025 -0.035569
0.6035 -0.0358672
0.6045 -0.036165
0.6055 -0.0364597
0.6065 -0.036752
0.6075 -0.0370421
0.6085 -0.0373314
0.6095 -0.0376199
0.6105 -0.0379069
0.6115 -0.0381922
0.6125 -0.038476
0.6135 -0.0387583
0.6145 -0.0390391
0.6155 -0.0393183
0.6165 -0.0395959
0.6175 -0.0398721
0.6185 -0.0401468
0.6195 -0.0404198
0.6205 -0.0406911
0.6215 -0.0409602
0.6225 -0.041227
0.6235 -0.0414929
0.6245 -0.0417594
0.6255 -0.0420246
0.6265 -0.0422865
0.6275 -0.0425458
0.6285 -0.042803
0.6295 -0.0430592
0.6305 -0.0433142
0.6315 -0.0435675
0.6325 -0.0438188
0.6335 -0.0440685
0.6345 -0.0443164
0.6355 -0.0445626
0.6365 -0.0448069
0.6375 -0.0450496
0.6385 -0.0452905
0.6395 -0.0455297
0.6405 -0.0457671
0.6415 -0.0460024
0.6425 -0.0462353
0.6435 -0.0464657
0.6445 -0.0466955
0.6455 -0.0469256
0.6465 -0.0471536
0.6475 -0.0473781
0.6485 -0.0476
0.6495 -0.0478198
0.6505 -0.0480384
0.6515 -0.0482556
0.6525 -0.0484707
0.6535 -0.0486837
0.6545 -0.0488948
0.6555 -0.0491041
0.6565 -0.0493113
0.6575 -0.0495167
0.6585 -0.0497201
0.6595 -0.0499216
0.6605 -0.0501212
0.6615 -0.0503187
0.6625 -0.050514
0.6635 -0.0507065
0.6645 -0.0508967
0.6655 -0.0510864
0.6665 -0.0512761
0.6675 -0.0514628
0.6685 -0.051646
0.6695 -0.0518267
0.6705 -0.0520052
0.6715 -0.0521825
0.6725 -0.052358
0.6735 -0.0525312
0.6745 -0.0527021
0.6755 -0.0528712
0.6765 -0.0530381
0.6775 -0.0532029
0.6785 -0.0533656
0.6795 -0.0535262
0.6805 -0.0536848
0.6815 -0.0538414
0.6825 -0.0539956
0.6835 -0.0541473
0.6845 -0.0542961
0.6855 -0.0544429
0.6865 -0.0545892
0.6875 -0.054735
0.6885 -0.0548772
0.6895 -0.0550161
0.6905 -0.0551525
0.6915 -0.0552866
0.6925 -0.0554194
0.6935 -0.0555501
0.6945 -0.0556784
0.6955 -0.0558044
0.6965 -0.0559283
0.6975 -0.05605
0.6985 -0.0561695
0.6995 -0.0562867
0.7005 -0.0564018
0.7015 -0.0565147
0.7025 -0.0566255
0.7035 -0.0567337
0.7045 -0.0568392
0.7055 -0.0569419
0.7065 -0.0570426
0.7075 -0.057143
0.7085 -0.0572423
0.7095 -0.0573376
0.7105 -0.0574298
0.7115 -0.0575195
0.7125 -0.0576069
0.7135 -0.0576928
0.7145 -0.0577765
0.7155 -0.0578577
0.7165 -0.0579366
0.7175 -0.0580132
0.7185 -0.0580876
0.7195 -0.0581596
0.7205 -0.0582293
0.7215 -0.0582968
0.7225 -0.0583622
0.7235 -0.0584252
0.7245 -0.0584854
0.7255 -0.058543
0.7265 -0.0585977
0.7275 -0.0586507
0.7285 -0.0587035
0.7295 -0.0587544
0.7305 -0.0588012
0.7315 -0.0588451
0.7325 -0.0588865
0.7335 -0.0589257
0.7345 -0.0589633
0.7355 -0.0589985
0.7365 -0.0590312
0.7375 -0.0590615
0.7385 -0.0590896
0.7395 -0.0591153
0.7405 -0.0591386
0.7415 -0.0591596
0.7425 -0.0591785
0.7435 -0.0591951
0.7445 -0.059209
0.7455 -0.0592202
0.7465 -0.059229
0.7475 -0.0592354
0.7485 -0.0592396
0.7495 -0.0592426
0.7505 -0.0592426
0.7515 -0.0592396
0.7525 -0.0592354
0.7535 -0.059229
0.7545 -0.0592202
0.7555 -0.059209
0.7565 -0.0591951
0.7575 -0.0591785
0.7585 -0.0591596
0.7595 -0.0591386
0.7605 -0.0591153
0.7615 -0.0590896
0.7625 -0.0590615
0.7635 -0.0590312
0.7645 -0.0589985
0.7655 -0.0589633
0.7665 -0.0589257
0.7675 -0.0588865
0.7685 -0.0588451
0.7695 -0.0588012
0.7705 -0.0587544
0.7715 -0.0587035
0.7725 -0.0586507
0.7735 -0.0585977
0.7745 -0.058543
0.7755 -0.0584854
0.7765 -0.0584252
0.7775 -0.0583622
0.7785 -0.0582968
0.7795 -0.0582293
0.7805 -0.0581596
0.7815 -0.0580876
0.7825 -0.0580132
0.7835 -0.0579366
0.7845 -0.0578577
0.7855 -0.0577765
0.7865 -0.0576928
0.7875 -0.0576069
0.7885 -0.0575195
0.7895 -0.0574298
0.7905 -0.0573376
0.7915 -0.0572423
0.7925 -0.057143
0.7935 -0.0570426
0.7945 -0.0569419
0.7955 -0.0568392
0.7965 -0.0567337
0.7975 -0.0566255
0.7985 -0.0565147
0.7995 -0.0564018
0.8005 -0.0562867
0.8015 -0.0561695
0.8025 -0.05605
0.8035 -0.0559283
0.8045 -0.0558044
0.8055 -0.0556784
0.8065 -0.0555501
0.8075 -0.0554194
0.8085 -0.0552866
0.8095 -0.0551525
0.8105 -0.0550161
0.8115 -0.0548772
0.8125 -0.054735
0.8135 -0.0545892
0.8145 -0.0544429
0.8155 -0.0542961
0.8165 -0.0541473
0.8175 -0.0539956
0.8185 -0.0538414
0.8195 -0.0536848
0.8205 -0.0535262
0.8215 -0.0533656
0.8225 -0.0532029
0.8235 -0.0530381
0.8245 -0.0528712
0.8255 -0.0527021
0.8265 -0.0525312
0.8275 -0.052358
0.8285 -0.0521825
0.8295 -0.0520052
0.8305 -0.0518267
0.8315 -0.051646
0.8325 -0.0514628
0.8335 -0.0512761
0.8345 -0.0510864
0.8355 -0.0508967
0.8365 -0.0507065
0.8375 -0.050514
0.8385 -0.0503187
0.8395 -0.0501212
0.8405 -0.0499216
0.8415 -0.0497201
0.8425 -0.0495167
0.8435 -0.0493113
0.8445 -0.0491041
0.8455 -0.0488948
0.8465 -0.0486837
0.8475 -0.0484707
0.8485 -0.0482556
0.8495 -0.0480384
0.8505 -0.0478198
0.8515 -0.0476
0.8525 -0.0473781
0.8535 -0.0471536
0.8545 -0.0469256
0.8555 -0.0466955
0.8565 -0.0464657
0.8575 -0.0462353
0.8585 -0.0460024
0.8595 -0.0457671
0.8605 -0.0455297
0.8615 -0.0452905
0.8625 -0.0450496
0.8635 -0.0448069
0.8645 -0.0445626
0.8655 -0.0443164
0.8665 -0.0440685
0.8675 -0.0438188
0.8685 -0.0435675
0.8695 -0.0433142
0.8705 -0.0430592
0.8715 -0.042803
0.8725 -0.0425458
0.8735 -0.0422865
0.8745 -0.0420246
0.8755 -0.0417594
0.8765 -0.0414929
0.8775 -0.041227
0.8785 -0.0409602
0.8795 -0.0406911
0.8805 -0.0404198
0.8815 -0.0401468
0.8825 -0.0398721
0.8835 -0.0395959
0.8845 -0.0393183
0.8855 -0.0390391
0.8865 -0.0387583
0.8875 -0.038476
0.8885 -0.0381922
0.8895 -0.0379069
0.8905 -0.0376199
0.8915 -0.0373314
0.8925 -0.0370421
0.8935 -0.036752
0.8945 -0.0364597
0.8955 -0.036165
0.8965 -0.0358672
0.8975 -0.035569
0.8985 -0.0352715
0.8995 -0.0349731
0.9005 -0.0346724
0.9015 -0.0343698
0.9025 -0.0340658
0.9035 -0.0337605
0.9045 -0.0334539
0.9055 -0.0331461
0.9065 -0.0328369
0.9075 -0.0325264
0.9085 -0.0322146
0.9095 -0.0319016
0.9105 -0.0315874
0.9115 -0.0312716
0.9125 -0.0309547
0.9135 -0.0306373
0.9145 -0.0303193
0.9155 -0.0299991
0.9165 -0.0296765
0.9175 -0.0293514
0.9185 -0.0290268
0.9195 -0.0287029
0.9205 -0.0283779
0.9215 -0.0280508
0.9225 -0.0277223
0.9235 -0.0273927
0.9245 -0.027062
0.9255 -0.0267303
0.9265 -0.0263976
0.9275 -0.0260638
0.9285 -0.0257291
0.9295 -0.0253932
0.9305 -0.0250564
0.9315 -0.0247186
0.9325 -0.0243796
0.9335 -0.0240398
0.9345 -0.0237
0.9355 -0.0233595
0.9365 -0.023017
0.9375 -0.0226721
0.9385 -0.0223255
0.9395 -0.02198
0.9405 -0.0216352
0.9415 -0.0212893
0.9425 -0.0209416
0.9435 -0.0205928
0.9445 -0.0202433
0.9455 -0.019893
0.9465 -0.019542
0.9475 -0.0191902
0.9485 -0.0188377
0.9495 -0.0184844
0.9505 -0.0181304
0.9515 -0.0177757
0.9525 -0.0174202
0.9535 -0.0170638
0.9545 -0.0167071
0.9555 -0.0163506
0.9565 -0.0159936
0.9575 -0.0156346
0.9585 -0.0152734
0.9595 -0.0149115
0.9605 -0.0145512
0.9615 -0.0141914
0.9625 -0.0138306
0.9635 -0.0134683
0.9645 -0.0131054
0.9655 -0.0127421
0.9665 -0.0123782
0.9675 -0.012014
0.9685 -0.0116492
0.9695 -0.011284
0.9705 -0.0109184
0.9715 -0.0105523
0.9725 -0.0101858
0.9735 -0.00981883
0.9745 -0.00945129
0.9755 -0.00908391
0.9765 -0.00871703
0.9775 -0.00834966
0.9785 -0.00798037
0.9795 -0.0076092
0.9805 -0.00723832
0.9815 -0.00686936
0.9825 -0.00650082
0.9835 -0.00613134
0.9845 -0.00576085
0.9855 -0.00539011
0.9865 -0.00501927
0.9875 -0.00464823
0.9885 -0.00427708
0.9895 -0.00390573
0.9905 -0.00353423
0.9915 -0.00316261
0.9925 -0.00279081
0.9935 -0.00241892
0.9945 -0.00204681
0.9955 -0.00167454
0.9965 -0.00130287
0.9975 -0.000931946
0.9985 -0.000560567
0.9995 -0.000187338

# time= 0.9984
0.0005 0.00314289
0.0015 0.00942836
0.0025 0.0157143
0.0035 0.0220008
0.0045 0.0282871
0.0055 0.0345719
0.0065 0.0408545
0.0075 0.0471352
0.0085 0.0534142
0.0095 0.059691
0.0105 0.0659655
0.0115 0.0722375
0.0125 0.0785066
0.0135 0.0847728
0.0145 0.0910355
0.0155 0.0972944
0.0165 0.10355
0.0175 0.109801
0.0185 0.116047
0.0195 0.122288
0.0205 0.128526
0.0215 0.134758
0.0225 0.140985
0.0235 0.147206
0.0245 0.153422
0.0255 0.159633
0.0265 0.165837
0.0275 0.172034
0.0285 0.178224
0.0295 0.184406
0.0305 0.190582
0.0315 0.19675
0.0325 0.20291
0.0335 0.209063
0.0345 0.215207
0.0355 0.221342
0.0365 0.227469
0.0375 0.233587
0.0385 0.239695
0.0395 0.245794
0.0405 0.251882
0.0415 0.257962
0.0425 0.264032
0.0435 0.27009
0.0445 0.276139
0.0455 0.282176
0.0465 0.288203
0.0475 0.294219
0.0485 0.300222
0.0495 0.306213
0.0505 0.312193
0.0515 0.318159
0.0525 0.324114
0.0535 0.330055
0.0545 0.335984
0.0555 0.3419
0.0565 0.347801
0.0575 0.353689
0.0585 0.359563
0.0595 0.365423
0.0605 0.371267
0.0615 0.377098
0.0625 0.382914
0.0635 0.388715
0.0645 0.3945
0.0655 0.40027
0.0665 0.406025
0.0675 0.411764
0.0685 0.417486
0.0695 0.423192
0.0705 0.42888
0.0715 0.434551
0.0725 0.440206
0.0735 0.445843
0.0745 0.451463
0.0755 0.457065
0.0765 0.462648
0.0775 0.468214
0.0785 0.473761
0.0795 0.479289
0.0805 0.484798
0.0815 0.490287
0.0825 0.495757
0.0835 0.501209
0.0845 0.50664
0.0855 0.512052
0.0865 0.517443
0.0875 0.522815
0.0885 0.528166
0.0895 0.533496
0.0905 0.538804
0.0915 0.54409
0.0925 0.549356
0.0935 0.5546
0.0945 0.559822
0.0955 0.565021
0.0965 0.570199
0.0975 0.575354
0.0985 0.580486
0.0995 0.585596
0.1005 0.590682
0.1015 0.595744
0.1025 0.600783
0.1035 0.605799
0.1045 0.610791
0.1055 0.615758
0.1065 0.620701
0.1075 0.62562
0.1085 0.630515
0.1095 0.635386
0.1105 0.64023
0.1115 0.645049
0.1125 0.649842
0.1135 0.65461
0.1145 0.659352
0.1155 0.664068
0.1165 0.668757
0.1175 0.673421
0.1185 0.678058
0.1195 0.682668
0.1205 0.68725
0.1215 0.691806
0.1225 0.696334
0.1235 0.700834
0.1245 0.705308
0.1255 0.709754
0.1265 0.714171
0.1275 0.71856
0.1285 0.722922
0.1295 0.727255
0.1305 0.731559
0.1315 0.735834
0.1325 0.74008
0.1335 0.744296
0.1345 0.748484
0.1355 0.752641
0.1365 0.756769
0.1375 0.760867
0.1385 0.764935
0.1395 0.768973
0.1405 0.772981
0.1415 0.776958
0.1425 0.780903
0.1435 0.784818
0.1445 0.788702
0.1455 0.792556
0.1465 0.796378
0.1475 0.800168
0.1485 0.803927
0.1495 0.807655
0.1505 0.811351
0.1515 0.815015
0.1525 0.818647
0.1535 0.822245
0.1545 0.825811
0.1555 0.829345
0.1565 0.832846
0.1575 0.836314
0.1585 0.83975
0.1595 0.843152
0.1605 0.846521
0.1615 0.849856
0.1625 0.853157
0.1635 0.856425
0.1645 0.859658
0.1655 0.862858
0.1665 0.866025
0.1675 0.869157
0.1685 0.872255
0.1695 0.875318
0.1705 0.878347
0.1715 0.881342
0.1725 0.884302
0.1735 0.887227
0.1745 0.890116
0.1755 0.89297
0.1765 0.895789
0.1775 0.898572
0.1785 0.901321
0.1795 0.904033
0.1805 0.90671
0.1815 0.909351
0.1825 0.911956
0.1835 0.914525
0.1845 0.917058
0.1855 0.919554
0.1865 0.922014
0.1875 0.924439
0.1885 0.926826
0.1895 0.929177
0.1905 0.931492
0.1915 0.93377
0.1925 0.936012
0.1935 0.938216
0.1945 0.940383
0.1955 0.942512
0.1965 0.944604
0.1975 0.946659
0.1985 0.948677
0.1995 0.950657
0.2005 0.9526
0.2015 0.954506
0.2025 0.956373
0.2035 0.958203
0.2045 0.959994
0.2055 0.961748
0.2065 0.963463
0.2075 0.965141
0.2085 0.966782
0.2095 0.968383
0.2105 0.969946
0.2115 0.971472
0.2125 0.972959
0.2135 0.974409
0.2145 0.975819
0.2155 0.97719
0.2165 0.978523
0.2175 0.979817
0.2185 0.981073
0.2195 0.982289
0.2205 0.983467
0.2215 0.984607
0.2225 0.985707
0.2235 0.986769
0.2245 0.987791
0.2255 0.988774
0.2265 0.989718
0.2275 0.990623
0.2285 0.991489
0.2295 0.992317
0.2305 0.993104
0.2315 0.993853
0.2325 0.994563
0.2335 0.995234
0.2345 0.995866
0.2355 0.996457
0.2365 0.99701
0.2375 0.997522
0.2385 0.997996
0.2395 0.99843
0.2405 0.998825
0.2415 0.99918
0.2425 0.999496
0.2435 0.999773
0.2445 1.00001
0.2455 1.00021
0.2465 1.00036
0.2475 1.00048
0.2485 1.00056
0.2495 1.0006
0.2505 1.0006
0.2515 1.00056
0.2525 1.00048
0.2535 1.00036
0.2545 1.00021
0.2555 1.00001
0.2565 0.999773
0.2575 0.999496
0.2585 0.99918
0.2595 0.998825
0.2605 0.99843
0.2615 0.997996
0.2625 0.997522
0.2635 0.99701
0.2645 0.996457
0.2655 0.995866
0.2665 0.995234
0.2675 0.994563
0.2685 0.993853
0.2695 0.993104
0.2705 0.992317
0.2715 0.991489
0.2725 0.990623
0.2735 0.989718
0.2745 0.988774
0.2755 0.987791
0.2765 0.986769
0.2775 0.985707
0.2785 0.984607
0.2795 0.983467
0.2805 0.982289
0.2815 0.981073
0.2825 0.979817
0.2835 0.978523
0.2845 0.97719
0.2855 0.975819
0.2865 0.974409
0.2875 0.972959
0.2885 0.971472
0.2895 0.969946
0.2905 0.968383
0.2915 0.966782
0.2925 0.965141
0.2935 0.963463
0.2945 0.961748
0.2955 0.959994
0.2965 0.958203
0.2975 0.956373
0.2985 0.954506
0.2995 0.9526
0.3005 0.950657
0.3015 0.948677
0.3025 0.946659
0.3035 0.944604
0.3045 0.942512
0.3055 0.940383
0.3065 0.938216
0.3075 0.936012
0.3085 0.93377
0.3095 0.931492
0.3105 0.929177
0.3115 0.926826
0.3125 0.924439
0.3135 0.922014
0.3145 0.919554
0.3155 0.917058
0.3165 0.914525
0.3175 0.911956
0.3185 0.909351
0.3195 0.90671
0.3205 0.904033
0.3215 0.901321
0.3225 0.898572
0.3235 0.895789
0.3245 0.89297
0.3255 0.890116
0.3265 0.887227
0.3275 0.884302
0.3285 0.881342
0.3295 0.878347
0.3305 0.875318
0.3315 0.872255
0.3325 0.869157
0.3335 0.866025
0.3345 0.862858
0.3355 0.859658
0.3365 0.856425
0.3375 0.853157
0.3385 0.849856
0.3395 0.846521
0.3405 0.843152
0.3415 0.83975
0.3425 0.836314
0.3435 0.832846
0.3445 0.829345
0.3455 0.825811
0.3465 0.822245
0.3475 0.818647
0.3485 0.815015
0.3495 0.811351
0.3505 0.807655
0.3515 0.803927
0.3525 0.800168
0.3535 0.796378
0.3545 0.792556
0.3555 0.788702
0.3565 0.784818
0.3575 0.780903
0.3585 0.776958
0.3595 0.772981
0.3605 0.768973
0.3615 0.764935
0.3625 0.760867
0.3635 0.756769
0.3645 0.752641
0.3655 0.748484
0.3665 0.744296
0.3675 0.74008
0.3685 0.735834
0.3695 0.731559
0.3705 0.727255
0.3715 0.722922
0.3725 0.71856
0.3735 0.714171
0.3745 0.709754
0.3755 0.705308
0.3765 0.700834
0.3775 0.696334
0.3785 0.691806
0.3795 0.68725
0.3805 0.682668
0.3815 0.678058
0.3825 0.673421
0.3835 0.668757
0.3845 0.664068
0.3855 0.659352
0.3865 0.65461
0.3875 0.649842
0.3885 0.645049
0.3895 0.64023
0.3905 0.635386
0.3915 0.630515
0.3925 0.62562
0.3935 0.620701
0.3945 0.615758
0.3955 0.610791
0.3965 0.605799
0.3975 0.600783
0.3985 0.595744
0.3995 0.590682
0.4005 0.585596
0.4015 0.580486
0.4025 0.575354
0.4035 0.570199
0.4045 0.565021
0.4055 0.559822
0.4065 0.5546
0.4075 0.549356
0.4085 0.54409
0.4095 0.538804
0.4105 0.533496
0.4115 0.528166
0.4125 0.522815
0.4135 0.517443
0.4145 0.512052
0.4155 0.50664
0.4165 0.501209
0.4175 0.495757
0.4185 0.490287
0.4195 0.484798
0.4205 0.479289
0.4215 0.473761
0.4225 0.468214
0.4235 0.462648
0.4245 0.457065
0.4255 0.451463
0.4265 0.445843
0.4275 0.440206
0.4285 0.434551
0.4295 0.42888
0.4305 0.423192
0.4315 0.417486
0.4325 0.411764
0.4335 0.406025
0.4345 0.40027
0.4355 0.3945
0.4365 0.388715
0.4375 0.382914
0.4385 0.377098
0.4395 0.371267
0.4405 0.365423
0.4415 0.359563
0.4425 0.353689
0.4435 0.347801
0.4445 0.3419
0.4455 0.335984
0.4465 0.330055
0.4475 0.324114
0.4485 0.318159
0.4495 0.312193
0.4505 0.306213
0.4515 0.300222
0.4525 0.294219
0.4535 0.288203
0.4545 0.282176
0.4555 0.276139
0.4565 0.27009
0.4575 0.264032
0.4585 0.257962
0.4595 0.251882
0.4605 0.245794
0.4615 0.239695
0.4625 0.233587
0.4635 0.227469
0.4645 0.221342
0.4655 0.215207
0.4665 0.209063
0.4675 0.20291
0.4685 0.19675
0.4695 0.190582
0.4705 0.184406
0.4715 0.178224
0.4725 0.172034
0.4735 0.165837
0.4745 0.159633
0.4755 0.153422
0.4765 0.147206
0.4775 0.140985
0.4785 0.134758
0.4795 0.128526
0.4805 0.122288
0.4815 0.116047
0.4825 0.109801
0.4835 0.10355
0.4845 0.0972944
0.4855 0.0910355
0.4865 0.0847728
0.4875 0.0785066
0.4885 0.0722375
0.4895 0.0659655
0.4905 0.059691
0.4915 0.0534142
0.4925 0.0471352
0.4935 0.0408545
0.4945 0.0345719
0.4955 0.0282871
0.4965 0.0220008
0.4975 0.0157143
0.4985 0.00942836
0.4995 0.00314289
0.5005 -0.00314289
0.5015 -0.00942836
0.5025 -0.0157143
0.5035 -0.0220008
0.5045 -0.0282871
0.5055 -0.0345719
0.5065 -0.0408545
0.5075 -0.0471352
0.5085 -0.0534142
0.5095 -0.059691
0.5105 -0.0659655
0.5115 -0.0722375
0.5125 -0.0785066
0.5135 -0.0847728
0.5145 -0.0910355
0.5155 -0.0972944
0.5165 -0.10355
0.5175 -0.109801
0.5185 -0.116047
0.5195 -0.122288
0.5205 -0.128526
0.5215 -0.134758
0.5225 -0.140985
0.5235 -0.147206
0.5245 -0.153422
0.5255 -0.159633
0.5265 -0.165837
0.5275 -0.172034
0.5285 -0.178224
0.5295 -0.184406
0.5305 -0.190582
0.5315 -0.19675
0.5325 -0.20291
0.5335 -0.209063
0.5345 -0.215207
0.5355 -0.221342
0.5365 -0.227469
0.5375 -0.233587
0.5385 -0.239695
0.5395 -0.245794
0.5405 -0.251882
0.5415 -0.257962
0.5425 -0.264032
0.5435 -0.27009
0.5445 -0.276139
0.5455 -0.282176
0.5465 -0.288203
0.5475 -0.294219
0.5485 -0.300222
0.5495 -0.306213
0.5505 -0.312193
0.5515 -0.318159
0.5525 -0.324114
0.5535 -0.330055
0.5545 -0.335984
0.5555 -0.3419
0.5565 -0.347801
0.5575 -0.353689
0.5585 -0.359563
0.5595 -0.365423
0.5605 -0.371267
0.5615 -0.377098
0.5625 -0.382914
0.5635 -0.388715
0.5645 -0.3945
0.5655 -0.40027
0.5665 -0.406025
0.5675 -0.411764
0.5685 -0.417486
0.5695 -0.423192
0.5705 -0.42888
0.5715 -0.434551
0.5725 -0.440206
0.5735 -0.445843
0.5745 -0.451463
0.5755 -0.457065
0.5765 -0.462648
0.5775 -0.468214
0.5785 -0.473761
0.5795 -0.479289
0.5805 -0.484798
0.5815 -0.490287
0.5825 -0.495757
0.5835 -0.501209
0.5845 -0.50664
0.5855 -0.512052
0.5865 -0.517443
0.5875 -0.522815
0.5885 -0.528166
0.5895 -0.533496
0.5905 -0.538804
0.5915 -0.54409
0.5925 -0.549356
0.5935 -0.5546
0.5945 -0.559822
0.5955 -0.565021
0.5965 -0.570199
0.5975 -0.575354
0.5985 -0.580486
0.5995 -0.585596
0.6005 -0.590682
0.6015 -0.595744
0.6025 -0.600783
0.6035 -0.605799
0.6045 -0.610791
0.6055 -0.615758
0.6065 -0.620701
0.6075 -0.62562
0.6085 -0.630515
0.6095 -0.635386
0.6105 -0.64023
0.6115 -0.645049
0.6125 -0.649842
0.6135 -0.65461
0.6145 -0.659352
0.6155 -0.664068
0.6165 -0.668757
0.6175 -0.673421
0.6185 -0.678058
0.6195 -0.682668
0.6205 -0.68725
0.6215 -0.691806
0.6225 -0.696334
0.6235 -0.700834
0.6245 -0.705308
0.6255 -0.709754
0.6265 -0.714171
0.6275 -0.71856
0.6285 -0.722922
0.6295 -0.727255
0.6305 -0.731559
0.6315 -0.735834
0.6325 -0.74008
0.6335 -0.744296
0.6345 -0.748484
0.6355 -0.752641
0.6365 -0.756769
0.6375 -0.760867
0.6385 -0.764935
0.6395 -0.768973
0.6405 -0.772981
0.6415 -0.776958
0.6425 -0.780903
0.6435 -0.784818
0.6445 -0.788702
0.6455 -0.792556
0.6465 -0.796378
0.6475 -0.800168
0.6485 -0.803927
0.6495 -0.807655
0.6505 -0.811351
0.6515 -0.815015
0.6525 -0.818647
0.6535 -0.822245
0.6545 -0.825811
0.6555 -0.829345
0.6565 -0.832846
0.6575 -0.836314
0.6585 -0.83975
0.6595 -0.843152
0.6605 -0.846521
0.6615 -0.849856
0.6625 -0.853157
0.6635 -0.856425
0.6645 -0.859658
0.6655 -0.862858
0.6665 -0.866025
0.6675 -0.869157
0.6685 -0.872255
0.6695 -0.875318
0.6705 -0.878347
0.6715 -0.881342
0.6725 -0.884302
0.6735 -0.887227
0.6745 -0.890116
0.6755 -0.89297
0.6765 -0.895789
0.6775 -0.898572
0.6785 -0.901321
0.6795 -0.904033
0.6805 -0.90671
0.6815 -0.909351
0.6825 -0.911956
0.6835 -0.914525
0.6845 -0.917058
0.6855 -0.919554
0.6865 -0.922014
0.6875 -0.924439
0.6885 -0.926826
0.6895 -0.929177
0.6905 -0.931492
0.6915 -0.93377
0.6925 -0.936012
0.6935 -0.938216
0.6945 -0.940383
0.6955 -0.942512
0.6965 -0.944604
0.6975 -0.946659
0.6985 -0.948677
0.6995 -0.950657
0.7005 -0.9526
0.7015 -0.954506
0.7025 -0.956373
0.7035 -0.958203
0.7045 -0.959994
0.7055 -0.961748
0.7065 -0.963463
0.7075 -0.965141
0.7085 -0.966782
0.7095 -0.968383
0.7105 -0.969946
0.7115 -0.971472
0.7125 -0.972959
0.7135 -0.974409
0.7145 -0.975819
0.7155 -0.97719
0.7165 -0.978523
0.7175 -0.979817
0.7185 -0.981073
0.7195 -0.982289
0.7205 -0.983467
0.7215 -0.984607
0.7225 -0.985707
0.7235 -0.986769
0.7245 -0.987791
0.7255 -0.988774
0.7265 -0.989718
0.7275 -0.990623
0.7285 -0.991489
0.7295 -0.992317
0.7305 -0.993104
0.7315 -0.993853
0.7325 -0.994563
0.7335 -0.995234
0.7345 -0.995866
0.7355 -0.996457
0.7365 -0.99701
0.7375 -0.997522
0.7385 -0.997996
0.7395 -0.99843
0.7405 -0.998825
0.7415 -0.99918
0.7425 -0.999496
0.7435 -0.999773
0.7445 -1.00001
0.7455 -1.00021
0.7465 -1.00036
0.7475 -1.00048
0.7485 -1.00056
0.7495 -1.0006
0.7505 -1.0006
0.7515 -1.00056
0.7525 -1.00048
0.7535 -1.00036
0.7545 -1.00021
0.7555 -1.00001
0.7565 -0.999773
0.7575 -0.999496
0.7585 -0.99918
0.7595 -0.998825
0.7605 -0.99843
0.7615 -0.997996
0.7625 -0.997522
0.7635 -0.99701
0.7645 -0.996457
0.7655 -0.995866
0.7665 -0.995234
0.7675 -0.994563
0.7685 -0.993853
0.7695 -0.993104
0.7705 -0.992317
0.7715 -0.991489
0.7725 -0.990623
0.7735 -0.989718
0.7745 -0.988774
0.7755 -0.987791
0.7765 -0.986769
0.7775 -0.985707
0.7785 -0.984607
0.7795 -0.983467
0.7805 -0.982289
0.7815 -0.981073
0.7825 -0.979817
0.7835 -0.978523
0.7845 -0.97719
0.7855 -0.975819
0.7865 -0.974409
0.7875 -0.972959
0.7885 -0.971472
0.7895 -0.969946
0.7905 -0.968383
0.7915 -0.966782
0.7925 -0.965141
0.7935 -0.963463
0.7945 -0.961748
0.7955 -0.959994
0.7965 -0.958203
0.7975 -0.956373
0.7985 -0.954506
0.7995 -0.9526
0.8005 -0.950657
0.8015 -0.948677
0.8025 -0.946659
0.8035 -0.944604
0.8045 -0.942512
0.8055 -0.940383
0.8065 -0.938216
0.8075 -0.936012
0.8085 -0.93377
0.8095 -0.931492
0.8105 -0.929177
0.8115 -0.926826
0.8125 -0.924439
0.8135 -0.922014
0.8145 -0.919554
0.8155 -0.917058
0.8165 -0.914525
0.8175 -0.911956
0.8185 -0.909351
0.8195 -0.90671
0.8205 -0.904033
0.8215 -0.901321
0.8225 -0.898572
0.8235 -0.895789
0.8245 -0.89297
0.8255 -0.890116
0.8265 -0.887227
0.8275 -0.884302
0.8285 -0.881342
0.8295 -0.878347
0.8305 -0.875318
0.8315 -0.872255
0.8325 -0.869157
0.8335 -0.866025
0.8345 -0.862858
0.8355 -0.859658
0.8365 -0.856425
0.8375 -0.853157
0.8385 -0.849856
0.8395 -0.846521
0.8405 -0.843152
0.8415 -0.83975
0.8425 -0.836314
0.8435 -0.832846
0.8445 -0.829345
0.8455 -0.825811
0.8465 -0.822245
0.8475 -0.818647
0.8485 -0.815015
0.8495 -0.811351
0.8505 -0.807655
0.8515 -0.803927
0.8525 -0.800168
0.8535 -0.796378
0.8545 -0.792556
0.8555 -0.788702
0.8565 -0.784818
0.8575 -0.780903
0.8585 -0.776958
0.8595 -0.772981
0.8605 -0.768973
0.8615 -0.764935
0.8625 -0.760867
0.8635 -0.756769
0.8645 -0.752641
0.8655 -0.748484
0.8665 -0.744296
0.8675 -0.74008
0.8685 -0.735834
0.8695 -0.731559
0.8705 -0.727255
0.8715 -0.722922
0.8725 -0.71856
0.8735 -0.714171
0.8745 -0.709754
0.8755 -0.705308
0.8765 -0.700834
0.8775 -0.696334
0.8785 -0.691806
0.8795 -0.68725
0.8805 -0.682668
0.8815 -0.678058
0.8825 -0.673421
0.8835 -0.668757
0.8845 -0.664068
0.8855 -0.659352
0.8865 -0.65461
0.8875 -0.649842
0.8885 -0.645049
0.8895 -0.64023
0.8905 -0.635386
0.8915 -0.630515
0.8925 -0.62562
0.8935 -0.620701
0.8945 -0.615758
0.8955 -0.610791
0.8965 -0.605799
0.8975 -0.600783
0.8985 -0.595744
0.8995 -0.590682
0.9005 -0.585596
0.9015 -0.580486
0.9025 -0.575354
0.9035 -0.570199
0.9045 -0.565021
0.9055 -0.559822
0.9065 -0.5546
0.9075 -0.549356
0.9085 -0.54409
0.9095 -0.538804
0.9105 -0.533496
0.9115 -0.528166
0.9125 -0.522815
0.9135 -0.517443
0.9145 -0.512052
0.9155 -0.50664
0.9165 -0.501209
0.9175 -0.495757
0.9185 -0.490287
0.9195 -0.484798
0.9205 -0.479289
0.9215 -0.473761
0.9225 -0.468214
0.9235 -0.462648
0.9245 -0.457065
0.9255 -0.451463
0.9265 -0.445843
0.9275 -0.440206
0.9285 -0.434551
0.9295 -0.42888
0.9305 -0.423192
0.9315 -0.417486
0.9325 -0.411764
0.9335 -0.406025
0.9345 -0.40027
0.9355 -0.3945
0.9365 -0.388715
0.9375 -0.382914
0.9385 -0.377098
0.9395 -0.371267
0.9405 -0.365423
0.9415 -0.359563
0.9425 -0.353689
0.9435 -0.347801
0.9445 -0.3419
0.9455 -0.335984
0.9465 -0.330055
0.9475 -0.324114
0.9485 -0.318159
0.9495 -0.312193
0.9505 -0.306213
0.9515 -0.300222
0.9525 -0.294219
0.9535 -0.288203
0.9545 -0.282176
0.9555 -0.276139
0.9565 -0.27009
0.9575 -0.264032
0.9585 -0.257962
0.9595 -0.251882
0.9605 -0.245794
0.9615 -0.239695
0.9625 -0.233587
0.9635 -0.227469
0.9645 -0.221342
0.9655 -0.215207
0.9665 -0.209063
0.9675 -0.20291
0.9685 -0.19675
0.9695 -0.190582
0.9705 -0.184406
0.9715 -0.178224
0.9725 -0.172034
0.9735 -0.165837
0.9745 -0.159633
0.9755 -0.153422
0.9765 -0.147206
0.9775 -0.140985
0.9785 -0.134758
0.9795 -0.128526
0.9805 -0.122288
0.9815 -0.116047
0.9825 -0.109801
0.9835 -0.10355
0.9845 -0.0972944
0.9855 -0.0910355
0.9865 -0.0847728
0.9875 -0.0785066
0.9885 -0.0722375
0.9895 -0.0659655
0.9905 -0.059691
0.9915 -0.0534142
0.9925 -0.0471352
0.9935 -0.0408545
0.9945 -0.0345719
0.9955 -0.0282871
0.9965 -0.0220008
0.9975 -0.0157143
0.9985 -0.00942836
0.9995 -0.00314289
