
# time= 0
0.0005 0.00314159
0.0015 0.00942464
0.0025 0.0157073
0.0035 0.0219894
0.0045 0.0282706
0.0055 0.0345506
0.0065 0.0408294
0.0075 0.0471065
0.0085 0.0533817
0.0095 0.0596548
0.0105 0.0659256
0.0115 0.0721938
0.0125 0.0784591
0.0135 0.0847213
0.0145 0.0909802
0.0155 0.0972355
0.0165 0.103487
0.0175 0.109734
0.0185 0.115977
0.0195 0.122216
0.0205 0.128449
0.0215 0.134678
0.0225 0.140901
0.0235 0.147119
0.0245 0.153331
0.0255 0.159537
0.0265 0.165736
0.0275 0.171929
0.0285 0.178115
0.0295 0.184294
0.0305 0.190466
0.0315 0.196631
0.0325 0.202787
0.0335 0.208936
0.0345 0.215076
0.0355 0.221208
0.0365 0.227331
0.0375 0.233445
0.0385 0.23955
0.0395 0.245646
0.0405 0.251732
0.0415 0.257807
0.0425 0.263873
0.0435 0.269928
0.0445 0.275973
0.0455 0.282007
0.0465 0.288029
0.0475 0.29404
0.0485 0.30004
0.0495 0.306028
0.0505 0.312003
0.0515 0.317967
0.0525 0.323917
0.0535 0.329855
0.0545 0.33578
0.0555 0.341692
0.0565 0.34759
0.0575 0.353475
0.0585 0.359345
0.0595 0.365202
0.0605 0.371044
0.0615 0.376871
0.0625 0.382683
0.0635 0.388481
0.0645 0.394263
0.0655 0.400029
0.0665 0.40578
0.0675 0.411514
0.0685 0.417233
0.0695 0.422935
0.0705 0.42862
0.0715 0.434288
0.0725 0.439939
0.0735 0.445573
0.0745 0.451189
0.0755 0.456787
0.0765 0.462368
0.0775 0.46793
0.0785 0.473473
0.0795 0.478998
0.0805 0.484504
0.0815 0.489991
0.0825 0.495459
0.0835 0.500907
0.0845 0.506335
0.0855 0.511743
0.0865 0.517131
0.0875 0.522499
0.0885 0.527846
0.0895 0.533172
0.0905 0.538477
0.0915 0.54376
0.0925 0.549023
0.0935 0.554263
0.0945 0.559482
0.0955 0.564679
0.0965 0.569853
0.0975 0.575005
0.0985 0.580134
0.0995 0.585241
0.1005 0.590324
0.1015 0.595384
0.1025 0.60042
0.1035 0.605433
0.1045 0.610422
0.1055 0.615386
0.1065 0.620327
0.1075 0.625243
0.1085 0.630134
0.1095 0.635
0.1105 0.639841
0.1115 0.644657
0.1125 0.649448
0.1135 0.654213
0.1145 0.658952
0.1155 0.663665
0.1165 0.668352
0.1175 0.673013
0.1185 0.677646
0.1195 0.682254
0.1205 0.686834
0.1215 0.691387
0.1225 0.695913
0.1235 0.700411
0.1245 0.704882
0.1255 0.709325
0.1265 0.71374
0.1275 0.718126
0.1285 0.722485
0.1295 0.726814
0.1305 0.731116
0.1315 0.735388
0.1325 0.739631
0.1335 0.743845
0.1345 0.74803
0.1355 0.752185
0.1365 0.75631
0.1375 0.760406
0.1385 0.764472
0.1395 0.768507
0.1405 0.772512
0.1415 0.776487
0.1425 0.78043
0.1435 0.784343
0.1445 0.788226
0.1455 0.792077
0.1465 0.795896
0.1475 0.799685
0.1485 0.803441
0.1495 0.807166
0.1505 0.81086
0.1515 0.814521
0.1525 0.81815
0.1535 0.821746
0.1545 0.825311
0.1555 0.828842
0.1565 0.832341
0.1575 0.835807
0.1585 0.83924
0.1595 0.84264
0.1605 0.846007
0.1615 0.84934
0.1625 0.85264
0.1635 0.855906
0.1645 0.859139
0.1655 0.862337
0.1665 0.865501
0.1675 0.868632
0.1685 0.871727
0.1695 0.874789
0.1705 0.877816
0.1715 0.880808
0.1725 0.883766
0.1735 0.886688
0.1745 0.889576
0.1755 0.892428
0.1765 0.895246
0.1775 0.898028
0.1785 0.900774
0.1795 0.903485
0.1805 0.90616
0.1815 0.9088
0.1825 0.911403
0.1835 0.913971
0.1845 0.916502
0.1855 0.918998
0.1865 0.921457
0.1875 0.92388
0.1885 0.926266
0.1895 0.928615
0.1905 0.930928
0.1915 0.933205
0.1925 0.935444
0.1935 0.937646
0.1945 0.939812
0.1955 0.94194
0.1965 0.944031
0.1975 0.946085
0.1985 0.948102
0.1995 0.950081
0.2005 0.952023
0.2015 0.953927
0.2025 0.955793
0.2035 0.957622
0.2045 0.959412
0.2055 0.961165
0.2065 0.96288
0.2075 0.964557
0.2085 0.966196
0.2095 0.967797
0.2105 0.96936
0.2115 0.970884
0.2125 0.97237
0.2135 0.973817
0.2145 0.975227
0.2155 0.976597
0.2165 0.977929
0.2175 0.979223
0.2185 0.980478
0.2195 0.981694
0.2205 0.982871
0.2215 0.98401
0.2225 0.985109
0.2235 0.98617
0.2245 0.987192
0.2255 0.988175
0.2265 0.989119
0.2275 0.990024
0.2285 0.990889
0.2295 0.991716
0.2305 0.992504
0.2315 0.993252
0.2325 0.993961
0.2335 0.994631
0.2345 0.995261
0.2355 0.995853
0.2365 0.996405
0.2375 0.996917
0.2385 0.997391
0.2395 0.997825
0.2405 0.998219
0.2415 0.998574
0.2425 0.99889
0.2435 0.999166
0.2445 0.999403
0.2455 0.9996
0.2465 0.999758
0.2475 0.999877
0.2485 0.999956
0.2495 0.999995
0.2505 0.999995
0.2515 0.999956
0.2525 0.999877
0.2535 0.999758
0.2545 0.9996
0.2555 0.999403
0.2565 0.999166
0.2575 0.99889
0.2585 0.998574
0.2595 0.998219
0.2605 0.997825
0.2615 0.997391
0.2625 0.996917
0.2635 0.996405
0.2645 0.995853
0.2655 0.995261
0.2665 0.994631
0.2675 0.993961
0.2685 0.993252
0.2695 0.992504
0.2705 0.991716
0.2715 0.990889
0.2725 0.990024
0.2735 0.989119
0.2745 0.988175
0.2755 0.987192
0.2765 0.98617
0.2775 0.985109
0.2785 0.98401
0.2795 0.982871
0.2805 0.981694
0.2815 0.980478
0.2825 0.979223
0.2835 0.977929
0.2845 0.976597
0.2855 0.975227
0.2865 0.973817
0.2875 0.97237
0.2885 0.970884
0.2895 0.96936
0.2905 0.967797
0.2915 0.966196
0.2925 0.964557
0.2935 0.96288
0.2945 0.961165
0.2955 0.959412
0.2965 0.957622
0.2975 0.955793
0.2985 0.953927
0.2995 0.952023
0.3005 0.950081
0.3015 0.948102
0.3025 0.946085
0.3035 0.944031
0.3045 0.94194
0.3055 0.939812
0.3065 0.937646
0.3075 0.935444
0.3085 0.933205
0.3095 0.930928
0.3105 0.928615
0.3115 0.926266
0.3125 0.92388
0.3135 0.921457
0.3145 0.918998
0.3155 0.916502
0.3165 0.913971
0.3175 0.911403
0.3185 0.9088
0.3195 0.90616
0.3205 0.903485
0.3215 0.900774
0.3225 0.898028
0.3235 0.895246
0.3245 0.892428
0.3255 0.889576
0.3265 0.886688
0.3275 0.883766
0.3285 0.880808
0.3295 0.877816
0.3305 0.874789
0.3315 0.871727
0.3325 0.868632
0.3335 0.865501
0.3345 0.862337
0.3355 0.859139
0.3365 0.855906
0.3375 0.85264
0.3385 0.84934
0.3395 0.846007
0.3405 0.84264
0.3415 0.83924
0.3425 0.835807
0.3435 0.832341
0.3445 0.828842
0.3455 0.825311
0.3465 0.821746
0.3475 0.81815
0.3485 0.814521
0.3495 0.81086
0.3505 0.807166
0.3515 0.803441
0.3525 0.799685
0.3535 0.795896
0.3545 0.792077
0.3555 0.788226
0.3565 0.784343
0.3575 0.78043
0.3585 0.776487
0.3595 0.772512
0.3605 0.768507
0.3615 0.764472
0.3625 0.760406
0.3635 0.75631
0.3645 0.752185
0.3655 0.74803
0.3665 0.743845
0.3675 0.739631
0.3685 0.735388
0.3695 0.731116
0.3705 0.726814
0.3715 0.722485
0.3725 0.718126
0.3735 0.71374
0.3745 0.709325
0.3755 0.704882
0.3765 0.700411
0.3775 0.695913
0.3785 0.691387
0.3795 0.686834
0.3805 0.682254
0.3815 0.677646
0.3825 0.673013
0.3835 0.668352
0.3845 0.663665
0.3855 0.658952
0.3865 0.654213
0.3875 0.649448
0.3885 0.644657
0.3895 0.639841
0.3905 0.635
0.3915 0.630134
0.3925 0.625243
0.3935 0.620327
0.3945 0.615386
0.3955 0.610422
0.3965 0.605433
0.3975 0.60042
0.3985 0.595384
0.3995 0.590324
0.4005 0.585241
0.4015 0.580134
0.4025 0.575005
0.4035 0.569853
0.4045 0.564679
0.4055 0.559482
0.4065 0.554263
0.4075 0.549023
0.4085 0.54376
0.4095 0.538477
0.4105 0.533172
0.4115 0.527846
0.4125 0.522499
0.4135 0.517131
0.4145 0.511743
0.4155 0.506335
0.4165 0.500907
0.4175 0.495459
0.4185 0.489991
0.4195 0.484504
0.4205 0.478998
0.4215 0.473473
0.4225 0.46793
0.4235 0.462368
0.4245 0.456787
0.4255 0.451189
0.4265 0.445573
0.4275 0.439939
0.4285 0.434288
0.4295 0.42862
0.4305 0.422935
0.4315 0.417233
0.4325 0.411514
0.4335 0.40578
0.4345 0.400029
0.4355 0.394263
0.4365 0.388481
0.4375 0.382683
0.4385 0.376871
0.4395 0.371044
0.4405 0.365202
0.4415 0.359345
0.4425 0.353475
0.4435 0.34759
0.4445 0.341692
0.4455 0.33578
0.4465 0.329855
0.4475 0.323917
0.4485 0.317967
0.4495 0.312003
0.4505 0.306028
0.4515 0.30004
0.4525 0.29404
0.4535 0.288029
0.4545 0.282007
0.4555 0.275973
0.4565 0.269928
0.4575 0.263873
0.4585 0.257807
0.4595 0.251732
0.4605 0.245646
0.4615 0.23955
0.4625 0.233445
0.4635 0.227331
0.4645 0.221208
0.4655 0.215076
0.4665 0.208936
0.4675 0.202787
0.4685 0.196631
0.4695 0.190466
0.4705 0.184294
0.4715 0.178115
0.4725 0.171929
0.4735 0.165736
0.4745 0.159537
0.4755 0.153331
0.4765 0.147119
0.4775 0.140901
0.4785 0.134678
0.4795 0.128449
0.4805 0.122216
0.4815 0.115977
0.4825 0.109734
0.4835 0.103487
0.4845 0.0972355
0.4855 0.0909802
0.4865 0.0847213
0.4875 0.0784591
0.4885 0.0721938
0.4895 0.0659256
0.4905 0.0596548
0.4915 0.0533817
0.4925 0.0471065
0.4935 0.0408294
0.4945 0.0345506
0.4955 0.0282706
0.4965 0.0219894
0.4975 0.0157073
0.4985 0.00942464
0.4995 0.00314159
0.5005 -0.00314159
0.5015 -0.00942464
0.5025 -0.0157073
0.5035 -0.0219894
0.5045 -0.0282706
0.5055 -0.0345506
0.5065 -0.0408294
0.5075 -0.0471065
0.5085 -0.0533817
0.5095 -0.0596548
0.5105 -0.0659256
0.5115 -0.0721938
0.5125 -0.0784591
0.5135 -0.0847213
0.5145 -0.0909802
0.5155 -0.0972355
0.5165 -0.103487
0.5175 -0.109734
0.5185 -0.115977
0.5195 -0.122216
0.5205 -0.128449
0.5215 -0.134678
0.5225 -0.140901
0.5235 -0.147119
0.5245 -0.153331
0.5255 -0.159537
0.5265 -0.165736
0.5275 -0.171929
0.5285 -0.178115
0.5295 -0.184294
0.5305 -0.190466
0.5315 -0.196631
0.5325 -0.202787
0.5335 -0.208936
0.5345 -0.215076
0.5355 -0.221208
0.5365 -0.227331
0.5375 -0.233445
0.5385 -0.23955
0.5395 -0.245646
0.5405 -0.251732
0.5415 -0.257807
0.5425 -0.263873
0.5435 -0.269928
0.5445 -0.275973
0.5455 -0.282007
0.5465 -0.288029
0.5475 -0.29404
0.5485 -0.30004
0.5495 -0.306028
0.5505 -0.312003
0.5515 -0.317967
0.5525 -0.323917
0.5535 -0.329855
0.5545 -0.33578
0.5555 -0.341692
0.5565 -0.34759
0.5575 -0.353475
0.5585 -0.359345
0.5595 -0.365202
0.5605 -0.371044
0.5615 -0.376871
0.5625 -0.382683
0.5635 -0.388481
0.5645 -0.394263
0.5655 -0.400029
0.5665 -0.40578
0.5675 -0.411514
0.5685 -0.417233
0.5695 -0.422935
0.5705 -0.42862
0.5715 -0.434288
0.5725 -0.439939
0.5735 -0.445573
0.5745 -0.451189
0.5755 -0.456787
0.5765 -0.462368
0.5775 -0.46793
0.5785 -0.473473
0.5795 -0.478998
0.5805 -0.484504
0.5815 -0.489991
0.5825 -0.495459
0.5835 -0.500907
0.5845 -0.506335
0.5855 -0.511743
0.5865 -0.517131
0.5875 -0.522499
0.5885 -0.527846
0.5895 -0.533172
0.5905 -0.538477
0.5915 -0.54376
0.5925 -0.549023
0.5935 -0.554263
0.5945 -0.559482
0.5955 -0.564679
0.5965 -0.569853
0.5975 -0.575005
0.5985 -0.580134
0.5995 -0.585241
0.6005 -0.590324
0.6015 -0.595384
0.6025 -0.60042
0.6035 -0.605433
0.6045 -0.610422
0.6055 -0.615386
0.6065 -0.620327
0.6075 -0.625243
0.6085 -0.630134
0.6095 -0.635
0.6105 -0.639841
0.6115 -0.644657
0.6125 -0.649448
0.6135 -0.654213
0.6145 -0.658952
0.6155 -0.663665
0.6165 -0.668352
0.6175 -0.673013
0.6185 -0.677646
0.6195 -0.682254
0.6205 -0.686834
0.6215 -0.691387
0.6225 -0.695913
0.6235 -0.700411
0.6245 -0.704882
0.6255 -0.709325
0.6265 -0.71374
0.6275 -0.718126
0.6285 -0.722485
0.6295 -0.726814
0.6305 -0.731116
0.6315 -0.735388
0.6325 -0.739631
0.6335 -0.743845
0.6345 -0.74803
0.6355 -0.752185
0.6365 -0.75631
0.6375 -0.760406
0.6385 -0.764472
0.6395 -0.768507
0.6405 -0.772512
0.6415 -0.776487
0.6425 -0.78043
0.6435 -0.784343
0.6445 -0.788226
0.6455 -0.792077
0.6465 -0.795896
0.6475 -0.799685
0.6485 -0.803441
0.6495 -0.807166
0.6505 -0.81086
0.6515 -0.814521
0.6525 -0.81815
0.6535 -0.821746
0.6545 -0.825311
0.6555 -0.828842
0.6565 -0.832341
0.6575 -0.835807
0.6585 -0.83924
0.6595 -0.84264
0.6605 -0.846007
0.6615 -0.84934
0.6625 -0.85264
0.6635 -0.855906
0.6645 -0.859139
0.6655 -0.862337
0.6665 -0.865501
0.6675 -0.868632
0.6685 -0.871727
0.6695 -0.874789
0.6705 -0.877816
0.6715 -0.880808
0.6725 -0.883766
0.6735 -0.886688
0.6745 -0.889576
0.6755 -0.892428
0.6765 -0.895246
0.6775 -0.898028
0.6785 -0.900774
0.6795 -0.903485
0.6805 -0.90616
0.6815 -0.9088
0.6825 -0.911403
0.6835 -0.913971
0.6845 -0.916502
0.6855 -0.918998
0.6865 -0.921457
0.6875 -0.92388
0.6885 -0.926266
0.6895 -0.928615
0.6905 -0.930928
0.6915 -0.933205
0.6925 -0.935444
0.6935 -0.937646
0.6945 -0.939812
0.6955 -0.94194
0.6965 -0.944031
0.6975 -0.946085
0.6985 -0.948102
0.6995 -0.950081
0.7005 -0.952023
0.7015 -0.953927
0.7025 -0.955793
0.7035 -0.957622
0.7045 -0.959412
0.7055 -0.961165
0.7065 -0.96288
0.7075 -0.964557
0.7085 -0.966196
0.7095 -0.967797
0.7105 -0.96936
0.7115 -0.970884
0.7125 -0.97237
0.7135 -0.973817
0.7145 -0.975227
0.7155 -0.976597
0.7165 -0.977929
0.7175 -0.979223
0.7185 -0.980478
0.7195 -0.981694
0.7205 -0.982871
0.7215 -0.98401
0.7225 -0.985109
0.7235 -0.98617
0.7245 -0.987192
0.7255 -0.988175
0.7265 -0.989119
0.7275 -0.990024
0.7285 -0.990889
0.7295 -0.991716
0.7305 -0.992504
0.7315 -0.993252
0.7325 -0.993961
0.7335 -0.994631
0.7345 -0.995261
0.7355 -0.995853
0.7365 -0.996405
0.7375 -0.996917
0.7385 -0.997391
0.7395 -0.997825
0.7405 -0.998219
0.7415 -0.998574
0.7425 -0.99889
0.7435 -0.999166
0.7445 -0.999403
0.7455 -0.9996
0.7465 -0.999758
0.7475 -0.999877
0.7485 -0.999956
0.7495 -0.999995
0.7505 -0.999995
0.7515 -0.999956
0.7525 -0.999877
0.7535 -0.999758
0.7545 -0.9996
0.7555 -0.999403
0.7565 -0.999166
0.7575 -0.99889
0.7585 -0.998574
0.7595 -0.998219
0.7605 -0.997825
0.7615 -0.997391
0.7625 -0.996917
0.7635 -0.996405
0.7645 -0.995853
0.7655 -0.995261
0.7665 -0.994631
0.7675 -0.993961
0.7685 -0.993252
0.7695 -0.992504
0.7705 -0.991716
0.7715 -0.990889
0.7725 -0.990024
0.7735 -0.989119
0.7745 -0.988175
0.7755 -0.987192
0.7765 -0.98617
0.7775 -0.985109
0.7785 -0.98401
0.7795 -0.982871
0.7805 -0.981694
0.7815 -0.980478
0.7825 -0.979223
0.7835 -0.977929
0.7845 -0.976597
0.7855 -0.975227
0.7865 -0.973817
0.7875 -0.97237
0.7885 -0.970884
0.7895 -0.96936
0.7905 -0.967797
0.7915 -0.966196
0.7925 -0.964557
0.7935 -0.96288
0.7945 -0.961165
0.7955 -0.959412
0.7965 -0.957622
0.7975 -0.955793
0.7985 -0.953927
0.7995 -0.952023
0.8005 -0.950081
0.8015 -0.948102
0.8025 -0.946085
0.8035 -0.944031
0.8045 -0.94194
0.8055 -0.939812
0.8065 -0.937646
0.8075 -0.935444
0.8085 -0.933205
0.8095 -0.930928
0.8105 -0.928615
0.8115 -0.926266
0.8125 -0.92388
0.8135 -0.921457
0.8145 -0.918998
0.8155 -0.916502
0.8165 -0.913971
0.8175 -0.911403
0.8185 -0.9088
0.8195 -0.90616
0.8205 -0.903485
0.8215 -0.900774
0.8225 -0.898028
0.8235 -0.895246
0.8245 -0.892428
0.8255 -0.889576
0.8265 -0.886688
0.8275 -0.883766
0.8285 -0.880808
0.8295 -0.877816
0.8305 -0.874789
0.8315 -0.871727
0.8325 -0.868632
0.8335 -0.865501
0.8345 -0.862337
0.8355 -0.859139
0.8365 -0.855906
0.8375 -0.85264
0.8385 -0.84934
0.8395 -0.846007
0.8405 -0.84264
0.8415 -0.83924
0.8425 -0.835807
0.8435 -0.832341
0.8445 -0.828842
0.8455 -0.825311
0.8465 -0.821746
0.8475 -0.81815
0.8485 -0.814521
0.8495 -0.81086
0.8505 -0.807166
0.8515 -0.803441
0.8525 -0.799685
0.8535 -0.795896
0.8545 -0.792077
0.8555 -0.788226
0.8565 -0.784343
0.8575 -0.78043
0.8585 -0.776487
0.8595 -0.772512
0.8605 -0.768507
0.8615 -0.764472
0.8625 -0.760406
0.8635 -0.75631
0.8645 -0.752185
0.8655 -0.74803
0.8665 -0.743845
0.8675 -0.739631
0.8685 -0.735388
0.8695 -0.731116
0.8705 -0.726814
0.8715 -0.722485
0.8725 -0.718126
0.8735 -0.71374
0.8745 -0.709325
0.8755 -0.704882
0.8765 -0.700411
0.8775 -0.695913
0.8785 -0.691387
0.8795 -0.686834
0.8805 -0.682254
0.8815 -0.677646
0.8825 -0.673013
0.8835 -0.668352
0.8845 -0.663665
0.8855 -0.658952
0.8865 -0.654213
0.8875 -0.649448
0.8885 -0.644657
0.8895 -0.639841
0.8905 -0.635
0.8915 -0.630134
0.8925 -0.625243
0.8935 -0.620327
0.8945 -0.615386
0.8955 -0.610422
0.8965 -0.605433
0.8975 -0.60042
0.8985 -0.595384
0.8995 -0.590324
0.9005 -0.585241
0.9015 -0.580134
0.9025 -0.575005
0.9035 -0.569853
0.9045 -0.564679
0.9055 -0.559482
0.9065 -0.554263
0.9075 -0.549023
0.9085 -0.54376
0.9095 -0.538477
0.9105 -0.533172
0.9115 -0.527846
0.9125 -0.522499
0.9135 -0.517131
0.9145 -0.511743
0.9155 -0.506335
0.9165 -0.500907
0.9175 -0.495459
0.9185 -0.489991
0.9195 -0.484504
0.9205 -0.478998
0.9215 -0.473473
0.9225 -0.46793
0.9235 -0.462368
0.9245 -0.456787
0.9255 -0.451189
0.9265 -0.445573
0.9275 -0.439939
0.9285 -0.434288
0.9295 -0.42862
0.9305 -0.422935
0.9315 -0.417233
0.9325 -0.411514
0.9335 -0.40578
0.9345 -0.400029
0.9355 -0.394263
0.9365 -0.388481
0.9375 -0.382683
0.9385 -0.376871
0.9395 -0.371044
0.9405 -0.365202
0.9415 -0.359345
0.9425 -0.353475
0.9435 -0.34759
0.9445 -0.341692
0.9455 -0.33578
0.9465 -0.329855
0.9475 -0.323917
0.9485 -0.317967
0.9495 -0.312003
0.9505 -0.306028
0.9515 -0.30004
0.9525 -0.29404
0.9535 -0.288029
0.9545 -0.282007
0.9555 -0.275973
0.9565 -0.269928
0.9575 -0.263873
0.9585 -0.257807
0.9595 -0.251732
0.9605 -0.245646
0.9615 -0.23955
0.9625 -0.233445
0.9635 -0.227331
0.9645 -0.221208
0.9655 -0.215076
0.9665 -0.208936
0.9675 -0.202787
0.9685 -0.196631
0.9695 -0.190466
0.9705 -0.184294
0.9715 -0.178115
0.9725 -0.171929
0.9735 -0.165736
0.9745 -0.159537
0.9755 -0.153331
0.9765 -0.147119
0.9775 -0.140901
0.9785 -0.134678
0.9795 -0.128449
0.9805 -0.122216
0.9815 -0.115977
0.9825 -0.109734
0.9835 -0.103487
0.9845 -0.0972355
0.9855 -0.0909802
0.9865 -0.0847213
0.9875 -0.0784591
0.9885 -0.0721938
0.9895 -0.0659256
0.9905 -0.0596548
0.9915 -0.0533817
0.9925 -0.0471065
0.9935 -0.0408294
0.9945 -0.0345506
0.9955 -0.0282706
0.9965 -0.0219894
0.9975 -0.0157073
0.9985 -0.00942464
0.9995 -0.00314159

# time= 0.2484
0.0005 -7.37899e-05
0.0015 -0.000221369
0.0025 -0.000368943
0.0035 -0.000516497
0.0045 -0.000664029
0.0055 -0.000811535
0.0065 -0.000959008
0.0075 -0.00110644
0.0085 -0.00125384
0.0095 -0.00140118
0.0105 -0.00154836
0.0115 -0.00169569
0.0125 -0.00184285
0.0135 -0.00198995
0.0145 -0.00213696
0.0155 -0.00228388
0.0165 -0.00243071
0.0175 -0.00257745
0.0185 -0.00272409
0.0195 -0.00287062
0.0205 -0.00301698
0.0215 -0.00316314
0.0225 -0.0033095
0.0235 -0.00345554
0.0245 -0.00360145
0.0255 -0.00374721
0.0265 -0.00389282
0.0275 -0.00403828
0.0285 -0.00418358
0.0295 -0.00432873
0.0305 -0.00447369
0.0315 -0.00461834
0.0325 -0.00476285
0.0335 -0.00490752
0.0345 -0.00505172
0.0355 -0.00519575
0.0365 -0.00533957
0.0375 -0.00548318
0.0385 -0.00562657
0.0395 -0.00576974
0.0405 -0.0059127
0.0415 -0.00605536
0.0425 -0.00619764
0.0435 -0.00633985
0.0445 -0.0064821
0.0455 -0.00662378
0.0465 -0.00676525
0.0475 -0.00690644
0.0485 -0.00704735
0.0495 -0.00718799
0.0505 -0.00732836
0.0515 -0.00746843
0.0525 -0.0076081
0.0535 -0.00774735
0.0545 -0.0078866
0.0555 -0.00802573
0.0565 -0.00816421
0.0575 -0.00830244
0.0585 -0.00844032
0.0595 -0.00857787
0.0605 -0.00871509
0.0615 -0.00885198
0.0625 -0.00898849
0.0635 -0.0091245
0.0645 -0.00926006
0.0655 -0.00939571
0.0665 -0.00953104
0.0675 -0.00966566
0.0685 -0.00979998
0.0695 -0.0099339
0.0705 -0.0100674
0.0715 -0.0102006
0.0725 -0.0103333
0.0735 -0.0104656
0.0745 -0.0105973
0.0755 -0.0107286
0.0765 -0.01086
0.0775 -0.0109908
0.0785 -0.0111209
0.0795 -0.0112507
0.0805 -0.0113801
0.0815 -0.0115089
0.0825 -0.0116374
0.0835 -0.0117653
0.0845 -0.0118927
0.0855 -0.0120195
0.0865 -0.0121459
0.0875 -0.0122724
0.0885 -0.0123981
0.0895 -0.0125231
0.0905 -0.0126478
0.0915 -0.0127719
0.0925 -0.0128955
0.0935 -0.0130186
0.0945 -0.0131412
0.0955 -0.0132631
0.0965 -0.0133843
0.0975 -0.0135053
0.0985 -0.0136262
0.0995 -0.0137462
0.1005 -0.0138655
0.1015 -0.0139844
0.1025 -0.0141027
0.1035 -0.0142204
0.1045 -0.0143376
0.1055 -0.0144542
0.1065 -0.01457
0.1075 -0.0146852
0.1085 -0.0148001
0.1095 -0.0149149
0.1105 -0.0150287
0.1115 -0.0151417
0.1125 -0.0152543
0.1135 -0.0153662
0.1145 -0.0154775
0.1155 -0.0155882
0.1165 -0.0156982
0.1175 -0.0158074
0.1185 -0.0159159
0.1195 -0.0160244
0.1205 -0.0161324
0.1215 -0.0162394
0.1225 -0.0163456
0.1235 -0.0164513
0.1245 -0.0165563
0.1255 -0.0166607
0.1265 -0.0167644
0.1275 -0.0168673
0.1285 -0.0169693
0.1295 -0.0170707
0.1305 -0.0171721
0.1315 -0.0172729
0.1325 -0.0173725
0.1335 -0.0174714
0.1345 -0.0175697
0.1355 -0.0176673
0.1365 -0.0177643
0.1375 -0.0178605
0.1385 -0.0179558
0.1395 -0.0180502
0.1405 -0.0181441
0.1415 -0.0182379
0.1425 -0.0183309
0.1435 -0.0184227
0.1445 -0.0185138
0.1455 -0.0186043
0.1465 -0.018694
0.1475 -0.0187831
0.1485 -0.0188713
0.1495 -0.0189585
0.1505 -0.0190448
0.1515 -0.0191308
0.1525 -0.0192165
0.1535 -0.0193013
0.1545 -0.0193849
0.1555 -0.0194678
0.1565 -0.0195501
0.1575 -0.0196315
0.1585 -0.0197122
0.1595 -0.0197919
0.1605 -0.0198707
0.1615 -0.0199486
0.1625 -0.0200262
0.1635 -0.0201034
0.1645 -0.0201796
0.1655 -0.0202546
0.1665 -0.0203288
0.1675 -0.0204024
0.1685 -0.0204752
0.1695 -0.0205471
0.1705 -0.020618
0.1715 -0.0206879
0.1725 -0.0207571
0.1735 -0.020826
0.1745 -0.0208944
0.1755 -0.0209615
0.1765 -0.0210275
0.1775 -0.0210928
0.1785 -0.0211574
0.1795 -0.0212211
0.1805 -0.0212839
0.1815 -0.0213457
0.1825 -0.0214064
0.1835 -0.0214665
0.1845 -0.0215263
0.1855 -0.0215855
0.1865 -0.0216433
0.1875 -0.0217001
0.1885 -0.0217561
0.1895 -0.0218114
0.1905 -0.0218657
0.1915 -0.0219191
0.1925 -0.0219714
0.1935 -0.0220227
0.1945 -0.0220734
0.1955 -0.0221239
0.1965 -0.0221735
0.1975 -0.0222218
0.1985 -0.022269
0.1995 -0.0223155
0.2005 -0.0223612
0.2015 -0.0224059
0.2025 -0.0224496
0.2035 -0.0224922
0.2045 -0.0225338
0.2055 -0.022575
0.2065 -0.0226158
0.2075 -0.0226557
0.2085 -0.0226941
0.2095 -0.0227316
0.2105 -0.0227683
0.2115 -0.0228042
0.2125 -0.0228391
0.2135 -0.0228729
0.2145 -0.0229056
0.2155 -0.0229374
0.2165 -0.0229688
0.2175 -0.0229998
0.2185 -0.0230296
0.2195 -0.0230581
0.2205 -0.0230856
0.2215 -0.0231124
0.2225 -0.0231384
0.2235 -0.0231632
0.2245 -0.023187
0.2255 -0.0232096
0.2265 -0.0232314
0.2275 -0.0232529
0.2285 -0.0232739
0.2295 -0.0232936
0.2305 -0.023312
0.2315 -0.0233294
0.2325 -0.0233462
0.2335 -0.023362
0.2345 -0.0233767
0.2355 -0.0233903
0.2365 -0.0234028
0.2375 -0.0234145
0.2385 -0.023426
0.2395 -0.0234369
0.2405 -0.0234464
0.2415 -0.0234545
0.2425 -0.0234619
0.2435 -0.0234685
0.2445 -0.0234741
0.2455 -0.0234786
0.2465 -0.0234819
0.2475 -0.0234842
0.2485 -0.0234861
0.2495 -0.0234874
0.2505 -0.0234874
0.2515 -0.0234861
0.2525 -0.0234842
0.2535 -0.0234819
0.2545 -0.0234786
0.2555 -0.0234741
0.2565 -0.0234685
0.2575 -0.0234619
0.2585 -0.0234545
0.2595 -0.0234464
0.2605 -0.0234369
0.2615 -0.023426
0.2625 -0.0234145
0.2635 -0.0234028
0.2645 -0.0233903
0.2655 -0.0233767
0.2665 -0.023362
0.2675 -0.0233462
0.2685 -0.0233294
0.2695 -0.023312
0.2705 -0.0232936
0.2715 -0.0232739
0.2725 -0.0232529
0.2735 -0.0232314
0.2745 -0.0232096
0.2755 -0.023187
0.2765 -0.0231632
0.2775 -0.0231384
0.2785 -0.0231124
0.2795 -0.0230856
0.2805 -0.0230581
0.2815 -0.0230296
0.2825 -0.0229998
0.2835 -0.0229688
0.2845 -0.0229374
0.2855 -0.0229056
0.2865 -0.0228729
0.2875 -0.0228391
0.2885 -0.0228042
0.2895 -0.0227683
0.2905 -0.0227316
0.2915 -0.0226941
0.2925 -0.0226557
0.2935 -0.0226158
0.2945 -0.022575
0.2955 -0.0225338
0.2965 -0.0224922
0.2975 -0.0224496
0.2985 -0.0224059
0.2995 -0.0223612
0.3005 -0.0223155
0.3015 -0.022269
0.3025 -0.0222218
0.3035 -0.0221735
0.3045 -0.0221239
0.3055 -0.0220734
0.3065 -0.0220227
0.3075 -0.0219714
0.3085 -0.0219191
0.3095 -0.0218657
0.3105 -0.0218114
0.3115 -0.0217561
0.3125 -0.0217001
0.3135 -0.0216433
0.3145 -0.0215855
0.3155 -0.0215263
0.3165 -0.0214665
0.3175 -0.0214064
0.3185 -0.0213457
0.3195 -0.0212839
0.3205 -0.0212211
0.3215 -0.0211574
0.3225 -0.0210928
0.3235 -0.0210275
0.3245 -0.0209615
0.3255 -0.0208944
0.3265 -0.020826
0.3275 -0.0207571
0.3285 -0.0206879
0.3295 -0.020618
0.3305 -0.0205471
0.3315 -0.0204752
0.3325 -0.0204024
0.3335 -0.0203288
0.3345 -0.0202546
0.3355 -0.0201796
0.3365 -0.0201034
0.3375 -0.0200262
0.3385 -0.0199486
0.3395 -0.0198707
0.3405 -0.0197919
0.3415 -0.0197122
0.3425 -0.0196315
0.3435 -0.0195501
0.3445 -0.0194678
0.3455 -0.0193849
0.3465 -0.0193013
0.3475 -0.0192165
0.3485 -0.0191308
0.3495 -0.0190448
0.3505 -0.0189585
0.3515 -0.0188713
0.3525 -0.0187831
0.3535 -0.018694
0.3545 -0.0186043
0.3555 -0.0185138
0.3565 -0.0184227
0.3575 -0.0183309
0.3585 -0.0182379
0.3595 -0.0181441
0.3605 -0.0180502
0.3615 -0.0179558
0.3625 -0.0178605
0.3635 -0.0177643
0.3645 -0.0176673
0.3655 -0.0175697
0.3665 -0.0174714
0.3675 -0.0173725
0.3685 -0.0172729
0.3695 -0.0171721
0.3705 -0.0170707
0.3715 -0.0169693
0.3725 -0.0168673
0.3735 -0.0167644
0.3745 -0.0166607
0.3755 -0.0165563
0.3765 -0.0164513
0.3775 -0.0163456
0.3785 -0.0162394
0.3795 -0.0161324
0.3805 -0.0160244
0.3815 -0.0159159
0.3825 -0.0158074
0.3835 -0.0156982
0.3845 -0.0155882
0.3855 -0.0154775
0.3865 -0.0153662
0.3875 -0.0152543
0.3885 -0.0151417
0.3895 -0.0150287
0.3905 -0.0149149
0.3915 -0.0148001
0.3925 -0.0146852
0.3935 -0.01457
0.3945 -0.0144542
0.3955 -0.0143376
0.3965 -0.0142204
0.3975 -0.0141027
0.3985 -0.0139844
0.3995 -0.0138655
0.4005 -0.0137462
0.4015 -0.0136262
0.4025 -0.0135053
0.4035 -0.0133843
0.4045 -0.0132631
0.4055 -0.0131412
0.4065 -0.0130186
0.4075 -0.0128955
0.4085 -0.0127719
0.4095 -0.0126478
0.4105 -0.0125231
0.4115 -0.0123981
0.4125 -0.0122724
0.4135 -0.0121459
0.4145 -0.0120195
0.4155 -0.0118927
0.4165 -0.0117653
0.4175 -0.0116374
0.4185 -0.0115089
0.4195 -0.0113801
0.4205 -0.0112507
0.4215 -0.0111209
0.4225 -0.0109908
0.4235 -0.01086
0.4245 -0.0107286
0.4255 -0.0105973
0.4265 -0.0104656
0.4275 -0.0103333
0.4285 -0.0102006
0.4295 -0.0100674
0.4305 -0.0099339
0.4315 -0.00979998
0.4325 -0.00966566
0.4335 -0.00953104
0.4345 -0.00939571
0.4355 -0.00926006
0.4365 -0.0091245
0.4375 -0.00898849
0.4385 -0.00885198
0.4395 -0.00871509
0.4405 -0.00857787
0.4415 -0.00844032
0.4425 -0.00830244
0.4435 -0.00816421
0.4445 -0.00802573
0.4455 -0.0078866
0.4465 -0.00774735
0.4475 -0.0076081
0.4485 -0.00746843
0.4495 -0.00732836
0.4505 -0.00718799
0.4515 -0.00704735
0.4525 -0.00690644
0.4535 -0.00676525
0.4545 -0.00662378
0.4555 -0.0064821
0.4565 -0.00633985
0.4575 -0.00619764
0.4585 -0.00605536
0.4595 -0.0059127
0.4605 -0.00576974
0.4615 -0.00562657
0.4625 -0.00548318
0.4635 -0.00533957
0.4645 -0.00519575
0.4655 -0.00505172
0.4665 -0.00490752
0.4675 -0.00476285
0.4685 -0.00461834
0.4695 -0.00447369
0.4705 -0.00432873
0.4715 -0.00418358
0.4725 -0.00403828
0.4735 -0.00389282
0.4745 -0.00374721
0.4755 -0.00360145
0.4765 -0.00345554
0.4775 -0.0033095
0.4785 -0.00316314
0.4795 -0.00301698
0.4805 -0.00287062
0.4815 -0.00272409
0.4825 -0.00257745
0.4835 -0.00243071
0.4845 -0.00228388
0.4855 -0.00213696
0.4865 -0.00198995
0.4875 -0.00184285
0.4885 -0.00169569
0.4895 -0.00154836
0.4905 -0.00140118
0.4915 -0.00125384
0.4925 -0.00110644
0.4935 -0.000959008
0.4945 -0.000811535
0.4955 -0.000664029
0.4965 -0.000516497
0.4975 -0.000368943
0.4985 -0.000221369
0.4995 -7.37899e-05
0.5005 7.37899e-05
0.5015 0.000221369
0.5025 0.000368943
0.5035 0.000516497
0.5045 0.000664029
0.5055 0.000811535
0.5065 0.000959008
0.5075 0.00110644
0.5085 0.00125384
0.5095 0.00140118
0.5105 0.00154836
0.5115 0.00169569
0.5125 0.00184285
0.5135 0.00198995
0.5145 0.00213696
0.5155 0.00228388
0.5165 0.00243071
0.5175 0.00257745
0.5185 0.00272409
0.5195 0.00287062
0.5205 0.00301698
0.5215 0.00316314
0.5225 0.0033095
0.5235 0.00345554
0.5245 0.00360145
0.5255 0.00374721
0.5265 0.00389282
0.5275 0.00403828
0.5285 0.00418358
0.5295 0.00432873
0.5305 0.00447369
0.5315 0.00461834
0.5325 0.00476285
0.5335 0.00490752
0.5345 0.00505172
0.5355 0.00519575
0.5365 0.00533957
0.5375 0.00548318
0.5385 0.00562657
0.5395 0.00576974
0.5405 0.0059127
0.5415 0.00605536
0.5425 0.00619764
0.5435 0.00633985
0.5445 0.0064821
0.5455 0.00662378
0.5465 0.00676525
0.5475 0.00690644
0.5485 0.00704735
0.5495 0.00718799
0.5505 0.00732836
0.5515 0.00746843
0.5525 0.0076081
0.5535 0.00774735
0.5545 0.0078866
0.5555 0.00802573
0.5565 0.00816421
0.5575 0.00830244
0.5585 0.00844032
0.5595 0.00857787
0.5605 0.00871509
0.5615 0.00885198
0.5625 0.00898849
0.5635 0.0091245
0.5645 0.00926006
0.5655 0.00939571
0.5665 0.00953104
0.5675 0.00966566
0.5685 0.00979998
0.5695 0.0099339
0.5705 0.0100674
0.5715 0.0102006
0.5725 0.0103333
0.5735 0.0104656
0.5745 0.0105973
0.5755 0.0107286
0.5765 0.01086
0.5775 0.0109908
0.5785 0.0111209
0.5795 0.0112507
0.5805 0.0113801
0.5815 0.0115089
0.5825 0.0116374
0.5835 0.0117653
0.5845 0.0118927
0.5855 0.0120195
0.5865 0.0121459
0.5875 0.0122724
0.5885 0.0123981
0.5895 0.0125231
0.5905 0.0126478
0.5915 0.0127719
0.5925 0.0128955
0.5935 0.0130186
0.5945 0.0131412
0.5955 0.0132631
0.5965 0.0133843
0.5975 0.0135053
0.5985 0.0136262
0.5995 0.0137462
0.6005 0.0138655
0.6015 0.0139844
0.6025 0.0141027
0.6035 0.0142204
0.6045 0.0143376
0.6055 0.0144542
0.6065 0.01457
0.6075 0.0146852
0.6085 0.0148001
0.6095 0.0149149
0.6105 0.0150287
0.6115 0.0151417
0.6125 0.0152543
0.6135 0.0153662
0.6145 0.0154775
0.6155 0.0155882
0.6165 0.0156982
0.6175 0.0158074
0.6185 0.0159159
0.6195 0.0160244
0.6205 0.0161324
0.6215 0.0162394
0.6225 0.0163456
0.6235 0.0164513
0.6245 0.0165563
0.6255 0.0166607
0.6265 0.0167644
0.6275 0.0168673
0.6285 0.0169693
0.6295 0.0170707
0.6305 0.0171721
0.6315 0.0172729
0.6325 0.0173725
0.6335 0.0174714
0.6345 0.0175697
0.6355 0.0176673
0.6365 0.0177643
0.6375 0.0178605
0.6385 0.0179558
0.6395 0.0180502
0.6405 0.0181441
0.6415 0.0182379
0.6425 0.0183309
0.6435 0.0184227
0.6445 0.0185138
0.6455 0.0186043
0.6465 0.018694
0.6475 0.0187831
0.6485 0.0188713
0.6495 0.0189585
0.6505 0.0190448
0.6515 0.0191308
0.6525 0.0192165
0.6535 0.0193013
0.6545 0.0193849
0.6555 0.0194678
0.6565 0.0195501
0.6575 0.0196315
0.6585 0.0197122
0.6595 0.0197919
0.6605 0.0198707
0.6615 0.0199486
0.6625 0.0200262
0.6635 0.0201034
0.6645 0.0201796
0.6655 0.0202546
0.6665 0.0203288
0.6675 0.0204024
0.6685 0.0204752
0.6695 0.0205471
0.6705 0.020618
0.6715 0.0206879
0.6725 0.0207571
0.6735 0.020826
0.6745 0.0208944
0.6755 0.0209615
0.6765 0.0210275
0.6775 0.0210928
0.6785 0.0211574
0.6795 0.0212211
0.6805 0.0212839
0.6815 0.0213457
0.6825 0.0214064
0.6835 0.0214665
0.6845 0.0215263
0.6855 0.0215855
0.6865 0.0216433
0.6875 0.0217001
0.6885 0.0217561
0.6895 0.0218114
0.6905 0.0218657
0.6915 0.0219191
0.6925 0.0219714
0.6935 0.0220227
0.6945 0.0220734
0.6955 0.0221239
0.6965 0.0221735
0.6975 0.0222218
0.6985 0.022269
0.6995 0.0223155
0.7005 0.0223612
0.7015 0.0224059
0.7025 0.0224496
0.7035 0.0224922
0.7045 0.0225338
0.7055 0.022575
0.7065 0.0226158
0.7075 0.0226557
0.7085 0.0226941
0.7095 0.0227316
0.7105 0.0227683
0.7115 0.0228042
0.7125 0.0228391
0.7135 0.0228729
0.7145 0.0229056
0.7155 0.0229374
0.7165 0.0229688
0.7175 0.0229998
0.7185 0.0230296
0.7195 0.0230581
0.7205 0.0230856
0.7215 0.0231124
0.7225 0.0231384
0.7235 0.0231632
0.7245 0.023187
0.7255 0.0232096
0.7265 0.0232314
0.7275 0.0232529
0.7285 0.0232739
0.7295 0.0232936
0.7305 0.023312
0.7315 0.0233294
0.7325 0.0233462
0.7335 0.023362
0.7345 0.0233767
0.7355 0.0233903
0.7365 0.0234028
0.7375 0.0234145
0.7385 0.023426
0.7395 0.0234369
0.7405 0.0234464
0.7415 0.0234545
0.7425 0.0234619
0.7435 0.0234685
0.7445 0.0234741
0.7455 0.0234786
0.7465 0.0234819
0.7475 0.0234842
0.7485 0.0234861
0.7495 0.0234874
0.7505 0.0234874
0.7515 0.0234861
0.7525 0.0234842
0.7535 0.0234819
0.7545 0.0234786
0.7555 0.0234741
0.7565 0.0234685
0.7575 0.0234619
0.7585 0.0234545
0.7595 0.0234464
0.7605 0.0234369
0.7615 0.023426
0.7625 0.0234145
0.7635 0.0234028
0.7645 0.0233903
0.7655 0.0233767
0.7665 0.023362
0.7675 0.0233462
0.7685 0.0233294
0.7695 0.023312
0.7705 0.0232936
0.7715 0.0232739
0.7725 0.0232529
0.7735 0.0232314
0.7745 0.0232096
0.7755 0.023187
0.7765 0.0231632
0.7775 0.0231384
0.7785 0.0231124
0.7795 0.0230856
0.7805 0.0230581
0.7815 0.0230296
0.7825 0.0229998
0.7835 0.0229688
0.7845 0.0229374
0.7855 0.0229056
0.7865 0.0228729
0.7875 0.0228391
0.7885 0.0228042
0.7895 0.0227683
0.7905 0.0227316
0.7915 0.0226941
0.7925 0.0226557
0.7935 0.0226158
0.7945 0.022575
0.7955 0.0225338
0.7965 0.0224922
0.7975 0.0224496
0.7985 0.0224059
0.7995 0.0223612
0.8005 0.0223155
0.8015 0.022269
0.8025 0.0222218
0.8035 0.0221735
0.8045 0.0221239
0.8055 0.0220734
0.8065 0.0220227
0.8075 0.0219714
0.8085 0.0219191
0.8095 0.0218657
0.8105 0.0218114
0.8115 0.0217561
0.8125 0.0217001
0.8135 0.0216433
0.8145 0.0215855
0.8155 0.0215263
0.8165 0.0214665
0.8175 0.0214064
0.8185 0.0213457
0.8195 0.0212839
0.8205 0.0212211
0.8215 0.0211574
0.8225 0.0210928
0.8235 0.0210275
0.8245 0.0209615
0.8255 0.0208944
0.8265 0.020826
0.8275 0.0207571
0.8285 0.0206879
0.8295 0.020618
0.8305 0.0205471
0.8315 0.0204752
0.8325 0.0204024
0.8335 0.0203288
0.8345 0.0202546
0.8355 0.0201796
0.8365 0.0201034
0.8375 0.0200262
0.8385 0.0199486
0.8395 0.0198707
0.8405 0.0197919
0.8415 0.0197122
0.8425 0.0196315
0.8435 0.0195501
0.8445 0.0194678
0.8455 0.0193849
0.8465 0.0193013
0.8475 0.0192165
0.8485 0.0191308
0.8495 0.0190448
0.8505 0.0189585
0.8515 0.0188713
0.8525 0.0187831
0.8535 0.018694
0.8545 0.0186043
0.8555 0.0185138
0.8565 0.0184227
0.8575 0.0183309
0.8585 0.0182379
0.8595 0.0181441
0.8605 0.0180502
0.8615 0.0179558
0.8625 0.0178605
0.8635 0.0177643
0.8645 0.0176673
0.8655 0.0175697
0.8665 0.0174714
0.8675 0.0173725
0.8685 0.0172729
0.8695 0.0171721
0.8705 0.0170707
0.8715 0.0169693
0.8725 0.0168673
0.8735 0.0167644
0.8745 0.0166607
0.8755 0.0165563
0.8765 0.0164513
0.8775 0.0163456
0.8785 0.0162394
0.8795 0.0161324
0.8805 0.0160244
0.8815 0.0159159
0.8825 0.0158074
0.8835 0.0156982
0.8845 0.0155882
0.8855 0.0154775
0.8865 0.0153662
0.8875 0.0152543
0.8885 0.0151417
0.8895 0.0150287
0.8905 0.0149149
0.8915 0.0148001
0.8925 0.0146852
0.8935 0.01457
0.8945 0.0144542
0.8955 0.0143376
0.8965 0.0142204
0.8975 0.0141027
0.8985 0.0139844
0.8995 0.0138655
0.9005 0.0137462
0.9015 0.0136262
0.9025 0.0135053
0.9035 0.0133843
0.9045 0.0132631
0.9055 0.0131412
0.9065 0.0130186
0.9075 0.0128955
0.9085 0.0127719
0.9095 0.0126478
0.9105 0.0125231
0.9115 0.0123981
0.9125 0.0122724
0.9135 0.0121459
0.9145 0.0120195
0.9155 0.0118927
0.9165 0.0117653
0.9175 0.0116374
0.9185 0.0115089
0.9195 0.0113801
0.9205 0.0112507
0.9215 0.0111209
0.9225 0.0109908
0.9235 0.01086
0.9245 0.0107286
0.9255 0.0105973
0.9265 0.0104656
0.9275 0.0103333
0.9285 0.0102006
0.9295 0.0100674
0.9305 0.0099339
0.9315 0.00979998
0.9325 0.00966566
0.9335 0.00953104
0.9345 0.00939571
0.9355 0.00926006
0.9365 0.0091245
0.9375 0.00898849
0.9385 0.00885198
0.9395 0.00871509
0.9405 0.00857787
0.9415 0.00844032
0.9425 0.00830244
0.9435 0.00816421
0.9445 0.00802573
0.9455 0.0078866
0.9465 0.00774735
0.9475 0.0076081
0.9485 0.00746843
0.9495 0.00732836
0.9505 0.00718799
0.9515 0.00704735
0.9525 0.00690644
0.9535 0.00676525
0.9545 0.00662378
0.9555 0.0064821
0.9565 0.00633985
0.9575 0.00619764
0.9585 0.00605536
0.9595 0.0059127
0.9605 0.00576974
0.9615 0.00562657
0.9625 0.00548318
0.9635 0.00533957
0.9645 0.00519575
0.9655 0.00505172
0.9665 0.00490752
0.9675 0.00476285
0.9685 0.00461834
0.9695 0.00447369
0.9705 0.00432873
0.9715 0.00418358
0.9725 0.00403828
0.9735 0.00389282
0.9745 0.00374721
0.9755 0.00360145
0.9765 0.00345554
0.9775 0.0033095
0.9785 0.00316314
0.9795 0.00301698
0.9805 0.00287062
0.9815 0.00272409
0.9825 0.00257745
0.9835 0.00243071
0.9845 0.00228388
0.9855 0.00213696
0.9865 0.00198995
0.9875 0.00184285
0.9885 0.00169569
0.9895 0.00154836
0.9905 0.00140118
0.9915 0.00125384
0.9925 0.00110644
0.9935 0.000959008
0.9945 0.000811535
0.9955 0.000664029
0.9965 0.000516497
0.9975 0.000368943
0.9985 0.000221369
0.9995 7.37899e-05

# time= 0.4968
0.0005 -0.00314039
0.0015 -0.009421
0.0025 -0.0157012
0.0035 -0.0219811
0.0045 -0.0282607
0.0055 -0.0345396
0.0065 -0.040817
0.0075 -0.0470924
0.0085 -0.0533658
0.0095 -0.0596372
0.0105 -0.0659061
0.0115 -0.0721721
0.0125 -0.0784347
0.0135 -0.0846942
0.0145 -0.0909511
0.0155 -0.0972051
0.0165 -0.103455
0.0175 -0.109701
0.0185 -0.115943
0.0195 -0.122179
0.0205 -0.128411
0.0215 -0.134638
0.0225 -0.140859
0.0235 -0.147074
0.0245 -0.153283
0.0255 -0.159487
0.0265 -0.165685
0.0275 -0.171877
0.0285 -0.178062
0.0295 -0.184239
0.0305 -0.190409
0.0315 -0.196572
0.0325 -0.202726
0.0335 -0.208873
0.0345 -0.215011
0.0355 -0.22114
0.0365 -0.227261
0.0375 -0.233374
0.0385 -0.239478
0.0395 -0.245572
0.0405 -0.251656
0.0415 -0.25773
0.0425 -0.263794
0.0435 -0.269847
0.0445 -0.27589
0.0455 -0.281921
0.0465 -0.287941
0.0475 -0.293951
0.0485 -0.299949
0.0495 -0.305936
0.0505 -0.31191
0.0515 -0.317871
0.0525 -0.32382
0.0535 -0.329756
0.0545 -0.335679
0.0555 -0.341589
0.0565 -0.347485
0.0575 -0.353367
0.0585 -0.359236
0.0595 -0.365092
0.0605 -0.370932
0.0615 -0.376758
0.0625 -0.382569
0.0635 -0.388364
0.0645 -0.394144
0.0655 -0.399909
0.0665 -0.405657
0.0675 -0.411389
0.0685 -0.417106
0.0695 -0.422806
0.0705 -0.428491
0.0715 -0.434158
0.0725 -0.439807
0.0735 -0.445439
0.0745 -0.451054
0.0755 -0.45665
0.0765 -0.462229
0.0775 -0.467788
0.0785 -0.47333
0.0795 -0.478853
0.0805 -0.484358
0.0815 -0.489844
0.0825 -0.49531
0.0835 -0.500756
0.0845 -0.506183
0.0855 -0.511589
0.0865 -0.516975
0.0875 -0.522341
0.0885 -0.527686
0.0895 -0.53301
0.0905 -0.538314
0.0915 -0.543596
0.0925 -0.548858
0.0935 -0.554097
0.0945 -0.559314
0.0955 -0.564509
0.0965 -0.569682
0.0975 -0.574832
0.0985 -0.57996
0.0995 -0.585064
0.1005 -0.590145
0.1015 -0.595204
0.1025 -0.600239
0.1035 -0.605251
0.1045 -0.610239
0.1055 -0.615202
0.1065 -0.62014
0.1075 -0.625055
0.1085 -0.629944
0.1095 -0.634809
0.1105 -0.639648
0.1115 -0.644462
0.1125 -0.649252
0.1135 -0.654016
0.1145 -0.658754
0.1155 -0.663466
0.1165 -0.668151
0.1175 -0.67281
0.1185 -0.677443
0.1195 -0.682048
0.1205 -0.686627
0.1215 -0.691178
0.1225 -0.695702
0.1235 -0.7002
0.1245 -0.70467
0.1255 -0.709112
0.1265 -0.713525
0.1275 -0.717911
0.1285 -0.722267
0.1295 -0.726596
0.1305 -0.730896
0.1315 -0.735166
0.1325 -0.739408
0.1335 -0.74362
0.1345 -0.747804
0.1355 -0.751959
0.1365 -0.756083
0.1375 -0.760178
0.1385 -0.764242
0.1395 -0.768276
0.1405 -0.77228
0.1415 -0.776253
0.1425 -0.780195
0.1435 -0.784107
0.1445 -0.787988
0.1455 -0.791838
0.1465 -0.795657
0.1475 -0.799445
0.1485 -0.8032
0.1495 -0.806924
0.1505 -0.810616
0.1515 -0.814276
0.1525 -0.817904
0.1535 -0.821499
0.1545 -0.825061
0.1555 -0.828592
0.1565 -0.832091
0.1575 -0.835556
0.1585 -0.838989
0.1595 -0.842387
0.1605 -0.845753
0.1615 -0.849085
0.1625 -0.852384
0.1635 -0.855649
0.1645 -0.85888
0.1655 -0.862077
0.1665 -0.86524
0.1675 -0.86837
0.1685 -0.871466
0.1695 -0.874526
0.1705 -0.877552
0.1715 -0.880543
0.1725 -0.8835
0.1735 -0.886422
0.1745 -0.889308
0.1755 -0.892159
0.1765 -0.894976
0.1775 -0.897757
0.1785 -0.900503
0.1795 -0.903214
0.1805 -0.905888
0.1815 -0.908527
0.1825 -0.911129
0.1835 -0.913696
0.1845 -0.916227
0.1855 -0.918721
0.1865 -0.921179
0.1875 -0.923601
0.1885 -0.925987
0.1895 -0.928337
0.1905 -0.930649
0.1915 -0.932925
0.1925 -0.935163
0.1935 -0.937364
0.1945 -0.939529
0.1955 -0.941657
0.1965 -0.943748
0.1975 -0.9458
0.1985 -0.947816
0.1995 -0.949795
0.2005 -0.951737
0.2015 -0.953641
0.2025 -0.955506
0.2035 -0.957334
0.2045 -0.959124
0.2055 -0.960876
0.2065 -0.962591
0.2075 -0.964267
0.2085 -0.965905
0.2095 -0.967506
0.2105 -0.969068
0.2115 -0.970593
0.2125 -0.972078
0.2135 -0.973525
0.2145 -0.974933
0.2155 -0.976303
0.2165 -0.977635
0.2175 -0.978929
0.2185 -0.980183
0.2195 -0.981398
0.2205 -0.982575
0.2215 -0.983714
0.2225 -0.984814
0.2235 -0.985874
0.2245 -0.986896
0.2255 -0.987878
0.2265 -0.988821
0.2275 -0.989726
0.2285 -0.990592
0.2295 -0.991418
0.2305 -0.992205
0.2315 -0.992953
0.2325 -0.993663
0.2335 -0.994333
0.2345 -0.994963
0.2355 -0.995554
0.2365 -0.996105
0.2375 -0.996617
0.2385 -0.997091
0.2395 -0.997525
0.2405 -0.997919
0.2415 -0.998274
0.2425 -0.99859
0.2435 -0.998866
0.2445 -0.999103
0.2455 -0.9993
0.2465 -0.999458
0.2475 -0.999576
0.2485 -0.999655
0.2495 -0.999695
0.2505 -0.999695
0.2515 -0.999655
0.2525 -0.999576
0.2535 -0.999458
0.2545 -0.9993
0.2555 -0.999103
0.2565 -0.998866
0.2575 -0.99859
0.2585 -0.998274
0.2595 -0.997919
0.2605 -0.997525
0.2615 -0.997091
0.2625 -0.996617
0.2635 -0.996105
0.2645 -0.995554
0.2655 -0.994963
0.2665 -0.994333
0.2675 -0.993663
0.2685 -0.992953
0.2695 -0.992205
0.2705 -0.991418
0.2715 -0.990592
0.2725 -0.989726
0.2735 -0.988821
0.2745 -0.987878
0.2755 -0.986896
0.2765 -0.985874
0.2775 -0.984814
0.2785 -0.983714
0.2795 -0.982575
0.2805 -0.981398
0.2815 -0.980183
0.2825 -0.978929
0.2835 -0.977635
0.2845 -0.976303
0.2855 -0.974933
0.2865 -0.973525
0.2875 -0.972078
0.2885 -0.970593
0.2895 -0.969068
0.2905 -0.967506
0.2915 -0.965905
0.2925 -0.964267
0.2935 -0.962591
0.2945 -0.960876
0.2955 -0.959124
0.2965 -0.957334
0.2975 -0.955506
0.2985 -0.953641
0.2995 -0.951737
0.3005 -0.949795
0.3015 -0.947816
0.3025 -0.9458
0.3035 -0.943748
0.3045 -0.941657
0.3055 -0.939529
0.3065 -0.937364
0.3075 -0.935163
0.3085 -0.932925
0.3095 -0.930649
0.3105 -0.928337
0.3115 -0.925987
0.3125 -0.923601
0.3135 -0.921179
0.3145 -0.918721
0.3155 -0.916227
0.3165 -0.913696
0.3175 -0.911129
0.3185 -0.908527
0.3195 -0.905888
0.3205 -0.903214
0.3215 -0.900503
0.3225 -0.897757
0.3235 -0.894976
0.3245 -0.892159
0.3255 -0.889308
0.3265 -0.886422
0.3275 -0.8835
0.3285 -0.880543
0.3295 -0.877552
0.3305 -0.874526
0.3315 -0.871466
0.3325 -0.86837
0.3335 -0.86524
0.3345 -0.862077
0.3355 -0.85888
0.3365 -0.855649
0.3375 -0.852384
0.3385 -0.849085
0.3395 -0.845753
0.3405 -0.842387
0.3415 -0.838989
0.3425 -0.835556
0.3435 -0.832091
0.3445 -0.828592
0.3455 -0.825061
0.3465 -0.821499
0.3475 -0.817904
0.3485 -0.814276
0.3495 -0.810616
0.3505 -0.806924
0.3515 -0.8032
0.3525 -0.799445
0.3535 -0.795657
0.3545 -0.791838
0.3555 -0.787988
0.3565 -0.784107
0.3575 -0.780195
0.3585 -0.776253
0.3595 -0.77228
0.3605 -0.768276
0.3615 -0.764242
0.3625 -0.760178
0.3635 -0.756083
0.3645 -0.751959
0.3655 -0.747804
0.3665 -0.74362
0.3675 -0.739408
0.3685 -0.735166
0.3695 -0.730896
0.3705 -0.726596
0.3715 -0.722267
0.3725 -0.717911
0.3735 -0.713525
0.3745 -0.709112
0.3755 -0.70467
0.3765 -0.7002
0.3775 -0.695702
0.3785 -0.691178
0.3795 -0.686627
0.3805 -0.682048
0.3815 -0.677443
0.3825 -0.67281
0.3835 -0.668151
0.3845 -0.663466
0.3855 -0.658754
0.3865 -0.654016
0.3875 -0.649252
0.3885 -0.644462
0.3895 -0.639648
0.3905 -0.634809
0.3915 -0.629944
0.3925 -0.625055
0.3935 -0.62014
0.3945 -0.615202
0.3955 -0.610239
0.3965 -0.605251
0.3975 -0.600239
0.3985 -0.595204
0.3995 -0.590145
0.4005 -0.585064
0.4015 -0.57996
0.4025 -0.574832
0.4035 -0.569682
0.4045 -0.564509
0.4055 -0.559314
0.4065 -0.554097
0.4075 -0.548858
0.4085 -0.543596
0.4095 -0.538314
0.4105 -0.53301
0.4115 -0.527686
0.4125 -0.522341
0.4135 -0.516975
0.4145 -0.511589
0.4155 -0.506183
0.4165 -0.500756
0.4175 -0.49531
0.4185 -0.489844
0.4195 -0.484358
0.4205 -0.478853
0.4215 -0.47333
0.4225 -0.467788
0.4235 -0.462229
0.4245 -0.45665
0.4255 -0.451054
0.4265 -0.445439
0.4275 -0.439807
0.4285 -0.434158
0.4295 -0.428491
0.4305 -0.422806
0.4315 -0.417106
0.4325 -0.411389
0.4335 -0.405657
0.4345 -0.399909
0.4355 -0.394144
0.4365 -0.388364
0.4375 -0.382569
0.4385 -0.376758
0.4395 -0.370932
0.4405 -0.365092
0.4415 -0.359236
0.4425 -0.353367
0.4435 -0.347485
0.4445 -0.341589
0.4455 -0.335679
0.4465 -0.329756
0.4475 -0.32382
0.4485 -0.317871
0.4495 -0.31191
0.4505 -0.305936
0.4515 -0.299949
0.4525 -0.293951
0.4535 -0.287941
0.4545 -0.281921
0.4555 -0.27589
0.4565 -0.269847
0.4575 -0.263794
0.4585 -0.25773
0.4595 -0.251656
0.4605 -0.245572
0.4615 -0.239478
0.4625 -0.233374
0.4635 -0.227261
0.4645 -0.22114
0.4655 -0.215011
0.4665 -0.208873
0.4675 -0.202726
0.4685 -0.196572
0.4695 -0.190409
0.4705 -0.184239
0.4715 -0.178062
0.4725 -0.171877
0.4735 -0.165685
0.4745 -0.159487
0.4755 -0.153283
0.4765 -0.147074
0.4775 -0.140859
0.4785 -0.134638
0.4795 -0.128411
0.4805 -0.122179
0.4815 -0.115943
0.4825 -0.109701
0.4835 -0.103455
0.4845 -0.0972051
0.4855 -0.0909511
0.4865 -0.0846942
0.4875 -0.0784347
0.4885 -0.0721721
0.4895 -0.0659061
0.4905 -0.0596372
0.4915 -0.0533658
0.4925 -0.0470924
0.4935 -0.040817
0.4945 -0.0345396
0.4955 -0.0282607
0.4965 -0.0219811
0.4975 -0.0157012
0.4985 -0.009421
0.4995 -0.00314039
0.5005 0.00314039
0.5015 0.009421
0.5025 0.0157012
0.5035 0.0219811
0.5045 0.0282607
0.5055 0.0345396
0.5065 0.040817
0.5075 0.0470924
0.5085 0.0533658
0.5095 0.0596372
0.5105 0.0659061
0.5115 0.0721721
0.5125 0.0784347
0.5135 0.0846942
0.5145 0.0909511
0.5155 0.0972051
0.5165 0.103455
0.5175 0.109701
0.5185 0.115943
0.5195 0.122179
0.5205 0.128411
0.5215 0.134638
0.5225 0.140859
0.5235 0.147074
0.5245 0.153283
0.5255 0.159487
0.5265 0.165685
0.5275 0.171877
0.5285 0.178062
0.5295 0.184239
0.5305 0.190409
0.5315 0.196572
0.5325 0.202726
0.5335 0.208873
0.5345 0.215011
0.5355 0.22114
0.5365 0.227261
0.5375 0.233374
0.5385 0.239478
0.5395 0.245572
0.5405 0.251656
0.5415 0.25773
0.5425 0.263794
0.5435 0.269847
0.5445 0.27589
0.5455 0.281921
0.5465 0.287941
0.5475 0.293951
0.5485 0.299949
0.5495 0.305936
0.5505 0.31191
0.5515 0.317871
0.5525 0.32382
0.5535 0.329756
0.5545 0.335679
0.5555 0.341589
0.5565 0.347485
0.5575 0.353367
0.5585 0.359236
0.5595 0.365092
0.5605 0.370932
0.5615 0.376758
0.5625 0.382569
0.5635 0.388364
0.5645 0.394144
0.5655 0.399909
0.5665 0.405657
0.5675 0.411389
0.5685 0.417106
0.5695 0.422806
0.5705 0.428491
0.5715 0.434158
0.5725 0.439807
0.5735 0.445439
0.5745 0.451054
0.5755 0.45665
0.5765 0.462229
0.5775 0.467788
0.5785 0.47333
0.5795 0.478853
0.5805 0.484358
0.5815 0.489844
0.5825 0.49531
0.5835 0.500756
0.5845 0.506183
0.5855 0.511589
0.5865 0.516975
0.5875 0.522341
0.5885 0.527686
0.5895 0.53301
0.5905 0.538314
0.5915 0.543596
0.5925 0.548858
0.5935 0.554097
0.5945 0.559314
0.5955 0.564509
0.5965 0.569682
0.5975 0.574832
0.5985 0.57996
0.5995 0.585064
0.6005 0.590145
0.6015 0.595204
0.6025 0.600239
0.6035 0.605251
0.6045 0.610239
0.6055 0.615202
0.6065 0.62014
0.6075 0.625055
0.6085 0.629944
0.6095 0.634809
0.6105 0.639648
0.6115 0.644462
0.6125 0.649252
0.6135 0.654016
0.6145 0.658754
0.6155 0.663466
0.6165 0.668151
0.6175 0.67281
0.6185 0.677443
0.6195 0.682048
0.6205 0.686627
0.6215 0.691178
0.6225 0.695702
0.6235 0.7002
0.6245 0.70467
0.6255 0.709112
0.6265 0.713525
0.6275 0.717911
0.6285 0.722267
0.6295 0.726596
0.6305 0.730896
0.6315 0.735166
0.6325 0.739408
0.6335 0.74362
0.6345 0.747804
0.6355 0.751959
0.6365 0.756083
0.6375 0.760178
0.6385 0.764242
0.6395 0.768276
0.6405 0.77228
0.6415 0.776253
0.6425 0.780195
0.6435 0.784107
0.6445 0.787988
0.6455 0.791838
0.6465 0.795657
0.6475 0.799445
0.6485 0.8032
0.6495 0.806924
0.6505 0.810616
0.6515 0.814276
0.6525 0.817904
0.6535 0.821499
0.6545 0.825061
0.6555 0.828592
0.6565 0.832091
0.6575 0.835556
0.6585 0.838989
0.6595 0.842387
0.6605 0.845753
0.6615 0.849085
0.6625 0.852384
0.6635 0.855649
0.6645 0.85888
0.6655 0.862077
0.6665 0.86524
0.6675 0.86837
0.6685 0.871466
0.6695 0.874526
0.6705 0.877552
0.6715 0.880543
0.6725 0.8835
0.6735 0.886422
0.6745 0.889308
0.6755 0.892159
0.6765 0.894976
0.6775 0.897757
0.6785 0.900503
0.6795 0.903214
0.6805 0.905888
0.6815 0.908527
0.6825 0.911129
0.6835 0.913696
0.6845 0.916227
0.6855 0.918721
0.6865 0.921179
0.6875 0.923601
0.6885 0.925987
0.6895 0.928337
0.6905 0.930649
0.6915 0.932925
0.6925 0.935163
0.6935 0.937364
0.6945 0.939529
0.6955 0.941657
0.6965 0.943748
0.6975 0.9458
0.6985 0.947816
0.6995 0.949795
0.7005 0.951737
0.7015 0.953641
0.7025 0.955506
0.7035 0.957334
0.7045 0.959124
0.7055 0.960876
0.7065 0.962591
0.7075 0.964267
0.7085 0.965905
0.7095 0.967506
0.7105 0.969068
0.7115 0.970593
0.7125 0.972078
0.7135 0.973525
0.7145 0.974933
0.7155 0.976303
0.7165 0.977635
0.7175 0.978929
0.7185 0.980183
0.7195 0.981398
0.7205 0.982575
0.7215 0.983714
0.7225 0.984814
0.7235 0.985874
0.7245 0.986896
0.7255 0.987878
0.7265 0.988821
0.7275 0.989726
0.7285 0.990592
0.7295 0.991418
0.7305 0.992205
0.7315 0.992953
0.7325 0.993663
0.7335 0.994333
0.7345 0.994963
0.7355 0.995554
0.7365 0.996105
0.7375 0.996617
0.7385 0.997091
0.7395 0.997525
0.7405 0.997919
0.7415 0.998274
0.7425 0.99859
0.7435 0.998866
0.7445 0.999103
0.7455 0.9993
0.7465 0.999458
0.7475 0.999576
0.7485 0.999655
0.7495 0.999695
0.7505 0.999695
0.7515 0.999655
0.7525 0.999576
0.7535 0.999458
0.7545 0.9993
0.7555 0.999103
0.7565 0.998866
0.7575 0.99859
0.7585 0.998274
0.7595 0.997919
0.7605 0.997525
0.7615 0.997091
0.7625 0.996617
0.7635 0.996105
0.7645 0.995554
0.7655 0.994963
0.7665 0.994333
0.7675 0.993663
0.7685 0.992953
0.7695 0.992205
0.7705 0.991418
0.7715 0.990592
0.7725 0.989726
0.7735 0.988821
0.7745 0.987878
0.7755 0.986896
0.7765 0.985874
0.7775 0.984814
0.7785 0.983714
0.7795 0.982575
0.7805 0.981398
0.7815 0.980183
0.7825 0.978929
0.7835 0.977635
0.7845 0.976303
0.7855 0.974933
0.7865 0.973525
0.7875 0.972078
0.7885 0.970593
0.7895 0.969068
0.7905 0.967506
0.7915 0.965905
0.7925 0.964267
0.7935 0.962591
0.7945 0.960876
0.7955 0.959124
0.7965 0.957334
0.7975 0.955506
0.7985 0.953641
0.7995 0.951737
0.8005 0.949795
0.8015 0.947816
0.8025 0.9458
0.8035 0.943748
0.8045 0.941657
0.8055 0.939529
0.8065 0.937364
0.8075 0.935163
0.8085 0.932925
0.8095 0.930649
0.8105 0.928337
0.8115 0.925987
0.8125 0.923601
0.8135 0.921179
0.8145 0.918721
0.8155 0.916227
0.8165 0.913696
0.8175 0.911129
0.8185 0.908527
0.8195 0.905888
0.8205 0.903214
0.8215 0.900503
0.8225 0.897757
0.8235 0.894976
0.8245 0.892159
0.8255 0.889308
0.8265 0.886422
0.8275 0.8835
0.8285 0.880543
0.8295 0.877552
0.8305 0.874526
0.8315 0.871466
0.8325 0.86837
0.8335 0.86524
0.8345 0.862077
0.8355 0.85888
0.8365 0.855649
0.8375 0.852384
0.8385 0.849085
0.8395 0.845753
0.8405 0.842387
0.8415 0.838989
0.8425 0.835556
0.8435 0.832091
0.8445 0.828592
0.8455 0.825061
0.8465 0.821499
0.8475 0.817904
0.8485 0.814276
0.8495 0.810616
0.8505 0.806924
0.8515 0.8032
0.8525 0.799445
0.8535 0.795657
0.8545 0.791838
0.8555 0.787988
0.8565 0.784107
0.8575 0.780195
0.8585 0.776253
0.8595 0.77228
0.8605 0.768276
0.8615 0.764242
0.8625 0.760178
0.8635 0.756083
0.8645 0.751959
0.8655 0.747804
0.8665 0.74362
0.8675 0.739408
0.8685 0.735166
0.8695 0.730896
0.8705 0.726596
0.8715 0.722267
0.8725 0.717911
0.8735 0.713525
0.8745 0.709112
0.8755 0.70467
0.8765 0.7002
0.8775 0.695702
0.8785 0.691178
0.8795 0.686627
0.8805 0.682048
0.8815 0.677443
0.8825 0.67281
0.8835 0.668151
0.8845 0.663466
0.8855 0.658754
0.8865 0.654016
0.8875 0.649252
0.8885 0.644462
0.8895 0.639648
0.8905 0.634809
0.8915 0.629944
0.8925 0.625055
0.8935 0.62014
0.8945 0.615202
0.8955 0.610239
0.8965 0.605251
0.8975 0.600239
0.8985 0.595204
0.8995 0.590145
0.9005 0.585064
0.9015 0.57996
0.9025 0.574832
0.9035 0.569682
0.9045 0.564509
0.9055 0.559314
0.9065 0.554097
0.9075 0.548858
0.9085 0.543596
0.9095 0.538314
0.9105 0.53301
0.9115 0.527686
0.9125 0.522341
0.9135 0.516975
0.9145 0.511589
0.9155 0.506183
0.9165 0.500756
0.9175 0.49531
0.9185 0.489844
0.9195 0.484358
0.9205 0.478853
0.9215 0.47333
0.9225 0.467788
0.9235 0.462229
0.9245 0.45665
0.9255 0.451054
0.9265 0.445439
0.9275 0.439807
0.9285 0.434158
0.9295 0.428491
0.9305 0.422806
0.9315 0.417106
0.9325 0.411389
0.9335 0.405657
0.9345 0.399909
0.9355 0.394144
0.9365 0.388364
0.9375 0.382569
0.9385 0.376758
0.9395 0.370932
0.9405 0.365092
0.9415 0.359236
0.9425 0.353367
0.9435 0.347485
0.9445 0.341589
0.9455 0.335679
0.9465 0.329756
0.9475 0.32382
0.9485 0.317871
0.9495 0.31191
0.9505 0.305936
0.9515 0.299949
0.9525 0.293951
0.9535 0.287941
0.9545 0.281921
0.9555 0.27589
0.9565 0.269847
0.9575 0.263794
0.9585 0.25773
0.9595 0.251656
0.9605 0.245572
0.9615 0.239478
0.9625 0.233374
0.9635 0.227261
0.9645 0.22114
0.9655 0.215011
0.9665 0.208873
0.9675 0.202726
0.9685 0.196572
0.9695 0.190409
0.9705 0.184239
0.9715 0.178062
0.9725 0.171877
0.9735 0.165685
0.9745 0.159487
0.9755 0.153283
0.9765 0.147074
0.9775 0.140859
0.9785 0.134638
0.9795 0.128411
0.9805 0.122179
0.9815 0.115943
0.9825 0.109701
0.9835 0.103455
0.9845 0.0972051
0.9855 0.0909511
0.9865 0.0846942
0.9875 0.0784347
0.9885 0.0721721
0.9895 0.0659061
0.9905 0.0596372
0.9915 0.0533658
0.9925 0.0470924
0.9935 0.040817
0.9945 0.0345396
0.9955 0.0282607
0.9965 0.0219811
0.9975 0.0157012
0.9985 0.009421
0.9995 0.00314039

# time= 0.7452
0.0005 1.33727e-05
0.0015 4.01698e-05
0.0025 6.70106e-05
0.0035 9.33635e-05
0.0045 0.000118793
0.0055 0.000143608
0.0065 0.000168488
0.0075 0.00019407
0.0085 0.000220577
0.0095 0.000247405
0.0105 0.000274241
0.0115 0.000300819
0.0125 0.000327556
0.0135 0.000354256
0.0145 0.000380318
0.0155 0.00040548
0.0165 0.00043013
0.0175 0.000454978
0.0185 0.000480613
0.0195 0.000507113
0.0205 0.000533844
0.0215 0.000560507
0.0225 0.000586825
0.0235 0.000613379
0.0245 0.000639782
0.0255 0.000665425
0.0265 0.000690213
0.0275 0.000714605
0.0285 0.000739321
0.0295 0.000764892
0.0305 0.000791246
0.0315 0.000817754
0.0325 0.000844065
0.0335 0.000870028
0.0345 0.00089627
0.0355 0.000922221
0.0365 0.000947323
0.0375 0.00097164
0.0385 0.000995678
0.0395 0.00102016
0.0405 0.00104555
0.0415 0.00107163
0.0425 0.00109776
0.0435 0.00112357
0.0445 0.00114908
0.0455 0.00117487
0.0465 0.00120022
0.0475 0.00122467
0.0485 0.00124842
0.0495 0.00127201
0.0505 0.00129616
0.0515 0.00132124
0.0525 0.00134691
0.0535 0.00137253
0.0545 0.00139768
0.0555 0.00142264
0.0565 0.00144786
0.0575 0.00147244
0.0585 0.00149616
0.0595 0.00151924
0.0605 0.00154229
0.0615 0.00156599
0.0625 0.00159066
0.0635 0.00161577
0.0645 0.00164072
0.0655 0.0016651
0.0665 0.00168942
0.0675 0.00171391
0.0685 0.00173761
0.0695 0.00176047
0.0705 0.0017828
0.0715 0.00180522
0.0725 0.00182839
0.0735 0.00185251
0.0745 0.00187693
0.0755 0.00190106
0.0765 0.00192456
0.0775 0.00194813
0.0785 0.00197174
0.0795 0.00199444
0.0805 0.00201637
0.0815 0.00203785
0.0825 0.00205955
0.0835 0.0020821
0.0845 0.00210554
0.0855 0.00212913
0.0865 0.00215229
0.0875 0.00217483
0.0885 0.00219754
0.0895 0.00222013
0.0905 0.00224173
0.0915 0.00226263
0.0925 0.00228318
0.0935 0.00230408
0.0945 0.00232591
0.0955 0.00234854
0.0965 0.00237116
0.0975 0.00239321
0.0985 0.00241472
0.0995 0.00243645
0.1005 0.00245788
0.1015 0.00247829
0.1025 0.00249808
0.1035 0.00251762
0.1045 0.00253764
0.1055 0.00255865
0.1065 0.00258033
0.1075 0.00260186
0.1085 0.00262268
0.1095 0.00264309
0.1105 0.00266371
0.1115 0.00268385
0.1125 0.00270299
0.1135 0.00272159
0.1145 0.00274006
0.1155 0.00275911
0.1165 0.00277922
0.1175 0.00279982
0.1185 0.00282011
0.1195 0.0028396
0.1205 0.00285884
0.1215 0.00287824
0.1225 0.00289698
0.1235 0.00291478
0.1245 0.00293211
0.1255 0.00294942
0.1265 0.00296745
0.1275 0.00298654
0.1285 0.00300593
0.1295 0.00302487
0.1305 0.00304296
0.1315 0.00306094
0.1325 0.00307899
0.1335 0.00309625
0.1345 0.00311263
0.1355 0.00312863
0.1365 0.00314473
0.1375 0.00316168
0.1385 0.00317962
0.1395 0.00319769
0.1405 0.00321514
0.1415 0.00323178
0.1425 0.00324842
0.1435 0.00326501
0.1445 0.0032807
0.1455 0.0032956
0.1465 0.00331022
0.1475 0.00332505
0.1485 0.00334086
0.1495 0.00335755
0.1505 0.00337417
0.1515 0.00339004
0.1525 0.00340517
0.1535 0.0034204
0.1545 0.00343541
0.1555 0.00344947
0.1565 0.00346284
0.1575 0.00347601
0.1585 0.00348953
0.1595 0.00350412
0.1605 0.00351945
0.1615 0.00353452
0.1625 0.00354872
0.1635 0.00356231
0.1645 0.00357603
0.1655 0.00358936
0.1665 0.00360175
0.1675 0.00361353
0.1685 0.00362522
0.1695 0.00363739
0.1705 0.0036507
0.1715 0.00366455
0.1725 0.00367797
0.1735 0.00369043
0.1745 0.00370244
0.1755 0.00371457
0.1765 0.00372614
0.1775 0.00373681
0.1785 0.00374697
0.1795 0.00375713
0.1805 0.00376793
0.1815 0.00377987
0.1825 0.00379215
0.1835 0.00380383
0.1845 0.00381451
0.1855 0.00382489
0.1865 0.00383535
0.1875 0.00384511
0.1885 0.00385402
0.1895 0.00386252
0.1905 0.00387114
0.1915 0.00388053
0.1925 0.00389102
0.1935 0.00390163
0.1945 0.00391149
0.1955 0.00392036
0.1965 0.00392909
0.1975 0.00393779
0.1985 0.00394568
0.1995 0.00395282
0.2005 0.00395963
0.2015 0.00396669
0.2025 0.00397465
0.2035 0.00398361
0.2045 0.00399247
0.2055 0.00400044
0.2065 0.0040075
0.2075 0.00401452
0.2085 0.00402139
0.2095 0.00402739
0.2105 0.00403273
0.2115 0.00403785
0.2125 0.00404334
0.2135 0.00404984
0.2145 0.00405718
0.2155 0.00406423
0.2165 0.00407025
0.2175 0.0040755
0.2185 0.00408078
0.2195 0.00408574
0.2205 0.00408986
0.2215 0.00409338
0.2225 0.0040968
0.2235 0.00410072
0.2245 0.00410573
0.2255 0.00411138
0.2265 0.00411655
0.2275 0.0041206
0.2285 0.00412405
0.2295 0.00412753
0.2305 0.00413057
0.2315 0.00413278
0.2325 0.00413449
0.2335 0.00413622
0.2345 0.00413857
0.2355 0.00414204
0.2365 0.00414595
0.2375 0.00414919
0.2385 0.00415125
0.2395 0.0041529
0.2405 0.00415458
0.2415 0.00415564
0.2425 0.0041559
0.2435 0.00415585
0.2445 0.00415599
0.2455 0.00415682
0.2465 0.00415858
0.2475 0.00416055
0.2485 0.00416183
0.2495 0.00416214
0.2505 0.00416214
0.2515 0.00416183
0.2525 0.00416055
0.2535 0.00415858
0.2545 0.00415682
0.2555 0.00415599
0.2565 0.00415585
0.2575 0.0041559
0.2585 0.00415564
0.2595 0.00415458
0.2605 0.0041529
0.2615 0.00415125
0.2625 0.00414919
0.2635 0.00414595
0.2645 0.00414204
0.2655 0.00413857
0.2665 0.00413622
0.2675 0.00413449
0.2685 0.00413278
0.2695 0.00413057
0.2705 0.00412753
0.2715 0.00412405
0.2725 0.0041206
0.2735 0.00411655
0.2745 0.00411138
0.2755 0.00410573
0.2765 0.00410072
0.2775 0.0040968
0.2785 0.00409338
0.2795 0.00408986
0.2805 0.00408574
0.2815 0.00408078
0.2825 0.0040755
0.2835 0.00407025
0.2845 0.00406423
0.2855 0.00405718
0.2865 0.00404984
0.2875 0.00404334
0.2885 0.00403785
0.2895 0.00403273
0.2905 0.00402739
0.2915 0.00402139
0.2925 0.00401452
0.2935 0.0040075
0.2945 0.00400044
0.2955 0.00399247
0.2965 0.00398361
0.2975 0.00397465
0.2985 0.00396669
0.2995 0.00395963
0.3005 0.00395282
0.3015 0.00394568
0.3025 0.00393779
0.3035 0.00392909
0.3045 0.00392036
0.3055 0.00391149
0.3065 0.00390163
0.3075 0.00389102
0.3085 0.00388053
0.3095 0.00387114
0.3105 0.00386252
0.3115 0.00385402
0.3125 0.00384511
0.3135 0.00383535
0.3145 0.00382489
0.3155 0.00381451
0.3165 0.00380383
0.3175 0.00379215
0.3185 0.00377987
0.3195 0.00376793
0.3205 0.00375713
0.3215 0.00374697
0.3225 0.00373681
0.3235 0.00372614
0.3245 0.00371457
0.3255 0.00370244
0.3265 0.00369043
0.3275 0.00367797
0.3285 0.00366455
0.3295 0.0036507
0.3305 0.00363739
0.3315 0.00362522
0.3325 0.00361353
0.3335 0.00360175
0.3345 0.00358936
0.3355 0.00357603
0.3365 0.00356231
0.3375 0.00354872
0.3385 0.00353452
0.3395 0.00351945
0.3405 0.00350412
0.3415 0.00348953
0.3425 0.00347601
0.3435 0.00346284
0.3445 0.00344947
0.3455 0.00343541
0.3465 0.0034204
0.3475 0.00340517
0.3485 0.00339004
0.3495 0.00337417
0.3505 0.00335755
0.3515 0.00334086
0.3525 0.00332505
0.3535 0.00331022
0.3545 0.0032956
0.3555 0.0032807
0.3565 0.00326501
0.3575 0.00324842
0.3585 0.00323178
0.3595 0.00321514
0.3605 0.00319769
0.3615 0.00317962
0.3625 0.00316168
0.3635 0.00314473
0.3645 0.00312863
0.3655 0.00311263
0.3665 0.00309625
0.3675 0.00307899
0.3685 0.00306094
0.3695 0.00304296
0.3705 0.00302487
0.3715 0.00300593
0.3725 0.00298654
0.3735 0.00296745
0.3745 0.00294942
0.3755 0.00293211
0.3765 0.00291478
0.3775 0.00289698
0.3785 0.00287824
0.3795 0.00285884
0.3805 0.0028396
0.3815 0.00282011
0.3825 0.00279982
0.3835 0.00277922
0.3845 0.00275911
0.3855 0.00274006
0.3865 0.00272159
0.3875 0.00270299
0.3885 0.00268385
0.3895 0.00266371
0.3905 0.00264309
0.3915 0.00262268
0.3925 0.00260186
0.3935 0.00258033
0.3945 0.00255865
0.3955 0.00253764
0.3965 0.00251762
0.3975 0.00249808
0.3985 0.00247829
0.3995 0.00245788
0.4005 0.00243645
0.4015 0.00241472
0.4025 0.00239321
0.4035 0.00237116
0.4045 0.00234854
0.4055 0.00232591
0.4065 0.00230408
0.4075 0.00228318
0.4085 0.00226263
0.4095 0.00224173
0.4105 0.00222013
0.4115 0.00219754
0.4125 0.00217483
0.4135 0.00215229
0.4145 0.00212913
0.4155 0.00210554
0.4165 0.0020821
0.4175 0.00205955
0.4185 0.00203785
0.4195 0.00201637
0.4205 0.00199444
0.4215 0.00197174
0.4225 0.00194813
0.4235 0.00192456
0.4245 0.00190106
0.4255 0.00187693
0.4265 0.00185251
0.4275 0.00182839
0.4285 0.00180522
0.4295 0.0017828
0.4305 0.00176047
0.4315 0.00173761
0.4325 0.00171391
0.4335 0.00168942
0.4345 0.0016651
0.4355 0.00164072
0.4365 0.00161577
0.4375 0.00159066
0.4385 0.00156599
0.4395 0.00154229
0.4405 0.00151924
0.4415 0.00149616
0.4425 0.00147244
0.4435 0.00144786
0.4445 0.00142264
0.4455 0.00139768
0.4465 0.00137253
0.4475 0.00134691
0.4485 0.00132124
0.4495 0.00129616
0.4505 0.00127201
0.4515 0.00124842
0.4525 0.00122467
0.4535 0.00120022
0.4545 0.00117487
0.4555 0.00114908
0.4565 0.00112357
0.4575 0.00109776
0.4585 0.00107163
0.4595 0.00104555
0.4605 0.00102016
0.4615 0.000995678
0.4625 0.00097164
0.4635 0.000947323
0.4645 0.000922221
0.4655 0.00089627
0.4665 0.000870028
0.4675 0.000844065
0.4685 0.000817754
0.4695 0.000791246
0.4705 0.000764892
0.4715 0.000739321
0.4725 0.000714605
0.4735 0.000690213
0.4745 0.000665425
0.4755 0.000639782
0.4765 0.000613379
0.4775 0.000586825
0.4785 0.000560507
0.4795 0.000533844
0.4805 0.000507113
0.4815 0.000480613
0.4825 0.000454978
0.4835 0.00043013
0.4845 0.00040548
0.4855 0.000380318
0.4865 0.000354256
0.4875 0.000327556
0.4885 0.000300819
0.4895 0.000274241
0.4905 0.000247405
0.4915 0.000220577
0.4925 0.00019407
0.4935 0.000168488
0.4945 0.000143608
0.4955 0.000118793
0.4965 9.33635e-05
0.4975 6.70106e-05
0.4985 4.01698e-05
0.4995 1.33727e-05
0.5005 -1.33727e-05
0.5015 -4.01698e-05
0.5025 -6.70106e-05
0.5035 -9.33635e-05
0.5045 -0.000118793
0.5055 -0.000143608
0.5065 -0.000168488
0.5075 -0.00019407
0.5085 -0.000220577
0.5095 -0.000247405
0.5105 -0.000274241
0.5115 -0.000300819
0.5125 -0.000327556
0.5135 -0.000354256
0.5145 -0.000380318
0.5155 -0.00040548
0.5165 -0.00043013
0.5175 -0.000454978
0.5185 -0.000480613
0.5195 -0.000507113
0.5205 -0.000533844
0.5215 -0.000560507
0.5225 -0.000586825
0.5235 -0.000613379
0.5245 -0.000639782
0.5255 -0.000665425
0.5265 -0.000690213
0.5275 -0.000714605
0.5285 -0.000739321
0.5295 -0.000764892
0.5305 -0.000791246
0.5315 -0.000817754
0.5325 -0.000844065
0.5335 -0.000870028
0.5345 -0.00089627
0.5355 -0.000922221
0.5365 -0.000947323
0.5375 -0.00097164
0.5385 -0.000995678
0.5395 -0.00102016
0.5405 -0.00104555
0.5415 -0.00107163
0.5425 -0.00109776
0.5435 -0.00112357
0.5445 -0.00114908
0.5455 -0.00117487
0.5465 -0.00120022
0.5475 -0.00122467
0.5485 -0.00124842
0.5495 -0.00127201
0.5505 -0.00129616
0.5515 -0.00132124
0.5525 -0.00134691
0.5535 -0.00137253
0.5545 -0.00139768
0.5555 -0.00142264
0.5565 -0.00144786
0.5575 -0.00147244
0.5585 -0.00149616
0.5595 -0.00151924
0.5605 -0.00154229
0.5615 -0.00156599
0.5625 -0.00159066
0.5635 -0.00161577
0.5645 -0.00164072
0.5655 -0.0016651
0.5665 -0.00168942
0.5675 -0.00171391
0.5685 -0.00173761
0.5695 -0.00176047
0.5705 -0.0017828
0.5715 -0.00180522
0.5725 -0.00182839
0.5735 -0.00185251
0.5745 -0.00187693
0.5755 -0.00190106
0.5765 -0.00192456
0.5775 -0.00194813
0.5785 -0.00197174
0.5795 -0.00199444
0.5805 -0.00201637
0.5815 -0.00203785
0.5825 -0.00205955
0.5835 -0.0020821
0.5845 -0.00210554
0.5855 -0.00212913
0.5865 -0.00215229
0.5875 -0.00217483
0.5885 -0.00219754
0.5895 -0.00222013
0.5905 -0.00224173
0.5915 -0.00226263
0.5925 -0.00228318
0.5935 -0.00230408
0.5945 -0.00232591
0.5955 -0.00234854
0.5965 -0.00237116
0.5975 -0.00239321
0.5985 -0.00241472
0.5995 -0.00243645
0.6005 -0.00245788
0.6015 -0.00247829
0.6025 -0.00249808
0.6035 -0.00251762
0.6045 -0.00253764
0.6055 -0.00255865
0.6065 -0.00258033
0.6075 -0.00260186
0.6085 -0.00262268
0.6095 -0.00264309
0.6105 -0.00266371
0.6115 -0.00268385
0.6125 -0.00270299
0.6135 -0.00272159
0.6145 -0.00274006
0.6155 -0.00275911
0.6165 -0.00277922
0.6175 -0.00279982
0.6185 -0.00282011
0.6195 -0.0028396
0.6205 -0.00285884
0.6215 -0.00287824
0.6225 -0.00289698
0.6235 -0.00291478
0.6245 -0.00293211
0.6255 -0.00294942
0.6265 -0.00296745
0.6275 -0.00298654
0.6285 -0.00300593
0.6295 -0.00302487
0.6305 -0.00304296
0.6315 -0.00306094
0.6325 -0.00307899
0.6335 -0.00309625
0.6345 -0.00311263
0.6355 -0.00312863
0.6365 -0.00314473
0.6375 -0.00316168
0.6385 -0.00317962
0.6395 -0.00319769
0.6405 -0.00321514
0.6415 -0.00323178
0.6425 -0.00324842
0.6435 -0.00326501
0.6445 -0.0032807
0.6455 -0.0032956
0.6465 -0.00331022
0.6475 -0.00332505
0.6485 -0.00334086
0.6495 -0.00335755
0.6505 -0.00337417
0.6515 -0.00339004
0.6525 -0.00340517
0.6535 -0.0034204
0.6545 -0.00343541
0.6555 -0.00344947
0.6565 -0.00346284
0.6575 -0.00347601
0.6585 -0.00348953
0.6595 -0.00350412
0.6605 -0.00351945
0.6615 -0.00353452
0.6625 -0.00354872
0.6635 -0.00356231
0.6645 -0.00357603
0.6655 -0.00358936
0.6665 -0.00360175
0.6675 -0.00361353
0.6685 -0.00362522
0.6695 -0.00363739
0.6705 -0.0036507
0.6715 -0.00366455
0.6725 -0.00367797
0.6735 -0.00369043
0.6745 -0.00370244
0.6755 -0.00371457
0.6765 -0.00372614
0.6775 -0.00373681
0.6785 -0.00374697
0.6795 -0.00375713
0.6805 -0.00376793
0.6815 -0.00377987
0.6825 -0.00379215
0.6835 -0.00380383
0.6845 -0.00381451
0.6855 -0.00382489
0.6865 -0.00383535
0.6875 -0.00384511
0.6885 -0.00385402
0.6895 -0.00386252
0.6905 -0.00387114
0.6915 -0.00388053
0.6925 -0.00389102
0.6935 -0.00390163
0.6945 -0.00391149
0.6955 -0.00392036
0.6965 -0.00392909
0.6975 -0.00393779
0.6985 -0.00394568
0.6995 -0.00395282
0.7005 -0.00395963
0.7015 -0.00396669
0.7025 -0.00397465
0.7035 -0.00398361
0.7045 -0.00399247
0.7055 -0.00400044
0.7065 -0.0040075
0.7075 -0.00401452
0.7085 -0.00402139
0.7095 -0.00402739
0.7105 -0.00403273
0.7115 -0.00403785
0.7125 -0.00404334
0.7135 -0.00404984
0.7145 -0.00405718
0.7155 -0.00406423
0.7165 -0.00407025
0.7175 -0.0040755
0.7185 -0.00408078
0.7195 -0.00408574
0.7205 -0.00408986
0.7215 -0.00409338
0.7225 -0.0040968
0.7235 -0.00410072
0.7245 -0.00410573
0.7255 -0.00411138
0.7265 -0.00411655
0.7275 -0.0041206
0.7285 -0.00412405
0.7295 -0.00412753
0.7305 -0.00413057
0.7315 -0.00413278
0.7325 -0.00413449
0.7335 -0.00413622
0.7345 -0.00413857
0.7355 -0.00414204
0.7365 -0.00414595
0.7375 -0.00414919
0.7385 -0.00415125
0.7395 -0.0041529
0.7405 -0.00415458
0.7415 -0.00415564
0.7425 -0.0041559
0.7435 -0.00415585
0.7445 -0.00415599
0.7455 -0.00415682
0.7465 -0.00415858
0.7475 -0.00416055
0.7485 -0.00416183
0.7495 -0.00416214
0.7505 -0.00416214
0.7515 -0.00416183
0.7525 -0.00416055
0.7535 -0.00415858
0.7545 -0.00415682
0.7555 -0.00415599
0.7565 -0.00415585
0.7575 -0.0041559
0.7585 -0.00415564
0.7595 -0.00415458
0.7605 -0.0041529
0.7615 -0.00415125
0.7625 -0.00414919
0.7635 -0.00414595
0.7645 -0.00414204
0.7655 -0.00413857
0.7665 -0.00413622
0.7675 -0.00413449
0.7685 -0.00413278
0.7695 -0.00413057
0.7705 -0.00412753
0.7715 -0.00412405
0.7725 -0.0041206
0.7735 -0.00411655
0.7745 -0.00411138
0.7755 -0.00410573
0.7765 -0.00410072
0.7775 -0.0040968
0.7785 -0.00409338
0.7795 -0.00408986
0.7805 -0.00408574
0.7815 -0.00408078
0.7825 -0.0040755
0.7835 -0.00407025
0.7845 -0.00406423
0.7855 -0.00405718
0.7865 -0.00404984
0.7875 -0.00404334
0.7885 -0.00403785
0.7895 -0.00403273
0.7905 -0.00402739
0.7915 -0.00402139
0.7925 -0.00401452
0.7935 -0.0040075
0.7945 -0.00400044
0.7955 -0.00399247
0.7965 -0.00398361
0.7975 -0.00397465
0.7985 -0.00396669
0.7995 -0.00395963
0.8005 -0.00395282
0.8015 -0.00394568
0.8025 -0.00393779
0.8035 -0.00392909
0.8045 -0.00392036
0.8055 -0.00391149
0.8065 -0.00390163
0.8075 -0.00389102
0.8085 -0.00388053
0.8095 -0.00387114
0.8105 -0.00386252
0.8115 -0.00385402
0.8125 -0.00384511
0.8135 -0.00383535
0.8145 -0.00382489
0.8155 -0.00381451
0.8165 -0.00380383
0.8175 -0.00379215
0.8185 -0.00377987
0.8195 -0.00376793
0.8205 -0.00375713
0.8215 -0.00374697
0.8225 -0.00373681
0.8235 -0.00372614
0.8245 -0.00371457
0.8255 -0.00370244
0.8265 -0.00369043
0.8275 -0.00367797
0.8285 -0.00366455
0.8295 -0.0036507
0.8305 -0.00363739
0.8315 -0.00362522
0.8325 -0.00361353
0.8335 -0.00360175
0.8345 -0.00358936
0.8355 -0.00357603
0.8365 -0.00356231
0.8375 -0.00354872
0.8385 -0.00353452
0.8395 -0.00351945
0.8405 -0.00350412
0.8415 -0.00348953
0.8425 -0.00347601
0.8435 -0.00346284
0.8445 -0.00344947
0.8455 -0.00343541
0.8465 -0.0034204
0.8475 -0.00340517
0.8485 -0.00339004
0.8495 -0.00337417
0.8505 -0.00335755
0.8515 -0.00334086
0.8525 -0.00332505
0.8535 -0.00331022
0.8545 -0.0032956
0.8555 -0.0032807
0.8565 -0.00326501
0.8575 -0.00324842
0.8585 -0.00323178
0.8595 -0.00321514
0.8605 -0.00319769
0.8615 -0.00317962
0.8625 -0.00316168
0.8635 -0.00314473
0.8645 -0.00312863
0.8655 -0.00311263
0.8665 -0.00309625
0.8675 -0.00307899
0.8685 -0.00306094
0.8695 -0.00304296
0.8705 -0.00302487
0.8715 -0.00300593
0.8725 -0.00298654
0.8735 -0.00296745
0.8745 -0.00294942
0.8755 -0.00293211
0.8765 -0.00291478
0.8775 -0.00289698
0.8785 -0.00287824
0.8795 -0.00285884
0.8805 -0.0028396
0.8815 -0.00282011
0.8825 -0.00279982
0.8835 -0.00277922
0.8845 -0.00275911
0.8855 -0.00274006
0.8865 -0.00272159
0.8875 -0.00270299
0.8885 -0.00268385
0.8895 -0.00266371
0.8905 -0.00264309
0.8915 -0.00262268
0.8925 -0.00260186
0.8935 -0.00258033
0.8945 -0.00255865
0.8955 -0.00253764
0.8965 -0.00251762
0.8975 -0.00249808
0.8985 -0.00247829
0.8995 -0.00245788
0.9005 -0.00243645
0.9015 -0.00241472
0.9025 -0.00239321
0.9035 -0.00237116
0.9045 -0.00234854
0.9055 -0.00232591
0.9065 -0.00230408
0.9075 -0.00228318
0.9085 -0.00226263
0.9095 -0.00224173
0.9105 -0.00222013
0.9115 -0.00219754
0.9125 -0.00217483
0.9135 -0.00215229
0.9145 -0.00212913
0.9155 -0.00210554
0.9165 -0.0020821
0.9175 -0.00205955
0.9185 -0.00203785
0.9195 -0.00201637
0.9205 -0.00199444
0.9215 -0.00197174
0.9225 -0.00194813
0.9235 -0.00192456
0.9245 -0.00190106
0.9255 -0.00187693
0.9265 -0.00185251
0.9275 -0.00182839
0.9285 -0.00180522
0.9295 -0.0017828
0.9305 -0.00176047
0.9315 -0.00173761
0.9325 -0.00171391
0.9335 -0.00168942
0.9345 -0.0016651
0.9355 -0.00164072
0.9365 -0.00161577
0.9375 -0.00159066
0.9385 -0.00156599
0.9395 -0.00154229
0.9405 -0.00151924
0.9415 -0.00149616
0.9425 -0.00147244
0.9435 -0.00144786
0.9445 -0.00142264
0.9455 -0.00139768
0.9465 -0.00137253
0.9475 -0.00134691
0.9485 -0.00132124
0.9495 -0.00129616
0.9505 -0.00127201
0.9515 -0.00124842
0.9525 -0.00122467
0.9535 -0.00120022
0.9545 -0.00117487
0.9555 -0.00114908
0.9565 -0.00112357
0.9575 -0.00109776
0.9585 -0.00107163
0.9595 -0.00104555
0.9605 -0.00102016
0.9615 -0.000995678
0.9625 -0.00097164
0.9635 -0.000947323
0.9645 -0.000922221
0.9655 -0.00089627
0.9665 -0.000870028
0.9675 -0.000844065
0.9685 -0.000817754
0.9695 -0.000791246
0.9705 -0.000764892
0.9715 -0.000739321
0.9725 -0.000714605
0.9735 -0.000690213
0.9745 -0.000665425
0.9755 -0.000639782
0.9765 -0.000613379
0.9775 -0.000586825
0.9785 -0.000560507
0.9795 -0.000533844
0.9805 -0.000507113
0.9815 -0.000480613
0.9825 -0.000454978
0.9835 -0.00043013
0.9845 -0.00040548
0.9855 -0.000380318
0.9865 -0.000354256
0.9875 -0.000327556
0.9885 -0.000300819
0.9895 -0.000274241
0.9905 -0.000247405
0.9915 -0.000220577
0.9925 -0.00019407
0.9935 -0.000168488
0.9945 -0.000143608
0.9955 -0.000118793
0.9965 -9.33635e-05
0.9975 -6.70106e-05
0.9985 -4.01698e-05
0.9995 -1.33727e-05

# time= 0.9936
0.0005 0.00314407
0.0015 0.0094318
0.0025 0.0157184
0.0035 0.0220032
0.0045 0.0282859
0.0055 0.0345672
0.0065 0.0408478
0.0075 0.0471282
0.0085 0.0534079
0.0095 0.0596861
0.0105 0.0659621
0.0115 0.0722352
0.0125 0.078505
0.0135 0.0847709
0.0145 0.0910322
0.0155 0.0972888
0.0165 0.103541
0.0175 0.109791
0.0185 0.116037
0.0195 0.122281
0.0205 0.128519
0.0215 0.134753
0.0225 0.140981
0.0235 0.147203
0.0245 0.153418
0.0255 0.159626
0.0265 0.165827
0.0275 0.172021
0.0285 0.17821
0.0295 0.184393
0.0305 0.190569
0.0315 0.196739
0.0325 0.202901
0.0335 0.209054
0.0345 0.215198
0.0355 0.221333
0.0365 0.227458
0.0375 0.233573
0.0385 0.23968
0.0395 0.245778
0.0405 0.251868
0.0415 0.257948
0.0425 0.264019
0.0435 0.270079
0.0445 0.276128
0.0455 0.282166
0.0465 0.288191
0.0475 0.294204
0.0485 0.300204
0.0495 0.306194
0.0505 0.312172
0.0515 0.31814
0.0525 0.324096
0.0535 0.330039
0.0545 0.335968
0.0555 0.341884
0.0565 0.347786
0.0575 0.353673
0.0585 0.359545
0.0595 0.365402
0.0605 0.371246
0.0615 0.377076
0.0625 0.382893
0.0635 0.388695
0.0645 0.394482
0.0655 0.400253
0.0665 0.406008
0.0675 0.411746
0.0685 0.417466
0.0695 0.423169
0.0705 0.428855
0.0715 0.434525
0.0725 0.440179
0.0735 0.445818
0.0745 0.451439
0.0755 0.457042
0.0765 0.462626
0.0775 0.468192
0.0785 0.473739
0.0795 0.479266
0.0805 0.484772
0.0815 0.49026
0.0825 0.49573
0.0835 0.501181
0.0845 0.506614
0.0855 0.512027
0.0865 0.517419
0.0875 0.522791
0.0885 0.528141
0.0895 0.53347
0.0905 0.538777
0.0915 0.544061
0.0925 0.549324
0.0935 0.554567
0.0945 0.559789
0.0955 0.564991
0.0965 0.57017
0.0975 0.575326
0.0985 0.580459
0.0995 0.585569
0.1005 0.590654
0.1015 0.595715
0.1025 0.600752
0.1035 0.605765
0.1045 0.610756
0.1055 0.615725
0.1065 0.62067
0.1075 0.625591
0.1085 0.630486
0.1095 0.635355
0.1105 0.6402
0.1115 0.645018
0.1125 0.649809
0.1135 0.654574
0.1145 0.659314
0.1155 0.66403
0.1165 0.66872
0.1175 0.673386
0.1185 0.678024
0.1195 0.682635
0.1205 0.687218
0.1215 0.691774
0.1225 0.696301
0.1235 0.7008
0.1245 0.705271
0.1255 0.709715
0.1265 0.714132
0.1275 0.718523
0.1285 0.722886
0.1295 0.72722
0.1305 0.731524
0.1315 0.735799
0.1325 0.740045
0.1335 0.74426
0.1345 0.748444
0.1355 0.7526
0.1365 0.756726
0.1375 0.760825
0.1385 0.764894
0.1395 0.768934
0.1405 0.772943
0.1415 0.77692
0.1425 0.780867
0.1435 0.784782
0.1445 0.788664
0.1455 0.792515
0.1465 0.796335
0.1475 0.800125
0.1485 0.803884
0.1495 0.807613
0.1505 0.811311
0.1515 0.814975
0.1525 0.818607
0.1535 0.822206
0.1545 0.825771
0.1555 0.829303
0.1565 0.832802
0.1575 0.836268
0.1585 0.839703
0.1595 0.843106
0.1605 0.846476
0.1615 0.849813
0.1625 0.853116
0.1635 0.856384
0.1645 0.859619
0.1655 0.862818
0.1665 0.865982
0.1675 0.869112
0.1685 0.872208
0.1695 0.875271
0.1705 0.878301
0.1715 0.881297
0.1725 0.884258
0.1735 0.887183
0.1745 0.890073
0.1755 0.892927
0.1765 0.895745
0.1775 0.898526
0.1785 0.901272
0.1795 0.903983
0.1805 0.90666
0.1815 0.909303
0.1825 0.91191
0.1835 0.914481
0.1845 0.917014
0.1855 0.919511
0.1865 0.921972
0.1875 0.924394
0.1885 0.92678
0.1895 0.929128
0.1905 0.931442
0.1915 0.93372
0.1925 0.935962
0.1935 0.938168
0.1945 0.940336
0.1955 0.942466
0.1965 0.944559
0.1975 0.946614
0.1985 0.94863
0.1995 0.950608
0.2005 0.952548
0.2015 0.954453
0.2025 0.956321
0.2035 0.958153
0.2045 0.959947
0.2055 0.961702
0.2065 0.963418
0.2075 0.965096
0.2085 0.966736
0.2095 0.968335
0.2105 0.969897
0.2115 0.97142
0.2125 0.972906
0.2135 0.974356
0.2145 0.975768
0.2155 0.977141
0.2165 0.978475
0.2175 0.97977
0.2185 0.981025
0.2195 0.982241
0.2205 0.983417
0.2215 0.984554
0.2225 0.985653
0.2235 0.986714
0.2245 0.987738
0.2255 0.988724
0.2265 0.98967
0.2275 0.990577
0.2285 0.991443
0.2295 0.99227
0.2305 0.993057
0.2315 0.993804
0.2325 0.994511
0.2335 0.99518
0.2345 0.995811
0.2355 0.996404
0.2365 0.996959
0.2375 0.997474
0.2385 0.997948
0.2395 0.998382
0.2405 0.998777
0.2415 0.999131
0.2425 0.999444
0.2435 0.999719
0.2445 0.999955
0.2455 1.00015
0.2465 1.00031
0.2475 1.00043
0.2485 1.00051
0.2495 1.00055
0.2505 1.00055
0.2515 1.00051
0.2525 1.00043
0.2535 1.00031
0.2545 1.00015
0.2555 0.999955
0.2565 0.999719
0.2575 0.999444
0.2585 0.999131
0.2595 0.998777
0.2605 0.998382
0.2615 0.997948
0.2625 0.997474
0.2635 0.996959
0.2645 0.996404
0.2655 0.995811
0.2665 0.99518
0.2675 0.994511
0.2685 0.993804
0.2695 0.993057
0.2705 0.99227
0.2715 0.991443
0.2725 0.990577
0.2735 0.98967
0.2745 0.988724
0.2755 0.987738
0.2765 0.986714
0.2775 0.985653
0.2785 0.984554
0.2795 0.983417
0.2805 0.982241
0.2815 0.981025
0.2825 0.97977
0.2835 0.978475
0.2845 0.977141
0.2855 0.975768
0.2865 0.974356
0.2875 0.972906
0.2885 0.97142
0.2895 0.969897
0.2905 0.968335
0.2915 0.966736
0.2925 0.965096
0.2935 0.963418
0.2945 0.961702
0.2955 0.959947
0.2965 0.958153
0.2975 0.956321
0.2985 0.954453
0.2995 0.952548
0.3005 0.950608
0.3015 0.94863
0.3025 0.946614
0.3035 0.944559
0.3045 0.942466
0.3055 0.940336
0.3065 0.938168
0.3075 0.935962
0.3085 0.93372
0.3095 0.931442
0.3105 0.929128
0.3115 0.92678
0.3125 0.924394
0.3135 0.921972
0.3145 0.919511
0.3155 0.917014
0.3165 0.914481
0.3175 0.91191
0.3185 0.909303
0.3195 0.90666
0.3205 0.903983
0.3215 0.901272
0.3225 0.898526
0.3235 0.895745
0.3245 0.892927
0.3255 0.890073
0.3265 0.887183
0.3275 0.884258
0.3285 0.881297
0.3295 0.878301
0.3305 0.875271
0.3315 0.872208
0.3325 0.869112
0.3335 0.865982
0.3345 0.862818
0.3355 0.859619
0.3365 0.856384
0.3375 0.853116
0.3385 0.849813
0.3395 0.846476
0.3405 0.843106
0.3415 0.839703
0.3425 0.836268
0.3435 0.832802
0.3445 0.829303
0.3455 0.825771
0.3465 0.822206
0.3475 0.818607
0.3485 0.814975
0.3495 0.811311
0.3505 0.807613
0.3515 0.803884
0.3525 0.800125
0.3535 0.796335
0.3545 0.792515
0.3555 0.788664
0.3565 0.784782
0.3575 0.780867
0.3585 0.77692
0.3595 0.772943
0.3605 0.768934
0.3615 0.764894
0.3625 0.760825
0.3635 0.756726
0.3645 0.7526
0.3655 0.748444
0.3665 0.74426
0.3675 0.740045
0.3685 0.735799
0.3695 0.731524
0.3705 0.72722
0.3715 0.722886
0.3725 0.718523
0.3735 0.714132
0.3745 0.709715
0.3755 0.705271
0.3765 0.7008
0.3775 0.696301
0.3785 0.691774
0.3795 0.687218
0.3805 0.682635
0.3815 0.678024
0.3825 0.673386
0.3835 0.66872
0.3845 0.66403
0.3855 0.659314
0.3865 0.654574
0.3875 0.649809
0.3885 0.645018
0.3895 0.6402
0.3905 0.635355
0.3915 0.630486
0.3925 0.625591
0.3935 0.62067
0.3945 0.615725
0.3955 0.610756
0.3965 0.605765
0.3975 0.600752
0.3985 0.595715
0.3995 0.590654
0.4005 0.585569
0.4015 0.580459
0.4025 0.575326
0.4035 0.57017
0.4045 0.564991
0.4055 0.559789
0.4065 0.554567
0.4075 0.549324
0.4085 0.544061
0.4095 0.538777
0.4105 0.53347
0.4115 0.528141
0.4125 0.522791
0.4135 0.517419
0.4145 0.512027
0.4155 0.506614
0.4165 0.501181
0.4175 0.49573
0.4185 0.49026
0.4195 0.484772
0.4205 0.479266
0.4215 0.473739
0.4225 0.468192
0.4235 0.462626
0.4245 0.457042
0.4255 0.451439
0.4265 0.445818
0.4275 0.440179
0.4285 0.434525
0.4295 0.428855
0.4305 0.423169
0.4315 0.417466
0.4325 0.411746
0.4335 0.406008
0.4345 0.400253
0.4355 0.394482
0.4365 0.388695
0.4375 0.382893
0.4385 0.377076
0.4395 0.371246
0.4405 0.365402
0.4415 0.359545
0.4425 0.353673
0.4435 0.347786
0.4445 0.341884
0.4455 0.335968
0.4465 0.330039
0.4475 0.324096
0.4485 0.31814
0.4495 0.312172
0.4505 0.306194
0.4515 0.300204
0.4525 0.294204
0.4535 0.288191
0.4545 0.282166
0.4555 0.276128
0.4565 0.270079
0.4575 0.264019
0.4585 0.257948
0.4595 0.251868
0.4605 0.245778
0.4615 0.23968
0.4625 0.233573
0.4635 0.227458
0.4645 0.221333
0.4655 0.215198
0.4665 0.209054
0.4675 0.202901
0.4685 0.196739
0.4695 0.190569
0.4705 0.184393
0.4715 0.17821
0.4725 0.172021
0.4735 0.165827
0.4745 0.159626
0.4755 0.153418
0.4765 0.147203
0.4775 0.140981
0.4785 0.134753
0.4795 0.128519
0.4805 0.122281
0.4815 0.116037
0.4825 0.109791
0.4835 0.103541
0.4845 0.0972888
0.4855 0.0910322
0.4865 0.0847709
0.4875 0.078505
0.4885 0.0722352
0.4895 0.0659621
0.4905 0.0596861
0.4915 0.0534079
0.4925 0.0471282
0.4935 0.0408478
0.4945 0.0345672
0.4955 0.0282859
0.4965 0.0220032
0.4975 0.0157184
0.4985 0.0094318
0.4995 0.00314407
0.5005 -0.00314407
0.5015 -0.0094318
0.5025 -0.0157184
0.5035 -0.0220032
0.5045 -0.0282859
0.5055 -0.0345672
0.5065 -0.0408478
0.5075 -0.0471282
0.5085 -0.0534079
0.5095 -0.0596861
0.5105 -0.0659621
0.5115 -0.0722352
0.5125 -0.078505
0.5135 -0.0847709
0.5145 -0.0910322
0.5155 -0.0972888
0.5165 -0.103541
0.5175 -0.109791
0.5185 -0.116037
0.5195 -0.122281
0.5205 -0.128519
0.5215 -0.134753
0.5225 -0.140981
0.5235 -0.147203
0.5245 -0.153418
0.5255 -0.159626
0.5265 -0.165827
0.5275 -0.172021
0.5285 -0.17821
0.5295 -0.184393
0.5305 -0.190569
0.5315 -0.196739
0.5325 -0.202901
0.5335 -0.209054
0.5345 -0.215198
0.5355 -0.221333
0.5365 -0.227458
0.5375 -0.233573
0.5385 -0.23968
0.5395 -0.245778
0.5405 -0.251868
0.5415 -0.257948
0.5425 -0.264019
0.5435 -0.270079
0.5445 -0.276128
0.5455 -0.282166
0.5465 -0.288191
0.5475 -0.294204
0.5485 -0.300204
0.5495 -0.306194
0.5505 -0.312172
0.5515 -0.31814
0.5525 -0.324096
0.5535 -0.330039
0.5545 -0.335968
0.5555 -0.341884
0.5565 -0.347786
0.5575 -0.353673
0.5585 -0.359545
0.5595 -0.365402
0.5605 -0.371246
0.5615 -0.377076
0.5625 -0.382893
0.5635 -0.388695
0.5645 -0.394482
0.5655 -0.400253
0.5665 -0.406008
0.5675 -0.411746
0.5685 -0.417466
0.5695 -0.423169
0.5705 -0.428855
0.5715 -0.434525
0.5725 -0.440179
0.5735 -0.445818
0.5745 -0.451439
0.5755 -0.457042
0.5765 -0.462626
0.5775 -0.468192
0.5785 -0.473739
0.5795 -0.479266
0.5805 -0.484772
0.5815 -0.49026
0.5825 -0.49573
0.5835 -0.501181
0.5845 -0.506614
0.5855 -0.512027
0.5865 -0.517419
0.5875 -0.522791
0.5885 -0.528141
0.5895 -0.53347
0.5905 -0.538777
0.5915 -0.544061
0.5925 -0.549324
0.5935 -0.554567
0.5945 -0.559789
0.5955 -0.564991
0.5965 -0.57017
0.5975 -0.575326
0.5985 -0.580459
0.5995 -0.585569
0.6005 -0.590654
0.6015 -0.595715
0.6025 -0.600752
0.6035 -0.605765
0.6045 -0.610756
0.6055 -0.615725
0.6065 -0.62067
0.6075 -0.625591
0.6085 -0.630486
0.6095 -0.635355
0.6105 -0.6402
0.6115 -0.645018
0.6125 -0.649809
0.6135 -0.654574
0.6145 -0.659314
0.6155 -0.66403
0.6165 -0.66872
0.6175 -0.673386
0.6185 -0.678024
0.6195 -0.682635
0.6205 -0.687218
0.6215 -0.691774
0.6225 -0.696301
0.6235 -0.7008
0.6245 -0.705271
0.6255 -0.709715
0.6265 -0.714132
0.6275 -0.718523
0.6285 -0.722886
0.6295 -0.72722
0.6305 -0.731524
0.6315 -0.735799
0.6325 -0.740045
0.6335 -0.74426
0.6345 -0.748444
0.6355 -0.7526
0.6365 -0.756726
0.6375 -0.760825
0.6385 -0.764894
0.6395 -0.768934
0.6405 -0.772943
0.6415 -0.77692
0.6425 -0.780867
0.6435 -0.784782
0.6445 -0.788664
0.6455 -0.792515
0.6465 -0.796335
0.6475 -0.800125
0.6485 -0.803884
0.6495 -0.807613
0.6505 -0.811311
0.6515 -0.814975
0.6525 -0.818607
0.6535 -0.822206
0.6545 -0.825771
0.6555 -0.829303
0.6565 -0.832802
0.6575 -0.836268
0.6585 -0.839703
0.6595 -0.843106
0.6605 -0.846476
0.6615 -0.849813
0.6625 -0.853116
0.6635 -0.856384
0.6645 -0.859619
0.6655 -0.862818
0.6665 -0.865982
0.6675 -0.869112
0.6685 -0.872208
0.6695 -0.875271
0.6705 -0.878301
0.6715 -0.881297
0.6725 -0.884258
0.6735 -0.887183
0.6745 -0.890073
0.6755 -0.892927
0.6765 -0.895745
0.6775 -0.898526
0.6785 -0.901272
0.6795 -0.903983
0.6805 -0.90666
0.6815 -0.909303
0.6825 -0.91191
0.6835 -0.914481
0.6845 -0.917014
0.6855 -0.919511
0.6865 -0.921972
0.6875 -0.924394
0.6885 -0.92678
0.6895 -0.929128
0.6905 -0.931442
0.6915 -0.93372
0.6925 -0.935962
0.6935 -0.938168
0.6945 -0.940336
0.6955 -0.942466
0.6965 -0.944559
0.6975 -0.946614
0.6985 -0.94863
0.6995 -0.950608
0.7005 -0.952548
0.7015 -0.954453
0.7025 -0.956321
0.7035 -0.958153
0.7045 -0.959947
0.7055 -0.961702
0.7065 -0.963418
0.7075 -0.965096
0.7085 -0.966736
0.7095 -0.968335
0.7105 -0.969897
0.7115 -0.97142
0.7125 -0.972906
0.7135 -0.974356
0.7145 -0.975768
0.7155 -0.977141
0.7165 -0.978475
0.7175 -0.97977
0.7185 -0.981025
0.7195 -0.982241
0.7205 -0.983417
0.7215 -0.984554
0.7225 -0.985653
0.7235 -0.986714
0.7245 -0.987738
0.7255 -0.988724
0.7265 -0.98967
0.7275 -0.990577
0.7285 -0.991443
0.7295 -0.99227
0.7305 -0.993057
0.7315 -0.993804
0.7325 -0.994511
0.7335 -0.99518
0.7345 -0.995811
0.7355 -0.996404
0.7365 -0.996959
0.7375 -0.997474
0.7385 -0.997948
0.7395 -0.998382
0.7405 -0.998777
0.7415 -0.999131
0.7425 -0.999444
0.7435 -0.999719
0.7445 -0.999955
0.7455 -1.00015
0.7465 -1.00031
0.7475 -1.00043
0.7485 -1.00051
0.7495 -1.00055
0.7505 -1.00055
0.7515 -1.00051
0.7525 -1.00043
0.7535 -1.00031
0.7545 -1.00015
0.7555 -0.999955
0.7565 -0.999719
0.7575 -0.999444
0.7585 -0.999131
0.7595 -0.998777
0.7605 -0.998382
0.7615 -0.997948
0.7625 -0.997474
0.7635 -0.996959
0.7645 -0.996404
0.7655 -0.995811
0.7665 -0.99518
0.7675 -0.994511
0.7685 -0.993804
0.7695 -0.993057
0.7705 -0.99227
0.7715 -0.991443
0.7725 -0.990577
0.7735 -0.98967
0.7745 -0.988724
0.7755 -0.987738
0.7765 -0.986714
0.7775 -0.985653
0.7785 -0.984554
0.7795 -0.983417
0.7805 -0.982241
0.7815 -0.981025
0.7825 -0.97977
0.7835 -0.978475
0.7845 -0.977141
0.7855 -0.975768
0.7865 -0.974356
0.7875 -0.972906
0.7885 -0.97142
0.7895 -0.969897
0.7905 -0.968335
0.7915 -0.966736
0.7925 -0.965096
0.7935 -0.963418
0.7945 -0.961702
0.7955 -0.959947
0.7965 -0.958153
0.7975 -0.956321
0.7985 -0.954453
0.7995 -0.952548
0.8005 -0.950608
0.8015 -0.94863
0.8025 -0.946614
0.8035 -0.944559
0.8045 -0.942466
0.8055 -0.940336
0.8065 -0.938168
0.8075 -0.935962
0.8085 -0.93372
0.8095 -0.931442
0.8105 -0.929128
0.8115 -0.92678
0.8125 -0.924394
0.8135 -0.921972
0.8145 -0.919511
0.8155 -0.917014
0.8165 -0.914481
0.8175 -0.91191
0.8185 -0.909303
0.8195 -0.90666
0.8205 -0.903983
0.8215 -0.901272
0.8225 -0.898526
0.8235 -0.895745
0.8245 -0.892927
0.8255 -0.890073
0.8265 -0.887183
0.8275 -0.884258
0.8285 -0.881297
0.8295 -0.878301
0.8305 -0.875271
0.8315 -0.872208
0.8325 -0.869112
0.8335 -0.865982
0.8345 -0.862818
0.8355 -0.859619
0.8365 -0.856384
0.8375 -0.853116
0.8385 -0.849813
0.8395 -0.846476
0.8405 -0.843106
0.8415 -0.839703
0.8425 -0.836268
0.8435 -0.832802
0.8445 -0.829303
0.8455 -0.825771
0.8465 -0.822206
0.8475 -0.818607
0.8485 -0.814975
0.8495 -0.811311
0.8505 -0.807613
0.8515 -0.803884
0.8525 -0.800125
0.8535 -0.796335
0.8545 -0.792515
0.8555 -0.788664
0.8565 -0.784782
0.8575 -0.780867
0.8585 -0.77692
0.8595 -0.772943
0.8605 -0.768934
0.8615 -0.764894
0.8625 -0.760825
0.8635 -0.756726
0.8645 -0.7526
0.8655 -0.748444
0.8665 -0.74426
0.8675 -0.740045
0.8685 -0.735799
0.8695 -0.731524
0.8705 -0.72722
0.8715 -0.722886
0.8725 -0.718523
0.8735 -0.714132
0.8745 -0.709715
0.8755 -0.705271
0.8765 -0.7008
0.8775 -0.696301
0.8785 -0.691774
0.8795 -0.687218
0.8805 -0.682635
0.8815 -0.678024
0.8825 -0.673386
0.8835 -0.66872
0.8845 -0.66403
0.8855 -0.659314
0.8865 -0.654574
0.8875 -0.649809
0.8885 -0.645018
0.8895 -0.6402
0.8905 -0.635355
0.8915 -0.630486
0.8925 -0.625591
0.8935 -0.62067
0.8945 -0.615725
0.8955 -0.610756
0.8965 -0.605765
0.8975 -0.600752
0.8985 -0.595715
0.8995 -0.590654
0.9005 -0.585569
0.9015 -0.580459
0.9025 -0.575326
0.9035 -0.57017
0.9045 -0.564991
0.9055 -0.559789
0.9065 -0.554567
0.9075 -0.549324
0.9085 -0.544061
0.9095 -0.538777
0.9105 -0.53347
0.9115 -0.528141
0.9125 -0.522791
0.9135 -0.517419
0.9145 -0.512027
0.9155 -0.506614
0.9165 -0.501181
0.9175 -0.49573
0.9185 -0.49026
0.9195 -0.484772
0.9205 -0.479266
0.9215 -0.473739
0.9225 -0.468192
0.9235 -0.462626
0.9245 -0.457042
0.9255 -0.451439
0.9265 -0.445818
0.9275 -0.440179
0.9285 -0.434525
0.9295 -0.428855
0.9305 -0.423169
0.9315 -0.417466
0.9325 -0.411746
0.9335 -0.406008
0.9345 -0.400253
0.9355 -0.394482
0.9365 -0.388695
0.9375 -0.382893
0.9385 -0.377076
0.9395 -0.371246
0.9405 -0.365402
0.9415 -0.359545
0.9425 -0.353673
0.9435 -0.347786
0.9445 -0.341884
0.9455 -0.335968
0.9465 -0.330039
0.9475 -0.324096
0.9485 -0.31814
0.9495 -0.312172
0.9505 -0.306194
0.9515 -0.300204
0.9525 -0.294204
0.9535 -0.288191
0.9545 -0.282166
0.9555 -0.276128
0.9565 -0.270079
0.9575 -0.264019
0.9585 -0.257948
0.9595 -0.251868
0.9605 -0.245778
0.9615 -0.23968
0.9625 -0.233573
0.9635 -0.227458
0.9645 -0.221333
0.9655 -0.215198
0.9665 -0.209054
0.9675 -0.202901
0.9685 -0.196739
0.9695 -0.190569
0.9705 -0.184393
0.9715 -0.17821
0.9725 -0.172021
0.9735 -0.165827
0.9745 -0.159626
0.9755 -0.153418
0.9765 -0.147203
0.9775 -0.140981
0.9785 -0.134753
0.9795 -0.128519
0.9805 -0.122281
0.9815 -0.116037
0.9825 -0.109791
0.9835 -0.103541
0.9845 -0.0972888
0.9855 -0.0910322
0.9865 -0.0847709
0.9875 -0.078505
0.9885 -0.0722352
0.9895 -0.0659621
0.9905 -0.0596861
0.9915 -0.0534079
0.9925 -0.0471282
0.9935 -0.0408478
0.9945 -0.0345672
0.9955 -0.0282859
0.9965 -0.0220032
0.9975 -0.0157184
0.9985 -0.0094318
0.9995 -0.00314407
