
# time= 0.0008
0.0005 0.00314151
0.0015 0.0094244
0.0025 0.0157069
0.0035 0.0219888
0.0045 0.0282699
0.0055 0.0345498
0.0065 0.0408283
0.0075 0.0471053
0.0085 0.0533803
0.0095 0.0596533
0.0105 0.0659239
0.0115 0.0721919
0.0125 0.0784571
0.0135 0.0847192
0.0145 0.0909779
0.0155 0.097233
0.0165 0.103484
0.0175 0.109732
0.0185 0.115974
0.0195 0.122213
0.0205 0.128446
0.0215 0.134675
0.0225 0.140898
0.0235 0.147115
0.0245 0.153327
0.0255 0.159533
0.0265 0.165732
0.0275 0.171925
0.0285 0.178111
0.0295 0.18429
0.0305 0.190462
0.0315 0.196626
0.0325 0.202782
0.0335 0.208931
0.0345 0.215071
0.0355 0.221203
0.0365 0.227325
0.0375 0.233439
0.0385 0.239544
0.0395 0.24564
0.0405 0.251725
0.0415 0.257801
0.0425 0.263866
0.0435 0.269921
0.0445 0.275966
0.0455 0.281999
0.0465 0.288022
0.0475 0.294033
0.0485 0.300032
0.0495 0.30602
0.0505 0.311995
0.0515 0.317959
0.0525 0.323909
0.0535 0.329847
0.0545 0.335772
0.0555 0.341683
0.0565 0.347582
0.0575 0.353466
0.0585 0.359336
0.0595 0.365193
0.0605 0.371034
0.0615 0.376861
0.0625 0.382674
0.0635 0.388471
0.0645 0.394253
0.0655 0.400019
0.0665 0.40577
0.0675 0.411504
0.0685 0.417222
0.0695 0.422924
0.0705 0.428609
0.0715 0.434277
0.0725 0.439928
0.0735 0.445562
0.0745 0.451178
0.0755 0.456776
0.0765 0.462356
0.0775 0.467918
0.0785 0.473461
0.0795 0.478986
0.0805 0.484492
0.0815 0.489979
0.0825 0.495446
0.0835 0.500894
0.0845 0.506322
0.0855 0.51173
0.0865 0.517118
0.0875 0.522485
0.0885 0.527832
0.0895 0.533158
0.0905 0.538463
0.0915 0.543747
0.0925 0.549009
0.0935 0.554249
0.0945 0.559468
0.0955 0.564665
0.0965 0.569839
0.0975 0.574991
0.0985 0.58012
0.0995 0.585226
0.1005 0.590309
0.1015 0.595369
0.1025 0.600405
0.1035 0.605418
0.1045 0.610406
0.1055 0.615371
0.1065 0.620311
0.1075 0.625227
0.1085 0.630118
0.1095 0.634984
0.1105 0.639825
0.1115 0.644641
0.1125 0.649432
0.1135 0.654196
0.1145 0.658935
0.1155 0.663648
0.1165 0.668335
0.1175 0.672996
0.1185 0.677629
0.1195 0.682236
0.1205 0.686816
0.1215 0.69137
0.1225 0.695895
0.1235 0.700393
0.1245 0.704864
0.1255 0.709307
0.1265 0.713722
0.1275 0.718108
0.1285 0.722466
0.1295 0.726796
0.1305 0.731097
0.1315 0.735369
0.1325 0.739612
0.1335 0.743826
0.1345 0.748011
0.1355 0.752166
0.1365 0.756291
0.1375 0.760387
0.1385 0.764452
0.1395 0.768488
0.1405 0.772492
0.1415 0.776467
0.1425 0.780411
0.1435 0.784324
0.1445 0.788206
0.1455 0.792057
0.1465 0.795876
0.1475 0.799664
0.1485 0.803421
0.1495 0.807146
0.1505 0.810839
0.1515 0.8145
0.1525 0.818129
0.1535 0.821726
0.1545 0.82529
0.1555 0.828821
0.1565 0.83232
0.1575 0.835786
0.1585 0.839219
0.1595 0.842619
0.1605 0.845986
0.1615 0.849319
0.1625 0.852619
0.1635 0.855885
0.1645 0.859117
0.1655 0.862315
0.1665 0.865479
0.1675 0.86861
0.1685 0.871705
0.1695 0.874767
0.1705 0.877794
0.1715 0.880786
0.1725 0.883743
0.1735 0.886666
0.1745 0.889553
0.1755 0.892406
0.1765 0.895223
0.1775 0.898005
0.1785 0.900751
0.1795 0.903462
0.1805 0.906137
0.1815 0.908777
0.1825 0.91138
0.1835 0.913948
0.1845 0.916479
0.1855 0.918975
0.1865 0.921434
0.1875 0.923856
0.1885 0.926242
0.1895 0.928592
0.1905 0.930905
0.1915 0.933181
0.1925 0.93542
0.1935 0.937623
0.1945 0.939788
0.1955 0.941917
0.1965 0.944008
0.1975 0.946061
0.1985 0.948078
0.1995 0.950057
0.2005 0.951999
0.2015 0.953903
0.2025 0.955769
0.2035 0.957597
0.2045 0.959388
0.2055 0.961141
0.2065 0.962856
0.2075 0.964533
0.2085 0.966172
0.2095 0.967773
0.2105 0.969335
0.2115 0.970859
0.2125 0.972345
0.2135 0.973793
0.2145 0.975202
0.2155 0.976573
0.2165 0.977905
0.2175 0.979198
0.2185 0.980453
0.2195 0.981669
0.2205 0.982846
0.2215 0.983985
0.2225 0.985084
0.2235 0.986145
0.2245 0.987167
0.2255 0.98815
0.2265 0.989094
0.2275 0.989999
0.2285 0.990864
0.2295 0.991691
0.2305 0.992478
0.2315 0.993227
0.2325 0.993936
0.2335 0.994606
0.2345 0.995236
0.2355 0.995828
0.2365 0.99638
0.2375 0.996892
0.2385 0.997365
0.2395 0.997799
0.2405 0.998194
0.2415 0.998549
0.2425 0.998865
0.2435 0.999141
0.2445 0.999378
0.2455 0.999575
0.2465 0.999733
0.2475 0.999851
0.2485 0.99993
0.2495 0.99997
0.2505 0.99997
0.2515 0.99993
0.2525 0.999851
0.2535 0.999733
0.2545 0.999575
0.2555 0.999378
0.2565 0.999141
0.2575 0.998865
0.2585 0.998549
0.2595 0.998194
0.2605 0.997799
0.2615 0.997365
0.2625 0.996892
0.2635 0.99638
0.2645 0.995828
0.2655 0.995236
0.2665 0.994606
0.2675 0.993936
0.2685 0.993227
0.2695 0.992478
0.2705 0.991691
0.2715 0.990864
0.2725 0.989999
0.2735 0.989094
0.2745 0.98815
0.2755 0.987167
0.2765 0.986145
0.2775 0.985084
0.2785 0.983985
0.2795 0.982846
0.2805 0.981669
0.2815 0.980453
0.2825 0.979198
0.2835 0.977905
0.2845 0.976573
0.2855 0.975202
0.2865 0.973793
0.2875 0.972345
0.2885 0.970859
0.2895 0.969335
0.2905 0.967773
0.2915 0.966172
0.2925 0.964533
0.2935 0.962856
0.2945 0.961141
0.2955 0.959388
0.2965 0.957597
0.2975 0.955769
0.2985 0.953903
0.2995 0.951999
0.3005 0.950057
0.3015 0.948078
0.3025 0.946061
0.3035 0.944008
0.3045 0.941917
0.3055 0.939788
0.3065 0.937623
0.3075 0.93542
0.3085 0.933181
0.3095 0.930905
0.3105 0.928592
0.3115 0.926242
0.3125 0.923856
0.3135 0.921434
0.3145 0.918975
0.3155 0.916479
0.3165 0.913948
0.3175 0.91138
0.3185 0.908777
0.3195 0.906137
0.3205 0.903462
0.3215 0.900751
0.3225 0.898005
0.3235 0.895223
0.3245 0.892406
0.3255 0.889553
0.3265 0.886666
0.3275 0.883743
0.3285 0.880786
0.3295 0.877794
0.3305 0.874767
0.3315 0.871705
0.3325 0.86861
0.3335 0.865479
0.3345 0.862315
0.3355 0.859117
0.3365 0.855885
0.3375 0.852619
0.3385 0.849319
0.3395 0.845986
0.3405 0.842619
0.3415 0.839219
0.3425 0.835786
0.3435 0.83232
0.3445 0.828821
0.3455 0.82529
0.3465 0.821726
0.3475 0.818129
0.3485 0.8145
0.3495 0.810839
0.3505 0.807146
0.3515 0.803421
0.3525 0.799664
0.3535 0.795876
0.3545 0.792057
0.3555 0.788206
0.3565 0.784324
0.3575 0.780411
0.3585 0.776467
0.3595 0.772492
0.3605 0.768488
0.3615 0.764452
0.3625 0.760387
0.3635 0.756291
0.3645 0.752166
0.3655 0.748011
0.3665 0.743826
0.3675 0.739612
0.3685 0.735369
0.3695 0.731097
0.3705 0.726796
0.3715 0.722466
0.3725 0.718108
0.3735 0.713722
0.3745 0.709307
0.3755 0.704864
0.3765 0.700393
0.3775 0.695895
0.3785 0.69137
0.3795 0.686816
0.3805 0.682236
0.3815 0.677629
0.3825 0.672996
0.3835 0.668335
0.3845 0.663648
0.3855 0.658935
0.3865 0.654196
0.3875 0.649432
0.3885 0.644641
0.3895 0.639825
0.3905 0.634984
0.3915 0.630118
0.3925 0.625227
0.3935 0.620311
0.3945 0.615371
0.3955 0.610406
0.3965 0.605418
0.3975 0.600405
0.3985 0.595369
0.3995 0.590309
0.4005 0.585226
0.4015 0.58012
0.4025 0.574991
0.4035 0.569839
0.4045 0.564665
0.4055 0.559468
0.4065 0.554249
0.4075 0.549009
0.4085 0.543747
0.4095 0.538463
0.4105 0.533158
0.4115 0.527832
0.4125 0.522485
0.4135 0.517118
0.4145 0.51173
0.4155 0.506322
0.4165 0.500894
0.4175 0.495446
0.4185 0.489979
0.4195 0.484492
0.4205 0.478986
0.4215 0.473461
0.4225 0.467918
0.4235 0.462356
0.4245 0.456776
0.4255 0.451178
0.4265 0.445562
0.4275 0.439928
0.4285 0.434277
0.4295 0.428609
0.4305 0.422924
0.4315 0.417222
0.4325 0.411504
0.4335 0.40577
0.4345 0.400019
0.4355 0.394253
0.4365 0.388471
0.4375 0.382674
0.4385 0.376861
0.4395 0.371034
0.4405 0.365193
0.4415 0.359336
0.4425 0.353466
0.4435 0.347582
0.4445 0.341683
0.4455 0.335772
0.4465 0.329847
0.4475 0.323909
0.4485 0.317959
0.4495 0.311995
0.4505 0.30602
0.4515 0.300032
0.4525 0.294033
0.4535 0.288022
0.4545 0.281999
0.4555 0.275966
0.4565 0.269921
0.4575 0.263866
0.4585 0.257801
0.4595 0.251725
0.4605 0.24564
0.4615 0.239544
0.4625 0.233439
0.4635 0.227325
0.4645 0.221203
0.4655 0.215071
0.4665 0.208931
0.4675 0.202782
0.4685 0.196626
0.4695 0.190462
0.4705 0.18429
0.4715 0.178111
0.4725 0.171925
0.4735 0.165732
0.4745 0.159533
0.4755 0.153327
0.4765 0.147115
0.4775 0.140898
0.4785 0.134675
0.4795 0.128446
0.4805 0.122213
0.4815 0.115974
0.4825 0.109732
0.4835 0.103484
0.4845 0.097233
0.4855 0.0909779
0.4865 0.0847192
0.4875 0.0784571
0.4885 0.0721919
0.4895 0.0659239
0.4905 0.0596533
0.4915 0.0533803
0.4925 0.0471053
0.4935 0.0408283
0.4945 0.0345498
0.4955 0.0282699
0.4965 0.0219888
0.4975 0.0157069
0.4985 0.0094244
0.4995 0.00314151
0.5005 -0.00314151
0.5015 -0.0094244
0.5025 -0.0157069
0.5035 -0.0219888
0.5045 -0.0282699
0.5055 -0.0345498
0.5065 -0.0408283
0.5075 -0.0471053
0.5085 -0.0533803
0.5095 -0.0596533
0.5105 -0.0659239
0.5115 -0.0721919
0.5125 -0.0784571
0.5135 -0.0847192
0.5145 -0.0909779
0.5155 -0.097233
0.5165 -0.103484
0.5175 -0.109732
0.5185 -0.115974
0.5195 -0.122213
0.5205 -0.128446
0.5215 -0.134675
0.5225 -0.140898
0.5235 -0.147115
0.5245 -0.153327
0.5255 -0.159533
0.5265 -0.165732
0.5275 -0.171925
0.5285 -0.178111
0.5295 -0.18429
0.5305 -0.190462
0.5315 -0.196626
0.5325 -0.202782
0.5335 -0.208931
0.5345 -0.215071
0.5355 -0.221203
0.5365 -0.227325
0.5375 -0.233439
0.5385 -0.239544
0.5395 -0.24564
0.5405 -0.251725
0.5415 -0.257801
0.5425 -0.263866
0.5435 -0.269921
0.5445 -0.275966
0.5455 -0.281999
0.5465 -0.288022
0.5475 -0.294033
0.5485 -0.300032
0.5495 -0.30602
0.5505 -0.311995
0.5515 -0.317959
0.5525 -0.323909
0.5535 -0.329847
0.5545 -0.335772
0.5555 -0.341683
0.5565 -0.347582
0.5575 -0.353466
0.5585 -0.359336
0.5595 -0.365193
0.5605 -0.371034
0.5615 -0.376861
0.5625 -0.382674
0.5635 -0.388471
0.5645 -0.394253
0.5655 -0.400019
0.5665 -0.40577
0.5675 -0.411504
0.5685 -0.417222
0.5695 -0.422924
0.5705 -0.428609
0.5715 -0.434277
0.5725 -0.439928
0.5735 -0.445562
0.5745 -0.451178
0.5755 -0.456776
0.5765 -0.462356
0.5775 -0.467918
0.5785 -0.473461
0.5795 -0.478986
0.5805 -0.484492
0.5815 -0.489979
0.5825 -0.495446
0.5835 -0.500894
0.5845 -0.506322
0.5855 -0.51173
0.5865 -0.517118
0.5875 -0.522485
0.5885 -0.527832
0.5895 -0.533158
0.5905 -0.538463
0.5915 -0.543747
0.5925 -0.549009
0.5935 -0.554249
0.5945 -0.559468
0.5955 -0.564665
0.5965 -0.569839
0.5975 -0.574991
0.5985 -0.58012
0.5995 -0.585226
0.6005 -0.590309
0.6015 -0.595369
0.6025 -0.600405
0.6035 -0.605418
0.6045 -0.610406
0.6055 -0.615371
0.6065 -0.620311
0.6075 -0.625227
0.6085 -0.630118
0.6095 -0.634984
0.6105 -0.639825
0.6115 -0.644641
0.6125 -0.649432
0.6135 -0.654196
0.6145 -0.658935
0.6155 -0.663648
0.6165 -0.668335
0.6175 -0.672996
0.6185 -0.677629
0.6195 -0.682236
0.6205 -0.686816
0.6215 -0.69137
0.6225 -0.695895
0.6235 -0.700393
0.6245 -0.704864
0.6255 -0.709307
0.6265 -0.713722
0.6275 -0.718108
0.6285 -0.722466
0.6295 -0.726796
0.6305 -0.731097
0.6315 -0.735369
0.6325 -0.739612
0.6335 -0.743826
0.6345 -0.748011
0.6355 -0.752166
0.6365 -0.756291
0.6375 -0.760387
0.6385 -0.764452
0.6395 -0.768488
0.6405 -0.772492
0.6415 -0.776467
0.6425 -0.780411
0.6435 -0.784324
0.6445 -0.788206
0.6455 -0.792057
0.6465 -0.795876
0.6475 -0.799664
0.6485 -0.803421
0.6495 -0.807146
0.6505 -0.810839
0.6515 -0.8145
0.6525 -0.818129
0.6535 -0.821726
0.6545 -0.82529
0.6555 -0.828821
0.6565 -0.83232
0.6575 -0.835786
0.6585 -0.839219
0.6595 -0.842619
0.6605 -0.845986
0.6615 -0.849319
0.6625 -0.852619
0.6635 -0.855885
0.6645 -0.859117
0.6655 -0.862315
0.6665 -0.865479
0.6675 -0.86861
0.6685 -0.871705
0.6695 -0.874767
0.6705 -0.877794
0.6715 -0.880786
0.6725 -0.883743
0.6735 -0.886666
0.6745 -0.889553
0.6755 -0.892406
0.6765 -0.895223
0.6775 -0.898005
0.6785 -0.900751
0.6795 -0.903462
0.6805 -0.906137
0.6815 -0.908777
0.6825 -0.91138
0.6835 -0.913948
0.6845 -0.916479
0.6855 -0.918975
0.6865 -0.921434
0.6875 -0.923856
0.6885 -0.926242
0.6895 -0.928592
0.6905 -0.930905
0.6915 -0.933181
0.6925 -0.93542
0.6935 -0.937623
0.6945 -0.939788
0.6955 -0.941917
0.6965 -0.944008
0.6975 -0.946061
0.6985 -0.948078
0.6995 -0.950057
0.7005 -0.951999
0.7015 -0.953903
0.7025 -0.955769
0.7035 -0.957597
0.7045 -0.959388
0.7055 -0.961141
0.7065 -0.962856
0.7075 -0.964533
0.7085 -0.966172
0.7095 -0.967773
0.7105 -0.969335
0.7115 -0.970859
0.7125 -0.972345
0.7135 -0.973793
0.7145 -0.975202
0.7155 -0.976573
0.7165 -0.977905
0.7175 -0.979198
0.7185 -0.980453
0.7195 -0.981669
0.7205 -0.982846
0.7215 -0.983985
0.7225 -0.985084
0.7235 -0.986145
0.7245 -0.987167
0.7255 -0.98815
0.7265 -0.989094
0.7275 -0.989999
0.7285 -0.990864
0.7295 -0.991691
0.7305 -0.992478
0.7315 -0.993227
0.7325 -0.993936
0.7335 -0.994606
0.7345 -0.995236
0.7355 -0.995828
0.7365 -0.99638
0.7375 -0.996892
0.7385 -0.997365
0.7395 -0.997799
0.7405 -0.998194
0.7415 -0.998549
0.7425 -0.998865
0.7435 -0.999141
0.7445 -0.999378
0.7455 -0.999575
0.7465 -0.999733
0.7475 -0.999851
0.7485 -0.99993
0.7495 -0.99997
0.7505 -0.99997
0.7515 -0.99993
0.7525 -0.999851
0.7535 -0.999733
0.7545 -0.999575
0.7555 -0.999378
0.7565 -0.999141
0.7575 -0.998865
0.7585 -0.998549
0.7595 -0.998194
0.7605 -0.997799
0.7615 -0.997365
0.7625 -0.996892
0.7635 -0.99638
0.7645 -0.995828
0.7655 -0.995236
0.7665 -0.994606
0.7675 -0.993936
0.7685 -0.993227
0.7695 -0.992478
0.7705 -0.991691
0.7715 -0.990864
0.7725 -0.989999
0.7735 -0.989094
0.7745 -0.98815
0.7755 -0.987167
0.7765 -0.986145
0.7775 -0.985084
0.7785 -0.983985
0.7795 -0.982846
0.7805 -0.981669
0.7815 -0.980453
0.7825 -0.979198
0.7835 -0.977905
0.7845 -0.976573
0.7855 -0.975202
0.7865 -0.973793
0.7875 -0.972345
0.7885 -0.970859
0.7895 -0.969335
0.7905 -0.967773
0.7915 -0.966172
0.7925 -0.964533
0.7935 -0.962856
0.7945 -0.961141
0.7955 -0.959388
0.7965 -0.957597
0.7975 -0.955769
0.7985 -0.953903
0.7995 -0.951999
0.8005 -0.950057
0.8015 -0.948078
0.8025 -0.946061
0.8035 -0.944008
0.8045 -0.941917
0.8055 -0.939788
0.8065 -0.937623
0.8075 -0.93542
0.8085 -0.933181
0.8095 -0.930905
0.8105 -0.928592
0.8115 -0.926242
0.8125 -0.923856
0.8135 -0.921434
0.8145 -0.918975
0.8155 -0.916479
0.8165 -0.913948
0.8175 -0.91138
0.8185 -0.908777
0.8195 -0.906137
0.8205 -0.903462
0.8215 -0.900751
0.8225 -0.898005
0.8235 -0.895223
0.8245 -0.892406
0.8255 -0.889553
0.8265 -0.886666
0.8275 -0.883743
0.8285 -0.880786
0.8295 -0.877794
0.8305 -0.874767
0.8315 -0.871705
0.8325 -0.86861
0.8335 -0.865479
0.8345 -0.862315
0.8355 -0.859117
0.8365 -0.855885
0.8375 -0.852619
0.8385 -0.849319
0.8395 -0.845986
0.8405 -0.842619
0.8415 -0.839219
0.8425 -0.835786
0.8435 -0.83232
0.8445 -0.828821
0.8455 -0.82529
0.8465 -0.821726
0.8475 -0.818129
0.8485 -0.8145
0.8495 -0.810839
0.8505 -0.807146
0.8515 -0.803421
0.8525 -0.799664
0.8535 -0.795876
0.8545 -0.792057
0.8555 -0.788206
0.8565 -0.784324
0.8575 -0.780411
0.8585 -0.776467
0.8595 -0.772492
0.8605 -0.768488
0.8615 -0.764452
0.8625 -0.760387
0.8635 -0.756291
0.8645 -0.752166
0.8655 -0.748011
0.8665 -0.743826
0.8675 -0.739612
0.8685 -0.735369
0.8695 -0.731097
0.8705 -0.726796
0.8715 -0.722466
0.8725 -0.718108
0.8735 -0.713722
0.8745 -0.709307
0.8755 -0.704864
0.8765 -0.700393
0.8775 -0.695895
0.8785 -0.69137
0.8795 -0.686816
0.8805 -0.682236
0.8815 -0.677629
0.8825 -0.672996
0.8835 -0.668335
0.8845 -0.663648
0.8855 -0.658935
0.8865 -0.654196
0.8875 -0.649432
0.8885 -0.644641
0.8895 -0.639825
0.8905 -0.634984
0.8915 -0.630118
0.8925 -0.625227
0.8935 -0.620311
0.8945 -0.615371
0.8955 -0.610406
0.8965 -0.605418
0.8975 -0.600405
0.8985 -0.595369
0.8995 -0.590309
0.9005 -0.585226
0.9015 -0.58012
0.9025 -0.574991
0.9035 -0.569839
0.9045 -0.564665
0.9055 -0.559468
0.9065 -0.554249
0.9075 -0.549009
0.9085 -0.543747
0.9095 -0.538463
0.9105 -0.533158
0.9115 -0.527832
0.9125 -0.522485
0.9135 -0.517118
0.9145 -0.51173
0.9155 -0.506322
0.9165 -0.500894
0.9175 -0.495446
0.9185 -0.489979
0.9195 -0.484492
0.9205 -0.478986
0.9215 -0.473461
0.9225 -0.467918
0.9235 -0.462356
0.9245 -0.456776
0.9255 -0.451178
0.9265 -0.445562
0.9275 -0.439928
0.9285 -0.434277
0.9295 -0.428609
0.9305 -0.422924
0.9315 -0.417222
0.9325 -0.411504
0.9335 -0.40577
0.9345 -0.400019
0.9355 -0.394253
0.9365 -0.388471
0.9375 -0.382674
0.9385 -0.376861
0.9395 -0.371034
0.9405 -0.365193
0.9415 -0.359336
0.9425 -0.353466
0.9435 -0.347582
0.9445 -0.341683
0.9455 -0.335772
0.9465 -0.329847
0.9475 -0.323909
0.9485 -0.317959
0.9495 -0.311995
0.9505 -0.30602
0.9515 -0.300032
0.9525 -0.294033
0.9535 -0.288022
0.9545 -0.281999
0.9555 -0.275966
0.9565 -0.269921
0.9575 -0.263866
0.9585 -0.257801
0.9595 -0.251725
0.9605 -0.24564
0.9615 -0.239544
0.9625 -0.233439
0.9635 -0.227325
0.9645 -0.221203
0.9655 -0.215071
0.9665 -0.208931
0.9675 -0.202782
0.9685 -0.196626
0.9695 -0.190462
0.9705 -0.18429
0.9715 -0.178111
0.9725 -0.171925
0.9735 -0.165732
0.9745 -0.159533
0.9755 -0.153327
0.9765 -0.147115
0.9775 -0.140898
0.9785 -0.134675
0.9795 -0.128446
0.9805 -0.122213
0.9815 -0.115974
0.9825 -0.109732
0.9835 -0.103484
0.9845 -0.097233
0.9855 -0.0909779
0.9865 -0.0847192
0.9875 -0.0784571
0.9885 -0.0721919
0.9895 -0.0659239
0.9905 -0.0596533
0.9915 -0.0533803
0.9925 -0.0471053
0.9935 -0.0408283
0.9945 -0.0345498
0.9955 -0.0282699
0.9965 -0.0219888
0.9975 -0.0157069
0.9985 -0.0094244
0.9995 -0.00314151

# time= 0.2504
0.0005 -1.77505e-05
0.0015 -4.92762e-05
0.0025 -8.07999e-05
0.0035 -0.00011232
0.0045 -0.000143837
0.0055 -0.000175347
0.0065 -0.00020685
0.0075 -0.000238346
0.0085 -0.000269832
0.0095 -0.000301307
0.0105 -0.00033277
0.0115 -0.00036422
0.0125 -0.000395656
0.0135 -0.000427077
0.0145 -0.00045848
0.0155 -0.000489865
0.0165 -0.000521231
0.0175 -0.000552576
0.0185 -0.0005839
0.0195 -0.0006152
0.0205 -0.000646477
0.0215 -0.000677727
0.0225 -0.000708951
0.0235 -0.000740147
0.0245 -0.000771314
0.0255 -0.00080245
0.0265 -0.000833555
0.0275 -0.000864626
0.0285 -0.000895664
0.0295 -0.000926666
0.0305 -0.000957632
0.0315 -0.00098856
0.0325 -0.00101945
0.0335 -0.0010503
0.0345 -0.0010811
0.0355 -0.00111187
0.0365 -0.00114259
0.0375 -0.00117326
0.0385 -0.00120389
0.0395 -0.00123447
0.0405 -0.00126501
0.0415 -0.00129549
0.0425 -0.00132592
0.0435 -0.0013563
0.0445 -0.00138663
0.0455 -0.0014169
0.0465 -0.00144711
0.0475 -0.00147727
0.0485 -0.00150737
0.0495 -0.00153741
0.0505 -0.00156739
0.0515 -0.00159731
0.0525 -0.00162716
0.0535 -0.00165695
0.0545 -0.00168668
0.0555 -0.00171634
0.0565 -0.00174593
0.0575 -0.00177545
0.0585 -0.0018049
0.0595 -0.00183428
0.0605 -0.00186359
0.0615 -0.00189282
0.0625 -0.00192198
0.0635 -0.00195107
0.0645 -0.00198007
0.0655 -0.002009
0.0665 -0.00203785
0.0675 -0.00206662
0.0685 -0.00209531
0.0695 -0.00212391
0.0705 -0.00215243
0.0715 -0.00218087
0.0725 -0.00220922
0.0735 -0.00223748
0.0745 -0.00226565
0.0755 -0.00229374
0.0765 -0.00232173
0.0775 -0.00234963
0.0785 -0.00237744
0.0795 -0.00240516
0.0805 -0.00243278
0.0815 -0.0024603
0.0825 -0.00248773
0.0835 -0.00251506
0.0845 -0.00254229
0.0855 -0.00256942
0.0865 -0.00259645
0.0875 -0.00262337
0.0885 -0.0026502
0.0895 -0.00267691
0.0905 -0.00270353
0.0915 -0.00273003
0.0925 -0.00275643
0.0935 -0.00278272
0.0945 -0.0028089
0.0955 -0.00283496
0.0965 -0.00286092
0.0975 -0.00288676
0.0985 -0.00291249
0.0995 -0.00293811
0.1005 -0.0029636
0.1015 -0.00298898
0.1025 -0.00301425
0.1035 -0.00303939
0.1045 -0.00306442
0.1055 -0.00308932
0.1065 -0.0031141
0.1075 -0.00313876
0.1085 -0.00316329
0.1095 -0.0031877
0.1105 -0.00321199
0.1115 -0.00323614
0.1125 -0.00326017
0.1135 -0.00328407
0.1145 -0.00330784
0.1155 -0.00333148
0.1165 -0.00335499
0.1175 -0.00337837
0.1185 -0.00340161
0.1195 -0.00342472
0.1205 -0.00344769
0.1215 -0.00347053
0.1225 -0.00349323
0.1235 -0.00351579
0.1245 -0.00353821
0.1255 -0.0035605
0.1265 -0.00358264
0.1275 -0.00360464
0.1285 -0.0036265
0.1295 -0.00364822
0.1305 -0.00366979
0.1315 -0.00369122
0.1325 -0.0037125
0.1335 -0.00373363
0.1345 -0.00375462
0.1355 -0.00377546
0.1365 -0.00379615
0.1375 -0.00381669
0.1385 -0.00383708
0.1395 -0.00385732
0.1405 -0.00387741
0.1415 -0.00389734
0.1425 -0.00391712
0.1435 -0.00393674
0.1445 -0.00395621
0.1455 -0.00397552
0.1465 -0.00399468
0.1475 -0.00401368
0.1485 -0.00403252
0.1495 -0.0040512
0.1505 -0.00406972
0.1515 -0.00408808
0.1525 -0.00410628
0.1535 -0.00412431
0.1545 -0.00414219
0.1555 -0.0041599
0.1565 -0.00417744
0.1575 -0.00419482
0.1585 -0.00421204
0.1595 -0.00422909
0.1605 -0.00424597
0.1615 -0.00426269
0.1625 -0.00427923
0.1635 -0.00429561
0.1645 -0.00431182
0.1655 -0.00432785
0.1665 -0.00434372
0.1675 -0.00435942
0.1685 -0.00437494
0.1695 -0.00439029
0.1705 -0.00440547
0.1715 -0.00442047
0.1725 -0.0044353
0.1735 -0.00444995
0.1745 -0.00446443
0.1755 -0.00447873
0.1765 -0.00449286
0.1775 -0.0045068
0.1785 -0.00452057
0.1795 -0.00453416
0.1805 -0.00454758
0.1815 -0.00456081
0.1825 -0.00457386
0.1835 -0.00458673
0.1845 -0.00459942
0.1855 -0.00461193
0.1865 -0.00462426
0.1875 -0.0046364
0.1885 -0.00464836
0.1895 -0.00466014
0.1905 -0.00467174
0.1915 -0.00468315
0.1925 -0.00469437
0.1935 -0.00470541
0.1945 -0.00471626
0.1955 -0.00472693
0.1965 -0.00473741
0.1975 -0.00474771
0.1985 -0.00475781
0.1995 -0.00476773
0.2005 -0.00477746
0.2015 -0.004787
0.2025 -0.00479636
0.2035 -0.00480552
0.2045 -0.00481449
0.2055 -0.00482328
0.2065 -0.00483187
0.2075 -0.00484027
0.2085 -0.00484848
0.2095 -0.0048565
0.2105 -0.00486433
0.2115 -0.00487197
0.2125 -0.00487941
0.2135 -0.00488666
0.2145 -0.00489372
0.2155 -0.00490059
0.2165 -0.00490726
0.2175 -0.00491374
0.2185 -0.00492002
0.2195 -0.00492611
0.2205 -0.004932
0.2215 -0.0049377
0.2225 -0.00494321
0.2235 -0.00494852
0.2245 -0.00495364
0.2255 -0.00495855
0.2265 -0.00496328
0.2275 -0.00496781
0.2285 -0.00497214
0.2295 -0.00497627
0.2305 -0.00498021
0.2315 -0.00498395
0.2325 -0.0049875
0.2335 -0.00499085
0.2345 -0.004994
0.2355 -0.00499695
0.2365 -0.00499971
0.2375 -0.00500227
0.2385 -0.00500463
0.2395 -0.0050068
0.2405 -0.00500877
0.2415 -0.00501054
0.2425 -0.00501211
0.2435 -0.00501348
0.2445 -0.00501466
0.2455 -0.00501563
0.2465 -0.00501641
0.2475 -0.005017
0.2485 -0.00501738
0.2495 -0.00501756
0.2505 -0.00501755
0.2515 -0.00501734
0.2525 -0.00501693
0.2535 -0.00501633
0.2545 -0.00501552
0.2555 -0.00501452
0.2565 -0.00501332
0.2575 -0.00501192
0.2585 -0.00501032
0.2595 -0.00500853
0.2605 -0.00500654
0.2615 -0.00500435
0.2625 -0.00500196
0.2635 -0.00499938
0.2645 -0.00499659
0.2655 -0.00499361
0.2665 -0.00499044
0.2675 -0.00498706
0.2685 -0.00498349
0.2695 -0.00497973
0.2705 -0.00497576
0.2715 -0.0049716
0.2725 -0.00496725
0.2735 -0.00496269
0.2745 -0.00495795
0.2755 -0.004953
0.2765 -0.00494786
0.2775 -0.00494253
0.2785 -0.004937
0.2795 -0.00493127
0.2805 -0.00492535
0.2815 -0.00491924
0.2825 -0.00491293
0.2835 -0.00490643
0.2845 -0.00489973
0.2855 -0.00489284
0.2865 -0.00488576
0.2875 -0.00487848
0.2885 -0.00487102
0.2895 -0.00486335
0.2905 -0.0048555
0.2915 -0.00484746
0.2925 -0.00483922
0.2935 -0.0048308
0.2945 -0.00482218
0.2955 -0.00481337
0.2965 -0.00480437
0.2975 -0.00479519
0.2985 -0.00478581
0.2995 -0.00477624
0.3005 -0.00476649
0.3015 -0.00475655
0.3025 -0.00474642
0.3035 -0.0047361
0.3045 -0.0047256
0.3055 -0.00471491
0.3065 -0.00470403
0.3075 -0.00469297
0.3085 -0.00468172
0.3095 -0.00467029
0.3105 -0.00465867
0.3115 -0.00464687
0.3125 -0.00463488
0.3135 -0.00462271
0.3145 -0.00461036
0.3155 -0.00459783
0.3165 -0.00458512
0.3175 -0.00457222
0.3185 -0.00455915
0.3195 -0.00454589
0.3205 -0.00453246
0.3215 -0.00451885
0.3225 -0.00450505
0.3235 -0.00449108
0.3245 -0.00447694
0.3255 -0.00446261
0.3265 -0.00444811
0.3275 -0.00443344
0.3285 -0.00441859
0.3295 -0.00440356
0.3305 -0.00438836
0.3315 -0.00437299
0.3325 -0.00435745
0.3335 -0.00434173
0.3345 -0.00432584
0.3355 -0.00430978
0.3365 -0.00429355
0.3375 -0.00427715
0.3385 -0.00426059
0.3395 -0.00424385
0.3405 -0.00422695
0.3415 -0.00420988
0.3425 -0.00419264
0.3435 -0.00417524
0.3445 -0.00415767
0.3455 -0.00413994
0.3465 -0.00412205
0.3475 -0.00410399
0.3485 -0.00408577
0.3495 -0.00406739
0.3505 -0.00404885
0.3515 -0.00403015
0.3525 -0.00401129
0.3535 -0.00399227
0.3545 -0.0039731
0.3555 -0.00395376
0.3565 -0.00393428
0.3575 -0.00391463
0.3585 -0.00389483
0.3595 -0.00387488
0.3605 -0.00385478
0.3615 -0.00383452
0.3625 -0.00381411
0.3635 -0.00379355
0.3645 -0.00377284
0.3655 -0.00375198
0.3665 -0.00373098
0.3675 -0.00370982
0.3685 -0.00368852
0.3695 -0.00366708
0.3705 -0.00364549
0.3715 -0.00362375
0.3725 -0.00360188
0.3735 -0.00357986
0.3745 -0.0035577
0.3755 -0.00353539
0.3765 -0.00351295
0.3775 -0.00349037
0.3785 -0.00346766
0.3795 -0.0034448
0.3805 -0.00342181
0.3815 -0.00339869
0.3825 -0.00337543
0.3835 -0.00335203
0.3845 -0.00332851
0.3855 -0.00330485
0.3865 -0.00328107
0.3875 -0.00325715
0.3885 -0.0032331
0.3895 -0.00320893
0.3905 -0.00318463
0.3915 -0.00316021
0.3925 -0.00313566
0.3935 -0.00311098
0.3945 -0.00308619
0.3955 -0.00306127
0.3965 -0.00303623
0.3975 -0.00301107
0.3985 -0.00298579
0.3995 -0.0029604
0.4005 -0.00293488
0.4015 -0.00290925
0.4025 -0.00288351
0.4035 -0.00285765
0.4045 -0.00283168
0.4055 -0.0028056
0.4065 -0.00277941
0.4075 -0.00275311
0.4085 -0.0027267
0.4095 -0.00270018
0.4105 -0.00267355
0.4115 -0.00264682
0.4125 -0.00261999
0.4135 -0.00259305
0.4145 -0.00256601
0.4155 -0.00253886
0.4165 -0.00251162
0.4175 -0.00248428
0.4185 -0.00245684
0.4195 -0.0024293
0.4205 -0.00240167
0.4215 -0.00237394
0.4225 -0.00234612
0.4235 -0.00231821
0.4245 -0.0022902
0.4255 -0.00226211
0.4265 -0.00223392
0.4275 -0.00220565
0.4285 -0.00217729
0.4295 -0.00214884
0.4305 -0.00212031
0.4315 -0.00209169
0.4325 -0.002063
0.4335 -0.00203422
0.4345 -0.00200536
0.4355 -0.00197642
0.4365 -0.0019474
0.4375 -0.00191831
0.4385 -0.00188914
0.4395 -0.0018599
0.4405 -0.00183058
0.4415 -0.00180119
0.4425 -0.00177173
0.4435 -0.0017422
0.4445 -0.0017126
0.4455 -0.00168293
0.4465 -0.0016532
0.4475 -0.0016234
0.4485 -0.00159354
0.4495 -0.00156361
0.4505 -0.00153363
0.4515 -0.00150358
0.4525 -0.00147347
0.4535 -0.00144331
0.4545 -0.00141308
0.4555 -0.00138281
0.4565 -0.00135247
0.4575 -0.00132209
0.4585 -0.00129165
0.4595 -0.00126116
0.4605 -0.00123062
0.4615 -0.00120003
0.4625 -0.0011694
0.4635 -0.00113872
0.4645 -0.00110799
0.4655 -0.00107722
0.4665 -0.00104641
0.4675 -0.00101556
0.4685 -0.000984662
0.4695 -0.00095373
0.4705 -0.000922759
0.4715 -0.000891753
0.4725 -0.000860711
0.4735 -0.000829635
0.4745 -0.000798526
0.4755 -0.000767386
0.4765 -0.000736216
0.4775 -0.000705016
0.4785 -0.000673789
0.4795 -0.000642535
0.4805 -0.000611255
0.4815 -0.000579952
0.4825 -0.000548626
0.4835 -0.000517278
0.4845 -0.000485909
0.4855 -0.000454522
0.4865 -0.000423116
0.4875 -0.000391694
0.4885 -0.000360256
0.4895 -0.000328804
0.4905 -0.000297339
0.4915 -0.000265863
0.4925 -0.000234375
0.4935 -0.000202879
0.4945 -0.000171375
0.4955 -0.000139863
0.4965 -0.000108347
0.4975 -7.68256e-05
0.4985 -4.53016e-05
0.4995 -1.37758e-05
0.5005 1.77505e-05
0.5015 4.92762e-05
0.5025 8.07999e-05
0.5035 0.00011232
0.5045 0.000143837
0.5055 0.000175347
0.5065 0.00020685
0.5075 0.000238346
0.5085 0.000269832
0.5095 0.000301307
0.5105 0.00033277
0.5115 0.00036422
0.5125 0.000395656
0.5135 0.000427077
0.5145 0.00045848
0.5155 0.000489865
0.5165 0.000521231
0.5175 0.000552576
0.5185 0.0005839
0.5195 0.0006152
0.5205 0.000646477
0.5215 0.000677727
0.5225 0.000708951
0.5235 0.000740147
0.5245 0.000771314
0.5255 0.00080245
0.5265 0.000833555
0.5275 0.000864626
0.5285 0.000895664
0.5295 0.000926666
0.5305 0.000957632
0.5315 0.00098856
0.5325 0.00101945
0.5335 0.0010503
0.5345 0.0010811
0.5355 0.00111187
0.5365 0.00114259
0.5375 0.00117326
0.5385 0.00120389
0.5395 0.00123447
0.5405 0.00126501
0.5415 0.00129549
0.5425 0.00132592
0.5435 0.0013563
0.5445 0.00138663
0.5455 0.0014169
0.5465 0.00144711
0.5475 0.00147727
0.5485 0.00150737
0.5495 0.00153741
0.5505 0.00156739
0.5515 0.00159731
0.5525 0.00162716
0.5535 0.00165695
0.5545 0.00168668
0.5555 0.00171634
0.5565 0.00174593
0.5575 0.00177545
0.5585 0.0018049
0.5595 0.00183428
0.5605 0.00186359
0.5615 0.00189282
0.5625 0.00192198
0.5635 0.00195107
0.5645 0.00198007
0.5655 0.002009
0.5665 0.00203785
0.5675 0.00206662
0.5685 0.00209531
0.5695 0.00212391
0.5705 0.00215243
0.5715 0.00218087
0.5725 0.00220922
0.5735 0.00223748
0.5745 0.00226565
0.5755 0.00229374
0.5765 0.00232173
0.5775 0.00234963
0.5785 0.00237744
0.5795 0.00240516
0.5805 0.00243278
0.5815 0.0024603
0.5825 0.00248773
0.5835 0.00251506
0.5845 0.00254229
0.5855 0.00256942
0.5865 0.00259645
0.5875 0.00262337
0.5885 0.0026502
0.5895 0.00267691
0.5905 0.00270353
0.5915 0.00273003
0.5925 0.00275643
0.5935 0.00278272
0.5945 0.0028089
0.5955 0.00283496
0.5965 0.00286092
0.5975 0.00288676
0.5985 0.00291249
0.5995 0.00293811
0.6005 0.0029636
0.6015 0.00298898
0.6025 0.00301425
0.6035 0.00303939
0.6045 0.00306442
0.6055 0.00308932
0.6065 0.0031141
0.6075 0.00313876
0.6085 0.00316329
0.6095 0.0031877
0.6105 0.00321199
0.6115 0.00323614
0.6125 0.00326017
0.6135 0.00328407
0.6145 0.00330784
0.6155 0.00333148
0.6165 0.00335499
0.6175 0.00337837
0.6185 0.00340161
0.6195 0.00342472
0.6205 0.00344769
0.6215 0.00347053
0.6225 0.00349323
0.6235 0.00351579
0.6245 0.00353821
0.6255 0.0035605
0.6265 0.00358264
0.6275 0.00360464
0.6285 0.0036265
0.6295 0.00364822
0.6305 0.00366979
0.6315 0.00369122
0.6325 0.0037125
0.6335 0.00373363
0.6345 0.00375462
0.6355 0.00377546
0.6365 0.00379615
0.6375 0.00381669
0.6385 0.00383708
0.6395 0.00385732
0.6405 0.00387741
0.6415 0.00389734
0.6425 0.00391712
0.6435 0.00393674
0.6445 0.00395621
0.6455 0.00397552
0.6465 0.00399468
0.6475 0.00401368
0.6485 0.00403252
0.6495 0.0040512
0.6505 0.00406972
0.6515 0.00408808
0.6525 0.00410628
0.6535 0.00412431
0.6545 0.00414219
0.6555 0.0041599
0.6565 0.00417744
0.6575 0.00419482
0.6585 0.00421204
0.6595 0.00422909
0.6605 0.00424597
0.6615 0.00426269
0.6625 0.00427923
0.6635 0.00429561
0.6645 0.00431182
0.6655 0.00432785
0.6665 0.00434372
0.6675 0.00435942
0.6685 0.00437494
0.6695 0.00439029
0.6705 0.00440547
0.6715 0.00442047
0.6725 0.0044353
0.6735 0.00444995
0.6745 0.00446443
0.6755 0.00447873
0.6765 0.00449286
0.6775 0.0045068
0.6785 0.00452057
0.6795 0.00453416
0.6805 0.00454758
0.6815 0.00456081
0.6825 0.00457386
0.6835 0.00458673
0.6845 0.00459942
0.6855 0.00461193
0.6865 0.00462426
0.6875 0.0046364
0.6885 0.00464836
0.6895 0.00466014
0.6905 0.00467174
0.6915 0.00468315
0.6925 0.00469437
0.6935 0.00470541
0.6945 0.00471626
0.6955 0.00472693
0.6965 0.00473741
0.6975 0.00474771
0.6985 0.00475781
0.6995 0.00476773
0.7005 0.00477746
0.7015 0.004787
0.7025 0.00479636
0.7035 0.00480552
0.7045 0.00481449
0.7055 0.00482328
0.7065 0.00483187
0.7075 0.00484027
0.7085 0.00484848
0.7095 0.0048565
0.7105 0.00486433
0.7115 0.00487197
0.7125 0.00487941
0.7135 0.00488666
0.7145 0.00489372
0.7155 0.00490059
0.7165 0.00490726
0.7175 0.00491374
0.7185 0.00492002
0.7195 0.00492611
0.7205 0.004932
0.7215 0.0049377
0.7225 0.00494321
0.7235 0.00494852
0.7245 0.00495364
0.7255 0.00495855
0.7265 0.00496328
0.7275 0.00496781
0.7285 0.00497214
0.7295 0.00497627
0.7305 0.00498021
0.7315 0.00498395
0.7325 0.0049875
0.7335 0.00499085
0.7345 0.004994
0.7355 0.00499695
0.7365 0.00499971
0.7375 0.00500227
0.7385 0.00500463
0.7395 0.0050068
0.7405 0.00500877
0.7415 0.00501054
0.7425 0.00501211
0.7435 0.00501348
0.7445 0.00501466
0.7455 0.00501563
0.7465 0.00501641
0.7475 0.005017
0.7485 0.00501738
0.7495 0.00501756
0.7505 0.00501755
0.7515 0.00501734
0.7525 0.00501693
0.7535 0.00501633
0.7545 0.00501552
0.7555 0.00501452
0.7565 0.00501332
0.7575 0.00501192
0.7585 0.00501032
0.7595 0.00500853
0.7605 0.00500654
0.7615 0.00500435
0.7625 0.00500196
0.7635 0.00499938
0.7645 0.00499659
0.7655 0.00499361
0.7665 0.00499044
0.7675 0.00498706
0.7685 0.00498349
0.7695 0.00497973
0.7705 0.00497576
0.7715 0.0049716
0.7725 0.00496725
0.7735 0.00496269
0.7745 0.00495795
0.7755 0.004953
0.7765 0.00494786
0.7775 0.00494253
0.7785 0.004937
0.7795 0.00493127
0.7805 0.00492535
0.7815 0.00491924
0.7825 0.00491293
0.7835 0.00490643
0.7845 0.00489973
0.7855 0.00489284
0.7865 0.00488576
0.7875 0.00487848
0.7885 0.00487102
0.7895 0.00486335
0.7905 0.0048555
0.7915 0.00484746
0.7925 0.00483922
0.7935 0.0048308
0.7945 0.00482218
0.7955 0.00481337
0.7965 0.00480437
0.7975 0.00479519
0.7985 0.00478581
0.7995 0.00477624
0.8005 0.00476649
0.8015 0.00475655
0.8025 0.00474642
0.8035 0.0047361
0.8045 0.0047256
0.8055 0.00471491
0.8065 0.00470403
0.8075 0.00469297
0.8085 0.00468172
0.8095 0.00467029
0.8105 0.00465867
0.8115 0.00464687
0.8125 0.00463488
0.8135 0.00462271
0.8145 0.00461036
0.8155 0.00459783
0.8165 0.00458512
0.8175 0.00457222
0.8185 0.00455915
0.8195 0.00454589
0.8205 0.00453246
0.8215 0.00451885
0.8225 0.00450505
0.8235 0.00449108
0.8245 0.00447694
0.8255 0.00446261
0.8265 0.00444811
0.8275 0.00443344
0.8285 0.00441859
0.8295 0.00440356
0.8305 0.00438836
0.8315 0.00437299
0.8325 0.00435745
0.8335 0.00434173
0.8345 0.00432584
0.8355 0.00430978
0.8365 0.00429355
0.8375 0.00427715
0.8385 0.00426059
0.8395 0.00424385
0.8405 0.00422695
0.8415 0.00420988
0.8425 0.00419264
0.8435 0.00417524
0.8445 0.00415767
0.8455 0.00413994
0.8465 0.00412205
0.8475 0.00410399
0.8485 0.00408577
0.8495 0.00406739
0.8505 0.00404885
0.8515 0.00403015
0.8525 0.00401129
0.8535 0.00399227
0.8545 0.0039731
0.8555 0.00395376
0.8565 0.00393428
0.8575 0.00391463
0.8585 0.00389483
0.8595 0.00387488
0.8605 0.00385478
0.8615 0.00383452
0.8625 0.00381411
0.8635 0.00379355
0.8645 0.00377284
0.8655 0.00375198
0.8665 0.00373098
0.8675 0.00370982
0.8685 0.00368852
0.8695 0.00366708
0.8705 0.00364549
0.8715 0.00362375
0.8725 0.00360188
0.8735 0.00357986
0.8745 0.0035577
0.8755 0.00353539
0.8765 0.00351295
0.8775 0.00349037
0.8785 0.00346766
0.8795 0.0034448
0.8805 0.00342181
0.8815 0.00339869
0.8825 0.00337543
0.8835 0.00335203
0.8845 0.00332851
0.8855 0.00330485
0.8865 0.00328107
0.8875 0.00325715
0.8885 0.0032331
0.8895 0.00320893
0.8905 0.00318463
0.8915 0.00316021
0.8925 0.00313566
0.8935 0.00311098
0.8945 0.00308619
0.8955 0.00306127
0.8965 0.00303623
0.8975 0.00301107
0.8985 0.00298579
0.8995 0.0029604
0.9005 0.00293488
0.9015 0.00290925
0.9025 0.00288351
0.9035 0.00285765
0.9045 0.00283168
0.9055 0.0028056
0.9065 0.00277941
0.9075 0.00275311
0.9085 0.0027267
0.9095 0.00270018
0.9105 0.00267355
0.9115 0.00264682
0.9125 0.00261999
0.9135 0.00259305
0.9145 0.00256601
0.9155 0.00253886
0.9165 0.00251162
0.9175 0.00248428
0.9185 0.00245684
0.9195 0.0024293
0.9205 0.00240167
0.9215 0.00237394
0.9225 0.00234612
0.9235 0.00231821
0.9245 0.0022902
0.9255 0.00226211
0.9265 0.00223392
0.9275 0.00220565
0.9285 0.00217729
0.9295 0.00214884
0.9305 0.00212031
0.9315 0.00209169
0.9325 0.002063
0.9335 0.00203422
0.9345 0.00200536
0.9355 0.00197642
0.9365 0.0019474
0.9375 0.00191831
0.9385 0.00188914
0.9395 0.0018599
0.9405 0.00183058
0.9415 0.00180119
0.9425 0.00177173
0.9435 0.0017422
0.9445 0.0017126
0.9455 0.00168293
0.9465 0.0016532
0.9475 0.0016234
0.9485 0.00159354
0.9495 0.00156361
0.9505 0.00153363
0.9515 0.00150358
0.9525 0.00147347
0.9535 0.00144331
0.9545 0.00141308
0.9555 0.00138281
0.9565 0.00135247
0.9575 0.00132209
0.9585 0.00129165
0.9595 0.00126116
0.9605 0.00123062
0.9615 0.00120003
0.9625 0.0011694
0.9635 0.00113872
0.9645 0.00110799
0.9655 0.00107722
0.9665 0.00104641
0.9675 0.00101556
0.9685 0.000984662
0.9695 0.00095373
0.9705 0.000922759
0.9715 0.000891753
0.9725 0.000860711
0.9735 0.000829635
0.9745 0.000798526
0.9755 0.000767386
0.9765 0.000736216
0.9775 0.000705016
0.9785 0.000673789
0.9795 0.000642535
0.9805 0.000611255
0.9815 0.000579952
0.9825 0.000548626
0.9835 0.000517278
0.9845 0.000485909
0.9855 0.000454522
0.9865 0.000423116
0.9875 0.000391694
0.9885 0.000360256
0.9895 0.000328804
0.9905 0.000297339
0.9915 0.000265863
0.9925 0.000234375
0.9935 0.000202879
0.9945 0.000171375
0.9955 0.000139863
0.9965 0.000108347
0.9975 7.68256e-05
0.9985 4.53016e-05
0.9995 1.37758e-05

# time= 0.5
0.0005 -0.00314774
0.0015 -0.00943069
0.0025 -0.0157133
0.0035 -0.0219952
0.0045 -0.0282763
0.0055 -0.0345563
0.0065 -0.0408349
0.0075 -0.0471119
0.0085 -0.053387
0.0095 -0.05966
0.0105 -0.0659307
0.0115 -0.0721988
0.0125 -0.078464
0.0135 -0.0847261
0.0145 -0.0909849
0.0155 -0.0972401
0.0165 -0.103491
0.0175 -0.109739
0.0185 -0.115982
0.0195 -0.12222
0.0205 -0.128453
0.0215 -0.134682
0.0225 -0.140905
0.0235 -0.147123
0.0245 -0.153334
0.0255 -0.15954
0.0265 -0.165739
0.0275 -0.171932
0.0285 -0.178118
0.0295 -0.184297
0.0305 -0.190469
0.0315 -0.196634
0.0325 -0.20279
0.0335 -0.208938
0.0345 -0.215079
0.0355 -0.22121
0.0365 -0.227333
0.0375 -0.233448
0.0385 -0.239552
0.0395 -0.245648
0.0405 -0.251733
0.0415 -0.257809
0.0425 -0.263875
0.0435 -0.26993
0.0445 -0.275974
0.0455 -0.282008
0.0465 -0.28803
0.0475 -0.294041
0.0485 -0.300041
0.0495 -0.306028
0.0505 -0.312004
0.0515 -0.317967
0.0525 -0.323918
0.0535 -0.329856
0.0545 -0.335781
0.0555 -0.341692
0.0565 -0.34759
0.0575 -0.353475
0.0585 -0.359345
0.0595 -0.365201
0.0605 -0.371043
0.0615 -0.376871
0.0625 -0.382683
0.0635 -0.38848
0.0645 -0.394262
0.0655 -0.400028
0.0665 -0.405779
0.0675 -0.411513
0.0685 -0.417231
0.0695 -0.422933
0.0705 -0.428618
0.0715 -0.434286
0.0725 -0.439937
0.0735 -0.445571
0.0745 -0.451187
0.0755 -0.456785
0.0765 -0.462366
0.0775 -0.467928
0.0785 -0.473471
0.0795 -0.478996
0.0805 -0.484502
0.0815 -0.489988
0.0825 -0.495456
0.0835 -0.500904
0.0845 -0.506332
0.0855 -0.51174
0.0865 -0.517128
0.0875 -0.522495
0.0885 -0.527842
0.0895 -0.533168
0.0905 -0.538473
0.0915 -0.543757
0.0925 -0.549019
0.0935 -0.554259
0.0945 -0.559478
0.0955 -0.564675
0.0965 -0.569849
0.0975 -0.575001
0.0985 -0.58013
0.0995 -0.585236
0.1005 -0.590319
0.1015 -0.595379
0.1025 -0.600415
0.1035 -0.605428
0.1045 -0.610416
0.1055 -0.615381
0.1065 -0.620321
0.1075 -0.625237
0.1085 -0.630128
0.1095 -0.634994
0.1105 -0.639836
0.1115 -0.644652
0.1125 -0.649442
0.1135 -0.654207
0.1145 -0.658946
0.1155 -0.663659
0.1165 -0.668346
0.1175 -0.673006
0.1185 -0.67764
0.1195 -0.682247
0.1205 -0.686827
0.1215 -0.69138
0.1225 -0.695906
0.1235 -0.700404
0.1245 -0.704875
0.1255 -0.709317
0.1265 -0.713732
0.1275 -0.718119
0.1285 -0.722477
0.1295 -0.726807
0.1305 -0.731108
0.1315 -0.73538
0.1325 -0.739623
0.1335 -0.743837
0.1345 -0.748022
0.1355 -0.752177
0.1365 -0.756302
0.1375 -0.760397
0.1385 -0.764463
0.1395 -0.768498
0.1405 -0.772503
0.1415 -0.776478
0.1425 -0.780421
0.1435 -0.784334
0.1445 -0.788216
0.1455 -0.792067
0.1465 -0.795887
0.1475 -0.799675
0.1485 -0.803432
0.1495 -0.807157
0.1505 -0.81085
0.1515 -0.814511
0.1525 -0.81814
0.1535 -0.821736
0.1545 -0.8253
0.1555 -0.828832
0.1565 -0.832331
0.1575 -0.835797
0.1585 -0.83923
0.1595 -0.84263
0.1605 -0.845996
0.1615 -0.84933
0.1625 -0.852629
0.1635 -0.855895
0.1645 -0.859128
0.1655 -0.862326
0.1665 -0.86549
0.1675 -0.86862
0.1685 -0.871716
0.1695 -0.874777
0.1705 -0.877804
0.1715 -0.880796
0.1725 -0.883754
0.1735 -0.886676
0.1745 -0.889564
0.1755 -0.892416
0.1765 -0.895234
0.1775 -0.898015
0.1785 -0.900762
0.1795 -0.903473
0.1805 -0.906148
0.1815 -0.908787
0.1825 -0.911391
0.1835 -0.913958
0.1845 -0.91649
0.1855 -0.918985
0.1865 -0.921444
0.1875 -0.923867
0.1885 -0.926253
0.1895 -0.928602
0.1905 -0.930915
0.1915 -0.933191
0.1925 -0.935431
0.1935 -0.937633
0.1945 -0.939798
0.1955 -0.941927
0.1965 -0.944018
0.1975 -0.946072
0.1985 -0.948088
0.1995 -0.950067
0.2005 -0.952009
0.2015 -0.953913
0.2025 -0.955779
0.2035 -0.957608
0.2045 -0.959398
0.2055 -0.961151
0.2065 -0.962866
0.2075 -0.964543
0.2085 -0.966182
0.2095 -0.967783
0.2105 -0.969345
0.2115 -0.970869
0.2125 -0.972355
0.2135 -0.973803
0.2145 -0.975212
0.2155 -0.976582
0.2165 -0.977914
0.2175 -0.979208
0.2185 -0.980463
0.2195 -0.981679
0.2205 -0.982856
0.2215 -0.983994
0.2225 -0.985094
0.2235 -0.986155
0.2245 -0.987177
0.2255 -0.988159
0.2265 -0.989103
0.2275 -0.990008
0.2285 -0.990874
0.2295 -0.9917
0.2305 -0.992488
0.2315 -0.993236
0.2325 -0.993945
0.2335 -0.994615
0.2345 -0.995245
0.2355 -0.995837
0.2365 -0.996389
0.2375 -0.996901
0.2385 -0.997375
0.2395 -0.997808
0.2405 -0.998203
0.2415 -0.998558
0.2425 -0.998874
0.2435 -0.99915
0.2445 -0.999387
0.2455 -0.999584
0.2465 -0.999742
0.2475 -0.99986
0.2485 -0.999939
0.2495 -0.999978
0.2505 -0.999978
0.2515 -0.999939
0.2525 -0.99986
0.2535 -0.999741
0.2545 -0.999584
0.2555 -0.999386
0.2565 -0.999149
0.2575 -0.998873
0.2585 -0.998557
0.2595 -0.998202
0.2605 -0.997808
0.2615 -0.997374
0.2625 -0.9969
0.2635 -0.996388
0.2645 -0.995836
0.2655 -0.995244
0.2665 -0.994614
0.2675 -0.993944
0.2685 -0.993235
0.2695 -0.992486
0.2705 -0.991699
0.2715 -0.990872
0.2725 -0.990006
0.2735 -0.989101
0.2745 -0.988158
0.2755 -0.987175
0.2765 -0.986153
0.2775 -0.985092
0.2785 -0.983992
0.2795 -0.982854
0.2805 -0.981676
0.2815 -0.98046
0.2825 -0.979205
0.2835 -0.977912
0.2845 -0.97658
0.2855 -0.975209
0.2865 -0.9738
0.2875 -0.972352
0.2885 -0.970866
0.2895 -0.969342
0.2905 -0.967779
0.2915 -0.966179
0.2925 -0.96454
0.2935 -0.962863
0.2945 -0.961148
0.2955 -0.959395
0.2965 -0.957604
0.2975 -0.955775
0.2985 -0.953909
0.2995 -0.952005
0.3005 -0.950063
0.3015 -0.948084
0.3025 -0.946068
0.3035 -0.944014
0.3045 -0.941923
0.3055 -0.939794
0.3065 -0.937629
0.3075 -0.935426
0.3085 -0.933187
0.3095 -0.930911
0.3105 -0.928598
0.3115 -0.926248
0.3125 -0.923862
0.3135 -0.921439
0.3145 -0.91898
0.3155 -0.916485
0.3165 -0.913953
0.3175 -0.911386
0.3185 -0.908782
0.3195 -0.906143
0.3205 -0.903467
0.3215 -0.900756
0.3225 -0.89801
0.3235 -0.895228
0.3245 -0.892411
0.3255 -0.889558
0.3265 -0.886671
0.3275 -0.883748
0.3285 -0.880791
0.3295 -0.877798
0.3305 -0.874771
0.3315 -0.87171
0.3325 -0.868614
0.3335 -0.865484
0.3345 -0.86232
0.3355 -0.859121
0.3365 -0.855889
0.3375 -0.852623
0.3385 -0.849323
0.3395 -0.84599
0.3405 -0.842623
0.3415 -0.839223
0.3425 -0.83579
0.3435 -0.832324
0.3445 -0.828825
0.3455 -0.825293
0.3465 -0.821729
0.3475 -0.818133
0.3485 -0.814504
0.3495 -0.810842
0.3505 -0.807149
0.3515 -0.803424
0.3525 -0.799668
0.3535 -0.795879
0.3545 -0.79206
0.3555 -0.788209
0.3565 -0.784327
0.3575 -0.780414
0.3585 -0.77647
0.3595 -0.772495
0.3605 -0.76849
0.3615 -0.764455
0.3625 -0.760389
0.3635 -0.756294
0.3645 -0.752168
0.3655 -0.748013
0.3665 -0.743829
0.3675 -0.739615
0.3685 -0.735371
0.3695 -0.731099
0.3705 -0.726798
0.3715 -0.722468
0.3725 -0.71811
0.3735 -0.713723
0.3745 -0.709309
0.3755 -0.704866
0.3765 -0.700395
0.3775 -0.695897
0.3785 -0.691371
0.3795 -0.686818
0.3805 -0.682238
0.3815 -0.677631
0.3825 -0.672997
0.3835 -0.668336
0.3845 -0.663649
0.3855 -0.658936
0.3865 -0.654197
0.3875 -0.649433
0.3885 -0.644642
0.3895 -0.639826
0.3905 -0.634985
0.3915 -0.630119
0.3925 -0.625227
0.3935 -0.620312
0.3945 -0.615371
0.3955 -0.610407
0.3965 -0.605418
0.3975 -0.600405
0.3985 -0.595369
0.3995 -0.590309
0.4005 -0.585226
0.4015 -0.58012
0.4025 -0.574991
0.4035 -0.569839
0.4045 -0.564664
0.4055 -0.559468
0.4065 -0.554249
0.4075 -0.549009
0.4085 -0.543746
0.4095 -0.538463
0.4105 -0.533158
0.4115 -0.527831
0.4125 -0.522485
0.4135 -0.517117
0.4145 -0.511729
0.4155 -0.506321
0.4165 -0.500893
0.4175 -0.495445
0.4185 -0.489978
0.4195 -0.484491
0.4205 -0.478985
0.4215 -0.47346
0.4225 -0.467917
0.4235 -0.462355
0.4245 -0.456774
0.4255 -0.451176
0.4265 -0.44556
0.4275 -0.439926
0.4285 -0.434275
0.4295 -0.428607
0.4305 -0.422922
0.4315 -0.41722
0.4325 -0.411502
0.4335 -0.405767
0.4345 -0.400017
0.4355 -0.39425
0.4365 -0.388469
0.4375 -0.382671
0.4385 -0.376859
0.4395 -0.371032
0.4405 -0.36519
0.4415 -0.359334
0.4425 -0.353463
0.4435 -0.347579
0.4445 -0.341681
0.4455 -0.335769
0.4465 -0.329844
0.4475 -0.323906
0.4485 -0.317955
0.4495 -0.311992
0.4505 -0.306017
0.4515 -0.300029
0.4525 -0.29403
0.4535 -0.288018
0.4545 -0.281996
0.4555 -0.275962
0.4565 -0.269918
0.4575 -0.263863
0.4585 -0.257797
0.4595 -0.251721
0.4605 -0.245636
0.4615 -0.23954
0.4625 -0.233435
0.4635 -0.227321
0.4645 -0.221198
0.4655 -0.215067
0.4665 -0.208926
0.4675 -0.202778
0.4685 -0.196621
0.4695 -0.190457
0.4705 -0.184285
0.4715 -0.178106
0.4725 -0.17192
0.4735 -0.165727
0.4745 -0.159528
0.4755 -0.153322
0.4765 -0.14711
0.4775 -0.140893
0.4785 -0.13467
0.4795 -0.128441
0.4805 -0.122208
0.4815 -0.115969
0.4825 -0.109726
0.4835 -0.103479
0.4845 -0.0972277
0.4855 -0.0909725
0.4865 -0.0847137
0.4875 -0.0784516
0.4885 -0.0721864
0.4895 -0.0659183
0.4905 -0.0596476
0.4915 -0.0533746
0.4925 -0.0470995
0.4935 -0.0408225
0.4945 -0.0345439
0.4955 -0.0282639
0.4965 -0.0219828
0.4975 -0.0157008
0.4985 -0.00941827
0.4995 -0.00313533
0.5005 0.00314774
0.5015 0.00943069
0.5025 0.0157133
0.5035 0.0219952
0.5045 0.0282763
0.5055 0.0345563
0.5065 0.0408349
0.5075 0.0471119
0.5085 0.053387
0.5095 0.05966
0.5105 0.0659307
0.5115 0.0721988
0.5125 0.078464
0.5135 0.0847261
0.5145 0.0909849
0.5155 0.0972401
0.5165 0.103491
0.5175 0.109739
0.5185 0.115982
0.5195 0.12222
0.5205 0.128453
0.5215 0.134682
0.5225 0.140905
0.5235 0.147123
0.5245 0.153334
0.5255 0.15954
0.5265 0.165739
0.5275 0.171932
0.5285 0.178118
0.5295 0.184297
0.5305 0.190469
0.5315 0.196634
0.5325 0.20279
0.5335 0.208938
0.5345 0.215079
0.5355 0.22121
0.5365 0.227333
0.5375 0.233448
0.5385 0.239552
0.5395 0.245648
0.5405 0.251733
0.5415 0.257809
0.5425 0.263875
0.5435 0.26993
0.5445 0.275974
0.5455 0.282008
0.5465 0.28803
0.5475 0.294041
0.5485 0.300041
0.5495 0.306028
0.5505 0.312004
0.5515 0.317967
0.5525 0.323918
0.5535 0.329856
0.5545 0.335781
0.5555 0.341692
0.5565 0.34759
0.5575 0.353475
0.5585 0.359345
0.5595 0.365201
0.5605 0.371043
0.5615 0.376871
0.5625 0.382683
0.5635 0.38848
0.5645 0.394262
0.5655 0.400028
0.5665 0.405779
0.5675 0.411513
0.5685 0.417231
0.5695 0.422933
0.5705 0.428618
0.5715 0.434286
0.5725 0.439937
0.5735 0.445571
0.5745 0.451187
0.5755 0.456785
0.5765 0.462366
0.5775 0.467928
0.5785 0.473471
0.5795 0.478996
0.5805 0.484502
0.5815 0.489988
0.5825 0.495456
0.5835 0.500904
0.5845 0.506332
0.5855 0.51174
0.5865 0.517128
0.5875 0.522495
0.5885 0.527842
0.5895 0.533168
0.5905 0.538473
0.5915 0.543757
0.5925 0.549019
0.5935 0.554259
0.5945 0.559478
0.5955 0.564675
0.5965 0.569849
0.5975 0.575001
0.5985 0.58013
0.5995 0.585236
0.6005 0.590319
0.6015 0.595379
0.6025 0.600415
0.6035 0.605428
0.6045 0.610416
0.6055 0.615381
0.6065 0.620321
0.6075 0.625237
0.6085 0.630128
0.6095 0.634994
0.6105 0.639836
0.6115 0.644652
0.6125 0.649442
0.6135 0.654207
0.6145 0.658946
0.6155 0.663659
0.6165 0.668346
0.6175 0.673006
0.6185 0.67764
0.6195 0.682247
0.6205 0.686827
0.6215 0.69138
0.6225 0.695906
0.6235 0.700404
0.6245 0.704875
0.6255 0.709317
0.6265 0.713732
0.6275 0.718119
0.6285 0.722477
0.6295 0.726807
0.6305 0.731108
0.6315 0.73538
0.6325 0.739623
0.6335 0.743837
0.6345 0.748022
0.6355 0.752177
0.6365 0.756302
0.6375 0.760397
0.6385 0.764463
0.6395 0.768498
0.6405 0.772503
0.6415 0.776478
0.6425 0.780421
0.6435 0.784334
0.6445 0.788216
0.6455 0.792067
0.6465 0.795887
0.6475 0.799675
0.6485 0.803432
0.6495 0.807157
0.6505 0.81085
0.6515 0.814511
0.6525 0.81814
0.6535 0.821736
0.6545 0.8253
0.6555 0.828832
0.6565 0.832331
0.6575 0.835797
0.6585 0.83923
0.6595 0.84263
0.6605 0.845996
0.6615 0.84933
0.6625 0.852629
0.6635 0.855895
0.6645 0.859128
0.6655 0.862326
0.6665 0.86549
0.6675 0.86862
0.6685 0.871716
0.6695 0.874777
0.6705 0.877804
0.6715 0.880796
0.6725 0.883754
0.6735 0.886676
0.6745 0.889564
0.6755 0.892416
0.6765 0.895234
0.6775 0.898015
0.6785 0.900762
0.6795 0.903473
0.6805 0.906148
0.6815 0.908787
0.6825 0.911391
0.6835 0.913958
0.6845 0.91649
0.6855 0.918985
0.6865 0.921444
0.6875 0.923867
0.6885 0.926253
0.6895 0.928602
0.6905 0.930915
0.6915 0.933191
0.6925 0.935431
0.6935 0.937633
0.6945 0.939798
0.6955 0.941927
0.6965 0.944018
0.6975 0.946072
0.6985 0.948088
0.6995 0.950067
0.7005 0.952009
0.7015 0.953913
0.7025 0.955779
0.7035 0.957608
0.7045 0.959398
0.7055 0.961151
0.7065 0.962866
0.7075 0.964543
0.7085 0.966182
0.7095 0.967783
0.7105 0.969345
0.7115 0.970869
0.7125 0.972355
0.7135 0.973803
0.7145 0.975212
0.7155 0.976582
0.7165 0.977914
0.7175 0.979208
0.7185 0.980463
0.7195 0.981679
0.7205 0.982856
0.7215 0.983994
0.7225 0.985094
0.7235 0.986155
0.7245 0.987177
0.7255 0.988159
0.7265 0.989103
0.7275 0.990008
0.7285 0.990874
0.7295 0.9917
0.7305 0.992488
0.7315 0.993236
0.7325 0.993945
0.7335 0.994615
0.7345 0.995245
0.7355 0.995837
0.7365 0.996389
0.7375 0.996901
0.7385 0.997375
0.7395 0.997808
0.7405 0.998203
0.7415 0.998558
0.7425 0.998874
0.7435 0.99915
0.7445 0.999387
0.7455 0.999584
0.7465 0.999742
0.7475 0.99986
0.7485 0.999939
0.7495 0.999978
0.7505 0.999978
0.7515 0.999939
0.7525 0.99986
0.7535 0.999741
0.7545 0.999584
0.7555 0.999386
0.7565 0.999149
0.7575 0.998873
0.7585 0.998557
0.7595 0.998202
0.7605 0.997808
0.7615 0.997374
0.7625 0.9969
0.7635 0.996388
0.7645 0.995836
0.7655 0.995244
0.7665 0.994614
0.7675 0.993944
0.7685 0.993235
0.7695 0.992486
0.7705 0.991699
0.7715 0.990872
0.7725 0.990006
0.7735 0.989101
0.7745 0.988158
0.7755 0.987175
0.7765 0.986153
0.7775 0.985092
0.7785 0.983992
0.7795 0.982854
0.7805 0.981676
0.7815 0.98046
0.7825 0.979205
0.7835 0.977912
0.7845 0.97658
0.7855 0.975209
0.7865 0.9738
0.7875 0.972352
0.7885 0.970866
0.7895 0.969342
0.7905 0.967779
0.7915 0.966179
0.7925 0.96454
0.7935 0.962863
0.7945 0.961148
0.7955 0.959395
0.7965 0.957604
0.7975 0.955775
0.7985 0.953909
0.7995 0.952005
0.8005 0.950063
0.8015 0.948084
0.8025 0.946068
0.8035 0.944014
0.8045 0.941923
0.8055 0.939794
0.8065 0.937629
0.8075 0.935426
0.8085 0.933187
0.8095 0.930911
0.8105 0.928598
0.8115 0.926248
0.8125 0.923862
0.8135 0.921439
0.8145 0.91898
0.8155 0.916485
0.8165 0.913953
0.8175 0.911386
0.8185 0.908782
0.8195 0.906143
0.8205 0.903467
0.8215 0.900756
0.8225 0.89801
0.8235 0.895228
0.8245 0.892411
0.8255 0.889558
0.8265 0.886671
0.8275 0.883748
0.8285 0.880791
0.8295 0.877798
0.8305 0.874771
0.8315 0.87171
0.8325 0.868614
0.8335 0.865484
0.8345 0.86232
0.8355 0.859121
0.8365 0.855889
0.8375 0.852623
0.8385 0.849323
0.8395 0.84599
0.8405 0.842623
0.8415 0.839223
0.8425 0.83579
0.8435 0.832324
0.8445 0.828825
0.8455 0.825293
0.8465 0.821729
0.8475 0.818133
0.8485 0.814504
0.8495 0.810842
0.8505 0.807149
0.8515 0.803424
0.8525 0.799668
0.8535 0.795879
0.8545 0.79206
0.8555 0.788209
0.8565 0.784327
0.8575 0.780414
0.8585 0.77647
0.8595 0.772495
0.8605 0.76849
0.8615 0.764455
0.8625 0.760389
0.8635 0.756294
0.8645 0.752168
0.8655 0.748013
0.8665 0.743829
0.8675 0.739615
0.8685 0.735371
0.8695 0.731099
0.8705 0.726798
0.8715 0.722468
0.8725 0.71811
0.8735 0.713723
0.8745 0.709309
0.8755 0.704866
0.8765 0.700395
0.8775 0.695897
0.8785 0.691371
0.8795 0.686818
0.8805 0.682238
0.8815 0.677631
0.8825 0.672997
0.8835 0.668336
0.8845 0.663649
0.8855 0.658936
0.8865 0.654197
0.8875 0.649433
0.8885 0.644642
0.8895 0.639826
0.8905 0.634985
0.8915 0.630119
0.8925 0.625227
0.8935 0.620312
0.8945 0.615371
0.8955 0.610407
0.8965 0.605418
0.8975 0.600405
0.8985 0.595369
0.8995 0.590309
0.9005 0.585226
0.9015 0.58012
0.9025 0.574991
0.9035 0.569839
0.9045 0.564664
0.9055 0.559468
0.9065 0.554249
0.9075 0.549009
0.9085 0.543746
0.9095 0.538463
0.9105 0.533158
0.9115 0.527831
0.9125 0.522485
0.9135 0.517117
0.9145 0.511729
0.9155 0.506321
0.9165 0.500893
0.9175 0.495445
0.9185 0.489978
0.9195 0.484491
0.9205 0.478985
0.9215 0.47346
0.9225 0.467917
0.9235 0.462355
0.9245 0.456774
0.9255 0.451176
0.9265 0.44556
0.9275 0.439926
0.9285 0.434275
0.9295 0.428607
0.9305 0.422922
0.9315 0.41722
0.9325 0.411502
0.9335 0.405767
0.9345 0.400017
0.9355 0.39425
0.9365 0.388469
0.9375 0.382671
0.9385 0.376859
0.9395 0.371032
0.9405 0.36519
0.9415 0.359334
0.9425 0.353463
0.9435 0.347579
0.9445 0.341681
0.9455 0.335769
0.9465 0.329844
0.9475 0.323906
0.9485 0.317955
0.9495 0.311992
0.9505 0.306017
0.9515 0.300029
0.9525 0.29403
0.9535 0.288018
0.9545 0.281996
0.9555 0.275962
0.9565 0.269918
0.9575 0.263863
0.9585 0.257797
0.9595 0.251721
0.9605 0.245636
0.9615 0.23954
0.9625 0.233435
0.9635 0.227321
0.9645 0.221198
0.9655 0.215067
0.9665 0.208926
0.9675 0.202778
0.9685 0.196621
0.9695 0.190457
0.9705 0.184285
0.9715 0.178106
0.9725 0.17192
0.9735 0.165727
0.9745 0.159528
0.9755 0.153322
0.9765 0.14711
0.9775 0.140893
0.9785 0.13467
0.9795 0.128441
0.9805 0.122208
0.9815 0.115969
0.9825 0.109726
0.9835 0.103479
0.9845 0.0972277
0.9855 0.0909725
0.9865 0.0847137
0.9875 0.0784516
0.9885 0.0721864
0.9895 0.0659183
0.9905 0.0596476
0.9915 0.0533746
0.9925 0.0470995
0.9935 0.0408225
0.9945 0.0345439
0.9955 0.0282639
0.9965 0.0219828
0.9975 0.0157008
0.9985 0.00941827
0.9995 0.00313533

# time= 0.7496
0.0005 1.9728e-06
0.0015 2.01309e-06
0.0025 2.0533e-06
0.0035 2.09343e-06
0.0045 2.13348e-06
0.0055 2.17344e-06
0.0065 2.21332e-06
0.0075 2.25311e-06
0.0085 2.29281e-06
0.0095 2.33242e-06
0.0105 2.37194e-06
0.0115 2.41137e-06
0.0125 2.4507e-06
0.0135 2.48993e-06
0.0145 2.52906e-06
0.0155 2.5681e-06
0.0165 2.60703e-06
0.0175 2.64586e-06
0.0185 2.68459e-06
0.0195 2.72321e-06
0.0205 2.76172e-06
0.0215 2.80013e-06
0.0225 2.83842e-06
0.0235 2.8766e-06
0.0245 2.91467e-06
0.0255 2.95262e-06
0.0265 2.99046e-06
0.0275 3.02817e-06
0.0285 3.06577e-06
0.0295 3.10325e-06
0.0305 3.1406e-06
0.0315 3.17784e-06
0.0325 3.21494e-06
0.0335 3.25192e-06
0.0345 3.28877e-06
0.0355 3.32549e-06
0.0365 3.36208e-06
0.0375 3.39853e-06
0.0385 3.43486e-06
0.0395 3.47104e-06
0.0405 3.50709e-06
0.0415 3.543e-06
0.0425 3.57877e-06
0.0435 3.6144e-06
0.0445 3.64989e-06
0.0455 3.68523e-06
0.0465 3.72043e-06
0.0475 3.75548e-06
0.0485 3.79038e-06
0.0495 3.82514e-06
0.0505 3.85974e-06
0.0515 3.89419e-06
0.0525 3.92848e-06
0.0535 3.96262e-06
0.0545 3.99661e-06
0.0555 4.03044e-06
0.0565 4.0641e-06
0.0575 4.09761e-06
0.0585 4.13095e-06
0.0595 4.16414e-06
0.0605 4.19715e-06
0.0615 4.23001e-06
0.0625 4.26269e-06
0.0635 4.29521e-06
0.0645 4.32755e-06
0.0655 4.35973e-06
0.0665 4.39173e-06
0.0675 4.42356e-06
0.0685 4.45522e-06
0.0695 4.4867e-06
0.0705 4.518e-06
0.0715 4.54913e-06
0.0725 4.58007e-06
0.0735 4.61084e-06
0.0745 4.64142e-06
0.0755 4.67182e-06
0.0765 4.70203e-06
0.0775 4.73206e-06
0.0785 4.7619e-06
0.0795 4.79156e-06
0.0805 4.82102e-06
0.0815 4.8503e-06
0.0825 4.87938e-06
0.0835 4.90827e-06
0.0845 4.93697e-06
0.0855 4.96547e-06
0.0865 4.99378e-06
0.0875 5.02188e-06
0.0885 5.0498e-06
0.0895 5.07751e-06
0.0905 5.10502e-06
0.0915 5.13233e-06
0.0925 5.15943e-06
0.0935 5.18634e-06
0.0945 5.21303e-06
0.0955 5.23953e-06
0.0965 5.26581e-06
0.0975 5.29189e-06
0.0985 5.31776e-06
0.0995 5.34342e-06
0.1005 5.36886e-06
0.1015 5.3941e-06
0.1025 5.41912e-06
0.1035 5.44393e-06
0.1045 5.46852e-06
0.1055 5.4929e-06
0.1065 5.51706e-06
0.1075 5.54101e-06
0.1085 5.56473e-06
0.1095 5.58824e-06
0.1105 5.61152e-06
0.1115 5.63458e-06
0.1125 5.65742e-06
0.1135 5.68004e-06
0.1145 5.70243e-06
0.1155 5.7246e-06
0.1165 5.74654e-06
0.1175 5.76826e-06
0.1185 5.78974e-06
0.1195 5.811e-06
0.1205 5.83203e-06
0.1215 5.85283e-06
0.1225 5.8734e-06
0.1235 5.89373e-06
0.1245 5.91384e-06
0.1255 5.93371e-06
0.1265 5.95334e-06
0.1275 5.97274e-06
0.1285 5.99191e-06
0.1295 6.01084e-06
0.1305 6.02953e-06
0.1315 6.04798e-06
0.1325 6.06619e-06
0.1335 6.08417e-06
0.1345 6.1019e-06
0.1355 6.1194e-06
0.1365 6.13665e-06
0.1375 6.15366e-06
0.1385 6.17043e-06
0.1395 6.18695e-06
0.1405 6.20323e-06
0.1415 6.21926e-06
0.1425 6.23505e-06
0.1435 6.25059e-06
0.1445 6.26589e-06
0.1455 6.28094e-06
0.1465 6.29574e-06
0.1475 6.31029e-06
0.1485 6.32459e-06
0.1495 6.33864e-06
0.1505 6.35245e-06
0.1515 6.366e-06
0.1525 6.3793e-06
0.1535 6.39235e-06
0.1545 6.40514e-06
0.1555 6.41769e-06
0.1565 6.42998e-06
0.1575 6.44201e-06
0.1585 6.45379e-06
0.1595 6.46532e-06
0.1605 6.47659e-06
0.1615 6.48761e-06
0.1625 6.49837e-06
0.1635 6.50887e-06
0.1645 6.51912e-06
0.1655 6.52911e-06
0.1665 6.53884e-06
0.1675 6.54831e-06
0.1685 6.55753e-06
0.1695 6.56648e-06
0.1705 6.57518e-06
0.1715 6.58362e-06
0.1725 6.5918e-06
0.1735 6.59971e-06
0.1745 6.60737e-06
0.1755 6.61476e-06
0.1765 6.6219e-06
0.1775 6.62877e-06
0.1785 6.63538e-06
0.1795 6.64173e-06
0.1805 6.64782e-06
0.1815 6.65364e-06
0.1825 6.65921e-06
0.1835 6.66451e-06
0.1845 6.66954e-06
0.1855 6.67431e-06
0.1865 6.67882e-06
0.1875 6.68307e-06
0.1885 6.68705e-06
0.1895 6.69077e-06
0.1905 6.69422e-06
0.1915 6.69741e-06
0.1925 6.70034e-06
0.1935 6.703e-06
0.1945 6.70539e-06
0.1955 6.70752e-06
0.1965 6.70939e-06
0.1975 6.71099e-06
0.1985 6.71233e-06
0.1995 6.7134e-06
0.2005 6.71421e-06
0.2015 6.71475e-06
0.2025 6.71502e-06
0.2035 6.71503e-06
0.2045 6.71478e-06
0.2055 6.71426e-06
0.2065 6.71348e-06
0.2075 6.71243e-06
0.2085 6.71111e-06
0.2095 6.70954e-06
0.2105 6.70769e-06
0.2115 6.70558e-06
0.2125 6.70321e-06
0.2135 6.70057e-06
0.2145 6.69767e-06
0.2155 6.6945e-06
0.2165 6.69107e-06
0.2175 6.68737e-06
0.2185 6.68342e-06
0.2195 6.67919e-06
0.2205 6.6747e-06
0.2215 6.66995e-06
0.2225 6.66494e-06
0.2235 6.65966e-06
0.2245 6.65412e-06
0.2255 6.64832e-06
0.2265 6.64226e-06
0.2275 6.63593e-06
0.2285 6.62934e-06
0.2295 6.62249e-06
0.2305 6.61538e-06
0.2315 6.608e-06
0.2325 6.60037e-06
0.2335 6.59247e-06
0.2345 6.58432e-06
0.2355 6.5759e-06
0.2365 6.56723e-06
0.2375 6.55829e-06
0.2385 6.5491e-06
0.2395 6.53965e-06
0.2405 6.52994e-06
0.2415 6.51997e-06
0.2425 6.50975e-06
0.2435 6.49927e-06
0.2445 6.48853e-06
0.2455 6.47753e-06
0.2465 6.46628e-06
0.2475 6.45478e-06
0.2485 6.44302e-06
0.2495 6.431e-06
0.2505 6.41873e-06
0.2515 6.40621e-06
0.2525 6.39344e-06
0.2535 6.38041e-06
0.2545 6.36713e-06
0.2555 6.3536e-06
0.2565 6.33982e-06
0.2575 6.32579e-06
0.2585 6.3115e-06
0.2595 6.29697e-06
0.2605 6.28219e-06
0.2615 6.26717e-06
0.2625 6.25189e-06
0.2635 6.23637e-06
0.2645 6.2206e-06
0.2655 6.20459e-06
0.2665 6.18833e-06
0.2675 6.17183e-06
0.2685 6.15508e-06
0.2695 6.13809e-06
0.2705 6.12086e-06
0.2715 6.10339e-06
0.2725 6.08567e-06
0.2735 6.06772e-06
0.2745 6.04953e-06
0.2755 6.03109e-06
0.2765 6.01242e-06
0.2775 5.99352e-06
0.2785 5.97437e-06
0.2795 5.95499e-06
0.2805 5.93537e-06
0.2815 5.91552e-06
0.2825 5.89544e-06
0.2835 5.87512e-06
0.2845 5.85458e-06
0.2855 5.8338e-06
0.2865 5.81279e-06
0.2875 5.79155e-06
0.2885 5.77008e-06
0.2895 5.74838e-06
0.2905 5.72646e-06
0.2915 5.70431e-06
0.2925 5.68194e-06
0.2935 5.65934e-06
0.2945 5.63652e-06
0.2955 5.61348e-06
0.2965 5.59021e-06
0.2975 5.56672e-06
0.2985 5.54302e-06
0.2995 5.51909e-06
0.3005 5.49495e-06
0.3015 5.47059e-06
0.3025 5.44601e-06
0.3035 5.42122e-06
0.3045 5.39622e-06
0.3055 5.371e-06
0.3065 5.34557e-06
0.3075 5.31993e-06
0.3085 5.29408e-06
0.3095 5.26802e-06
0.3105 5.24175e-06
0.3115 5.21528e-06
0.3125 5.1886e-06
0.3135 5.16171e-06
0.3145 5.13462e-06
0.3155 5.10733e-06
0.3165 5.07984e-06
0.3175 5.05214e-06
0.3185 5.02425e-06
0.3195 4.99616e-06
0.3205 4.96787e-06
0.3215 4.93938e-06
0.3225 4.9107e-06
0.3235 4.88183e-06
0.3245 4.85276e-06
0.3255 4.8235e-06
0.3265 4.79405e-06
0.3275 4.76441e-06
0.3285 4.73459e-06
0.3295 4.70458e-06
0.3305 4.67438e-06
0.3315 4.64399e-06
0.3325 4.61343e-06
0.3335 4.58268e-06
0.3345 4.55175e-06
0.3355 4.52064e-06
0.3365 4.48935e-06
0.3375 4.45788e-06
0.3385 4.42624e-06
0.3395 4.39443e-06
0.3405 4.36244e-06
0.3415 4.33028e-06
0.3425 4.29794e-06
0.3435 4.26544e-06
0.3445 4.23277e-06
0.3455 4.19993e-06
0.3465 4.16693e-06
0.3475 4.13376e-06
0.3485 4.10043e-06
0.3495 4.06694e-06
0.3505 4.03328e-06
0.3515 3.99947e-06
0.3525 3.9655e-06
0.3535 3.93137e-06
0.3545 3.89709e-06
0.3555 3.86265e-06
0.3565 3.82806e-06
0.3575 3.79332e-06
0.3585 3.75843e-06
0.3595 3.7234e-06
0.3605 3.68821e-06
0.3615 3.65288e-06
0.3625 3.6174e-06
0.3635 3.58179e-06
0.3645 3.54603e-06
0.3655 3.51013e-06
0.3665 3.47409e-06
0.3675 3.43792e-06
0.3685 3.4016e-06
0.3695 3.36516e-06
0.3705 3.32858e-06
0.3715 3.29187e-06
0.3725 3.25503e-06
0.3735 3.21807e-06
0.3745 3.18097e-06
0.3755 3.14375e-06
0.3765 3.10641e-06
0.3775 3.06894e-06
0.3785 3.03135e-06
0.3795 2.99364e-06
0.3805 2.95582e-06
0.3815 2.91787e-06
0.3825 2.87982e-06
0.3835 2.84165e-06
0.3845 2.80336e-06
0.3855 2.76497e-06
0.3865 2.72646e-06
0.3875 2.68785e-06
0.3885 2.64913e-06
0.3895 2.61031e-06
0.3905 2.57139e-06
0.3915 2.53236e-06
0.3925 2.49323e-06
0.3935 2.45401e-06
0.3945 2.41469e-06
0.3955 2.37527e-06
0.3965 2.33576e-06
0.3975 2.29616e-06
0.3985 2.25646e-06
0.3995 2.21668e-06
0.4005 2.17681e-06
0.4015 2.13685e-06
0.4025 2.09681e-06
0.4035 2.05669e-06
0.4045 2.01648e-06
0.4055 1.9762e-06
0.4065 1.93584e-06
0.4075 1.8954e-06
0.4085 1.85489e-06
0.4095 1.8143e-06
0.4105 1.77364e-06
0.4115 1.73291e-06
0.4125 1.69212e-06
0.4135 1.65125e-06
0.4145 1.61032e-06
0.4155 1.56933e-06
0.4165 1.52828e-06
0.4175 1.48716e-06
0.4185 1.44599e-06
0.4195 1.40476e-06
0.4205 1.36347e-06
0.4215 1.32213e-06
0.4225 1.28074e-06
0.4235 1.2393e-06
0.4245 1.19781e-06
0.4255 1.15627e-06
0.4265 1.11468e-06
0.4275 1.07306e-06
0.4285 1.03139e-06
0.4295 9.89674e-07
0.4305 9.47923e-07
0.4315 9.06135e-07
0.4325 8.64312e-07
0.4335 8.22454e-07
0.4345 7.80563e-07
0.4355 7.38642e-07
0.4365 6.96692e-07
0.4375 6.54714e-07
0.4385 6.12711e-07
0.4395 5.70683e-07
0.4405 5.28633e-07
0.4415 4.86561e-07
0.4425 4.44471e-07
0.4435 4.02363e-07
0.4445 3.60239e-07
0.4455 3.18101e-07
0.4465 2.75951e-07
0.4475 2.33789e-07
0.4485 1.91618e-07
0.4495 1.4944e-07
0.4505 1.07256e-07
0.4515 6.50674e-08
0.4525 2.28764e-08
0.4535 -1.93156e-08
0.4545 -6.15067e-08
0.4555 -1.03695e-07
0.4565 -1.4588e-07
0.4575 -1.88059e-07
0.4585 -2.3023e-07
0.4595 -2.72393e-07
0.4605 -3.14544e-07
0.4615 -3.56683e-07
0.4625 -3.98809e-07
0.4635 -4.40918e-07
0.4645 -4.8301e-07
0.4655 -5.25083e-07
0.4665 -5.67135e-07
0.4675 -6.09165e-07
0.4685 -6.5117e-07
0.4695 -6.9315e-07
0.4705 -7.35103e-07
0.4715 -7.77027e-07
0.4725 -8.1892e-07
0.4735 -8.6078e-07
0.4745 -9.02607e-07
0.4755 -9.44398e-07
0.4765 -9.86152e-07
0.4775 -1.02787e-06
0.4785 -1.06954e-06
0.4795 -1.11117e-06
0.4805 -1.15276e-06
0.4815 -1.1943e-06
0.4825 -1.2358e-06
0.4835 -1.27725e-06
0.4845 -1.31864e-06
0.4855 -1.35999e-06
0.4865 -1.40128e-06
0.4875 -1.44251e-06
0.4885 -1.48369e-06
0.4895 -1.52481e-06
0.4905 -1.56587e-06
0.4915 -1.60687e-06
0.4925 -1.6478e-06
0.4935 -1.68867e-06
0.4945 -1.72947e-06
0.4955 -1.77021e-06
0.4965 -1.81087e-06
0.4975 -1.85146e-06
0.4985 -1.89198e-06
0.4995 -1.93243e-06
0.5005 -1.9728e-06
0.5015 -2.01309e-06
0.5025 -2.0533e-06
0.5035 -2.09343e-06
0.5045 -2.13348e-06
0.5055 -2.17344e-06
0.5065 -2.21332e-06
0.5075 -2.25311e-06
0.5085 -2.29281e-06
0.5095 -2.33242e-06
0.5105 -2.37194e-06
0.5115 -2.41137e-06
0.5125 -2.4507e-06
0.5135 -2.48993e-06
0.5145 -2.52906e-06
0.5155 -2.5681e-06
0.5165 -2.60703e-06
0.5175 -2.64586e-06
0.5185 -2.68459e-06
0.5195 -2.72321e-06
0.5205 -2.76172e-06
0.5215 -2.80013e-06
0.5225 -2.83842e-06
0.5235 -2.8766e-06
0.5245 -2.91467e-06
0.5255 -2.95262e-06
0.5265 -2.99046e-06
0.5275 -3.02817e-06
0.5285 -3.06577e-06
0.5295 -3.10325e-06
0.5305 -3.1406e-06
0.5315 -3.17784e-06
0.5325 -3.21494e-06
0.5335 -3.25192e-06
0.5345 -3.28877e-06
0.5355 -3.32549e-06
0.5365 -3.36208e-06
0.5375 -3.39853e-06
0.5385 -3.43486e-06
0.5395 -3.47104e-06
0.5405 -3.50709e-06
0.5415 -3.543e-06
0.5425 -3.57877e-06
0.5435 -3.6144e-06
0.5445 -3.64989e-06
0.5455 -3.68523e-06
0.5465 -3.72043e-06
0.5475 -3.75548e-06
0.5485 -3.79038e-06
0.5495 -3.82514e-06
0.5505 -3.85974e-06
0.5515 -3.89419e-06
0.5525 -3.92848e-06
0.5535 -3.96262e-06
0.5545 -3.99661e-06
0.5555 -4.03044e-06
0.5565 -4.0641e-06
0.5575 -4.09761e-06
0.5585 -4.13095e-06
0.5595 -4.16414e-06
0.5605 -4.19715e-06
0.5615 -4.23001e-06
0.5625 -4.26269e-06
0.5635 -4.29521e-06
0.5645 -4.32755e-06
0.5655 -4.35973e-06
0.5665 -4.39173e-06
0.5675 -4.42356e-06
0.5685 -4.45522e-06
0.5695 -4.4867e-06
0.5705 -4.518e-06
0.5715 -4.54913e-06
0.5725 -4.58007e-06
0.5735 -4.61084e-06
0.5745 -4.64142e-06
0.5755 -4.67182e-06
0.5765 -4.70203e-06
0.5775 -4.73206e-06
0.5785 -4.7619e-06
0.5795 -4.79156e-06
0.5805 -4.82102e-06
0.5815 -4.8503e-06
0.5825 -4.87938e-06
0.5835 -4.90827e-06
0.5845 -4.93697e-06
0.5855 -4.96547e-06
0.5865 -4.99378e-06
0.5875 -5.02188e-06
0.5885 -5.0498e-06
0.5895 -5.07751e-06
0.5905 -5.10502e-06
0.5915 -5.13233e-06
0.5925 -5.15943e-06
0.5935 -5.18634e-06
0.5945 -5.21303e-06
0.5955 -5.23953e-06
0.5965 -5.26581e-06
0.5975 -5.29189e-06
0.5985 -5.31776e-06
0.5995 -5.34342e-06
0.6005 -5.36886e-06
0.6015 -5.3941e-06
0.6025 -5.41912e-06
0.6035 -5.44393e-06
0.6045 -5.46852e-06
0.6055 -5.4929e-06
0.6065 -5.51706e-06
0.6075 -5.54101e-06
0.6085 -5.56473e-06
0.6095 -5.58824e-06
0.6105 -5.61152e-06
0.6115 -5.63458e-06
0.6125 -5.65742e-06
0.6135 -5.68004e-06
0.6145 -5.70243e-06
0.6155 -5.7246e-06
0.6165 -5.74654e-06
0.6175 -5.76826e-06
0.6185 -5.78974e-06
0.6195 -5.811e-06
0.6205 -5.83203e-06
0.6215 -5.85283e-06
0.6225 -5.8734e-06
0.6235 -5.89373e-06
0.6245 -5.91384e-06
0.6255 -5.93371e-06
0.6265 -5.95334e-06
0.6275 -5.97274e-06
0.6285 -5.99191e-06
0.6295 -6.01084e-06
0.6305 -6.02953e-06
0.6315 -6.04798e-06
0.6325 -6.06619e-06
0.6335 -6.08417e-06
0.6345 -6.1019e-06
0.6355 -6.1194e-06
0.6365 -6.13665e-06
0.6375 -6.15366e-06
0.6385 -6.17043e-06
0.6395 -6.18695e-06
0.6405 -6.20323e-06
0.6415 -6.21926e-06
0.6425 -6.23505e-06
0.6435 -6.25059e-06
0.6445 -6.26589e-06
0.6455 -6.28094e-06
0.6465 -6.29574e-06
0.6475 -6.31029e-06
0.6485 -6.32459e-06
0.6495 -6.33864e-06
0.6505 -6.35245e-06
0.6515 -6.366e-06
0.6525 -6.3793e-06
0.6535 -6.39235e-06
0.6545 -6.40514e-06
0.6555 -6.41769e-06
0.6565 -6.42998e-06
0.6575 -6.44201e-06
0.6585 -6.45379e-06
0.6595 -6.46532e-06
0.6605 -6.47659e-06
0.6615 -6.48761e-06
0.6625 -6.49837e-06
0.6635 -6.50887e-06
0.6645 -6.51912e-06
0.6655 -6.52911e-06
0.6665 -6.53884e-06
0.6675 -6.54831e-06
0.6685 -6.55753e-06
0.6695 -6.56648e-06
0.6705 -6.57518e-06
0.6715 -6.58362e-06
0.6725 -6.5918e-06
0.6735 -6.59971e-06
0.6745 -6.60737e-06
0.6755 -6.61476e-06
0.6765 -6.6219e-06
0.6775 -6.62877e-06
0.6785 -6.63538e-06
0.6795 -6.64173e-06
0.6805 -6.64782e-06
0.6815 -6.65364e-06
0.6825 -6.65921e-06
0.6835 -6.66451e-06
0.6845 -6.66954e-06
0.6855 -6.67431e-06
0.6865 -6.67882e-06
0.6875 -6.68307e-06
0.6885 -6.68705e-06
0.6895 -6.69077e-06
0.6905 -6.69422e-06
0.6915 -6.69741e-06
0.6925 -6.70034e-06
0.6935 -6.703e-06
0.6945 -6.70539e-06
0.6955 -6.70752e-06
0.6965 -6.70939e-06
0.6975 -6.71099e-06
0.6985 -6.71233e-06
0.6995 -6.7134e-06
0.7005 -6.71421e-06
0.7015 -6.71475e-06
0.7025 -6.71502e-06
0.7035 -6.71503e-06
0.7045 -6.71478e-06
0.7055 -6.71426e-06
0.7065 -6.71348e-06
0.7075 -6.71243e-06
0.7085 -6.71111e-06
0.7095 -6.70954e-06
0.7105 -6.70769e-06
0.7115 -6.70558e-06
0.7125 -6.70321e-06
0.7135 -6.70057e-06
0.7145 -6.69767e-06
0.7155 -6.6945e-06
0.7165 -6.69107e-06
0.7175 -6.68737e-06
0.7185 -6.68342e-06
0.7195 -6.67919e-06
0.7205 -6.6747e-06
0.7215 -6.66995e-06
0.7225 -6.66494e-06
0.7235 -6.65966e-06
0.7245 -6.65412e-06
0.7255 -6.64832e-06
0.7265 -6.64226e-06
0.7275 -6.63593e-06
0.7285 -6.62934e-06
0.7295 -6.62249e-06
0.7305 -6.61538e-06
0.7315 -6.608e-06
0.7325 -6.60037e-06
0.7335 -6.59247e-06
0.7345 -6.58432e-06
0.7355 -6.5759e-06
0.7365 -6.56723e-06
0.7375 -6.55829e-06
0.7385 -6.5491e-06
0.7395 -6.53965e-06
0.7405 -6.52994e-06
0.7415 -6.51997e-06
0.7425 -6.50975e-06
0.7435 -6.49927e-06
0.7445 -6.48853e-06
0.7455 -6.47753e-06
0.7465 -6.46628e-06
0.7475 -6.45478e-06
0.7485 -6.44302e-06
0.7495 -6.431e-06
0.7505 -6.41873e-06
0.7515 -6.40621e-06
0.7525 -6.39344e-06
0.7535 -6.38041e-06
0.7545 -6.36713e-06
0.7555 -6.3536e-06
0.7565 -6.33982e-06
0.7575 -6.32579e-06
0.7585 -6.3115e-06
0.7595 -6.29697e-06
0.7605 -6.28219e-06
0.7615 -6.26717e-06
0.7625 -6.25189e-06
0.7635 -6.23637e-06
0.7645 -6.2206e-06
0.7655 -6.20459e-06
0.7665 -6.18833e-06
0.7675 -6.17183e-06
0.7685 -6.15508e-06
0.7695 -6.13809e-06
0.7705 -6.12086e-06
0.7715 -6.10339e-06
0.7725 -6.08567e-06
0.7735 -6.06772e-06
0.7745 -6.04953e-06
0.7755 -6.03109e-06
0.7765 -6.01242e-06
0.7775 -5.99352e-06
0.7785 -5.97437e-06
0.7795 -5.95499e-06
0.7805 -5.93537e-06
0.7815 -5.91552e-06
0.7825 -5.89544e-06
0.7835 -5.87512e-06
0.7845 -5.85458e-06
0.7855 -5.8338e-06
0.7865 -5.81279e-06
0.7875 -5.79155e-06
0.7885 -5.77008e-06
0.7895 -5.74838e-06
0.7905 -5.72646e-06
0.7915 -5.70431e-06
0.7925 -5.68194e-06
0.7935 -5.65934e-06
0.7945 -5.63652e-06
0.7955 -5.61348e-06
0.7965 -5.59021e-06
0.7975 -5.56672e-06
0.7985 -5.54302e-06
0.7995 -5.51909e-06
0.8005 -5.49495e-06
0.8015 -5.47059e-06
0.8025 -5.44601e-06
0.8035 -5.42122e-06
0.8045 -5.39622e-06
0.8055 -5.371e-06
0.8065 -5.34557e-06
0.8075 -5.31993e-06
0.8085 -5.29408e-06
0.8095 -5.26802e-06
0.8105 -5.24175e-06
0.8115 -5.21528e-06
0.8125 -5.1886e-06
0.8135 -5.16171e-06
0.8145 -5.13462e-06
0.8155 -5.10733e-06
0.8165 -5.07984e-06
0.8175 -5.05214e-06
0.8185 -5.02425e-06
0.8195 -4.99616e-06
0.8205 -4.96787e-06
0.8215 -4.93938e-06
0.8225 -4.9107e-06
0.8235 -4.88183e-06
0.8245 -4.85276e-06
0.8255 -4.8235e-06
0.8265 -4.79405e-06
0.8275 -4.76441e-06
0.8285 -4.73459e-06
0.8295 -4.70458e-06
0.8305 -4.67438e-06
0.8315 -4.64399e-06
0.8325 -4.61343e-06
0.8335 -4.58268e-06
0.8345 -4.55175e-06
0.8355 -4.52064e-06
0.8365 -4.48935e-06
0.8375 -4.45788e-06
0.8385 -4.42624e-06
0.8395 -4.39443e-06
0.8405 -4.36244e-06
0.8415 -4.33028e-06
0.8425 -4.29794e-06
0.8435 -4.26544e-06
0.8445 -4.23277e-06
0.8455 -4.19993e-06
0.8465 -4.16693e-06
0.8475 -4.13376e-06
0.8485 -4.10043e-06
0.8495 -4.06694e-06
0.8505 -4.03328e-06
0.8515 -3.99947e-06
0.8525 -3.9655e-06
0.8535 -3.93137e-06
0.8545 -3.89709e-06
0.8555 -3.86265e-06
0.8565 -3.82806e-06
0.8575 -3.79332e-06
0.8585 -3.75843e-06
0.8595 -3.7234e-06
0.8605 -3.68821e-06
0.8615 -3.65288e-06
0.8625 -3.6174e-06
0.8635 -3.58179e-06
0.8645 -3.54603e-06
0.8655 -3.51013e-06
0.8665 -3.47409e-06
0.8675 -3.43792e-06
0.8685 -3.4016e-06
0.8695 -3.36516e-06
0.8705 -3.32858e-06
0.8715 -3.29187e-06
0.8725 -3.25503e-06
0.8735 -3.21807e-06
0.8745 -3.18097e-06
0.8755 -3.14375e-06
0.8765 -3.10641e-06
0.8775 -3.06894e-06
0.8785 -3.03135e-06
0.8795 -2.99364e-06
0.8805 -2.95582e-06
0.8815 -2.91787e-06
0.8825 -2.87982e-06
0.8835 -2.84165e-06
0.8845 -2.80336e-06
0.8855 -2.76497e-06
0.8865 -2.72646e-06
0.8875 -2.68785e-06
0.8885 -2.64913e-06
0.8895 -2.61031e-06
0.8905 -2.57139e-06
0.8915 -2.53236e-06
0.8925 -2.49323e-06
0.8935 -2.45401e-06
0.8945 -2.41469e-06
0.8955 -2.37527e-06
0.8965 -2.33576e-06
0.8975 -2.29616e-06
0.8985 -2.25646e-06
0.8995 -2.21668e-06
0.9005 -2.17681e-06
0.9015 -2.13685e-06
0.9025 -2.09681e-06
0.9035 -2.05669e-06
0.9045 -2.01648e-06
0.9055 -1.9762e-06
0.9065 -1.93584e-06
0.9075 -1.8954e-06
0.9085 -1.85489e-06
0.9095 -1.8143e-06
0.9105 -1.77364e-06
0.9115 -1.73291e-06
0.9125 -1.69212e-06
0.9135 -1.65125e-06
0.9145 -1.61032e-06
0.9155 -1.56933e-06
0.9165 -1.52828e-06
0.9175 -1.48716e-06
0.9185 -1.44599e-06
0.9195 -1.40476e-06
0.9205 -1.36347e-06
0.9215 -1.32213e-06
0.9225 -1.28074e-06
0.9235 -1.2393e-06
0.9245 -1.19781e-06
0.9255 -1.15627e-06
0.9265 -1.11468e-06
0.9275 -1.07306e-06
0.9285 -1.03139e-06
0.9295 -9.89674e-07
0.9305 -9.47923e-07
0.9315 -9.06135e-07
0.9325 -8.64312e-07
0.9335 -8.22454e-07
0.9345 -7.80563e-07
0.9355 -7.38642e-07
0.9365 -6.96692e-07
0.9375 -6.54714e-07
0.9385 -6.12711e-07
0.9395 -5.70683e-07
0.9405 -5.28633e-07
0.9415 -4.86561e-07
0.9425 -4.44471e-07
0.9435 -4.02363e-07
0.9445 -3.60239e-07
0.9455 -3.18101e-07
0.9465 -2.75951e-07
0.9475 -2.33789e-07
0.9485 -1.91618e-07
0.9495 -1.4944e-07
0.9505 -1.07256e-07
0.9515 -6.50674e-08
0.9525 -2.28764e-08
0.9535 1.93156e-08
0.9545 6.15067e-08
0.9555 1.03695e-07
0.9565 1.4588e-07
0.9575 1.88059e-07
0.9585 2.3023e-07
0.9595 2.72393e-07
0.9605 3.14544e-07
0.9615 3.56683e-07
0.9625 3.98809e-07
0.9635 4.40918e-07
0.9645 4.8301e-07
0.9655 5.25083e-07
0.9665 5.67135e-07
0.9675 6.09165e-07
0.9685 6.5117e-07
0.9695 6.9315e-07
0.9705 7.35103e-07
0.9715 7.77027e-07
0.9725 8.1892e-07
0.9735 8.6078e-07
0.9745 9.02607e-07
0.9755 9.44398e-07
0.9765 9.86152e-07
0.9775 1.02787e-06
0.9785 1.06954e-06
0.9795 1.11117e-06
0.9805 1.15276e-06
0.9815 1.1943e-06
0.9825 1.2358e-06
0.9835 1.27725e-06
0.9845 1.31864e-06
0.9855 1.35999e-06
0.9865 1.40128e-06
0.9875 1.44251e-06
0.9885 1.48369e-06
0.9895 1.52481e-06
0.9905 1.56587e-06
0.9915 1.60687e-06
0.9925 1.6478e-06
0.9935 1.68867e-06
0.9945 1.72947e-06
0.9955 1.77021e-06
0.9965 1.81087e-06
0.9975 1.85146e-06
0.9985 1.89198e-06
0.9995 1.93243e-06

# time= 0.9992
0.0005 0.00315399
0.0015 0.00943704
0.0025 0.0157197
0.0035 0.0220018
0.0045 0.028283
0.0055 0.034563
0.0065 0.0408417
0.0075 0.0471188
0.0085 0.0533941
0.0095 0.0596672
0.0105 0.065938
0.0115 0.0722061
0.0125 0.0784715
0.0135 0.0847337
0.0145 0.0909926
0.0155 0.0972478
0.0165 0.103499
0.0175 0.109747
0.0185 0.11599
0.0195 0.122228
0.0205 0.128462
0.0215 0.13469
0.0225 0.140914
0.0235 0.147131
0.0245 0.153343
0.0255 0.159549
0.0265 0.165748
0.0275 0.171941
0.0285 0.178127
0.0295 0.184307
0.0305 0.190478
0.0315 0.196643
0.0325 0.202799
0.0335 0.208948
0.0345 0.215088
0.0355 0.22122
0.0365 0.227343
0.0375 0.233457
0.0385 0.239562
0.0395 0.245658
0.0405 0.251744
0.0415 0.257819
0.0425 0.263885
0.0435 0.26994
0.0445 0.275985
0.0455 0.282018
0.0465 0.288041
0.0475 0.294052
0.0485 0.300052
0.0495 0.306039
0.0505 0.312015
0.0515 0.317978
0.0525 0.323929
0.0535 0.329867
0.0545 0.335792
0.0555 0.341704
0.0565 0.347602
0.0575 0.353486
0.0585 0.359357
0.0595 0.365213
0.0605 0.371055
0.0615 0.376882
0.0625 0.382695
0.0635 0.388492
0.0645 0.394274
0.0655 0.40004
0.0665 0.405791
0.0675 0.411526
0.0685 0.417244
0.0695 0.422946
0.0705 0.428631
0.0715 0.434299
0.0725 0.43995
0.0735 0.445584
0.0745 0.4512
0.0755 0.456798
0.0765 0.462379
0.0775 0.467941
0.0785 0.473484
0.0795 0.479009
0.0805 0.484515
0.0815 0.490002
0.0825 0.495469
0.0835 0.500917
0.0845 0.506345
0.0855 0.511754
0.0865 0.517142
0.0875 0.522509
0.0885 0.527856
0.0895 0.533182
0.0905 0.538487
0.0915 0.543771
0.0925 0.549033
0.0935 0.554274
0.0945 0.559493
0.0955 0.564689
0.0965 0.569864
0.0975 0.575015
0.0985 0.580145
0.0995 0.585251
0.1005 0.590334
0.1015 0.595394
0.1025 0.60043
0.1035 0.605443
0.1045 0.610431
0.1055 0.615396
0.1065 0.620336
0.1075 0.625252
0.1085 0.630143
0.1095 0.63501
0.1105 0.639851
0.1115 0.644667
0.1125 0.649457
0.1135 0.654222
0.1145 0.658961
0.1155 0.663674
0.1165 0.668361
0.1175 0.673022
0.1185 0.677656
0.1195 0.682263
0.1205 0.686843
0.1215 0.691396
0.1225 0.695922
0.1235 0.70042
0.1245 0.704891
0.1255 0.709333
0.1265 0.713748
0.1275 0.718135
0.1285 0.722493
0.1295 0.726823
0.1305 0.731124
0.1315 0.735396
0.1325 0.739639
0.1335 0.743853
0.1345 0.748038
0.1355 0.752193
0.1365 0.756318
0.1375 0.760414
0.1385 0.764479
0.1395 0.768515
0.1405 0.77252
0.1415 0.776494
0.1425 0.780438
0.1435 0.784351
0.1445 0.788233
0.1455 0.792084
0.1465 0.795904
0.1475 0.799692
0.1485 0.803449
0.1495 0.807174
0.1505 0.810867
0.1515 0.814528
0.1525 0.818157
0.1535 0.821753
0.1545 0.825318
0.1555 0.828849
0.1565 0.832348
0.1575 0.835814
0.1585 0.839247
0.1595 0.842647
0.1605 0.846014
0.1615 0.849347
0.1625 0.852647
0.1635 0.855913
0.1645 0.859145
0.1655 0.862343
0.1665 0.865508
0.1675 0.868638
0.1685 0.871733
0.1695 0.874795
0.1705 0.877822
0.1715 0.880814
0.1725 0.883771
0.1735 0.886694
0.1745 0.889582
0.1755 0.892434
0.1765 0.895251
0.1775 0.898033
0.1785 0.900779
0.1795 0.90349
0.1805 0.906165
0.1815 0.908805
0.1825 0.911408
0.1835 0.913976
0.1845 0.916507
0.1855 0.919003
0.1865 0.921462
0.1875 0.923884
0.1885 0.92627
0.1895 0.92862
0.1905 0.930933
0.1915 0.933209
0.1925 0.935448
0.1935 0.937651
0.1945 0.939816
0.1955 0.941944
0.1965 0.944036
0.1975 0.946089
0.1985 0.948106
0.1995 0.950085
0.2005 0.952026
0.2015 0.95393
0.2025 0.955797
0.2035 0.957625
0.2045 0.959416
0.2055 0.961169
0.2065 0.962884
0.2075 0.964561
0.2085 0.966199
0.2095 0.9678
0.2105 0.969363
0.2115 0.970887
0.2125 0.972373
0.2135 0.97382
0.2145 0.975229
0.2155 0.9766
0.2165 0.977932
0.2175 0.979225
0.2185 0.98048
0.2195 0.981696
0.2205 0.982873
0.2215 0.984012
0.2225 0.985111
0.2235 0.986172
0.2245 0.987194
0.2255 0.988177
0.2265 0.989121
0.2275 0.990025
0.2285 0.990891
0.2295 0.991718
0.2305 0.992505
0.2315 0.993253
0.2325 0.993962
0.2335 0.994632
0.2345 0.995263
0.2355 0.995854
0.2365 0.996406
0.2375 0.996918
0.2385 0.997391
0.2395 0.997825
0.2405 0.99822
0.2415 0.998575
0.2425 0.99889
0.2435 0.999167
0.2445 0.999403
0.2455 0.999601
0.2465 0.999758
0.2475 0.999877
0.2485 0.999956
0.2495 0.999995
0.2505 0.999995
0.2515 0.999955
0.2525 0.999876
0.2535 0.999758
0.2545 0.9996
0.2555 0.999402
0.2565 0.999166
0.2575 0.998889
0.2585 0.998573
0.2595 0.998218
0.2605 0.997824
0.2615 0.99739
0.2625 0.996916
0.2635 0.996404
0.2645 0.995852
0.2655 0.99526
0.2665 0.994629
0.2675 0.99396
0.2685 0.99325
0.2695 0.992502
0.2705 0.991714
0.2715 0.990888
0.2725 0.990022
0.2735 0.989117
0.2745 0.988173
0.2755 0.98719
0.2765 0.986168
0.2775 0.985107
0.2785 0.984007
0.2795 0.982869
0.2805 0.981691
0.2815 0.980475
0.2825 0.97922
0.2835 0.977927
0.2845 0.976595
0.2855 0.975224
0.2865 0.973815
0.2875 0.972367
0.2885 0.970881
0.2895 0.969357
0.2905 0.967794
0.2915 0.966193
0.2925 0.964554
0.2935 0.962877
0.2945 0.961162
0.2955 0.959409
0.2965 0.957618
0.2975 0.955789
0.2985 0.953923
0.2995 0.952019
0.3005 0.950077
0.3015 0.948098
0.3025 0.946081
0.3035 0.944027
0.3045 0.941936
0.3055 0.939808
0.3065 0.937642
0.3075 0.93544
0.3085 0.9332
0.3095 0.930924
0.3105 0.928611
0.3115 0.926261
0.3125 0.923875
0.3135 0.921452
0.3145 0.918993
0.3155 0.916497
0.3165 0.913966
0.3175 0.911398
0.3185 0.908794
0.3195 0.906155
0.3205 0.90348
0.3215 0.900769
0.3225 0.898022
0.3235 0.89524
0.3245 0.892423
0.3255 0.88957
0.3265 0.886682
0.3275 0.88376
0.3285 0.880802
0.3295 0.87781
0.3305 0.874783
0.3315 0.871721
0.3325 0.868625
0.3335 0.865495
0.3345 0.862331
0.3355 0.859132
0.3365 0.8559
0.3375 0.852634
0.3385 0.849334
0.3395 0.846
0.3405 0.842634
0.3415 0.839234
0.3425 0.835801
0.3435 0.832334
0.3445 0.828835
0.3455 0.825304
0.3465 0.821739
0.3475 0.818143
0.3485 0.814514
0.3495 0.810852
0.3505 0.807159
0.3515 0.803434
0.3525 0.799677
0.3535 0.795889
0.3545 0.792069
0.3555 0.788218
0.3565 0.784336
0.3575 0.780423
0.3585 0.776479
0.3595 0.772504
0.3605 0.768499
0.3615 0.764464
0.3625 0.760398
0.3635 0.756302
0.3645 0.752177
0.3655 0.748022
0.3665 0.743837
0.3675 0.739623
0.3685 0.735379
0.3695 0.731107
0.3705 0.726806
0.3715 0.722476
0.3725 0.718118
0.3735 0.713731
0.3745 0.709316
0.3755 0.704873
0.3765 0.700402
0.3775 0.695904
0.3785 0.691378
0.3795 0.686825
0.3805 0.682245
0.3815 0.677637
0.3825 0.673003
0.3835 0.668343
0.3845 0.663656
0.3855 0.658943
0.3865 0.654204
0.3875 0.649439
0.3885 0.644648
0.3895 0.639832
0.3905 0.634991
0.3915 0.630124
0.3925 0.625233
0.3935 0.620317
0.3945 0.615377
0.3955 0.610412
0.3965 0.605423
0.3975 0.60041
0.3985 0.595374
0.3995 0.590314
0.4005 0.585231
0.4015 0.580124
0.4025 0.574995
0.4035 0.569843
0.4045 0.564669
0.4055 0.559472
0.4065 0.554253
0.4075 0.549012
0.4085 0.54375
0.4095 0.538466
0.4105 0.533161
0.4115 0.527835
0.4125 0.522488
0.4135 0.51712
0.4145 0.511732
0.4155 0.506324
0.4165 0.500896
0.4175 0.495448
0.4185 0.48998
0.4195 0.484493
0.4205 0.478987
0.4215 0.473462
0.4225 0.467919
0.4235 0.462357
0.4245 0.456776
0.4255 0.451178
0.4265 0.445562
0.4275 0.439928
0.4285 0.434277
0.4295 0.428609
0.4305 0.422923
0.4315 0.417221
0.4325 0.411503
0.4335 0.405768
0.4345 0.400018
0.4355 0.394251
0.4365 0.388469
0.4375 0.382672
0.4385 0.37686
0.4395 0.371032
0.4405 0.36519
0.4415 0.359334
0.4425 0.353463
0.4435 0.347579
0.4445 0.34168
0.4455 0.335769
0.4465 0.329844
0.4475 0.323906
0.4485 0.317955
0.4495 0.311992
0.4505 0.306016
0.4515 0.300028
0.4525 0.294028
0.4535 0.288017
0.4545 0.281995
0.4555 0.275961
0.4565 0.269916
0.4575 0.263861
0.4585 0.257795
0.4595 0.25172
0.4605 0.245634
0.4615 0.239538
0.4625 0.233433
0.4635 0.227319
0.4645 0.221196
0.4655 0.215064
0.4665 0.208924
0.4675 0.202775
0.4685 0.196619
0.4695 0.190454
0.4705 0.184282
0.4715 0.178103
0.4725 0.171917
0.4735 0.165724
0.4745 0.159524
0.4755 0.153319
0.4765 0.147107
0.4775 0.140889
0.4785 0.134666
0.4795 0.128437
0.4805 0.122203
0.4815 0.115965
0.4825 0.109722
0.4835 0.103475
0.4845 0.0972231
0.4855 0.0909678
0.4865 0.084709
0.4875 0.0784467
0.4885 0.0721814
0.4895 0.0659132
0.4905 0.0596424
0.4915 0.0533693
0.4925 0.0470941
0.4935 0.040817
0.4945 0.0345382
0.4955 0.0282582
0.4965 0.021977
0.4975 0.0156949
0.4985 0.00941224
0.4995 0.00312919
0.5005 -0.00315399
0.5015 -0.00943704
0.5025 -0.0157197
0.5035 -0.0220018
0.5045 -0.028283
0.5055 -0.034563
0.5065 -0.0408417
0.5075 -0.0471188
0.5085 -0.0533941
0.5095 -0.0596672
0.5105 -0.065938
0.5115 -0.0722061
0.5125 -0.0784715
0.5135 -0.0847337
0.5145 -0.0909926
0.5155 -0.0972478
0.5165 -0.103499
0.5175 -0.109747
0.5185 -0.11599
0.5195 -0.122228
0.5205 -0.128462
0.5215 -0.13469
0.5225 -0.140914
0.5235 -0.147131
0.5245 -0.153343
0.5255 -0.159549
0.5265 -0.165748
0.5275 -0.171941
0.5285 -0.178127
0.5295 -0.184307
0.5305 -0.190478
0.5315 -0.196643
0.5325 -0.202799
0.5335 -0.208948
0.5345 -0.215088
0.5355 -0.22122
0.5365 -0.227343
0.5375 -0.233457
0.5385 -0.239562
0.5395 -0.245658
0.5405 -0.251744
0.5415 -0.257819
0.5425 -0.263885
0.5435 -0.26994
0.5445 -0.275985
0.5455 -0.282018
0.5465 -0.288041
0.5475 -0.294052
0.5485 -0.300052
0.5495 -0.306039
0.5505 -0.312015
0.5515 -0.317978
0.5525 -0.323929
0.5535 -0.329867
0.5545 -0.335792
0.5555 -0.341704
0.5565 -0.347602
0.5575 -0.353486
0.5585 -0.359357
0.5595 -0.365213
0.5605 -0.371055
0.5615 -0.376882
0.5625 -0.382695
0.5635 -0.388492
0.5645 -0.394274
0.5655 -0.40004
0.5665 -0.405791
0.5675 -0.411526
0.5685 -0.417244
0.5695 -0.422946
0.5705 -0.428631
0.5715 -0.434299
0.5725 -0.43995
0.5735 -0.445584
0.5745 -0.4512
0.5755 -0.456798
0.5765 -0.462379
0.5775 -0.467941
0.5785 -0.473484
0.5795 -0.479009
0.5805 -0.484515
0.5815 -0.490002
0.5825 -0.495469
0.5835 -0.500917
0.5845 -0.506345
0.5855 -0.511754
0.5865 -0.517142
0.5875 -0.522509
0.5885 -0.527856
0.5895 -0.533182
0.5905 -0.538487
0.5915 -0.543771
0.5925 -0.549033
0.5935 -0.554274
0.5945 -0.559493
0.5955 -0.564689
0.5965 -0.569864
0.5975 -0.575015
0.5985 -0.580145
0.5995 -0.585251
0.6005 -0.590334
0.6015 -0.595394
0.6025 -0.60043
0.6035 -0.605443
0.6045 -0.610431
0.6055 -0.615396
0.6065 -0.620336
0.6075 -0.625252
0.6085 -0.630143
0.6095 -0.63501
0.6105 -0.639851
0.6115 -0.644667
0.6125 -0.649457
0.6135 -0.654222
0.6145 -0.658961
0.6155 -0.663674
0.6165 -0.668361
0.6175 -0.673022
0.6185 -0.677656
0.6195 -0.682263
0.6205 -0.686843
0.6215 -0.691396
0.6225 -0.695922
0.6235 -0.70042
0.6245 -0.704891
0.6255 -0.709333
0.6265 -0.713748
0.6275 -0.718135
0.6285 -0.722493
0.6295 -0.726823
0.6305 -0.731124
0.6315 -0.735396
0.6325 -0.739639
0.6335 -0.743853
0.6345 -0.748038
0.6355 -0.752193
0.6365 -0.756318
0.6375 -0.760414
0.6385 -0.764479
0.6395 -0.768515
0.6405 -0.77252
0.6415 -0.776494
0.6425 -0.780438
0.6435 -0.784351
0.6445 -0.788233
0.6455 -0.792084
0.6465 -0.795904
0.6475 -0.799692
0.6485 -0.803449
0.6495 -0.807174
0.6505 -0.810867
0.6515 -0.814528
0.6525 -0.818157
0.6535 -0.821753
0.6545 -0.825318
0.6555 -0.828849
0.6565 -0.832348
0.6575 -0.835814
0.6585 -0.839247
0.6595 -0.842647
0.6605 -0.846014
0.6615 -0.849347
0.6625 -0.852647
0.6635 -0.855913
0.6645 -0.859145
0.6655 -0.862343
0.6665 -0.865508
0.6675 -0.868638
0.6685 -0.871733
0.6695 -0.874795
0.6705 -0.877822
0.6715 -0.880814
0.6725 -0.883771
0.6735 -0.886694
0.6745 -0.889582
0.6755 -0.892434
0.6765 -0.895251
0.6775 -0.898033
0.6785 -0.900779
0.6795 -0.90349
0.6805 -0.906165
0.6815 -0.908805
0.6825 -0.911408
0.6835 -0.913976
0.6845 -0.916507
0.6855 -0.919003
0.6865 -0.921462
0.6875 -0.923884
0.6885 -0.92627
0.6895 -0.92862
0.6905 -0.930933
0.6915 -0.933209
0.6925 -0.935448
0.6935 -0.937651
0.6945 -0.939816
0.6955 -0.941944
0.6965 -0.944036
0.6975 -0.946089
0.6985 -0.948106
0.6995 -0.950085
0.7005 -0.952026
0.7015 -0.95393
0.7025 -0.955797
0.7035 -0.957625
0.7045 -0.959416
0.7055 -0.961169
0.7065 -0.962884
0.7075 -0.964561
0.7085 -0.966199
0.7095 -0.9678
0.7105 -0.969363
0.7115 -0.970887
0.7125 -0.972373
0.7135 -0.97382
0.7145 -0.975229
0.7155 -0.9766
0.7165 -0.977932
0.7175 -0.979225
0.7185 -0.98048
0.7195 -0.981696
0.7205 -0.982873
0.7215 -0.984012
0.7225 -0.985111
0.7235 -0.986172
0.7245 -0.987194
0.7255 -0.988177
0.7265 -0.989121
0.7275 -0.990025
0.7285 -0.990891
0.7295 -0.991718
0.7305 -0.992505
0.7315 -0.993253
0.7325 -0.993962
0.7335 -0.994632
0.7345 -0.995263
0.7355 -0.995854
0.7365 -0.996406
0.7375 -0.996918
0.7385 -0.997391
0.7395 -0.997825
0.7405 -0.99822
0.7415 -0.998575
0.7425 -0.99889
0.7435 -0.999167
0.7445 -0.999403
0.7455 -0.999601
0.7465 -0.999758
0.7475 -0.999877
0.7485 -0.999956
0.7495 -0.999995
0.7505 -0.999995
0.7515 -0.999955
0.7525 -0.999876
0.7535 -0.999758
0.7545 -0.9996
0.7555 -0.999402
0.7565 -0.999166
0.7575 -0.998889
0.7585 -0.998573
0.7595 -0.998218
0.7605 -0.997824
0.7615 -0.99739
0.7625 -0.996916
0.7635 -0.996404
0.7645 -0.995852
0.7655 -0.99526
0.7665 -0.994629
0.7675 -0.99396
0.7685 -0.99325
0.7695 -0.992502
0.7705 -0.991714
0.7715 -0.990888
0.7725 -0.990022
0.7735 -0.989117
0.7745 -0.988173
0.7755 -0.98719
0.7765 -0.986168
0.7775 -0.985107
0.7785 -0.984007
0.7795 -0.982869
0.7805 -0.981691
0.7815 -0.980475
0.7825 -0.97922
0.7835 -0.977927
0.7845 -0.976595
0.7855 -0.975224
0.7865 -0.973815
0.7875 -0.972367
0.7885 -0.970881
0.7895 -0.969357
0.7905 -0.967794
0.7915 -0.966193
0.7925 -0.964554
0.7935 -0.962877
0.7945 -0.961162
0.7955 -0.959409
0.7965 -0.957618
0.7975 -0.955789
0.7985 -0.953923
0.7995 -0.952019
0.8005 -0.950077
0.8015 -0.948098
0.8025 -0.946081
0.8035 -0.944027
0.8045 -0.941936
0.8055 -0.939808
0.8065 -0.937642
0.8075 -0.93544
0.8085 -0.9332
0.8095 -0.930924
0.8105 -0.928611
0.8115 -0.926261
0.8125 -0.923875
0.8135 -0.921452
0.8145 -0.918993
0.8155 -0.916497
0.8165 -0.913966
0.8175 -0.911398
0.8185 -0.908794
0.8195 -0.906155
0.8205 -0.90348
0.8215 -0.900769
0.8225 -0.898022
0.8235 -0.89524
0.8245 -0.892423
0.8255 -0.88957
0.8265 -0.886682
0.8275 -0.88376
0.8285 -0.880802
0.8295 -0.87781
0.8305 -0.874783
0.8315 -0.871721
0.8325 -0.868625
0.8335 -0.865495
0.8345 -0.862331
0.8355 -0.859132
0.8365 -0.8559
0.8375 -0.852634
0.8385 -0.849334
0.8395 -0.846
0.8405 -0.842634
0.8415 -0.839234
0.8425 -0.835801
0.8435 -0.832334
0.8445 -0.828835
0.8455 -0.825304
0.8465 -0.821739
0.8475 -0.818143
0.8485 -0.814514
0.8495 -0.810852
0.8505 -0.807159
0.8515 -0.803434
0.8525 -0.799677
0.8535 -0.795889
0.8545 -0.792069
0.8555 -0.788218
0.8565 -0.784336
0.8575 -0.780423
0.8585 -0.776479
0.8595 -0.772504
0.8605 -0.768499
0.8615 -0.764464
0.8625 -0.760398
0.8635 -0.756302
0.8645 -0.752177
0.8655 -0.748022
0.8665 -0.743837
0.8675 -0.739623
0.8685 -0.735379
0.8695 -0.731107
0.8705 -0.726806
0.8715 -0.722476
0.8725 -0.718118
0.8735 -0.713731
0.8745 -0.709316
0.8755 -0.704873
0.8765 -0.700402
0.8775 -0.695904
0.8785 -0.691378
0.8795 -0.686825
0.8805 -0.682245
0.8815 -0.677637
0.8825 -0.673003
0.8835 -0.668343
0.8845 -0.663656
0.8855 -0.658943
0.8865 -0.654204
0.8875 -0.649439
0.8885 -0.644648
0.8895 -0.639832
0.8905 -0.634991
0.8915 -0.630124
0.8925 -0.625233
0.8935 -0.620317
0.8945 -0.615377
0.8955 -0.610412
0.8965 -0.605423
0.8975 -0.60041
0.8985 -0.595374
0.8995 -0.590314
0.9005 -0.585231
0.9015 -0.580124
0.9025 -0.574995
0.9035 -0.569843
0.9045 -0.564669
0.9055 -0.559472
0.9065 -0.554253
0.9075 -0.549012
0.9085 -0.54375
0.9095 -0.538466
0.9105 -0.533161
0.9115 -0.527835
0.9125 -0.522488
0.9135 -0.51712
0.9145 -0.511732
0.9155 -0.506324
0.9165 -0.500896
0.9175 -0.495448
0.9185 -0.48998
0.9195 -0.484493
0.9205 -0.478987
0.9215 -0.473462
0.9225 -0.467919
0.9235 -0.462357
0.9245 -0.456776
0.9255 -0.451178
0.9265 -0.445562
0.9275 -0.439928
0.9285 -0.434277
0.9295 -0.428609
0.9305 -0.422923
0.9315 -0.417221
0.9325 -0.411503
0.9335 -0.405768
0.9345 -0.400018
0.9355 -0.394251
0.9365 -0.388469
0.9375 -0.382672
0.9385 -0.37686
0.9395 -0.371032
0.9405 -0.36519
0.9415 -0.359334
0.9425 -0.353463
0.9435 -0.347579
0.9445 -0.34168
0.9455 -0.335769
0.9465 -0.329844
0.9475 -0.323906
0.9485 -0.317955
0.9495 -0.311992
0.9505 -0.306016
0.9515 -0.300028
0.9525 -0.294028
0.9535 -0.288017
0.9545 -0.281995
0.9555 -0.275961
0.9565 -0.269916
0.9575 -0.263861
0.9585 -0.257795
0.9595 -0.25172
0.9605 -0.245634
0.9615 -0.239538
0.9625 -0.233433
0.9635 -0.227319
0.9645 -0.221196
0.9655 -0.215064
0.9665 -0.208924
0.9675 -0.202775
0.9685 -0.196619
0.9695 -0.190454
0.9705 -0.184282
0.9715 -0.178103
0.9725 -0.171917
0.9735 -0.165724
0.9745 -0.159524
0.9755 -0.153319
0.9765 -0.147107
0.9775 -0.140889
0.9785 -0.134666
0.9795 -0.128437
0.9805 -0.122203
0.9815 -0.115965
0.9825 -0.109722
0.9835 -0.103475
0.9845 -0.0972231
0.9855 -0.0909678
0.9865 -0.084709
0.9875 -0.0784467
0.9885 -0.0721814
0.9895 -0.0659132
0.9905 -0.0596424
0.9915 -0.0533693
0.9925 -0.0470941
0.9935 -0.040817
0.9945 -0.0345382
0.9955 -0.0282582
0.9965 -0.021977
0.9975 -0.0156949
0.9985 -0.00941224
0.9995 -0.00312919
