
# time= 0
0.0005 0.00314159
0.0015 0.00942464
0.0025 0.0157073
0.0035 0.0219894
0.0045 0.0282706
0.0055 0.0345506
0.0065 0.0408294
0.0075 0.0471065
0.0085 0.0533817
0.0095 0.0596548
0.0105 0.0659256
0.0115 0.0721938
0.0125 0.0784591
0.0135 0.0847213
0.0145 0.0909802
0.0155 0.0972355
0.0165 0.103487
0.0175 0.109734
0.0185 0.115977
0.0195 0.122216
0.0205 0.128449
0.0215 0.134678
0.0225 0.140901
0.0235 0.147119
0.0245 0.153331
0.0255 0.159537
0.0265 0.165736
0.0275 0.171929
0.0285 0.178115
0.0295 0.184294
0.0305 0.190466
0.0315 0.196631
0.0325 0.202787
0.0335 0.208936
0.0345 0.215076
0.0355 0.221208
0.0365 0.227331
0.0375 0.233445
0.0385 0.23955
0.0395 0.245646
0.0405 0.251732
0.0415 0.257807
0.0425 0.263873
0.0435 0.269928
0.0445 0.275973
0.0455 0.282007
0.0465 0.288029
0.0475 0.29404
0.0485 0.30004
0.0495 0.306028
0.0505 0.312003
0.0515 0.317967
0.0525 0.323917
0.0535 0.329855
0.0545 0.33578
0.0555 0.341692
0.0565 0.34759
0.0575 0.353475
0.0585 0.359345
0.0595 0.365202
0.0605 0.371044
0.0615 0.376871
0.0625 0.382683
0.0635 0.388481
0.0645 0.394263
0.0655 0.400029
0.0665 0.40578
0.0675 0.411514
0.0685 0.417233
0.0695 0.422935
0.0705 0.42862
0.0715 0.434288
0.0725 0.439939
0.0735 0.445573
0.0745 0.451189
0.0755 0.456787
0.0765 0.462368
0.0775 0.46793
0.0785 0.473473
0.0795 0.478998
0.0805 0.484504
0.0815 0.489991
0.0825 0.495459
0.0835 0.500907
0.0845 0.506335
0.0855 0.511743
0.0865 0.517131
0.0875 0.522499
0.0885 0.527846
0.0895 0.533172
0.0905 0.538477
0.0915 0.54376
0.0925 0.549023
0.0935 0.554263
0.0945 0.559482
0.0955 0.564679
0.0965 0.569853
0.0975 0.575005
0.0985 0.580134
0.0995 0.585241
0.1005 0.590324
0.1015 0.595384
0.1025 0.60042
0.1035 0.605433
0.1045 0.610422
0.1055 0.615386
0.1065 0.620327
0.1075 0.625243
0.1085 0.630134
0.1095 0.635
0.1105 0.639841
0.1115 0.644657
0.1125 0.649448
0.1135 0.654213
0.1145 0.658952
0.1155 0.663665
0.1165 0.668352
0.1175 0.673013
0.1185 0.677646
0.1195 0.682254
0.1205 0.686834
0.1215 0.691387
0.1225 0.695913
0.1235 0.700411
0.1245 0.704882
0.1255 0.709325
0.1265 0.71374
0.1275 0.718126
0.1285 0.722485
0.1295 0.726814
0.1305 0.731116
0.1315 0.735388
0.1325 0.739631
0.1335 0.743845
0.1345 0.74803
0.1355 0.752185
0.1365 0.75631
0.1375 0.760406
0.1385 0.764472
0.1395 0.768507
0.1405 0.772512
0.1415 0.776487
0.1425 0.78043
0.1435 0.784343
0.1445 0.788226
0.1455 0.792077
0.1465 0.795896
0.1475 0.799685
0.1485 0.803441
0.1495 0.807166
0.1505 0.81086
0.1515 0.814521
0.1525 0.81815
0.1535 0.821746
0.1545 0.825311
0.1555 0.828842
0.1565 0.832341
0.1575 0.835807
0.1585 0.83924
0.1595 0.84264
0.1605 0.846007
0.1615 0.84934
0.1625 0.85264
0.1635 0.855906
0.1645 0.859139
0.1655 0.862337
0.1665 0.865501
0.1675 0.868632
0.1685 0.871727
0.1695 0.874789
0.1705 0.877816
0.1715 0.880808
0.1725 0.883766
0.1735 0.886688
0.1745 0.889576
0.1755 0.892428
0.1765 0.895246
0.1775 0.898028
0.1785 0.900774
0.1795 0.903485
0.1805 0.90616
0.1815 0.9088
0.1825 0.911403
0.1835 0.913971
0.1845 0.916502
0.1855 0.918998
0.1865 0.921457
0.1875 0.92388
0.1885 0.926266
0.1895 0.928615
0.1905 0.930928
0.1915 0.933205
0.1925 0.935444
0.1935 0.937646
0.1945 0.939812
0.1955 0.94194
0.1965 0.944031
0.1975 0.946085
0.1985 0.948102
0.1995 0.950081
0.2005 0.952023
0.2015 0.953927
0.2025 0.955793
0.2035 0.957622
0.2045 0.959412
0.2055 0.961165
0.2065 0.96288
0.2075 0.964557
0.2085 0.966196
0.2095 0.967797
0.2105 0.96936
0.2115 0.970884
0.2125 0.97237
0.2135 0.973817
0.2145 0.975227
0.2155 0.976597
0.2165 0.977929
0.2175 0.979223
0.2185 0.980478
0.2195 0.981694
0.2205 0.982871
0.2215 0.98401
0.2225 0.985109
0.2235 0.98617
0.2245 0.987192
0.2255 0.988175
0.2265 0.989119
0.2275 0.990024
0.2285 0.990889
0.2295 0.991716
0.2305 0.992504
0.2315 0.993252
0.2325 0.993961
0.2335 0.994631
0.2345 0.995261
0.2355 0.995853
0.2365 0.996405
0.2375 0.996917
0.2385 0.997391
0.2395 0.997825
0.2405 0.998219
0.2415 0.998574
0.2425 0.99889
0.2435 0.999166
0.2445 0.999403
0.2455 0.9996
0.2465 0.999758
0.2475 0.999877
0.2485 0.999956
0.2495 0.999995
0.2505 0.999995
0.2515 0.999956
0.2525 0.999877
0.2535 0.999758
0.2545 0.9996
0.2555 0.999403
0.2565 0.999166
0.2575 0.99889
0.2585 0.998574
0.2595 0.998219
0.2605 0.997825
0.2615 0.997391
0.2625 0.996917
0.2635 0.996405
0.2645 0.995853
0.2655 0.995261
0.2665 0.994631
0.2675 0.993961
0.2685 0.993252
0.2695 0.992504
0.2705 0.991716
0.2715 0.990889
0.2725 0.990024
0.2735 0.989119
0.2745 0.988175
0.2755 0.987192
0.2765 0.98617
0.2775 0.985109
0.2785 0.98401
0.2795 0.982871
0.2805 0.981694
0.2815 0.980478
0.2825 0.979223
0.2835 0.977929
0.2845 0.976597
0.2855 0.975227
0.2865 0.973817
0.2875 0.97237
0.2885 0.970884
0.2895 0.96936
0.2905 0.967797
0.2915 0.966196
0.2925 0.964557
0.2935 0.96288
0.2945 0.961165
0.2955 0.959412
0.2965 0.957622
0.2975 0.955793
0.2985 0.953927
0.2995 0.952023
0.3005 0.950081
0.3015 0.948102
0.3025 0.946085
0.3035 0.944031
0.3045 0.94194
0.3055 0.939812
0.3065 0.937646
0.3075 0.935444
0.3085 0.933205
0.3095 0.930928
0.3105 0.928615
0.3115 0.926266
0.3125 0.92388
0.3135 0.921457
0.3145 0.918998
0.3155 0.916502
0.3165 0.913971
0.3175 0.911403
0.3185 0.9088
0.3195 0.90616
0.3205 0.903485
0.3215 0.900774
0.3225 0.898028
0.3235 0.895246
0.3245 0.892428
0.3255 0.889576
0.3265 0.886688
0.3275 0.883766
0.3285 0.880808
0.3295 0.877816
0.3305 0.874789
0.3315 0.871727
0.3325 0.868632
0.3335 0.865501
0.3345 0.862337
0.3355 0.859139
0.3365 0.855906
0.3375 0.85264
0.3385 0.84934
0.3395 0.846007
0.3405 0.84264
0.3415 0.83924
0.3425 0.835807
0.3435 0.832341
0.3445 0.828842
0.3455 0.825311
0.3465 0.821746
0.3475 0.81815
0.3485 0.814521
0.3495 0.81086
0.3505 0.807166
0.3515 0.803441
0.3525 0.799685
0.3535 0.795896
0.3545 0.792077
0.3555 0.788226
0.3565 0.784343
0.3575 0.78043
0.3585 0.776487
0.3595 0.772512
0.3605 0.768507
0.3615 0.764472
0.3625 0.760406
0.3635 0.75631
0.3645 0.752185
0.3655 0.74803
0.3665 0.743845
0.3675 0.739631
0.3685 0.735388
0.3695 0.731116
0.3705 0.726814
0.3715 0.722485
0.3725 0.718126
0.3735 0.71374
0.3745 0.709325
0.3755 0.704882
0.3765 0.700411
0.3775 0.695913
0.3785 0.691387
0.3795 0.686834
0.3805 0.682254
0.3815 0.677646
0.3825 0.673013
0.3835 0.668352
0.3845 0.663665
0.3855 0.658952
0.3865 0.654213
0.3875 0.649448
0.3885 0.644657
0.3895 0.639841
0.3905 0.635
0.3915 0.630134
0.3925 0.625243
0.3935 0.620327
0.3945 0.615386
0.3955 0.610422
0.3965 0.605433
0.3975 0.60042
0.3985 0.595384
0.3995 0.590324
0.4005 0.585241
0.4015 0.580134
0.4025 0.575005
0.4035 0.569853
0.4045 0.564679
0.4055 0.559482
0.4065 0.554263
0.4075 0.549023
0.4085 0.54376
0.4095 0.538477
0.4105 0.533172
0.4115 0.527846
0.4125 0.522499
0.4135 0.517131
0.4145 0.511743
0.4155 0.506335
0.4165 0.500907
0.4175 0.495459
0.4185 0.489991
0.4195 0.484504
0.4205 0.478998
0.4215 0.473473
0.4225 0.46793
0.4235 0.462368
0.4245 0.456787
0.4255 0.451189
0.4265 0.445573
0.4275 0.439939
0.4285 0.434288
0.4295 0.42862
0.4305 0.422935
0.4315 0.417233
0.4325 0.411514
0.4335 0.40578
0.4345 0.400029
0.4355 0.394263
0.4365 0.388481
0.4375 0.382683
0.4385 0.376871
0.4395 0.371044
0.4405 0.365202
0.4415 0.359345
0.4425 0.353475
0.4435 0.34759
0.4445 0.341692
0.4455 0.33578
0.4465 0.329855
0.4475 0.323917
0.4485 0.317967
0.4495 0.312003
0.4505 0.306028
0.4515 0.30004
0.4525 0.29404
0.4535 0.288029
0.4545 0.282007
0.4555 0.275973
0.4565 0.269928
0.4575 0.263873
0.4585 0.257807
0.4595 0.251732
0.4605 0.245646
0.4615 0.23955
0.4625 0.233445
0.4635 0.227331
0.4645 0.221208
0.4655 0.215076
0.4665 0.208936
0.4675 0.202787
0.4685 0.196631
0.4695 0.190466
0.4705 0.184294
0.4715 0.178115
0.4725 0.171929
0.4735 0.165736
0.4745 0.159537
0.4755 0.153331
0.4765 0.147119
0.4775 0.140901
0.4785 0.134678
0.4795 0.128449
0.4805 0.122216
0.4815 0.115977
0.4825 0.109734
0.4835 0.103487
0.4845 0.0972355
0.4855 0.0909802
0.4865 0.0847213
0.4875 0.0784591
0.4885 0.0721938
0.4895 0.0659256
0.4905 0.0596548
0.4915 0.0533817
0.4925 0.0471065
0.4935 0.0408294
0.4945 0.0345506
0.4955 0.0282706
0.4965 0.0219894
0.4975 0.0157073
0.4985 0.00942464
0.4995 0.00314159
0.5005 -0.00314159
0.5015 -0.00942464
0.5025 -0.0157073
0.5035 -0.0219894
0.5045 -0.0282706
0.5055 -0.0345506
0.5065 -0.0408294
0.5075 -0.0471065
0.5085 -0.0533817
0.5095 -0.0596548
0.5105 -0.0659256
0.5115 -0.0721938
0.5125 -0.0784591
0.5135 -0.0847213
0.5145 -0.0909802
0.5155 -0.0972355
0.5165 -0.103487
0.5175 -0.109734
0.5185 -0.115977
0.5195 -0.122216
0.5205 -0.128449
0.5215 -0.134678
0.5225 -0.140901
0.5235 -0.147119
0.5245 -0.153331
0.5255 -0.159537
0.5265 -0.165736
0.5275 -0.171929
0.5285 -0.178115
0.5295 -0.184294
0.5305 -0.190466
0.5315 -0.196631
0.5325 -0.202787
0.5335 -0.208936
0.5345 -0.215076
0.5355 -0.221208
0.5365 -0.227331
0.5375 -0.233445
0.5385 -0.23955
0.5395 -0.245646
0.5405 -0.251732
0.5415 -0.257807
0.5425 -0.263873
0.5435 -0.269928
0.5445 -0.275973
0.5455 -0.282007
0.5465 -0.288029
0.5475 -0.29404
0.5485 -0.30004
0.5495 -0.306028
0.5505 -0.312003
0.5515 -0.317967
0.5525 -0.323917
0.5535 -0.329855
0.5545 -0.33578
0.5555 -0.341692
0.5565 -0.34759
0.5575 -0.353475
0.5585 -0.359345
0.5595 -0.365202
0.5605 -0.371044
0.5615 -0.376871
0.5625 -0.382683
0.5635 -0.388481
0.5645 -0.394263
0.5655 -0.400029
0.5665 -0.40578
0.5675 -0.411514
0.5685 -0.417233
0.5695 -0.422935
0.5705 -0.42862
0.5715 -0.434288
0.5725 -0.439939
0.5735 -0.445573
0.5745 -0.451189
0.5755 -0.456787
0.5765 -0.462368
0.5775 -0.46793
0.5785 -0.473473
0.5795 -0.478998
0.5805 -0.484504
0.5815 -0.489991
0.5825 -0.495459
0.5835 -0.500907
0.5845 -0.506335
0.5855 -0.511743
0.5865 -0.517131
0.5875 -0.522499
0.5885 -0.527846
0.5895 -0.533172
0.5905 -0.538477
0.5915 -0.54376
0.5925 -0.549023
0.5935 -0.554263
0.5945 -0.559482
0.5955 -0.564679
0.5965 -0.569853
0.5975 -0.575005
0.5985 -0.580134
0.5995 -0.585241
0.6005 -0.590324
0.6015 -0.595384
0.6025 -0.60042
0.6035 -0.605433
0.6045 -0.610422
0.6055 -0.615386
0.6065 -0.620327
0.6075 -0.625243
0.6085 -0.630134
0.6095 -0.635
0.6105 -0.639841
0.6115 -0.644657
0.6125 -0.649448
0.6135 -0.654213
0.6145 -0.658952
0.6155 -0.663665
0.6165 -0.668352
0.6175 -0.673013
0.6185 -0.677646
0.6195 -0.682254
0.6205 -0.686834
0.6215 -0.691387
0.6225 -0.695913
0.6235 -0.700411
0.6245 -0.704882
0.6255 -0.709325
0.6265 -0.71374
0.6275 -0.718126
0.6285 -0.722485
0.6295 -0.726814
0.6305 -0.731116
0.6315 -0.735388
0.6325 -0.739631
0.6335 -0.743845
0.6345 -0.74803
0.6355 -0.752185
0.6365 -0.75631
0.6375 -0.760406
0.6385 -0.764472
0.6395 -0.768507
0.6405 -0.772512
0.6415 -0.776487
0.6425 -0.78043
0.6435 -0.784343
0.6445 -0.788226
0.6455 -0.792077
0.6465 -0.795896
0.6475 -0.799685
0.6485 -0.803441
0.6495 -0.807166
0.6505 -0.81086
0.6515 -0.814521
0.6525 -0.81815
0.6535 -0.821746
0.6545 -0.825311
0.6555 -0.828842
0.6565 -0.832341
0.6575 -0.835807
0.6585 -0.83924
0.6595 -0.84264
0.6605 -0.846007
0.6615 -0.84934
0.6625 -0.85264
0.6635 -0.855906
0.6645 -0.859139
0.6655 -0.862337
0.6665 -0.865501
0.6675 -0.868632
0.6685 -0.871727
0.6695 -0.874789
0.6705 -0.877816
0.6715 -0.880808
0.6725 -0.883766
0.6735 -0.886688
0.6745 -0.889576
0.6755 -0.892428
0.6765 -0.895246
0.6775 -0.898028
0.6785 -0.900774
0.6795 -0.903485
0.6805 -0.90616
0.6815 -0.9088
0.6825 -0.911403
0.6835 -0.913971
0.6845 -0.916502
0.6855 -0.918998
0.6865 -0.921457
0.6875 -0.92388
0.6885 -0.926266
0.6895 -0.928615
0.6905 -0.930928
0.6915 -0.933205
0.6925 -0.935444
0.6935 -0.937646
0.6945 -0.939812
0.6955 -0.94194
0.6965 -0.944031
0.6975 -0.946085
0.6985 -0.948102
0.6995 -0.950081
0.7005 -0.952023
0.7015 -0.953927
0.7025 -0.955793
0.7035 -0.957622
0.7045 -0.959412
0.7055 -0.961165
0.7065 -0.96288
0.7075 -0.964557
0.7085 -0.966196
0.7095 -0.967797
0.7105 -0.96936
0.7115 -0.970884
0.7125 -0.97237
0.7135 -0.973817
0.7145 -0.975227
0.7155 -0.976597
0.7165 -0.977929
0.7175 -0.979223
0.7185 -0.980478
0.7195 -0.981694
0.7205 -0.982871
0.7215 -0.98401
0.7225 -0.985109
0.7235 -0.98617
0.7245 -0.987192
0.7255 -0.988175
0.7265 -0.989119
0.7275 -0.990024
0.7285 -0.990889
0.7295 -0.991716
0.7305 -0.992504
0.7315 -0.993252
0.7325 -0.993961
0.7335 -0.994631
0.7345 -0.995261
0.7355 -0.995853
0.7365 -0.996405
0.7375 -0.996917
0.7385 -0.997391
0.7395 -0.997825
0.7405 -0.998219
0.7415 -0.998574
0.7425 -0.99889
0.7435 -0.999166
0.7445 -0.999403
0.7455 -0.9996
0.7465 -0.999758
0.7475 -0.999877
0.7485 -0.999956
0.7495 -0.999995
0.7505 -0.999995
0.7515 -0.999956
0.7525 -0.999877
0.7535 -0.999758
0.7545 -0.9996
0.7555 -0.999403
0.7565 -0.999166
0.7575 -0.99889
0.7585 -0.998574
0.7595 -0.998219
0.7605 -0.997825
0.7615 -0.997391
0.7625 -0.996917
0.7635 -0.996405
0.7645 -0.995853
0.7655 -0.995261
0.7665 -0.994631
0.7675 -0.993961
0.7685 -0.993252
0.7695 -0.992504
0.7705 -0.991716
0.7715 -0.990889
0.7725 -0.990024
0.7735 -0.989119
0.7745 -0.988175
0.7755 -0.987192
0.7765 -0.98617
0.7775 -0.985109
0.7785 -0.98401
0.7795 -0.982871
0.7805 -0.981694
0.7815 -0.980478
0.7825 -0.979223
0.7835 -0.977929
0.7845 -0.976597
0.7855 -0.975227
0.7865 -0.973817
0.7875 -0.97237
0.7885 -0.970884
0.7895 -0.96936
0.7905 -0.967797
0.7915 -0.966196
0.7925 -0.964557
0.7935 -0.96288
0.7945 -0.961165
0.7955 -0.959412
0.7965 -0.957622
0.7975 -0.955793
0.7985 -0.953927
0.7995 -0.952023
0.8005 -0.950081
0.8015 -0.948102
0.8025 -0.946085
0.8035 -0.944031
0.8045 -0.94194
0.8055 -0.939812
0.8065 -0.937646
0.8075 -0.935444
0.8085 -0.933205
0.8095 -0.930928
0.8105 -0.928615
0.8115 -0.926266
0.8125 -0.92388
0.8135 -0.921457
0.8145 -0.918998
0.8155 -0.916502
0.8165 -0.913971
0.8175 -0.911403
0.8185 -0.9088
0.8195 -0.90616
0.8205 -0.903485
0.8215 -0.900774
0.8225 -0.898028
0.8235 -0.895246
0.8245 -0.892428
0.8255 -0.889576
0.8265 -0.886688
0.8275 -0.883766
0.8285 -0.880808
0.8295 -0.877816
0.8305 -0.874789
0.8315 -0.871727
0.8325 -0.868632
0.8335 -0.865501
0.8345 -0.862337
0.8355 -0.859139
0.8365 -0.855906
0.8375 -0.85264
0.8385 -0.84934
0.8395 -0.846007
0.8405 -0.84264
0.8415 -0.83924
0.8425 -0.835807
0.8435 -0.832341
0.8445 -0.828842
0.8455 -0.825311
0.8465 -0.821746
0.8475 -0.81815
0.8485 -0.814521
0.8495 -0.81086
0.8505 -0.807166
0.8515 -0.803441
0.8525 -0.799685
0.8535 -0.795896
0.8545 -0.792077
0.8555 -0.788226
0.8565 -0.784343
0.8575 -0.78043
0.8585 -0.776487
0.8595 -0.772512
0.8605 -0.768507
0.8615 -0.764472
0.8625 -0.760406
0.8635 -0.75631
0.8645 -0.752185
0.8655 -0.74803
0.8665 -0.743845
0.8675 -0.739631
0.8685 -0.735388
0.8695 -0.731116
0.8705 -0.726814
0.8715 -0.722485
0.8725 -0.718126
0.8735 -0.71374
0.8745 -0.709325
0.8755 -0.704882
0.8765 -0.700411
0.8775 -0.695913
0.8785 -0.691387
0.8795 -0.686834
0.8805 -0.682254
0.8815 -0.677646
0.8825 -0.673013
0.8835 -0.668352
0.8845 -0.663665
0.8855 -0.658952
0.8865 -0.654213
0.8875 -0.649448
0.8885 -0.644657
0.8895 -0.639841
0.8905 -0.635
0.8915 -0.630134
0.8925 -0.625243
0.8935 -0.620327
0.8945 -0.615386
0.8955 -0.610422
0.8965 -0.605433
0.8975 -0.60042
0.8985 -0.595384
0.8995 -0.590324
0.9005 -0.585241
0.9015 -0.580134
0.9025 -0.575005
0.9035 -0.569853
0.9045 -0.564679
0.9055 -0.559482
0.9065 -0.554263
0.9075 -0.549023
0.9085 -0.54376
0.9095 -0.538477
0.9105 -0.533172
0.9115 -0.527846
0.9125 -0.522499
0.9135 -0.517131
0.9145 -0.511743
0.9155 -0.506335
0.9165 -0.500907
0.9175 -0.495459
0.9185 -0.489991
0.9195 -0.484504
0.9205 -0.478998
0.9215 -0.473473
0.9225 -0.46793
0.9235 -0.462368
0.9245 -0.456787
0.9255 -0.451189
0.9265 -0.445573
0.9275 -0.439939
0.9285 -0.434288
0.9295 -0.42862
0.9305 -0.422935
0.9315 -0.417233
0.9325 -0.411514
0.9335 -0.40578
0.9345 -0.400029
0.9355 -0.394263
0.9365 -0.388481
0.9375 -0.382683
0.9385 -0.376871
0.9395 -0.371044
0.9405 -0.365202
0.9415 -0.359345
0.9425 -0.353475
0.9435 -0.34759
0.9445 -0.341692
0.9455 -0.33578
0.9465 -0.329855
0.9475 -0.323917
0.9485 -0.317967
0.9495 -0.312003
0.9505 -0.306028
0.9515 -0.30004
0.9525 -0.29404
0.9535 -0.288029
0.9545 -0.282007
0.9555 -0.275973
0.9565 -0.269928
0.9575 -0.263873
0.9585 -0.257807
0.9595 -0.251732
0.9605 -0.245646
0.9615 -0.23955
0.9625 -0.233445
0.9635 -0.227331
0.9645 -0.221208
0.9655 -0.215076
0.9665 -0.208936
0.9675 -0.202787
0.9685 -0.196631
0.9695 -0.190466
0.9705 -0.184294
0.9715 -0.178115
0.9725 -0.171929
0.9735 -0.165736
0.9745 -0.159537
0.9755 -0.153331
0.9765 -0.147119
0.9775 -0.140901
0.9785 -0.134678
0.9795 -0.128449
0.9805 -0.122216
0.9815 -0.115977
0.9825 -0.109734
0.9835 -0.103487
0.9845 -0.0972355
0.9855 -0.0909802
0.9865 -0.0847213
0.9875 -0.0784591
0.9885 -0.0721938
0.9895 -0.0659256
0.9905 -0.0596548
0.9915 -0.0533817
0.9925 -0.0471065
0.9935 -0.0408294
0.9945 -0.0345506
0.9955 -0.0282706
0.9965 -0.0219894
0.9975 -0.0157073
0.9985 -0.00942464
0.9995 -0.00314159

# time= 0.25
0.0005 -0.000467575
0.0015 -0.00140271
0.0025 -0.00233778
0.0035 -0.00327276
0.0045 -0.00420762
0.0055 -0.0051423
0.0065 -0.00607679
0.0075 -0.00701103
0.0085 -0.007945
0.0095 -0.00887866
0.0105 -0.00981196
0.0115 -0.0107449
0.0125 -0.0116774
0.0135 -0.0126094
0.0145 -0.0135409
0.0155 -0.0144719
0.0165 -0.0154024
0.0175 -0.0163322
0.0185 -0.0172614
0.0195 -0.0181898
0.0205 -0.0191176
0.0215 -0.0200446
0.0225 -0.0209709
0.0235 -0.0218963
0.0245 -0.0228208
0.0255 -0.0237444
0.0265 -0.0246671
0.0275 -0.0255889
0.0285 -0.0265096
0.0295 -0.0274293
0.0305 -0.0283478
0.0315 -0.0292653
0.0325 -0.0301816
0.0335 -0.0310967
0.0345 -0.0320106
0.0355 -0.0329233
0.0365 -0.0338346
0.0375 -0.0347446
0.0385 -0.0356532
0.0395 -0.0365604
0.0405 -0.0374662
0.0415 -0.0383705
0.0425 -0.0392732
0.0435 -0.0401745
0.0445 -0.0410741
0.0455 -0.0419721
0.0465 -0.0428685
0.0475 -0.0437632
0.0485 -0.0446561
0.0495 -0.0455473
0.0505 -0.0464366
0.0515 -0.0473242
0.0525 -0.0482099
0.0535 -0.0490936
0.0545 -0.0499755
0.0555 -0.0508553
0.0565 -0.0517332
0.0575 -0.052609
0.0585 -0.0534828
0.0595 -0.0543544
0.0605 -0.0552239
0.0615 -0.0560912
0.0625 -0.0569562
0.0635 -0.0578191
0.0645 -0.0586796
0.0655 -0.0595379
0.0665 -0.0603938
0.0675 -0.0612473
0.0685 -0.0620983
0.0695 -0.062947
0.0705 -0.0637931
0.0715 -0.0646368
0.0725 -0.0654778
0.0735 -0.0663163
0.0745 -0.0671522
0.0755 -0.0679854
0.0765 -0.068816
0.0775 -0.0696438
0.0785 -0.0704689
0.0795 -0.0712912
0.0805 -0.0721106
0.0815 -0.0729273
0.0825 -0.073741
0.0835 -0.0745519
0.0845 -0.0753598
0.0855 -0.0761647
0.0865 -0.0769666
0.0875 -0.0777655
0.0885 -0.0785613
0.0895 -0.079354
0.0905 -0.0801436
0.0915 -0.08093
0.0925 -0.0817132
0.0935 -0.0824932
0.0945 -0.0832699
0.0955 -0.0840433
0.0965 -0.0848135
0.0975 -0.0855802
0.0985 -0.0863436
0.0995 -0.0871036
0.1005 -0.0878602
0.1015 -0.0886133
0.1025 -0.0893628
0.1035 -0.0901089
0.1045 -0.0908514
0.1055 -0.0915903
0.1065 -0.0923256
0.1075 -0.0930573
0.1085 -0.0937852
0.1095 -0.0945095
0.1105 -0.0952301
0.1115 -0.0959469
0.1125 -0.0966598
0.1135 -0.097369
0.1145 -0.0980744
0.1155 -0.0987758
0.1165 -0.0994734
0.1175 -0.100167
0.1185 -0.100857
0.1195 -0.101542
0.1205 -0.102224
0.1215 -0.102902
0.1225 -0.103575
0.1235 -0.104245
0.1245 -0.10491
0.1255 -0.105572
0.1265 -0.106229
0.1275 -0.106881
0.1285 -0.10753
0.1295 -0.108175
0.1305 -0.108815
0.1315 -0.109451
0.1325 -0.110082
0.1335 -0.110709
0.1345 -0.111332
0.1355 -0.111951
0.1365 -0.112565
0.1375 -0.113174
0.1385 -0.113779
0.1395 -0.11438
0.1405 -0.114976
0.1415 -0.115567
0.1425 -0.116154
0.1435 -0.116737
0.1445 -0.117315
0.1455 -0.117888
0.1465 -0.118456
0.1475 -0.11902
0.1485 -0.119579
0.1495 -0.120134
0.1505 -0.120683
0.1515 -0.121228
0.1525 -0.121768
0.1535 -0.122304
0.1545 -0.122834
0.1555 -0.12336
0.1565 -0.123881
0.1575 -0.124396
0.1585 -0.124907
0.1595 -0.125413
0.1605 -0.125914
0.1615 -0.126411
0.1625 -0.126902
0.1635 -0.127388
0.1645 -0.127869
0.1655 -0.128345
0.1665 -0.128816
0.1675 -0.129282
0.1685 -0.129743
0.1695 -0.130198
0.1705 -0.130649
0.1715 -0.131094
0.1725 -0.131534
0.1735 -0.131969
0.1745 -0.132399
0.1755 -0.132824
0.1765 -0.133243
0.1775 -0.133657
0.1785 -0.134066
0.1795 -0.134469
0.1805 -0.134867
0.1815 -0.13526
0.1825 -0.135648
0.1835 -0.13603
0.1845 -0.136407
0.1855 -0.136778
0.1865 -0.137144
0.1875 -0.137505
0.1885 -0.13786
0.1895 -0.138209
0.1905 -0.138554
0.1915 -0.138892
0.1925 -0.139226
0.1935 -0.139554
0.1945 -0.139876
0.1955 -0.140193
0.1965 -0.140504
0.1975 -0.14081
0.1985 -0.14111
0.1995 -0.141404
0.2005 -0.141693
0.2015 -0.141977
0.2025 -0.142254
0.2035 -0.142527
0.2045 -0.142793
0.2055 -0.143054
0.2065 -0.143309
0.2075 -0.143559
0.2085 -0.143803
0.2095 -0.144041
0.2105 -0.144274
0.2115 -0.1445
0.2125 -0.144722
0.2135 -0.144937
0.2145 -0.145147
0.2155 -0.145351
0.2165 -0.145549
0.2175 -0.145741
0.2185 -0.145928
0.2195 -0.146109
0.2205 -0.146284
0.2215 -0.146454
0.2225 -0.146618
0.2235 -0.146775
0.2245 -0.146928
0.2255 -0.147074
0.2265 -0.147214
0.2275 -0.147349
0.2285 -0.147478
0.2295 -0.147601
0.2305 -0.147718
0.2315 -0.147829
0.2325 -0.147935
0.2335 -0.148035
0.2345 -0.148129
0.2355 -0.148217
0.2365 -0.148299
0.2375 -0.148375
0.2385 -0.148445
0.2395 -0.14851
0.2405 -0.148569
0.2415 -0.148622
0.2425 -0.148669
0.2435 -0.14871
0.2445 -0.148745
0.2455 -0.148774
0.2465 -0.148798
0.2475 -0.148815
0.2485 -0.148827
0.2495 -0.148833
0.2505 -0.148833
0.2515 -0.148827
0.2525 -0.148815
0.2535 -0.148798
0.2545 -0.148774
0.2555 -0.148745
0.2565 -0.14871
0.2575 -0.148669
0.2585 -0.148622
0.2595 -0.148569
0.2605 -0.14851
0.2615 -0.148445
0.2625 -0.148375
0.2635 -0.148299
0.2645 -0.148217
0.2655 -0.148129
0.2665 -0.148035
0.2675 -0.147935
0.2685 -0.147829
0.2695 -0.147718
0.2705 -0.147601
0.2715 -0.147478
0.2725 -0.147349
0.2735 -0.147214
0.2745 -0.147074
0.2755 -0.146928
0.2765 -0.146775
0.2775 -0.146618
0.2785 -0.146454
0.2795 -0.146284
0.2805 -0.146109
0.2815 -0.145928
0.2825 -0.145741
0.2835 -0.145549
0.2845 -0.145351
0.2855 -0.145147
0.2865 -0.144937
0.2875 -0.144722
0.2885 -0.1445
0.2895 -0.144274
0.2905 -0.144041
0.2915 -0.143803
0.2925 -0.143559
0.2935 -0.143309
0.2945 -0.143054
0.2955 -0.142793
0.2965 -0.142527
0.2975 -0.142254
0.2985 -0.141977
0.2995 -0.141693
0.3005 -0.141404
0.3015 -0.14111
0.3025 -0.14081
0.3035 -0.140504
0.3045 -0.140193
0.3055 -0.139876
0.3065 -0.139554
0.3075 -0.139226
0.3085 -0.138892
0.3095 -0.138554
0.3105 -0.138209
0.3115 -0.13786
0.3125 -0.137505
0.3135 -0.137144
0.3145 -0.136778
0.3155 -0.136407
0.3165 -0.13603
0.3175 -0.135648
0.3185 -0.13526
0.3195 -0.134867
0.3205 -0.134469
0.3215 -0.134066
0.3225 -0.133657
0.3235 -0.133243
0.3245 -0.132824
0.3255 -0.132399
0.3265 -0.131969
0.3275 -0.131534
0.3285 -0.131094
0.3295 -0.130649
0.3305 -0.130198
0.3315 -0.129743
0.3325 -0.129282
0.3335 -0.128816
0.3345 -0.128345
0.3355 -0.127869
0.3365 -0.127388
0.3375 -0.126902
0.3385 -0.126411
0.3395 -0.125914
0.3405 -0.125413
0.3415 -0.124907
0.3425 -0.124396
0.3435 -0.123881
0.3445 -0.12336
0.3455 -0.122834
0.3465 -0.122304
0.3475 -0.121768
0.3485 -0.121228
0.3495 -0.120683
0.3505 -0.120134
0.3515 -0.119579
0.3525 -0.11902
0.3535 -0.118456
0.3545 -0.117888
0.3555 -0.117315
0.3565 -0.116737
0.3575 -0.116154
0.3585 -0.115567
0.3595 -0.114976
0.3605 -0.11438
0.3615 -0.113779
0.3625 -0.113174
0.3635 -0.112565
0.3645 -0.111951
0.3655 -0.111332
0.3665 -0.110709
0.3675 -0.110082
0.3685 -0.109451
0.3695 -0.108815
0.3705 -0.108175
0.3715 -0.10753
0.3725 -0.106881
0.3735 -0.106229
0.3745 -0.105572
0.3755 -0.10491
0.3765 -0.104245
0.3775 -0.103575
0.3785 -0.102902
0.3795 -0.102224
0.3805 -0.101542
0.3815 -0.100857
0.3825 -0.100167
0.3835 -0.0994734
0.3845 -0.0987758
0.3855 -0.0980744
0.3865 -0.097369
0.3875 -0.0966598
0.3885 -0.0959469
0.3895 -0.0952301
0.3905 -0.0945095
0.3915 -0.0937852
0.3925 -0.0930573
0.3935 -0.0923256
0.3945 -0.0915903
0.3955 -0.0908514
0.3965 -0.0901089
0.3975 -0.0893628
0.3985 -0.0886133
0.3995 -0.0878602
0.4005 -0.0871036
0.4015 -0.0863436
0.4025 -0.0855802
0.4035 -0.0848135
0.4045 -0.0840433
0.4055 -0.0832699
0.4065 -0.0824932
0.4075 -0.0817132
0.4085 -0.08093
0.4095 -0.0801436
0.4105 -0.079354
0.4115 -0.0785613
0.4125 -0.0777655
0.4135 -0.0769666
0.4145 -0.0761647
0.4155 -0.0753598
0.4165 -0.0745519
0.4175 -0.073741
0.4185 -0.0729273
0.4195 -0.0721106
0.4205 -0.0712912
0.4215 -0.0704689
0.4225 -0.0696438
0.4235 -0.068816
0.4245 -0.0679854
0.4255 -0.0671522
0.4265 -0.0663163
0.4275 -0.0654778
0.4285 -0.0646368
0.4295 -0.0637931
0.4305 -0.062947
0.4315 -0.0620983
0.4325 -0.0612473
0.4335 -0.0603938
0.4345 -0.0595379
0.4355 -0.0586796
0.4365 -0.0578191
0.4375 -0.0569562
0.4385 -0.0560912
0.4395 -0.0552239
0.4405 -0.0543544
0.4415 -0.0534828
0.4425 -0.052609
0.4435 -0.0517332
0.4445 -0.0508553
0.4455 -0.0499755
0.4465 -0.0490936
0.4475 -0.0482099
0.4485 -0.0473242
0.4495 -0.0464366
0.4505 -0.0455473
0.4515 -0.0446561
0.4525 -0.0437632
0.4535 -0.0428685
0.4545 -0.0419721
0.4555 -0.0410741
0.4565 -0.0401745
0.4575 -0.0392732
0.4585 -0.0383705
0.4595 -0.0374662
0.4605 -0.0365604
0.4615 -0.0356532
0.4625 -0.0347446
0.4635 -0.0338346
0.4645 -0.0329233
0.4655 -0.0320106
0.4665 -0.0310967
0.4675 -0.0301816
0.4685 -0.0292653
0.4695 -0.0283478
0.4705 -0.0274293
0.4715 -0.0265096
0.4725 -0.0255889
0.4735 -0.0246671
0.4745 -0.0237444
0.4755 -0.0228208
0.4765 -0.0218963
0.4775 -0.0209709
0.4785 -0.0200446
0.4795 -0.0191176
0.4805 -0.0181898
0.4815 -0.0172614
0.4825 -0.0163322
0.4835 -0.0154024
0.4845 -0.0144719
0.4855 -0.0135409
0.4865 -0.0126094
0.4875 -0.0116774
0.4885 -0.0107449
0.4895 -0.00981196
0.4905 -0.00887866
0.4915 -0.007945
0.4925 -0.00701103
0.4935 -0.00607679
0.4945 -0.0051423
0.4955 -0.00420762
0.4965 -0.00327276
0.4975 -0.00233778
0.4985 -0.00140271
0.4995 -0.000467575
0.5005 0.000467575
0.5015 0.00140271
0.5025 0.00233778
0.5035 0.00327276
0.5045 0.00420762
0.5055 0.0051423
0.5065 0.00607679
0.5075 0.00701103
0.5085 0.007945
0.5095 0.00887866
0.5105 0.00981196
0.5115 0.0107449
0.5125 0.0116774
0.5135 0.0126094
0.5145 0.0135409
0.5155 0.0144719
0.5165 0.0154024
0.5175 0.0163322
0.5185 0.0172614
0.5195 0.0181898
0.5205 0.0191176
0.5215 0.0200446
0.5225 0.0209709
0.5235 0.0218963
0.5245 0.0228208
0.5255 0.0237444
0.5265 0.0246671
0.5275 0.0255889
0.5285 0.0265096
0.5295 0.0274293
0.5305 0.0283478
0.5315 0.0292653
0.5325 0.0301816
0.5335 0.0310967
0.5345 0.0320106
0.5355 0.0329233
0.5365 0.0338346
0.5375 0.0347446
0.5385 0.0356532
0.5395 0.0365604
0.5405 0.0374662
0.5415 0.0383705
0.5425 0.0392732
0.5435 0.0401745
0.5445 0.0410741
0.5455 0.0419721
0.5465 0.0428685
0.5475 0.0437632
0.5485 0.0446561
0.5495 0.0455473
0.5505 0.0464366
0.5515 0.0473242
0.5525 0.0482099
0.5535 0.0490936
0.5545 0.0499755
0.5555 0.0508553
0.5565 0.0517332
0.5575 0.052609
0.5585 0.0534828
0.5595 0.0543544
0.5605 0.0552239
0.5615 0.0560912
0.5625 0.0569562
0.5635 0.0578191
0.5645 0.0586796
0.5655 0.0595379
0.5665 0.0603938
0.5675 0.0612473
0.5685 0.0620983
0.5695 0.062947
0.5705 0.0637931
0.5715 0.0646368
0.5725 0.0654778
0.5735 0.0663163
0.5745 0.0671522
0.5755 0.0679854
0.5765 0.068816
0.5775 0.0696438
0.5785 0.0704689
0.5795 0.0712912
0.5805 0.0721106
0.5815 0.0729273
0.5825 0.073741
0.5835 0.0745519
0.5845 0.0753598
0.5855 0.0761647
0.5865 0.0769666
0.5875 0.0777655
0.5885 0.0785613
0.5895 0.079354
0.5905 0.0801436
0.5915 0.08093
0.5925 0.0817132
0.5935 0.0824932
0.5945 0.0832699
0.5955 0.0840433
0.5965 0.0848135
0.5975 0.0855802
0.5985 0.0863436
0.5995 0.0871036
0.6005 0.0878602
0.6015 0.0886133
0.6025 0.0893628
0.6035 0.0901089
0.6045 0.0908514
0.6055 0.0915903
0.6065 0.0923256
0.6075 0.0930573
0.6085 0.0937852
0.6095 0.0945095
0.6105 0.0952301
0.6115 0.0959469
0.6125 0.0966598
0.6135 0.097369
0.6145 0.0980744
0.6155 0.0987758
0.6165 0.0994734
0.6175 0.100167
0.6185 0.100857
0.6195 0.101542
0.6205 0.102224
0.6215 0.102902
0.6225 0.103575
0.6235 0.104245
0.6245 0.10491
0.6255 0.105572
0.6265 0.106229
0.6275 0.106881
0.6285 0.10753
0.6295 0.108175
0.6305 0.108815
0.6315 0.109451
0.6325 0.110082
0.6335 0.110709
0.6345 0.111332
0.6355 0.111951
0.6365 0.112565
0.6375 0.113174
0.6385 0.113779
0.6395 0.11438
0.6405 0.114976
0.6415 0.115567
0.6425 0.116154
0.6435 0.116737
0.6445 0.117315
0.6455 0.117888
0.6465 0.118456
0.6475 0.11902
0.6485 0.119579
0.6495 0.120134
0.6505 0.120683
0.6515 0.121228
0.6525 0.121768
0.6535 0.122304
0.6545 0.122834
0.6555 0.12336
0.6565 0.123881
0.6575 0.124396
0.6585 0.124907
0.6595 0.125413
0.6605 0.125914
0.6615 0.126411
0.6625 0.126902
0.6635 0.127388
0.6645 0.127869
0.6655 0.128345
0.6665 0.128816
0.6675 0.129282
0.6685 0.129743
0.6695 0.130198
0.6705 0.130649
0.6715 0.131094
0.6725 0.131534
0.6735 0.131969
0.6745 0.132399
0.6755 0.132824
0.6765 0.133243
0.6775 0.133657
0.6785 0.134066
0.6795 0.134469
0.6805 0.134867
0.6815 0.13526
0.6825 0.135648
0.6835 0.13603
0.6845 0.136407
0.6855 0.136778
0.6865 0.137144
0.6875 0.137505
0.6885 0.13786
0.6895 0.138209
0.6905 0.138554
0.6915 0.138892
0.6925 0.139226
0.6935 0.139554
0.6945 0.139876
0.6955 0.140193
0.6965 0.140504
0.6975 0.14081
0.6985 0.14111
0.6995 0.141404
0.7005 0.141693
0.7015 0.141977
0.7025 0.142254
0.7035 0.142527
0.7045 0.142793
0.7055 0.143054
0.7065 0.143309
0.7075 0.143559
0.7085 0.143803
0.7095 0.144041
0.7105 0.144274
0.7115 0.1445
0.7125 0.144722
0.7135 0.144937
0.7145 0.145147
0.7155 0.145351
0.7165 0.145549
0.7175 0.145741
0.7185 0.145928
0.7195 0.146109
0.7205 0.146284
0.7215 0.146454
0.7225 0.146618
0.7235 0.146775
0.7245 0.146928
0.7255 0.147074
0.7265 0.147214
0.7275 0.147349
0.7285 0.147478
0.7295 0.147601
0.7305 0.147718
0.7315 0.147829
0.7325 0.147935
0.7335 0.148035
0.7345 0.148129
0.7355 0.148217
0.7365 0.148299
0.7375 0.148375
0.7385 0.148445
0.7395 0.14851
0.7405 0.148569
0.7415 0.148622
0.7425 0.148669
0.7435 0.14871
0.7445 0.148745
0.7455 0.148774
0.7465 0.148798
0.7475 0.148815
0.7485 0.148827
0.7495 0.148833
0.7505 0.148833
0.7515 0.148827
0.7525 0.148815
0.7535 0.148798
0.7545 0.148774
0.7555 0.148745
0.7565 0.14871
0.7575 0.148669
0.7585 0.148622
0.7595 0.148569
0.7605 0.14851
0.7615 0.148445
0.7625 0.148375
0.7635 0.148299
0.7645 0.148217
0.7655 0.148129
0.7665 0.148035
0.7675 0.147935
0.7685 0.147829
0.7695 0.147718
0.7705 0.147601
0.7715 0.147478
0.7725 0.147349
0.7735 0.147214
0.7745 0.147074
0.7755 0.146928
0.7765 0.146775
0.7775 0.146618
0.7785 0.146454
0.7795 0.146284
0.7805 0.146109
0.7815 0.145928
0.7825 0.145741
0.7835 0.145549
0.7845 0.145351
0.7855 0.145147
0.7865 0.144937
0.7875 0.144722
0.7885 0.1445
0.7895 0.144274
0.7905 0.144041
0.7915 0.143803
0.7925 0.143559
0.7935 0.143309
0.7945 0.143054
0.7955 0.142793
0.7965 0.142527
0.7975 0.142254
0.7985 0.141977
0.7995 0.141693
0.8005 0.141404
0.8015 0.14111
0.8025 0.14081
0.8035 0.140504
0.8045 0.140193
0.8055 0.139876
0.8065 0.139554
0.8075 0.139226
0.8085 0.138892
0.8095 0.138554
0.8105 0.138209
0.8115 0.13786
0.8125 0.137505
0.8135 0.137144
0.8145 0.136778
0.8155 0.136407
0.8165 0.13603
0.8175 0.135648
0.8185 0.13526
0.8195 0.134867
0.8205 0.134469
0.8215 0.134066
0.8225 0.133657
0.8235 0.133243
0.8245 0.132824
0.8255 0.132399
0.8265 0.131969
0.8275 0.131534
0.8285 0.131094
0.8295 0.130649
0.8305 0.130198
0.8315 0.129743
0.8325 0.129282
0.8335 0.128816
0.8345 0.128345
0.8355 0.127869
0.8365 0.127388
0.8375 0.126902
0.8385 0.126411
0.8395 0.125914
0.8405 0.125413
0.8415 0.124907
0.8425 0.124396
0.8435 0.123881
0.8445 0.12336
0.8455 0.122834
0.8465 0.122304
0.8475 0.121768
0.8485 0.121228
0.8495 0.120683
0.8505 0.120134
0.8515 0.119579
0.8525 0.11902
0.8535 0.118456
0.8545 0.117888
0.8555 0.117315
0.8565 0.116737
0.8575 0.116154
0.8585 0.115567
0.8595 0.114976
0.8605 0.11438
0.8615 0.113779
0.8625 0.113174
0.8635 0.112565
0.8645 0.111951
0.8655 0.111332
0.8665 0.110709
0.8675 0.110082
0.8685 0.109451
0.8695 0.108815
0.8705 0.108175
0.8715 0.10753
0.8725 0.106881
0.8735 0.106229
0.8745 0.105572
0.8755 0.10491
0.8765 0.104245
0.8775 0.103575
0.8785 0.102902
0.8795 0.102224
0.8805 0.101542
0.8815 0.100857
0.8825 0.100167
0.8835 0.0994734
0.8845 0.0987758
0.8855 0.0980744
0.8865 0.097369
0.8875 0.0966598
0.8885 0.0959469
0.8895 0.0952301
0.8905 0.0945095
0.8915 0.0937852
0.8925 0.0930573
0.8935 0.0923256
0.8945 0.0915903
0.8955 0.0908514
0.8965 0.0901089
0.8975 0.0893628
0.8985 0.0886133
0.8995 0.0878602
0.9005 0.0871036
0.9015 0.0863436
0.9025 0.0855802
0.9035 0.0848135
0.9045 0.0840433
0.9055 0.0832699
0.9065 0.0824932
0.9075 0.0817132
0.9085 0.08093
0.9095 0.0801436
0.9105 0.079354
0.9115 0.0785613
0.9125 0.0777655
0.9135 0.0769666
0.9145 0.0761647
0.9155 0.0753598
0.9165 0.0745519
0.9175 0.073741
0.9185 0.0729273
0.9195 0.0721106
0.9205 0.0712912
0.9215 0.0704689
0.9225 0.0696438
0.9235 0.068816
0.9245 0.0679854
0.9255 0.0671522
0.9265 0.0663163
0.9275 0.0654778
0.9285 0.0646368
0.9295 0.0637931
0.9305 0.062947
0.9315 0.0620983
0.9325 0.0612473
0.9335 0.0603938
0.9345 0.0595379
0.9355 0.0586796
0.9365 0.0578191
0.9375 0.0569562
0.9385 0.0560912
0.9395 0.0552239
0.9405 0.0543544
0.9415 0.0534828
0.9425 0.052609
0.9435 0.0517332
0.9445 0.0508553
0.9455 0.0499755
0.9465 0.0490936
0.9475 0.0482099
0.9485 0.0473242
0.9495 0.0464366
0.9505 0.0455473
0.9515 0.0446561
0.9525 0.0437632
0.9535 0.0428685
0.9545 0.0419721
0.9555 0.0410741
0.9565 0.0401745
0.9575 0.0392732
0.9585 0.0383705
0.9595 0.0374662
0.9605 0.0365604
0.9615 0.0356532
0.9625 0.0347446
0.9635 0.0338346
0.9645 0.0329233
0.9655 0.0320106
0.9665 0.0310967
0.9675 0.0301816
0.9685 0.0292653
0.9695 0.0283478
0.9705 0.0274293
0.9715 0.0265096
0.9725 0.0255889
0.9735 0.0246671
0.9745 0.0237444
0.9755 0.0228208
0.9765 0.0218963
0.9775 0.0209709
0.9785 0.0200446
0.9795 0.0191176
0.9805 0.0181898
0.9815 0.0172614
0.9825 0.0163322
0.9835 0.0154024
0.9845 0.0144719
0.9855 0.0135409
0.9865 0.0126094
0.9875 0.0116774
0.9885 0.0107449
0.9895 0.00981196
0.9905 0.00887866
0.9915 0.007945
0.9925 0.00701103
0.9935 0.00607679
0.9945 0.0051423
0.9955 0.00420762
0.9965 0.00327276
0.9975 0.00233778
0.9985 0.00140271
0.9995 0.000467575

# time= 0.5
0.0005 -0.00308978
0.0015 -0.00926923
0.0025 -0.0154483
0.0035 -0.0216268
0.0045 -0.0278044
0.0055 -0.0339809
0.0065 -0.0401561
0.0075 -0.0463297
0.0085 -0.0525015
0.0095 -0.0586711
0.0105 -0.0648385
0.0115 -0.0710033
0.0125 -0.0771653
0.0135 -0.0833243
0.0145 -0.08948
0.0155 -0.0956321
0.0165 -0.10178
0.0175 -0.107925
0.0185 -0.114065
0.0195 -0.120201
0.0205 -0.126331
0.0215 -0.132457
0.0225 -0.138578
0.0235 -0.144693
0.0245 -0.150802
0.0255 -0.156906
0.0265 -0.163003
0.0275 -0.169094
0.0285 -0.175178
0.0295 -0.181256
0.0305 -0.187326
0.0315 -0.193388
0.0325 -0.199443
0.0335 -0.205491
0.0345 -0.21153
0.0355 -0.21756
0.0365 -0.223583
0.0375 -0.229596
0.0385 -0.2356
0.0395 -0.241595
0.0405 -0.247581
0.0415 -0.253556
0.0425 -0.259522
0.0435 -0.265477
0.0445 -0.271422
0.0455 -0.277356
0.0465 -0.28328
0.0475 -0.289192
0.0485 -0.295092
0.0495 -0.300981
0.0505 -0.306859
0.0515 -0.312724
0.0525 -0.318576
0.0535 -0.324416
0.0545 -0.330244
0.0555 -0.336058
0.0565 -0.341859
0.0575 -0.347646
0.0585 -0.35342
0.0595 -0.35918
0.0605 -0.364925
0.0615 -0.370657
0.0625 -0.376373
0.0635 -0.382075
0.0645 -0.387762
0.0655 -0.393433
0.0665 -0.399089
0.0675 -0.404729
0.0685 -0.410353
0.0695 -0.415961
0.0705 -0.421552
0.0715 -0.427127
0.0725 -0.432685
0.0735 -0.438226
0.0745 -0.443749
0.0755 -0.449255
0.0765 -0.454744
0.0775 -0.460214
0.0785 -0.465666
0.0795 -0.4711
0.0805 -0.476515
0.0815 -0.481911
0.0825 -0.487289
0.0835 -0.492647
0.0845 -0.497986
0.0855 -0.503305
0.0865 -0.508604
0.0875 -0.513883
0.0885 -0.519142
0.0895 -0.52438
0.0905 -0.529597
0.0915 -0.534794
0.0925 -0.53997
0.0935 -0.545124
0.0945 -0.550257
0.0955 -0.555368
0.0965 -0.560457
0.0975 -0.565524
0.0985 -0.570568
0.0995 -0.57559
0.1005 -0.58059
0.1015 -0.585566
0.1025 -0.59052
0.1035 -0.59545
0.1045 -0.600356
0.1055 -0.605239
0.1065 -0.610098
0.1075 -0.614933
0.1085 -0.619743
0.1095 -0.624529
0.1105 -0.629291
0.1115 -0.634027
0.1125 -0.638739
0.1135 -0.643425
0.1145 -0.648086
0.1155 -0.652722
0.1165 -0.657331
0.1175 -0.661915
0.1185 -0.666472
0.1195 -0.671004
0.1205 -0.675508
0.1215 -0.679986
0.1225 -0.684438
0.1235 -0.688862
0.1245 -0.693259
0.1255 -0.697628
0.1265 -0.70197
0.1275 -0.706285
0.1285 -0.710571
0.1295 -0.71483
0.1305 -0.71906
0.1315 -0.723262
0.1325 -0.727435
0.1335 -0.731579
0.1345 -0.735695
0.1355 -0.739782
0.1365 -0.743839
0.1375 -0.747867
0.1385 -0.751866
0.1395 -0.755835
0.1405 -0.759774
0.1415 -0.763683
0.1425 -0.767561
0.1435 -0.77141
0.1445 -0.775228
0.1455 -0.779016
0.1465 -0.782772
0.1475 -0.786498
0.1485 -0.790193
0.1495 -0.793857
0.1505 -0.797489
0.1515 -0.80109
0.1525 -0.804659
0.1535 -0.808196
0.1545 -0.811702
0.1555 -0.815175
0.1565 -0.818616
0.1575 -0.822025
0.1585 -0.825402
0.1595 -0.828746
0.1605 -0.832057
0.1615 -0.835335
0.1625 -0.838581
0.1635 -0.841793
0.1645 -0.844972
0.1655 -0.848117
0.1665 -0.85123
0.1675 -0.854308
0.1685 -0.857353
0.1695 -0.860364
0.1705 -0.863341
0.1715 -0.866284
0.1725 -0.869193
0.1735 -0.872067
0.1745 -0.874907
0.1755 -0.877713
0.1765 -0.880483
0.1775 -0.88322
0.1785 -0.885921
0.1795 -0.888587
0.1805 -0.891218
0.1815 -0.893814
0.1825 -0.896375
0.1835 -0.8989
0.1845 -0.90139
0.1855 -0.903844
0.1865 -0.906262
0.1875 -0.908645
0.1885 -0.910992
0.1895 -0.913303
0.1905 -0.915578
0.1915 -0.917817
0.1925 -0.920019
0.1935 -0.922185
0.1945 -0.924315
0.1955 -0.926408
0.1965 -0.928465
0.1975 -0.930485
0.1985 -0.932468
0.1995 -0.934415
0.2005 -0.936324
0.2015 -0.938197
0.2025 -0.940032
0.2035 -0.941831
0.2045 -0.943592
0.2055 -0.945316
0.2065 -0.947003
0.2075 -0.948652
0.2085 -0.950264
0.2095 -0.951839
0.2105 -0.953375
0.2115 -0.954875
0.2125 -0.956336
0.2135 -0.95776
0.2145 -0.959146
0.2155 -0.960494
0.2165 -0.961804
0.2175 -0.963076
0.2185 -0.96431
0.2195 -0.965506
0.2205 -0.966664
0.2215 -0.967784
0.2225 -0.968865
0.2235 -0.969909
0.2245 -0.970914
0.2255 -0.97188
0.2265 -0.972809
0.2275 -0.973699
0.2285 -0.97455
0.2295 -0.975363
0.2305 -0.976138
0.2315 -0.976874
0.2325 -0.977571
0.2335 -0.97823
0.2345 -0.97885
0.2355 -0.979432
0.2365 -0.979974
0.2375 -0.980479
0.2385 -0.980944
0.2395 -0.981371
0.2405 -0.981759
0.2415 -0.982108
0.2425 -0.982419
0.2435 -0.98269
0.2445 -0.982923
0.2455 -0.983117
0.2465 -0.983273
0.2475 -0.983389
0.2485 -0.983467
0.2495 -0.983506
0.2505 -0.983506
0.2515 -0.983467
0.2525 -0.983389
0.2535 -0.983273
0.2545 -0.983117
0.2555 -0.982923
0.2565 -0.98269
0.2575 -0.982419
0.2585 -0.982108
0.2595 -0.981759
0.2605 -0.981371
0.2615 -0.980944
0.2625 -0.980479
0.2635 -0.979974
0.2645 -0.979432
0.2655 -0.97885
0.2665 -0.97823
0.2675 -0.977571
0.2685 -0.976874
0.2695 -0.976138
0.2705 -0.975363
0.2715 -0.97455
0.2725 -0.973699
0.2735 -0.972809
0.2745 -0.97188
0.2755 -0.970914
0.2765 -0.969909
0.2775 -0.968865
0.2785 -0.967784
0.2795 -0.966664
0.2805 -0.965506
0.2815 -0.96431
0.2825 -0.963076
0.2835 -0.961804
0.2845 -0.960494
0.2855 -0.959146
0.2865 -0.95776
0.2875 -0.956336
0.2885 -0.954875
0.2895 -0.953375
0.2905 -0.951839
0.2915 -0.950264
0.2925 -0.948652
0.2935 -0.947003
0.2945 -0.945316
0.2955 -0.943592
0.2965 -0.941831
0.2975 -0.940032
0.2985 -0.938197
0.2995 -0.936324
0.3005 -0.934415
0.3015 -0.932468
0.3025 -0.930485
0.3035 -0.928465
0.3045 -0.926408
0.3055 -0.924315
0.3065 -0.922185
0.3075 -0.920019
0.3085 -0.917817
0.3095 -0.915578
0.3105 -0.913303
0.3115 -0.910992
0.3125 -0.908645
0.3135 -0.906262
0.3145 -0.903844
0.3155 -0.90139
0.3165 -0.8989
0.3175 -0.896375
0.3185 -0.893814
0.3195 -0.891218
0.3205 -0.888587
0.3215 -0.885921
0.3225 -0.88322
0.3235 -0.880483
0.3245 -0.877713
0.3255 -0.874907
0.3265 -0.872067
0.3275 -0.869193
0.3285 -0.866284
0.3295 -0.863341
0.3305 -0.860364
0.3315 -0.857353
0.3325 -0.854308
0.3335 -0.85123
0.3345 -0.848117
0.3355 -0.844972
0.3365 -0.841793
0.3375 -0.838581
0.3385 -0.835335
0.3395 -0.832057
0.3405 -0.828746
0.3415 -0.825402
0.3425 -0.822025
0.3435 -0.818616
0.3445 -0.815175
0.3455 -0.811702
0.3465 -0.808196
0.3475 -0.804659
0.3485 -0.80109
0.3495 -0.797489
0.3505 -0.793857
0.3515 -0.790193
0.3525 -0.786498
0.3535 -0.782772
0.3545 -0.779016
0.3555 -0.775228
0.3565 -0.77141
0.3575 -0.767561
0.3585 -0.763683
0.3595 -0.759774
0.3605 -0.755835
0.3615 -0.751866
0.3625 -0.747867
0.3635 -0.743839
0.3645 -0.739782
0.3655 -0.735695
0.3665 -0.731579
0.3675 -0.727435
0.3685 -0.723262
0.3695 -0.71906
0.3705 -0.71483
0.3715 -0.710571
0.3725 -0.706285
0.3735 -0.70197
0.3745 -0.697628
0.3755 -0.693259
0.3765 -0.688862
0.3775 -0.684438
0.3785 -0.679986
0.3795 -0.675508
0.3805 -0.671004
0.3815 -0.666472
0.3825 -0.661915
0.3835 -0.657331
0.3845 -0.652722
0.3855 -0.648086
0.3865 -0.643425
0.3875 -0.638739
0.3885 -0.634027
0.3895 -0.629291
0.3905 -0.624529
0.3915 -0.619743
0.3925 -0.614933
0.3935 -0.610098
0.3945 -0.605239
0.3955 -0.600356
0.3965 -0.59545
0.3975 -0.59052
0.3985 -0.585566
0.3995 -0.58059
0.4005 -0.57559
0.4015 -0.570568
0.4025 -0.565524
0.4035 -0.560457
0.4045 -0.555368
0.4055 -0.550257
0.4065 -0.545124
0.4075 -0.53997
0.4085 -0.534794
0.4095 -0.529597
0.4105 -0.52438
0.4115 -0.519142
0.4125 -0.513883
0.4135 -0.508604
0.4145 -0.503305
0.4155 -0.497986
0.4165 -0.492647
0.4175 -0.487289
0.4185 -0.481911
0.4195 -0.476515
0.4205 -0.4711
0.4215 -0.465666
0.4225 -0.460214
0.4235 -0.454744
0.4245 -0.449255
0.4255 -0.443749
0.4265 -0.438226
0.4275 -0.432685
0.4285 -0.427127
0.4295 -0.421552
0.4305 -0.415961
0.4315 -0.410353
0.4325 -0.404729
0.4335 -0.399089
0.4345 -0.393433
0.4355 -0.387762
0.4365 -0.382075
0.4375 -0.376373
0.4385 -0.370657
0.4395 -0.364925
0.4405 -0.35918
0.4415 -0.35342
0.4425 -0.347646
0.4435 -0.341859
0.4445 -0.336058
0.4455 -0.330244
0.4465 -0.324416
0.4475 -0.318576
0.4485 -0.312724
0.4495 -0.306859
0.4505 -0.300981
0.4515 -0.295092
0.4525 -0.289192
0.4535 -0.28328
0.4545 -0.277356
0.4555 -0.271422
0.4565 -0.265477
0.4575 -0.259522
0.4585 -0.253556
0.4595 -0.247581
0.4605 -0.241595
0.4615 -0.2356
0.4625 -0.229596
0.4635 -0.223583
0.4645 -0.21756
0.4655 -0.21153
0.4665 -0.205491
0.4675 -0.199443
0.4685 -0.193388
0.4695 -0.187326
0.4705 -0.181256
0.4715 -0.175178
0.4725 -0.169094
0.4735 -0.163003
0.4745 -0.156906
0.4755 -0.150802
0.4765 -0.144693
0.4775 -0.138578
0.4785 -0.132457
0.4795 -0.126331
0.4805 -0.120201
0.4815 -0.114065
0.4825 -0.107925
0.4835 -0.10178
0.4845 -0.0956321
0.4855 -0.08948
0.4865 -0.0833243
0.4875 -0.0771653
0.4885 -0.0710033
0.4895 -0.0648385
0.4905 -0.0586711
0.4915 -0.0525015
0.4925 -0.0463297
0.4935 -0.0401561
0.4945 -0.0339809
0.4955 -0.0278044
0.4965 -0.0216268
0.4975 -0.0154483
0.4985 -0.00926923
0.4995 -0.00308978
0.5005 0.00308978
0.5015 0.00926923
0.5025 0.0154483
0.5035 0.0216268
0.5045 0.0278044
0.5055 0.0339809
0.5065 0.0401561
0.5075 0.0463297
0.5085 0.0525015
0.5095 0.0586711
0.5105 0.0648385
0.5115 0.0710033
0.5125 0.0771653
0.5135 0.0833243
0.5145 0.08948
0.5155 0.0956321
0.5165 0.10178
0.5175 0.107925
0.5185 0.114065
0.5195 0.120201
0.5205 0.126331
0.5215 0.132457
0.5225 0.138578
0.5235 0.144693
0.5245 0.150802
0.5255 0.156906
0.5265 0.163003
0.5275 0.169094
0.5285 0.175178
0.5295 0.181256
0.5305 0.187326
0.5315 0.193388
0.5325 0.199443
0.5335 0.205491
0.5345 0.21153
0.5355 0.21756
0.5365 0.223583
0.5375 0.229596
0.5385 0.2356
0.5395 0.241595
0.5405 0.247581
0.5415 0.253556
0.5425 0.259522
0.5435 0.265477
0.5445 0.271422
0.5455 0.277356
0.5465 0.28328
0.5475 0.289192
0.5485 0.295092
0.5495 0.300981
0.5505 0.306859
0.5515 0.312724
0.5525 0.318576
0.5535 0.324416
0.5545 0.330244
0.5555 0.336058
0.5565 0.341859
0.5575 0.347646
0.5585 0.35342
0.5595 0.35918
0.5605 0.364925
0.5615 0.370657
0.5625 0.376373
0.5635 0.382075
0.5645 0.387762
0.5655 0.393433
0.5665 0.399089
0.5675 0.404729
0.5685 0.410353
0.5695 0.415961
0.5705 0.421552
0.5715 0.427127
0.5725 0.432685
0.5735 0.438226
0.5745 0.443749
0.5755 0.449255
0.5765 0.454744
0.5775 0.460214
0.5785 0.465666
0.5795 0.4711
0.5805 0.476515
0.5815 0.481911
0.5825 0.487289
0.5835 0.492647
0.5845 0.497986
0.5855 0.503305
0.5865 0.508604
0.5875 0.513883
0.5885 0.519142
0.5895 0.52438
0.5905 0.529597
0.5915 0.534794
0.5925 0.53997
0.5935 0.545124
0.5945 0.550257
0.5955 0.555368
0.5965 0.560457
0.5975 0.565524
0.5985 0.570568
0.5995 0.57559
0.6005 0.58059
0.6015 0.585566
0.6025 0.59052
0.6035 0.59545
0.6045 0.600356
0.6055 0.605239
0.6065 0.610098
0.6075 0.614933
0.6085 0.619743
0.6095 0.624529
0.6105 0.629291
0.6115 0.634027
0.6125 0.638739
0.6135 0.643425
0.6145 0.648086
0.6155 0.652722
0.6165 0.657331
0.6175 0.661915
0.6185 0.666472
0.6195 0.671004
0.6205 0.675508
0.6215 0.679986
0.6225 0.684438
0.6235 0.688862
0.6245 0.693259
0.6255 0.697628
0.6265 0.70197
0.6275 0.706285
0.6285 0.710571
0.6295 0.71483
0.6305 0.71906
0.6315 0.723262
0.6325 0.727435
0.6335 0.731579
0.6345 0.735695
0.6355 0.739782
0.6365 0.743839
0.6375 0.747867
0.6385 0.751866
0.6395 0.755835
0.6405 0.759774
0.6415 0.763683
0.6425 0.767561
0.6435 0.77141
0.6445 0.775228
0.6455 0.779016
0.6465 0.782772
0.6475 0.786498
0.6485 0.790193
0.6495 0.793857
0.6505 0.797489
0.6515 0.80109
0.6525 0.804659
0.6535 0.808196
0.6545 0.811702
0.6555 0.815175
0.6565 0.818616
0.6575 0.822025
0.6585 0.825402
0.6595 0.828746
0.6605 0.832057
0.6615 0.835335
0.6625 0.838581
0.6635 0.841793
0.6645 0.844972
0.6655 0.848117
0.6665 0.85123
0.6675 0.854308
0.6685 0.857353
0.6695 0.860364
0.6705 0.863341
0.6715 0.866284
0.6725 0.869193
0.6735 0.872067
0.6745 0.874907
0.6755 0.877713
0.6765 0.880483
0.6775 0.88322
0.6785 0.885921
0.6795 0.888587
0.6805 0.891218
0.6815 0.893814
0.6825 0.896375
0.6835 0.8989
0.6845 0.90139
0.6855 0.903844
0.6865 0.906262
0.6875 0.908645
0.6885 0.910992
0.6895 0.913303
0.6905 0.915578
0.6915 0.917817
0.6925 0.920019
0.6935 0.922185
0.6945 0.924315
0.6955 0.926408
0.6965 0.928465
0.6975 0.930485
0.6985 0.932468
0.6995 0.934415
0.7005 0.936324
0.7015 0.938197
0.7025 0.940032
0.7035 0.941831
0.7045 0.943592
0.7055 0.945316
0.7065 0.947003
0.7075 0.948652
0.7085 0.950264
0.7095 0.951839
0.7105 0.953375
0.7115 0.954875
0.7125 0.956336
0.7135 0.95776
0.7145 0.959146
0.7155 0.960494
0.7165 0.961804
0.7175 0.963076
0.7185 0.96431
0.7195 0.965506
0.7205 0.966664
0.7215 0.967784
0.7225 0.968865
0.7235 0.969909
0.7245 0.970914
0.7255 0.97188
0.7265 0.972809
0.7275 0.973699
0.7285 0.97455
0.7295 0.975363
0.7305 0.976138
0.7315 0.976874
0.7325 0.977571
0.7335 0.97823
0.7345 0.97885
0.7355 0.979432
0.7365 0.979974
0.7375 0.980479
0.7385 0.980944
0.7395 0.981371
0.7405 0.981759
0.7415 0.982108
0.7425 0.982419
0.7435 0.98269
0.7445 0.982923
0.7455 0.983117
0.7465 0.983273
0.7475 0.983389
0.7485 0.983467
0.7495 0.983506
0.7505 0.983506
0.7515 0.983467
0.7525 0.983389
0.7535 0.983273
0.7545 0.983117
0.7555 0.982923
0.7565 0.98269
0.7575 0.982419
0.7585 0.982108
0.7595 0.981759
0.7605 0.981371
0.7615 0.980944
0.7625 0.980479
0.7635 0.979974
0.7645 0.979432
0.7655 0.97885
0.7665 0.97823
0.7675 0.977571
0.7685 0.976874
0.7695 0.976138
0.7705 0.975363
0.7715 0.97455
0.7725 0.973699
0.7735 0.972809
0.7745 0.97188
0.7755 0.970914
0.7765 0.969909
0.7775 0.968865
0.7785 0.967784
0.7795 0.966664
0.7805 0.965506
0.7815 0.96431
0.7825 0.963076
0.7835 0.961804
0.7845 0.960494
0.7855 0.959146
0.7865 0.95776
0.7875 0.956336
0.7885 0.954875
0.7895 0.953375
0.7905 0.951839
0.7915 0.950264
0.7925 0.948652
0.7935 0.947003
0.7945 0.945316
0.7955 0.943592
0.7965 0.941831
0.7975 0.940032
0.7985 0.938197
0.7995 0.936324
0.8005 0.934415
0.8015 0.932468
0.8025 0.930485
0.8035 0.928465
0.8045 0.926408
0.8055 0.924315
0.8065 0.922185
0.8075 0.920019
0.8085 0.917817
0.8095 0.915578
0.8105 0.913303
0.8115 0.910992
0.8125 0.908645
0.8135 0.906262
0.8145 0.903844
0.8155 0.90139
0.8165 0.8989
0.8175 0.896375
0.8185 0.893814
0.8195 0.891218
0.8205 0.888587
0.8215 0.885921
0.8225 0.88322
0.8235 0.880483
0.8245 0.877713
0.8255 0.874907
0.8265 0.872067
0.8275 0.869193
0.8285 0.866284
0.8295 0.863341
0.8305 0.860364
0.8315 0.857353
0.8325 0.854308
0.8335 0.85123
0.8345 0.848117
0.8355 0.844972
0.8365 0.841793
0.8375 0.838581
0.8385 0.835335
0.8395 0.832057
0.8405 0.828746
0.8415 0.825402
0.8425 0.822025
0.8435 0.818616
0.8445 0.815175
0.8455 0.811702
0.8465 0.808196
0.8475 0.804659
0.8485 0.80109
0.8495 0.797489
0.8505 0.793857
0.8515 0.790193
0.8525 0.786498
0.8535 0.782772
0.8545 0.779016
0.8555 0.775228
0.8565 0.77141
0.8575 0.767561
0.8585 0.763683
0.8595 0.759774
0.8605 0.755835
0.8615 0.751866
0.8625 0.747867
0.8635 0.743839
0.8645 0.739782
0.8655 0.735695
0.8665 0.731579
0.8675 0.727435
0.8685 0.723262
0.8695 0.71906
0.8705 0.71483
0.8715 0.710571
0.8725 0.706285
0.8735 0.70197
0.8745 0.697628
0.8755 0.693259
0.8765 0.688862
0.8775 0.684438
0.8785 0.679986
0.8795 0.675508
0.8805 0.671004
0.8815 0.666472
0.8825 0.661915
0.8835 0.657331
0.8845 0.652722
0.8855 0.648086
0.8865 0.643425
0.8875 0.638739
0.8885 0.634027
0.8895 0.629291
0.8905 0.624529
0.8915 0.619743
0.8925 0.614933
0.8935 0.610098
0.8945 0.605239
0.8955 0.600356
0.8965 0.59545
0.8975 0.59052
0.8985 0.585566
0.8995 0.58059
0.9005 0.57559
0.9015 0.570568
0.9025 0.565524
0.9035 0.560457
0.9045 0.555368
0.9055 0.550257
0.9065 0.545124
0.9075 0.53997
0.9085 0.534794
0.9095 0.529597
0.9105 0.52438
0.9115 0.519142
0.9125 0.513883
0.9135 0.508604
0.9145 0.503305
0.9155 0.497986
0.9165 0.492647
0.9175 0.487289
0.9185 0.481911
0.9195 0.476515
0.9205 0.4711
0.9215 0.465666
0.9225 0.460214
0.9235 0.454744
0.9245 0.449255
0.9255 0.443749
0.9265 0.438226
0.9275 0.432685
0.9285 0.427127
0.9295 0.421552
0.9305 0.415961
0.9315 0.410353
0.9325 0.404729
0.9335 0.399089
0.9345 0.393433
0.9355 0.387762
0.9365 0.382075
0.9375 0.376373
0.9385 0.370657
0.9395 0.364925
0.9405 0.35918
0.9415 0.35342
0.9425 0.347646
0.9435 0.341859
0.9445 0.336058
0.9455 0.330244
0.9465 0.324416
0.9475 0.318576
0.9485 0.312724
0.9495 0.306859
0.9505 0.300981
0.9515 0.295092
0.9525 0.289192
0.9535 0.28328
0.9545 0.277356
0.9555 0.271422
0.9565 0.265477
0.9575 0.259522
0.9585 0.253556
0.9595 0.247581
0.9605 0.241595
0.9615 0.2356
0.9625 0.229596
0.9635 0.223583
0.9645 0.21756
0.9655 0.21153
0.9665 0.205491
0.9675 0.199443
0.9685 0.193388
0.9695 0.187326
0.9705 0.181256
0.9715 0.175178
0.9725 0.169094
0.9735 0.163003
0.9745 0.156906
0.9755 0.150802
0.9765 0.144693
0.9775 0.138578
0.9785 0.132457
0.9795 0.126331
0.9805 0.120201
0.9815 0.114065
0.9825 0.107925
0.9835 0.10178
0.9845 0.0956321
0.9855 0.08948
0.9865 0.0833243
0.9875 0.0771653
0.9885 0.0710033
0.9895 0.0648385
0.9905 0.0586711
0.9915 0.0525015
0.9925 0.0463297
0.9935 0.0401561
0.9945 0.0339809
0.9955 0.0278044
0.9965 0.0216268
0.9975 0.0154483
0.9985 0.00926923
0.9995 0.00308978

# time= 0.75
0.0005 0.000519378
0.0015 0.00155811
0.0025 0.00259679
0.0035 0.00363536
0.0045 0.00467378
0.0055 0.00571203
0.0065 0.00675005
0.0075 0.0077878
0.0085 0.00882524
0.0095 0.00986234
0.0105 0.010899
0.0115 0.0119353
0.0125 0.0129711
0.0135 0.0140064
0.0145 0.0150412
0.0155 0.0160753
0.0165 0.0171088
0.0175 0.0181416
0.0185 0.0191738
0.0195 0.0202051
0.0205 0.0212357
0.0215 0.0222654
0.0225 0.0232943
0.0235 0.0243222
0.0245 0.0253492
0.0255 0.0263751
0.0265 0.0274001
0.0275 0.0284239
0.0285 0.0294466
0.0295 0.0304682
0.0305 0.0314885
0.0315 0.0325076
0.0325 0.0335255
0.0335 0.034542
0.0345 0.0355571
0.0355 0.0365709
0.0365 0.0375832
0.0375 0.038594
0.0385 0.0396033
0.0395 0.040611
0.0405 0.0416171
0.0415 0.0426216
0.0425 0.0436244
0.0435 0.0446255
0.0445 0.0456248
0.0455 0.0466223
0.0465 0.0476179
0.0475 0.0486117
0.0485 0.0496036
0.0495 0.0505935
0.0505 0.0515814
0.0515 0.0525673
0.0525 0.0535511
0.0535 0.0545328
0.0545 0.0555123
0.0555 0.0564897
0.0565 0.0574648
0.0575 0.0584376
0.0585 0.0594082
0.0595 0.0603764
0.0605 0.0613422
0.0615 0.0623056
0.0625 0.0632665
0.0635 0.0642249
0.0645 0.0651808
0.0655 0.0661342
0.0665 0.0670849
0.0675 0.0680329
0.0685 0.0689783
0.0695 0.069921
0.0705 0.0708609
0.0715 0.071798
0.0725 0.0727322
0.0735 0.0736636
0.0745 0.0745921
0.0755 0.0755176
0.0765 0.0764402
0.0775 0.0773597
0.0785 0.0782762
0.0795 0.0791896
0.0805 0.0800999
0.0815 0.081007
0.0825 0.0819109
0.0835 0.0828116
0.0845 0.083709
0.0855 0.0846031
0.0865 0.0854938
0.0875 0.0863812
0.0885 0.0872652
0.0895 0.0881457
0.0905 0.0890228
0.0915 0.0898963
0.0925 0.0907663
0.0935 0.0916327
0.0945 0.0924955
0.0955 0.0933546
0.0965 0.0942101
0.0975 0.0950618
0.0985 0.0959098
0.0995 0.096754
0.1005 0.0975943
0.1015 0.0984309
0.1025 0.0992635
0.1035 0.100092
0.1045 0.100917
0.1055 0.101738
0.1065 0.102555
0.1075 0.103367
0.1085 0.104176
0.1095 0.10498
0.1105 0.105781
0.1115 0.106577
0.1125 0.107369
0.1135 0.108157
0.1145 0.10894
0.1155 0.109719
0.1165 0.110494
0.1175 0.111265
0.1185 0.112031
0.1195 0.112792
0.1205 0.11355
0.1215 0.114302
0.1225 0.115051
0.1235 0.115794
0.1245 0.116533
0.1255 0.117268
0.1265 0.117998
0.1275 0.118723
0.1285 0.119444
0.1295 0.120159
0.1305 0.12087
0.1315 0.121577
0.1325 0.122278
0.1335 0.122975
0.1345 0.123667
0.1355 0.124354
0.1365 0.125036
0.1375 0.125713
0.1385 0.126385
0.1395 0.127052
0.1405 0.127714
0.1415 0.128371
0.1425 0.129023
0.1435 0.12967
0.1445 0.130312
0.1455 0.130949
0.1465 0.13158
0.1475 0.132207
0.1485 0.132828
0.1495 0.133443
0.1505 0.134054
0.1515 0.134659
0.1525 0.135259
0.1535 0.135854
0.1545 0.136443
0.1555 0.137027
0.1565 0.137605
0.1575 0.138178
0.1585 0.138746
0.1595 0.139308
0.1605 0.139865
0.1615 0.140416
0.1625 0.140961
0.1635 0.141501
0.1645 0.142036
0.1655 0.142564
0.1665 0.143088
0.1675 0.143605
0.1685 0.144117
0.1695 0.144623
0.1705 0.145123
0.1715 0.145618
0.1725 0.146107
0.1735 0.14659
0.1745 0.147068
0.1755 0.147539
0.1765 0.148005
0.1775 0.148465
0.1785 0.148919
0.1795 0.149367
0.1805 0.149809
0.1815 0.150246
0.1825 0.150676
0.1835 0.151101
0.1845 0.151519
0.1855 0.151932
0.1865 0.152338
0.1875 0.152739
0.1885 0.153133
0.1895 0.153522
0.1905 0.153904
0.1915 0.154281
0.1925 0.154651
0.1935 0.155015
0.1945 0.155373
0.1955 0.155725
0.1965 0.15607
0.1975 0.15641
0.1985 0.156743
0.1995 0.157071
0.2005 0.157392
0.2015 0.157706
0.2025 0.158015
0.2035 0.158317
0.2045 0.158613
0.2055 0.158903
0.2065 0.159187
0.2075 0.159464
0.2085 0.159735
0.2095 0.159999
0.2105 0.160258
0.2115 0.16051
0.2125 0.160755
0.2135 0.160995
0.2145 0.161228
0.2155 0.161454
0.2165 0.161675
0.2175 0.161888
0.2185 0.162096
0.2195 0.162297
0.2205 0.162492
0.2215 0.16268
0.2225 0.162862
0.2235 0.163037
0.2245 0.163206
0.2255 0.163368
0.2265 0.163524
0.2275 0.163674
0.2285 0.163817
0.2295 0.163954
0.2305 0.164084
0.2315 0.164208
0.2325 0.164325
0.2335 0.164436
0.2345 0.16454
0.2355 0.164638
0.2365 0.164729
0.2375 0.164814
0.2385 0.164892
0.2395 0.164964
0.2405 0.165029
0.2415 0.165088
0.2425 0.16514
0.2435 0.165185
0.2445 0.165225
0.2455 0.165257
0.2465 0.165283
0.2475 0.165303
0.2485 0.165316
0.2495 0.165323
0.2505 0.165323
0.2515 0.165316
0.2525 0.165303
0.2535 0.165283
0.2545 0.165257
0.2555 0.165225
0.2565 0.165185
0.2575 0.16514
0.2585 0.165088
0.2595 0.165029
0.2605 0.164964
0.2615 0.164892
0.2625 0.164814
0.2635 0.164729
0.2645 0.164638
0.2655 0.16454
0.2665 0.164436
0.2675 0.164325
0.2685 0.164208
0.2695 0.164084
0.2705 0.163954
0.2715 0.163817
0.2725 0.163674
0.2735 0.163524
0.2745 0.163368
0.2755 0.163206
0.2765 0.163037
0.2775 0.162862
0.2785 0.16268
0.2795 0.162492
0.2805 0.162297
0.2815 0.162096
0.2825 0.161888
0.2835 0.161675
0.2845 0.161454
0.2855 0.161228
0.2865 0.160995
0.2875 0.160755
0.2885 0.16051
0.2895 0.160258
0.2905 0.159999
0.2915 0.159735
0.2925 0.159464
0.2935 0.159187
0.2945 0.158903
0.2955 0.158613
0.2965 0.158317
0.2975 0.158015
0.2985 0.157706
0.2995 0.157392
0.3005 0.157071
0.3015 0.156743
0.3025 0.15641
0.3035 0.15607
0.3045 0.155725
0.3055 0.155373
0.3065 0.155015
0.3075 0.154651
0.3085 0.154281
0.3095 0.153904
0.3105 0.153522
0.3115 0.153133
0.3125 0.152739
0.3135 0.152338
0.3145 0.151932
0.3155 0.151519
0.3165 0.151101
0.3175 0.150676
0.3185 0.150246
0.3195 0.149809
0.3205 0.149367
0.3215 0.148919
0.3225 0.148465
0.3235 0.148005
0.3245 0.147539
0.3255 0.147068
0.3265 0.14659
0.3275 0.146107
0.3285 0.145618
0.3295 0.145123
0.3305 0.144623
0.3315 0.144117
0.3325 0.143605
0.3335 0.143088
0.3345 0.142564
0.3355 0.142036
0.3365 0.141501
0.3375 0.140961
0.3385 0.140416
0.3395 0.139865
0.3405 0.139308
0.3415 0.138746
0.3425 0.138178
0.3435 0.137605
0.3445 0.137027
0.3455 0.136443
0.3465 0.135854
0.3475 0.135259
0.3485 0.134659
0.3495 0.134054
0.3505 0.133443
0.3515 0.132828
0.3525 0.132207
0.3535 0.13158
0.3545 0.130949
0.3555 0.130312
0.3565 0.12967
0.3575 0.129023
0.3585 0.128371
0.3595 0.127714
0.3605 0.127052
0.3615 0.126385
0.3625 0.125713
0.3635 0.125036
0.3645 0.124354
0.3655 0.123667
0.3665 0.122975
0.3675 0.122278
0.3685 0.121577
0.3695 0.12087
0.3705 0.120159
0.3715 0.119444
0.3725 0.118723
0.3735 0.117998
0.3745 0.117268
0.3755 0.116533
0.3765 0.115794
0.3775 0.115051
0.3785 0.114302
0.3795 0.11355
0.3805 0.112792
0.3815 0.112031
0.3825 0.111265
0.3835 0.110494
0.3845 0.109719
0.3855 0.10894
0.3865 0.108157
0.3875 0.107369
0.3885 0.106577
0.3895 0.105781
0.3905 0.10498
0.3915 0.104176
0.3925 0.103367
0.3935 0.102555
0.3945 0.101738
0.3955 0.100917
0.3965 0.100092
0.3975 0.0992635
0.3985 0.0984309
0.3995 0.0975943
0.4005 0.096754
0.4015 0.0959098
0.4025 0.0950618
0.4035 0.0942101
0.4045 0.0933546
0.4055 0.0924955
0.4065 0.0916327
0.4075 0.0907663
0.4085 0.0898963
0.4095 0.0890228
0.4105 0.0881457
0.4115 0.0872652
0.4125 0.0863812
0.4135 0.0854938
0.4145 0.0846031
0.4155 0.083709
0.4165 0.0828116
0.4175 0.0819109
0.4185 0.081007
0.4195 0.0800999
0.4205 0.0791896
0.4215 0.0782762
0.4225 0.0773597
0.4235 0.0764402
0.4245 0.0755176
0.4255 0.0745921
0.4265 0.0736636
0.4275 0.0727322
0.4285 0.071798
0.4295 0.0708609
0.4305 0.069921
0.4315 0.0689783
0.4325 0.0680329
0.4335 0.0670849
0.4345 0.0661342
0.4355 0.0651808
0.4365 0.0642249
0.4375 0.0632665
0.4385 0.0623056
0.4395 0.0613422
0.4405 0.0603764
0.4415 0.0594082
0.4425 0.0584376
0.4435 0.0574648
0.4445 0.0564897
0.4455 0.0555123
0.4465 0.0545328
0.4475 0.0535511
0.4485 0.0525673
0.4495 0.0515814
0.4505 0.0505935
0.4515 0.0496036
0.4525 0.0486117
0.4535 0.0476179
0.4545 0.0466223
0.4555 0.0456248
0.4565 0.0446255
0.4575 0.0436244
0.4585 0.0426216
0.4595 0.0416171
0.4605 0.040611
0.4615 0.0396033
0.4625 0.038594
0.4635 0.0375832
0.4645 0.0365709
0.4655 0.0355571
0.4665 0.034542
0.4675 0.0335255
0.4685 0.0325076
0.4695 0.0314885
0.4705 0.0304682
0.4715 0.0294466
0.4725 0.0284239
0.4735 0.0274001
0.4745 0.0263751
0.4755 0.0253492
0.4765 0.0243222
0.4775 0.0232943
0.4785 0.0222654
0.4795 0.0212357
0.4805 0.0202051
0.4815 0.0191738
0.4825 0.0181416
0.4835 0.0171088
0.4845 0.0160753
0.4855 0.0150412
0.4865 0.0140064
0.4875 0.0129711
0.4885 0.0119353
0.4895 0.010899
0.4905 0.00986234
0.4915 0.00882524
0.4925 0.0077878
0.4935 0.00675005
0.4945 0.00571203
0.4955 0.00467378
0.4965 0.00363536
0.4975 0.00259679
0.4985 0.00155811
0.4995 0.000519378
0.5005 -0.000519378
0.5015 -0.00155811
0.5025 -0.00259679
0.5035 -0.00363536
0.5045 -0.00467378
0.5055 -0.00571203
0.5065 -0.00675005
0.5075 -0.0077878
0.5085 -0.00882524
0.5095 -0.00986234
0.5105 -0.010899
0.5115 -0.0119353
0.5125 -0.0129711
0.5135 -0.0140064
0.5145 -0.0150412
0.5155 -0.0160753
0.5165 -0.0171088
0.5175 -0.0181416
0.5185 -0.0191738
0.5195 -0.0202051
0.5205 -0.0212357
0.5215 -0.0222654
0.5225 -0.0232943
0.5235 -0.0243222
0.5245 -0.0253492
0.5255 -0.0263751
0.5265 -0.0274001
0.5275 -0.0284239
0.5285 -0.0294466
0.5295 -0.0304682
0.5305 -0.0314885
0.5315 -0.0325076
0.5325 -0.0335255
0.5335 -0.034542
0.5345 -0.0355571
0.5355 -0.0365709
0.5365 -0.0375832
0.5375 -0.038594
0.5385 -0.0396033
0.5395 -0.040611
0.5405 -0.0416171
0.5415 -0.0426216
0.5425 -0.0436244
0.5435 -0.0446255
0.5445 -0.0456248
0.5455 -0.0466223
0.5465 -0.0476179
0.5475 -0.0486117
0.5485 -0.0496036
0.5495 -0.0505935
0.5505 -0.0515814
0.5515 -0.0525673
0.5525 -0.0535511
0.5535 -0.0545328
0.5545 -0.0555123
0.5555 -0.0564897
0.5565 -0.0574648
0.5575 -0.0584376
0.5585 -0.0594082
0.5595 -0.0603764
0.5605 -0.0613422
0.5615 -0.0623056
0.5625 -0.0632665
0.5635 -0.0642249
0.5645 -0.0651808
0.5655 -0.0661342
0.5665 -0.0670849
0.5675 -0.0680329
0.5685 -0.0689783
0.5695 -0.069921
0.5705 -0.0708609
0.5715 -0.071798
0.5725 -0.0727322
0.5735 -0.0736636
0.5745 -0.0745921
0.5755 -0.0755176
0.5765 -0.0764402
0.5775 -0.0773597
0.5785 -0.0782762
0.5795 -0.0791896
0.5805 -0.0800999
0.5815 -0.081007
0.5825 -0.0819109
0.5835 -0.0828116
0.5845 -0.083709
0.5855 -0.0846031
0.5865 -0.0854938
0.5875 -0.0863812
0.5885 -0.0872652
0.5895 -0.0881457
0.5905 -0.0890228
0.5915 -0.0898963
0.5925 -0.0907663
0.5935 -0.0916327
0.5945 -0.0924955
0.5955 -0.0933546
0.5965 -0.0942101
0.5975 -0.0950618
0.5985 -0.0959098
0.5995 -0.096754
0.6005 -0.0975943
0.6015 -0.0984309
0.6025 -0.0992635
0.6035 -0.100092
0.6045 -0.100917
0.6055 -0.101738
0.6065 -0.102555
0.6075 -0.103367
0.6085 -0.104176
0.6095 -0.10498
0.6105 -0.105781
0.6115 -0.106577
0.6125 -0.107369
0.6135 -0.108157
0.6145 -0.10894
0.6155 -0.109719
0.6165 -0.110494
0.6175 -0.111265
0.6185 -0.112031
0.6195 -0.112792
0.6205 -0.11355
0.6215 -0.114302
0.6225 -0.115051
0.6235 -0.115794
0.6245 -0.116533
0.6255 -0.117268
0.6265 -0.117998
0.6275 -0.118723
0.6285 -0.119444
0.6295 -0.120159
0.6305 -0.12087
0.6315 -0.121577
0.6325 -0.122278
0.6335 -0.122975
0.6345 -0.123667
0.6355 -0.124354
0.6365 -0.125036
0.6375 -0.125713
0.6385 -0.126385
0.6395 -0.127052
0.6405 -0.127714
0.6415 -0.128371
0.6425 -0.129023
0.6435 -0.12967
0.6445 -0.130312
0.6455 -0.130949
0.6465 -0.13158
0.6475 -0.132207
0.6485 -0.132828
0.6495 -0.133443
0.6505 -0.134054
0.6515 -0.134659
0.6525 -0.135259
0.6535 -0.135854
0.6545 -0.136443
0.6555 -0.137027
0.6565 -0.137605
0.6575 -0.138178
0.6585 -0.138746
0.6595 -0.139308
0.6605 -0.139865
0.6615 -0.140416
0.6625 -0.140961
0.6635 -0.141501
0.6645 -0.142036
0.6655 -0.142564
0.6665 -0.143088
0.6675 -0.143605
0.6685 -0.144117
0.6695 -0.144623
0.6705 -0.145123
0.6715 -0.145618
0.6725 -0.146107
0.6735 -0.14659
0.6745 -0.147068
0.6755 -0.147539
0.6765 -0.148005
0.6775 -0.148465
0.6785 -0.148919
0.6795 -0.149367
0.6805 -0.149809
0.6815 -0.150246
0.6825 -0.150676
0.6835 -0.151101
0.6845 -0.151519
0.6855 -0.151932
0.6865 -0.152338
0.6875 -0.152739
0.6885 -0.153133
0.6895 -0.153522
0.6905 -0.153904
0.6915 -0.154281
0.6925 -0.154651
0.6935 -0.155015
0.6945 -0.155373
0.6955 -0.155725
0.6965 -0.15607
0.6975 -0.15641
0.6985 -0.156743
0.6995 -0.157071
0.7005 -0.157392
0.7015 -0.157706
0.7025 -0.158015
0.7035 -0.158317
0.7045 -0.158613
0.7055 -0.158903
0.7065 -0.159187
0.7075 -0.159464
0.7085 -0.159735
0.7095 -0.159999
0.7105 -0.160258
0.7115 -0.16051
0.7125 -0.160755
0.7135 -0.160995
0.7145 -0.161228
0.7155 -0.161454
0.7165 -0.161675
0.7175 -0.161888
0.7185 -0.162096
0.7195 -0.162297
0.7205 -0.162492
0.7215 -0.16268
0.7225 -0.162862
0.7235 -0.163037
0.7245 -0.163206
0.7255 -0.163368
0.7265 -0.163524
0.7275 -0.163674
0.7285 -0.163817
0.7295 -0.163954
0.7305 -0.164084
0.7315 -0.164208
0.7325 -0.164325
0.7335 -0.164436
0.7345 -0.16454
0.7355 -0.164638
0.7365 -0.164729
0.7375 -0.164814
0.7385 -0.164892
0.7395 -0.164964
0.7405 -0.165029
0.7415 -0.165088
0.7425 -0.16514
0.7435 -0.165185
0.7445 -0.165225
0.7455 -0.165257
0.7465 -0.165283
0.7475 -0.165303
0.7485 -0.165316
0.7495 -0.165323
0.7505 -0.165323
0.7515 -0.165316
0.7525 -0.165303
0.7535 -0.165283
0.7545 -0.165257
0.7555 -0.165225
0.7565 -0.165185
0.7575 -0.16514
0.7585 -0.165088
0.7595 -0.165029
0.7605 -0.164964
0.7615 -0.164892
0.7625 -0.164814
0.7635 -0.164729
0.7645 -0.164638
0.7655 -0.16454
0.7665 -0.164436
0.7675 -0.164325
0.7685 -0.164208
0.7695 -0.164084
0.7705 -0.163954
0.7715 -0.163817
0.7725 -0.163674
0.7735 -0.163524
0.7745 -0.163368
0.7755 -0.163206
0.7765 -0.163037
0.7775 -0.162862
0.7785 -0.16268
0.7795 -0.162492
0.7805 -0.162297
0.7815 -0.162096
0.7825 -0.161888
0.7835 -0.161675
0.7845 -0.161454
0.7855 -0.161228
0.7865 -0.160995
0.7875 -0.160755
0.7885 -0.16051
0.7895 -0.160258
0.7905 -0.159999
0.7915 -0.159735
0.7925 -0.159464
0.7935 -0.159187
0.7945 -0.158903
0.7955 -0.158613
0.7965 -0.158317
0.7975 -0.158015
0.7985 -0.157706
0.7995 -0.157392
0.8005 -0.157071
0.8015 -0.156743
0.8025 -0.15641
0.8035 -0.15607
0.8045 -0.155725
0.8055 -0.155373
0.8065 -0.155015
0.8075 -0.154651
0.8085 -0.154281
0.8095 -0.153904
0.8105 -0.153522
0.8115 -0.153133
0.8125 -0.152739
0.8135 -0.152338
0.8145 -0.151932
0.8155 -0.151519
0.8165 -0.151101
0.8175 -0.150676
0.8185 -0.150246
0.8195 -0.149809
0.8205 -0.149367
0.8215 -0.148919
0.8225 -0.148465
0.8235 -0.148005
0.8245 -0.147539
0.8255 -0.147068
0.8265 -0.14659
0.8275 -0.146107
0.8285 -0.145618
0.8295 -0.145123
0.8305 -0.144623
0.8315 -0.144117
0.8325 -0.143605
0.8335 -0.143088
0.8345 -0.142564
0.8355 -0.142036
0.8365 -0.141501
0.8375 -0.140961
0.8385 -0.140416
0.8395 -0.139865
0.8405 -0.139308
0.8415 -0.138746
0.8425 -0.138178
0.8435 -0.137605
0.8445 -0.137027
0.8455 -0.136443
0.8465 -0.135854
0.8475 -0.135259
0.8485 -0.134659
0.8495 -0.134054
0.8505 -0.133443
0.8515 -0.132828
0.8525 -0.132207
0.8535 -0.13158
0.8545 -0.130949
0.8555 -0.130312
0.8565 -0.12967
0.8575 -0.129023
0.8585 -0.128371
0.8595 -0.127714
0.8605 -0.127052
0.8615 -0.126385
0.8625 -0.125713
0.8635 -0.125036
0.8645 -0.124354
0.8655 -0.123667
0.8665 -0.122975
0.8675 -0.122278
0.8685 -0.121577
0.8695 -0.12087
0.8705 -0.120159
0.8715 -0.119444
0.8725 -0.118723
0.8735 -0.117998
0.8745 -0.117268
0.8755 -0.116533
0.8765 -0.115794
0.8775 -0.115051
0.8785 -0.114302
0.8795 -0.11355
0.8805 -0.112792
0.8815 -0.112031
0.8825 -0.111265
0.8835 -0.110494
0.8845 -0.109719
0.8855 -0.10894
0.8865 -0.108157
0.8875 -0.107369
0.8885 -0.106577
0.8895 -0.105781
0.8905 -0.10498
0.8915 -0.104176
0.8925 -0.103367
0.8935 -0.102555
0.8945 -0.101738
0.8955 -0.100917
0.8965 -0.100092
0.8975 -0.0992635
0.8985 -0.0984309
0.8995 -0.0975943
0.9005 -0.096754
0.9015 -0.0959098
0.9025 -0.0950618
0.9035 -0.0942101
0.9045 -0.0933546
0.9055 -0.0924955
0.9065 -0.0916327
0.9075 -0.0907663
0.9085 -0.0898963
0.9095 -0.0890228
0.9105 -0.0881457
0.9115 -0.0872652
0.9125 -0.0863812
0.9135 -0.0854938
0.9145 -0.0846031
0.9155 -0.083709
0.9165 -0.0828116
0.9175 -0.0819109
0.9185 -0.081007
0.9195 -0.0800999
0.9205 -0.0791896
0.9215 -0.0782762
0.9225 -0.0773597
0.9235 -0.0764402
0.9245 -0.0755176
0.9255 -0.0745921
0.9265 -0.0736636
0.9275 -0.0727322
0.9285 -0.071798
0.9295 -0.0708609
0.9305 -0.069921
0.9315 -0.0689783
0.9325 -0.0680329
0.9335 -0.0670849
0.9345 -0.0661342
0.9355 -0.0651808
0.9365 -0.0642249
0.9375 -0.0632665
0.9385 -0.0623056
0.9395 -0.0613422
0.9405 -0.0603764
0.9415 -0.0594082
0.9425 -0.0584376
0.9435 -0.0574648
0.9445 -0.0564897
0.9455 -0.0555123
0.9465 -0.0545328
0.9475 -0.0535511
0.9485 -0.0525673
0.9495 -0.0515814
0.9505 -0.0505935
0.9515 -0.0496036
0.9525 -0.0486117
0.9535 -0.0476179
0.9545 -0.0466223
0.9555 -0.0456248
0.9565 -0.0446255
0.9575 -0.0436244
0.9585 -0.0426216
0.9595 -0.0416171
0.9605 -0.040611
0.9615 -0.0396033
0.9625 -0.038594
0.9635 -0.0375832
0.9645 -0.0365709
0.9655 -0.0355571
0.9665 -0.034542
0.9675 -0.0335255
0.9685 -0.0325076
0.9695 -0.0314885
0.9705 -0.0304682
0.9715 -0.0294466
0.9725 -0.0284239
0.9735 -0.0274001
0.9745 -0.0263751
0.9755 -0.0253492
0.9765 -0.0243222
0.9775 -0.0232943
0.9785 -0.0222654
0.9795 -0.0212357
0.9805 -0.0202051
0.9815 -0.0191738
0.9825 -0.0181416
0.9835 -0.0171088
0.9845 -0.0160753
0.9855 -0.0150412
0.9865 -0.0140064
0.9875 -0.0129711
0.9885 -0.0119353
0.9895 -0.010899
0.9905 -0.00986234
0.9915 -0.00882524
0.9925 -0.0077878
0.9935 -0.00675005
0.9945 -0.00571203
0.9955 -0.00467378
0.9965 -0.00363536
0.9975 -0.00259679
0.9985 -0.00155811
0.9995 -0.000519378

# time= 1
0.0005 0.00314159
0.0015 0.00942464
0.0025 0.0157073
0.0035 0.0219894
0.0045 0.0282706
0.0055 0.0345506
0.0065 0.0408294
0.0075 0.0471065
0.0085 0.0533817
0.0095 0.0596548
0.0105 0.0659256
0.0115 0.0721938
0.0125 0.0784591
0.0135 0.0847213
0.0145 0.0909802
0.0155 0.0972355
0.0165 0.103487
0.0175 0.109734
0.0185 0.115977
0.0195 0.122216
0.0205 0.128449
0.0215 0.134678
0.0225 0.140901
0.0235 0.147119
0.0245 0.153331
0.0255 0.159537
0.0265 0.165736
0.0275 0.171929
0.0285 0.178115
0.0295 0.184294
0.0305 0.190466
0.0315 0.196631
0.0325 0.202787
0.0335 0.208936
0.0345 0.215076
0.0355 0.221208
0.0365 0.227331
0.0375 0.233445
0.0385 0.23955
0.0395 0.245646
0.0405 0.251732
0.0415 0.257807
0.0425 0.263873
0.0435 0.269928
0.0445 0.275973
0.0455 0.282007
0.0465 0.288029
0.0475 0.29404
0.0485 0.30004
0.0495 0.306028
0.0505 0.312003
0.0515 0.317967
0.0525 0.323917
0.0535 0.329855
0.0545 0.33578
0.0555 0.341692
0.0565 0.34759
0.0575 0.353475
0.0585 0.359345
0.0595 0.365202
0.0605 0.371044
0.0615 0.376871
0.0625 0.382683
0.0635 0.388481
0.0645 0.394263
0.0655 0.400029
0.0665 0.40578
0.0675 0.411514
0.0685 0.417233
0.0695 0.422935
0.0705 0.42862
0.0715 0.434288
0.0725 0.439939
0.0735 0.445573
0.0745 0.451189
0.0755 0.456787
0.0765 0.462368
0.0775 0.46793
0.0785 0.473473
0.0795 0.478998
0.0805 0.484504
0.0815 0.489991
0.0825 0.495459
0.0835 0.500907
0.0845 0.506335
0.0855 0.511743
0.0865 0.517131
0.0875 0.522499
0.0885 0.527846
0.0895 0.533172
0.0905 0.538477
0.0915 0.54376
0.0925 0.549023
0.0935 0.554263
0.0945 0.559482
0.0955 0.564679
0.0965 0.569853
0.0975 0.575005
0.0985 0.580134
0.0995 0.585241
0.1005 0.590324
0.1015 0.595384
0.1025 0.60042
0.1035 0.605433
0.1045 0.610422
0.1055 0.615386
0.1065 0.620327
0.1075 0.625243
0.1085 0.630134
0.1095 0.635
0.1105 0.639841
0.1115 0.644657
0.1125 0.649448
0.1135 0.654213
0.1145 0.658952
0.1155 0.663665
0.1165 0.668352
0.1175 0.673013
0.1185 0.677646
0.1195 0.682254
0.1205 0.686834
0.1215 0.691387
0.1225 0.695913
0.1235 0.700411
0.1245 0.704882
0.1255 0.709325
0.1265 0.71374
0.1275 0.718126
0.1285 0.722485
0.1295 0.726814
0.1305 0.731116
0.1315 0.735388
0.1325 0.739631
0.1335 0.743845
0.1345 0.74803
0.1355 0.752185
0.1365 0.75631
0.1375 0.760406
0.1385 0.764472
0.1395 0.768507
0.1405 0.772512
0.1415 0.776487
0.1425 0.78043
0.1435 0.784343
0.1445 0.788226
0.1455 0.792077
0.1465 0.795896
0.1475 0.799685
0.1485 0.803441
0.1495 0.807166
0.1505 0.81086
0.1515 0.814521
0.1525 0.81815
0.1535 0.821746
0.1545 0.825311
0.1555 0.828842
0.1565 0.832341
0.1575 0.835807
0.1585 0.83924
0.1595 0.84264
0.1605 0.846007
0.1615 0.84934
0.1625 0.85264
0.1635 0.855906
0.1645 0.859139
0.1655 0.862337
0.1665 0.865501
0.1675 0.868632
0.1685 0.871727
0.1695 0.874789
0.1705 0.877816
0.1715 0.880808
0.1725 0.883766
0.1735 0.886688
0.1745 0.889576
0.1755 0.892428
0.1765 0.895246
0.1775 0.898028
0.1785 0.900774
0.1795 0.903485
0.1805 0.90616
0.1815 0.9088
0.1825 0.911403
0.1835 0.913971
0.1845 0.916502
0.1855 0.918998
0.1865 0.921457
0.1875 0.92388
0.1885 0.926266
0.1895 0.928615
0.1905 0.930928
0.1915 0.933205
0.1925 0.935444
0.1935 0.937646
0.1945 0.939812
0.1955 0.94194
0.1965 0.944031
0.1975 0.946085
0.1985 0.948102
0.1995 0.950081
0.2005 0.952023
0.2015 0.953927
0.2025 0.955793
0.2035 0.957622
0.2045 0.959412
0.2055 0.961165
0.2065 0.96288
0.2075 0.964557
0.2085 0.966196
0.2095 0.967797
0.2105 0.96936
0.2115 0.970884
0.2125 0.97237
0.2135 0.973817
0.2145 0.975227
0.2155 0.976597
0.2165 0.977929
0.2175 0.979223
0.2185 0.980478
0.2195 0.981694
0.2205 0.982871
0.2215 0.98401
0.2225 0.985109
0.2235 0.98617
0.2245 0.987192
0.2255 0.988175
0.2265 0.989119
0.2275 0.990024
0.2285 0.990889
0.2295 0.991716
0.2305 0.992504
0.2315 0.993252
0.2325 0.993961
0.2335 0.994631
0.2345 0.995261
0.2355 0.995853
0.2365 0.996405
0.2375 0.996917
0.2385 0.997391
0.2395 0.997825
0.2405 0.998219
0.2415 0.998574
0.2425 0.99889
0.2435 0.999166
0.2445 0.999403
0.2455 0.9996
0.2465 0.999758
0.2475 0.999877
0.2485 0.999956
0.2495 0.999995
0.2505 0.999995
0.2515 0.999956
0.2525 0.999877
0.2535 0.999758
0.2545 0.9996
0.2555 0.999403
0.2565 0.999166
0.2575 0.99889
0.2585 0.998574
0.2595 0.998219
0.2605 0.997825
0.2615 0.997391
0.2625 0.996917
0.2635 0.996405
0.2645 0.995853
0.2655 0.995261
0.2665 0.994631
0.2675 0.993961
0.2685 0.993252
0.2695 0.992504
0.2705 0.991716
0.2715 0.990889
0.2725 0.990024
0.2735 0.989119
0.2745 0.988175
0.2755 0.987192
0.2765 0.98617
0.2775 0.985109
0.2785 0.98401
0.2795 0.982871
0.2805 0.981694
0.2815 0.980478
0.2825 0.979223
0.2835 0.977929
0.2845 0.976597
0.2855 0.975227
0.2865 0.973817
0.2875 0.97237
0.2885 0.970884
0.2895 0.96936
0.2905 0.967797
0.2915 0.966196
0.2925 0.964557
0.2935 0.96288
0.2945 0.961165
0.2955 0.959412
0.2965 0.957622
0.2975 0.955793
0.2985 0.953927
0.2995 0.952023
0.3005 0.950081
0.3015 0.948102
0.3025 0.946085
0.3035 0.944031
0.3045 0.94194
0.3055 0.939812
0.3065 0.937646
0.3075 0.935444
0.3085 0.933205
0.3095 0.930928
0.3105 0.928615
0.3115 0.926266
0.3125 0.92388
0.3135 0.921457
0.3145 0.918998
0.3155 0.916502
0.3165 0.913971
0.3175 0.911403
0.3185 0.9088
0.3195 0.90616
0.3205 0.903485
0.3215 0.900774
0.3225 0.898028
0.3235 0.895246
0.3245 0.892428
0.3255 0.889576
0.3265 0.886688
0.3275 0.883766
0.3285 0.880808
0.3295 0.877816
0.3305 0.874789
0.3315 0.871727
0.3325 0.868632
0.3335 0.865501
0.3345 0.862337
0.3355 0.859139
0.3365 0.855906
0.3375 0.85264
0.3385 0.84934
0.3395 0.846007
0.3405 0.84264
0.3415 0.83924
0.3425 0.835807
0.3435 0.832341
0.3445 0.828842
0.3455 0.825311
0.3465 0.821746
0.3475 0.81815
0.3485 0.814521
0.3495 0.81086
0.3505 0.807166
0.3515 0.803441
0.3525 0.799685
0.3535 0.795896
0.3545 0.792077
0.3555 0.788226
0.3565 0.784343
0.3575 0.78043
0.3585 0.776487
0.3595 0.772512
0.3605 0.768507
0.3615 0.764472
0.3625 0.760406
0.3635 0.75631
0.3645 0.752185
0.3655 0.74803
0.3665 0.743845
0.3675 0.739631
0.3685 0.735388
0.3695 0.731116
0.3705 0.726814
0.3715 0.722485
0.3725 0.718126
0.3735 0.71374
0.3745 0.709325
0.3755 0.704882
0.3765 0.700411
0.3775 0.695913
0.3785 0.691387
0.3795 0.686834
0.3805 0.682254
0.3815 0.677646
0.3825 0.673013
0.3835 0.668352
0.3845 0.663665
0.3855 0.658952
0.3865 0.654213
0.3875 0.649448
0.3885 0.644657
0.3895 0.639841
0.3905 0.635
0.3915 0.630134
0.3925 0.625243
0.3935 0.620327
0.3945 0.615386
0.3955 0.610422
0.3965 0.605433
0.3975 0.60042
0.3985 0.595384
0.3995 0.590324
0.4005 0.585241
0.4015 0.580134
0.4025 0.575005
0.4035 0.569853
0.4045 0.564679
0.4055 0.559482
0.4065 0.554263
0.4075 0.549023
0.4085 0.54376
0.4095 0.538477
0.4105 0.533172
0.4115 0.527846
0.4125 0.522499
0.4135 0.517131
0.4145 0.511743
0.4155 0.506335
0.4165 0.500907
0.4175 0.495459
0.4185 0.489991
0.4195 0.484504
0.4205 0.478998
0.4215 0.473473
0.4225 0.46793
0.4235 0.462368
0.4245 0.456787
0.4255 0.451189
0.4265 0.445573
0.4275 0.439939
0.4285 0.434288
0.4295 0.42862
0.4305 0.422935
0.4315 0.417233
0.4325 0.411514
0.4335 0.40578
0.4345 0.400029
0.4355 0.394263
0.4365 0.388481
0.4375 0.382683
0.4385 0.376871
0.4395 0.371044
0.4405 0.365202
0.4415 0.359345
0.4425 0.353475
0.4435 0.34759
0.4445 0.341692
0.4455 0.33578
0.4465 0.329855
0.4475 0.323917
0.4485 0.317967
0.4495 0.312003
0.4505 0.306028
0.4515 0.30004
0.4525 0.29404
0.4535 0.288029
0.4545 0.282007
0.4555 0.275973
0.4565 0.269928
0.4575 0.263873
0.4585 0.257807
0.4595 0.251732
0.4605 0.245646
0.4615 0.23955
0.4625 0.233445
0.4635 0.227331
0.4645 0.221208
0.4655 0.215076
0.4665 0.208936
0.4675 0.202787
0.4685 0.196631
0.4695 0.190466
0.4705 0.184294
0.4715 0.178115
0.4725 0.171929
0.4735 0.165736
0.4745 0.159537
0.4755 0.153331
0.4765 0.147119
0.4775 0.140901
0.4785 0.134678
0.4795 0.128449
0.4805 0.122216
0.4815 0.115977
0.4825 0.109734
0.4835 0.103487
0.4845 0.0972355
0.4855 0.0909802
0.4865 0.0847213
0.4875 0.0784591
0.4885 0.0721938
0.4895 0.0659256
0.4905 0.0596548
0.4915 0.0533817
0.4925 0.0471065
0.4935 0.0408294
0.4945 0.0345506
0.4955 0.0282706
0.4965 0.0219894
0.4975 0.0157073
0.4985 0.00942464
0.4995 0.00314159
0.5005 -0.00314159
0.5015 -0.00942464
0.5025 -0.0157073
0.5035 -0.0219894
0.5045 -0.0282706
0.5055 -0.0345506
0.5065 -0.0408294
0.5075 -0.0471065
0.5085 -0.0533817
0.5095 -0.0596548
0.5105 -0.0659256
0.5115 -0.0721938
0.5125 -0.0784591
0.5135 -0.0847213
0.5145 -0.0909802
0.5155 -0.0972355
0.5165 -0.103487
0.5175 -0.109734
0.5185 -0.115977
0.5195 -0.122216
0.5205 -0.128449
0.5215 -0.134678
0.5225 -0.140901
0.5235 -0.147119
0.5245 -0.153331
0.5255 -0.159537
0.5265 -0.165736
0.5275 -0.171929
0.5285 -0.178115
0.5295 -0.184294
0.5305 -0.190466
0.5315 -0.196631
0.5325 -0.202787
0.5335 -0.208936
0.5345 -0.215076
0.5355 -0.221208
0.5365 -0.227331
0.5375 -0.233445
0.5385 -0.23955
0.5395 -0.245646
0.5405 -0.251732
0.5415 -0.257807
0.5425 -0.263873
0.5435 -0.269928
0.5445 -0.275973
0.5455 -0.282007
0.5465 -0.288029
0.5475 -0.29404
0.5485 -0.30004
0.5495 -0.306028
0.5505 -0.312003
0.5515 -0.317967
0.5525 -0.323917
0.5535 -0.329855
0.5545 -0.33578
0.5555 -0.341692
0.5565 -0.34759
0.5575 -0.353475
0.5585 -0.359345
0.5595 -0.365202
0.5605 -0.371044
0.5615 -0.376871
0.5625 -0.382683
0.5635 -0.388481
0.5645 -0.394263
0.5655 -0.400029
0.5665 -0.40578
0.5675 -0.411514
0.5685 -0.417233
0.5695 -0.422935
0.5705 -0.42862
0.5715 -0.434288
0.5725 -0.439939
0.5735 -0.445573
0.5745 -0.451189
0.5755 -0.456787
0.5765 -0.462368
0.5775 -0.46793
0.5785 -0.473473
0.5795 -0.478998
0.5805 -0.484504
0.5815 -0.489991
0.5825 -0.495459
0.5835 -0.500907
0.5845 -0.506335
0.5855 -0.511743
0.5865 -0.517131
0.5875 -0.522499
0.5885 -0.527846
0.5895 -0.533172
0.5905 -0.538477
0.5915 -0.54376
0.5925 -0.549023
0.5935 -0.554263
0.5945 -0.559482
0.5955 -0.564679
0.5965 -0.569853
0.5975 -0.575005
0.5985 -0.580134
0.5995 -0.585241
0.6005 -0.590324
0.6015 -0.595384
0.6025 -0.60042
0.6035 -0.605433
0.6045 -0.610422
0.6055 -0.615386
0.6065 -0.620327
0.6075 -0.625243
0.6085 -0.630134
0.6095 -0.635
0.6105 -0.639841
0.6115 -0.644657
0.6125 -0.649448
0.6135 -0.654213
0.6145 -0.658952
0.6155 -0.663665
0.6165 -0.668352
0.6175 -0.673013
0.6185 -0.677646
0.6195 -0.682254
0.6205 -0.686834
0.6215 -0.691387
0.6225 -0.695913
0.6235 -0.700411
0.6245 -0.704882
0.6255 -0.709325
0.6265 -0.71374
0.6275 -0.718126
0.6285 -0.722485
0.6295 -0.726814
0.6305 -0.731116
0.6315 -0.735388
0.6325 -0.739631
0.6335 -0.743845
0.6345 -0.74803
0.6355 -0.752185
0.6365 -0.75631
0.6375 -0.760406
0.6385 -0.764472
0.6395 -0.768507
0.6405 -0.772512
0.6415 -0.776487
0.6425 -0.78043
0.6435 -0.784343
0.6445 -0.788226
0.6455 -0.792077
0.6465 -0.795896
0.6475 -0.799685
0.6485 -0.803441
0.6495 -0.807166
0.6505 -0.81086
0.6515 -0.814521
0.6525 -0.81815
0.6535 -0.821746
0.6545 -0.825311
0.6555 -0.828842
0.6565 -0.832341
0.6575 -0.835807
0.6585 -0.83924
0.6595 -0.84264
0.6605 -0.846007
0.6615 -0.84934
0.6625 -0.85264
0.6635 -0.855906
0.6645 -0.859139
0.6655 -0.862337
0.6665 -0.865501
0.6675 -0.868632
0.6685 -0.871727
0.6695 -0.874789
0.6705 -0.877816
0.6715 -0.880808
0.6725 -0.883766
0.6735 -0.886688
0.6745 -0.889576
0.6755 -0.892428
0.6765 -0.895246
0.6775 -0.898028
0.6785 -0.900774
0.6795 -0.903485
0.6805 -0.90616
0.6815 -0.9088
0.6825 -0.911403
0.6835 -0.913971
0.6845 -0.916502
0.6855 -0.918998
0.6865 -0.921457
0.6875 -0.92388
0.6885 -0.926266
0.6895 -0.928615
0.6905 -0.930928
0.6915 -0.933205
0.6925 -0.935444
0.6935 -0.937646
0.6945 -0.939812
0.6955 -0.94194
0.6965 -0.944031
0.6975 -0.946085
0.6985 -0.948102
0.6995 -0.950081
0.7005 -0.952023
0.7015 -0.953927
0.7025 -0.955793
0.7035 -0.957622
0.7045 -0.959412
0.7055 -0.961165
0.7065 -0.96288
0.7075 -0.964557
0.7085 -0.966196
0.7095 -0.967797
0.7105 -0.96936
0.7115 -0.970884
0.7125 -0.97237
0.7135 -0.973817
0.7145 -0.975227
0.7155 -0.976597
0.7165 -0.977929
0.7175 -0.979223
0.7185 -0.980478
0.7195 -0.981694
0.7205 -0.982871
0.7215 -0.98401
0.7225 -0.985109
0.7235 -0.98617
0.7245 -0.987192
0.7255 -0.988175
0.7265 -0.989119
0.7275 -0.990024
0.7285 -0.990889
0.7295 -0.991716
0.7305 -0.992504
0.7315 -0.993252
0.7325 -0.993961
0.7335 -0.994631
0.7345 -0.995261
0.7355 -0.995853
0.7365 -0.996405
0.7375 -0.996917
0.7385 -0.997391
0.7395 -0.997825
0.7405 -0.998219
0.7415 -0.998574
0.7425 -0.99889
0.7435 -0.999166
0.7445 -0.999403
0.7455 -0.9996
0.7465 -0.999758
0.7475 -0.999877
0.7485 -0.999956
0.7495 -0.999995
0.7505 -0.999995
0.7515 -0.999956
0.7525 -0.999877
0.7535 -0.999758
0.7545 -0.9996
0.7555 -0.999403
0.7565 -0.999166
0.7575 -0.99889
0.7585 -0.998574
0.7595 -0.998219
0.7605 -0.997825
0.7615 -0.997391
0.7625 -0.996917
0.7635 -0.996405
0.7645 -0.995853
0.7655 -0.995261
0.7665 -0.994631
0.7675 -0.993961
0.7685 -0.993252
0.7695 -0.992504
0.7705 -0.991716
0.7715 -0.990889
0.7725 -0.990024
0.7735 -0.989119
0.7745 -0.988175
0.7755 -0.987192
0.7765 -0.98617
0.7775 -0.985109
0.7785 -0.98401
0.7795 -0.982871
0.7805 -0.981694
0.7815 -0.980478
0.7825 -0.979223
0.7835 -0.977929
0.7845 -0.976597
0.7855 -0.975227
0.7865 -0.973817
0.7875 -0.97237
0.7885 -0.970884
0.7895 -0.96936
0.7905 -0.967797
0.7915 -0.966196
0.7925 -0.964557
0.7935 -0.96288
0.7945 -0.961165
0.7955 -0.959412
0.7965 -0.957622
0.7975 -0.955793
0.7985 -0.953927
0.7995 -0.952023
0.8005 -0.950081
0.8015 -0.948102
0.8025 -0.946085
0.8035 -0.944031
0.8045 -0.94194
0.8055 -0.939812
0.8065 -0.937646
0.8075 -0.935444
0.8085 -0.933205
0.8095 -0.930928
0.8105 -0.928615
0.8115 -0.926266
0.8125 -0.92388
0.8135 -0.921457
0.8145 -0.918998
0.8155 -0.916502
0.8165 -0.913971
0.8175 -0.911403
0.8185 -0.9088
0.8195 -0.90616
0.8205 -0.903485
0.8215 -0.900774
0.8225 -0.898028
0.8235 -0.895246
0.8245 -0.892428
0.8255 -0.889576
0.8265 -0.886688
0.8275 -0.883766
0.8285 -0.880808
0.8295 -0.877816
0.8305 -0.874789
0.8315 -0.871727
0.8325 -0.868632
0.8335 -0.865501
0.8345 -0.862337
0.8355 -0.859139
0.8365 -0.855906
0.8375 -0.85264
0.8385 -0.84934
0.8395 -0.846007
0.8405 -0.84264
0.8415 -0.83924
0.8425 -0.835807
0.8435 -0.832341
0.8445 -0.828842
0.8455 -0.825311
0.8465 -0.821746
0.8475 -0.81815
0.8485 -0.814521
0.8495 -0.81086
0.8505 -0.807166
0.8515 -0.803441
0.8525 -0.799685
0.8535 -0.795896
0.8545 -0.792077
0.8555 -0.788226
0.8565 -0.784343
0.8575 -0.78043
0.8585 -0.776487
0.8595 -0.772512
0.8605 -0.768507
0.8615 -0.764472
0.8625 -0.760406
0.8635 -0.75631
0.8645 -0.752185
0.8655 -0.74803
0.8665 -0.743845
0.8675 -0.739631
0.8685 -0.735388
0.8695 -0.731116
0.8705 -0.726814
0.8715 -0.722485
0.8725 -0.718126
0.8735 -0.71374
0.8745 -0.709325
0.8755 -0.704882
0.8765 -0.700411
0.8775 -0.695913
0.8785 -0.691387
0.8795 -0.686834
0.8805 -0.682254
0.8815 -0.677646
0.8825 -0.673013
0.8835 -0.668352
0.8845 -0.663665
0.8855 -0.658952
0.8865 -0.654213
0.8875 -0.649448
0.8885 -0.644657
0.8895 -0.639841
0.8905 -0.635
0.8915 -0.630134
0.8925 -0.625243
0.8935 -0.620327
0.8945 -0.615386
0.8955 -0.610422
0.8965 -0.605433
0.8975 -0.60042
0.8985 -0.595384
0.8995 -0.590324
0.9005 -0.585241
0.9015 -0.580134
0.9025 -0.575005
0.9035 -0.569853
0.9045 -0.564679
0.9055 -0.559482
0.9065 -0.554263
0.9075 -0.549023
0.9085 -0.54376
0.9095 -0.538477
0.9105 -0.533172
0.9115 -0.527846
0.9125 -0.522499
0.9135 -0.517131
0.9145 -0.511743
0.9155 -0.506335
0.9165 -0.500907
0.9175 -0.495459
0.9185 -0.489991
0.9195 -0.484504
0.9205 -0.478998
0.9215 -0.473473
0.9225 -0.46793
0.9235 -0.462368
0.9245 -0.456787
0.9255 -0.451189
0.9265 -0.445573
0.9275 -0.439939
0.9285 -0.434288
0.9295 -0.42862
0.9305 -0.422935
0.9315 -0.417233
0.9325 -0.411514
0.9335 -0.40578
0.9345 -0.400029
0.9355 -0.394263
0.9365 -0.388481
0.9375 -0.382683
0.9385 -0.376871
0.9395 -0.371044
0.9405 -0.365202
0.9415 -0.359345
0.9425 -0.353475
0.9435 -0.34759
0.9445 -0.341692
0.9455 -0.33578
0.9465 -0.329855
0.9475 -0.323917
0.9485 -0.317967
0.9495 -0.312003
0.9505 -0.306028
0.9515 -0.30004
0.9525 -0.29404
0.9535 -0.288029
0.9545 -0.282007
0.9555 -0.275973
0.9565 -0.269928
0.9575 -0.263873
0.9585 -0.257807
0.9595 -0.251732
0.9605 -0.245646
0.9615 -0.23955
0.9625 -0.233445
0.9635 -0.227331
0.9645 -0.221208
0.9655 -0.215076
0.9665 -0.208936
0.9675 -0.202787
0.9685 -0.196631
0.9695 -0.190466
0.9705 -0.184294
0.9715 -0.178115
0.9725 -0.171929
0.9735 -0.165736
0.9745 -0.159537
0.9755 -0.153331
0.9765 -0.147119
0.9775 -0.140901
0.9785 -0.134678
0.9795 -0.128449
0.9805 -0.122216
0.9815 -0.115977
0.9825 -0.109734
0.9835 -0.103487
0.9845 -0.0972355
0.9855 -0.0909802
0.9865 -0.0847213
0.9875 -0.0784591
0.9885 -0.0721938
0.9895 -0.0659256
0.9905 -0.0596548
0.9915 -0.0533817
0.9925 -0.0471065
0.9935 -0.0408294
0.9945 -0.0345506
0.9955 -0.0282706
0.9965 -0.0219894
0.9975 -0.0157073
0.9985 -0.00942464
0.9995 -0.00314159
