
# time= 0
0.0005 0.00314159
0.0015 0.00942464
0.0025 0.0157073
0.0035 0.0219894
0.0045 0.0282706
0.0055 0.0345506
0.0065 0.0408294
0.0075 0.0471065
0.0085 0.0533817
0.0095 0.0596548
0.0105 0.0659256
0.0115 0.0721938
0.0125 0.0784591
0.0135 0.0847213
0.0145 0.0909802
0.0155 0.0972355
0.0165 0.103487
0.0175 0.109734
0.0185 0.115977
0.0195 0.122216
0.0205 0.128449
0.0215 0.134678
0.0225 0.140901
0.0235 0.147119
0.0245 0.153331
0.0255 0.159537
0.0265 0.165736
0.0275 0.171929
0.0285 0.178115
0.0295 0.184294
0.0305 0.190466
0.0315 0.196631
0.0325 0.202787
0.0335 0.208936
0.0345 0.215076
0.0355 0.221208
0.0365 0.227331
0.0375 0.233445
0.0385 0.23955
0.0395 0.245646
0.0405 0.251732
0.0415 0.257807
0.0425 0.263873
0.0435 0.269928
0.0445 0.275973
0.0455 0.282007
0.0465 0.288029
0.0475 0.29404
0.0485 0.30004
0.0495 0.306028
0.0505 0.312003
0.0515 0.317967
0.0525 0.323917
0.0535 0.329855
0.0545 0.33578
0.0555 0.341692
0.0565 0.34759
0.0575 0.353475
0.0585 0.359345
0.0595 0.365202
0.0605 0.371044
0.0615 0.376871
0.0625 0.382683
0.0635 0.388481
0.0645 0.394263
0.0655 0.400029
0.0665 0.40578
0.0675 0.411514
0.0685 0.417233
0.0695 0.422935
0.0705 0.42862
0.0715 0.434288
0.0725 0.439939
0.0735 0.445573
0.0745 0.451189
0.0755 0.456787
0.0765 0.462368
0.0775 0.46793
0.0785 0.473473
0.0795 0.478998
0.0805 0.484504
0.0815 0.489991
0.0825 0.495459
0.0835 0.500907
0.0845 0.506335
0.0855 0.511743
0.0865 0.517131
0.0875 0.522499
0.0885 0.527846
0.0895 0.533172
0.0905 0.538477
0.0915 0.54376
0.0925 0.549023
0.0935 0.554263
0.0945 0.559482
0.0955 0.564679
0.0965 0.569853
0.0975 0.575005
0.0985 0.580134
0.0995 0.585241
0.1005 0.590324
0.1015 0.595384
0.1025 0.60042
0.1035 0.605433
0.1045 0.610422
0.1055 0.615386
0.1065 0.620327
0.1075 0.625243
0.1085 0.630134
0.1095 0.635
0.1105 0.639841
0.1115 0.644657
0.1125 0.649448
0.1135 0.654213
0.1145 0.658952
0.1155 0.663665
0.1165 0.668352
0.1175 0.673013
0.1185 0.677646
0.1195 0.682254
0.1205 0.686834
0.1215 0.691387
0.1225 0.695913
0.1235 0.700411
0.1245 0.704882
0.1255 0.709325
0.1265 0.71374
0.1275 0.718126
0.1285 0.722485
0.1295 0.726814
0.1305 0.731116
0.1315 0.735388
0.1325 0.739631
0.1335 0.743845
0.1345 0.74803
0.1355 0.752185
0.1365 0.75631
0.1375 0.760406
0.1385 0.764472
0.1395 0.768507
0.1405 0.772512
0.1415 0.776487
0.1425 0.78043
0.1435 0.784343
0.1445 0.788226
0.1455 0.792077
0.1465 0.795896
0.1475 0.799685
0.1485 0.803441
0.1495 0.807166
0.1505 0.81086
0.1515 0.814521
0.1525 0.81815
0.1535 0.821746
0.1545 0.825311
0.1555 0.828842
0.1565 0.832341
0.1575 0.835807
0.1585 0.83924
0.1595 0.84264
0.1605 0.846007
0.1615 0.84934
0.1625 0.85264
0.1635 0.855906
0.1645 0.859139
0.1655 0.862337
0.1665 0.865501
0.1675 0.868632
0.1685 0.871727
0.1695 0.874789
0.1705 0.877816
0.1715 0.880808
0.1725 0.883766
0.1735 0.886688
0.1745 0.889576
0.1755 0.892428
0.1765 0.895246
0.1775 0.898028
0.1785 0.900774
0.1795 0.903485
0.1805 0.90616
0.1815 0.9088
0.1825 0.911403
0.1835 0.913971
0.1845 0.916502
0.1855 0.918998
0.1865 0.921457
0.1875 0.92388
0.1885 0.926266
0.1895 0.928615
0.1905 0.930928
0.1915 0.933205
0.1925 0.935444
0.1935 0.937646
0.1945 0.939812
0.1955 0.94194
0.1965 0.944031
0.1975 0.946085
0.1985 0.948102
0.1995 0.950081
0.2005 0.952023
0.2015 0.953927
0.2025 0.955793
0.2035 0.957622
0.2045 0.959412
0.2055 0.961165
0.2065 0.96288
0.2075 0.964557
0.2085 0.966196
0.2095 0.967797
0.2105 0.96936
0.2115 0.970884
0.2125 0.97237
0.2135 0.973817
0.2145 0.975227
0.2155 0.976597
0.2165 0.977929
0.2175 0.979223
0.2185 0.980478
0.2195 0.981694
0.2205 0.982871
0.2215 0.98401
0.2225 0.985109
0.2235 0.98617
0.2245 0.987192
0.2255 0.988175
0.2265 0.989119
0.2275 0.990024
0.2285 0.990889
0.2295 0.991716
0.2305 0.992504
0.2315 0.993252
0.2325 0.993961
0.2335 0.994631
0.2345 0.995261
0.2355 0.995853
0.2365 0.996405
0.2375 0.996917
0.2385 0.997391
0.2395 0.997825
0.2405 0.998219
0.2415 0.998574
0.2425 0.99889
0.2435 0.999166
0.2445 0.999403
0.2455 0.9996
0.2465 0.999758
0.2475 0.999877
0.2485 0.999956
0.2495 0.999995
0.2505 0.999995
0.2515 0.999956
0.2525 0.999877
0.2535 0.999758
0.2545 0.9996
0.2555 0.999403
0.2565 0.999166
0.2575 0.99889
0.2585 0.998574
0.2595 0.998219
0.2605 0.997825
0.2615 0.997391
0.2625 0.996917
0.2635 0.996405
0.2645 0.995853
0.2655 0.995261
0.2665 0.994631
0.2675 0.993961
0.2685 0.993252
0.2695 0.992504
0.2705 0.991716
0.2715 0.990889
0.2725 0.990024
0.2735 0.989119
0.2745 0.988175
0.2755 0.987192
0.2765 0.98617
0.2775 0.985109
0.2785 0.98401
0.2795 0.982871
0.2805 0.981694
0.2815 0.980478
0.2825 0.979223
0.2835 0.977929
0.2845 0.976597
0.2855 0.975227
0.2865 0.973817
0.2875 0.97237
0.2885 0.970884
0.2895 0.96936
0.2905 0.967797
0.2915 0.966196
0.2925 0.964557
0.2935 0.96288
0.2945 0.961165
0.2955 0.959412
0.2965 0.957622
0.2975 0.955793
0.2985 0.953927
0.2995 0.952023
0.3005 0.950081
0.3015 0.948102
0.3025 0.946085
0.3035 0.944031
0.3045 0.94194
0.3055 0.939812
0.3065 0.937646
0.3075 0.935444
0.3085 0.933205
0.3095 0.930928
0.3105 0.928615
0.3115 0.926266
0.3125 0.92388
0.3135 0.921457
0.3145 0.918998
0.3155 0.916502
0.3165 0.913971
0.3175 0.911403
0.3185 0.9088
0.3195 0.90616
0.3205 0.903485
0.3215 0.900774
0.3225 0.898028
0.3235 0.895246
0.3245 0.892428
0.3255 0.889576
0.3265 0.886688
0.3275 0.883766
0.3285 0.880808
0.3295 0.877816
0.3305 0.874789
0.3315 0.871727
0.3325 0.868632
0.3335 0.865501
0.3345 0.862337
0.3355 0.859139
0.3365 0.855906
0.3375 0.85264
0.3385 0.84934
0.3395 0.846007
0.3405 0.84264
0.3415 0.83924
0.3425 0.835807
0.3435 0.832341
0.3445 0.828842
0.3455 0.825311
0.3465 0.821746
0.3475 0.81815
0.3485 0.814521
0.3495 0.81086
0.3505 0.807166
0.3515 0.803441
0.3525 0.799685
0.3535 0.795896
0.3545 0.792077
0.3555 0.788226
0.3565 0.784343
0.3575 0.78043
0.3585 0.776487
0.3595 0.772512
0.3605 0.768507
0.3615 0.764472
0.3625 0.760406
0.3635 0.75631
0.3645 0.752185
0.3655 0.74803
0.3665 0.743845
0.3675 0.739631
0.3685 0.735388
0.3695 0.731116
0.3705 0.726814
0.3715 0.722485
0.3725 0.718126
0.3735 0.71374
0.3745 0.709325
0.3755 0.704882
0.3765 0.700411
0.3775 0.695913
0.3785 0.691387
0.3795 0.686834
0.3805 0.682254
0.3815 0.677646
0.3825 0.673013
0.3835 0.668352
0.3845 0.663665
0.3855 0.658952
0.3865 0.654213
0.3875 0.649448
0.3885 0.644657
0.3895 0.639841
0.3905 0.635
0.3915 0.630134
0.3925 0.625243
0.3935 0.620327
0.3945 0.615386
0.3955 0.610422
0.3965 0.605433
0.3975 0.60042
0.3985 0.595384
0.3995 0.590324
0.4005 0.585241
0.4015 0.580134
0.4025 0.575005
0.4035 0.569853
0.4045 0.564679
0.4055 0.559482
0.4065 0.554263
0.4075 0.549023
0.4085 0.54376
0.4095 0.538477
0.4105 0.533172
0.4115 0.527846
0.4125 0.522499
0.4135 0.517131
0.4145 0.511743
0.4155 0.506335
0.4165 0.500907
0.4175 0.495459
0.4185 0.489991
0.4195 0.484504
0.4205 0.478998
0.4215 0.473473
0.4225 0.46793
0.4235 0.462368
0.4245 0.456787
0.4255 0.451189
0.4265 0.445573
0.4275 0.439939
0.4285 0.434288
0.4295 0.42862
0.4305 0.422935
0.4315 0.417233
0.4325 0.411514
0.4335 0.40578
0.4345 0.400029
0.4355 0.394263
0.4365 0.388481
0.4375 0.382683
0.4385 0.376871
0.4395 0.371044
0.4405 0.365202
0.4415 0.359345
0.4425 0.353475
0.4435 0.34759
0.4445 0.341692
0.4455 0.33578
0.4465 0.329855
0.4475 0.323917
0.4485 0.317967
0.4495 0.312003
0.4505 0.306028
0.4515 0.30004
0.4525 0.29404
0.4535 0.288029
0.4545 0.282007
0.4555 0.275973
0.4565 0.269928
0.4575 0.263873
0.4585 0.257807
0.4595 0.251732
0.4605 0.245646
0.4615 0.23955
0.4625 0.233445
0.4635 0.227331
0.4645 0.221208
0.4655 0.215076
0.4665 0.208936
0.4675 0.202787
0.4685 0.196631
0.4695 0.190466
0.4705 0.184294
0.4715 0.178115
0.4725 0.171929
0.4735 0.165736
0.4745 0.159537
0.4755 0.153331
0.4765 0.147119
0.4775 0.140901
0.4785 0.134678
0.4795 0.128449
0.4805 0.122216
0.4815 0.115977
0.4825 0.109734
0.4835 0.103487
0.4845 0.0972355
0.4855 0.0909802
0.4865 0.0847213
0.4875 0.0784591
0.4885 0.0721938
0.4895 0.0659256
0.4905 0.0596548
0.4915 0.0533817
0.4925 0.0471065
0.4935 0.0408294
0.4945 0.0345506
0.4955 0.0282706
0.4965 0.0219894
0.4975 0.0157073
0.4985 0.00942464
0.4995 0.00314159
0.5005 -0.00314159
0.5015 -0.00942464
0.5025 -0.0157073
0.5035 -0.0219894
0.5045 -0.0282706
0.5055 -0.0345506
0.5065 -0.0408294
0.5075 -0.0471065
0.5085 -0.0533817
0.5095 -0.0596548
0.5105 -0.0659256
0.5115 -0.0721938
0.5125 -0.0784591
0.5135 -0.0847213
0.5145 -0.0909802
0.5155 -0.0972355
0.5165 -0.103487
0.5175 -0.109734
0.5185 -0.115977
0.5195 -0.122216
0.5205 -0.128449
0.5215 -0.134678
0.5225 -0.140901
0.5235 -0.147119
0.5245 -0.153331
0.5255 -0.159537
0.5265 -0.165736
0.5275 -0.171929
0.5285 -0.178115
0.5295 -0.184294
0.5305 -0.190466
0.5315 -0.196631
0.5325 -0.202787
0.5335 -0.208936
0.5345 -0.215076
0.5355 -0.221208
0.5365 -0.227331
0.5375 -0.233445
0.5385 -0.23955
0.5395 -0.245646
0.5405 -0.251732
0.5415 -0.257807
0.5425 -0.263873
0.5435 -0.269928
0.5445 -0.275973
0.5455 -0.282007
0.5465 -0.288029
0.5475 -0.29404
0.5485 -0.30004
0.5495 -0.306028
0.5505 -0.312003
0.5515 -0.317967
0.5525 -0.323917
0.5535 -0.329855
0.5545 -0.33578
0.5555 -0.341692
0.5565 -0.34759
0.5575 -0.353475
0.5585 -0.359345
0.5595 -0.365202
0.5605 -0.371044
0.5615 -0.376871
0.5625 -0.382683
0.5635 -0.388481
0.5645 -0.394263
0.5655 -0.400029
0.5665 -0.40578
0.5675 -0.411514
0.5685 -0.417233
0.5695 -0.422935
0.5705 -0.42862
0.5715 -0.434288
0.5725 -0.439939
0.5735 -0.445573
0.5745 -0.451189
0.5755 -0.456787
0.5765 -0.462368
0.5775 -0.46793
0.5785 -0.473473
0.5795 -0.478998
0.5805 -0.484504
0.5815 -0.489991
0.5825 -0.495459
0.5835 -0.500907
0.5845 -0.506335
0.5855 -0.511743
0.5865 -0.517131
0.5875 -0.522499
0.5885 -0.527846
0.5895 -0.533172
0.5905 -0.538477
0.5915 -0.54376
0.5925 -0.549023
0.5935 -0.554263
0.5945 -0.559482
0.5955 -0.564679
0.5965 -0.569853
0.5975 -0.575005
0.5985 -0.580134
0.5995 -0.585241
0.6005 -0.590324
0.6015 -0.595384
0.6025 -0.60042
0.6035 -0.605433
0.6045 -0.610422
0.6055 -0.615386
0.6065 -0.620327
0.6075 -0.625243
0.6085 -0.630134
0.6095 -0.635
0.6105 -0.639841
0.6115 -0.644657
0.6125 -0.649448
0.6135 -0.654213
0.6145 -0.658952
0.6155 -0.663665
0.6165 -0.668352
0.6175 -0.673013
0.6185 -0.677646
0.6195 -0.682254
0.6205 -0.686834
0.6215 -0.691387
0.6225 -0.695913
0.6235 -0.700411
0.6245 -0.704882
0.6255 -0.709325
0.6265 -0.71374
0.6275 -0.718126
0.6285 -0.722485
0.6295 -0.726814
0.6305 -0.731116
0.6315 -0.735388
0.6325 -0.739631
0.6335 -0.743845
0.6345 -0.74803
0.6355 -0.752185
0.6365 -0.75631
0.6375 -0.760406
0.6385 -0.764472
0.6395 -0.768507
0.6405 -0.772512
0.6415 -0.776487
0.6425 -0.78043
0.6435 -0.784343
0.6445 -0.788226
0.6455 -0.792077
0.6465 -0.795896
0.6475 -0.799685
0.6485 -0.803441
0.6495 -0.807166
0.6505 -0.81086
0.6515 -0.814521
0.6525 -0.81815
0.6535 -0.821746
0.6545 -0.825311
0.6555 -0.828842
0.6565 -0.832341
0.6575 -0.835807
0.6585 -0.83924
0.6595 -0.84264
0.6605 -0.846007
0.6615 -0.84934
0.6625 -0.85264
0.6635 -0.855906
0.6645 -0.859139
0.6655 -0.862337
0.6665 -0.865501
0.6675 -0.868632
0.6685 -0.871727
0.6695 -0.874789
0.6705 -0.877816
0.6715 -0.880808
0.6725 -0.883766
0.6735 -0.886688
0.6745 -0.889576
0.6755 -0.892428
0.6765 -0.895246
0.6775 -0.898028
0.6785 -0.900774
0.6795 -0.903485
0.6805 -0.90616
0.6815 -0.9088
0.6825 -0.911403
0.6835 -0.913971
0.6845 -0.916502
0.6855 -0.918998
0.6865 -0.921457
0.6875 -0.92388
0.6885 -0.926266
0.6895 -0.928615
0.6905 -0.930928
0.6915 -0.933205
0.6925 -0.935444
0.6935 -0.937646
0.6945 -0.939812
0.6955 -0.94194
0.6965 -0.944031
0.6975 -0.946085
0.6985 -0.948102
0.6995 -0.950081
0.7005 -0.952023
0.7015 -0.953927
0.7025 -0.955793
0.7035 -0.957622
0.7045 -0.959412
0.7055 -0.961165
0.7065 -0.96288
0.7075 -0.964557
0.7085 -0.966196
0.7095 -0.967797
0.7105 -0.96936
0.7115 -0.970884
0.7125 -0.97237
0.7135 -0.973817
0.7145 -0.975227
0.7155 -0.976597
0.7165 -0.977929
0.7175 -0.979223
0.7185 -0.980478
0.7195 -0.981694
0.7205 -0.982871
0.7215 -0.98401
0.7225 -0.985109
0.7235 -0.98617
0.7245 -0.987192
0.7255 -0.988175
0.7265 -0.989119
0.7275 -0.990024
0.7285 -0.990889
0.7295 -0.991716
0.7305 -0.992504
0.7315 -0.993252
0.7325 -0.993961
0.7335 -0.994631
0.7345 -0.995261
0.7355 -0.995853
0.7365 -0.996405
0.7375 -0.996917
0.7385 -0.997391
0.7395 -0.997825
0.7405 -0.998219
0.7415 -0.998574
0.7425 -0.99889
0.7435 -0.999166
0.7445 -0.999403
0.7455 -0.9996
0.7465 -0.999758
0.7475 -0.999877
0.7485 -0.999956
0.7495 -0.999995
0.7505 -0.999995
0.7515 -0.999956
0.7525 -0.999877
0.7535 -0.999758
0.7545 -0.9996
0.7555 -0.999403
0.7565 -0.999166
0.7575 -0.99889
0.7585 -0.998574
0.7595 -0.998219
0.7605 -0.997825
0.7615 -0.997391
0.7625 -0.996917
0.7635 -0.996405
0.7645 -0.995853
0.7655 -0.995261
0.7665 -0.994631
0.7675 -0.993961
0.7685 -0.993252
0.7695 -0.992504
0.7705 -0.991716
0.7715 -0.990889
0.7725 -0.990024
0.7735 -0.989119
0.7745 -0.988175
0.7755 -0.987192
0.7765 -0.98617
0.7775 -0.985109
0.7785 -0.98401
0.7795 -0.982871
0.7805 -0.981694
0.7815 -0.980478
0.7825 -0.979223
0.7835 -0.977929
0.7845 -0.976597
0.7855 -0.975227
0.7865 -0.973817
0.7875 -0.97237
0.7885 -0.970884
0.7895 -0.96936
0.7905 -0.967797
0.7915 -0.966196
0.7925 -0.964557
0.7935 -0.96288
0.7945 -0.961165
0.7955 -0.959412
0.7965 -0.957622
0.7975 -0.955793
0.7985 -0.953927
0.7995 -0.952023
0.8005 -0.950081
0.8015 -0.948102
0.8025 -0.946085
0.8035 -0.944031
0.8045 -0.94194
0.8055 -0.939812
0.8065 -0.937646
0.8075 -0.935444
0.8085 -0.933205
0.8095 -0.930928
0.8105 -0.928615
0.8115 -0.926266
0.8125 -0.92388
0.8135 -0.921457
0.8145 -0.918998
0.8155 -0.916502
0.8165 -0.913971
0.8175 -0.911403
0.8185 -0.9088
0.8195 -0.90616
0.8205 -0.903485
0.8215 -0.900774
0.8225 -0.898028
0.8235 -0.895246
0.8245 -0.892428
0.8255 -0.889576
0.8265 -0.886688
0.8275 -0.883766
0.8285 -0.880808
0.8295 -0.877816
0.8305 -0.874789
0.8315 -0.871727
0.8325 -0.868632
0.8335 -0.865501
0.8345 -0.862337
0.8355 -0.859139
0.8365 -0.855906
0.8375 -0.85264
0.8385 -0.84934
0.8395 -0.846007
0.8405 -0.84264
0.8415 -0.83924
0.8425 -0.835807
0.8435 -0.832341
0.8445 -0.828842
0.8455 -0.825311
0.8465 -0.821746
0.8475 -0.81815
0.8485 -0.814521
0.8495 -0.81086
0.8505 -0.807166
0.8515 -0.803441
0.8525 -0.799685
0.8535 -0.795896
0.8545 -0.792077
0.8555 -0.788226
0.8565 -0.784343
0.8575 -0.78043
0.8585 -0.776487
0.8595 -0.772512
0.8605 -0.768507
0.8615 -0.764472
0.8625 -0.760406
0.8635 -0.75631
0.8645 -0.752185
0.8655 -0.74803
0.8665 -0.743845
0.8675 -0.739631
0.8685 -0.735388
0.8695 -0.731116
0.8705 -0.726814
0.8715 -0.722485
0.8725 -0.718126
0.8735 -0.71374
0.8745 -0.709325
0.8755 -0.704882
0.8765 -0.700411
0.8775 -0.695913
0.8785 -0.691387
0.8795 -0.686834
0.8805 -0.682254
0.8815 -0.677646
0.8825 -0.673013
0.8835 -0.668352
0.8845 -0.663665
0.8855 -0.658952
0.8865 -0.654213
0.8875 -0.649448
0.8885 -0.644657
0.8895 -0.639841
0.8905 -0.635
0.8915 -0.630134
0.8925 -0.625243
0.8935 -0.620327
0.8945 -0.615386
0.8955 -0.610422
0.8965 -0.605433
0.8975 -0.60042
0.8985 -0.595384
0.8995 -0.590324
0.9005 -0.585241
0.9015 -0.580134
0.9025 -0.575005
0.9035 -0.569853
0.9045 -0.564679
0.9055 -0.559482
0.9065 -0.554263
0.9075 -0.549023
0.9085 -0.54376
0.9095 -0.538477
0.9105 -0.533172
0.9115 -0.527846
0.9125 -0.522499
0.9135 -0.517131
0.9145 -0.511743
0.9155 -0.506335
0.9165 -0.500907
0.9175 -0.495459
0.9185 -0.489991
0.9195 -0.484504
0.9205 -0.478998
0.9215 -0.473473
0.9225 -0.46793
0.9235 -0.462368
0.9245 -0.456787
0.9255 -0.451189
0.9265 -0.445573
0.9275 -0.439939
0.9285 -0.434288
0.9295 -0.42862
0.9305 -0.422935
0.9315 -0.417233
0.9325 -0.411514
0.9335 -0.40578
0.9345 -0.400029
0.9355 -0.394263
0.9365 -0.388481
0.9375 -0.382683
0.9385 -0.376871
0.9395 -0.371044
0.9405 -0.365202
0.9415 -0.359345
0.9425 -0.353475
0.9435 -0.34759
0.9445 -0.341692
0.9455 -0.33578
0.9465 -0.329855
0.9475 -0.323917
0.9485 -0.317967
0.9495 -0.312003
0.9505 -0.306028
0.9515 -0.30004
0.9525 -0.29404
0.9535 -0.288029
0.9545 -0.282007
0.9555 -0.275973
0.9565 -0.269928
0.9575 -0.263873
0.9585 -0.257807
0.9595 -0.251732
0.9605 -0.245646
0.9615 -0.23955
0.9625 -0.233445
0.9635 -0.227331
0.9645 -0.221208
0.9655 -0.215076
0.9665 -0.208936
0.9675 -0.202787
0.9685 -0.196631
0.9695 -0.190466
0.9705 -0.184294
0.9715 -0.178115
0.9725 -0.171929
0.9735 -0.165736
0.9745 -0.159537
0.9755 -0.153331
0.9765 -0.147119
0.9775 -0.140901
0.9785 -0.134678
0.9795 -0.128449
0.9805 -0.122216
0.9815 -0.115977
0.9825 -0.109734
0.9835 -0.103487
0.9845 -0.0972355
0.9855 -0.0909802
0.9865 -0.0847213
0.9875 -0.0784591
0.9885 -0.0721938
0.9895 -0.0659256
0.9905 -0.0596548
0.9915 -0.0533817
0.9925 -0.0471065
0.9935 -0.0408294
0.9945 -0.0345506
0.9955 -0.0282706
0.9965 -0.0219894
0.9975 -0.0157073
0.9985 -0.00942464
0.9995 -0.00314159

# time= 0.24
0.0005 4.1559e-06
0.0015 1.24675e-05
0.0025 2.07787e-05
0.0035 2.9089e-05
0.0045 3.73981e-05
0.0055 4.57058e-05
0.0065 5.40117e-05
0.0075 6.23155e-05
0.0085 7.06168e-05
0.0095 7.89153e-05
0.0105 8.72107e-05
0.0115 9.55026e-05
0.0125 0.000103791
0.0135 0.000112075
0.0145 0.000120355
0.0155 0.000128629
0.0165 0.000136899
0.0175 0.000145164
0.0185 0.000153422
0.0195 0.000161675
0.0205 0.000169921
0.0215 0.000178161
0.0225 0.000186393
0.0235 0.000194618
0.0245 0.000202836
0.0255 0.000211045
0.0265 0.000219246
0.0275 0.000227439
0.0285 0.000235622
0.0295 0.000243797
0.0305 0.000251961
0.0315 0.000260116
0.0325 0.00026826
0.0335 0.000276394
0.0345 0.000284517
0.0355 0.000292628
0.0365 0.000300728
0.0375 0.000308817
0.0385 0.000316893
0.0395 0.000324956
0.0405 0.000333007
0.0415 0.000341044
0.0425 0.000349068
0.0435 0.000357079
0.0445 0.000365075
0.0455 0.000373057
0.0465 0.000381024
0.0475 0.000388976
0.0485 0.000396912
0.0495 0.000404833
0.0505 0.000412738
0.0515 0.000420627
0.0525 0.000428499
0.0535 0.000436354
0.0545 0.000444192
0.0555 0.000452012
0.0565 0.000459815
0.0575 0.000467599
0.0585 0.000475365
0.0595 0.000483113
0.0605 0.000490841
0.0615 0.000498549
0.0625 0.000506238
0.0635 0.000513908
0.0645 0.000521556
0.0655 0.000529184
0.0665 0.000536792
0.0675 0.000544378
0.0685 0.000551942
0.0695 0.000559485
0.0705 0.000567006
0.0715 0.000574504
0.0725 0.00058198
0.0735 0.000589433
0.0745 0.000596862
0.0755 0.000604268
0.0765 0.00061165
0.0775 0.000619008
0.0785 0.000626341
0.0795 0.00063365
0.0805 0.000640934
0.0815 0.000648192
0.0825 0.000655425
0.0835 0.000662632
0.0845 0.000669812
0.0855 0.000676967
0.0865 0.000684094
0.0875 0.000691195
0.0885 0.000698268
0.0895 0.000705314
0.0905 0.000712332
0.0915 0.000719322
0.0925 0.000726283
0.0935 0.000733216
0.0945 0.000740119
0.0955 0.000746994
0.0965 0.000753839
0.0975 0.000760654
0.0985 0.000767439
0.0995 0.000774194
0.1005 0.000780919
0.1015 0.000787612
0.1025 0.000794275
0.1035 0.000800906
0.1045 0.000807505
0.1055 0.000814073
0.1065 0.000820608
0.1075 0.000827111
0.1085 0.000833582
0.1095 0.000840019
0.1105 0.000846424
0.1115 0.000852795
0.1125 0.000859132
0.1135 0.000865435
0.1145 0.000871704
0.1155 0.000877939
0.1165 0.000884139
0.1175 0.000890305
0.1185 0.000896435
0.1195 0.000902529
0.1205 0.000908588
0.1215 0.000914611
0.1225 0.000920599
0.1235 0.000926549
0.1245 0.000932463
0.1255 0.000938341
0.1265 0.000944181
0.1275 0.000949984
0.1285 0.000955749
0.1295 0.000961477
0.1305 0.000967167
0.1315 0.000972819
0.1325 0.000978432
0.1335 0.000984007
0.1345 0.000989542
0.1355 0.000995039
0.1365 0.0010005
0.1375 0.00100591
0.1385 0.00101129
0.1395 0.00101663
0.1405 0.00102193
0.1415 0.00102719
0.1425 0.0010324
0.1435 0.00103758
0.1445 0.00104272
0.1455 0.00104781
0.1465 0.00105286
0.1475 0.00105787
0.1485 0.00106284
0.1495 0.00106777
0.1505 0.00107266
0.1515 0.0010775
0.1525 0.0010823
0.1535 0.00108706
0.1545 0.00109177
0.1555 0.00109645
0.1565 0.00110107
0.1575 0.00110566
0.1585 0.0011102
0.1595 0.0011147
0.1605 0.00111915
0.1615 0.00112356
0.1625 0.00112793
0.1635 0.00113225
0.1645 0.00113652
0.1655 0.00114076
0.1665 0.00114494
0.1675 0.00114908
0.1685 0.00115318
0.1695 0.00115723
0.1705 0.00116123
0.1715 0.00116519
0.1725 0.0011691
0.1735 0.00117297
0.1745 0.00117679
0.1755 0.00118056
0.1765 0.00118429
0.1775 0.00118797
0.1785 0.0011916
0.1795 0.00119519
0.1805 0.00119873
0.1815 0.00120222
0.1825 0.00120566
0.1835 0.00120906
0.1845 0.00121241
0.1855 0.00121571
0.1865 0.00121896
0.1875 0.00122217
0.1885 0.00122532
0.1895 0.00122843
0.1905 0.00123149
0.1915 0.0012345
0.1925 0.00123747
0.1935 0.00124038
0.1945 0.00124324
0.1955 0.00124606
0.1965 0.00124883
0.1975 0.00125154
0.1985 0.00125421
0.1995 0.00125683
0.2005 0.0012594
0.2015 0.00126192
0.2025 0.00126438
0.2035 0.0012668
0.2045 0.00126917
0.2055 0.00127149
0.2065 0.00127376
0.2075 0.00127598
0.2085 0.00127815
0.2095 0.00128026
0.2105 0.00128233
0.2115 0.00128435
0.2125 0.00128631
0.2135 0.00128823
0.2145 0.00129009
0.2155 0.00129191
0.2165 0.00129367
0.2175 0.00129538
0.2185 0.00129704
0.2195 0.00129865
0.2205 0.00130021
0.2215 0.00130171
0.2225 0.00130317
0.2235 0.00130457
0.2245 0.00130592
0.2255 0.00130722
0.2265 0.00130847
0.2275 0.00130967
0.2285 0.00131081
0.2295 0.00131191
0.2305 0.00131295
0.2315 0.00131394
0.2325 0.00131488
0.2335 0.00131576
0.2345 0.0013166
0.2355 0.00131738
0.2365 0.00131811
0.2375 0.00131879
0.2385 0.00131941
0.2395 0.00131999
0.2405 0.00132051
0.2415 0.00132098
0.2425 0.0013214
0.2435 0.00132176
0.2445 0.00132207
0.2455 0.00132234
0.2465 0.00132254
0.2475 0.0013227
0.2485 0.00132281
0.2495 0.00132286
0.2505 0.00132286
0.2515 0.00132281
0.2525 0.0013227
0.2535 0.00132254
0.2545 0.00132234
0.2555 0.00132207
0.2565 0.00132176
0.2575 0.0013214
0.2585 0.00132098
0.2595 0.00132051
0.2605 0.00131999
0.2615 0.00131941
0.2625 0.00131879
0.2635 0.00131811
0.2645 0.00131738
0.2655 0.0013166
0.2665 0.00131576
0.2675 0.00131488
0.2685 0.00131394
0.2695 0.00131295
0.2705 0.00131191
0.2715 0.00131081
0.2725 0.00130967
0.2735 0.00130847
0.2745 0.00130722
0.2755 0.00130592
0.2765 0.00130457
0.2775 0.00130317
0.2785 0.00130171
0.2795 0.00130021
0.2805 0.00129865
0.2815 0.00129704
0.2825 0.00129538
0.2835 0.00129367
0.2845 0.00129191
0.2855 0.00129009
0.2865 0.00128823
0.2875 0.00128631
0.2885 0.00128435
0.2895 0.00128233
0.2905 0.00128026
0.2915 0.00127815
0.2925 0.00127598
0.2935 0.00127376
0.2945 0.00127149
0.2955 0.00126917
0.2965 0.0012668
0.2975 0.00126438
0.2985 0.00126192
0.2995 0.0012594
0.3005 0.00125683
0.3015 0.00125421
0.3025 0.00125154
0.3035 0.00124883
0.3045 0.00124606
0.3055 0.00124324
0.3065 0.00124038
0.3075 0.00123747
0.3085 0.0012345
0.3095 0.00123149
0.3105 0.00122843
0.3115 0.00122532
0.3125 0.00122217
0.3135 0.00121896
0.3145 0.00121571
0.3155 0.00121241
0.3165 0.00120906
0.3175 0.00120566
0.3185 0.00120222
0.3195 0.00119873
0.3205 0.00119519
0.3215 0.0011916
0.3225 0.00118797
0.3235 0.00118429
0.3245 0.00118056
0.3255 0.00117679
0.3265 0.00117297
0.3275 0.0011691
0.3285 0.00116519
0.3295 0.00116123
0.3305 0.00115723
0.3315 0.00115318
0.3325 0.00114908
0.3335 0.00114494
0.3345 0.00114076
0.3355 0.00113652
0.3365 0.00113225
0.3375 0.00112793
0.3385 0.00112356
0.3395 0.00111915
0.3405 0.0011147
0.3415 0.0011102
0.3425 0.00110566
0.3435 0.00110107
0.3445 0.00109645
0.3455 0.00109177
0.3465 0.00108706
0.3475 0.0010823
0.3485 0.0010775
0.3495 0.00107266
0.3505 0.00106777
0.3515 0.00106284
0.3525 0.00105787
0.3535 0.00105286
0.3545 0.00104781
0.3555 0.00104272
0.3565 0.00103758
0.3575 0.0010324
0.3585 0.00102719
0.3595 0.00102193
0.3605 0.00101663
0.3615 0.00101129
0.3625 0.00100591
0.3635 0.0010005
0.3645 0.000995039
0.3655 0.000989542
0.3665 0.000984007
0.3675 0.000978432
0.3685 0.000972819
0.3695 0.000967167
0.3705 0.000961477
0.3715 0.000955749
0.3725 0.000949984
0.3735 0.000944181
0.3745 0.000938341
0.3755 0.000932463
0.3765 0.000926549
0.3775 0.000920599
0.3785 0.000914611
0.3795 0.000908588
0.3805 0.000902529
0.3815 0.000896435
0.3825 0.000890305
0.3835 0.000884139
0.3845 0.000877939
0.3855 0.000871704
0.3865 0.000865435
0.3875 0.000859132
0.3885 0.000852795
0.3895 0.000846424
0.3905 0.000840019
0.3915 0.000833582
0.3925 0.000827111
0.3935 0.000820608
0.3945 0.000814073
0.3955 0.000807505
0.3965 0.000800906
0.3975 0.000794275
0.3985 0.000787612
0.3995 0.000780919
0.4005 0.000774194
0.4015 0.000767439
0.4025 0.000760654
0.4035 0.000753839
0.4045 0.000746994
0.4055 0.000740119
0.4065 0.000733216
0.4075 0.000726283
0.4085 0.000719322
0.4095 0.000712332
0.4105 0.000705314
0.4115 0.000698268
0.4125 0.000691195
0.4135 0.000684094
0.4145 0.000676967
0.4155 0.000669812
0.4165 0.000662632
0.4175 0.000655425
0.4185 0.000648192
0.4195 0.000640934
0.4205 0.00063365
0.4215 0.000626341
0.4225 0.000619008
0.4235 0.00061165
0.4245 0.000604268
0.4255 0.000596862
0.4265 0.000589433
0.4275 0.00058198
0.4285 0.000574504
0.4295 0.000567006
0.4305 0.000559485
0.4315 0.000551942
0.4325 0.000544378
0.4335 0.000536792
0.4345 0.000529184
0.4355 0.000521556
0.4365 0.000513908
0.4375 0.000506238
0.4385 0.000498549
0.4395 0.000490841
0.4405 0.000483113
0.4415 0.000475365
0.4425 0.000467599
0.4435 0.000459815
0.4445 0.000452012
0.4455 0.000444192
0.4465 0.000436354
0.4475 0.000428499
0.4485 0.000420627
0.4495 0.000412738
0.4505 0.000404833
0.4515 0.000396912
0.4525 0.000388976
0.4535 0.000381024
0.4545 0.000373057
0.4555 0.000365075
0.4565 0.000357079
0.4575 0.000349068
0.4585 0.000341044
0.4595 0.000333007
0.4605 0.000324956
0.4615 0.000316893
0.4625 0.000308817
0.4635 0.000300728
0.4645 0.000292628
0.4655 0.000284517
0.4665 0.000276394
0.4675 0.00026826
0.4685 0.000260116
0.4695 0.000251961
0.4705 0.000243797
0.4715 0.000235622
0.4725 0.000227439
0.4735 0.000219246
0.4745 0.000211045
0.4755 0.000202836
0.4765 0.000194618
0.4775 0.000186393
0.4785 0.000178161
0.4795 0.000169921
0.4805 0.000161675
0.4815 0.000153422
0.4825 0.000145164
0.4835 0.000136899
0.4845 0.000128629
0.4855 0.000120355
0.4865 0.000112075
0.4875 0.000103791
0.4885 9.55026e-05
0.4895 8.72107e-05
0.4905 7.89153e-05
0.4915 7.06168e-05
0.4925 6.23155e-05
0.4935 5.40117e-05
0.4945 4.57058e-05
0.4955 3.73981e-05
0.4965 2.9089e-05
0.4975 2.07787e-05
0.4985 1.24675e-05
0.4995 4.1559e-06
0.5005 -4.1559e-06
0.5015 -1.24675e-05
0.5025 -2.07787e-05
0.5035 -2.9089e-05
0.5045 -3.73981e-05
0.5055 -4.57058e-05
0.5065 -5.40117e-05
0.5075 -6.23155e-05
0.5085 -7.06168e-05
0.5095 -7.89153e-05
0.5105 -8.72107e-05
0.5115 -9.55026e-05
0.5125 -0.000103791
0.5135 -0.000112075
0.5145 -0.000120355
0.5155 -0.000128629
0.5165 -0.000136899
0.5175 -0.000145164
0.5185 -0.000153422
0.5195 -0.000161675
0.5205 -0.000169921
0.5215 -0.000178161
0.5225 -0.000186393
0.5235 -0.000194618
0.5245 -0.000202836
0.5255 -0.000211045
0.5265 -0.000219246
0.5275 -0.000227439
0.5285 -0.000235622
0.5295 -0.000243797
0.5305 -0.000251961
0.5315 -0.000260116
0.5325 -0.00026826
0.5335 -0.000276394
0.5345 -0.000284517
0.5355 -0.000292628
0.5365 -0.000300728
0.5375 -0.000308817
0.5385 -0.000316893
0.5395 -0.000324956
0.5405 -0.000333007
0.5415 -0.000341044
0.5425 -0.000349068
0.5435 -0.000357079
0.5445 -0.000365075
0.5455 -0.000373057
0.5465 -0.000381024
0.5475 -0.000388976
0.5485 -0.000396912
0.5495 -0.000404833
0.5505 -0.000412738
0.5515 -0.000420627
0.5525 -0.000428499
0.5535 -0.000436354
0.5545 -0.000444192
0.5555 -0.000452012
0.5565 -0.000459815
0.5575 -0.000467599
0.5585 -0.000475365
0.5595 -0.000483113
0.5605 -0.000490841
0.5615 -0.000498549
0.5625 -0.000506238
0.5635 -0.000513908
0.5645 -0.000521556
0.5655 -0.000529184
0.5665 -0.000536792
0.5675 -0.000544378
0.5685 -0.000551942
0.5695 -0.000559485
0.5705 -0.000567006
0.5715 -0.000574504
0.5725 -0.00058198
0.5735 -0.000589433
0.5745 -0.000596862
0.5755 -0.000604268
0.5765 -0.00061165
0.5775 -0.000619008
0.5785 -0.000626341
0.5795 -0.00063365
0.5805 -0.000640934
0.5815 -0.000648192
0.5825 -0.000655425
0.5835 -0.000662632
0.5845 -0.000669812
0.5855 -0.000676967
0.5865 -0.000684094
0.5875 -0.000691195
0.5885 -0.000698268
0.5895 -0.000705314
0.5905 -0.000712332
0.5915 -0.000719322
0.5925 -0.000726283
0.5935 -0.000733216
0.5945 -0.000740119
0.5955 -0.000746994
0.5965 -0.000753839
0.5975 -0.000760654
0.5985 -0.000767439
0.5995 -0.000774194
0.6005 -0.000780919
0.6015 -0.000787612
0.6025 -0.000794275
0.6035 -0.000800906
0.6045 -0.000807505
0.6055 -0.000814073
0.6065 -0.000820608
0.6075 -0.000827111
0.6085 -0.000833582
0.6095 -0.000840019
0.6105 -0.000846424
0.6115 -0.000852795
0.6125 -0.000859132
0.6135 -0.000865435
0.6145 -0.000871704
0.6155 -0.000877939
0.6165 -0.000884139
0.6175 -0.000890305
0.6185 -0.000896435
0.6195 -0.000902529
0.6205 -0.000908588
0.6215 -0.000914611
0.6225 -0.000920599
0.6235 -0.000926549
0.6245 -0.000932463
0.6255 -0.000938341
0.6265 -0.000944181
0.6275 -0.000949984
0.6285 -0.000955749
0.6295 -0.000961477
0.6305 -0.000967167
0.6315 -0.000972819
0.6325 -0.000978432
0.6335 -0.000984007
0.6345 -0.000989542
0.6355 -0.000995039
0.6365 -0.0010005
0.6375 -0.00100591
0.6385 -0.00101129
0.6395 -0.00101663
0.6405 -0.00102193
0.6415 -0.00102719
0.6425 -0.0010324
0.6435 -0.00103758
0.6445 -0.00104272
0.6455 -0.00104781
0.6465 -0.00105286
0.6475 -0.00105787
0.6485 -0.00106284
0.6495 -0.00106777
0.6505 -0.00107266
0.6515 -0.0010775
0.6525 -0.0010823
0.6535 -0.00108706
0.6545 -0.00109177
0.6555 -0.00109645
0.6565 -0.00110107
0.6575 -0.00110566
0.6585 -0.0011102
0.6595 -0.0011147
0.6605 -0.00111915
0.6615 -0.00112356
0.6625 -0.00112793
0.6635 -0.00113225
0.6645 -0.00113652
0.6655 -0.00114076
0.6665 -0.00114494
0.6675 -0.00114908
0.6685 -0.00115318
0.6695 -0.00115723
0.6705 -0.00116123
0.6715 -0.00116519
0.6725 -0.0011691
0.6735 -0.00117297
0.6745 -0.00117679
0.6755 -0.00118056
0.6765 -0.00118429
0.6775 -0.00118797
0.6785 -0.0011916
0.6795 -0.00119519
0.6805 -0.00119873
0.6815 -0.00120222
0.6825 -0.00120566
0.6835 -0.00120906
0.6845 -0.00121241
0.6855 -0.00121571
0.6865 -0.00121896
0.6875 -0.00122217
0.6885 -0.00122532
0.6895 -0.00122843
0.6905 -0.00123149
0.6915 -0.0012345
0.6925 -0.00123747
0.6935 -0.00124038
0.6945 -0.00124324
0.6955 -0.00124606
0.6965 -0.00124883
0.6975 -0.00125154
0.6985 -0.00125421
0.6995 -0.00125683
0.7005 -0.0012594
0.7015 -0.00126192
0.7025 -0.00126438
0.7035 -0.0012668
0.7045 -0.00126917
0.7055 -0.00127149
0.7065 -0.00127376
0.7075 -0.00127598
0.7085 -0.00127815
0.7095 -0.00128026
0.7105 -0.00128233
0.7115 -0.00128435
0.7125 -0.00128631
0.7135 -0.00128823
0.7145 -0.00129009
0.7155 -0.00129191
0.7165 -0.00129367
0.7175 -0.00129538
0.7185 -0.00129704
0.7195 -0.00129865
0.7205 -0.00130021
0.7215 -0.00130171
0.7225 -0.00130317
0.7235 -0.00130457
0.7245 -0.00130592
0.7255 -0.00130722
0.7265 -0.00130847
0.7275 -0.00130967
0.7285 -0.00131081
0.7295 -0.00131191
0.7305 -0.00131295
0.7315 -0.00131394
0.7325 -0.00131488
0.7335 -0.00131576
0.7345 -0.0013166
0.7355 -0.00131738
0.7365 -0.00131811
0.7375 -0.00131879
0.7385 -0.00131941
0.7395 -0.00131999
0.7405 -0.00132051
0.7415 -0.00132098
0.7425 -0.0013214
0.7435 -0.00132176
0.7445 -0.00132207
0.7455 -0.00132234
0.7465 -0.00132254
0.7475 -0.0013227
0.7485 -0.00132281
0.7495 -0.00132286
0.7505 -0.00132286
0.7515 -0.00132281
0.7525 -0.0013227
0.7535 -0.00132254
0.7545 -0.00132234
0.7555 -0.00132207
0.7565 -0.00132176
0.7575 -0.0013214
0.7585 -0.00132098
0.7595 -0.00132051
0.7605 -0.00131999
0.7615 -0.00131941
0.7625 -0.00131879
0.7635 -0.00131811
0.7645 -0.00131738
0.7655 -0.0013166
0.7665 -0.00131576
0.7675 -0.00131488
0.7685 -0.00131394
0.7695 -0.00131295
0.7705 -0.00131191
0.7715 -0.00131081
0.7725 -0.00130967
0.7735 -0.00130847
0.7745 -0.00130722
0.7755 -0.00130592
0.7765 -0.00130457
0.7775 -0.00130317
0.7785 -0.00130171
0.7795 -0.00130021
0.7805 -0.00129865
0.7815 -0.00129704
0.7825 -0.00129538
0.7835 -0.00129367
0.7845 -0.00129191
0.7855 -0.00129009
0.7865 -0.00128823
0.7875 -0.00128631
0.7885 -0.00128435
0.7895 -0.00128233
0.7905 -0.00128026
0.7915 -0.00127815
0.7925 -0.00127598
0.7935 -0.00127376
0.7945 -0.00127149
0.7955 -0.00126917
0.7965 -0.0012668
0.7975 -0.00126438
0.7985 -0.00126192
0.7995 -0.0012594
0.8005 -0.00125683
0.8015 -0.00125421
0.8025 -0.00125154
0.8035 -0.00124883
0.8045 -0.00124606
0.8055 -0.00124324
0.8065 -0.00124038
0.8075 -0.00123747
0.8085 -0.0012345
0.8095 -0.00123149
0.8105 -0.00122843
0.8115 -0.00122532
0.8125 -0.00122217
0.8135 -0.00121896
0.8145 -0.00121571
0.8155 -0.00121241
0.8165 -0.00120906
0.8175 -0.00120566
0.8185 -0.00120222
0.8195 -0.00119873
0.8205 -0.00119519
0.8215 -0.0011916
0.8225 -0.00118797
0.8235 -0.00118429
0.8245 -0.00118056
0.8255 -0.00117679
0.8265 -0.00117297
0.8275 -0.0011691
0.8285 -0.00116519
0.8295 -0.00116123
0.8305 -0.00115723
0.8315 -0.00115318
0.8325 -0.00114908
0.8335 -0.00114494
0.8345 -0.00114076
0.8355 -0.00113652
0.8365 -0.00113225
0.8375 -0.00112793
0.8385 -0.00112356
0.8395 -0.00111915
0.8405 -0.0011147
0.8415 -0.0011102
0.8425 -0.00110566
0.8435 -0.00110107
0.8445 -0.00109645
0.8455 -0.00109177
0.8465 -0.00108706
0.8475 -0.0010823
0.8485 -0.0010775
0.8495 -0.00107266
0.8505 -0.00106777
0.8515 -0.00106284
0.8525 -0.00105787
0.8535 -0.00105286
0.8545 -0.00104781
0.8555 -0.00104272
0.8565 -0.00103758
0.8575 -0.0010324
0.8585 -0.00102719
0.8595 -0.00102193
0.8605 -0.00101663
0.8615 -0.00101129
0.8625 -0.00100591
0.8635 -0.0010005
0.8645 -0.000995039
0.8655 -0.000989542
0.8665 -0.000984007
0.8675 -0.000978432
0.8685 -0.000972819
0.8695 -0.000967167
0.8705 -0.000961477
0.8715 -0.000955749
0.8725 -0.000949984
0.8735 -0.000944181
0.8745 -0.000938341
0.8755 -0.000932463
0.8765 -0.000926549
0.8775 -0.000920599
0.8785 -0.000914611
0.8795 -0.000908588
0.8805 -0.000902529
0.8815 -0.000896435
0.8825 -0.000890305
0.8835 -0.000884139
0.8845 -0.000877939
0.8855 -0.000871704
0.8865 -0.000865435
0.8875 -0.000859132
0.8885 -0.000852795
0.8895 -0.000846424
0.8905 -0.000840019
0.8915 -0.000833582
0.8925 -0.000827111
0.8935 -0.000820608
0.8945 -0.000814073
0.8955 -0.000807505
0.8965 -0.000800906
0.8975 -0.000794275
0.8985 -0.000787612
0.8995 -0.000780919
0.9005 -0.000774194
0.9015 -0.000767439
0.9025 -0.000760654
0.9035 -0.000753839
0.9045 -0.000746994
0.9055 -0.000740119
0.9065 -0.000733216
0.9075 -0.000726283
0.9085 -0.000719322
0.9095 -0.000712332
0.9105 -0.000705314
0.9115 -0.000698268
0.9125 -0.000691195
0.9135 -0.000684094
0.9145 -0.000676967
0.9155 -0.000669812
0.9165 -0.000662632
0.9175 -0.000655425
0.9185 -0.000648192
0.9195 -0.000640934
0.9205 -0.00063365
0.9215 -0.000626341
0.9225 -0.000619008
0.9235 -0.00061165
0.9245 -0.000604268
0.9255 -0.000596862
0.9265 -0.000589433
0.9275 -0.00058198
0.9285 -0.000574504
0.9295 -0.000567006
0.9305 -0.000559485
0.9315 -0.000551942
0.9325 -0.000544378
0.9335 -0.000536792
0.9345 -0.000529184
0.9355 -0.000521556
0.9365 -0.000513908
0.9375 -0.000506238
0.9385 -0.000498549
0.9395 -0.000490841
0.9405 -0.000483113
0.9415 -0.000475365
0.9425 -0.000467599
0.9435 -0.000459815
0.9445 -0.000452012
0.9455 -0.000444192
0.9465 -0.000436354
0.9475 -0.000428499
0.9485 -0.000420627
0.9495 -0.000412738
0.9505 -0.000404833
0.9515 -0.000396912
0.9525 -0.000388976
0.9535 -0.000381024
0.9545 -0.000373057
0.9555 -0.000365075
0.9565 -0.000357079
0.9575 -0.000349068
0.9585 -0.000341044
0.9595 -0.000333007
0.9605 -0.000324956
0.9615 -0.000316893
0.9625 -0.000308817
0.9635 -0.000300728
0.9645 -0.000292628
0.9655 -0.000284517
0.9665 -0.000276394
0.9675 -0.00026826
0.9685 -0.000260116
0.9695 -0.000251961
0.9705 -0.000243797
0.9715 -0.000235622
0.9725 -0.000227439
0.9735 -0.000219246
0.9745 -0.000211045
0.9755 -0.000202836
0.9765 -0.000194618
0.9775 -0.000186393
0.9785 -0.000178161
0.9795 -0.000169921
0.9805 -0.000161675
0.9815 -0.000153422
0.9825 -0.000145164
0.9835 -0.000136899
0.9845 -0.000128629
0.9855 -0.000120355
0.9865 -0.000112075
0.9875 -0.000103791
0.9885 -9.55026e-05
0.9895 -8.72107e-05
0.9905 -7.89153e-05
0.9915 -7.06168e-05
0.9925 -6.23155e-05
0.9935 -5.40117e-05
0.9945 -4.57058e-05
0.9955 -3.73981e-05
0.9965 -2.9089e-05
0.9975 -2.07787e-05
0.9985 -1.24675e-05
0.9995 -4.1559e-06

# time= 0.48
0.0005 -0.00313328
0.0015 -0.0093997
0.0025 -0.0156658
0.0035 -0.0219312
0.0045 -0.0281958
0.0055 -0.0344592
0.0065 -0.0407213
0.0075 -0.0469818
0.0085 -0.0532405
0.0095 -0.059497
0.0105 -0.0657512
0.0115 -0.0720028
0.0125 -0.0782515
0.0135 -0.0844972
0.0145 -0.0907395
0.0155 -0.0969782
0.0165 -0.103213
0.0175 -0.109444
0.0185 -0.115671
0.0195 -0.121892
0.0205 -0.12811
0.0215 -0.134322
0.0225 -0.140528
0.0235 -0.14673
0.0245 -0.152925
0.0255 -0.159115
0.0265 -0.165298
0.0275 -0.171474
0.0285 -0.177644
0.0295 -0.183807
0.0305 -0.189962
0.0315 -0.19611
0.0325 -0.202251
0.0335 -0.208383
0.0345 -0.214507
0.0355 -0.220623
0.0365 -0.22673
0.0375 -0.232828
0.0385 -0.238917
0.0395 -0.244996
0.0405 -0.251066
0.0415 -0.257125
0.0425 -0.263175
0.0435 -0.269214
0.0445 -0.275243
0.0455 -0.28126
0.0465 -0.287267
0.0475 -0.293262
0.0485 -0.299246
0.0495 -0.305218
0.0505 -0.311178
0.0515 -0.317125
0.0525 -0.32306
0.0535 -0.328983
0.0545 -0.334892
0.0555 -0.340788
0.0565 -0.346671
0.0575 -0.35254
0.0585 -0.358395
0.0595 -0.364236
0.0605 -0.370062
0.0615 -0.375874
0.0625 -0.381671
0.0635 -0.387453
0.0645 -0.39322
0.0655 -0.398971
0.0665 -0.404706
0.0675 -0.410426
0.0685 -0.416129
0.0695 -0.421816
0.0705 -0.427486
0.0715 -0.433139
0.0725 -0.438775
0.0735 -0.444394
0.0745 -0.449995
0.0755 -0.455579
0.0765 -0.461144
0.0775 -0.466692
0.0785 -0.472221
0.0795 -0.477731
0.0805 -0.483222
0.0815 -0.488695
0.0825 -0.494148
0.0835 -0.499581
0.0845 -0.504995
0.0855 -0.510389
0.0865 -0.515763
0.0875 -0.521116
0.0885 -0.526449
0.0895 -0.531761
0.0905 -0.537052
0.0915 -0.542322
0.0925 -0.54757
0.0935 -0.552797
0.0945 -0.558002
0.0955 -0.563185
0.0965 -0.568346
0.0975 -0.573484
0.0985 -0.5786
0.0995 -0.583692
0.1005 -0.588762
0.1015 -0.593809
0.1025 -0.598832
0.1035 -0.603831
0.1045 -0.608807
0.1055 -0.613758
0.1065 -0.618686
0.1075 -0.623588
0.1085 -0.628467
0.1095 -0.63332
0.1105 -0.638149
0.1115 -0.642952
0.1125 -0.64773
0.1135 -0.652482
0.1145 -0.657209
0.1155 -0.661909
0.1165 -0.666584
0.1175 -0.671232
0.1185 -0.675854
0.1195 -0.680449
0.1205 -0.685017
0.1215 -0.689558
0.1225 -0.694072
0.1235 -0.698558
0.1245 -0.703017
0.1255 -0.707448
0.1265 -0.711851
0.1275 -0.716226
0.1285 -0.720573
0.1295 -0.724892
0.1305 -0.729181
0.1315 -0.733442
0.1325 -0.737674
0.1335 -0.741877
0.1345 -0.746051
0.1355 -0.750195
0.1365 -0.754309
0.1375 -0.758394
0.1385 -0.762449
0.1395 -0.766474
0.1405 -0.770468
0.1415 -0.774432
0.1425 -0.778366
0.1435 -0.782268
0.1445 -0.78614
0.1455 -0.789981
0.1465 -0.793791
0.1475 -0.797569
0.1485 -0.801316
0.1495 -0.805031
0.1505 -0.808714
0.1515 -0.812366
0.1525 -0.815985
0.1535 -0.819572
0.1545 -0.823127
0.1555 -0.826649
0.1565 -0.830139
0.1575 -0.833596
0.1585 -0.83702
0.1595 -0.840411
0.1605 -0.843769
0.1615 -0.847093
0.1625 -0.850384
0.1635 -0.853642
0.1645 -0.856866
0.1655 -0.860055
0.1665 -0.863211
0.1675 -0.866333
0.1685 -0.869421
0.1695 -0.872474
0.1705 -0.875493
0.1715 -0.878478
0.1725 -0.881427
0.1735 -0.884342
0.1745 -0.887222
0.1755 -0.890067
0.1765 -0.892877
0.1775 -0.895652
0.1785 -0.898391
0.1795 -0.901095
0.1805 -0.903763
0.1815 -0.906395
0.1825 -0.908992
0.1835 -0.911553
0.1845 -0.914078
0.1855 -0.916566
0.1865 -0.919019
0.1875 -0.921435
0.1885 -0.923815
0.1895 -0.926159
0.1905 -0.928465
0.1915 -0.930736
0.1925 -0.932969
0.1935 -0.935166
0.1945 -0.937325
0.1955 -0.939448
0.1965 -0.941534
0.1975 -0.943582
0.1985 -0.945593
0.1995 -0.947567
0.2005 -0.949504
0.2015 -0.951403
0.2025 -0.953264
0.2035 -0.955088
0.2045 -0.956874
0.2055 -0.958622
0.2065 -0.960333
0.2075 -0.962005
0.2085 -0.96364
0.2095 -0.965237
0.2105 -0.966795
0.2115 -0.968315
0.2125 -0.969797
0.2135 -0.971241
0.2145 -0.972646
0.2155 -0.974013
0.2165 -0.975342
0.2175 -0.976632
0.2185 -0.977884
0.2195 -0.979096
0.2205 -0.980271
0.2215 -0.981406
0.2225 -0.982503
0.2235 -0.983561
0.2245 -0.98458
0.2255 -0.98556
0.2265 -0.986502
0.2275 -0.987404
0.2285 -0.988268
0.2295 -0.989092
0.2305 -0.989878
0.2315 -0.990624
0.2325 -0.991331
0.2335 -0.991999
0.2345 -0.992628
0.2355 -0.993218
0.2365 -0.993768
0.2375 -0.99428
0.2385 -0.994752
0.2395 -0.995185
0.2405 -0.995578
0.2415 -0.995932
0.2425 -0.996247
0.2435 -0.996523
0.2445 -0.996759
0.2455 -0.996956
0.2465 -0.997113
0.2475 -0.997231
0.2485 -0.99731
0.2495 -0.997349
0.2505 -0.997349
0.2515 -0.99731
0.2525 -0.997231
0.2535 -0.997113
0.2545 -0.996956
0.2555 -0.996759
0.2565 -0.996523
0.2575 -0.996247
0.2585 -0.995932
0.2595 -0.995578
0.2605 -0.995185
0.2615 -0.994752
0.2625 -0.99428
0.2635 -0.993768
0.2645 -0.993218
0.2655 -0.992628
0.2665 -0.991999
0.2675 -0.991331
0.2685 -0.990624
0.2695 -0.989878
0.2705 -0.989092
0.2715 -0.988268
0.2725 -0.987404
0.2735 -0.986502
0.2745 -0.98556
0.2755 -0.98458
0.2765 -0.983561
0.2775 -0.982503
0.2785 -0.981406
0.2795 -0.980271
0.2805 -0.979096
0.2815 -0.977884
0.2825 -0.976632
0.2835 -0.975342
0.2845 -0.974013
0.2855 -0.972646
0.2865 -0.971241
0.2875 -0.969797
0.2885 -0.968315
0.2895 -0.966795
0.2905 -0.965237
0.2915 -0.96364
0.2925 -0.962005
0.2935 -0.960333
0.2945 -0.958622
0.2955 -0.956874
0.2965 -0.955088
0.2975 -0.953264
0.2985 -0.951403
0.2995 -0.949504
0.3005 -0.947567
0.3015 -0.945593
0.3025 -0.943582
0.3035 -0.941534
0.3045 -0.939448
0.3055 -0.937325
0.3065 -0.935166
0.3075 -0.932969
0.3085 -0.930736
0.3095 -0.928465
0.3105 -0.926159
0.3115 -0.923815
0.3125 -0.921435
0.3135 -0.919019
0.3145 -0.916566
0.3155 -0.914078
0.3165 -0.911553
0.3175 -0.908992
0.3185 -0.906395
0.3195 -0.903763
0.3205 -0.901095
0.3215 -0.898391
0.3225 -0.895652
0.3235 -0.892877
0.3245 -0.890067
0.3255 -0.887222
0.3265 -0.884342
0.3275 -0.881427
0.3285 -0.878478
0.3295 -0.875493
0.3305 -0.872474
0.3315 -0.869421
0.3325 -0.866333
0.3335 -0.863211
0.3345 -0.860055
0.3355 -0.856866
0.3365 -0.853642
0.3375 -0.850384
0.3385 -0.847093
0.3395 -0.843769
0.3405 -0.840411
0.3415 -0.83702
0.3425 -0.833596
0.3435 -0.830139
0.3445 -0.826649
0.3455 -0.823127
0.3465 -0.819572
0.3475 -0.815985
0.3485 -0.812366
0.3495 -0.808714
0.3505 -0.805031
0.3515 -0.801316
0.3525 -0.797569
0.3535 -0.793791
0.3545 -0.789981
0.3555 -0.78614
0.3565 -0.782268
0.3575 -0.778366
0.3585 -0.774432
0.3595 -0.770468
0.3605 -0.766474
0.3615 -0.762449
0.3625 -0.758394
0.3635 -0.754309
0.3645 -0.750195
0.3655 -0.746051
0.3665 -0.741877
0.3675 -0.737674
0.3685 -0.733442
0.3695 -0.729181
0.3705 -0.724892
0.3715 -0.720573
0.3725 -0.716226
0.3735 -0.711851
0.3745 -0.707448
0.3755 -0.703017
0.3765 -0.698558
0.3775 -0.694072
0.3785 -0.689558
0.3795 -0.685017
0.3805 -0.680449
0.3815 -0.675854
0.3825 -0.671232
0.3835 -0.666584
0.3845 -0.661909
0.3855 -0.657209
0.3865 -0.652482
0.3875 -0.64773
0.3885 -0.642952
0.3895 -0.638149
0.3905 -0.63332
0.3915 -0.628467
0.3925 -0.623588
0.3935 -0.618686
0.3945 -0.613758
0.3955 -0.608807
0.3965 -0.603831
0.3975 -0.598832
0.3985 -0.593809
0.3995 -0.588762
0.4005 -0.583692
0.4015 -0.5786
0.4025 -0.573484
0.4035 -0.568346
0.4045 -0.563185
0.4055 -0.558002
0.4065 -0.552797
0.4075 -0.54757
0.4085 -0.542322
0.4095 -0.537052
0.4105 -0.531761
0.4115 -0.526449
0.4125 -0.521116
0.4135 -0.515763
0.4145 -0.510389
0.4155 -0.504995
0.4165 -0.499581
0.4175 -0.494148
0.4185 -0.488695
0.4195 -0.483222
0.4205 -0.477731
0.4215 -0.472221
0.4225 -0.466692
0.4235 -0.461144
0.4245 -0.455579
0.4255 -0.449995
0.4265 -0.444394
0.4275 -0.438775
0.4285 -0.433139
0.4295 -0.427486
0.4305 -0.421816
0.4315 -0.416129
0.4325 -0.410426
0.4335 -0.404706
0.4345 -0.398971
0.4355 -0.39322
0.4365 -0.387453
0.4375 -0.381671
0.4385 -0.375874
0.4395 -0.370062
0.4405 -0.364236
0.4415 -0.358395
0.4425 -0.35254
0.4435 -0.346671
0.4445 -0.340788
0.4455 -0.334892
0.4465 -0.328983
0.4475 -0.32306
0.4485 -0.317125
0.4495 -0.311178
0.4505 -0.305218
0.4515 -0.299246
0.4525 -0.293262
0.4535 -0.287267
0.4545 -0.28126
0.4555 -0.275243
0.4565 -0.269214
0.4575 -0.263175
0.4585 -0.257125
0.4595 -0.251066
0.4605 -0.244996
0.4615 -0.238917
0.4625 -0.232828
0.4635 -0.22673
0.4645 -0.220623
0.4655 -0.214507
0.4665 -0.208383
0.4675 -0.202251
0.4685 -0.19611
0.4695 -0.189962
0.4705 -0.183807
0.4715 -0.177644
0.4725 -0.171474
0.4735 -0.165298
0.4745 -0.159115
0.4755 -0.152925
0.4765 -0.14673
0.4775 -0.140528
0.4785 -0.134322
0.4795 -0.12811
0.4805 -0.121892
0.4815 -0.115671
0.4825 -0.109444
0.4835 -0.103213
0.4845 -0.0969782
0.4855 -0.0907395
0.4865 -0.0844972
0.4875 -0.0782515
0.4885 -0.0720028
0.4895 -0.0657512
0.4905 -0.059497
0.4915 -0.0532405
0.4925 -0.0469818
0.4935 -0.0407213
0.4945 -0.0344592
0.4955 -0.0281958
0.4965 -0.0219312
0.4975 -0.0156658
0.4985 -0.0093997
0.4995 -0.00313328
0.5005 0.00313328
0.5015 0.0093997
0.5025 0.0156658
0.5035 0.0219312
0.5045 0.0281958
0.5055 0.0344592
0.5065 0.0407213
0.5075 0.0469818
0.5085 0.0532405
0.5095 0.059497
0.5105 0.0657512
0.5115 0.0720028
0.5125 0.0782515
0.5135 0.0844972
0.5145 0.0907395
0.5155 0.0969782
0.5165 0.103213
0.5175 0.109444
0.5185 0.115671
0.5195 0.121892
0.5205 0.12811
0.5215 0.134322
0.5225 0.140528
0.5235 0.14673
0.5245 0.152925
0.5255 0.159115
0.5265 0.165298
0.5275 0.171474
0.5285 0.177644
0.5295 0.183807
0.5305 0.189962
0.5315 0.19611
0.5325 0.202251
0.5335 0.208383
0.5345 0.214507
0.5355 0.220623
0.5365 0.22673
0.5375 0.232828
0.5385 0.238917
0.5395 0.244996
0.5405 0.251066
0.5415 0.257125
0.5425 0.263175
0.5435 0.269214
0.5445 0.275243
0.5455 0.28126
0.5465 0.287267
0.5475 0.293262
0.5485 0.299246
0.5495 0.305218
0.5505 0.311178
0.5515 0.317125
0.5525 0.32306
0.5535 0.328983
0.5545 0.334892
0.5555 0.340788
0.5565 0.346671
0.5575 0.35254
0.5585 0.358395
0.5595 0.364236
0.5605 0.370062
0.5615 0.375874
0.5625 0.381671
0.5635 0.387453
0.5645 0.39322
0.5655 0.398971
0.5665 0.404706
0.5675 0.410426
0.5685 0.416129
0.5695 0.421816
0.5705 0.427486
0.5715 0.433139
0.5725 0.438775
0.5735 0.444394
0.5745 0.449995
0.5755 0.455579
0.5765 0.461144
0.5775 0.466692
0.5785 0.472221
0.5795 0.477731
0.5805 0.483222
0.5815 0.488695
0.5825 0.494148
0.5835 0.499581
0.5845 0.504995
0.5855 0.510389
0.5865 0.515763
0.5875 0.521116
0.5885 0.526449
0.5895 0.531761
0.5905 0.537052
0.5915 0.542322
0.5925 0.54757
0.5935 0.552797
0.5945 0.558002
0.5955 0.563185
0.5965 0.568346
0.5975 0.573484
0.5985 0.5786
0.5995 0.583692
0.6005 0.588762
0.6015 0.593809
0.6025 0.598832
0.6035 0.603831
0.6045 0.608807
0.6055 0.613758
0.6065 0.618686
0.6075 0.623588
0.6085 0.628467
0.6095 0.63332
0.6105 0.638149
0.6115 0.642952
0.6125 0.64773
0.6135 0.652482
0.6145 0.657209
0.6155 0.661909
0.6165 0.666584
0.6175 0.671232
0.6185 0.675854
0.6195 0.680449
0.6205 0.685017
0.6215 0.689558
0.6225 0.694072
0.6235 0.698558
0.6245 0.703017
0.6255 0.707448
0.6265 0.711851
0.6275 0.716226
0.6285 0.720573
0.6295 0.724892
0.6305 0.729181
0.6315 0.733442
0.6325 0.737674
0.6335 0.741877
0.6345 0.746051
0.6355 0.750195
0.6365 0.754309
0.6375 0.758394
0.6385 0.762449
0.6395 0.766474
0.6405 0.770468
0.6415 0.774432
0.6425 0.778366
0.6435 0.782268
0.6445 0.78614
0.6455 0.789981
0.6465 0.793791
0.6475 0.797569
0.6485 0.801316
0.6495 0.805031
0.6505 0.808714
0.6515 0.812366
0.6525 0.815985
0.6535 0.819572
0.6545 0.823127
0.6555 0.826649
0.6565 0.830139
0.6575 0.833596
0.6585 0.83702
0.6595 0.840411
0.6605 0.843769
0.6615 0.847093
0.6625 0.850384
0.6635 0.853642
0.6645 0.856866
0.6655 0.860055
0.6665 0.863211
0.6675 0.866333
0.6685 0.869421
0.6695 0.872474
0.6705 0.875493
0.6715 0.878478
0.6725 0.881427
0.6735 0.884342
0.6745 0.887222
0.6755 0.890067
0.6765 0.892877
0.6775 0.895652
0.6785 0.898391
0.6795 0.901095
0.6805 0.903763
0.6815 0.906395
0.6825 0.908992
0.6835 0.911553
0.6845 0.914078
0.6855 0.916566
0.6865 0.919019
0.6875 0.921435
0.6885 0.923815
0.6895 0.926159
0.6905 0.928465
0.6915 0.930736
0.6925 0.932969
0.6935 0.935166
0.6945 0.937325
0.6955 0.939448
0.6965 0.941534
0.6975 0.943582
0.6985 0.945593
0.6995 0.947567
0.7005 0.949504
0.7015 0.951403
0.7025 0.953264
0.7035 0.955088
0.7045 0.956874
0.7055 0.958622
0.7065 0.960333
0.7075 0.962005
0.7085 0.96364
0.7095 0.965237
0.7105 0.966795
0.7115 0.968315
0.7125 0.969797
0.7135 0.971241
0.7145 0.972646
0.7155 0.974013
0.7165 0.975342
0.7175 0.976632
0.7185 0.977884
0.7195 0.979096
0.7205 0.980271
0.7215 0.981406
0.7225 0.982503
0.7235 0.983561
0.7245 0.98458
0.7255 0.98556
0.7265 0.986502
0.7275 0.987404
0.7285 0.988268
0.7295 0.989092
0.7305 0.989878
0.7315 0.990624
0.7325 0.991331
0.7335 0.991999
0.7345 0.992628
0.7355 0.993218
0.7365 0.993768
0.7375 0.99428
0.7385 0.994752
0.7395 0.995185
0.7405 0.995578
0.7415 0.995932
0.7425 0.996247
0.7435 0.996523
0.7445 0.996759
0.7455 0.996956
0.7465 0.997113
0.7475 0.997231
0.7485 0.99731
0.7495 0.997349
0.7505 0.997349
0.7515 0.99731
0.7525 0.997231
0.7535 0.997113
0.7545 0.996956
0.7555 0.996759
0.7565 0.996523
0.7575 0.996247
0.7585 0.995932
0.7595 0.995578
0.7605 0.995185
0.7615 0.994752
0.7625 0.99428
0.7635 0.993768
0.7645 0.993218
0.7655 0.992628
0.7665 0.991999
0.7675 0.991331
0.7685 0.990624
0.7695 0.989878
0.7705 0.989092
0.7715 0.988268
0.7725 0.987404
0.7735 0.986502
0.7745 0.98556
0.7755 0.98458
0.7765 0.983561
0.7775 0.982503
0.7785 0.981406
0.7795 0.980271
0.7805 0.979096
0.7815 0.977884
0.7825 0.976632
0.7835 0.975342
0.7845 0.974013
0.7855 0.972646
0.7865 0.971241
0.7875 0.969797
0.7885 0.968315
0.7895 0.966795
0.7905 0.965237
0.7915 0.96364
0.7925 0.962005
0.7935 0.960333
0.7945 0.958622
0.7955 0.956874
0.7965 0.955088
0.7975 0.953264
0.7985 0.951403
0.7995 0.949504
0.8005 0.947567
0.8015 0.945593
0.8025 0.943582
0.8035 0.941534
0.8045 0.939448
0.8055 0.937325
0.8065 0.935166
0.8075 0.932969
0.8085 0.930736
0.8095 0.928465
0.8105 0.926159
0.8115 0.923815
0.8125 0.921435
0.8135 0.919019
0.8145 0.916566
0.8155 0.914078
0.8165 0.911553
0.8175 0.908992
0.8185 0.906395
0.8195 0.903763
0.8205 0.901095
0.8215 0.898391
0.8225 0.895652
0.8235 0.892877
0.8245 0.890067
0.8255 0.887222
0.8265 0.884342
0.8275 0.881427
0.8285 0.878478
0.8295 0.875493
0.8305 0.872474
0.8315 0.869421
0.8325 0.866333
0.8335 0.863211
0.8345 0.860055
0.8355 0.856866
0.8365 0.853642
0.8375 0.850384
0.8385 0.847093
0.8395 0.843769
0.8405 0.840411
0.8415 0.83702
0.8425 0.833596
0.8435 0.830139
0.8445 0.826649
0.8455 0.823127
0.8465 0.819572
0.8475 0.815985
0.8485 0.812366
0.8495 0.808714
0.8505 0.805031
0.8515 0.801316
0.8525 0.797569
0.8535 0.793791
0.8545 0.789981
0.8555 0.78614
0.8565 0.782268
0.8575 0.778366
0.8585 0.774432
0.8595 0.770468
0.8605 0.766474
0.8615 0.762449
0.8625 0.758394
0.8635 0.754309
0.8645 0.750195
0.8655 0.746051
0.8665 0.741877
0.8675 0.737674
0.8685 0.733442
0.8695 0.729181
0.8705 0.724892
0.8715 0.720573
0.8725 0.716226
0.8735 0.711851
0.8745 0.707448
0.8755 0.703017
0.8765 0.698558
0.8775 0.694072
0.8785 0.689558
0.8795 0.685017
0.8805 0.680449
0.8815 0.675854
0.8825 0.671232
0.8835 0.666584
0.8845 0.661909
0.8855 0.657209
0.8865 0.652482
0.8875 0.64773
0.8885 0.642952
0.8895 0.638149
0.8905 0.63332
0.8915 0.628467
0.8925 0.623588
0.8935 0.618686
0.8945 0.613758
0.8955 0.608807
0.8965 0.603831
0.8975 0.598832
0.8985 0.593809
0.8995 0.588762
0.9005 0.583692
0.9015 0.5786
0.9025 0.573484
0.9035 0.568346
0.9045 0.563185
0.9055 0.558002
0.9065 0.552797
0.9075 0.54757
0.9085 0.542322
0.9095 0.537052
0.9105 0.531761
0.9115 0.526449
0.9125 0.521116
0.9135 0.515763
0.9145 0.510389
0.9155 0.504995
0.9165 0.499581
0.9175 0.494148
0.9185 0.488695
0.9195 0.483222
0.9205 0.477731
0.9215 0.472221
0.9225 0.466692
0.9235 0.461144
0.9245 0.455579
0.9255 0.449995
0.9265 0.444394
0.9275 0.438775
0.9285 0.433139
0.9295 0.427486
0.9305 0.421816
0.9315 0.416129
0.9325 0.410426
0.9335 0.404706
0.9345 0.398971
0.9355 0.39322
0.9365 0.387453
0.9375 0.381671
0.9385 0.375874
0.9395 0.370062
0.9405 0.364236
0.9415 0.358395
0.9425 0.35254
0.9435 0.346671
0.9445 0.340788
0.9455 0.334892
0.9465 0.328983
0.9475 0.32306
0.9485 0.317125
0.9495 0.311178
0.9505 0.305218
0.9515 0.299246
0.9525 0.293262
0.9535 0.287267
0.9545 0.28126
0.9555 0.275243
0.9565 0.269214
0.9575 0.263175
0.9585 0.257125
0.9595 0.251066
0.9605 0.244996
0.9615 0.238917
0.9625 0.232828
0.9635 0.22673
0.9645 0.220623
0.9655 0.214507
0.9665 0.208383
0.9675 0.202251
0.9685 0.19611
0.9695 0.189962
0.9705 0.183807
0.9715 0.177644
0.9725 0.171474
0.9735 0.165298
0.9745 0.159115
0.9755 0.152925
0.9765 0.14673
0.9775 0.140528
0.9785 0.134322
0.9795 0.12811
0.9805 0.121892
0.9815 0.115671
0.9825 0.109444
0.9835 0.103213
0.9845 0.0969782
0.9855 0.0907395
0.9865 0.0844972
0.9875 0.0782515
0.9885 0.0720028
0.9895 0.0657512
0.9905 0.059497
0.9915 0.0532405
0.9925 0.0469818
0.9935 0.0407213
0.9945 0.0344592
0.9955 0.0281958
0.9965 0.0219312
0.9975 0.0156658
0.9985 0.0093997
0.9995 0.00313328

# time= 0.72
0.0005 -0.000389846
0.0015 -0.00116952
0.0025 -0.00194915
0.0035 -0.00272871
0.0045 -0.00350815
0.0055 -0.00428746
0.0065 -0.0050666
0.0075 -0.00584554
0.0085 -0.00662424
0.0095 -0.00740269
0.0105 -0.00818084
0.0115 -0.00895867
0.0125 -0.00973615
0.0135 -0.0105132
0.0145 -0.0112899
0.0155 -0.0120662
0.0165 -0.0128419
0.0175 -0.0136172
0.0185 -0.0143919
0.0195 -0.015166
0.0205 -0.0159396
0.0215 -0.0167125
0.0225 -0.0174847
0.0235 -0.0182563
0.0245 -0.0190271
0.0255 -0.0197972
0.0265 -0.0205665
0.0275 -0.021335
0.0285 -0.0221027
0.0295 -0.0228695
0.0305 -0.0236354
0.0315 -0.0244003
0.0325 -0.0251643
0.0335 -0.0259273
0.0345 -0.0266893
0.0355 -0.0274502
0.0365 -0.02821
0.0375 -0.0289687
0.0385 -0.0297263
0.0395 -0.0304827
0.0405 -0.0312379
0.0415 -0.0319918
0.0425 -0.0327445
0.0435 -0.033496
0.0445 -0.034246
0.0455 -0.0349948
0.0465 -0.0357421
0.0475 -0.0364881
0.0485 -0.0372326
0.0495 -0.0379756
0.0505 -0.0387171
0.0515 -0.0394571
0.0525 -0.0401956
0.0535 -0.0409324
0.0545 -0.0416677
0.0555 -0.0424013
0.0565 -0.0431332
0.0575 -0.0438634
0.0585 -0.0445919
0.0595 -0.0453186
0.0605 -0.0460436
0.0615 -0.0467667
0.0625 -0.047488
0.0635 -0.0482074
0.0645 -0.0489249
0.0655 -0.0496404
0.0665 -0.050354
0.0675 -0.0510657
0.0685 -0.0517753
0.0695 -0.0524828
0.0705 -0.0531883
0.0715 -0.0538917
0.0725 -0.054593
0.0735 -0.0552921
0.0745 -0.055989
0.0755 -0.0566837
0.0765 -0.0573762
0.0775 -0.0580664
0.0785 -0.0587543
0.0795 -0.0594399
0.0805 -0.0601231
0.0815 -0.060804
0.0825 -0.0614825
0.0835 -0.0621585
0.0845 -0.0628321
0.0855 -0.0635032
0.0865 -0.0641718
0.0875 -0.0648379
0.0885 -0.0655014
0.0895 -0.0661624
0.0905 -0.0668207
0.0915 -0.0674764
0.0925 -0.0681294
0.0935 -0.0687797
0.0945 -0.0694273
0.0955 -0.0700722
0.0965 -0.0707143
0.0975 -0.0713536
0.0985 -0.0719901
0.0995 -0.0726237
0.1005 -0.0732545
0.1015 -0.0738824
0.1025 -0.0745074
0.1035 -0.0751294
0.1045 -0.0757485
0.1055 -0.0763646
0.1065 -0.0769776
0.1075 -0.0775876
0.1085 -0.0781946
0.1095 -0.0787985
0.1105 -0.0793992
0.1115 -0.0799969
0.1125 -0.0805913
0.1135 -0.0811826
0.1145 -0.0817707
0.1155 -0.0823556
0.1165 -0.0829372
0.1175 -0.0835155
0.1185 -0.0840905
0.1195 -0.0846622
0.1205 -0.0852306
0.1215 -0.0857956
0.1225 -0.0863572
0.1235 -0.0869155
0.1245 -0.0874702
0.1255 -0.0880216
0.1265 -0.0885694
0.1275 -0.0891138
0.1285 -0.0896546
0.1295 -0.0901919
0.1305 -0.0907256
0.1315 -0.0912558
0.1325 -0.0917823
0.1335 -0.0923053
0.1345 -0.0928245
0.1355 -0.0933402
0.1365 -0.0938521
0.1375 -0.0943603
0.1385 -0.0948648
0.1395 -0.0953656
0.1405 -0.0958626
0.1415 -0.0963558
0.1425 -0.0968452
0.1435 -0.0973308
0.1445 -0.0978125
0.1455 -0.0982904
0.1465 -0.0987644
0.1475 -0.0992345
0.1485 -0.0997007
0.1495 -0.100163
0.1505 -0.100621
0.1515 -0.101076
0.1525 -0.101526
0.1535 -0.101972
0.1545 -0.102414
0.1555 -0.102853
0.1565 -0.103287
0.1575 -0.103717
0.1585 -0.104143
0.1595 -0.104565
0.1605 -0.104983
0.1615 -0.105396
0.1625 -0.105806
0.1635 -0.106211
0.1645 -0.106612
0.1655 -0.107009
0.1665 -0.107402
0.1675 -0.10779
0.1685 -0.108174
0.1695 -0.108554
0.1705 -0.10893
0.1715 -0.109301
0.1725 -0.109668
0.1735 -0.110031
0.1745 -0.110389
0.1755 -0.110743
0.1765 -0.111093
0.1775 -0.111438
0.1785 -0.111779
0.1795 -0.112115
0.1805 -0.112447
0.1815 -0.112775
0.1825 -0.113098
0.1835 -0.113417
0.1845 -0.113731
0.1855 -0.11404
0.1865 -0.114345
0.1875 -0.114646
0.1885 -0.114942
0.1895 -0.115234
0.1905 -0.115521
0.1915 -0.115803
0.1925 -0.116081
0.1935 -0.116354
0.1945 -0.116623
0.1955 -0.116887
0.1965 -0.117147
0.1975 -0.117402
0.1985 -0.117652
0.1995 -0.117897
0.2005 -0.118138
0.2015 -0.118375
0.2025 -0.118606
0.2035 -0.118833
0.2045 -0.119055
0.2055 -0.119273
0.2065 -0.119486
0.2075 -0.119694
0.2085 -0.119897
0.2095 -0.120096
0.2105 -0.12029
0.2115 -0.120479
0.2125 -0.120663
0.2135 -0.120843
0.2145 -0.121018
0.2155 -0.121188
0.2165 -0.121353
0.2175 -0.121514
0.2185 -0.121669
0.2195 -0.12182
0.2205 -0.121966
0.2215 -0.122108
0.2225 -0.122244
0.2235 -0.122376
0.2245 -0.122503
0.2255 -0.122625
0.2265 -0.122742
0.2275 -0.122854
0.2285 -0.122961
0.2295 -0.123064
0.2305 -0.123162
0.2315 -0.123255
0.2325 -0.123343
0.2335 -0.123426
0.2345 -0.123504
0.2355 -0.123577
0.2365 -0.123646
0.2375 -0.12371
0.2385 -0.123768
0.2395 -0.123822
0.2405 -0.123871
0.2415 -0.123915
0.2425 -0.123954
0.2435 -0.123989
0.2445 -0.124018
0.2455 -0.124042
0.2465 -0.124062
0.2475 -0.124077
0.2485 -0.124087
0.2495 -0.124091
0.2505 -0.124091
0.2515 -0.124087
0.2525 -0.124077
0.2535 -0.124062
0.2545 -0.124042
0.2555 -0.124018
0.2565 -0.123989
0.2575 -0.123954
0.2585 -0.123915
0.2595 -0.123871
0.2605 -0.123822
0.2615 -0.123768
0.2625 -0.12371
0.2635 -0.123646
0.2645 -0.123577
0.2655 -0.123504
0.2665 -0.123426
0.2675 -0.123343
0.2685 -0.123255
0.2695 -0.123162
0.2705 -0.123064
0.2715 -0.122961
0.2725 -0.122854
0.2735 -0.122742
0.2745 -0.122625
0.2755 -0.122503
0.2765 -0.122376
0.2775 -0.122244
0.2785 -0.122108
0.2795 -0.121966
0.2805 -0.12182
0.2815 -0.121669
0.2825 -0.121514
0.2835 -0.121353
0.2845 -0.121188
0.2855 -0.121018
0.2865 -0.120843
0.2875 -0.120663
0.2885 -0.120479
0.2895 -0.12029
0.2905 -0.120096
0.2915 -0.119897
0.2925 -0.119694
0.2935 -0.119486
0.2945 -0.119273
0.2955 -0.119055
0.2965 -0.118833
0.2975 -0.118606
0.2985 -0.118375
0.2995 -0.118138
0.3005 -0.117897
0.3015 -0.117652
0.3025 -0.117402
0.3035 -0.117147
0.3045 -0.116887
0.3055 -0.116623
0.3065 -0.116354
0.3075 -0.116081
0.3085 -0.115803
0.3095 -0.115521
0.3105 -0.115234
0.3115 -0.114942
0.3125 -0.114646
0.3135 -0.114345
0.3145 -0.11404
0.3155 -0.113731
0.3165 -0.113417
0.3175 -0.113098
0.3185 -0.112775
0.3195 -0.112447
0.3205 -0.112115
0.3215 -0.111779
0.3225 -0.111438
0.3235 -0.111093
0.3245 -0.110743
0.3255 -0.110389
0.3265 -0.110031
0.3275 -0.109668
0.3285 -0.109301
0.3295 -0.10893
0.3305 -0.108554
0.3315 -0.108174
0.3325 -0.10779
0.3335 -0.107402
0.3345 -0.107009
0.3355 -0.106612
0.3365 -0.106211
0.3375 -0.105806
0.3385 -0.105396
0.3395 -0.104983
0.3405 -0.104565
0.3415 -0.104143
0.3425 -0.103717
0.3435 -0.103287
0.3445 -0.102853
0.3455 -0.102414
0.3465 -0.101972
0.3475 -0.101526
0.3485 -0.101076
0.3495 -0.100621
0.3505 -0.100163
0.3515 -0.0997007
0.3525 -0.0992345
0.3535 -0.0987644
0.3545 -0.0982904
0.3555 -0.0978125
0.3565 -0.0973308
0.3575 -0.0968452
0.3585 -0.0963558
0.3595 -0.0958626
0.3605 -0.0953656
0.3615 -0.0948648
0.3625 -0.0943603
0.3635 -0.0938521
0.3645 -0.0933402
0.3655 -0.0928245
0.3665 -0.0923053
0.3675 -0.0917823
0.3685 -0.0912558
0.3695 -0.0907256
0.3705 -0.0901919
0.3715 -0.0896546
0.3725 -0.0891138
0.3735 -0.0885694
0.3745 -0.0880216
0.3755 -0.0874702
0.3765 -0.0869155
0.3775 -0.0863572
0.3785 -0.0857956
0.3795 -0.0852306
0.3805 -0.0846622
0.3815 -0.0840905
0.3825 -0.0835155
0.3835 -0.0829372
0.3845 -0.0823556
0.3855 -0.0817707
0.3865 -0.0811826
0.3875 -0.0805913
0.3885 -0.0799969
0.3895 -0.0793992
0.3905 -0.0787985
0.3915 -0.0781946
0.3925 -0.0775876
0.3935 -0.0769776
0.3945 -0.0763646
0.3955 -0.0757485
0.3965 -0.0751294
0.3975 -0.0745074
0.3985 -0.0738824
0.3995 -0.0732545
0.4005 -0.0726237
0.4015 -0.0719901
0.4025 -0.0713536
0.4035 -0.0707143
0.4045 -0.0700722
0.4055 -0.0694273
0.4065 -0.0687797
0.4075 -0.0681294
0.4085 -0.0674764
0.4095 -0.0668207
0.4105 -0.0661624
0.4115 -0.0655014
0.4125 -0.0648379
0.4135 -0.0641718
0.4145 -0.0635032
0.4155 -0.0628321
0.4165 -0.0621585
0.4175 -0.0614825
0.4185 -0.060804
0.4195 -0.0601231
0.4205 -0.0594399
0.4215 -0.0587543
0.4225 -0.0580664
0.4235 -0.0573762
0.4245 -0.0566837
0.4255 -0.055989
0.4265 -0.0552921
0.4275 -0.054593
0.4285 -0.0538917
0.4295 -0.0531883
0.4305 -0.0524828
0.4315 -0.0517753
0.4325 -0.0510657
0.4335 -0.050354
0.4345 -0.0496404
0.4355 -0.0489249
0.4365 -0.0482074
0.4375 -0.047488
0.4385 -0.0467667
0.4395 -0.0460436
0.4405 -0.0453186
0.4415 -0.0445919
0.4425 -0.0438634
0.4435 -0.0431332
0.4445 -0.0424013
0.4455 -0.0416677
0.4465 -0.0409324
0.4475 -0.0401956
0.4485 -0.0394571
0.4495 -0.0387171
0.4505 -0.0379756
0.4515 -0.0372326
0.4525 -0.0364881
0.4535 -0.0357421
0.4545 -0.0349948
0.4555 -0.034246
0.4565 -0.033496
0.4575 -0.0327445
0.4585 -0.0319918
0.4595 -0.0312379
0.4605 -0.0304827
0.4615 -0.0297263
0.4625 -0.0289687
0.4635 -0.02821
0.4645 -0.0274502
0.4655 -0.0266893
0.4665 -0.0259273
0.4675 -0.0251643
0.4685 -0.0244003
0.4695 -0.0236354
0.4705 -0.0228695
0.4715 -0.0221027
0.4725 -0.021335
0.4735 -0.0205665
0.4745 -0.0197972
0.4755 -0.0190271
0.4765 -0.0182563
0.4775 -0.0174847
0.4785 -0.0167125
0.4795 -0.0159396
0.4805 -0.015166
0.4815 -0.0143919
0.4825 -0.0136172
0.4835 -0.0128419
0.4845 -0.0120662
0.4855 -0.0112899
0.4865 -0.0105132
0.4875 -0.00973615
0.4885 -0.00895867
0.4895 -0.00818084
0.4905 -0.00740269
0.4915 -0.00662424
0.4925 -0.00584554
0.4935 -0.0050666
0.4945 -0.00428746
0.4955 -0.00350815
0.4965 -0.00272871
0.4975 -0.00194915
0.4985 -0.00116952
0.4995 -0.000389846
0.5005 0.000389846
0.5015 0.00116952
0.5025 0.00194915
0.5035 0.00272871
0.5045 0.00350815
0.5055 0.00428746
0.5065 0.0050666
0.5075 0.00584554
0.5085 0.00662424
0.5095 0.00740269
0.5105 0.00818084
0.5115 0.00895867
0.5125 0.00973615
0.5135 0.0105132
0.5145 0.0112899
0.5155 0.0120662
0.5165 0.0128419
0.5175 0.0136172
0.5185 0.0143919
0.5195 0.015166
0.5205 0.0159396
0.5215 0.0167125
0.5225 0.0174847
0.5235 0.0182563
0.5245 0.0190271
0.5255 0.0197972
0.5265 0.0205665
0.5275 0.021335
0.5285 0.0221027
0.5295 0.0228695
0.5305 0.0236354
0.5315 0.0244003
0.5325 0.0251643
0.5335 0.0259273
0.5345 0.0266893
0.5355 0.0274502
0.5365 0.02821
0.5375 0.0289687
0.5385 0.0297263
0.5395 0.0304827
0.5405 0.0312379
0.5415 0.0319918
0.5425 0.0327445
0.5435 0.033496
0.5445 0.034246
0.5455 0.0349948
0.5465 0.0357421
0.5475 0.0364881
0.5485 0.0372326
0.5495 0.0379756
0.5505 0.0387171
0.5515 0.0394571
0.5525 0.0401956
0.5535 0.0409324
0.5545 0.0416677
0.5555 0.0424013
0.5565 0.0431332
0.5575 0.0438634
0.5585 0.0445919
0.5595 0.0453186
0.5605 0.0460436
0.5615 0.0467667
0.5625 0.047488
0.5635 0.0482074
0.5645 0.0489249
0.5655 0.0496404
0.5665 0.050354
0.5675 0.0510657
0.5685 0.0517753
0.5695 0.0524828
0.5705 0.0531883
0.5715 0.0538917
0.5725 0.054593
0.5735 0.0552921
0.5745 0.055989
0.5755 0.0566837
0.5765 0.0573762
0.5775 0.0580664
0.5785 0.0587543
0.5795 0.0594399
0.5805 0.0601231
0.5815 0.060804
0.5825 0.0614825
0.5835 0.0621585
0.5845 0.0628321
0.5855 0.0635032
0.5865 0.0641718
0.5875 0.0648379
0.5885 0.0655014
0.5895 0.0661624
0.5905 0.0668207
0.5915 0.0674764
0.5925 0.0681294
0.5935 0.0687797
0.5945 0.0694273
0.5955 0.0700722
0.5965 0.0707143
0.5975 0.0713536
0.5985 0.0719901
0.5995 0.0726237
0.6005 0.0732545
0.6015 0.0738824
0.6025 0.0745074
0.6035 0.0751294
0.6045 0.0757485
0.6055 0.0763646
0.6065 0.0769776
0.6075 0.0775876
0.6085 0.0781946
0.6095 0.0787985
0.6105 0.0793992
0.6115 0.0799969
0.6125 0.0805913
0.6135 0.0811826
0.6145 0.0817707
0.6155 0.0823556
0.6165 0.0829372
0.6175 0.0835155
0.6185 0.0840905
0.6195 0.0846622
0.6205 0.0852306
0.6215 0.0857956
0.6225 0.0863572
0.6235 0.0869155
0.6245 0.0874702
0.6255 0.0880216
0.6265 0.0885694
0.6275 0.0891138
0.6285 0.0896546
0.6295 0.0901919
0.6305 0.0907256
0.6315 0.0912558
0.6325 0.0917823
0.6335 0.0923053
0.6345 0.0928245
0.6355 0.0933402
0.6365 0.0938521
0.6375 0.0943603
0.6385 0.0948648
0.6395 0.0953656
0.6405 0.0958626
0.6415 0.0963558
0.6425 0.0968452
0.6435 0.0973308
0.6445 0.0978125
0.6455 0.0982904
0.6465 0.0987644
0.6475 0.0992345
0.6485 0.0997007
0.6495 0.100163
0.6505 0.100621
0.6515 0.101076
0.6525 0.101526
0.6535 0.101972
0.6545 0.102414
0.6555 0.102853
0.6565 0.103287
0.6575 0.103717
0.6585 0.104143
0.6595 0.104565
0.6605 0.104983
0.6615 0.105396
0.6625 0.105806
0.6635 0.106211
0.6645 0.106612
0.6655 0.107009
0.6665 0.107402
0.6675 0.10779
0.6685 0.108174
0.6695 0.108554
0.6705 0.10893
0.6715 0.109301
0.6725 0.109668
0.6735 0.110031
0.6745 0.110389
0.6755 0.110743
0.6765 0.111093
0.6775 0.111438
0.6785 0.111779
0.6795 0.112115
0.6805 0.112447
0.6815 0.112775
0.6825 0.113098
0.6835 0.113417
0.6845 0.113731
0.6855 0.11404
0.6865 0.114345
0.6875 0.114646
0.6885 0.114942
0.6895 0.115234
0.6905 0.115521
0.6915 0.115803
0.6925 0.116081
0.6935 0.116354
0.6945 0.116623
0.6955 0.116887
0.6965 0.117147
0.6975 0.117402
0.6985 0.117652
0.6995 0.117897
0.7005 0.118138
0.7015 0.118375
0.7025 0.118606
0.7035 0.118833
0.7045 0.119055
0.7055 0.119273
0.7065 0.119486
0.7075 0.119694
0.7085 0.119897
0.7095 0.120096
0.7105 0.12029
0.7115 0.120479
0.7125 0.120663
0.7135 0.120843
0.7145 0.121018
0.7155 0.121188
0.7165 0.121353
0.7175 0.121514
0.7185 0.121669
0.7195 0.12182
0.7205 0.121966
0.7215 0.122108
0.7225 0.122244
0.7235 0.122376
0.7245 0.122503
0.7255 0.122625
0.7265 0.122742
0.7275 0.122854
0.7285 0.122961
0.7295 0.123064
0.7305 0.123162
0.7315 0.123255
0.7325 0.123343
0.7335 0.123426
0.7345 0.123504
0.7355 0.123577
0.7365 0.123646
0.7375 0.12371
0.7385 0.123768
0.7395 0.123822
0.7405 0.123871
0.7415 0.123915
0.7425 0.123954
0.7435 0.123989
0.7445 0.124018
0.7455 0.124042
0.7465 0.124062
0.7475 0.124077
0.7485 0.124087
0.7495 0.124091
0.7505 0.124091
0.7515 0.124087
0.7525 0.124077
0.7535 0.124062
0.7545 0.124042
0.7555 0.124018
0.7565 0.123989
0.7575 0.123954
0.7585 0.123915
0.7595 0.123871
0.7605 0.123822
0.7615 0.123768
0.7625 0.12371
0.7635 0.123646
0.7645 0.123577
0.7655 0.123504
0.7665 0.123426
0.7675 0.123343
0.7685 0.123255
0.7695 0.123162
0.7705 0.123064
0.7715 0.122961
0.7725 0.122854
0.7735 0.122742
0.7745 0.122625
0.7755 0.122503
0.7765 0.122376
0.7775 0.122244
0.7785 0.122108
0.7795 0.121966
0.7805 0.12182
0.7815 0.121669
0.7825 0.121514
0.7835 0.121353
0.7845 0.121188
0.7855 0.121018
0.7865 0.120843
0.7875 0.120663
0.7885 0.120479
0.7895 0.12029
0.7905 0.120096
0.7915 0.119897
0.7925 0.119694
0.7935 0.119486
0.7945 0.119273
0.7955 0.119055
0.7965 0.118833
0.7975 0.118606
0.7985 0.118375
0.7995 0.118138
0.8005 0.117897
0.8015 0.117652
0.8025 0.117402
0.8035 0.117147
0.8045 0.116887
0.8055 0.116623
0.8065 0.116354
0.8075 0.116081
0.8085 0.115803
0.8095 0.115521
0.8105 0.115234
0.8115 0.114942
0.8125 0.114646
0.8135 0.114345
0.8145 0.11404
0.8155 0.113731
0.8165 0.113417
0.8175 0.113098
0.8185 0.112775
0.8195 0.112447
0.8205 0.112115
0.8215 0.111779
0.8225 0.111438
0.8235 0.111093
0.8245 0.110743
0.8255 0.110389
0.8265 0.110031
0.8275 0.109668
0.8285 0.109301
0.8295 0.10893
0.8305 0.108554
0.8315 0.108174
0.8325 0.10779
0.8335 0.107402
0.8345 0.107009
0.8355 0.106612
0.8365 0.106211
0.8375 0.105806
0.8385 0.105396
0.8395 0.104983
0.8405 0.104565
0.8415 0.104143
0.8425 0.103717
0.8435 0.103287
0.8445 0.102853
0.8455 0.102414
0.8465 0.101972
0.8475 0.101526
0.8485 0.101076
0.8495 0.100621
0.8505 0.100163
0.8515 0.0997007
0.8525 0.0992345
0.8535 0.0987644
0.8545 0.0982904
0.8555 0.0978125
0.8565 0.0973308
0.8575 0.0968452
0.8585 0.0963558
0.8595 0.0958626
0.8605 0.0953656
0.8615 0.0948648
0.8625 0.0943603
0.8635 0.0938521
0.8645 0.0933402
0.8655 0.0928245
0.8665 0.0923053
0.8675 0.0917823
0.8685 0.0912558
0.8695 0.0907256
0.8705 0.0901919
0.8715 0.0896546
0.8725 0.0891138
0.8735 0.0885694
0.8745 0.0880216
0.8755 0.0874702
0.8765 0.0869155
0.8775 0.0863572
0.8785 0.0857956
0.8795 0.0852306
0.8805 0.0846622
0.8815 0.0840905
0.8825 0.0835155
0.8835 0.0829372
0.8845 0.0823556
0.8855 0.0817707
0.8865 0.0811826
0.8875 0.0805913
0.8885 0.0799969
0.8895 0.0793992
0.8905 0.0787985
0.8915 0.0781946
0.8925 0.0775876
0.8935 0.0769776
0.8945 0.0763646
0.8955 0.0757485
0.8965 0.0751294
0.8975 0.0745074
0.8985 0.0738824
0.8995 0.0732545
0.9005 0.0726237
0.9015 0.0719901
0.9025 0.0713536
0.9035 0.0707143
0.9045 0.0700722
0.9055 0.0694273
0.9065 0.0687797
0.9075 0.0681294
0.9085 0.0674764
0.9095 0.0668207
0.9105 0.0661624
0.9115 0.0655014
0.9125 0.0648379
0.9135 0.0641718
0.9145 0.0635032
0.9155 0.0628321
0.9165 0.0621585
0.9175 0.0614825
0.9185 0.060804
0.9195 0.0601231
0.9205 0.0594399
0.9215 0.0587543
0.9225 0.0580664
0.9235 0.0573762
0.9245 0.0566837
0.9255 0.055989
0.9265 0.0552921
0.9275 0.054593
0.9285 0.0538917
0.9295 0.0531883
0.9305 0.0524828
0.9315 0.0517753
0.9325 0.0510657
0.9335 0.050354
0.9345 0.0496404
0.9355 0.0489249
0.9365 0.0482074
0.9375 0.047488
0.9385 0.0467667
0.9395 0.0460436
0.9405 0.0453186
0.9415 0.0445919
0.9425 0.0438634
0.9435 0.0431332
0.9445 0.0424013
0.9455 0.0416677
0.9465 0.0409324
0.9475 0.0401956
0.9485 0.0394571
0.9495 0.0387171
0.9505 0.0379756
0.9515 0.0372326
0.9525 0.0364881
0.9535 0.0357421
0.9545 0.0349948
0.9555 0.034246
0.9565 0.033496
0.9575 0.0327445
0.9585 0.0319918
0.9595 0.0312379
0.9605 0.0304827
0.9615 0.0297263
0.9625 0.0289687
0.9635 0.02821
0.9645 0.0274502
0.9655 0.0266893
0.9665 0.0259273
0.9675 0.0251643
0.9685 0.0244003
0.9695 0.0236354
0.9705 0.0228695
0.9715 0.0221027
0.9725 0.021335
0.9735 0.0205665
0.9745 0.0197972
0.9755 0.0190271
0.9765 0.0182563
0.9775 0.0174847
0.9785 0.0167125
0.9795 0.0159396
0.9805 0.015166
0.9815 0.0143919
0.9825 0.0136172
0.9835 0.0128419
0.9845 0.0120662
0.9855 0.0112899
0.9865 0.0105132
0.9875 0.00973615
0.9885 0.00895867
0.9895 0.00818084
0.9905 0.00740269
0.9915 0.00662424
0.9925 0.00584554
0.9935 0.0050666
0.9945 0.00428746
0.9955 0.00350815
0.9965 0.00272871
0.9975 0.00194915
0.9985 0.00116952
0.9995 0.000389846

# time= 0.96
0.0005 0.00309211
0.0015 0.0092762
0.0025 0.0154599
0.0035 0.021643
0.0045 0.0278253
0.0055 0.0340065
0.0065 0.0401863
0.0075 0.0463645
0.0085 0.0525409
0.0095 0.0587153
0.0105 0.0648873
0.0115 0.0710567
0.0125 0.0772234
0.0135 0.083387
0.0145 0.0895473
0.0155 0.0957041
0.0165 0.101857
0.0175 0.108006
0.0185 0.114151
0.0195 0.120291
0.0205 0.126426
0.0215 0.132557
0.0225 0.138682
0.0235 0.144802
0.0245 0.150916
0.0255 0.157024
0.0265 0.163126
0.0275 0.169221
0.0285 0.17531
0.0295 0.181392
0.0305 0.187467
0.0315 0.193534
0.0325 0.199593
0.0335 0.205645
0.0345 0.211689
0.0355 0.217724
0.0365 0.223751
0.0375 0.229769
0.0385 0.235777
0.0395 0.241777
0.0405 0.247767
0.0415 0.253747
0.0425 0.259717
0.0435 0.265677
0.0445 0.271626
0.0455 0.277565
0.0465 0.283493
0.0475 0.289409
0.0485 0.295314
0.0495 0.301208
0.0505 0.307089
0.0515 0.312959
0.0525 0.318816
0.0535 0.32466
0.0545 0.330492
0.0555 0.336311
0.0565 0.342116
0.0575 0.347908
0.0585 0.353686
0.0595 0.35945
0.0605 0.3652
0.0615 0.370935
0.0625 0.376656
0.0635 0.382362
0.0645 0.388053
0.0655 0.393729
0.0665 0.399389
0.0675 0.405033
0.0685 0.410661
0.0695 0.416273
0.0705 0.421869
0.0715 0.427448
0.0725 0.43301
0.0735 0.438555
0.0745 0.444083
0.0755 0.449593
0.0765 0.455086
0.0775 0.46056
0.0785 0.466016
0.0795 0.471454
0.0805 0.476873
0.0815 0.482274
0.0825 0.487655
0.0835 0.493017
0.0845 0.49836
0.0855 0.503683
0.0865 0.508986
0.0875 0.514269
0.0885 0.519532
0.0895 0.524774
0.0905 0.529996
0.0915 0.535196
0.0925 0.540376
0.0935 0.545534
0.0945 0.550671
0.0955 0.555785
0.0965 0.560878
0.0975 0.565949
0.0985 0.570997
0.0995 0.576023
0.1005 0.581027
0.1015 0.586007
0.1025 0.590964
0.1035 0.595897
0.1045 0.600808
0.1055 0.605694
0.1065 0.610557
0.1075 0.615395
0.1085 0.620209
0.1095 0.624999
0.1105 0.629764
0.1115 0.634504
0.1125 0.639219
0.1135 0.643909
0.1145 0.648574
0.1155 0.653213
0.1165 0.657826
0.1175 0.662413
0.1185 0.666974
0.1195 0.671508
0.1205 0.676016
0.1215 0.680498
0.1225 0.684952
0.1235 0.68938
0.1245 0.69378
0.1255 0.698153
0.1265 0.702498
0.1275 0.706816
0.1285 0.711106
0.1295 0.715367
0.1305 0.719601
0.1315 0.723806
0.1325 0.727982
0.1335 0.73213
0.1345 0.736249
0.1355 0.740338
0.1365 0.744399
0.1375 0.74843
0.1385 0.752431
0.1395 0.756403
0.1405 0.760345
0.1415 0.764257
0.1425 0.768139
0.1435 0.77199
0.1445 0.775811
0.1455 0.779602
0.1465 0.783361
0.1475 0.78709
0.1485 0.790787
0.1495 0.794454
0.1505 0.798089
0.1515 0.801692
0.1525 0.805264
0.1535 0.808804
0.1545 0.812312
0.1555 0.815788
0.1565 0.819232
0.1575 0.822644
0.1585 0.826023
0.1595 0.829369
0.1605 0.832683
0.1615 0.835964
0.1625 0.839211
0.1635 0.842426
0.1645 0.845607
0.1655 0.848755
0.1665 0.85187
0.1675 0.854951
0.1685 0.857998
0.1695 0.861011
0.1705 0.86399
0.1715 0.866936
0.1725 0.869847
0.1735 0.872723
0.1745 0.875565
0.1755 0.878373
0.1765 0.881146
0.1775 0.883884
0.1785 0.886587
0.1795 0.889255
0.1805 0.891888
0.1815 0.894486
0.1825 0.897049
0.1835 0.899576
0.1845 0.902068
0.1855 0.904524
0.1865 0.906944
0.1875 0.909329
0.1885 0.911677
0.1895 0.91399
0.1905 0.916267
0.1915 0.918507
0.1925 0.920711
0.1935 0.922879
0.1945 0.92501
0.1955 0.927105
0.1965 0.929163
0.1975 0.931185
0.1985 0.93317
0.1995 0.935117
0.2005 0.937029
0.2015 0.938903
0.2025 0.94074
0.2035 0.942539
0.2045 0.944302
0.2055 0.946027
0.2065 0.947715
0.2075 0.949366
0.2085 0.950979
0.2095 0.952555
0.2105 0.954093
0.2115 0.955593
0.2125 0.957055
0.2135 0.95848
0.2145 0.959867
0.2155 0.961216
0.2165 0.962527
0.2175 0.9638
0.2185 0.965035
0.2195 0.966232
0.2205 0.967391
0.2215 0.968512
0.2225 0.969594
0.2235 0.970638
0.2245 0.971644
0.2255 0.972611
0.2265 0.97354
0.2275 0.974431
0.2285 0.975283
0.2295 0.976097
0.2305 0.976872
0.2315 0.977608
0.2325 0.978306
0.2335 0.978966
0.2345 0.979586
0.2355 0.980168
0.2365 0.980712
0.2375 0.981216
0.2385 0.981682
0.2395 0.982109
0.2405 0.982497
0.2415 0.982847
0.2425 0.983158
0.2435 0.98343
0.2445 0.983663
0.2455 0.983857
0.2465 0.984012
0.2475 0.984129
0.2485 0.984207
0.2495 0.984245
0.2505 0.984245
0.2515 0.984207
0.2525 0.984129
0.2535 0.984012
0.2545 0.983857
0.2555 0.983663
0.2565 0.98343
0.2575 0.983158
0.2585 0.982847
0.2595 0.982497
0.2605 0.982109
0.2615 0.981682
0.2625 0.981216
0.2635 0.980712
0.2645 0.980168
0.2655 0.979586
0.2665 0.978966
0.2675 0.978306
0.2685 0.977608
0.2695 0.976872
0.2705 0.976097
0.2715 0.975283
0.2725 0.974431
0.2735 0.97354
0.2745 0.972611
0.2755 0.971644
0.2765 0.970638
0.2775 0.969594
0.2785 0.968512
0.2795 0.967391
0.2805 0.966232
0.2815 0.965035
0.2825 0.9638
0.2835 0.962527
0.2845 0.961216
0.2855 0.959867
0.2865 0.95848
0.2875 0.957055
0.2885 0.955593
0.2895 0.954093
0.2905 0.952555
0.2915 0.950979
0.2925 0.949366
0.2935 0.947715
0.2945 0.946027
0.2955 0.944302
0.2965 0.942539
0.2975 0.94074
0.2985 0.938903
0.2995 0.937029
0.3005 0.935117
0.3015 0.93317
0.3025 0.931185
0.3035 0.929163
0.3045 0.927105
0.3055 0.92501
0.3065 0.922879
0.3075 0.920711
0.3085 0.918507
0.3095 0.916267
0.3105 0.91399
0.3115 0.911677
0.3125 0.909329
0.3135 0.906944
0.3145 0.904524
0.3155 0.902068
0.3165 0.899576
0.3175 0.897049
0.3185 0.894486
0.3195 0.891888
0.3205 0.889255
0.3215 0.886587
0.3225 0.883884
0.3235 0.881146
0.3245 0.878373
0.3255 0.875565
0.3265 0.872723
0.3275 0.869847
0.3285 0.866936
0.3295 0.86399
0.3305 0.861011
0.3315 0.857998
0.3325 0.854951
0.3335 0.85187
0.3345 0.848755
0.3355 0.845607
0.3365 0.842426
0.3375 0.839211
0.3385 0.835964
0.3395 0.832683
0.3405 0.829369
0.3415 0.826023
0.3425 0.822644
0.3435 0.819232
0.3445 0.815788
0.3455 0.812312
0.3465 0.808804
0.3475 0.805264
0.3485 0.801692
0.3495 0.798089
0.3505 0.794454
0.3515 0.790787
0.3525 0.78709
0.3535 0.783361
0.3545 0.779602
0.3555 0.775811
0.3565 0.77199
0.3575 0.768139
0.3585 0.764257
0.3595 0.760345
0.3605 0.756403
0.3615 0.752431
0.3625 0.74843
0.3635 0.744399
0.3645 0.740338
0.3655 0.736249
0.3665 0.73213
0.3675 0.727982
0.3685 0.723806
0.3695 0.719601
0.3705 0.715367
0.3715 0.711106
0.3725 0.706816
0.3735 0.702498
0.3745 0.698153
0.3755 0.69378
0.3765 0.68938
0.3775 0.684952
0.3785 0.680498
0.3795 0.676016
0.3805 0.671508
0.3815 0.666974
0.3825 0.662413
0.3835 0.657826
0.3845 0.653213
0.3855 0.648574
0.3865 0.643909
0.3875 0.639219
0.3885 0.634504
0.3895 0.629764
0.3905 0.624999
0.3915 0.620209
0.3925 0.615395
0.3935 0.610557
0.3945 0.605694
0.3955 0.600808
0.3965 0.595897
0.3975 0.590964
0.3985 0.586007
0.3995 0.581027
0.4005 0.576023
0.4015 0.570997
0.4025 0.565949
0.4035 0.560878
0.4045 0.555785
0.4055 0.550671
0.4065 0.545534
0.4075 0.540376
0.4085 0.535196
0.4095 0.529996
0.4105 0.524774
0.4115 0.519532
0.4125 0.514269
0.4135 0.508986
0.4145 0.503683
0.4155 0.49836
0.4165 0.493017
0.4175 0.487655
0.4185 0.482274
0.4195 0.476873
0.4205 0.471454
0.4215 0.466016
0.4225 0.46056
0.4235 0.455086
0.4245 0.449593
0.4255 0.444083
0.4265 0.438555
0.4275 0.43301
0.4285 0.427448
0.4295 0.421869
0.4305 0.416273
0.4315 0.410661
0.4325 0.405033
0.4335 0.399389
0.4345 0.393729
0.4355 0.388053
0.4365 0.382362
0.4375 0.376656
0.4385 0.370935
0.4395 0.3652
0.4405 0.35945
0.4415 0.353686
0.4425 0.347908
0.4435 0.342116
0.4445 0.336311
0.4455 0.330492
0.4465 0.32466
0.4475 0.318816
0.4485 0.312959
0.4495 0.307089
0.4505 0.301208
0.4515 0.295314
0.4525 0.289409
0.4535 0.283493
0.4545 0.277565
0.4555 0.271626
0.4565 0.265677
0.4575 0.259717
0.4585 0.253747
0.4595 0.247767
0.4605 0.241777
0.4615 0.235777
0.4625 0.229769
0.4635 0.223751
0.4645 0.217724
0.4655 0.211689
0.4665 0.205645
0.4675 0.199593
0.4685 0.193534
0.4695 0.187467
0.4705 0.181392
0.4715 0.17531
0.4725 0.169221
0.4735 0.163126
0.4745 0.157024
0.4755 0.150916
0.4765 0.144802
0.4775 0.138682
0.4785 0.132557
0.4795 0.126426
0.4805 0.120291
0.4815 0.114151
0.4825 0.108006
0.4835 0.101857
0.4845 0.0957041
0.4855 0.0895473
0.4865 0.083387
0.4875 0.0772234
0.4885 0.0710567
0.4895 0.0648873
0.4905 0.0587153
0.4915 0.0525409
0.4925 0.0463645
0.4935 0.0401863
0.4945 0.0340065
0.4955 0.0278253
0.4965 0.021643
0.4975 0.0154599
0.4985 0.0092762
0.4995 0.00309211
0.5005 -0.00309211
0.5015 -0.0092762
0.5025 -0.0154599
0.5035 -0.021643
0.5045 -0.0278253
0.5055 -0.0340065
0.5065 -0.0401863
0.5075 -0.0463645
0.5085 -0.0525409
0.5095 -0.0587153
0.5105 -0.0648873
0.5115 -0.0710567
0.5125 -0.0772234
0.5135 -0.083387
0.5145 -0.0895473
0.5155 -0.0957041
0.5165 -0.101857
0.5175 -0.108006
0.5185 -0.114151
0.5195 -0.120291
0.5205 -0.126426
0.5215 -0.132557
0.5225 -0.138682
0.5235 -0.144802
0.5245 -0.150916
0.5255 -0.157024
0.5265 -0.163126
0.5275 -0.169221
0.5285 -0.17531
0.5295 -0.181392
0.5305 -0.187467
0.5315 -0.193534
0.5325 -0.199593
0.5335 -0.205645
0.5345 -0.211689
0.5355 -0.217724
0.5365 -0.223751
0.5375 -0.229769
0.5385 -0.235777
0.5395 -0.241777
0.5405 -0.247767
0.5415 -0.253747
0.5425 -0.259717
0.5435 -0.265677
0.5445 -0.271626
0.5455 -0.277565
0.5465 -0.283493
0.5475 -0.289409
0.5485 -0.295314
0.5495 -0.301208
0.5505 -0.307089
0.5515 -0.312959
0.5525 -0.318816
0.5535 -0.32466
0.5545 -0.330492
0.5555 -0.336311
0.5565 -0.342116
0.5575 -0.347908
0.5585 -0.353686
0.5595 -0.35945
0.5605 -0.3652
0.5615 -0.370935
0.5625 -0.376656
0.5635 -0.382362
0.5645 -0.388053
0.5655 -0.393729
0.5665 -0.399389
0.5675 -0.405033
0.5685 -0.410661
0.5695 -0.416273
0.5705 -0.421869
0.5715 -0.427448
0.5725 -0.43301
0.5735 -0.438555
0.5745 -0.444083
0.5755 -0.449593
0.5765 -0.455086
0.5775 -0.46056
0.5785 -0.466016
0.5795 -0.471454
0.5805 -0.476873
0.5815 -0.482274
0.5825 -0.487655
0.5835 -0.493017
0.5845 -0.49836
0.5855 -0.503683
0.5865 -0.508986
0.5875 -0.514269
0.5885 -0.519532
0.5895 -0.524774
0.5905 -0.529996
0.5915 -0.535196
0.5925 -0.540376
0.5935 -0.545534
0.5945 -0.550671
0.5955 -0.555785
0.5965 -0.560878
0.5975 -0.565949
0.5985 -0.570997
0.5995 -0.576023
0.6005 -0.581027
0.6015 -0.586007
0.6025 -0.590964
0.6035 -0.595897
0.6045 -0.600808
0.6055 -0.605694
0.6065 -0.610557
0.6075 -0.615395
0.6085 -0.620209
0.6095 -0.624999
0.6105 -0.629764
0.6115 -0.634504
0.6125 -0.639219
0.6135 -0.643909
0.6145 -0.648574
0.6155 -0.653213
0.6165 -0.657826
0.6175 -0.662413
0.6185 -0.666974
0.6195 -0.671508
0.6205 -0.676016
0.6215 -0.680498
0.6225 -0.684952
0.6235 -0.68938
0.6245 -0.69378
0.6255 -0.698153
0.6265 -0.702498
0.6275 -0.706816
0.6285 -0.711106
0.6295 -0.715367
0.6305 -0.719601
0.6315 -0.723806
0.6325 -0.727982
0.6335 -0.73213
0.6345 -0.736249
0.6355 -0.740338
0.6365 -0.744399
0.6375 -0.74843
0.6385 -0.752431
0.6395 -0.756403
0.6405 -0.760345
0.6415 -0.764257
0.6425 -0.768139
0.6435 -0.77199
0.6445 -0.775811
0.6455 -0.779602
0.6465 -0.783361
0.6475 -0.78709
0.6485 -0.790787
0.6495 -0.794454
0.6505 -0.798089
0.6515 -0.801692
0.6525 -0.805264
0.6535 -0.808804
0.6545 -0.812312
0.6555 -0.815788
0.6565 -0.819232
0.6575 -0.822644
0.6585 -0.826023
0.6595 -0.829369
0.6605 -0.832683
0.6615 -0.835964
0.6625 -0.839211
0.6635 -0.842426
0.6645 -0.845607
0.6655 -0.848755
0.6665 -0.85187
0.6675 -0.854951
0.6685 -0.857998
0.6695 -0.861011
0.6705 -0.86399
0.6715 -0.866936
0.6725 -0.869847
0.6735 -0.872723
0.6745 -0.875565
0.6755 -0.878373
0.6765 -0.881146
0.6775 -0.883884
0.6785 -0.886587
0.6795 -0.889255
0.6805 -0.891888
0.6815 -0.894486
0.6825 -0.897049
0.6835 -0.899576
0.6845 -0.902068
0.6855 -0.904524
0.6865 -0.906944
0.6875 -0.909329
0.6885 -0.911677
0.6895 -0.91399
0.6905 -0.916267
0.6915 -0.918507
0.6925 -0.920711
0.6935 -0.922879
0.6945 -0.92501
0.6955 -0.927105
0.6965 -0.929163
0.6975 -0.931185
0.6985 -0.93317
0.6995 -0.935117
0.7005 -0.937029
0.7015 -0.938903
0.7025 -0.94074
0.7035 -0.942539
0.7045 -0.944302
0.7055 -0.946027
0.7065 -0.947715
0.7075 -0.949366
0.7085 -0.950979
0.7095 -0.952555
0.7105 -0.954093
0.7115 -0.955593
0.7125 -0.957055
0.7135 -0.95848
0.7145 -0.959867
0.7155 -0.961216
0.7165 -0.962527
0.7175 -0.9638
0.7185 -0.965035
0.7195 -0.966232
0.7205 -0.967391
0.7215 -0.968512
0.7225 -0.969594
0.7235 -0.970638
0.7245 -0.971644
0.7255 -0.972611
0.7265 -0.97354
0.7275 -0.974431
0.7285 -0.975283
0.7295 -0.976097
0.7305 -0.976872
0.7315 -0.977608
0.7325 -0.978306
0.7335 -0.978966
0.7345 -0.979586
0.7355 -0.980168
0.7365 -0.980712
0.7375 -0.981216
0.7385 -0.981682
0.7395 -0.982109
0.7405 -0.982497
0.7415 -0.982847
0.7425 -0.983158
0.7435 -0.98343
0.7445 -0.983663
0.7455 -0.983857
0.7465 -0.984012
0.7475 -0.984129
0.7485 -0.984207
0.7495 -0.984245
0.7505 -0.984245
0.7515 -0.984207
0.7525 -0.984129
0.7535 -0.984012
0.7545 -0.983857
0.7555 -0.983663
0.7565 -0.98343
0.7575 -0.983158
0.7585 -0.982847
0.7595 -0.982497
0.7605 -0.982109
0.7615 -0.981682
0.7625 -0.981216
0.7635 -0.980712
0.7645 -0.980168
0.7655 -0.979586
0.7665 -0.978966
0.7675 -0.978306
0.7685 -0.977608
0.7695 -0.976872
0.7705 -0.976097
0.7715 -0.975283
0.7725 -0.974431
0.7735 -0.97354
0.7745 -0.972611
0.7755 -0.971644
0.7765 -0.970638
0.7775 -0.969594
0.7785 -0.968512
0.7795 -0.967391
0.7805 -0.966232
0.7815 -0.965035
0.7825 -0.9638
0.7835 -0.962527
0.7845 -0.961216
0.7855 -0.959867
0.7865 -0.95848
0.7875 -0.957055
0.7885 -0.955593
0.7895 -0.954093
0.7905 -0.952555
0.7915 -0.950979
0.7925 -0.949366
0.7935 -0.947715
0.7945 -0.946027
0.7955 -0.944302
0.7965 -0.942539
0.7975 -0.94074
0.7985 -0.938903
0.7995 -0.937029
0.8005 -0.935117
0.8015 -0.93317
0.8025 -0.931185
0.8035 -0.929163
0.8045 -0.927105
0.8055 -0.92501
0.8065 -0.922879
0.8075 -0.920711
0.8085 -0.918507
0.8095 -0.916267
0.8105 -0.91399
0.8115 -0.911677
0.8125 -0.909329
0.8135 -0.906944
0.8145 -0.904524
0.8155 -0.902068
0.8165 -0.899576
0.8175 -0.897049
0.8185 -0.894486
0.8195 -0.891888
0.8205 -0.889255
0.8215 -0.886587
0.8225 -0.883884
0.8235 -0.881146
0.8245 -0.878373
0.8255 -0.875565
0.8265 -0.872723
0.8275 -0.869847
0.8285 -0.866936
0.8295 -0.86399
0.8305 -0.861011
0.8315 -0.857998
0.8325 -0.854951
0.8335 -0.85187
0.8345 -0.848755
0.8355 -0.845607
0.8365 -0.842426
0.8375 -0.839211
0.8385 -0.835964
0.8395 -0.832683
0.8405 -0.829369
0.8415 -0.826023
0.8425 -0.822644
0.8435 -0.819232
0.8445 -0.815788
0.8455 -0.812312
0.8465 -0.808804
0.8475 -0.805264
0.8485 -0.801692
0.8495 -0.798089
0.8505 -0.794454
0.8515 -0.790787
0.8525 -0.78709
0.8535 -0.783361
0.8545 -0.779602
0.8555 -0.775811
0.8565 -0.77199
0.8575 -0.768139
0.8585 -0.764257
0.8595 -0.760345
0.8605 -0.756403
0.8615 -0.752431
0.8625 -0.74843
0.8635 -0.744399
0.8645 -0.740338
0.8655 -0.736249
0.8665 -0.73213
0.8675 -0.727982
0.8685 -0.723806
0.8695 -0.719601
0.8705 -0.715367
0.8715 -0.711106
0.8725 -0.706816
0.8735 -0.702498
0.8745 -0.698153
0.8755 -0.69378
0.8765 -0.68938
0.8775 -0.684952
0.8785 -0.680498
0.8795 -0.676016
0.8805 -0.671508
0.8815 -0.666974
0.8825 -0.662413
0.8835 -0.657826
0.8845 -0.653213
0.8855 -0.648574
0.8865 -0.643909
0.8875 -0.639219
0.8885 -0.634504
0.8895 -0.629764
0.8905 -0.624999
0.8915 -0.620209
0.8925 -0.615395
0.8935 -0.610557
0.8945 -0.605694
0.8955 -0.600808
0.8965 -0.595897
0.8975 -0.590964
0.8985 -0.586007
0.8995 -0.581027
0.9005 -0.576023
0.9015 -0.570997
0.9025 -0.565949
0.9035 -0.560878
0.9045 -0.555785
0.9055 -0.550671
0.9065 -0.545534
0.9075 -0.540376
0.9085 -0.535196
0.9095 -0.529996
0.9105 -0.524774
0.9115 -0.519532
0.9125 -0.514269
0.9135 -0.508986
0.9145 -0.503683
0.9155 -0.49836
0.9165 -0.493017
0.9175 -0.487655
0.9185 -0.482274
0.9195 -0.476873
0.9205 -0.471454
0.9215 -0.466016
0.9225 -0.46056
0.9235 -0.455086
0.9245 -0.449593
0.9255 -0.444083
0.9265 -0.438555
0.9275 -0.43301
0.9285 -0.427448
0.9295 -0.421869
0.9305 -0.416273
0.9315 -0.410661
0.9325 -0.405033
0.9335 -0.399389
0.9345 -0.393729
0.9355 -0.388053
0.9365 -0.382362
0.9375 -0.376656
0.9385 -0.370935
0.9395 -0.3652
0.9405 -0.35945
0.9415 -0.353686
0.9425 -0.347908
0.9435 -0.342116
0.9445 -0.336311
0.9455 -0.330492
0.9465 -0.32466
0.9475 -0.318816
0.9485 -0.312959
0.9495 -0.307089
0.9505 -0.301208
0.9515 -0.295314
0.9525 -0.289409
0.9535 -0.283493
0.9545 -0.277565
0.9555 -0.271626
0.9565 -0.265677
0.9575 -0.259717
0.9585 -0.253747
0.9595 -0.247767
0.9605 -0.241777
0.9615 -0.235777
0.9625 -0.229769
0.9635 -0.223751
0.9645 -0.217724
0.9655 -0.211689
0.9665 -0.205645
0.9675 -0.199593
0.9685 -0.193534
0.9695 -0.187467
0.9705 -0.181392
0.9715 -0.17531
0.9725 -0.169221
0.9735 -0.163126
0.9745 -0.157024
0.9755 -0.150916
0.9765 -0.144802
0.9775 -0.138682
0.9785 -0.132557
0.9795 -0.126426
0.9805 -0.120291
0.9815 -0.114151
0.9825 -0.108006
0.9835 -0.101857
0.9845 -0.0957041
0.9855 -0.0895473
0.9865 -0.083387
0.9875 -0.0772234
0.9885 -0.0710567
0.9895 -0.0648873
0.9905 -0.0587153
0.9915 -0.0525409
0.9925 -0.0463645
0.9935 -0.0401863
0.9945 -0.0340065
0.9955 -0.0278253
0.9965 -0.021643
0.9975 -0.0154599
0.9985 -0.0092762
0.9995 -0.00309211
