
# time = 0
0.0005 0
0.0015 0
0.0025 0
0.0035 0
0.0045 0
0.0055 0
0.0065 0
0.0075 0
0.0085 0
0.0095 0
0.0105 0
0.0115 0
0.0125 0
0.0135 0
0.0145 0
0.0155 0
0.0165 0
0.0175 0
0.0185 0
0.0195 0
0.0205 0
0.0215 0
0.0225 0
0.0235 0
0.0245 0
0.0255 0
0.0265 0
0.0275 0
0.0285 0
0.0295 0
0.0305 0
0.0315 0
0.0325 0
0.0335 0
0.0345 0
0.0355 0
0.0365 0
0.0375 0
0.0385 0
0.0395 0
0.0405 0
0.0415 0
0.0425 0
0.0435 0
0.0445 0
0.0455 0
0.0465 0
0.0475 0
0.0485 0
0.0495 0
0.0505 0
0.0515 0
0.0525 0
0.0535 0
0.0545 0
0.0555 0
0.0565 0
0.0575 0
0.0585 0
0.0595 0
0.0605 0
0.0615 0
0.0625 0
0.0635 0
0.0645 0
0.0655 0
0.0665 0
0.0675 0
0.0685 0
0.0695 0
0.0705 0
0.0715 0
0.0725 0
0.0735 0
0.0745 0
0.0755 0
0.0765 0
0.0775 0
0.0785 0
0.0795 0
0.0805 0
0.0815 0
0.0825 0
0.0835 0
0.0845 0
0.0855 0
0.0865 0
0.0875 0
0.0885 0
0.0895 0
0.0905 0
0.0915 0
0.0925 0
0.0935 0
0.0945 0
0.0955 0
0.0965 0
0.0975 0
0.0985 0
0.0995 0
0.1005 0
0.1015 0
0.1025 0
0.1035 0
0.1045 0
0.1055 0
0.1065 0
0.1075 0
0.1085 0
0.1095 0
0.1105 0
0.1115 0
0.1125 0
0.1135 0
0.1145 0
0.1155 0
0.1165 0
0.1175 0
0.1185 0
0.1195 0
0.1205 0
0.1215 0
0.1225 0
0.1235 0
0.1245 0
0.1255 0
0.1265 0
0.1275 0
0.1285 0
0.1295 0
0.1305 0
0.1315 0
0.1325 0
0.1335 0
0.1345 0
0.1355 0
0.1365 0
0.1375 0
0.1385 0
0.1395 0
0.1405 0
0.1415 0
0.1425 0
0.1435 0
0.1445 0
0.1455 0
0.1465 0
0.1475 0
0.1485 0
0.1495 0
0.1505 0
0.1515 0
0.1525 0
0.1535 0
0.1545 0
0.1555 0
0.1565 0
0.1575 0
0.1585 0
0.1595 0
0.1605 0
0.1615 0
0.1625 0
0.1635 0
0.1645 0
0.1655 0
0.1665 0
0.1675 0
0.1685 0
0.1695 0
0.1705 0
0.1715 0
0.1725 0
0.1735 0
0.1745 0
0.1755 0
0.1765 0
0.1775 0
0.1785 0
0.1795 0
0.1805 0
0.1815 0
0.1825 0
0.1835 0
0.1845 0
0.1855 0
0.1865 0
0.1875 0
0.1885 0
0.1895 0
0.1905 0
0.1915 0
0.1925 0
0.1935 0
0.1945 0
0.1955 0
0.1965 0
0.1975 0
0.1985 0
0.1995 0
0.2005 0
0.2015 0
0.2025 0
0.2035 0
0.2045 0
0.2055 0
0.2065 0
0.2075 0
0.2085 0
0.2095 0
0.2105 0
0.2115 0
0.2125 0
0.2135 0
0.2145 0
0.2155 0
0.2165 0
0.2175 0
0.2185 0
0.2195 0
0.2205 0
0.2215 0
0.2225 0
0.2235 0
0.2245 0
0.2255 0
0.2265 0
0.2275 0
0.2285 0
0.2295 0
0.2305 0
0.2315 0
0.2325 0
0.2335 0
0.2345 0
0.2355 0
0.2365 0
0.2375 0
0.2385 0
0.2395 0
0.2405 0
0.2415 0
0.2425 0
0.2435 0
0.2445 0
0.2455 0
0.2465 0
0.2475 0
0.2485 0
0.2495 0
0.2505 0
0.2515 0
0.2525 0
0.2535 0
0.2545 0
0.2555 0
0.2565 0
0.2575 0
0.2585 0
0.2595 0
0.2605 0
0.2615 0
0.2625 0
0.2635 0
0.2645 0
0.2655 0
0.2665 0
0.2675 0
0.2685 0
0.2695 0
0.2705 0
0.2715 0
0.2725 0
0.2735 0
0.2745 0
0.2755 0
0.2765 0
0.2775 0
0.2785 0
0.2795 0
0.2805 0
0.2815 0
0.2825 0
0.2835 0
0.2845 0
0.2855 0
0.2865 0
0.2875 0
0.2885 0
0.2895 0
0.2905 0
0.2915 0
0.2925 0
0.2935 0
0.2945 0
0.2955 0
0.2965 0
0.2975 0
0.2985 0
0.2995 0
0.3005 0
0.3015 0
0.3025 0
0.3035 0
0.3045 0
0.3055 0
0.3065 0
0.3075 0
0.3085 0
0.3095 0
0.3105 0
0.3115 0
0.3125 0
0.3135 0
0.3145 0
0.3155 0
0.3165 0
0.3175 0
0.3185 0
0.3195 0
0.3205 0
0.3215 0
0.3225 0
0.3235 0
0.3245 0
0.3255 0
0.3265 0
0.3275 0
0.3285 0
0.3295 0
0.3305 0
0.3315 0
0.3325 0
0.3335 0
0.3345 0
0.3355 0
0.3365 0
0.3375 0
0.3385 0
0.3395 0
0.3405 0
0.3415 0
0.3425 0
0.3435 0
0.3445 0
0.3455 0
0.3465 0
0.3475 0
0.3485 0
0.3495 0
0.3505 0
0.3515 0
0.3525 0
0.3535 0
0.3545 0
0.3555 0
0.3565 0
0.3575 0
0.3585 0
0.3595 0
0.3605 0
0.3615 0
0.3625 0
0.3635 0
0.3645 0
0.3655 0
0.3665 0
0.3675 0
0.3685 0
0.3695 0
0.3705 0
0.3715 0
0.3725 0
0.3735 0
0.3745 0
0.3755 0
0.3765 0
0.3775 0
0.3785 0
0.3795 0
0.3805 0
0.3815 0
0.3825 0
0.3835 0
0.3845 0
0.3855 0
0.3865 0
0.3875 0
0.3885 0
0.3895 0
0.3905 0
0.3915 0
0.3925 0
0.3935 0
0.3945 0
0.3955 0
0.3965 0
0.3975 0
0.3985 0
0.3995 0
0.4005 1
0.4015 1
0.4025 1
0.4035 1
0.4045 1
0.4055 1
0.4065 1
0.4075 1
0.4085 1
0.4095 1
0.4105 1
0.4115 1
0.4125 1
0.4135 1
0.4145 1
0.4155 1
0.4165 1
0.4175 1
0.4185 1
0.4195 1
0.4205 1
0.4215 1
0.4225 1
0.4235 1
0.4245 1
0.4255 1
0.4265 1
0.4275 1
0.4285 1
0.4295 1
0.4305 1
0.4315 1
0.4325 1
0.4335 1
0.4345 1
0.4355 1
0.4365 1
0.4375 1
0.4385 1
0.4395 1
0.4405 1
0.4415 1
0.4425 1
0.4435 1
0.4445 1
0.4455 1
0.4465 1
0.4475 1
0.4485 1
0.4495 1
0.4505 1
0.4515 1
0.4525 1
0.4535 1
0.4545 1
0.4555 1
0.4565 1
0.4575 1
0.4585 1
0.4595 1
0.4605 1
0.4615 1
0.4625 1
0.4635 1
0.4645 1
0.4655 1
0.4665 1
0.4675 1
0.4685 1
0.4695 1
0.4705 1
0.4715 1
0.4725 1
0.4735 1
0.4745 1
0.4755 1
0.4765 1
0.4775 1
0.4785 1
0.4795 1
0.4805 1
0.4815 1
0.4825 1
0.4835 1
0.4845 1
0.4855 1
0.4865 1
0.4875 1
0.4885 1
0.4895 1
0.4905 1
0.4915 1
0.4925 1
0.4935 1
0.4945 1
0.4955 1
0.4965 1
0.4975 1
0.4985 1
0.4995 1
0.5005 1
0.5015 1
0.5025 1
0.5035 1
0.5045 1
0.5055 1
0.5065 1
0.5075 1
0.5085 1
0.5095 1
0.5105 1
0.5115 1
0.5125 1
0.5135 1
0.5145 1
0.5155 1
0.5165 1
0.5175 1
0.5185 1
0.5195 1
0.5205 1
0.5215 1
0.5225 1
0.5235 1
0.5245 1
0.5255 1
0.5265 1
0.5275 1
0.5285 1
0.5295 1
0.5305 1
0.5315 1
0.5325 1
0.5335 1
0.5345 1
0.5355 1
0.5365 1
0.5375 1
0.5385 1
0.5395 1
0.5405 1
0.5415 1
0.5425 1
0.5435 1
0.5445 1
0.5455 1
0.5465 1
0.5475 1
0.5485 1
0.5495 1
0.5505 1
0.5515 1
0.5525 1
0.5535 1
0.5545 1
0.5555 1
0.5565 1
0.5575 1
0.5585 1
0.5595 1
0.5605 1
0.5615 1
0.5625 1
0.5635 1
0.5645 1
0.5655 1
0.5665 1
0.5675 1
0.5685 1
0.5695 1
0.5705 1
0.5715 1
0.5725 1
0.5735 1
0.5745 1
0.5755 1
0.5765 1
0.5775 1
0.5785 1
0.5795 1
0.5805 1
0.5815 1
0.5825 1
0.5835 1
0.5845 1
0.5855 1
0.5865 1
0.5875 1
0.5885 1
0.5895 1
0.5905 1
0.5915 1
0.5925 1
0.5935 1
0.5945 1
0.5955 1
0.5965 1
0.5975 1
0.5985 1
0.5995 1
0.6005 0
0.6015 0
0.6025 0
0.6035 0
0.6045 0
0.6055 0
0.6065 0
0.6075 0
0.6085 0
0.6095 0
0.6105 0
0.6115 0
0.6125 0
0.6135 0
0.6145 0
0.6155 0
0.6165 0
0.6175 0
0.6185 0
0.6195 0
0.6205 0
0.6215 0
0.6225 0
0.6235 0
0.6245 0
0.6255 0
0.6265 0
0.6275 0
0.6285 0
0.6295 0
0.6305 0
0.6315 0
0.6325 0
0.6335 0
0.6345 0
0.6355 0
0.6365 0
0.6375 0
0.6385 0
0.6395 0
0.6405 0
0.6415 0
0.6425 0
0.6435 0
0.6445 0
0.6455 0
0.6465 0
0.6475 0
0.6485 0
0.6495 0
0.6505 0
0.6515 0
0.6525 0
0.6535 0
0.6545 0
0.6555 0
0.6565 0
0.6575 0
0.6585 0
0.6595 0
0.6605 0
0.6615 0
0.6625 0
0.6635 0
0.6645 0
0.6655 0
0.6665 0
0.6675 0
0.6685 0
0.6695 0
0.6705 0
0.6715 0
0.6725 0
0.6735 0
0.6745 0
0.6755 0
0.6765 0
0.6775 0
0.6785 0
0.6795 0
0.6805 0
0.6815 0
0.6825 0
0.6835 0
0.6845 0
0.6855 0
0.6865 0
0.6875 0
0.6885 0
0.6895 0
0.6905 0
0.6915 0
0.6925 0
0.6935 0
0.6945 0
0.6955 0
0.6965 0
0.6975 0
0.6985 0
0.6995 0
0.7005 0
0.7015 0
0.7025 0
0.7035 0
0.7045 0
0.7055 0
0.7065 0
0.7075 0
0.7085 0
0.7095 0
0.7105 0
0.7115 0
0.7125 0
0.7135 0
0.7145 0
0.7155 0
0.7165 0
0.7175 0
0.7185 0
0.7195 0
0.7205 0
0.7215 0
0.7225 0
0.7235 0
0.7245 0
0.7255 0
0.7265 0
0.7275 0
0.7285 0
0.7295 0
0.7305 0
0.7315 0
0.7325 0
0.7335 0
0.7345 0
0.7355 0
0.7365 0
0.7375 0
0.7385 0
0.7395 0
0.7405 0
0.7415 0
0.7425 0
0.7435 0
0.7445 0
0.7455 0
0.7465 0
0.7475 0
0.7485 0
0.7495 0
0.7505 0
0.7515 0
0.7525 0
0.7535 0
0.7545 0
0.7555 0
0.7565 0
0.7575 0
0.7585 0
0.7595 0
0.7605 0
0.7615 0
0.7625 0
0.7635 0
0.7645 0
0.7655 0
0.7665 0
0.7675 0
0.7685 0
0.7695 0
0.7705 0
0.7715 0
0.7725 0
0.7735 0
0.7745 0
0.7755 0
0.7765 0
0.7775 0
0.7785 0
0.7795 0
0.7805 0
0.7815 0
0.7825 0
0.7835 0
0.7845 0
0.7855 0
0.7865 0
0.7875 0
0.7885 0
0.7895 0
0.7905 0
0.7915 0
0.7925 0
0.7935 0
0.7945 0
0.7955 0
0.7965 0
0.7975 0
0.7985 0
0.7995 0
0.8005 0
0.8015 0
0.8025 0
0.8035 0
0.8045 0
0.8055 0
0.8065 0
0.8075 0
0.8085 0
0.8095 0
0.8105 0
0.8115 0
0.8125 0
0.8135 0
0.8145 0
0.8155 0
0.8165 0
0.8175 0
0.8185 0
0.8195 0
0.8205 0
0.8215 0
0.8225 0
0.8235 0
0.8245 0
0.8255 0
0.8265 0
0.8275 0
0.8285 0
0.8295 0
0.8305 0
0.8315 0
0.8325 0
0.8335 0
0.8345 0
0.8355 0
0.8365 0
0.8375 0
0.8385 0
0.8395 0
0.8405 0
0.8415 0
0.8425 0
0.8435 0
0.8445 0
0.8455 0
0.8465 0
0.8475 0
0.8485 0
0.8495 0
0.8505 0
0.8515 0
0.8525 0
0.8535 0
0.8545 0
0.8555 0
0.8565 0
0.8575 0
0.8585 0
0.8595 0
0.8605 0
0.8615 0
0.8625 0
0.8635 0
0.8645 0
0.8655 0
0.8665 0
0.8675 0
0.8685 0
0.8695 0
0.8705 0
0.8715 0
0.8725 0
0.8735 0
0.8745 0
0.8755 0
0.8765 0
0.8775 0
0.8785 0
0.8795 0
0.8805 0
0.8815 0
0.8825 0
0.8835 0
0.8845 0
0.8855 0
0.8865 0
0.8875 0
0.8885 0
0.8895 0
0.8905 0
0.8915 0
0.8925 0
0.8935 0
0.8945 0
0.8955 0
0.8965 0
0.8975 0
0.8985 0
0.8995 0
0.9005 0
0.9015 0
0.9025 0
0.9035 0
0.9045 0
0.9055 0
0.9065 0
0.9075 0
0.9085 0
0.9095 0
0.9105 0
0.9115 0
0.9125 0
0.9135 0
0.9145 0
0.9155 0
0.9165 0
0.9175 0
0.9185 0
0.9195 0
0.9205 0
0.9215 0
0.9225 0
0.9235 0
0.9245 0
0.9255 0
0.9265 0
0.9275 0
0.9285 0
0.9295 0
0.9305 0
0.9315 0
0.9325 0
0.9335 0
0.9345 0
0.9355 0
0.9365 0
0.9375 0
0.9385 0
0.9395 0
0.9405 0
0.9415 0
0.9425 0
0.9435 0
0.9445 0
0.9455 0
0.9465 0
0.9475 0
0.9485 0
0.9495 0
0.9505 0
0.9515 0
0.9525 0
0.9535 0
0.9545 0
0.9555 0
0.9565 0
0.9575 0
0.9585 0
0.9595 0
0.9605 0
0.9615 0
0.9625 0
0.9635 0
0.9645 0
0.9655 0
0.9665 0
0.9675 0
0.9685 0
0.9695 0
0.9705 0
0.9715 0
0.9725 0
0.9735 0
0.9745 0
0.9755 0
0.9765 0
0.9775 0
0.9785 0
0.9795 0
0.9805 0
0.9815 0
0.9825 0
0.9835 0
0.9845 0
0.9855 0
0.9865 0
0.9875 0
0.9885 0
0.9895 0
0.9905 0
0.9915 0
0.9925 0
0.9935 0
0.9945 0
0.9955 0
0.9965 0
0.9975 0
0.9985 0
0.9995 0

# time = 0.25
0.0005 0
0.0015 0
0.0025 0
0.0035 0
0.0045 0
0.0055 0
0.0065 0
0.0075 0
0.0085 0
0.0095 0
0.0105 0
0.0115 0
0.0125 0
0.0135 0
0.0145 0
0.0155 0
0.0165 0
0.0175 0
0.0185 0
0.0195 0
0.0205 0
0.0215 0
0.0225 0
0.0235 0
0.0245 0
0.0255 0
0.0265 0
0.0275 0
0.0285 0
0.0295 0
0.0305 0
0.0315 0
0.0325 0
0.0335 0
0.0345 0
0.0355 0
0.0365 0
0.0375 0
0.0385 0
0.0395 0
0.0405 0
0.0415 0
0.0425 0
0.0435 0
0.0445 0
0.0455 0
0.0465 0
0.0475 0
0.0485 0
0.0495 0
0.0505 0
0.0515 0
0.0525 0
0.0535 0
0.0545 0
0.0555 0
0.0565 0
0.0575 0
0.0585 0
0.0595 0
0.0605 0
0.0615 0
0.0625 0
0.0635 0
0.0645 0
0.0655 0
0.0665 0
0.0675 0
0.0685 0
0.0695 0
0.0705 0
0.0715 0
0.0725 0
0.0735 0
0.0745 0
0.0755 0
0.0765 0
0.0775 0
0.0785 0
0.0795 0
0.0805 0
0.0815 0
0.0825 0
0.0835 0
0.0845 0
0.0855 0
0.0865 0
0.0875 0
0.0885 0
0.0895 0
0.0905 0
0.0915 0
0.0925 0
0.0935 0
0.0945 0
0.0955 0
0.0965 0
0.0975 0
0.0985 0
0.0995 0
0.1005 1.68669e-43
0.1015 3.39212e-41
0.1025 3.3717e-39
0.1035 2.2082e-37
0.1045 1.07182e-35
0.1055 4.11206e-34
0.1065 1.29868e-32
0.1075 3.47226e-31
0.1085 8.02165e-30
0.1095 1.62635e-28
0.1105 2.92938e-27
0.1115 4.73398e-26
0.1125 6.91957e-25
0.1135 9.21018e-24
0.1145 1.12272e-22
0.1155 1.25955e-21
0.1165 1.30595e-20
0.1175 1.25602e-19
0.1185 1.12413e-18
0.1195 9.38894e-18
0.1205 7.33625e-17
0.1215 5.37466e-16
0.1225 3.69912e-15
0.1235 2.39594e-14
0.1245 1.46271e-13
0.1255 8.42843e-13
0.1265 4.58961e-12
0.1275 2.36439e-11
0.1285 1.15344e-10
0.1295 5.33298e-10
0.1305 2.33862e-09
0.1315 9.7328e-09
0.1325 3.8462e-08
0.1335 1.44388e-07
0.1345 5.15082e-07
0.1355 1.74653e-06
0.1365 5.62986e-06
0.1375 1.72529e-05
0.1385 5.02634e-05
0.1395 0.00013919
0.1405 0.000366289
0.1415 0.000915685
0.1425 0.00217354
0.1435 0.00489586
0.1445 0.010457
0.1455 0.0211595
0.1465 0.0405198
0.1475 0.0733396
0.1485 0.12528
0.1495 0.201632
0.1505 0.298368
0.1515 0.37472
0.1525 0.42666
0.1535 0.45948
0.1545 0.47884
0.1555 0.489543
0.1565 0.495104
0.1575 0.497826
0.1585 0.499084
0.1595 0.499634
0.1605 0.499861
0.1615 0.49995
0.1625 0.499983
0.1635 0.499994
0.1645 0.499998
0.1655 0.499999
0.1665 0.5
0.1675 0.5
0.1685 0.5
0.1695 0.5
0.1705 0.5
0.1715 0.5
0.1725 0.5
0.1735 0.5
0.1745 0.5
0.1755 0.5
0.1765 0.5
0.1775 0.5
0.1785 0.5
0.1795 0.5
0.1805 0.5
0.1815 0.5
0.1825 0.5
0.1835 0.5
0.1845 0.5
0.1855 0.5
0.1865 0.5
0.1875 0.5
0.1885 0.5
0.1895 0.5
0.1905 0.5
0.1915 0.5
0.1925 0.5
0.1935 0.5
0.1945 0.5
0.1955 0.5
0.1965 0.5
0.1975 0.5
0.1985 0.5
0.1995 0.5
0.2005 0.5
0.2015 0.5
0.2025 0.5
0.2035 0.5
0.2045 0.5
0.2055 0.5
0.2065 0.5
0.2075 0.5
0.2085 0.5
0.2095 0.5
0.2105 0.5
0.2115 0.5
0.2125 0.5
0.2135 0.5
0.2145 0.5
0.2155 0.5
0.2165 0.5
0.2175 0.5
0.2185 0.5
0.2195 0.5
0.2205 0.5
0.2215 0.5
0.2225 0.5
0.2235 0.5
0.2245 0.5
0.2255 0.5
0.2265 0.5
0.2275 0.5
0.2285 0.5
0.2295 0.5
0.2305 0.5
0.2315 0.5
0.2325 0.5
0.2335 0.5
0.2345 0.5
0.2355 0.5
0.2365 0.5
0.2375 0.5
0.2385 0.5
0.2395 0.5
0.2405 0.5
0.2415 0.5
0.2425 0.5
0.2435 0.5
0.2445 0.5
0.2455 0.5
0.2465 0.5
0.2475 0.5
0.2485 0.5
0.2495 0.5
0.2505 0.5
0.2515 0.5
0.2525 0.5
0.2535 0.5
0.2545 0.5
0.2555 0.5
0.2565 0.5
0.2575 0.5
0.2585 0.5
0.2595 0.5
0.2605 0.5
0.2615 0.5
0.2625 0.5
0.2635 0.5
0.2645 0.5
0.2655 0.5
0.2665 0.5
0.2675 0.5
0.2685 0.5
0.2695 0.5
0.2705 0.5
0.2715 0.5
0.2725 0.5
0.2735 0.5
0.2745 0.5
0.2755 0.5
0.2765 0.5
0.2775 0.5
0.2785 0.5
0.2795 0.5
0.2805 0.5
0.2815 0.5
0.2825 0.5
0.2835 0.5
0.2845 0.5
0.2855 0.5
0.2865 0.5
0.2875 0.5
0.2885 0.5
0.2895 0.5
0.2905 0.5
0.2915 0.5
0.2925 0.5
0.2935 0.5
0.2945 0.5
0.2955 0.5
0.2965 0.5
0.2975 0.5
0.2985 0.5
0.2995 0.5
0.3005 0.5
0.3015 0.5
0.3025 0.5
0.3035 0.5
0.3045 0.5
0.3055 0.5
0.3065 0.5
0.3075 0.5
0.3085 0.5
0.3095 0.5
0.3105 0.5
0.3115 0.5
0.3125 0.5
0.3135 0.5
0.3145 0.5
0.3155 0.5
0.3165 0.5
0.3175 0.5
0.3185 0.5
0.3195 0.5
0.3205 0.5
0.3215 0.5
0.3225 0.5
0.3235 0.5
0.3245 0.5
0.3255 0.5
0.3265 0.5
0.3275 0.5
0.3285 0.5
0.3295 0.5
0.3305 0.5
0.3315 0.5
0.3325 0.5
0.3335 0.5
0.3345 0.499999
0.3355 0.499998
0.3365 0.499994
0.3375 0.499983
0.3385 0.49995
0.3395 0.499861
0.3405 0.499634
0.3415 0.499084
0.3425 0.497826
0.3435 0.495104
0.3445 0.489543
0.3455 0.47884
0.3465 0.45948
0.3475 0.42666
0.3485 0.37472
0.3495 0.298368
0.3505 0.201632
0.3515 0.12528
0.3525 0.0733396
0.3535 0.0405198
0.3545 0.0211595
0.3555 0.010457
0.3565 0.00489586
0.3575 0.00217354
0.3585 0.000915685
0.3595 0.000366289
0.3605 0.00013919
0.3615 5.02634e-05
0.3625 1.72529e-05
0.3635 5.62986e-06
0.3645 1.74653e-06
0.3655 5.15082e-07
0.3665 1.44388e-07
0.3675 3.8462e-08
0.3685 9.7328e-09
0.3695 2.33862e-09
0.3705 5.33298e-10
0.3715 1.15344e-10
0.3725 2.36439e-11
0.3735 4.58961e-12
0.3745 8.42843e-13
0.3755 1.46271e-13
0.3765 2.39594e-14
0.3775 3.69912e-15
0.3785 5.37466e-16
0.3795 7.33625e-17
0.3805 9.38894e-18
0.3815 1.12413e-18
0.3825 1.25602e-19
0.3835 1.30595e-20
0.3845 1.25955e-21
0.3855 1.12272e-22
0.3865 9.21018e-24
0.3875 6.91957e-25
0.3885 4.73398e-26
0.3895 2.92938e-27
0.3905 1.62635e-28
0.3915 8.02165e-30
0.3925 3.47226e-31
0.3935 1.29868e-32
0.3945 4.11206e-34
0.3955 1.07182e-35
0.3965 2.2082e-37
0.3975 3.3717e-39
0.3985 3.39212e-41
0.3995 1.68669e-43
0.4005 0
0.4015 0
0.4025 0
0.4035 0
0.4045 0
0.4055 0
0.4065 0
0.4075 0
0.4085 0
0.4095 0
0.4105 0
0.4115 0
0.4125 0
0.4135 0
0.4145 0
0.4155 0
0.4165 0
0.4175 0
0.4185 0
0.4195 0
0.4205 0
0.4215 0
0.4225 0
0.4235 0
0.4245 0
0.4255 0
0.4265 0
0.4275 0
0.4285 0
0.4295 0
0.4305 0
0.4315 0
0.4325 0
0.4335 0
0.4345 0
0.4355 0
0.4365 0
0.4375 0
0.4385 0
0.4395 0
0.4405 0
0.4415 0
0.4425 0
0.4435 0
0.4445 0
0.4455 0
0.4465 0
0.4475 0
0.4485 0
0.4495 0
0.4505 0
0.4515 0
0.4525 0
0.4535 0
0.4545 0
0.4555 0
0.4565 0
0.4575 0
0.4585 0
0.4595 0
0.4605 0
0.4615 0
0.4625 0
0.4635 0
0.4645 0
0.4655 0
0.4665 0
0.4675 0
0.4685 0
0.4695 0
0.4705 0
0.4715 0
0.4725 0
0.4735 0
0.4745 0
0.4755 0
0.4765 0
0.4775 0
0.4785 0
0.4795 0
0.4805 0
0.4815 0
0.4825 0
0.4835 0
0.4845 0
0.4855 0
0.4865 0
0.4875 0
0.4885 0
0.4895 0
0.4905 0
0.4915 0
0.4925 0
0.4935 0
0.4945 0
0.4955 0
0.4965 0
0.4975 0
0.4985 0
0.4995 0
0.5005 0
0.5015 0
0.5025 0
0.5035 0
0.5045 0
0.5055 0
0.5065 0
0.5075 0
0.5085 0
0.5095 0
0.5105 0
0.5115 0
0.5125 0
0.5135 0
0.5145 0
0.5155 0
0.5165 0
0.5175 0
0.5185 0
0.5195 0
0.5205 0
0.5215 0
0.5225 0
0.5235 0
0.5245 0
0.5255 0
0.5265 0
0.5275 0
0.5285 0
0.5295 0
0.5305 0
0.5315 0
0.5325 0
0.5335 0
0.5345 0
0.5355 0
0.5365 0
0.5375 0
0.5385 0
0.5395 0
0.5405 0
0.5415 0
0.5425 0
0.5435 0
0.5445 0
0.5455 0
0.5465 0
0.5475 0
0.5485 0
0.5495 0
0.5505 0
0.5515 0
0.5525 0
0.5535 0
0.5545 0
0.5555 0
0.5565 0
0.5575 0
0.5585 0
0.5595 0
0.5605 0
0.5615 0
0.5625 0
0.5635 0
0.5645 0
0.5655 0
0.5665 0
0.5675 0
0.5685 0
0.5695 0
0.5705 0
0.5715 0
0.5725 0
0.5735 0
0.5745 0
0.5755 0
0.5765 0
0.5775 0
0.5785 0
0.5795 0
0.5805 0
0.5815 0
0.5825 0
0.5835 0
0.5845 0
0.5855 0
0.5865 0
0.5875 0
0.5885 0
0.5895 0
0.5905 0
0.5915 0
0.5925 0
0.5935 0
0.5945 0
0.5955 0
0.5965 0
0.5975 0
0.5985 0
0.5995 0
0.6005 1.68669e-43
0.6015 3.39212e-41
0.6025 3.3717e-39
0.6035 2.2082e-37
0.6045 1.07182e-35
0.6055 4.11206e-34
0.6065 1.29868e-32
0.6075 3.47226e-31
0.6085 8.02165e-30
0.6095 1.62635e-28
0.6105 2.92938e-27
0.6115 4.73398e-26
0.6125 6.91957e-25
0.6135 9.21018e-24
0.6145 1.12272e-22
0.6155 1.25955e-21
0.6165 1.30595e-20
0.6175 1.25602e-19
0.6185 1.12413e-18
0.6195 9.38894e-18
0.6205 7.33625e-17
0.6215 5.37466e-16
0.6225 3.69912e-15
0.6235 2.39594e-14
0.6245 1.46271e-13
0.6255 8.42843e-13
0.6265 4.58961e-12
0.6275 2.36439e-11
0.6285 1.15344e-10
0.6295 5.33298e-10
0.6305 2.33862e-09
0.6315 9.7328e-09
0.6325 3.8462e-08
0.6335 1.44388e-07
0.6345 5.15082e-07
0.6355 1.74653e-06
0.6365 5.62986e-06
0.6375 1.72529e-05
0.6385 5.02634e-05
0.6395 0.00013919
0.6405 0.000366289
0.6415 0.000915685
0.6425 0.00217354
0.6435 0.00489586
0.6445 0.010457
0.6455 0.0211595
0.6465 0.0405198
0.6475 0.0733396
0.6485 0.12528
0.6495 0.201632
0.6505 0.298368
0.6515 0.37472
0.6525 0.42666
0.6535 0.45948
0.6545 0.47884
0.6555 0.489543
0.6565 0.495104
0.6575 0.497826
0.6585 0.499084
0.6595 0.499634
0.6605 0.499861
0.6615 0.49995
0.6625 0.499983
0.6635 0.499994
0.6645 0.499998
0.6655 0.499999
0.6665 0.5
0.6675 0.5
0.6685 0.5
0.6695 0.5
0.6705 0.5
0.6715 0.5
0.6725 0.5
0.6735 0.5
0.6745 0.5
0.6755 0.5
0.6765 0.5
0.6775 0.5
0.6785 0.5
0.6795 0.5
0.6805 0.5
0.6815 0.5
0.6825 0.5
0.6835 0.5
0.6845 0.5
0.6855 0.5
0.6865 0.5
0.6875 0.5
0.6885 0.5
0.6895 0.5
0.6905 0.5
0.6915 0.5
0.6925 0.5
0.6935 0.5
0.6945 0.5
0.6955 0.5
0.6965 0.5
0.6975 0.5
0.6985 0.5
0.6995 0.5
0.7005 0.5
0.7015 0.5
0.7025 0.5
0.7035 0.5
0.7045 0.5
0.7055 0.5
0.7065 0.5
0.7075 0.5
0.7085 0.5
0.7095 0.5
0.7105 0.5
0.7115 0.5
0.7125 0.5
0.7135 0.5
0.7145 0.5
0.7155 0.5
0.7165 0.5
0.7175 0.5
0.7185 0.5
0.7195 0.5
0.7205 0.5
0.7215 0.5
0.7225 0.5
0.7235 0.5
0.7245 0.5
0.7255 0.5
0.7265 0.5
0.7275 0.5
0.7285 0.5
0.7295 0.5
0.7305 0.5
0.7315 0.5
0.7325 0.5
0.7335 0.5
0.7345 0.5
0.7355 0.5
0.7365 0.5
0.7375 0.5
0.7385 0.5
0.7395 0.5
0.7405 0.5
0.7415 0.5
0.7425 0.5
0.7435 0.5
0.7445 0.5
0.7455 0.5
0.7465 0.5
0.7475 0.5
0.7485 0.5
0.7495 0.5
0.7505 0.5
0.7515 0.5
0.7525 0.5
0.7535 0.5
0.7545 0.5
0.7555 0.5
0.7565 0.5
0.7575 0.5
0.7585 0.5
0.7595 0.5
0.7605 0.5
0.7615 0.5
0.7625 0.5
0.7635 0.5
0.7645 0.5
0.7655 0.5
0.7665 0.5
0.7675 0.5
0.7685 0.5
0.7695 0.5
0.7705 0.5
0.7715 0.5
0.7725 0.5
0.7735 0.5
0.7745 0.5
0.7755 0.5
0.7765 0.5
0.7775 0.5
0.7785 0.5
0.7795 0.5
0.7805 0.5
0.7815 0.5
0.7825 0.5
0.7835 0.5
0.7845 0.5
0.7855 0.5
0.7865 0.5
0.7875 0.5
0.7885 0.5
0.7895 0.5
0.7905 0.5
0.7915 0.5
0.7925 0.5
0.7935 0.5
0.7945 0.5
0.7955 0.5
0.7965 0.5
0.7975 0.5
0.7985 0.5
0.7995 0.5
0.8005 0.5
0.8015 0.5
0.8025 0.5
0.8035 0.5
0.8045 0.5
0.8055 0.5
0.8065 0.5
0.8075 0.5
0.8085 0.5
0.8095 0.5
0.8105 0.5
0.8115 0.5
0.8125 0.5
0.8135 0.5
0.8145 0.5
0.8155 0.5
0.8165 0.5
0.8175 0.5
0.8185 0.5
0.8195 0.5
0.8205 0.5
0.8215 0.5
0.8225 0.5
0.8235 0.5
0.8245 0.5
0.8255 0.5
0.8265 0.5
0.8275 0.5
0.8285 0.5
0.8295 0.5
0.8305 0.5
0.8315 0.5
0.8325 0.5
0.8335 0.5
0.8345 0.499999
0.8355 0.499998
0.8365 0.499994
0.8375 0.499983
0.8385 0.49995
0.8395 0.499861
0.8405 0.499634
0.8415 0.499084
0.8425 0.497826
0.8435 0.495104
0.8445 0.489543
0.8455 0.47884
0.8465 0.45948
0.8475 0.42666
0.8485 0.37472
0.8495 0.298368
0.8505 0.201632
0.8515 0.12528
0.8525 0.0733396
0.8535 0.0405198
0.8545 0.0211595
0.8555 0.010457
0.8565 0.00489586
0.8575 0.00217354
0.8585 0.000915685
0.8595 0.000366289
0.8605 0.00013919
0.8615 5.02634e-05
0.8625 1.72529e-05
0.8635 5.62986e-06
0.8645 1.74653e-06
0.8655 5.15082e-07
0.8665 1.44388e-07
0.8675 3.8462e-08
0.8685 9.7328e-09
0.8695 2.33862e-09
0.8705 5.33298e-10
0.8715 1.15344e-10
0.8725 2.36439e-11
0.8735 4.58961e-12
0.8745 8.42843e-13
0.8755 1.46271e-13
0.8765 2.39594e-14
0.8775 3.69912e-15
0.8785 5.37466e-16
0.8795 7.33625e-17
0.8805 9.38894e-18
0.8815 1.12413e-18
0.8825 1.25602e-19
0.8835 1.30595e-20
0.8845 1.25955e-21
0.8855 1.12272e-22
0.8865 9.21018e-24
0.8875 6.91957e-25
0.8885 4.73398e-26
0.8895 2.92938e-27
0.8905 1.62635e-28
0.8915 8.02165e-30
0.8925 3.47226e-31
0.8935 1.29868e-32
0.8945 4.11206e-34
0.8955 1.07182e-35
0.8965 2.2082e-37
0.8975 3.3717e-39
0.8985 3.39212e-41
0.8995 1.68669e-43
0.9005 0
0.9015 0
0.9025 0
0.9035 0
0.9045 0
0.9055 0
0.9065 0
0.9075 0
0.9085 0
0.9095 0
0.9105 0
0.9115 0
0.9125 0
0.9135 0
0.9145 0
0.9155 0
0.9165 0
0.9175 0
0.9185 0
0.9195 0
0.9205 0
0.9215 0
0.9225 0
0.9235 0
0.9245 0
0.9255 0
0.9265 0
0.9275 0
0.9285 0
0.9295 0
0.9305 0
0.9315 0
0.9325 0
0.9335 0
0.9345 0
0.9355 0
0.9365 0
0.9375 0
0.9385 0
0.9395 0
0.9405 0
0.9415 0
0.9425 0
0.9435 0
0.9445 0
0.9455 0
0.9465 0
0.9475 0
0.9485 0
0.9495 0
0.9505 0
0.9515 0
0.9525 0
0.9535 0
0.9545 0
0.9555 0
0.9565 0
0.9575 0
0.9585 0
0.9595 0
0.9605 0
0.9615 0
0.9625 0
0.9635 0
0.9645 0
0.9655 0
0.9665 0
0.9675 0
0.9685 0
0.9695 0
0.9705 0
0.9715 0
0.9725 0
0.9735 0
0.9745 0
0.9755 0
0.9765 0
0.9775 0
0.9785 0
0.9795 0
0.9805 0
0.9815 0
0.9825 0
0.9835 0
0.9845 0
0.9855 0
0.9865 0
0.9875 0
0.9885 0
0.9895 0
0.9905 0
0.9915 0
0.9925 0
0.9935 0
0.9945 0
0.9955 0
0.9965 0
0.9975 0
0.9985 0
0.9995 0

# time = 0.5
0.0005 1
0.0015 1
0.0025 1
0.0035 1
0.0045 1
0.0055 1
0.0065 1
0.0075 1
0.0085 1
0.0095 1
0.0105 1
0.0115 1
0.0125 1
0.0135 1
0.0145 1
0.0155 1
0.0165 1
0.0175 1
0.0185 1
0.0195 1
0.0205 1
0.0215 1
0.0225 1
0.0235 1
0.0245 1
0.0255 1
0.0265 1
0.0275 1
0.0285 1
0.0295 1
0.0305 1
0.0315 1
0.0325 1
0.0335 1
0.0345 1
0.0355 1
0.0365 1
0.0375 1
0.0385 1
0.0395 1
0.0405 1
0.0415 1
0.0425 1
0.0435 1
0.0445 1
0.0455 1
0.0465 1
0.0475 1
0.0485 1
0.0495 1
0.0505 1
0.0515 1
0.0525 1
0.0535 1
0.0545 1
0.0555 1
0.0565 1
0.0575 1
0.0585 1
0.0595 1
0.0605 1
0.0615 1
0.0625 1
0.0635 1
0.0645 1
0.0655 1
0.0665 1
0.0675 1
0.0685 1
0.0695 1
0.0705 1
0.0715 1
0.0725 1
0.0735 1
0.0745 1
0.0755 1
0.0765 1
0.0775 1
0.0785 1
0.0795 0.999999
0.0805 0.999998
0.0815 0.999995
0.0825 0.999989
0.0835 0.999974
0.0845 0.99994
0.0855 0.999868
0.0865 0.999713
0.0875 0.999397
0.0885 0.998766
0.0895 0.997549
0.0905 0.995273
0.0915 0.99115
0.0925 0.983926
0.0935 0.971696
0.0945 0.951711
0.0955 0.920234
0.0965 0.87253
0.0975 0.803097
0.0985 0.706286
0.0995 0.577364
0.1005 0.422636
0.1015 0.293714
0.1025 0.196903
0.1035 0.12747
0.1045 0.0797655
0.1055 0.0482889
0.1065 0.0283039
0.1075 0.0160739
0.1085 0.00885016
0.1095 0.00472701
0.1105 0.00245051
0.1115 0.00123357
0.1125 0.000603253
0.1135 0.000286701
0.1145 0.000132466
0.1155 5.95204e-05
0.1165 2.60156e-05
0.1175 1.10642e-05
0.1185 4.5796e-06
0.1195 1.84519e-06
0.1205 7.23838e-07
0.1215 2.76501e-07
0.1225 1.02866e-07
0.1235 3.72744e-08
0.1245 1.31573e-08
0.1255 4.52449e-09
0.1265 1.51584e-09
0.1275 4.94812e-10
0.1285 1.57378e-10
0.1295 4.87728e-11
0.1305 1.47279e-11
0.1315 4.33345e-12
0.1325 1.24236e-12
0.1335 3.47028e-13
0.1345 9.44424e-14
0.1355 2.50397e-14
0.1365 6.4672e-15
0.1375 1.62702e-15
0.1385 3.98671e-16
0.1395 9.51333e-17
0.1405 2.2105e-17
0.1415 5.00069e-18
0.1425 1.10124e-18
0.1435 2.36033e-19
0.1445 4.92293e-20
0.1455 9.9896e-21
0.1465 1.97176e-21
0.1475 3.7848e-22
0.1485 7.06329e-23
0.1495 1.28124e-23
0.1505 2.25838e-24
0.1515 3.86699e-25
0.1525 6.43016e-26
0.1535 1.038e-26
0.1545 1.62608e-27
0.1555 2.4711e-28
0.1565 3.6414e-29
0.1575 5.20104e-30
0.1585 7.19707e-31
0.1595 9.64396e-32
0.1605 1.25074e-32
0.1615 1.5691e-33
0.1625 1.90309e-34
0.1635 2.23008e-35
0.1645 2.52319e-36
0.1655 2.75452e-37
0.1665 2.89922e-38
0.1675 2.93977e-39
0.1685 2.86926e-40
0.1695 2.69314e-41
0.1705 2.42858e-42
0.1715 2.10184e-43
0.1725 1.74384e-44
0.1735 1.38531e-45
0.1745 1.05234e-46
0.1755 7.63321e-48
0.1765 5.27881e-49
0.1775 3.47466e-50
0.1785 2.17288e-51
0.1795 1.28835e-52
0.1805 7.2268e-54
0.1815 3.82564e-55
0.1825 1.90602e-56
0.1835 8.91039e-58
0.1845 3.89517e-59
0.1855 1.58613e-60
0.1865 5.98992e-62
0.1875 2.08723e-63
0.1885 6.67164e-65
0.1895 1.94267e-66
0.1905 5.11076e-68
0.1915 1.20267e-69
0.1925 2.50038e-71
0.1935 4.5211e-73
0.1945 6.96504e-75
0.1955 8.88848e-77
0.1965 9.02082e-79
0.1975 6.82602e-81
0.1985 3.42339e-83
0.1995 8.53478e-86
0.2005 0
0.2015 0
0.2025 0
0.2035 0
0.2045 0
0.2055 0
0.2065 0
0.2075 0
0.2085 0
0.2095 0
0.2105 0
0.2115 0
0.2125 0
0.2135 0
0.2145 0
0.2155 0
0.2165 0
0.2175 0
0.2185 0
0.2195 0
0.2205 0
0.2215 0
0.2225 0
0.2235 0
0.2245 0
0.2255 0
0.2265 0
0.2275 0
0.2285 0
0.2295 0
0.2305 0
0.2315 0
0.2325 0
0.2335 0
0.2345 0
0.2355 0
0.2365 0
0.2375 0
0.2385 0
0.2395 0
0.2405 0
0.2415 0
0.2425 0
0.2435 0
0.2445 0
0.2455 0
0.2465 0
0.2475 0
0.2485 0
0.2495 0
0.2505 0
0.2515 0
0.2525 0
0.2535 0
0.2545 0
0.2555 0
0.2565 0
0.2575 0
0.2585 0
0.2595 0
0.2605 0
0.2615 0
0.2625 0
0.2635 0
0.2645 0
0.2655 0
0.2665 0
0.2675 0
0.2685 0
0.2695 0
0.2705 0
0.2715 0
0.2725 0
0.2735 0
0.2745 0
0.2755 0
0.2765 0
0.2775 0
0.2785 0
0.2795 0
0.2805 0
0.2815 0
0.2825 0
0.2835 0
0.2845 0
0.2855 0
0.2865 0
0.2875 0
0.2885 0
0.2895 0
0.2905 0
0.2915 0
0.2925 0
0.2935 0
0.2945 0
0.2955 0
0.2965 0
0.2975 0
0.2985 0
0.2995 0
0.3005 0
0.3015 0
0.3025 0
0.3035 0
0.3045 0
0.3055 0
0.3065 0
0.3075 0
0.3085 0
0.3095 0
0.3105 0
0.3115 0
0.3125 0
0.3135 0
0.3145 0
0.3155 0
0.3165 0
0.3175 0
0.3185 0
0.3195 0
0.3205 0
0.3215 0
0.3225 0
0.3235 0
0.3245 0
0.3255 0
0.3265 0
0.3275 0
0.3285 0
0.3295 0
0.3305 0
0.3315 0
0.3325 0
0.3335 0
0.3345 0
0.3355 0
0.3365 0
0.3375 0
0.3385 0
0.3395 0
0.3405 0
0.3415 0
0.3425 0
0.3435 0
0.3445 0
0.3455 0
0.3465 0
0.3475 0
0.3485 0
0.3495 0
0.3505 0
0.3515 0
0.3525 0
0.3535 0
0.3545 0
0.3555 0
0.3565 0
0.3575 0
0.3585 0
0.3595 0
0.3605 0
0.3615 0
0.3625 0
0.3635 0
0.3645 0
0.3655 0
0.3665 0
0.3675 0
0.3685 0
0.3695 0
0.3705 0
0.3715 0
0.3725 0
0.3735 0
0.3745 0
0.3755 0
0.3765 0
0.3775 0
0.3785 0
0.3795 0
0.3805 0
0.3815 0
0.3825 0
0.3835 0
0.3845 0
0.3855 0
0.3865 0
0.3875 0
0.3885 0
0.3895 0
0.3905 0
0.3915 0
0.3925 0
0.3935 0
0.3945 0
0.3955 0
0.3965 0
0.3975 0
0.3985 0
0.3995 0
0.4005 0
0.4015 0
0.4025 0
0.4035 0
0.4045 0
0.4055 0
0.4065 0
0.4075 0
0.4085 0
0.4095 0
0.4105 0
0.4115 0
0.4125 0
0.4135 0
0.4145 0
0.4155 0
0.4165 0
0.4175 0
0.4185 0
0.4195 0
0.4205 0
0.4215 0
0.4225 0
0.4235 0
0.4245 0
0.4255 0
0.4265 0
0.4275 0
0.4285 0
0.4295 0
0.4305 0
0.4315 0
0.4325 0
0.4335 0
0.4345 0
0.4355 0
0.4365 0
0.4375 0
0.4385 0
0.4395 0
0.4405 0
0.4415 0
0.4425 0
0.4435 0
0.4445 0
0.4455 0
0.4465 0
0.4475 0
0.4485 0
0.4495 0
0.4505 0
0.4515 0
0.4525 0
0.4535 0
0.4545 0
0.4555 0
0.4565 0
0.4575 0
0.4585 0
0.4595 0
0.4605 0
0.4615 0
0.4625 0
0.4635 0
0.4645 0
0.4655 0
0.4665 0
0.4675 0
0.4685 0
0.4695 0
0.4705 0
0.4715 0
0.4725 0
0.4735 0
0.4745 0
0.4755 0
0.4765 0
0.4775 0
0.4785 0
0.4795 0
0.4805 0
0.4815 0
0.4825 0
0.4835 0
0.4845 0
0.4855 0
0.4865 0
0.4875 0
0.4885 0
0.4895 0
0.4905 0
0.4915 0
0.4925 0
0.4935 0
0.4945 0
0.4955 0
0.4965 0
0.4975 0
0.4985 0
0.4995 0
0.5005 0
0.5015 0
0.5025 0
0.5035 0
0.5045 0
0.5055 0
0.5065 0
0.5075 0
0.5085 0
0.5095 0
0.5105 0
0.5115 0
0.5125 0
0.5135 0
0.5145 0
0.5155 0
0.5165 0
0.5175 0
0.5185 0
0.5195 0
0.5205 0
0.5215 0
0.5225 0
0.5235 0
0.5245 0
0.5255 0
0.5265 0
0.5275 0
0.5285 0
0.5295 0
0.5305 0
0.5315 0
0.5325 0
0.5335 0
0.5345 0
0.5355 0
0.5365 0
0.5375 0
0.5385 0
0.5395 0
0.5405 0
0.5415 0
0.5425 0
0.5435 0
0.5445 0
0.5455 0
0.5465 0
0.5475 0
0.5485 0
0.5495 0
0.5505 0
0.5515 0
0.5525 0
0.5535 0
0.5545 0
0.5555 0
0.5565 0
0.5575 0
0.5585 0
0.5595 0
0.5605 0
0.5615 0
0.5625 0
0.5635 0
0.5645 0
0.5655 0
0.5665 0
0.5675 0
0.5685 0
0.5695 0
0.5705 0
0.5715 0
0.5725 0
0.5735 0
0.5745 0
0.5755 0
0.5765 0
0.5775 0
0.5785 0
0.5795 0
0.5805 0
0.5815 0
0.5825 0
0.5835 0
0.5845 0
0.5855 0
0.5865 0
0.5875 0
0.5885 0
0.5895 0
0.5905 0
0.5915 0
0.5925 0
0.5935 0
0.5945 0
0.5955 0
0.5965 0
0.5975 0
0.5985 0
0.5995 0
0.6005 0
0.6015 0
0.6025 0
0.6035 0
0.6045 0
0.6055 0
0.6065 0
0.6075 0
0.6085 0
0.6095 0
0.6105 0
0.6115 0
0.6125 0
0.6135 0
0.6145 0
0.6155 0
0.6165 0
0.6175 0
0.6185 0
0.6195 0
0.6205 0
0.6215 0
0.6225 0
0.6235 0
0.6245 0
0.6255 0
0.6265 0
0.6275 0
0.6285 0
0.6295 0
0.6305 0
0.6315 0
0.6325 0
0.6335 0
0.6345 0
0.6355 0
0.6365 0
0.6375 0
0.6385 0
0.6395 0
0.6405 0
0.6415 0
0.6425 0
0.6435 0
0.6445 0
0.6455 0
0.6465 0
0.6475 0
0.6485 0
0.6495 0
0.6505 0
0.6515 0
0.6525 0
0.6535 0
0.6545 0
0.6555 0
0.6565 0
0.6575 0
0.6585 0
0.6595 0
0.6605 0
0.6615 0
0.6625 0
0.6635 0
0.6645 0
0.6655 0
0.6665 0
0.6675 0
0.6685 0
0.6695 0
0.6705 0
0.6715 0
0.6725 0
0.6735 0
0.6745 0
0.6755 0
0.6765 0
0.6775 0
0.6785 0
0.6795 0
0.6805 0
0.6815 0
0.6825 0
0.6835 0
0.6845 0
0.6855 0
0.6865 0
0.6875 0
0.6885 0
0.6895 0
0.6905 0
0.6915 0
0.6925 0
0.6935 0
0.6945 0
0.6955 0
0.6965 0
0.6975 0
0.6985 0
0.6995 0
0.7005 0
0.7015 0
0.7025 0
0.7035 0
0.7045 0
0.7055 0
0.7065 0
0.7075 0
0.7085 0
0.7095 0
0.7105 0
0.7115 0
0.7125 0
0.7135 0
0.7145 0
0.7155 0
0.7165 0
0.7175 0
0.7185 0
0.7195 0
0.7205 0
0.7215 0
0.7225 0
0.7235 0
0.7245 0
0.7255 0
0.7265 0
0.7275 0
0.7285 0
0.7295 0
0.7305 0
0.7315 0
0.7325 0
0.7335 0
0.7345 0
0.7355 0
0.7365 0
0.7375 0
0.7385 0
0.7395 0
0.7405 0
0.7415 0
0.7425 0
0.7435 0
0.7445 0
0.7455 0
0.7465 0
0.7475 0
0.7485 0
0.7495 0
0.7505 0
0.7515 0
0.7525 0
0.7535 0
0.7545 0
0.7555 0
0.7565 0
0.7575 0
0.7585 0
0.7595 0
0.7605 0
0.7615 0
0.7625 0
0.7635 0
0.7645 0
0.7655 0
0.7665 0
0.7675 0
0.7685 0
0.7695 0
0.7705 0
0.7715 0
0.7725 0
0.7735 0
0.7745 0
0.7755 0
0.7765 0
0.7775 0
0.7785 0
0.7795 0
0.7805 0
0.7815 0
0.7825 0
0.7835 0
0.7845 0
0.7855 0
0.7865 0
0.7875 0
0.7885 0
0.7895 0
0.7905 0
0.7915 0
0.7925 0
0.7935 0
0.7945 0
0.7955 0
0.7965 0
0.7975 0
0.7985 0
0.7995 0
0.8005 8.53478e-86
0.8015 3.42339e-83
0.8025 6.82602e-81
0.8035 9.02082e-79
0.8045 8.88848e-77
0.8055 6.96504e-75
0.8065 4.5211e-73
0.8075 2.50038e-71
0.8085 1.20267e-69
0.8095 5.11076e-68
0.8105 1.94267e-66
0.8115 6.67164e-65
0.8125 2.08723e-63
0.8135 5.98992e-62
0.8145 1.58613e-60
0.8155 3.89517e-59
0.8165 8.91039e-58
0.8175 1.90602e-56
0.8185 3.82564e-55
0.8195 7.2268e-54
0.8205 1.28835e-52
0.8215 2.17288e-51
0.8225 3.47466e-50
0.8235 5.27881e-49
0.8245 7.63321e-48
0.8255 1.05234e-46
0.8265 1.38531e-45
0.8275 1.74384e-44
0.8285 2.10184e-43
0.8295 2.42858e-42
0.8305 2.69314e-41
0.8315 2.86926e-40
0.8325 2.93977e-39
0.8335 2.89922e-38
0.8345 2.75452e-37
0.8355 2.52319e-36
0.8365 2.23008e-35
0.8375 1.90309e-34
0.8385 1.5691e-33
0.8395 1.25074e-32
0.8405 9.64396e-32
0.8415 7.19707e-31
0.8425 5.20104e-30
0.8435 3.6414e-29
0.8445 2.4711e-28
0.8455 1.62608e-27
0.8465 1.038e-26
0.8475 6.43016e-26
0.8485 3.86699e-25
0.8495 2.25838e-24
0.8505 1.28124e-23
0.8515 7.06329e-23
0.8525 3.7848e-22
0.8535 1.97176e-21
0.8545 9.9896e-21
0.8555 4.92293e-20
0.8565 2.36033e-19
0.8575 1.10124e-18
0.8585 5.00069e-18
0.8595 2.2105e-17
0.8605 9.51333e-17
0.8615 3.98671e-16
0.8625 1.62702e-15
0.8635 6.4672e-15
0.8645 2.50397e-14
0.8655 9.44424e-14
0.8665 3.47028e-13
0.8675 1.24236e-12
0.8685 4.33345e-12
0.8695 1.47279e-11
0.8705 4.87728e-11
0.8715 1.57378e-10
0.8725 4.94812e-10
0.8735 1.51584e-09
0.8745 4.52449e-09
0.8755 1.31573e-08
0.8765 3.72744e-08
0.8775 1.02866e-07
0.8785 2.76501e-07
0.8795 7.23838e-07
0.8805 1.84519e-06
0.8815 4.5796e-06
0.8825 1.10642e-05
0.8835 2.60156e-05
0.8845 5.95204e-05
0.8855 0.000132466
0.8865 0.000286701
0.8875 0.000603253
0.8885 0.00123357
0.8895 0.00245051
0.8905 0.00472701
0.8915 0.00885016
0.8925 0.0160739
0.8935 0.0283039
0.8945 0.0482889
0.8955 0.0797655
0.8965 0.12747
0.8975 0.196903
0.8985 0.293714
0.8995 0.422636
0.9005 0.577364
0.9015 0.706286
0.9025 0.803097
0.9035 0.87253
0.9045 0.920234
0.9055 0.951711
0.9065 0.971696
0.9075 0.983926
0.9085 0.99115
0.9095 0.995273
0.9105 0.997549
0.9115 0.998766
0.9125 0.999397
0.9135 0.999713
0.9145 0.999868
0.9155 0.99994
0.9165 0.999974
0.9175 0.999989
0.9185 0.999995
0.9195 0.999998
0.9205 0.999999
0.9215 1
0.9225 1
0.9235 1
0.9245 1
0.9255 1
0.9265 1
0.9275 1
0.9285 1
0.9295 1
0.9305 1
0.9315 1
0.9325 1
0.9335 1
0.9345 1
0.9355 1
0.9365 1
0.9375 1
0.9385 1
0.9395 1
0.9405 1
0.9415 1
0.9425 1
0.9435 1
0.9445 1
0.9455 1
0.9465 1
0.9475 1
0.9485 1
0.9495 1
0.9505 1
0.9515 1
0.9525 1
0.9535 1
0.9545 1
0.9555 1
0.9565 1
0.9575 1
0.9585 1
0.9595 1
0.9605 1
0.9615 1
0.9625 1
0.9635 1
0.9645 1
0.9655 1
0.9665 1
0.9675 1
0.9685 1
0.9695 1
0.9705 1
0.9715 1
0.9725 1
0.9735 1
0.9745 1
0.9755 1
0.9765 1
0.9775 1
0.9785 1
0.9795 1
0.9805 1
0.9815 1
0.9825 1
0.9835 1
0.9845 1
0.9855 1
0.9865 1
0.9875 1
0.9885 1
0.9895 1
0.9905 1
0.9915 1
0.9925 1
0.9935 1
0.9945 1
0.9955 1
0.9965 1
0.9975 1
0.9985 1
0.9995 1

# time = 0.75
0.0005 1.07967e-128
0.0015 6.48999e-126
0.0025 1.94305e-123
0.0035 3.86314e-121
0.0045 5.73797e-119
0.0055 6.79138e-117
0.0065 6.67208e-115
0.0075 5.59621e-113
0.0085 4.09075e-111
0.0095 2.64741e-109
0.0105 1.53579e-107
0.0115 8.06671e-106
0.0125 3.86819e-104
0.0135 1.70523e-102
0.0145 6.95174e-101
0.0155 2.63421e-99
0.0165 9.31923e-98
0.0175 3.09011e-96
0.0185 9.63667e-95
0.0195 2.83514e-93
0.0205 7.89062e-92
0.0215 2.08264e-90
0.0225 5.22471e-89
0.0235 1.24837e-87
0.0245 2.84621e-86
0.0255 6.20272e-85
0.0265 1.29411e-83
0.0275 2.58864e-82
0.0285 4.97124e-81
0.0295 9.17693e-80
0.0305 1.63033e-78
0.0315 2.79043e-77
0.0325 4.60603e-76
0.0335 7.33931e-75
0.0345 1.12991e-73
0.0355 1.68214e-72
0.0365 2.42353e-71
0.0375 3.38166e-70
0.0385 4.5731e-69
0.0395 5.99766e-68
0.0405 7.63337e-67
0.0415 9.43353e-66
0.0425 1.13267e-64
0.0435 1.32201e-63
0.0445 1.5007e-62
0.0455 1.65765e-61
0.0465 1.78251e-60
0.0475 1.86682e-59
0.0485 1.90499e-58
0.0495 1.89485e-57
0.0505 1.83788e-56
0.0515 1.73892e-55
0.0525 1.60552e-54
0.0535 1.44701e-53
0.0545 1.27347e-52
0.0555 1.09472e-51
0.0565 9.19474e-51
0.0575 7.54789e-50
0.0585 6.0573e-49
0.0595 4.7535e-48
0.0605 3.6487e-47
0.0615 2.74005e-46
0.0625 2.01361e-45
0.0635 1.44839e-44
0.0645 1.01995e-43
0.0655 7.03314e-43
0.0665 4.74986e-42
0.0675 3.14235e-41
0.0685 2.03682e-40
0.0695 1.29374e-39
0.0705 8.05406e-39
0.0715 4.91499e-38
0.0725 2.94063e-37
0.0735 1.72517e-36
0.0745 9.9256e-36
0.0755 5.60115e-35
0.0765 3.10063e-34
0.0775 1.68394e-33
0.0785 8.97353e-33
0.0795 4.69254e-32
0.0805 2.40828e-31
0.0815 1.21313e-30
0.0825 5.99865e-30
0.0835 2.91196e-29
0.0845 1.38785e-28
0.0855 6.49471e-28
0.0865 2.98453e-27
0.0875 1.34686e-26
0.0885 5.96942e-26
0.0895 2.59856e-25
0.0905 1.1111e-24
0.0915 4.66682e-24
0.0925 1.92556e-23
0.0935 7.80525e-23
0.0945 3.10834e-22
0.0955 1.21619e-21
0.0965 4.67543e-21
0.0975 1.76606e-20
0.0985 6.55492e-20
0.0995 2.39066e-19
0.1005 8.56772e-19
0.1015 3.01731e-18
0.1025 1.04421e-17
0.1035 3.55116e-17
0.1045 1.18679e-16
0.1055 3.89758e-16
0.1065 1.25787e-15
0.1075 3.98927e-15
0.1085 1.24325e-14
0.1095 3.8074e-14
0.1105 1.14575e-13
0.1115 3.38795e-13
0.1125 9.84349e-13
0.1135 2.81005e-12
0.1145 7.88158e-12
0.1155 2.17183e-11
0.1165 5.87932e-11
0.1175 1.56348e-10
0.1185 4.08409e-10
0.1195 1.04786e-09
0.1205 2.64045e-09
0.1215 6.5341e-09
0.1225 1.58777e-08
0.1235 3.78821e-08
0.1245 8.87324e-08
0.1255 2.04023e-07
0.1265 4.60435e-07
0.1275 1.01974e-06
0.1285 2.21605e-06
0.1295 4.72464e-06
0.1305 9.88058e-06
0.1315 2.02647e-05
0.1325 4.07525e-05
0.1335 8.03404e-05
0.1345 0.000155231
0.1355 0.000293887
0.1365 0.000545033
0.1375 0.000989879
0.1385 0.00176004
0.1395 0.00306267
0.1405 0.00521382
0.1415 0.00868002
0.1425 0.0141257
0.1435 0.0224606
0.1445 0.0348769
0.1455 0.0528595
0.1465 0.0781481
0.1475 0.112627
0.1485 0.158121
0.1495 0.216086
0.1505 0.283914
0.1515 0.341879
0.1525 0.387373
0.1535 0.421852
0.1545 0.447141
0.1555 0.465123
0.1565 0.477539
0.1575 0.485874
0.1585 0.49132
0.1595 0.494786
0.1605 0.496937
0.1615 0.49824
0.1625 0.49901
0.1635 0.499455
0.1645 0.499706
0.1655 0.499845
0.1665 0.49992
0.1675 0.499959
0.1685 0.49998
0.1695 0.49999
0.1705 0.499995
0.1715 0.499998
0.1725 0.499999
0.1735 0.5
0.1745 0.5
0.1755 0.5
0.1765 0.5
0.1775 0.5
0.1785 0.5
0.1795 0.5
0.1805 0.5
0.1815 0.5
0.1825 0.5
0.1835 0.5
0.1845 0.5
0.1855 0.5
0.1865 0.5
0.1875 0.5
0.1885 0.5
0.1895 0.5
0.1905 0.5
0.1915 0.5
0.1925 0.5
0.1935 0.5
0.1945 0.5
0.1955 0.5
0.1965 0.5
0.1975 0.5
0.1985 0.5
0.1995 0.5
0.2005 0.5
0.2015 0.5
0.2025 0.5
0.2035 0.5
0.2045 0.5
0.2055 0.5
0.2065 0.5
0.2075 0.5
0.2085 0.5
0.2095 0.5
0.2105 0.5
0.2115 0.5
0.2125 0.5
0.2135 0.5
0.2145 0.5
0.2155 0.5
0.2165 0.5
0.2175 0.5
0.2185 0.5
0.2195 0.5
0.2205 0.5
0.2215 0.5
0.2225 0.5
0.2235 0.5
0.2245 0.5
0.2255 0.5
0.2265 0.5
0.2275 0.5
0.2285 0.5
0.2295 0.5
0.2305 0.5
0.2315 0.5
0.2325 0.5
0.2335 0.5
0.2345 0.5
0.2355 0.5
0.2365 0.5
0.2375 0.5
0.2385 0.5
0.2395 0.5
0.2405 0.5
0.2415 0.5
0.2425 0.5
0.2435 0.5
0.2445 0.5
0.2455 0.5
0.2465 0.5
0.2475 0.5
0.2485 0.5
0.2495 0.5
0.2505 0.5
0.2515 0.5
0.2525 0.5
0.2535 0.5
0.2545 0.5
0.2555 0.5
0.2565 0.5
0.2575 0.5
0.2585 0.5
0.2595 0.5
0.2605 0.5
0.2615 0.5
0.2625 0.5
0.2635 0.5
0.2645 0.5
0.2655 0.5
0.2665 0.5
0.2675 0.5
0.2685 0.5
0.2695 0.5
0.2705 0.5
0.2715 0.5
0.2725 0.5
0.2735 0.5
0.2745 0.5
0.2755 0.5
0.2765 0.5
0.2775 0.5
0.2785 0.5
0.2795 0.5
0.2805 0.5
0.2815 0.5
0.2825 0.5
0.2835 0.5
0.2845 0.5
0.2855 0.5
0.2865 0.5
0.2875 0.5
0.2885 0.5
0.2895 0.5
0.2905 0.5
0.2915 0.5
0.2925 0.5
0.2935 0.5
0.2945 0.5
0.2955 0.5
0.2965 0.5
0.2975 0.5
0.2985 0.5
0.2995 0.5
0.3005 0.5
0.3015 0.5
0.3025 0.5
0.3035 0.5
0.3045 0.5
0.3055 0.5
0.3065 0.5
0.3075 0.5
0.3085 0.5
0.3095 0.5
0.3105 0.5
0.3115 0.5
0.3125 0.5
0.3135 0.5
0.3145 0.5
0.3155 0.5
0.3165 0.5
0.3175 0.5
0.3185 0.5
0.3195 0.5
0.3205 0.5
0.3215 0.5
0.3225 0.5
0.3235 0.5
0.3245 0.5
0.3255 0.5
0.3265 0.5
0.3275 0.499999
0.3285 0.499998
0.3295 0.499995
0.3305 0.49999
0.3315 0.49998
0.3325 0.499959
0.3335 0.49992
0.3345 0.499845
0.3355 0.499706
0.3365 0.499455
0.3375 0.49901
0.3385 0.49824
0.3395 0.496937
0.3405 0.494786
0.3415 0.49132
0.3425 0.485874
0.3435 0.477539
0.3445 0.465123
0.3455 0.447141
0.3465 0.421852
0.3475 0.387373
0.3485 0.341879
0.3495 0.283914
0.3505 0.216086
0.3515 0.158121
0.3525 0.112627
0.3535 0.0781481
0.3545 0.0528595
0.3555 0.0348769
0.3565 0.0224606
0.3575 0.0141257
0.3585 0.00868002
0.3595 0.00521382
0.3605 0.00306267
0.3615 0.00176004
0.3625 0.000989879
0.3635 0.000545033
0.3645 0.000293887
0.3655 0.000155231
0.3665 8.03404e-05
0.3675 4.07525e-05
0.3685 2.02647e-05
0.3695 9.88058e-06
0.3705 4.72464e-06
0.3715 2.21605e-06
0.3725 1.01974e-06
0.3735 4.60435e-07
0.3745 2.04023e-07
0.3755 8.87324e-08
0.3765 3.78821e-08
0.3775 1.58777e-08
0.3785 6.5341e-09
0.3795 2.64045e-09
0.3805 1.04786e-09
0.3815 4.08409e-10
0.3825 1.56348e-10
0.3835 5.87932e-11
0.3845 2.17183e-11
0.3855 7.88158e-12
0.3865 2.81005e-12
0.3875 9.84349e-13
0.3885 3.38795e-13
0.3895 1.14575e-13
0.3905 3.8074e-14
0.3915 1.24325e-14
0.3925 3.98927e-15
0.3935 1.25787e-15
0.3945 3.89758e-16
0.3955 1.18679e-16
0.3965 3.55116e-17
0.3975 1.04421e-17
0.3985 3.01731e-18
0.3995 8.56772e-19
0.4005 2.39066e-19
0.4015 6.55492e-20
0.4025 1.76606e-20
0.4035 4.67543e-21
0.4045 1.21619e-21
0.4055 3.10834e-22
0.4065 7.80525e-23
0.4075 1.92556e-23
0.4085 4.66682e-24
0.4095 1.1111e-24
0.4105 2.59856e-25
0.4115 5.96942e-26
0.4125 1.34686e-26
0.4135 2.98453e-27
0.4145 6.49471e-28
0.4155 1.38785e-28
0.4165 2.91196e-29
0.4175 5.99865e-30
0.4185 1.21313e-30
0.4195 2.40828e-31
0.4205 4.69254e-32
0.4215 8.97353e-33
0.4225 1.68394e-33
0.4235 3.10063e-34
0.4245 5.60115e-35
0.4255 9.9256e-36
0.4265 1.72517e-36
0.4275 2.94063e-37
0.4285 4.91499e-38
0.4295 8.05406e-39
0.4305 1.29374e-39
0.4315 2.03682e-40
0.4325 3.14235e-41
0.4335 4.74986e-42
0.4345 7.03314e-43
0.4355 1.01995e-43
0.4365 1.44839e-44
0.4375 2.01361e-45
0.4385 2.74005e-46
0.4395 3.6487e-47
0.4405 4.7535e-48
0.4415 6.0573e-49
0.4425 7.54789e-50
0.4435 9.19474e-51
0.4445 1.09472e-51
0.4455 1.27347e-52
0.4465 1.44701e-53
0.4475 1.60552e-54
0.4485 1.73892e-55
0.4495 1.83788e-56
0.4505 1.89485e-57
0.4515 1.90499e-58
0.4525 1.86682e-59
0.4535 1.78251e-60
0.4545 1.65765e-61
0.4555 1.5007e-62
0.4565 1.32201e-63
0.4575 1.13267e-64
0.4585 9.43353e-66
0.4595 7.63337e-67
0.4605 5.99766e-68
0.4615 4.5731e-69
0.4625 3.38166e-70
0.4635 2.42353e-71
0.4645 1.68214e-72
0.4655 1.12991e-73
0.4665 7.33931e-75
0.4675 4.60603e-76
0.4685 2.79043e-77
0.4695 1.63033e-78
0.4705 9.17693e-80
0.4715 4.97124e-81
0.4725 2.58864e-82
0.4735 1.29411e-83
0.4745 6.20272e-85
0.4755 2.84621e-86
0.4765 1.24837e-87
0.4775 5.22471e-89
0.4785 2.08264e-90
0.4795 7.89062e-92
0.4805 2.83514e-93
0.4815 9.63667e-95
0.4825 3.09011e-96
0.4835 9.31923e-98
0.4845 2.63421e-99
0.4855 6.95174e-101
0.4865 1.70523e-102
0.4875 3.86819e-104
0.4885 8.06671e-106
0.4895 1.53579e-107
0.4905 2.64741e-109
0.4915 4.09075e-111
0.4925 5.59621e-113
0.4935 6.67208e-115
0.4945 6.79138e-117
0.4955 5.73797e-119
0.4965 3.86314e-121
0.4975 1.94305e-123
0.4985 6.48999e-126
0.4995 1.07967e-128
0.5005 1.07967e-128
0.5015 6.48999e-126
0.5025 1.94305e-123
0.5035 3.86314e-121
0.5045 5.73797e-119
0.5055 6.79138e-117
0.5065 6.67208e-115
0.5075 5.59621e-113
0.5085 4.09075e-111
0.5095 2.64741e-109
0.5105 1.53579e-107
0.5115 8.06671e-106
0.5125 3.86819e-104
0.5135 1.70523e-102
0.5145 6.95174e-101
0.5155 2.63421e-99
0.5165 9.31923e-98
0.5175 3.09011e-96
0.5185 9.63667e-95
0.5195 2.83514e-93
0.5205 7.89062e-92
0.5215 2.08264e-90
0.5225 5.22471e-89
0.5235 1.24837e-87
0.5245 2.84621e-86
0.5255 6.20272e-85
0.5265 1.29411e-83
0.5275 2.58864e-82
0.5285 4.97124e-81
0.5295 9.17693e-80
0.5305 1.63033e-78
0.5315 2.79043e-77
0.5325 4.60603e-76
0.5335 7.33931e-75
0.5345 1.12991e-73
0.5355 1.68214e-72
0.5365 2.42353e-71
0.5375 3.38166e-70
0.5385 4.5731e-69
0.5395 5.99766e-68
0.5405 7.63337e-67
0.5415 9.43353e-66
0.5425 1.13267e-64
0.5435 1.32201e-63
0.5445 1.5007e-62
0.5455 1.65765e-61
0.5465 1.78251e-60
0.5475 1.86682e-59
0.5485 1.90499e-58
0.5495 1.89485e-57
0.5505 1.83788e-56
0.5515 1.73892e-55
0.5525 1.60552e-54
0.5535 1.44701e-53
0.5545 1.27347e-52
0.5555 1.09472e-51
0.5565 9.19474e-51
0.5575 7.54789e-50
0.5585 6.0573e-49
0.5595 4.7535e-48
0.5605 3.6487e-47
0.5615 2.74005e-46
0.5625 2.01361e-45
0.5635 1.44839e-44
0.5645 1.01995e-43
0.5655 7.03314e-43
0.5665 4.74986e-42
0.5675 3.14235e-41
0.5685 2.03682e-40
0.5695 1.29374e-39
0.5705 8.05406e-39
0.5715 4.91499e-38
0.5725 2.94063e-37
0.5735 1.72517e-36
0.5745 9.9256e-36
0.5755 5.60115e-35
0.5765 3.10063e-34
0.5775 1.68394e-33
0.5785 8.97353e-33
0.5795 4.69254e-32
0.5805 2.40828e-31
0.5815 1.21313e-30
0.5825 5.99865e-30
0.5835 2.91196e-29
0.5845 1.38785e-28
0.5855 6.49471e-28
0.5865 2.98453e-27
0.5875 1.34686e-26
0.5885 5.96942e-26
0.5895 2.59856e-25
0.5905 1.1111e-24
0.5915 4.66682e-24
0.5925 1.92556e-23
0.5935 7.80525e-23
0.5945 3.10834e-22
0.5955 1.21619e-21
0.5965 4.67543e-21
0.5975 1.76606e-20
0.5985 6.55492e-20
0.5995 2.39066e-19
0.6005 8.56772e-19
0.6015 3.01731e-18
0.6025 1.04421e-17
0.6035 3.55116e-17
0.6045 1.18679e-16
0.6055 3.89758e-16
0.6065 1.25787e-15
0.6075 3.98927e-15
0.6085 1.24325e-14
0.6095 3.8074e-14
0.6105 1.14575e-13
0.6115 3.38795e-13
0.6125 9.84349e-13
0.6135 2.81005e-12
0.6145 7.88158e-12
0.6155 2.17183e-11
0.6165 5.87932e-11
0.6175 1.56348e-10
0.6185 4.08409e-10
0.6195 1.04786e-09
0.6205 2.64045e-09
0.6215 6.5341e-09
0.6225 1.58777e-08
0.6235 3.78821e-08
0.6245 8.87324e-08
0.6255 2.04023e-07
0.6265 4.60435e-07
0.6275 1.01974e-06
0.6285 2.21605e-06
0.6295 4.72464e-06
0.6305 9.88058e-06
0.6315 2.02647e-05
0.6325 4.07525e-05
0.6335 8.03404e-05
0.6345 0.000155231
0.6355 0.000293887
0.6365 0.000545033
0.6375 0.000989879
0.6385 0.00176004
0.6395 0.00306267
0.6405 0.00521382
0.6415 0.00868002
0.6425 0.0141257
0.6435 0.0224606
0.6445 0.0348769
0.6455 0.0528595
0.6465 0.0781481
0.6475 0.112627
0.6485 0.158121
0.6495 0.216086
0.6505 0.283914
0.6515 0.341879
0.6525 0.387373
0.6535 0.421852
0.6545 0.447141
0.6555 0.465123
0.6565 0.477539
0.6575 0.485874
0.6585 0.49132
0.6595 0.494786
0.6605 0.496937
0.6615 0.49824
0.6625 0.49901
0.6635 0.499455
0.6645 0.499706
0.6655 0.499845
0.6665 0.49992
0.6675 0.499959
0.6685 0.49998
0.6695 0.49999
0.6705 0.499995
0.6715 0.499998
0.6725 0.499999
0.6735 0.5
0.6745 0.5
0.6755 0.5
0.6765 0.5
0.6775 0.5
0.6785 0.5
0.6795 0.5
0.6805 0.5
0.6815 0.5
0.6825 0.5
0.6835 0.5
0.6845 0.5
0.6855 0.5
0.6865 0.5
0.6875 0.5
0.6885 0.5
0.6895 0.5
0.6905 0.5
0.6915 0.5
0.6925 0.5
0.6935 0.5
0.6945 0.5
0.6955 0.5
0.6965 0.5
0.6975 0.5
0.6985 0.5
0.6995 0.5
0.7005 0.5
0.7015 0.5
0.7025 0.5
0.7035 0.5
0.7045 0.5
0.7055 0.5
0.7065 0.5
0.7075 0.5
0.7085 0.5
0.7095 0.5
0.7105 0.5
0.7115 0.5
0.7125 0.5
0.7135 0.5
0.7145 0.5
0.7155 0.5
0.7165 0.5
0.7175 0.5
0.7185 0.5
0.7195 0.5
0.7205 0.5
0.7215 0.5
0.7225 0.5
0.7235 0.5
0.7245 0.5
0.7255 0.5
0.7265 0.5
0.7275 0.5
0.7285 0.5
0.7295 0.5
0.7305 0.5
0.7315 0.5
0.7325 0.5
0.7335 0.5
0.7345 0.5
0.7355 0.5
0.7365 0.5
0.7375 0.5
0.7385 0.5
0.7395 0.5
0.7405 0.5
0.7415 0.5
0.7425 0.5
0.7435 0.5
0.7445 0.5
0.7455 0.5
0.7465 0.5
0.7475 0.5
0.7485 0.5
0.7495 0.5
0.7505 0.5
0.7515 0.5
0.7525 0.5
0.7535 0.5
0.7545 0.5
0.7555 0.5
0.7565 0.5
0.7575 0.5
0.7585 0.5
0.7595 0.5
0.7605 0.5
0.7615 0.5
0.7625 0.5
0.7635 0.5
0.7645 0.5
0.7655 0.5
0.7665 0.5
0.7675 0.5
0.7685 0.5
0.7695 0.5
0.7705 0.5
0.7715 0.5
0.7725 0.5
0.7735 0.5
0.7745 0.5
0.7755 0.5
0.7765 0.5
0.7775 0.5
0.7785 0.5
0.7795 0.5
0.7805 0.5
0.7815 0.5
0.7825 0.5
0.7835 0.5
0.7845 0.5
0.7855 0.5
0.7865 0.5
0.7875 0.5
0.7885 0.5
0.7895 0.5
0.7905 0.5
0.7915 0.5
0.7925 0.5
0.7935 0.5
0.7945 0.5
0.7955 0.5
0.7965 0.5
0.7975 0.5
0.7985 0.5
0.7995 0.5
0.8005 0.5
0.8015 0.5
0.8025 0.5
0.8035 0.5
0.8045 0.5
0.8055 0.5
0.8065 0.5
0.8075 0.5
0.8085 0.5
0.8095 0.5
0.8105 0.5
0.8115 0.5
0.8125 0.5
0.8135 0.5
0.8145 0.5
0.8155 0.5
0.8165 0.5
0.8175 0.5
0.8185 0.5
0.8195 0.5
0.8205 0.5
0.8215 0.5
0.8225 0.5
0.8235 0.5
0.8245 0.5
0.8255 0.5
0.8265 0.5
0.8275 0.499999
0.8285 0.499998
0.8295 0.499995
0.8305 0.49999
0.8315 0.49998
0.8325 0.499959
0.8335 0.49992
0.8345 0.499845
0.8355 0.499706
0.8365 0.499455
0.8375 0.49901
0.8385 0.49824
0.8395 0.496937
0.8405 0.494786
0.8415 0.49132
0.8425 0.485874
0.8435 0.477539
0.8445 0.465123
0.8455 0.447141
0.8465 0.421852
0.8475 0.387373
0.8485 0.341879
0.8495 0.283914
0.8505 0.216086
0.8515 0.158121
0.8525 0.112627
0.8535 0.0781481
0.8545 0.0528595
0.8555 0.0348769
0.8565 0.0224606
0.8575 0.0141257
0.8585 0.00868002
0.8595 0.00521382
0.8605 0.00306267
0.8615 0.00176004
0.8625 0.000989879
0.8635 0.000545033
0.8645 0.000293887
0.8655 0.000155231
0.8665 8.03404e-05
0.8675 4.07525e-05
0.8685 2.02647e-05
0.8695 9.88058e-06
0.8705 4.72464e-06
0.8715 2.21605e-06
0.8725 1.01974e-06
0.8735 4.60435e-07
0.8745 2.04023e-07
0.8755 8.87324e-08
0.8765 3.78821e-08
0.8775 1.58777e-08
0.8785 6.5341e-09
0.8795 2.64045e-09
0.8805 1.04786e-09
0.8815 4.08409e-10
0.8825 1.56348e-10
0.8835 5.87932e-11
0.8845 2.17183e-11
0.8855 7.88158e-12
0.8865 2.81005e-12
0.8875 9.84349e-13
0.8885 3.38795e-13
0.8895 1.14575e-13
0.8905 3.8074e-14
0.8915 1.24325e-14
0.8925 3.98927e-15
0.8935 1.25787e-15
0.8945 3.89758e-16
0.8955 1.18679e-16
0.8965 3.55116e-17
0.8975 1.04421e-17
0.8985 3.01731e-18
0.8995 8.56772e-19
0.9005 2.39066e-19
0.9015 6.55492e-20
0.9025 1.76606e-20
0.9035 4.67543e-21
0.9045 1.21619e-21
0.9055 3.10834e-22
0.9065 7.80525e-23
0.9075 1.92556e-23
0.9085 4.66682e-24
0.9095 1.1111e-24
0.9105 2.59856e-25
0.9115 5.96942e-26
0.9125 1.34686e-26
0.9135 2.98453e-27
0.9145 6.49471e-28
0.9155 1.38785e-28
0.9165 2.91196e-29
0.9175 5.99865e-30
0.9185 1.21313e-30
0.9195 2.40828e-31
0.9205 4.69254e-32
0.9215 8.97353e-33
0.9225 1.68394e-33
0.9235 3.10063e-34
0.9245 5.60115e-35
0.9255 9.9256e-36
0.9265 1.72517e-36
0.9275 2.94063e-37
0.9285 4.91499e-38
0.9295 8.05406e-39
0.9305 1.29374e-39
0.9315 2.03682e-40
0.9325 3.14235e-41
0.9335 4.74986e-42
0.9345 7.03314e-43
0.9355 1.01995e-43
0.9365 1.44839e-44
0.9375 2.01361e-45
0.9385 2.74005e-46
0.9395 3.6487e-47
0.9405 4.7535e-48
0.9415 6.0573e-49
0.9425 7.54789e-50
0.9435 9.19474e-51
0.9445 1.09472e-51
0.9455 1.27347e-52
0.9465 1.44701e-53
0.9475 1.60552e-54
0.9485 1.73892e-55
0.9495 1.83788e-56
0.9505 1.89485e-57
0.9515 1.90499e-58
0.9525 1.86682e-59
0.9535 1.78251e-60
0.9545 1.65765e-61
0.9555 1.5007e-62
0.9565 1.32201e-63
0.9575 1.13267e-64
0.9585 9.43353e-66
0.9595 7.63337e-67
0.9605 5.99766e-68
0.9615 4.5731e-69
0.9625 3.38166e-70
0.9635 2.42353e-71
0.9645 1.68214e-72
0.9655 1.12991e-73
0.9665 7.33931e-75
0.9675 4.60603e-76
0.9685 2.79043e-77
0.9695 1.63033e-78
0.9705 9.17693e-80
0.9715 4.97124e-81
0.9725 2.58864e-82
0.9735 1.29411e-83
0.9745 6.20272e-85
0.9755 2.84621e-86
0.9765 1.24837e-87
0.9775 5.22471e-89
0.9785 2.08264e-90
0.9795 7.89062e-92
0.9805 2.83514e-93
0.9815 9.63667e-95
0.9825 3.09011e-96
0.9835 9.31923e-98
0.9845 2.63421e-99
0.9855 6.95174e-101
0.9865 1.70523e-102
0.9875 3.86819e-104
0.9885 8.06671e-106
0.9895 1.53579e-107
0.9905 2.64741e-109
0.9915 4.09075e-111
0.9925 5.59621e-113
0.9935 6.67208e-115
0.9945 6.79138e-117
0.9955 5.73797e-119
0.9965 3.86314e-121
0.9975 1.94305e-123
0.9985 6.48999e-126
0.9995 1.07967e-128

# time = 1
0.0005 0
0.0015 0
0.0025 0
0.0035 0
0.0045 0
0.0055 0
0.0065 0
0.0075 0
0.0085 0
0.0095 0
0.0105 0
0.0115 0
0.0125 0
0.0135 0
0.0145 0
0.0155 0
0.0165 0
0.0175 0
0.0185 0
0.0195 0
0.0205 0
0.0215 0
0.0225 0
0.0235 0
0.0245 0
0.0255 0
0.0265 0
0.0275 0
0.0285 0
0.0295 0
0.0305 0
0.0315 0
0.0325 0
0.0335 0
0.0345 0
0.0355 0
0.0365 0
0.0375 0
0.0385 0
0.0395 0
0.0405 0
0.0415 0
0.0425 0
0.0435 0
0.0445 0
0.0455 0
0.0465 0
0.0475 0
0.0485 0
0.0495 0
0.0505 0
0.0515 0
0.0525 0
0.0535 0
0.0545 0
0.0555 0
0.0565 0
0.0575 0
0.0585 0
0.0595 0
0.0605 0
0.0615 0
0.0625 0
0.0635 0
0.0645 0
0.0655 0
0.0665 0
0.0675 0
0.0685 0
0.0695 0
0.0705 0
0.0715 0
0.0725 0
0.0735 0
0.0745 0
0.0755 0
0.0765 0
0.0775 0
0.0785 0
0.0795 0
0.0805 0
0.0815 0
0.0825 0
0.0835 0
0.0845 0
0.0855 0
0.0865 0
0.0875 0
0.0885 0
0.0895 0
0.0905 0
0.0915 0
0.0925 0
0.0935 0
0.0945 0
0.0955 0
0.0965 0
0.0975 0
0.0985 0
0.0995 0
0.1005 0
0.1015 0
0.1025 0
0.1035 0
0.1045 0
0.1055 0
0.1065 0
0.1075 0
0.1085 0
0.1095 0
0.1105 0
0.1115 0
0.1125 0
0.1135 0
0.1145 0
0.1155 0
0.1165 0
0.1175 0
0.1185 0
0.1195 0
0.1205 0
0.1215 0
0.1225 0
0.1235 0
0.1245 0
0.1255 0
0.1265 0
0.1275 0
0.1285 0
0.1295 0
0.1305 0
0.1315 0
0.1325 0
0.1335 0
0.1345 0
0.1355 0
0.1365 0
0.1375 0
0.1385 0
0.1395 0
0.1405 0
0.1415 0
0.1425 0
0.1435 0
0.1445 0
0.1455 0
0.1465 0
0.1475 0
0.1485 0
0.1495 0
0.1505 0
0.1515 0
0.1525 0
0.1535 0
0.1545 0
0.1555 0
0.1565 0
0.1575 0
0.1585 0
0.1595 0
0.1605 0
0.1615 0
0.1625 0
0.1635 0
0.1645 0
0.1655 0
0.1665 0
0.1675 0
0.1685 0
0.1695 0
0.1705 0
0.1715 0
0.1725 0
0.1735 0
0.1745 0
0.1755 0
0.1765 0
0.1775 0
0.1785 0
0.1795 0
0.1805 0
0.1815 0
0.1825 0
0.1835 0
0.1845 0
0.1855 0
0.1865 0
0.1875 0
0.1885 0
0.1895 0
0.1905 0
0.1915 0
0.1925 0
0.1935 0
0.1945 0
0.1955 0
0.1965 0
0.1975 0
0.1985 0
0.1995 0
0.2005 5.46318e-171
0.2015 4.37662e-168
0.2025 1.74798e-165
0.2035 4.64062e-163
0.2045 9.21303e-161
0.2055 1.45896e-158
0.2065 1.91964e-156
0.2075 2.15855e-154
0.2085 2.1175e-152
0.2095 1.84093e-150
0.2105 1.43613e-148
0.2115 1.01544e-146
0.2125 6.56173e-145
0.2135 3.90217e-143
0.2145 2.14828e-141
0.2155 1.1005e-139
0.2165 5.26907e-138
0.2175 2.3671e-136
0.2185 1.00124e-134
0.2195 3.99978e-133
0.2205 1.51325e-131
0.2215 5.43559e-130
0.2225 1.8579e-128
0.2235 6.05522e-127
0.2245 1.88533e-125
0.2255 5.61753e-124
0.2265 1.60433e-122
0.2275 4.39812e-121
0.2285 1.15894e-119
0.2295 2.93915e-118
0.2305 7.18225e-117
0.2315 1.693e-115
0.2325 3.8535e-114
0.2335 8.47766e-113
0.2345 1.80431e-111
0.2355 3.71821e-110
0.2365 7.42489e-109
0.2375 1.43784e-107
0.2385 2.70213e-106
0.2395 4.93145e-105
0.2405 8.74566e-104
0.2415 1.50809e-102
0.2425 2.53006e-101
0.2435 4.13184e-100
0.2445 6.57196e-99
0.2455 1.0186e-97
0.2465 1.53913e-96
0.2475 2.26835e-95
0.2485 3.26212e-94
0.2495 4.5796e-93
0.2505 6.27863e-92
0.2515 8.4097e-91
0.2525 1.10087e-89
0.2535 1.40891e-88
0.2545 1.76348e-87
0.2555 2.15944e-86
0.2565 2.58781e-85
0.2575 3.03581e-84
0.2585 3.48735e-83
0.2595 3.92388e-82
0.2605 4.32568e-81
0.2615 4.67331e-80
0.2625 4.94921e-79
0.2635 5.13918e-78
0.2645 5.2336e-77
0.2655 5.22823e-76
0.2665 5.1245e-75
0.2675 4.92928e-74
0.2685 4.65413e-73
0.2695 4.31423e-72
0.2705 3.92701e-71
0.2715 3.5107e-70
0.2725 3.08303e-69
0.2735 2.66005e-68
0.2745 2.25529e-67
0.2755 1.87926e-66
0.2765 1.53927e-65
0.2775 1.2395e-64
0.2785 9.81411e-64
0.2795 7.64171e-63
0.2805 5.85228e-62
0.2815 4.40874e-61
0.2825 3.26749e-60
0.2835 2.38277e-59
0.2845 1.7099e-58
0.2855 1.20762e-57
0.2865 8.39487e-57
0.2875 5.74474e-56
0.2885 3.87032e-55
0.2895 2.56738e-54
0.2905 1.67704e-53
0.2915 1.07883e-52
0.2925 6.83529e-52
0.2935 4.26579e-51
0.2945 2.62252e-50
0.2955 1.58838e-49
0.2965 9.47859e-49
0.2975 5.57342e-48
0.2985 3.22941e-47
0.2995 1.8441e-46
0.3005 1.03785e-45
0.3015 5.75715e-45
0.3025 3.148e-44
0.3035 1.69686e-43
0.3045 9.01711e-43
0.3055 4.72421e-42
0.3065 2.44038e-41
0.3075 1.24302e-40
0.3085 6.24337e-40
0.3095 3.09243e-39
0.3105 1.51059e-38
0.3115 7.27746e-38
0.3125 3.45798e-37
0.3135 1.62067e-36
0.3145 7.49232e-36
0.3155 3.4167e-35
0.3165 1.53704e-34
0.3175 6.82127e-34
0.3185 2.98653e-33
0.3195 1.29005e-32
0.3205 5.49788e-32
0.3215 2.3118e-31
0.3225 9.59148e-31
0.3235 3.92656e-30
0.3245 1.58614e-29
0.3255 6.32247e-29
0.3265 2.48689e-28
0.3275 9.65298e-28
0.3285 3.69751e-27
0.3295 1.39769e-26
0.3305 5.21396e-26
0.3315 1.91952e-25
0.3325 6.97408e-25
0.3335 2.50068e-24
0.3345 8.8493e-24
0.3355 3.09061e-23
0.3365 1.06528e-22
0.3375 3.62388e-22
0.3385 1.21666e-21
0.3395 4.03142e-21
0.3405 1.31836e-20
0.3415 4.25495e-20
0.3425 1.35532e-19
0.3435 4.26057e-19
0.3445 1.32182e-18
0.3455 4.04715e-18
0.3465 1.2229e-17
0.3475 3.64664e-17
0.3485 1.07311e-16
0.3495 3.11631e-16
0.3505 8.93035e-16
0.3515 2.52533e-15
0.3525 7.04656e-15
0.3535 1.94014e-14
0.3545 5.27073e-14
0.3555 1.41279e-13
0.3565 3.73622e-13
0.3575 9.74812e-13
0.3585 2.50913e-12
0.3595 6.37117e-12
0.3605 1.59583e-11
0.3615 3.94278e-11
0.3625 9.60819e-11
0.3635 2.30929e-10
0.3645 5.47374e-10
0.3655 1.27947e-09
0.3665 2.94906e-09
0.3675 6.70214e-09
0.3685 1.5017e-08
0.3695 3.31706e-08
0.3705 7.22251e-08
0.3715 1.55004e-07
0.3725 3.27851e-07
0.3735 6.83342e-07
0.3745 1.4034e-06
0.3755 2.83956e-06
0.3765 5.65972e-06
0.3775 1.1111e-05
0.3785 2.14813e-05
0.3795 4.08934e-05
0.3805 7.6641e-05
0.3815 0.000141387
0.3825 0.000256697
0.3835 0.000458572
0.3845 0.000805903
0.3855 0.001393
0.3865 0.0023676
0.3875 0.00395594
0.3885 0.00649615
0.3895 0.010481
0.3905 0.0166096
0.3915 0.0258453
0.3925 0.0394744
0.3935 0.0591556
0.3945 0.0869448
0.3955 0.125276
0.3965 0.176872
0.3975 0.244565
0.3985 0.331002
0.3995 0.438233
0.4005 0.561767
0.4015 0.668998
0.4025 0.755435
0.4035 0.823128
0.4045 0.874724
0.4055 0.913055
0.4065 0.940844
0.4075 0.960526
0.4085 0.974155
0.4095 0.98339
0.4105 0.989519
0.4115 0.993504
0.4125 0.996044
0.4135 0.997632
0.4145 0.998607
0.4155 0.999194
0.4165 0.999541
0.4175 0.999743
0.4185 0.999859
0.4195 0.999923
0.4205 0.999959
0.4215 0.999979
0.4225 0.999989
0.4235 0.999994
0.4245 0.999997
0.4255 0.999999
0.4265 0.999999
0.4275 1
0.4285 1
0.4295 1
0.4305 1
0.4315 1
0.4325 1
0.4335 1
0.4345 1
0.4355 1
0.4365 1
0.4375 1
0.4385 1
0.4395 1
0.4405 1
0.4415 1
0.4425 1
0.4435 1
0.4445 1
0.4455 1
0.4465 1
0.4475 1
0.4485 1
0.4495 1
0.4505 1
0.4515 1
0.4525 1
0.4535 1
0.4545 1
0.4555 1
0.4565 1
0.4575 1
0.4585 1
0.4595 1
0.4605 1
0.4615 1
0.4625 1
0.4635 1
0.4645 1
0.4655 1
0.4665 1
0.4675 1
0.4685 1
0.4695 1
0.4705 1
0.4715 1
0.4725 1
0.4735 1
0.4745 1
0.4755 1
0.4765 1
0.4775 1
0.4785 1
0.4795 1
0.4805 1
0.4815 1
0.4825 1
0.4835 1
0.4845 1
0.4855 1
0.4865 1
0.4875 1
0.4885 1
0.4895 1
0.4905 1
0.4915 1
0.4925 1
0.4935 1
0.4945 1
0.4955 1
0.4965 1
0.4975 1
0.4985 1
0.4995 1
0.5005 1
0.5015 1
0.5025 1
0.5035 1
0.5045 1
0.5055 1
0.5065 1
0.5075 1
0.5085 1
0.5095 1
0.5105 1
0.5115 1
0.5125 1
0.5135 1
0.5145 1
0.5155 1
0.5165 1
0.5175 1
0.5185 1
0.5195 1
0.5205 1
0.5215 1
0.5225 1
0.5235 1
0.5245 1
0.5255 1
0.5265 1
0.5275 1
0.5285 1
0.5295 1
0.5305 1
0.5315 1
0.5325 1
0.5335 1
0.5345 1
0.5355 1
0.5365 1
0.5375 1
0.5385 1
0.5395 1
0.5405 1
0.5415 1
0.5425 1
0.5435 1
0.5445 1
0.5455 1
0.5465 1
0.5475 1
0.5485 1
0.5495 1
0.5505 1
0.5515 1
0.5525 1
0.5535 1
0.5545 1
0.5555 1
0.5565 1
0.5575 1
0.5585 1
0.5595 1
0.5605 1
0.5615 1
0.5625 1
0.5635 1
0.5645 1
0.5655 1
0.5665 1
0.5675 1
0.5685 1
0.5695 1
0.5705 1
0.5715 1
0.5725 1
0.5735 0.999999
0.5745 0.999999
0.5755 0.999997
0.5765 0.999994
0.5775 0.999989
0.5785 0.999979
0.5795 0.999959
0.5805 0.999923
0.5815 0.999859
0.5825 0.999743
0.5835 0.999541
0.5845 0.999194
0.5855 0.998607
0.5865 0.997632
0.5875 0.996044
0.5885 0.993504
0.5895 0.989519
0.5905 0.98339
0.5915 0.974155
0.5925 0.960526
0.5935 0.940844
0.5945 0.913055
0.5955 0.874724
0.5965 0.823128
0.5975 0.755435
0.5985 0.668998
0.5995 0.561767
0.6005 0.438233
0.6015 0.331002
0.6025 0.244565
0.6035 0.176872
0.6045 0.125276
0.6055 0.0869448
0.6065 0.0591556
0.6075 0.0394744
0.6085 0.0258453
0.6095 0.0166096
0.6105 0.010481
0.6115 0.00649615
0.6125 0.00395594
0.6135 0.0023676
0.6145 0.001393
0.6155 0.000805903
0.6165 0.000458572
0.6175 0.000256697
0.6185 0.000141387
0.6195 7.6641e-05
0.6205 4.08934e-05
0.6215 2.14813e-05
0.6225 1.1111e-05
0.6235 5.65972e-06
0.6245 2.83956e-06
0.6255 1.4034e-06
0.6265 6.83342e-07
0.6275 3.27851e-07
0.6285 1.55004e-07
0.6295 7.22251e-08
0.6305 3.31706e-08
0.6315 1.5017e-08
0.6325 6.70214e-09
0.6335 2.94906e-09
0.6345 1.27947e-09
0.6355 5.47374e-10
0.6365 2.30929e-10
0.6375 9.60819e-11
0.6385 3.94278e-11
0.6395 1.59583e-11
0.6405 6.37117e-12
0.6415 2.50913e-12
0.6425 9.74812e-13
0.6435 3.73622e-13
0.6445 1.41279e-13
0.6455 5.27073e-14
0.6465 1.94014e-14
0.6475 7.04656e-15
0.6485 2.52533e-15
0.6495 8.93035e-16
0.6505 3.11631e-16
0.6515 1.07311e-16
0.6525 3.64664e-17
0.6535 1.2229e-17
0.6545 4.04715e-18
0.6555 1.32182e-18
0.6565 4.26057e-19
0.6575 1.35532e-19
0.6585 4.25495e-20
0.6595 1.31836e-20
0.6605 4.03142e-21
0.6615 1.21666e-21
0.6625 3.62388e-22
0.6635 1.06528e-22
0.6645 3.09061e-23
0.6655 8.8493e-24
0.6665 2.50068e-24
0.6675 6.97408e-25
0.6685 1.91952e-25
0.6695 5.21396e-26
0.6705 1.39769e-26
0.6715 3.69751e-27
0.6725 9.65298e-28
0.6735 2.48689e-28
0.6745 6.32247e-29
0.6755 1.58614e-29
0.6765 3.92656e-30
0.6775 9.59148e-31
0.6785 2.3118e-31
0.6795 5.49788e-32
0.6805 1.29005e-32
0.6815 2.98653e-33
0.6825 6.82127e-34
0.6835 1.53704e-34
0.6845 3.4167e-35
0.6855 7.49232e-36
0.6865 1.62067e-36
0.6875 3.45798e-37
0.6885 7.27746e-38
0.6895 1.51059e-38
0.6905 3.09243e-39
0.6915 6.24337e-40
0.6925 1.24302e-40
0.6935 2.44038e-41
0.6945 4.72421e-42
0.6955 9.01711e-43
0.6965 1.69686e-43
0.6975 3.148e-44
0.6985 5.75715e-45
0.6995 1.03785e-45
0.7005 1.8441e-46
0.7015 3.22941e-47
0.7025 5.57342e-48
0.7035 9.47859e-49
0.7045 1.58838e-49
0.7055 2.62252e-50
0.7065 4.26579e-51
0.7075 6.83529e-52
0.7085 1.07883e-52
0.7095 1.67704e-53
0.7105 2.56738e-54
0.7115 3.87032e-55
0.7125 5.74474e-56
0.7135 8.39487e-57
0.7145 1.20762e-57
0.7155 1.7099e-58
0.7165 2.38277e-59
0.7175 3.26749e-60
0.7185 4.40874e-61
0.7195 5.85228e-62
0.7205 7.64171e-63
0.7215 9.81411e-64
0.7225 1.2395e-64
0.7235 1.53927e-65
0.7245 1.87926e-66
0.7255 2.25529e-67
0.7265 2.66005e-68
0.7275 3.08303e-69
0.7285 3.5107e-70
0.7295 3.92701e-71
0.7305 4.31423e-72
0.7315 4.65413e-73
0.7325 4.92928e-74
0.7335 5.1245e-75
0.7345 5.22823e-76
0.7355 5.2336e-77
0.7365 5.13918e-78
0.7375 4.94921e-79
0.7385 4.67331e-80
0.7395 4.32568e-81
0.7405 3.92388e-82
0.7415 3.48735e-83
0.7425 3.03581e-84
0.7435 2.58781e-85
0.7445 2.15944e-86
0.7455 1.76348e-87
0.7465 1.40891e-88
0.7475 1.10087e-89
0.7485 8.4097e-91
0.7495 6.27863e-92
0.7505 4.5796e-93
0.7515 3.26212e-94
0.7525 2.26835e-95
0.7535 1.53913e-96
0.7545 1.0186e-97
0.7555 6.57196e-99
0.7565 4.13184e-100
0.7575 2.53006e-101
0.7585 1.50809e-102
0.7595 8.74566e-104
0.7605 4.93145e-105
0.7615 2.70213e-106
0.7625 1.43784e-107
0.7635 7.42489e-109
0.7645 3.71821e-110
0.7655 1.80431e-111
0.7665 8.47766e-113
0.7675 3.8535e-114
0.7685 1.693e-115
0.7695 7.18225e-117
0.7705 2.93915e-118
0.7715 1.15894e-119
0.7725 4.39812e-121
0.7735 1.60433e-122
0.7745 5.61753e-124
0.7755 1.88533e-125
0.7765 6.05522e-127
0.7775 1.8579e-128
0.7785 5.43559e-130
0.7795 1.51325e-131
0.7805 3.99978e-133
0.7815 1.00124e-134
0.7825 2.3671e-136
0.7835 5.26907e-138
0.7845 1.1005e-139
0.7855 2.14828e-141
0.7865 3.90217e-143
0.7875 6.56173e-145
0.7885 1.01544e-146
0.7895 1.43613e-148
0.7905 1.84093e-150
0.7915 2.1175e-152
0.7925 2.15855e-154
0.7935 1.91964e-156
0.7945 1.45896e-158
0.7955 9.21303e-161
0.7965 4.64062e-163
0.7975 1.74798e-165
0.7985 4.37662e-168
0.7995 5.46318e-171
0.8005 0
0.8015 0
0.8025 0
0.8035 0
0.8045 0
0.8055 0
0.8065 0
0.8075 0
0.8085 0
0.8095 0
0.8105 0
0.8115 0
0.8125 0
0.8135 0
0.8145 0
0.8155 0
0.8165 0
0.8175 0
0.8185 0
0.8195 0
0.8205 0
0.8215 0
0.8225 0
0.8235 0
0.8245 0
0.8255 0
0.8265 0
0.8275 0
0.8285 0
0.8295 0
0.8305 0
0.8315 0
0.8325 0
0.8335 0
0.8345 0
0.8355 0
0.8365 0
0.8375 0
0.8385 0
0.8395 0
0.8405 0
0.8415 0
0.8425 0
0.8435 0
0.8445 0
0.8455 0
0.8465 0
0.8475 0
0.8485 0
0.8495 0
0.8505 0
0.8515 0
0.8525 0
0.8535 0
0.8545 0
0.8555 0
0.8565 0
0.8575 0
0.8585 0
0.8595 0
0.8605 0
0.8615 0
0.8625 0
0.8635 0
0.8645 0
0.8655 0
0.8665 0
0.8675 0
0.8685 0
0.8695 0
0.8705 0
0.8715 0
0.8725 0
0.8735 0
0.8745 0
0.8755 0
0.8765 0
0.8775 0
0.8785 0
0.8795 0
0.8805 0
0.8815 0
0.8825 0
0.8835 0
0.8845 0
0.8855 0
0.8865 0
0.8875 0
0.8885 0
0.8895 0
0.8905 0
0.8915 0
0.8925 0
0.8935 0
0.8945 0
0.8955 0
0.8965 0
0.8975 0
0.8985 0
0.8995 0
0.9005 0
0.9015 0
0.9025 0
0.9035 0
0.9045 0
0.9055 0
0.9065 0
0.9075 0
0.9085 0
0.9095 0
0.9105 0
0.9115 0
0.9125 0
0.9135 0
0.9145 0
0.9155 0
0.9165 0
0.9175 0
0.9185 0
0.9195 0
0.9205 0
0.9215 0
0.9225 0
0.9235 0
0.9245 0
0.9255 0
0.9265 0
0.9275 0
0.9285 0
0.9295 0
0.9305 0
0.9315 0
0.9325 0
0.9335 0
0.9345 0
0.9355 0
0.9365 0
0.9375 0
0.9385 0
0.9395 0
0.9405 0
0.9415 0
0.9425 0
0.9435 0
0.9445 0
0.9455 0
0.9465 0
0.9475 0
0.9485 0
0.9495 0
0.9505 0
0.9515 0
0.9525 0
0.9535 0
0.9545 0
0.9555 0
0.9565 0
0.9575 0
0.9585 0
0.9595 0
0.9605 0
0.9615 0
0.9625 0
0.9635 0
0.9645 0
0.9655 0
0.9665 0
0.9675 0
0.9685 0
0.9695 0
0.9705 0
0.9715 0
0.9725 0
0.9735 0
0.9745 0
0.9755 0
0.9765 0
0.9775 0
0.9785 0
0.9795 0
0.9805 0
0.9815 0
0.9825 0
0.9835 0
0.9845 0
0.9855 0
0.9865 0
0.9875 0
0.9885 0
0.9895 0
0.9905 0
0.9915 0
0.9925 0
0.9935 0
0.9945 0
0.9955 0
0.9965 0
0.9975 0
0.9985 0
0.9995 0
