
# time= 0
0.0005 0
0.0015 0
0.0025 0
0.0035 0
0.0045 0
0.0055 0
0.0065 0
0.0075 0
0.0085 0
0.0095 0
0.0105 0
0.0115 0
0.0125 0
0.0135 0
0.0145 0
0.0155 0
0.0165 0
0.0175 0
0.0185 0
0.0195 0
0.0205 0
0.0215 0
0.0225 0
0.0235 0
0.0245 0
0.0255 0
0.0265 0
0.0275 0
0.0285 0
0.0295 0
0.0305 0
0.0315 0
0.0325 0
0.0335 0
0.0345 0
0.0355 0
0.0365 0
0.0375 0
0.0385 0
0.0395 0
0.0405 0
0.0415 0
0.0425 0
0.0435 0
0.0445 0
0.0455 0
0.0465 0
0.0475 0
0.0485 0
0.0495 0
0.0505 0
0.0515 0
0.0525 0
0.0535 0
0.0545 0
0.0555 0
0.0565 0
0.0575 0
0.0585 0
0.0595 0
0.0605 0
0.0615 0
0.0625 0
0.0635 0
0.0645 0
0.0655 0
0.0665 0
0.0675 0
0.0685 0
0.0695 0
0.0705 0
0.0715 0
0.0725 0
0.0735 0
0.0745 0
0.0755 0
0.0765 0
0.0775 0
0.0785 0
0.0795 0
0.0805 0
0.0815 0
0.0825 0
0.0835 0
0.0845 0
0.0855 0
0.0865 0
0.0875 0
0.0885 0
0.0895 0
0.0905 0
0.0915 0
0.0925 0
0.0935 0
0.0945 0
0.0955 0
0.0965 0
0.0975 0
0.0985 0
0.0995 0
0.1005 0
0.1015 0
0.1025 0
0.1035 0
0.1045 0
0.1055 0
0.1065 0
0.1075 0
0.1085 0
0.1095 0
0.1105 0
0.1115 0
0.1125 0
0.1135 0
0.1145 0
0.1155 0
0.1165 0
0.1175 0
0.1185 0
0.1195 0
0.1205 0
0.1215 0
0.1225 0
0.1235 0
0.1245 0
0.1255 0
0.1265 0
0.1275 0
0.1285 0
0.1295 0
0.1305 0
0.1315 0
0.1325 0
0.1335 0
0.1345 0
0.1355 0
0.1365 0
0.1375 0
0.1385 0
0.1395 0
0.1405 0
0.1415 0
0.1425 0
0.1435 0
0.1445 0
0.1455 0
0.1465 0
0.1475 0
0.1485 0
0.1495 0
0.1505 0
0.1515 0
0.1525 0
0.1535 0
0.1545 0
0.1555 0
0.1565 0
0.1575 0
0.1585 0
0.1595 0
0.1605 0
0.1615 0
0.1625 0
0.1635 0
0.1645 0
0.1655 0
0.1665 0
0.1675 0
0.1685 0
0.1695 0
0.1705 0
0.1715 0
0.1725 0
0.1735 0
0.1745 0
0.1755 0
0.1765 0
0.1775 0
0.1785 0
0.1795 0
0.1805 0
0.1815 0
0.1825 0
0.1835 0
0.1845 0
0.1855 0
0.1865 0
0.1875 0
0.1885 0
0.1895 0
0.1905 0
0.1915 0
0.1925 0
0.1935 0
0.1945 0
0.1955 0
0.1965 0
0.1975 0
0.1985 0
0.1995 0
0.2005 0
0.2015 0
0.2025 0
0.2035 0
0.2045 0
0.2055 0
0.2065 0
0.2075 0
0.2085 0
0.2095 0
0.2105 0
0.2115 0
0.2125 0
0.2135 0
0.2145 0
0.2155 0
0.2165 0
0.2175 0
0.2185 0
0.2195 0
0.2205 0
0.2215 0
0.2225 0
0.2235 0
0.2245 0
0.2255 0
0.2265 0
0.2275 0
0.2285 0
0.2295 0
0.2305 0
0.2315 0
0.2325 0
0.2335 0
0.2345 0
0.2355 0
0.2365 0
0.2375 0
0.2385 0
0.2395 0
0.2405 0
0.2415 0
0.2425 0
0.2435 0
0.2445 0
0.2455 0
0.2465 0
0.2475 0
0.2485 0
0.2495 0
0.2505 0
0.2515 0
0.2525 0
0.2535 0
0.2545 0
0.2555 0
0.2565 0
0.2575 0
0.2585 0
0.2595 0
0.2605 0
0.2615 0
0.2625 0
0.2635 0
0.2645 0
0.2655 0
0.2665 0
0.2675 0
0.2685 0
0.2695 0
0.2705 0
0.2715 0
0.2725 0
0.2735 0
0.2745 0
0.2755 0
0.2765 0
0.2775 0
0.2785 0
0.2795 0
0.2805 0
0.2815 0
0.2825 0
0.2835 0
0.2845 0
0.2855 0
0.2865 0
0.2875 0
0.2885 0
0.2895 0
0.2905 0
0.2915 0
0.2925 0
0.2935 0
0.2945 0
0.2955 0
0.2965 0
0.2975 0
0.2985 0
0.2995 0
0.3005 0
0.3015 0
0.3025 0
0.3035 0
0.3045 0
0.3055 0
0.3065 0
0.3075 0
0.3085 0
0.3095 0
0.3105 0
0.3115 0
0.3125 0
0.3135 0
0.3145 0
0.3155 0
0.3165 0
0.3175 0
0.3185 0
0.3195 0
0.3205 0
0.3215 0
0.3225 0
0.3235 0
0.3245 0
0.3255 0
0.3265 0
0.3275 0
0.3285 0
0.3295 0
0.3305 0
0.3315 0
0.3325 0
0.3335 0
0.3345 0
0.3355 0
0.3365 0
0.3375 0
0.3385 0
0.3395 0
0.3405 0
0.3415 0
0.3425 0
0.3435 0
0.3445 0
0.3455 0
0.3465 0
0.3475 0
0.3485 0
0.3495 0
0.3505 0
0.3515 0
0.3525 0
0.3535 0
0.3545 0
0.3555 0
0.3565 0
0.3575 0
0.3585 0
0.3595 0
0.3605 0
0.3615 0
0.3625 0
0.3635 0
0.3645 0
0.3655 0
0.3665 0
0.3675 0
0.3685 0
0.3695 0
0.3705 0
0.3715 0
0.3725 0
0.3735 0
0.3745 0
0.3755 0
0.3765 0
0.3775 0
0.3785 0
0.3795 0
0.3805 0
0.3815 0
0.3825 0
0.3835 0
0.3845 0
0.3855 0
0.3865 0
0.3875 0
0.3885 0
0.3895 0
0.3905 0
0.3915 0
0.3925 0
0.3935 0
0.3945 0
0.3955 0
0.3965 0
0.3975 0
0.3985 0
0.3995 0
0.4005 1
0.4015 1
0.4025 1
0.4035 1
0.4045 1
0.4055 1
0.4065 1
0.4075 1
0.4085 1
0.4095 1
0.4105 1
0.4115 1
0.4125 1
0.4135 1
0.4145 1
0.4155 1
0.4165 1
0.4175 1
0.4185 1
0.4195 1
0.4205 1
0.4215 1
0.4225 1
0.4235 1
0.4245 1
0.4255 1
0.4265 1
0.4275 1
0.4285 1
0.4295 1
0.4305 1
0.4315 1
0.4325 1
0.4335 1
0.4345 1
0.4355 1
0.4365 1
0.4375 1
0.4385 1
0.4395 1
0.4405 1
0.4415 1
0.4425 1
0.4435 1
0.4445 1
0.4455 1
0.4465 1
0.4475 1
0.4485 1
0.4495 1
0.4505 1
0.4515 1
0.4525 1
0.4535 1
0.4545 1
0.4555 1
0.4565 1
0.4575 1
0.4585 1
0.4595 1
0.4605 1
0.4615 1
0.4625 1
0.4635 1
0.4645 1
0.4655 1
0.4665 1
0.4675 1
0.4685 1
0.4695 1
0.4705 1
0.4715 1
0.4725 1
0.4735 1
0.4745 1
0.4755 1
0.4765 1
0.4775 1
0.4785 1
0.4795 1
0.4805 1
0.4815 1
0.4825 1
0.4835 1
0.4845 1
0.4855 1
0.4865 1
0.4875 1
0.4885 1
0.4895 1
0.4905 1
0.4915 1
0.4925 1
0.4935 1
0.4945 1
0.4955 1
0.4965 1
0.4975 1
0.4985 1
0.4995 1
0.5005 1
0.5015 1
0.5025 1
0.5035 1
0.5045 1
0.5055 1
0.5065 1
0.5075 1
0.5085 1
0.5095 1
0.5105 1
0.5115 1
0.5125 1
0.5135 1
0.5145 1
0.5155 1
0.5165 1
0.5175 1
0.5185 1
0.5195 1
0.5205 1
0.5215 1
0.5225 1
0.5235 1
0.5245 1
0.5255 1
0.5265 1
0.5275 1
0.5285 1
0.5295 1
0.5305 1
0.5315 1
0.5325 1
0.5335 1
0.5345 1
0.5355 1
0.5365 1
0.5375 1
0.5385 1
0.5395 1
0.5405 1
0.5415 1
0.5425 1
0.5435 1
0.5445 1
0.5455 1
0.5465 1
0.5475 1
0.5485 1
0.5495 1
0.5505 1
0.5515 1
0.5525 1
0.5535 1
0.5545 1
0.5555 1
0.5565 1
0.5575 1
0.5585 1
0.5595 1
0.5605 1
0.5615 1
0.5625 1
0.5635 1
0.5645 1
0.5655 1
0.5665 1
0.5675 1
0.5685 1
0.5695 1
0.5705 1
0.5715 1
0.5725 1
0.5735 1
0.5745 1
0.5755 1
0.5765 1
0.5775 1
0.5785 1
0.5795 1
0.5805 1
0.5815 1
0.5825 1
0.5835 1
0.5845 1
0.5855 1
0.5865 1
0.5875 1
0.5885 1
0.5895 1
0.5905 1
0.5915 1
0.5925 1
0.5935 1
0.5945 1
0.5955 1
0.5965 1
0.5975 1
0.5985 1
0.5995 1
0.6005 0
0.6015 0
0.6025 0
0.6035 0
0.6045 0
0.6055 0
0.6065 0
0.6075 0
0.6085 0
0.6095 0
0.6105 0
0.6115 0
0.6125 0
0.6135 0
0.6145 0
0.6155 0
0.6165 0
0.6175 0
0.6185 0
0.6195 0
0.6205 0
0.6215 0
0.6225 0
0.6235 0
0.6245 0
0.6255 0
0.6265 0
0.6275 0
0.6285 0
0.6295 0
0.6305 0
0.6315 0
0.6325 0
0.6335 0
0.6345 0
0.6355 0
0.6365 0
0.6375 0
0.6385 0
0.6395 0
0.6405 0
0.6415 0
0.6425 0
0.6435 0
0.6445 0
0.6455 0
0.6465 0
0.6475 0
0.6485 0
0.6495 0
0.6505 0
0.6515 0
0.6525 0
0.6535 0
0.6545 0
0.6555 0
0.6565 0
0.6575 0
0.6585 0
0.6595 0
0.6605 0
0.6615 0
0.6625 0
0.6635 0
0.6645 0
0.6655 0
0.6665 0
0.6675 0
0.6685 0
0.6695 0
0.6705 0
0.6715 0
0.6725 0
0.6735 0
0.6745 0
0.6755 0
0.6765 0
0.6775 0
0.6785 0
0.6795 0
0.6805 0
0.6815 0
0.6825 0
0.6835 0
0.6845 0
0.6855 0
0.6865 0
0.6875 0
0.6885 0
0.6895 0
0.6905 0
0.6915 0
0.6925 0
0.6935 0
0.6945 0
0.6955 0
0.6965 0
0.6975 0
0.6985 0
0.6995 0
0.7005 0
0.7015 0
0.7025 0
0.7035 0
0.7045 0
0.7055 0
0.7065 0
0.7075 0
0.7085 0
0.7095 0
0.7105 0
0.7115 0
0.7125 0
0.7135 0
0.7145 0
0.7155 0
0.7165 0
0.7175 0
0.7185 0
0.7195 0
0.7205 0
0.7215 0
0.7225 0
0.7235 0
0.7245 0
0.7255 0
0.7265 0
0.7275 0
0.7285 0
0.7295 0
0.7305 0
0.7315 0
0.7325 0
0.7335 0
0.7345 0
0.7355 0
0.7365 0
0.7375 0
0.7385 0
0.7395 0
0.7405 0
0.7415 0
0.7425 0
0.7435 0
0.7445 0
0.7455 0
0.7465 0
0.7475 0
0.7485 0
0.7495 0
0.7505 0
0.7515 0
0.7525 0
0.7535 0
0.7545 0
0.7555 0
0.7565 0
0.7575 0
0.7585 0
0.7595 0
0.7605 0
0.7615 0
0.7625 0
0.7635 0
0.7645 0
0.7655 0
0.7665 0
0.7675 0
0.7685 0
0.7695 0
0.7705 0
0.7715 0
0.7725 0
0.7735 0
0.7745 0
0.7755 0
0.7765 0
0.7775 0
0.7785 0
0.7795 0
0.7805 0
0.7815 0
0.7825 0
0.7835 0
0.7845 0
0.7855 0
0.7865 0
0.7875 0
0.7885 0
0.7895 0
0.7905 0
0.7915 0
0.7925 0
0.7935 0
0.7945 0
0.7955 0
0.7965 0
0.7975 0
0.7985 0
0.7995 0
0.8005 0
0.8015 0
0.8025 0
0.8035 0
0.8045 0
0.8055 0
0.8065 0
0.8075 0
0.8085 0
0.8095 0
0.8105 0
0.8115 0
0.8125 0
0.8135 0
0.8145 0
0.8155 0
0.8165 0
0.8175 0
0.8185 0
0.8195 0
0.8205 0
0.8215 0
0.8225 0
0.8235 0
0.8245 0
0.8255 0
0.8265 0
0.8275 0
0.8285 0
0.8295 0
0.8305 0
0.8315 0
0.8325 0
0.8335 0
0.8345 0
0.8355 0
0.8365 0
0.8375 0
0.8385 0
0.8395 0
0.8405 0
0.8415 0
0.8425 0
0.8435 0
0.8445 0
0.8455 0
0.8465 0
0.8475 0
0.8485 0
0.8495 0
0.8505 0
0.8515 0
0.8525 0
0.8535 0
0.8545 0
0.8555 0
0.8565 0
0.8575 0
0.8585 0
0.8595 0
0.8605 0
0.8615 0
0.8625 0
0.8635 0
0.8645 0
0.8655 0
0.8665 0
0.8675 0
0.8685 0
0.8695 0
0.8705 0
0.8715 0
0.8725 0
0.8735 0
0.8745 0
0.8755 0
0.8765 0
0.8775 0
0.8785 0
0.8795 0
0.8805 0
0.8815 0
0.8825 0
0.8835 0
0.8845 0
0.8855 0
0.8865 0
0.8875 0
0.8885 0
0.8895 0
0.8905 0
0.8915 0
0.8925 0
0.8935 0
0.8945 0
0.8955 0
0.8965 0
0.8975 0
0.8985 0
0.8995 0
0.9005 0
0.9015 0
0.9025 0
0.9035 0
0.9045 0
0.9055 0
0.9065 0
0.9075 0
0.9085 0
0.9095 0
0.9105 0
0.9115 0
0.9125 0
0.9135 0
0.9145 0
0.9155 0
0.9165 0
0.9175 0
0.9185 0
0.9195 0
0.9205 0
0.9215 0
0.9225 0
0.9235 0
0.9245 0
0.9255 0
0.9265 0
0.9275 0
0.9285 0
0.9295 0
0.9305 0
0.9315 0
0.9325 0
0.9335 0
0.9345 0
0.9355 0
0.9365 0
0.9375 0
0.9385 0
0.9395 0
0.9405 0
0.9415 0
0.9425 0
0.9435 0
0.9445 0
0.9455 0
0.9465 0
0.9475 0
0.9485 0
0.9495 0
0.9505 0
0.9515 0
0.9525 0
0.9535 0
0.9545 0
0.9555 0
0.9565 0
0.9575 0
0.9585 0
0.9595 0
0.9605 0
0.9615 0
0.9625 0
0.9635 0
0.9645 0
0.9655 0
0.9665 0
0.9675 0
0.9685 0
0.9695 0
0.9705 0
0.9715 0
0.9725 0
0.9735 0
0.9745 0
0.9755 0
0.9765 0
0.9775 0
0.9785 0
0.9795 0
0.9805 0
0.9815 0
0.9825 0
0.9835 0
0.9845 0
0.9855 0
0.9865 0
0.9875 0
0.9885 0
0.9895 0
0.9905 0
0.9915 0
0.9925 0
0.9935 0
0.9945 0
0.9955 0
0.9965 0
0.9975 0
0.9985 0
0.9995 0

# time= 0.25
0.0005 0
0.0015 0
0.0025 0
0.0035 0
0.0045 0
0.0055 0
0.0065 0
0.0075 0
0.0085 0
0.0095 0
0.0105 0
0.0115 0
0.0125 0
0.0135 0
0.0145 0
0.0155 0
0.0165 0
0.0175 0
0.0185 0
0.0195 0
0.0205 0
0.0215 0
0.0225 0
0.0235 0
0.0245 0
0.0255 0
0.0265 0
0.0275 0
0.0285 0
0.0295 0
0.0305 0
0.0315 0
0.0325 0
0.0335 0
0.0345 0
0.0355 0
0.0365 0
0.0375 0
0.0385 0
0.0395 0
0.0405 0
0.0415 0
0.0425 0
0.0435 0
0.0445 0
0.0455 0
0.0465 0
0.0475 0
0.0485 0
0.0495 0
0.0505 0
0.0515 0
0.0525 0
0.0535 0
0.0545 0
0.0555 0
0.0565 0
0.0575 0
0.0585 0
0.0595 0
0.0605 0
0.0615 0
0.0625 0
0.0635 0
0.0645 0
0.0655 0
0.0665 0
0.0675 0
0.0685 0
0.0695 0
0.0705 0
0.0715 0
0.0725 0
0.0735 0
0.0745 0
0.0755 0
0.0765 0
0.0775 0
0.0785 0
0.0795 0
0.0805 0
0.0815 0
0.0825 0
0.0835 0
0.0845 0
0.0855 0
0.0865 0
0.0875 0
0.0885 0
0.0895 0
0.0905 0
0.0915 0
0.0925 0
0.0935 0
0.0945 0
0.0955 0
0.0965 0
0.0975 0
0.0985 0
0.0995 0
0.1005 0
0.1015 0
0.1025 0
0.1035 0
0.1045 0
0.1055 0
0.1065 0
0.1075 0
0.1085 0
0.1095 0
0.1105 0
0.1115 0
0.1125 0
0.1135 0
0.1145 0
0.1155 0
0.1165 0
0.1175 0
0.1185 0
0.1195 0
0.1205 0
0.1215 0
0.1225 0
0.1235 0
0.1245 0
0.1255 0
0.1265 9.05568e-32
0.1275 2.11722e-29
0.1285 2.41153e-27
0.1295 1.78277e-25
0.1305 9.61551e-24
0.1315 4.03256e-22
0.1325 1.36855e-20
0.1335 3.86216e-19
0.1345 9.24291e-18
0.1355 1.90356e-16
0.1365 3.41188e-15
0.1375 5.36928e-14
0.1385 7.47058e-13
0.1395 9.24064e-12
0.1405 1.02059e-10
0.1415 1.00989e-09
0.1425 8.97622e-09
0.1435 7.17968e-08
0.1445 5.17396e-07
0.1455 3.36112e-06
0.1465 1.96812e-05
0.1475 0.000103804
0.1485 0.000492436
0.1495 0.00209648
0.1505 0.00798485
0.1515 0.0270961
0.1525 0.0814085
0.1535 0.215804
0.1545 0.44472
0.1555 0.5899
0.1565 0.628983
0.1575 0.595905
0.1585 0.43685
0.1595 0.326156
0.1605 0.429852
0.1615 0.565566
0.1625 0.610644
0.1635 0.595908
0.1645 0.476316
0.1655 0.372932
0.1665 0.418547
0.1675 0.518783
0.1685 0.587497
0.1695 0.58786
0.1705 0.507098
0.1715 0.418972
0.1725 0.40989
0.1735 0.486049
0.1745 0.570184
0.1755 0.569055
0.1765 0.519873
0.1775 0.45891
0.1785 0.437905
0.1795 0.474614
0.1805 0.5284
0.1815 0.550515
0.1825 0.52401
0.1835 0.477876
0.1845 0.454611
0.1855 0.473996
0.1865 0.517988
0.1875 0.548011
0.1885 0.540602
0.1895 0.494162
0.1905 0.456011
0.1915 0.454108
0.1925 0.501942
0.1935 0.547358
0.1945 0.546967
0.1955 0.501425
0.1965 0.449813
0.1975 0.445336
0.1985 0.488757
0.1995 0.537476
0.2005 0.541029
0.2015 0.512583
0.2025 0.478585
0.2035 0.474097
0.2045 0.487828
0.2055 0.50745
0.2065 0.516547
0.2075 0.510054
0.2085 0.496073
0.2095 0.487413
0.2105 0.491061
0.2115 0.508031
0.2125 0.521632
0.2135 0.520885
0.2145 0.496955
0.2155 0.474827
0.2165 0.476329
0.2175 0.504093
0.2185 0.530705
0.2195 0.52962
0.2205 0.498354
0.2215 0.465745
0.2225 0.464311
0.2235 0.489694
0.2245 0.518865
0.2255 0.522357
0.2265 0.508165
0.2275 0.49013
0.2285 0.486528
0.2295 0.492275
0.2305 0.501427
0.2315 0.507146
0.2325 0.50673
0.2335 0.501208
0.2345 0.496851
0.2355 0.497668
0.2365 0.505255
0.2375 0.511337
0.2385 0.509243
0.2395 0.496839
0.2405 0.486759
0.2415 0.488846
0.2425 0.506371
0.2435 0.52142
0.2445 0.520099
0.2455 0.498176
0.2465 0.476358
0.2475 0.475239
0.2485 0.489673
0.2495 0.506849
0.2505 0.509825
0.2515 0.504173
0.2525 0.495959
0.2535 0.492831
0.2545 0.49467
0.2555 0.500589
0.2565 0.505505
0.2575 0.506713
0.2585 0.504032
0.2595 0.501111
0.2605 0.501478
0.2615 0.502895
0.2625 0.503329
0.2635 0.501371
0.2645 0.497973
0.2655 0.49613
0.2665 0.498413
0.2675 0.506748
0.2685 0.513205
0.2695 0.511852
0.2705 0.497055
0.2715 0.482673
0.2725 0.481947
0.2735 0.490712
0.2745 0.501551
0.2755 0.504591
0.2765 0.503385
0.2775 0.499665
0.2785 0.496802
0.2795 0.496478
0.2805 0.500231
0.2815 0.504327
0.2825 0.504981
0.2835 0.504318
0.2845 0.503097
0.2855 0.502148
0.2865 0.501434
0.2875 0.500818
0.2885 0.499542
0.2895 0.49865
0.2905 0.499439
0.2915 0.501911
0.2925 0.505014
0.2935 0.506268
0.2945 0.504523
0.2955 0.494748
0.2965 0.486116
0.2975 0.486284
0.2985 0.493754
0.2995 0.502854
0.3005 0.505955
0.3015 0.506078
0.3025 0.502364
0.3035 0.498822
0.3045 0.498346
0.3055 0.499055
0.3065 0.500714
0.3075 0.502028
0.3085 0.502427
0.3095 0.502311
0.3105 0.501604
0.3115 0.500645
0.3125 0.499755
0.3135 0.49915
0.3145 0.498991
0.3155 0.499331
0.3165 0.500881
0.3175 0.502092
0.3185 0.501452
0.3195 0.499307
0.3205 0.495916
0.3215 0.493582
0.3225 0.494035
0.3235 0.500134
0.3245 0.506569
0.3255 0.507726
0.3265 0.506838
0.3275 0.502395
0.3285 0.498172
0.3295 0.496952
0.3305 0.496783
0.3315 0.498293
0.3325 0.500046
0.3335 0.500493
0.3345 0.500409
0.3355 0.499855
0.3365 0.498232
0.3375 0.496779
0.3385 0.496444
0.3395 0.49666
0.3405 0.497456
0.3415 0.499989
0.3425 0.502475
0.3435 0.502983
0.3445 0.502553
0.3455 0.501519
0.3465 0.500863
0.3475 0.501388
0.3485 0.503753
0.3495 0.504386
0.3505 0.498203
0.3515 0.477246
0.3525 0.419586
0.3535 0.28253
0.3545 0.0521766
0.3555 -0.093208
0.3565 -0.131297
0.3575 -0.0971581
0.3585 0.0623336
0.3595 0.172975
0.3605 0.0678989
0.3615 -0.0693226
0.3625 -0.114943
0.3635 -0.100473
0.3645 0.0192191
0.3655 0.123705
0.3665 0.080126
0.3675 -0.0182224
0.3685 -0.0859676
0.3695 -0.0861618
0.3705 -0.00528301
0.3715 0.0833334
0.3725 0.0930295
0.3735 0.0186509
0.3745 -0.0642837
0.3755 -0.0635558
0.3765 -0.0157447
0.3775 0.0434527
0.3785 0.0624098
0.3795 0.0235492
0.3805 -0.0314701
0.3815 -0.0536621
0.3825 -0.0264373
0.3835 0.0200803
0.3845 0.0435676
0.3855 0.0242653
0.3865 -0.0197116
0.3875 -0.0499131
0.3885 -0.0428264
0.3895 0.00038027
0.3905 0.0352768
0.3915 0.0348482
0.3925 -0.0204326
0.3935 -0.073055
0.3945 -0.0746602
0.3955 -0.0401036
0.3965 0.00269784
0.3975 0.0126469
0.3985 -0.014572
0.3995 -0.0444643
0.4005 -0.0393624
0.4015 0.0116811
0.4025 0.064142
0.4035 0.0686263
0.4045 0.0512333
0.4055 0.0256746
0.4065 0.00942445
0.4075 0.00890831
0.4085 0.0170268
0.4095 0.0211942
0.4105 0.014387
0.4115 -0.00434308
0.4125 -0.0188996
0.4135 -0.0188554
0.4145 0.00458234
0.4155 0.0266585
0.4165 0.025302
0.4175 -0.00187196
0.4185 -0.0278393
0.4195 -0.0265813
0.4205 0.00443763
0.4215 0.0356113
0.4225 0.0361664
0.4235 0.00643819
0.4245 -0.0261475
0.4255 -0.0290728
0.4265 -0.0132476
0.4275 0.00666993
0.4285 0.0110909
0.4295 0.00581372
0.4305 -0.00305341
0.4315 -0.0085049
0.4325 -0.00765998
0.4335 0.000310004
0.4345 0.00714458
0.4355 0.00741897
0.4365 -0.000773329
0.4375 -0.00803885
0.4385 -0.00587372
0.4395 0.0043726
0.4405 0.0121644
0.4415 0.00953308
0.4425 -0.00524714
0.4435 -0.0172146
0.4445 -0.0154881
0.4455 0.00696152
0.4465 0.0278472
0.4475 0.0278742
0.4485 0.00703981
0.4495 -0.0157398
0.4505 -0.0181534
0.4515 -0.00941573
0.4525 0.00223686
0.4535 0.00586774
0.4545 0.0035867
0.4555 -0.00298486
0.4565 -0.00820567
0.4575 -0.00904532
0.4585 -0.00373075
0.4595 0.00244112
0.4605 0.00329711
0.4615 0.000663634
0.4625 -0.00186537
0.4635 -0.00167284
0.4645 -0.000923698
0.4655 -0.00135266
0.4665 -0.00390508
0.4675 -0.00715366
0.4685 -0.00779123
0.4695 -0.00337221
0.4705 0.0103092
0.4715 0.0213006
0.4725 0.0207219
0.4735 0.00388154
0.4745 -0.0134162
0.4755 -0.0145355
0.4765 -0.00535206
0.4775 0.00645084
0.4785 0.0104403
0.4795 0.00938736
0.4805 0.00162066
0.4815 -0.00553958
0.4825 -0.00722615
0.4835 -0.0067694
0.4845 -0.00386379
0.4855 -0.0011343
0.4865 -9.47757e-05
0.4875 0.000205431
0.4885 -0.000306369
0.4895 -0.00143817
0.4905 -0.00397931
0.4915 -0.00663384
0.4925 -0.00686479
0.4935 -0.00456691
0.4945 0.0026414
0.4955 0.0112279
0.4965 0.0146202
0.4975 0.012642
0.4985 -0.00273167
0.4995 -0.016861
0.5005 -0.016861
0.5015 -0.00273167
0.5025 0.012642
0.5035 0.0146202
0.5045 0.0112279
0.5055 0.0026414
0.5065 -0.00456691
0.5075 -0.00686479
0.5085 -0.00663384
0.5095 -0.00397931
0.5105 -0.00143817
0.5115 -0.000306369
0.5125 0.000205431
0.5135 -9.47757e-05
0.5145 -0.0011343
0.5155 -0.00386379
0.5165 -0.0067694
0.5175 -0.00722615
0.5185 -0.00553958
0.5195 0.00162066
0.5205 0.00938736
0.5215 0.0104403
0.5225 0.00645084
0.5235 -0.00535206
0.5245 -0.0145355
0.5255 -0.0134162
0.5265 0.00388154
0.5275 0.0207219
0.5285 0.0213006
0.5295 0.0103092
0.5305 -0.00337221
0.5315 -0.00779123
0.5325 -0.00715366
0.5335 -0.00390508
0.5345 -0.00135266
0.5355 -0.000923698
0.5365 -0.00167284
0.5375 -0.00186537
0.5385 0.000663634
0.5395 0.00329711
0.5405 0.00244112
0.5415 -0.00373075
0.5425 -0.00904532
0.5435 -0.00820567
0.5445 -0.00298486
0.5455 0.0035867
0.5465 0.00586774
0.5475 0.00223686
0.5485 -0.00941573
0.5495 -0.0181534
0.5505 -0.0157398
0.5515 0.00703981
0.5525 0.0278742
0.5535 0.0278472
0.5545 0.00696152
0.5555 -0.0154881
0.5565 -0.0172146
0.5575 -0.00524714
0.5585 0.00953308
0.5595 0.0121644
0.5605 0.0043726
0.5615 -0.00587372
0.5625 -0.00803885
0.5635 -0.000773329
0.5645 0.00741897
0.5655 0.00714458
0.5665 0.000310004
0.5675 -0.00765998
0.5685 -0.0085049
0.5695 -0.00305341
0.5705 0.00581372
0.5715 0.0110909
0.5725 0.00666993
0.5735 -0.0132476
0.5745 -0.0290728
0.5755 -0.0261475
0.5765 0.00643819
0.5775 0.0361664
0.5785 0.0356113
0.5795 0.00443763
0.5805 -0.0265813
0.5815 -0.0278393
0.5825 -0.00187196
0.5835 0.025302
0.5845 0.0266585
0.5855 0.00458234
0.5865 -0.0188554
0.5875 -0.0188996
0.5885 -0.00434308
0.5895 0.014387
0.5905 0.0211942
0.5915 0.0170268
0.5925 0.00890831
0.5935 0.00942445
0.5945 0.0256746
0.5955 0.0512333
0.5965 0.0686263
0.5975 0.064142
0.5985 0.0116811
0.5995 -0.0393624
0.6005 -0.0444643
0.6015 -0.014572
0.6025 0.0126469
0.6035 0.00269784
0.6045 -0.0401036
0.6055 -0.0746602
0.6065 -0.073055
0.6075 -0.0204326
0.6085 0.0348482
0.6095 0.0352768
0.6105 0.00038027
0.6115 -0.0428264
0.6125 -0.0499131
0.6135 -0.0197116
0.6145 0.0242653
0.6155 0.0435676
0.6165 0.0200803
0.6175 -0.0264373
0.6185 -0.0536621
0.6195 -0.0314701
0.6205 0.0235492
0.6215 0.0624098
0.6225 0.0434527
0.6235 -0.0157447
0.6245 -0.0635558
0.6255 -0.0642837
0.6265 0.0186509
0.6275 0.0930295
0.6285 0.0833334
0.6295 -0.00528301
0.6305 -0.0861618
0.6315 -0.0859676
0.6325 -0.0182224
0.6335 0.080126
0.6345 0.123705
0.6355 0.0192191
0.6365 -0.100473
0.6375 -0.114943
0.6385 -0.0693226
0.6395 0.0678989
0.6405 0.172975
0.6415 0.0623336
0.6425 -0.0971581
0.6435 -0.131297
0.6445 -0.093208
0.6455 0.0521766
0.6465 0.28253
0.6475 0.419586
0.6485 0.477246
0.6495 0.498203
0.6505 0.504386
0.6515 0.503753
0.6525 0.501388
0.6535 0.500863
0.6545 0.501519
0.6555 0.502553
0.6565 0.502983
0.6575 0.502475
0.6585 0.499989
0.6595 0.497456
0.6605 0.49666
0.6615 0.496444
0.6625 0.496779
0.6635 0.498232
0.6645 0.499855
0.6655 0.500409
0.6665 0.500493
0.6675 0.500046
0.6685 0.498293
0.6695 0.496783
0.6705 0.496952
0.6715 0.498172
0.6725 0.502395
0.6735 0.506838
0.6745 0.507726
0.6755 0.506569
0.6765 0.500134
0.6775 0.494035
0.6785 0.493582
0.6795 0.495916
0.6805 0.499307
0.6815 0.501452
0.6825 0.502092
0.6835 0.500881
0.6845 0.499331
0.6855 0.498991
0.6865 0.49915
0.6875 0.499755
0.6885 0.500645
0.6895 0.501604
0.6905 0.502311
0.6915 0.502427
0.6925 0.502028
0.6935 0.500714
0.6945 0.499055
0.6955 0.498346
0.6965 0.498822
0.6975 0.502364
0.6985 0.506078
0.6995 0.505955
0.7005 0.502854
0.7015 0.493754
0.7025 0.486284
0.7035 0.486116
0.7045 0.494748
0.7055 0.504523
0.7065 0.506268
0.7075 0.505014
0.7085 0.501911
0.7095 0.499439
0.7105 0.49865
0.7115 0.499542
0.7125 0.500818
0.7135 0.501434
0.7145 0.502148
0.7155 0.503097
0.7165 0.504318
0.7175 0.504981
0.7185 0.504327
0.7195 0.500231
0.7205 0.496478
0.7215 0.496802
0.7225 0.499665
0.7235 0.503385
0.7245 0.504591
0.7255 0.501551
0.7265 0.490712
0.7275 0.481947
0.7285 0.482673
0.7295 0.497055
0.7305 0.511852
0.7315 0.513205
0.7325 0.506748
0.7335 0.498413
0.7345 0.49613
0.7355 0.497973
0.7365 0.501371
0.7375 0.503329
0.7385 0.502895
0.7395 0.501478
0.7405 0.501111
0.7415 0.504032
0.7425 0.506713
0.7435 0.505505
0.7445 0.500589
0.7455 0.49467
0.7465 0.492831
0.7475 0.495959
0.7485 0.504173
0.7495 0.509825
0.7505 0.506849
0.7515 0.489673
0.7525 0.475239
0.7535 0.476358
0.7545 0.498176
0.7555 0.520099
0.7565 0.52142
0.7575 0.506371
0.7585 0.488846
0.7595 0.486759
0.7605 0.496839
0.7615 0.509243
0.7625 0.511337
0.7635 0.505255
0.7645 0.497668
0.7655 0.496851
0.7665 0.501208
0.7675 0.50673
0.7685 0.507146
0.7695 0.501427
0.7705 0.492275
0.7715 0.486528
0.7725 0.49013
0.7735 0.508165
0.7745 0.522357
0.7755 0.518865
0.7765 0.489694
0.7775 0.464311
0.7785 0.465745
0.7795 0.498354
0.7805 0.52962
0.7815 0.530705
0.7825 0.504093
0.7835 0.476329
0.7845 0.474827
0.7855 0.496955
0.7865 0.520885
0.7875 0.521632
0.7885 0.508031
0.7895 0.491061
0.7905 0.487413
0.7915 0.496073
0.7925 0.510054
0.7935 0.516547
0.7945 0.50745
0.7955 0.487828
0.7965 0.474097
0.7975 0.478585
0.7985 0.512583
0.7995 0.541029
0.8005 0.537476
0.8015 0.488757
0.8025 0.445336
0.8035 0.449813
0.8045 0.501425
0.8055 0.546967
0.8065 0.547358
0.8075 0.501942
0.8085 0.454108
0.8095 0.456011
0.8105 0.494162
0.8115 0.540602
0.8125 0.548011
0.8135 0.517988
0.8145 0.473996
0.8155 0.454611
0.8165 0.477876
0.8175 0.52401
0.8185 0.550515
0.8195 0.5284
0.8205 0.474614
0.8215 0.437905
0.8225 0.45891
0.8235 0.519873
0.8245 0.569055
0.8255 0.570184
0.8265 0.486049
0.8275 0.40989
0.8285 0.418972
0.8295 0.507098
0.8305 0.58786
0.8315 0.587497
0.8325 0.518783
0.8335 0.418547
0.8345 0.372932
0.8355 0.476316
0.8365 0.595908
0.8375 0.610644
0.8385 0.565566
0.8395 0.429852
0.8405 0.326156
0.8415 0.43685
0.8425 0.595905
0.8435 0.628983
0.8445 0.5899
0.8455 0.44472
0.8465 0.215804
0.8475 0.0814085
0.8485 0.0270961
0.8495 0.00798485
0.8505 0.00209648
0.8515 0.000492436
0.8525 0.000103804
0.8535 1.96812e-05
0.8545 3.36112e-06
0.8555 5.17396e-07
0.8565 7.17968e-08
0.8575 8.97622e-09
0.8585 1.00989e-09
0.8595 1.02059e-10
0.8605 9.24064e-12
0.8615 7.47058e-13
0.8625 5.36928e-14
0.8635 3.41188e-15
0.8645 1.90356e-16
0.8655 9.24291e-18
0.8665 3.86216e-19
0.8675 1.36855e-20
0.8685 4.03256e-22
0.8695 9.61551e-24
0.8705 1.78277e-25
0.8715 2.41153e-27
0.8725 2.11722e-29
0.8735 9.05568e-32
0.8745 0
0.8755 0
0.8765 0
0.8775 0
0.8785 0
0.8795 0
0.8805 0
0.8815 0
0.8825 0
0.8835 0
0.8845 0
0.8855 0
0.8865 0
0.8875 0
0.8885 0
0.8895 0
0.8905 0
0.8915 0
0.8925 0
0.8935 0
0.8945 0
0.8955 0
0.8965 0
0.8975 0
0.8985 0
0.8995 0
0.9005 0
0.9015 0
0.9025 0
0.9035 0
0.9045 0
0.9055 0
0.9065 0
0.9075 0
0.9085 0
0.9095 0
0.9105 0
0.9115 0
0.9125 0
0.9135 0
0.9145 0
0.9155 0
0.9165 0
0.9175 0
0.9185 0
0.9195 0
0.9205 0
0.9215 0
0.9225 0
0.9235 0
0.9245 0
0.9255 0
0.9265 0
0.9275 0
0.9285 0
0.9295 0
0.9305 0
0.9315 0
0.9325 0
0.9335 0
0.9345 0
0.9355 0
0.9365 0
0.9375 0
0.9385 0
0.9395 0
0.9405 0
0.9415 0
0.9425 0
0.9435 0
0.9445 0
0.9455 0
0.9465 0
0.9475 0
0.9485 0
0.9495 0
0.9505 0
0.9515 0
0.9525 0
0.9535 0
0.9545 0
0.9555 0
0.9565 0
0.9575 0
0.9585 0
0.9595 0
0.9605 0
0.9615 0
0.9625 0
0.9635 0
0.9645 0
0.9655 0
0.9665 0
0.9675 0
0.9685 0
0.9695 0
0.9705 0
0.9715 0
0.9725 0
0.9735 0
0.9745 0
0.9755 0
0.9765 0
0.9775 0
0.9785 0
0.9795 0
0.9805 0
0.9815 0
0.9825 0
0.9835 0
0.9845 0
0.9855 0
0.9865 0
0.9875 0
0.9885 0
0.9895 0
0.9905 0
0.9915 0
0.9925 0
0.9935 0
0.9945 0
0.9955 0
0.9965 0
0.9975 0
0.9985 0
0.9995 0

# time= 0.5
0.0005 1.006
0.0015 0.999539
0.0025 0.992961
0.0035 0.992868
0.0045 0.999261
0.0055 1.0063
0.0065 1.00692
0.0075 1.00402
0.0085 1.00008
0.0095 0.998431
0.0105 0.998535
0.0115 0.999359
0.0125 0.999653
0.0135 0.998464
0.0145 0.997065
0.0155 0.99722
0.0165 0.999557
0.0175 1.00207
0.0185 1.0021
0.0195 1.00062
0.0205 0.998427
0.0215 0.997111
0.0225 0.998022
0.0235 1.00273
0.0245 1.00654
0.0255 1.00587
0.0265 0.999605
0.0275 0.994166
0.0285 0.994448
0.0295 1.00114
0.0305 1.00714
0.0315 1.00674
0.0325 0.999079
0.0335 0.9918
0.0345 0.991975
0.0355 0.999809
0.0365 1.00747
0.0375 1.00767
0.0385 1.00086
0.0395 0.99382
0.0405 0.993701
0.0415 0.998286
0.0425 1.00381
0.0435 1.00475
0.0445 1.00196
0.0455 0.997306
0.0465 0.994406
0.0475 0.995659
0.0485 1.00166
0.0495 1.00613
0.0505 1.0047
0.0515 0.998661
0.0525 0.994202
0.0535 0.995594
0.0545 1.00318
0.0555 1.00912
0.0565 1.00792
0.0575 0.997271
0.0585 0.988287
0.0595 0.989505
0.0605 1.00159
0.0615 1.01195
0.0625 1.01156
0.0635 1.00043
0.0645 0.988012
0.0655 0.987667
0.0665 0.996864
0.0675 1.00883
0.0685 1.01248
0.0695 1.00561
0.0705 0.993661
0.0715 0.986824
0.0725 0.991869
0.0735 1.00424
0.0745 1.0127
0.0755 1.01015
0.0765 0.994068
0.0775 0.98321
0.0785 0.990169
0.0795 1.00712
0.0805 1.01842
0.0815 1.01643
0.0825 0.996127
0.0835 0.975284
0.0845 0.983641
0.0855 1.00473
0.0865 1.02179
0.0875 1.01876
0.0885 1.00112
0.0895 0.991789
0.0905 0.960383
0.0915 0.990755
0.0925 1.02578
0.0935 1.00972
0.0945 0.979614
0.0955 0.910232
0.0965 0.780049
0.0975 0.640658
0.0985 0.560716
0.0995 0.516673
0.1005 0.483694
0.1015 0.439187
0.1025 0.35922
0.1035 0.220094
0.1045 0.0903931
0.1055 0.0213778
0.1065 -0.00884674
0.1075 -0.0254742
0.1085 0.00909521
0.1095 0.038787
0.1105 0.00699509
0.1115 -0.0021959
0.1125 -0.0197791
0.1135 -0.0226829
0.1145 -0.00544703
0.1155 0.0160796
0.1165 0.0252194
0.1175 0.00495462
0.1185 -0.0151504
0.1195 -0.0169378
0.1205 -0.00592888
0.1215 0.0105845
0.1225 0.0172375
0.1235 0.00642382
0.1245 -0.00969869
0.1255 -0.0128852
0.1265 -0.00481917
0.1275 0.00733121
0.1285 0.0125196
0.1295 0.00619003
0.1305 -0.00535909
0.1315 -0.0122137
0.1325 -0.00909382
0.1335 0.00244249
0.1345 0.0113551
0.1355 0.0109558
0.1365 -0.000807575
0.1375 -0.0112575
0.1385 -0.0114436
0.1395 -0.00190809
0.1405 0.00941412
0.1415 0.0109668
0.1425 0.0033835
0.1435 -0.00608663
0.1445 -0.00752569
0.1455 -0.00187348
0.1465 0.00537729
0.1475 0.00658792
0.1485 0.00228928
0.1495 -0.0036041
0.1505 -0.00543384
0.1515 -0.00254623
0.1525 0.00194533
0.1535 0.00366788
0.1545 0.00147593
0.1555 -0.00267003
0.1565 -0.00540026
0.1575 -0.00469951
0.1585 0.00152081
0.1595 0.00693219
0.1605 0.00683295
0.1615 -0.000226494
0.1625 -0.0071932
0.1635 -0.00718995
0.1645 -0.000430213
0.1655 0.00700726
0.1665 0.00747511
0.1675 0.00224479
0.1685 -0.00397787
0.1695 -0.00483034
0.1705 -0.00112023
0.1715 0.00337858
0.1725 0.00384863
0.1735 0.00114752
0.1745 -0.00231252
0.1755 -0.00315654
0.1765 -0.00202535
0.1775 -0.000215166
0.1785 0.00059523
0.1795 -0.000227156
0.1805 -0.00194056
0.1815 -0.00309417
0.1825 -0.0026861
0.1835 0.00108945
0.1845 0.0044553
0.1855 0.00432538
0.1865 0.000376398
0.1875 -0.00347244
0.1885 -0.00336347
0.1895 0.000951751
0.1905 0.00538343
0.1915 0.00552627
0.1925 0.00160809
0.1935 -0.00278697
0.1945 -0.00322851
0.1955 -0.000792809
0.1965 0.0020842
0.1975 0.00228821
0.1985 0.000251973
0.1995 -0.00229901
0.2005 -0.00302301
0.2015 -0.00261416
0.2025 -0.00169329
0.2035 -0.0010713
0.2045 -0.00115922
0.2055 -0.00169829
0.2065 -0.00201728
0.2075 -0.00153398
0.2085 0.00100545
0.2095 0.00323814
0.2105 0.00326441
0.2115 0.00112572
0.2125 -0.000862942
0.2135 -0.000678996
0.2145 0.0019803
0.2155 0.00447685
0.2165 0.00441967
0.2175 0.001665
0.2185 -0.00136371
0.2195 -0.00176226
0.2205 -0.000618185
0.2215 0.000784271
0.2225 0.000761347
0.2235 -0.000703766
0.2245 -0.00258344
0.2255 -0.00340483
0.2265 -0.00354935
0.2275 -0.00285485
0.2285 -0.0020829
0.2295 -0.00182328
0.2305 -0.00161224
0.2315 -0.00124341
0.2325 -0.000509826
0.2335 0.00117772
0.2345 0.00256428
0.2355 0.00275234
0.2365 0.001803
0.2375 0.000934654
0.2385 0.00117851
0.2395 0.00261208
0.2405 0.00381378
0.2415 0.00368945
0.2425 0.00173728
0.2435 -0.0003915
0.2445 -0.000787038
0.2455 -0.000384224
0.2465 0.000129711
0.2475 -0.000103216
0.2485 -0.00134568
0.2495 -0.00290035
0.2505 -0.0036495
0.2515 -0.00377946
0.2525 -0.00327062
0.2535 -0.0024314
0.2545 -0.00173245
0.2555 -0.000860147
0.2565 4.18973e-06
0.2575 0.00100617
0.2585 0.00174437
0.2595 0.00210946
0.2605 0.00226057
0.2615 0.00215087
0.2625 0.00207531
0.2635 0.00227076
0.2645 0.00263347
0.2655 0.00284645
0.2665 0.00261608
0.2675 0.00119023
0.2685 -0.000291996
0.2695 -0.000597466
0.2705 -0.000449836
0.2715 -0.000234716
0.2725 -0.000410867
0.2735 -0.00120828
0.2745 -0.00220341
0.2755 -0.00270134
0.2765 -0.00283951
0.2775 -0.00258898
0.2785 -0.00189313
0.2795 -0.00111713
0.2805 -0.00042064
0.2815 0.000446183
0.2825 0.000954948
0.2835 0.00130392
0.2845 0.00158268
0.2855 0.00172996
0.2865 0.00182029
0.2875 0.00186968
0.2885 0.00188211
0.2895 0.00180505
0.2905 0.00155248
0.2915 0.0010618
0.2925 -5.37771e-05
0.2935 -0.000987742
0.2945 -0.00116472
0.2955 -0.000957578
0.2965 -0.00063913
0.2975 -0.000520953
0.2985 -0.000622128
0.2995 -0.000990792
0.3005 -0.00130978
0.3015 -0.00137266
0.3025 -0.00123394
0.3035 -0.00089225
0.3045 -0.000369619
0.3055 7.13813e-05
0.3065 0.000385443
0.3075 0.000609214
0.3085 0.000742068
0.3095 0.000831876
0.3105 0.000880793
0.3115 0.000896268
0.3125 0.000867829
0.3135 0.00077908
0.3145 0.000610301
0.3155 0.000365973
0.3165 -0.000214651
0.3175 -0.000776077
0.3185 -0.000900126
0.3195 -0.00079623
0.3205 -0.000377434
0.3215 0.000172422
0.3225 0.00053168
0.3235 0.00071656
0.3245 0.000721372
0.3255 0.000475026
0.3265 0.000205826
0.3275 7.80048e-05
0.3285 -4.46679e-05
0.3295 -0.000153567
0.3305 -0.000273153
0.3315 -0.000422855
0.3325 -0.000625168
0.3335 -0.00103368
0.3345 -0.00138085
0.3355 -0.0014728
0.3365 -0.00144312
0.3375 -0.00130042
0.3385 -0.00107738
0.3395 -0.000697943
0.3405 -0.000334671
0.3415 -0.000108689
0.3425 0.000216429
0.3435 0.000604045
0.3445 0.000985868
0.3455 0.00184374
0.3465 0.00270546
0.3475 0.0029518
0.3485 0.00296747
0.3495 0.00277542
0.3505 0.00246396
0.3515 0.00176219
0.3525 0.000996312
0.3535 0.000574116
0.3545 -0.000188869
0.3555 -0.000845478
0.3565 -0.00121321
0.3575 -0.00194185
0.3585 -0.00263941
0.3595 -0.00298221
0.3605 -0.00321956
0.3615 -0.00328137
0.3625 -0.00317164
0.3635 -0.00290748
0.3645 -0.0021481
0.3655 -0.00129556
0.3665 -0.000861097
0.3675 -8.99327e-05
0.3685 0.000774512
0.3695 0.00132452
0.3705 0.00226099
0.3715 0.00304925
0.3725 0.00332787
0.3735 0.00338485
0.3745 0.00322152
0.3755 0.00275477
0.3765 0.00210572
0.3775 0.00151617
0.3785 0.000933144
0.3795 0.000124427
0.3805 -0.000612589
0.3815 -0.00104296
0.3825 -0.00197493
0.3835 -0.00298444
0.3845 -0.00368366
0.3855 -0.00447713
0.3865 -0.00561071
0.3875 -0.0072558
0.3885 -0.00889044
0.3895 -0.0103069
0.3905 -0.0127645
0.3915 -0.0155965
0.3925 -0.0171494
0.3935 -0.0181775
0.3945 -0.0184815
0.3955 -0.0180546
0.3965 -0.0167924
0.3975 -0.0146785
0.3985 -0.01037
0.3995 -0.00509063
0.4005 0.00273911
0.4015 0.0101612
0.4025 0.0140868
0.4035 0.0170579
0.4045 0.0185626
0.4055 0.0191659
0.4065 0.0188758
0.4075 0.0176873
0.4085 0.0152436
0.4095 0.0117526
0.4105 0.00882619
0.4115 0.00673752
0.4125 0.0052507
0.4135 0.0041397
0.4145 0.00338828
0.4155 0.0028883
0.4165 0.00256706
0.4175 0.0023242
0.4185 0.00211727
0.4195 0.00193042
0.4205 0.00170327
0.4215 0.00145997
0.4225 0.0011247
0.4235 0.000663721
0.4245 -0.000211916
0.4255 -0.00104522
0.4265 -0.00137131
0.4275 -0.00158083
0.4285 -0.00166066
0.4295 -0.0016109
0.4305 -0.00144462
0.4315 -0.00119658
0.4325 -0.00082462
0.4335 -0.000417839
0.4345 -0.000102897
0.4355 7.97845e-05
0.4365 0.000218446
0.4375 0.000382657
0.4385 0.000508804
0.4395 0.000666743
0.4405 0.000803702
0.4415 0.000996066
0.4425 0.00121446
0.4435 0.00156982
0.4445 0.00193283
0.4455 0.00204452
0.4465 0.00204678
0.4475 0.00190383
0.4485 0.00157968
0.4495 0.000851276
0.4505 -0.000105724
0.4515 -0.000818652
0.4525 -0.00133134
0.4535 -0.00165017
0.4545 -0.00186524
0.4555 -0.0019879
0.4565 -0.00203931
0.4575 -0.00203288
0.4585 -0.00198089
0.4595 -0.00182299
0.4605 -0.00163705
0.4615 -0.00153102
0.4625 -0.00134813
0.4635 -0.00113239
0.4645 -0.000949293
0.4655 -0.000615046
0.4665 -7.10094e-05
0.4675 0.000338103
0.4685 0.0010626
0.4695 0.00180749
0.4705 0.00208542
0.4715 0.00223451
0.4725 0.00224103
0.4735 0.00211518
0.4745 0.00185956
0.4755 0.00150386
0.4765 0.000915814
0.4775 0.000422473
0.4785 8.17034e-05
0.4795 -0.000204934
0.4805 -0.000663613
0.4815 -0.00113031
0.4825 -0.00144597
0.4835 -0.00170447
0.4845 -0.00183162
0.4855 -0.00191096
0.4865 -0.00193736
0.4875 -0.00190782
0.4885 -0.00182056
0.4895 -0.00165659
0.4905 -0.00142333
0.4915 -0.00108676
0.4925 -0.000623479
0.4935 -8.3864e-07
0.4945 0.000482722
0.4955 0.000726681
0.4965 0.000884885
0.4975 0.000979188
0.4985 0.00102735
0.4995 0.00104612
0.5005 0.00104612
0.5015 0.00102735
0.5025 0.000979188
0.5035 0.000884885
0.5045 0.000726681
0.5055 0.000482722
0.5065 -8.3864e-07
0.5075 -0.000623479
0.5085 -0.00108676
0.5095 -0.00142333
0.5105 -0.00165659
0.5115 -0.00182056
0.5125 -0.00190782
0.5135 -0.00193736
0.5145 -0.00191096
0.5155 -0.00183162
0.5165 -0.00170447
0.5175 -0.00144597
0.5185 -0.00113031
0.5195 -0.000663613
0.5205 -0.000204934
0.5215 8.17034e-05
0.5225 0.000422473
0.5235 0.000915814
0.5245 0.00150386
0.5255 0.00185956
0.5265 0.00211518
0.5275 0.00224103
0.5285 0.00223451
0.5295 0.00208542
0.5305 0.00180749
0.5315 0.0010626
0.5325 0.000338103
0.5335 -7.10094e-05
0.5345 -0.000615046
0.5355 -0.000949293
0.5365 -0.00113239
0.5375 -0.00134813
0.5385 -0.00153102
0.5395 -0.00163705
0.5405 -0.00182299
0.5415 -0.00198089
0.5425 -0.00203288
0.5435 -0.00203931
0.5445 -0.0019879
0.5455 -0.00186524
0.5465 -0.00165017
0.5475 -0.00133134
0.5485 -0.000818652
0.5495 -0.000105724
0.5505 0.000851276
0.5515 0.00157968
0.5525 0.00190383
0.5535 0.00204678
0.5545 0.00204452
0.5555 0.00193283
0.5565 0.00156982
0.5575 0.00121446
0.5585 0.000996066
0.5595 0.000803702
0.5605 0.000666743
0.5615 0.000508804
0.5625 0.000382657
0.5635 0.000218446
0.5645 7.97845e-05
0.5655 -0.000102897
0.5665 -0.000417839
0.5675 -0.00082462
0.5685 -0.00119658
0.5695 -0.00144462
0.5705 -0.0016109
0.5715 -0.00166066
0.5725 -0.00158083
0.5735 -0.00137131
0.5745 -0.00104522
0.5755 -0.000211916
0.5765 0.000663721
0.5775 0.0011247
0.5785 0.00145997
0.5795 0.00170327
0.5805 0.00193042
0.5815 0.00211727
0.5825 0.0023242
0.5835 0.00256706
0.5845 0.0028883
0.5855 0.00338828
0.5865 0.0041397
0.5875 0.0052507
0.5885 0.00673752
0.5895 0.00882619
0.5905 0.0117526
0.5915 0.0152436
0.5925 0.0176873
0.5935 0.0188758
0.5945 0.0191659
0.5955 0.0185626
0.5965 0.0170579
0.5975 0.0140868
0.5985 0.0101612
0.5995 0.00273911
0.6005 -0.00509063
0.6015 -0.01037
0.6025 -0.0146785
0.6035 -0.0167924
0.6045 -0.0180546
0.6055 -0.0184815
0.6065 -0.0181775
0.6075 -0.0171494
0.6085 -0.0155965
0.6095 -0.0127645
0.6105 -0.0103069
0.6115 -0.00889044
0.6125 -0.0072558
0.6135 -0.00561071
0.6145 -0.00447713
0.6155 -0.00368366
0.6165 -0.00298444
0.6175 -0.00197493
0.6185 -0.00104296
0.6195 -0.000612589
0.6205 0.000124427
0.6215 0.000933144
0.6225 0.00151617
0.6235 0.00210572
0.6245 0.00275477
0.6255 0.00322152
0.6265 0.00338485
0.6275 0.00332787
0.6285 0.00304925
0.6295 0.00226099
0.6305 0.00132452
0.6315 0.000774512
0.6325 -8.99327e-05
0.6335 -0.000861097
0.6345 -0.00129556
0.6355 -0.0021481
0.6365 -0.00290748
0.6375 -0.00317164
0.6385 -0.00328137
0.6395 -0.00321956
0.6405 -0.00298221
0.6415 -0.00263941
0.6425 -0.00194185
0.6435 -0.00121321
0.6445 -0.000845478
0.6455 -0.000188869
0.6465 0.000574116
0.6475 0.000996312
0.6485 0.00176219
0.6495 0.00246396
0.6505 0.00277542
0.6515 0.00296747
0.6525 0.0029518
0.6535 0.00270546
0.6545 0.00184374
0.6555 0.000985868
0.6565 0.000604045
0.6575 0.000216429
0.6585 -0.000108689
0.6595 -0.000334671
0.6605 -0.000697943
0.6615 -0.00107738
0.6625 -0.00130042
0.6635 -0.00144312
0.6645 -0.0014728
0.6655 -0.00138085
0.6665 -0.00103368
0.6675 -0.000625168
0.6685 -0.000422855
0.6695 -0.000273153
0.6705 -0.000153567
0.6715 -4.46679e-05
0.6725 7.80048e-05
0.6735 0.000205826
0.6745 0.000475026
0.6755 0.000721372
0.6765 0.00071656
0.6775 0.00053168
0.6785 0.000172422
0.6795 -0.000377434
0.6805 -0.00079623
0.6815 -0.000900126
0.6825 -0.000776077
0.6835 -0.000214651
0.6845 0.000365973
0.6855 0.000610301
0.6865 0.00077908
0.6875 0.000867829
0.6885 0.000896268
0.6895 0.000880793
0.6905 0.000831876
0.6915 0.000742068
0.6925 0.000609214
0.6935 0.000385443
0.6945 7.13813e-05
0.6955 -0.000369619
0.6965 -0.00089225
0.6975 -0.00123394
0.6985 -0.00137266
0.6995 -0.00130978
0.7005 -0.000990792
0.7015 -0.000622128
0.7025 -0.000520953
0.7035 -0.00063913
0.7045 -0.000957578
0.7055 -0.00116472
0.7065 -0.000987742
0.7075 -5.37771e-05
0.7085 0.0010618
0.7095 0.00155248
0.7105 0.00180505
0.7115 0.00188211
0.7125 0.00186968
0.7135 0.00182029
0.7145 0.00172996
0.7155 0.00158268
0.7165 0.00130392
0.7175 0.000954948
0.7185 0.000446183
0.7195 -0.00042064
0.7205 -0.00111713
0.7215 -0.00189313
0.7225 -0.00258898
0.7235 -0.00283951
0.7245 -0.00270134
0.7255 -0.00220341
0.7265 -0.00120828
0.7275 -0.000410867
0.7285 -0.000234716
0.7295 -0.000449836
0.7305 -0.000597466
0.7315 -0.000291996
0.7325 0.00119023
0.7335 0.00261608
0.7345 0.00284645
0.7355 0.00263347
0.7365 0.00227076
0.7375 0.00207531
0.7385 0.00215087
0.7395 0.00226057
0.7405 0.00210946
0.7415 0.00174437
0.7425 0.00100617
0.7435 4.18973e-06
0.7445 -0.000860147
0.7455 -0.00173245
0.7465 -0.0024314
0.7475 -0.00327062
0.7485 -0.00377946
0.7495 -0.0036495
0.7505 -0.00290035
0.7515 -0.00134568
0.7525 -0.000103216
0.7535 0.000129711
0.7545 -0.000384224
0.7555 -0.000787038
0.7565 -0.0003915
0.7575 0.00173728
0.7585 0.00368945
0.7595 0.00381378
0.7605 0.00261208
0.7615 0.00117851
0.7625 0.000934654
0.7635 0.001803
0.7645 0.00275234
0.7655 0.00256428
0.7665 0.00117772
0.7675 -0.000509826
0.7685 -0.00124341
0.7695 -0.00161224
0.7705 -0.00182328
0.7715 -0.0020829
0.7725 -0.00285485
0.7735 -0.00354935
0.7745 -0.00340483
0.7755 -0.00258344
0.7765 -0.000703766
0.7775 0.000761347
0.7785 0.000784271
0.7795 -0.000618185
0.7805 -0.00176226
0.7815 -0.00136371
0.7825 0.001665
0.7835 0.00441967
0.7845 0.00447685
0.7855 0.0019803
0.7865 -0.000678996
0.7875 -0.000862942
0.7885 0.00112572
0.7895 0.00326441
0.7905 0.00323814
0.7915 0.00100545
0.7925 -0.00153398
0.7935 -0.00201728
0.7945 -0.00169829
0.7955 -0.00115922
0.7965 -0.0010713
0.7975 -0.00169329
0.7985 -0.00261416
0.7995 -0.00302301
0.8005 -0.00229901
0.8015 0.000251973
0.8025 0.00228821
0.8035 0.0020842
0.8045 -0.000792809
0.8055 -0.00322851
0.8065 -0.00278697
0.8075 0.00160809
0.8085 0.00552627
0.8095 0.00538343
0.8105 0.000951751
0.8115 -0.00336347
0.8125 -0.00347244
0.8135 0.000376398
0.8145 0.00432538
0.8155 0.0044553
0.8165 0.00108945
0.8175 -0.0026861
0.8185 -0.00309417
0.8195 -0.00194056
0.8205 -0.000227156
0.8215 0.00059523
0.8225 -0.000215166
0.8235 -0.00202535
0.8245 -0.00315654
0.8255 -0.00231252
0.8265 0.00114752
0.8275 0.00384863
0.8285 0.00337858
0.8295 -0.00112023
0.8305 -0.00483034
0.8315 -0.00397787
0.8325 0.00224479
0.8335 0.00747511
0.8345 0.00700726
0.8355 -0.000430213
0.8365 -0.00718995
0.8375 -0.0071932
0.8385 -0.000226494
0.8395 0.00683295
0.8405 0.00693219
0.8415 0.00152081
0.8425 -0.00469951
0.8435 -0.00540026
0.8445 -0.00267003
0.8455 0.00147593
0.8465 0.00366788
0.8475 0.00194533
0.8485 -0.00254623
0.8495 -0.00543384
0.8505 -0.0036041
0.8515 0.00228928
0.8525 0.00658792
0.8535 0.00537729
0.8545 -0.00187348
0.8555 -0.00752569
0.8565 -0.00608663
0.8575 0.0033835
0.8585 0.0109668
0.8595 0.00941412
0.8605 -0.00190809
0.8615 -0.0114436
0.8625 -0.0112575
0.8635 -0.000807575
0.8645 0.0109558
0.8655 0.0113551
0.8665 0.00244249
0.8675 -0.00909382
0.8685 -0.0122137
0.8695 -0.00535909
0.8705 0.00619003
0.8715 0.0125196
0.8725 0.00733121
0.8735 -0.00481917
0.8745 -0.0128852
0.8755 -0.00969869
0.8765 0.00642382
0.8775 0.0172375
0.8785 0.0105845
0.8795 -0.00592888
0.8805 -0.0169378
0.8815 -0.0151504
0.8825 0.00495462
0.8835 0.0252194
0.8845 0.0160796
0.8855 -0.00544703
0.8865 -0.0226829
0.8875 -0.0197791
0.8885 -0.0021959
0.8895 0.00699509
0.8905 0.038787
0.8915 0.00909521
0.8925 -0.0254742
0.8935 -0.00884674
0.8945 0.0213778
0.8955 0.0903931
0.8965 0.220094
0.8975 0.35922
0.8985 0.439187
0.8995 0.483694
0.9005 0.516673
0.9015 0.560716
0.9025 0.640658
0.9035 0.780049
0.9045 0.910232
0.9055 0.979614
0.9065 1.00972
0.9075 1.02578
0.9085 0.990755
0.9095 0.960383
0.9105 0.991789
0.9115 1.00112
0.9125 1.01876
0.9135 1.02179
0.9145 1.00473
0.9155 0.983641
0.9165 0.975284
0.9175 0.996127
0.9185 1.01643
0.9195 1.01842
0.9205 1.00712
0.9215 0.990169
0.9225 0.98321
0.9235 0.994068
0.9245 1.01015
0.9255 1.0127
0.9265 1.00424
0.9275 0.991869
0.9285 0.986824
0.9295 0.993661
0.9305 1.00561
0.9315 1.01248
0.9325 1.00883
0.9335 0.996864
0.9345 0.987667
0.9355 0.988012
0.9365 1.00043
0.9375 1.01156
0.9385 1.01195
0.9395 1.00159
0.9405 0.989505
0.9415 0.988287
0.9425 0.997271
0.9435 1.00792
0.9445 1.00912
0.9455 1.00318
0.9465 0.995594
0.9475 0.994202
0.9485 0.998661
0.9495 1.0047
0.9505 1.00613
0.9515 1.00166
0.9525 0.995659
0.9535 0.994406
0.9545 0.997306
0.9555 1.00196
0.9565 1.00475
0.9575 1.00381
0.9585 0.998286
0.9595 0.993701
0.9605 0.99382
0.9615 1.00086
0.9625 1.00767
0.9635 1.00747
0.9645 0.999809
0.9655 0.991975
0.9665 0.9918
0.9675 0.999079
0.9685 1.00674
0.9695 1.00714
0.9705 1.00114
0.9715 0.994448
0.9725 0.994166
0.9735 0.999605
0.9745 1.00587
0.9755 1.00654
0.9765 1.00273
0.9775 0.998022
0.9785 0.997111
0.9795 0.998427
0.9805 1.00062
0.9815 1.0021
0.9825 1.00207
0.9835 0.999557
0.9845 0.99722
0.9855 0.997065
0.9865 0.998464
0.9875 0.999653
0.9885 0.999359
0.9895 0.998535
0.9905 0.998431
0.9915 1.00008
0.9925 1.00402
0.9935 1.00692
0.9945 1.0063
0.9955 0.999261
0.9965 0.992868
0.9975 0.992961
0.9985 0.999539
0.9995 1.006

# time= 0.75
0.0005 0.00019743
0.0015 0.000268751
0.0025 0.000397307
0.0035 0.00050433
0.0045 0.000548698
0.0055 0.000540728
0.0065 0.000475424
0.0075 0.000335128
0.0085 0.000143859
0.0095 -0.000239872
0.0105 -0.000636885
0.0115 -0.000819462
0.0125 -0.000947929
0.0135 -0.00100407
0.0145 -0.000995789
0.0155 -0.000927864
0.0165 -0.000774873
0.0175 -0.000574072
0.0185 -0.000216692
0.0195 0.000151358
0.0205 0.000343254
0.0215 0.000641271
0.0225 0.000967842
0.0235 0.00116174
0.0245 0.00128055
0.0255 0.00129702
0.0265 0.00120775
0.0275 0.00101304
0.0285 0.000477699
0.0295 -2.54784e-05
0.0305 -0.000209015
0.0315 -0.000325234
0.0325 -0.00039845
0.0335 -0.000498113
0.0345 -0.000571366
0.0355 -0.000570579
0.0365 -0.000525961
0.0375 -0.000473038
0.0385 -0.000479351
0.0395 -0.00056902
0.0405 -0.000692493
0.0415 -0.000732556
0.0425 -0.000586467
0.0435 8.99833e-05
0.0445 0.000714087
0.0455 0.000784417
0.0465 0.000449866
0.0475 9.60087e-05
0.0485 0.00013114
0.0495 0.000619692
0.0505 0.00106069
0.0515 0.00102097
0.0525 0.000609606
0.0535 8.14478e-05
0.0545 -0.000191398
0.0555 -0.000317074
0.0565 -0.000354948
0.0575 -0.000390042
0.0585 -0.000541955
0.0595 -0.000674018
0.0605 -0.000643774
0.0615 -0.000398175
0.0625 -0.000174494
0.0635 -0.000223878
0.0645 -0.000497787
0.0655 -0.000823397
0.0665 -0.000844431
0.0675 -0.000441524
0.0685 0.000619011
0.0695 0.00143376
0.0705 0.00134351
0.0715 -0.000160831
0.0725 -0.00149474
0.0735 -0.00135875
0.0745 0.000482696
0.0755 0.00224311
0.0765 0.00227775
0.0775 0.000656792
0.0785 -0.00107842
0.0795 -0.00125207
0.0805 -0.000220479
0.0815 0.000936696
0.0825 0.000902953
0.0835 -0.000483653
0.0845 -0.00182633
0.0855 -0.00176724
0.0865 -0.000181765
0.0875 0.00146335
0.0885 0.00157772
0.0895 0.000850527
0.0905 -6.39177e-05
0.0915 -0.000146713
0.0925 0.000683025
0.0935 0.00207233
0.0945 0.00295313
0.0955 0.00237076
0.0965 -0.000494673
0.0975 -0.00268772
0.0985 -0.00213554
0.0995 0.000491121
0.1005 0.00245733
0.1015 0.00227403
0.1025 -0.00039696
0.1035 -0.00277315
0.1045 -0.00290407
0.1055 -0.000315962
0.1065 0.0021507
0.1075 0.00154638
0.1085 -0.00181978
0.1095 -0.00463239
0.1105 -0.00447928
0.1115 -0.000482122
0.1125 0.00384825
0.1135 0.00377015
0.1145 0.000868427
0.1155 -0.00278698
0.1165 -0.00399925
0.1175 -0.00107329
0.1185 0.00379994
0.1195 0.00613032
0.1205 0.00333504
0.1215 -0.0029941
0.1225 -0.00744354
0.1235 -0.00709842
0.1245 0.00225166
0.1255 0.00900697
0.1265 0.0048244
0.1275 -0.00353499
0.1285 -0.0081529
0.1295 -0.00699981
0.1305 0.000883839
0.1315 0.0109503
0.1325 0.00723708
0.1335 -0.00241437
0.1345 -0.010989
0.1355 -0.00574716
0.1365 -0.000616695
0.1375 0.00947233
0.1385 0.0178583
0.1395 -0.00170679
0.1405 -0.00745277
0.1415 -0.00542404
0.1425 0.00554362
0.1435 0.0393612
0.1445 0.0710763
0.1455 0.119696
0.1465 0.204207
0.1475 0.31963
0.1485 0.40483
0.1495 0.452401
0.1505 0.477318
0.1515 0.489575
0.1525 0.495275
0.1535 0.49782
0.1545 0.498946
0.1555 0.499595
0.1565 0.499996
0.1575 0.50021
0.1585 0.500356
0.1595 0.500422
0.1605 0.500452
0.1615 0.500452
0.1625 0.500414
0.1635 0.50038
0.1645 0.500381
0.1655 0.500409
0.1665 0.500427
0.1675 0.500398
0.1685 0.500316
0.1695 0.500063
0.1705 0.499815
0.1715 0.499649
0.1725 0.499494
0.1735 0.499395
0.1745 0.499272
0.1755 0.49919
0.1765 0.499184
0.1775 0.499266
0.1785 0.49945
0.1795 0.49977
0.1805 0.500055
0.1815 0.500213
0.1825 0.500349
0.1835 0.500458
0.1845 0.500595
0.1855 0.500718
0.1865 0.500768
0.1875 0.500795
0.1885 0.500794
0.1895 0.500759
0.1905 0.500692
0.1915 0.500569
0.1925 0.500406
0.1935 0.500095
0.1945 0.499801
0.1955 0.499657
0.1965 0.499425
0.1975 0.499201
0.1985 0.499068
0.1995 0.49881
0.2005 0.498577
0.2015 0.49856
0.2025 0.498687
0.2035 0.499152
0.2045 0.499694
0.2055 0.499936
0.2065 0.500116
0.2075 0.50028
0.2085 0.500451
0.2095 0.500827
0.2105 0.50122
0.2115 0.501345
0.2125 0.501383
0.2135 0.501344
0.2145 0.501242
0.2155 0.501093
0.2165 0.500798
0.2175 0.500507
0.2185 0.499984
0.2195 0.499454
0.2205 0.499239
0.2215 0.499045
0.2225 0.49886
0.2235 0.498721
0.2245 0.498543
0.2255 0.498427
0.2265 0.498442
0.2275 0.498575
0.2285 0.499028
0.2295 0.499498
0.2305 0.499728
0.2315 0.500061
0.2325 0.500477
0.2335 0.500843
0.2345 0.501234
0.2355 0.501482
0.2365 0.501579
0.2375 0.501523
0.2385 0.501442
0.2395 0.501445
0.2405 0.50144
0.2415 0.501324
0.2425 0.501015
0.2435 0.500021
0.2445 0.499105
0.2455 0.498922
0.2465 0.499044
0.2475 0.499205
0.2485 0.499085
0.2495 0.498509
0.2505 0.49803
0.2515 0.498072
0.2525 0.498523
0.2535 0.499143
0.2545 0.499558
0.2555 0.499884
0.2565 0.500181
0.2575 0.500486
0.2585 0.501138
0.2595 0.501728
0.2605 0.501815
0.2615 0.50171
0.2625 0.501549
0.2635 0.501492
0.2645 0.50159
0.2655 0.5017
0.2665 0.501546
0.2675 0.500947
0.2685 0.499528
0.2695 0.498398
0.2705 0.498341
0.2715 0.499619
0.2725 0.500782
0.2735 0.500587
0.2745 0.498705
0.2755 0.496977
0.2765 0.496993
0.2775 0.498778
0.2785 0.500711
0.2795 0.500988
0.2805 0.500147
0.2815 0.499206
0.2825 0.499378
0.2835 0.501063
0.2845 0.50267
0.2855 0.502728
0.2865 0.501361
0.2875 0.499875
0.2885 0.499778
0.2895 0.500488
0.2905 0.501354
0.2915 0.501342
0.2925 0.500389
0.2935 0.498664
0.2945 0.497479
0.2955 0.497891
0.2965 0.500485
0.2975 0.502443
0.2985 0.501769
0.2995 0.498987
0.3005 0.496898
0.3015 0.497023
0.3025 0.499692
0.3035 0.50209
0.3045 0.502225
0.3055 0.499678
0.3065 0.497273
0.3075 0.497903
0.3085 0.501376
0.3095 0.504296
0.3105 0.504183
0.3115 0.500289
0.3125 0.49607
0.3135 0.496201
0.3145 0.499205
0.3155 0.502987
0.3165 0.50425
0.3175 0.501346
0.3185 0.496446
0.3195 0.494051
0.3205 0.496793
0.3215 0.503023
0.3225 0.507396
0.3235 0.507021
0.3245 0.497631
0.3255 0.490833
0.3265 0.494985
0.3275 0.503311
0.3285 0.507898
0.3295 0.506688
0.3305 0.49873
0.3315 0.488641
0.3325 0.492311
0.3335 0.501952
0.3345 0.51049
0.3355 0.50521
0.3365 0.500059
0.3375 0.489966
0.3385 0.481676
0.3395 0.50141
0.3405 0.507475
0.3415 0.505893
0.3425 0.495323
0.3435 0.461856
0.3445 0.430413
0.3455 0.381941
0.3465 0.297433
0.3475 0.181876
0.3485 0.0964779
0.3495 0.0487064
0.3505 0.0235628
0.3515 0.0110531
0.3525 0.00500762
0.3535 0.00215948
0.3545 0.000555321
0.3555 -0.000552474
0.3565 -0.00107011
0.3575 -0.00148611
0.3585 -0.00174792
0.3595 -0.00187909
0.3605 -0.00195067
0.3615 -0.00195106
0.3625 -0.00187988
0.3635 -0.00173276
0.3645 -0.00151718
0.3655 -0.00113528
0.3665 -0.000663797
0.3675 3.22898e-05
0.3685 0.000684505
0.3695 0.00112548
0.3705 0.00148563
0.3715 0.00166915
0.3725 0.00178792
0.3735 0.00183713
0.3745 0.00181463
0.3755 0.00172011
0.3765 0.00155987
0.3775 0.00125649
0.3785 0.000817414
0.3795 0.000353843
0.3805 -0.000400938
0.3815 -0.00150547
0.3825 -0.00239488
0.3835 -0.00353436
0.3845 -0.00480019
0.3855 -0.00592913
0.3865 -0.0069416
0.3875 -0.00837533
0.3885 -0.00998164
0.3895 -0.0111236
0.3905 -0.0119987
0.3915 -0.0123931
0.3925 -0.0125755
0.3935 -0.0124936
0.3945 -0.0120882
0.3955 -0.011311
0.3965 -0.0100767
0.3975 -0.00853228
0.3985 -0.00583261
0.3995 -0.00262139
0.4005 0.0017599
0.4015 0.00575127
0.4025 0.00779138
0.4035 0.00976589
0.4045 0.0110581
0.4055 0.011784
0.4065 0.0121771
0.4075 0.0122191
0.4085 0.0119328
0.4095 0.0113744
0.4105 0.0105001
0.4115 0.00906986
0.4125 0.00746246
0.4135 0.00632325
0.4145 0.00524325
0.4155 0.00425723
0.4165 0.00352436
0.4175 0.00281502
0.4185 0.00226446
0.4195 0.00169159
0.4205 0.00125331
0.4215 0.000944398
0.4225 0.000672702
0.4235 0.000274742
0.4245 -0.000131378
0.4255 -0.000392414
0.4265 -0.000603696
0.4275 -0.000716499
0.4285 -0.000788703
0.4295 -0.000821832
0.4305 -0.000816201
0.4315 -0.000773825
0.4325 -0.000697792
0.4335 -0.000518973
0.4345 -0.000309934
0.4355 -0.000180058
0.4365 8.66773e-05
0.4375 0.000352544
0.4385 0.000480684
0.4395 0.000723146
0.4405 0.000943748
0.4415 0.00105927
0.4425 0.00114534
0.4435 0.00118354
0.4445 0.00118557
0.4455 0.00114819
0.4465 0.0010666
0.4475 0.000931399
0.4485 0.000728827
0.4495 0.000485152
0.4505 7.21326e-05
0.4515 -0.00038919
0.4525 -0.000783486
0.4535 -0.0010652
0.4545 -0.001233
0.4555 -0.00136844
0.4565 -0.00145082
0.4575 -0.00149765
0.4585 -0.00150722
0.4595 -0.00148256
0.4605 -0.0014221
0.4615 -0.00131551
0.4625 -0.00118017
0.4635 -0.000914075
0.4645 -0.000622238
0.4655 -0.000214878
0.4665 0.000236017
0.4675 0.000595394
0.4685 0.000918094
0.4695 0.00107823
0.4705 0.001192
0.4715 0.00125685
0.4725 0.00127505
0.4735 0.00124656
0.4745 0.00117034
0.4755 0.00104873
0.4765 0.000769693
0.4775 0.00044588
0.4785 0.000248128
0.4795 -0.000152074
0.4805 -0.000566229
0.4815 -0.000842744
0.4825 -0.00106833
0.4835 -0.00120684
0.4845 -0.00130544
0.4855 -0.00135633
0.4865 -0.001371
0.4875 -0.00135104
0.4885 -0.0012915
0.4895 -0.00120942
0.4905 -0.00103606
0.4915 -0.00083041
0.4925 -0.000567713
0.4935 -0.00015028
0.4945 0.000112843
0.4955 0.000300518
0.4965 0.000460666
0.4975 0.000562794
0.4985 0.000620134
0.4995 0.000649242
0.5005 0.000649242
0.5015 0.000620134
0.5025 0.000562794
0.5035 0.000460666
0.5045 0.000300518
0.5055 0.000112843
0.5065 -0.00015028
0.5075 -0.000567713
0.5085 -0.00083041
0.5095 -0.00103606
0.5105 -0.00120942
0.5115 -0.0012915
0.5125 -0.00135104
0.5135 -0.001371
0.5145 -0.00135633
0.5155 -0.00130544
0.5165 -0.00120684
0.5175 -0.00106833
0.5185 -0.000842744
0.5195 -0.000566229
0.5205 -0.000152074
0.5215 0.000248128
0.5225 0.00044588
0.5235 0.000769693
0.5245 0.00104873
0.5255 0.00117034
0.5265 0.00124656
0.5275 0.00127505
0.5285 0.00125685
0.5295 0.001192
0.5305 0.00107823
0.5315 0.000918094
0.5325 0.000595394
0.5335 0.000236017
0.5345 -0.000214878
0.5355 -0.000622238
0.5365 -0.000914075
0.5375 -0.00118017
0.5385 -0.00131551
0.5395 -0.0014221
0.5405 -0.00148256
0.5415 -0.00150722
0.5425 -0.00149765
0.5435 -0.00145082
0.5445 -0.00136844
0.5455 -0.001233
0.5465 -0.0010652
0.5475 -0.000783486
0.5485 -0.00038919
0.5495 7.21326e-05
0.5505 0.000485152
0.5515 0.000728827
0.5525 0.000931399
0.5535 0.0010666
0.5545 0.00114819
0.5555 0.00118557
0.5565 0.00118354
0.5575 0.00114534
0.5585 0.00105927
0.5595 0.000943748
0.5605 0.000723146
0.5615 0.000480684
0.5625 0.000352544
0.5635 8.66773e-05
0.5645 -0.000180058
0.5655 -0.000309934
0.5665 -0.000518973
0.5675 -0.000697792
0.5685 -0.000773825
0.5695 -0.000816201
0.5705 -0.000821832
0.5715 -0.000788703
0.5725 -0.000716499
0.5735 -0.000603696
0.5745 -0.000392414
0.5755 -0.000131378
0.5765 0.000274742
0.5775 0.000672702
0.5785 0.000944398
0.5795 0.00125331
0.5805 0.00169159
0.5815 0.00226446
0.5825 0.00281502
0.5835 0.00352436
0.5845 0.00425723
0.5855 0.00524325
0.5865 0.00632325
0.5875 0.00746246
0.5885 0.00906986
0.5895 0.0105001
0.5905 0.0113744
0.5915 0.0119328
0.5925 0.0122191
0.5935 0.0121771
0.5945 0.011784
0.5955 0.0110581
0.5965 0.00976589
0.5975 0.00779138
0.5985 0.00575127
0.5995 0.0017599
0.6005 -0.00262139
0.6015 -0.00583261
0.6025 -0.00853228
0.6035 -0.0100767
0.6045 -0.011311
0.6055 -0.0120882
0.6065 -0.0124936
0.6075 -0.0125755
0.6085 -0.0123931
0.6095 -0.0119987
0.6105 -0.0111236
0.6115 -0.00998164
0.6125 -0.00837533
0.6135 -0.0069416
0.6145 -0.00592913
0.6155 -0.00480019
0.6165 -0.00353436
0.6175 -0.00239488
0.6185 -0.00150547
0.6195 -0.000400938
0.6205 0.000353843
0.6215 0.000817414
0.6225 0.00125649
0.6235 0.00155987
0.6245 0.00172011
0.6255 0.00181463
0.6265 0.00183713
0.6275 0.00178792
0.6285 0.00166915
0.6295 0.00148563
0.6305 0.00112548
0.6315 0.000684505
0.6325 3.22898e-05
0.6335 -0.000663797
0.6345 -0.00113528
0.6355 -0.00151718
0.6365 -0.00173276
0.6375 -0.00187988
0.6385 -0.00195106
0.6395 -0.00195067
0.6405 -0.00187909
0.6415 -0.00174792
0.6425 -0.00148611
0.6435 -0.00107011
0.6445 -0.000552474
0.6455 0.000555321
0.6465 0.00215948
0.6475 0.00500762
0.6485 0.0110531
0.6495 0.0235628
0.6505 0.0487064
0.6515 0.0964779
0.6525 0.181876
0.6535 0.297433
0.6545 0.381941
0.6555 0.430413
0.6565 0.461856
0.6575 0.495323
0.6585 0.505893
0.6595 0.507475
0.6605 0.50141
0.6615 0.481676
0.6625 0.489966
0.6635 0.500059
0.6645 0.50521
0.6655 0.51049
0.6665 0.501952
0.6675 0.492311
0.6685 0.488641
0.6695 0.49873
0.6705 0.506688
0.6715 0.507898
0.6725 0.503311
0.6735 0.494985
0.6745 0.490833
0.6755 0.497631
0.6765 0.507021
0.6775 0.507396
0.6785 0.503023
0.6795 0.496793
0.6805 0.494051
0.6815 0.496446
0.6825 0.501346
0.6835 0.50425
0.6845 0.502987
0.6855 0.499205
0.6865 0.496201
0.6875 0.49607
0.6885 0.500289
0.6895 0.504183
0.6905 0.504296
0.6915 0.501376
0.6925 0.497903
0.6935 0.497273
0.6945 0.499678
0.6955 0.502225
0.6965 0.50209
0.6975 0.499692
0.6985 0.497023
0.6995 0.496898
0.7005 0.498987
0.7015 0.501769
0.7025 0.502443
0.7035 0.500485
0.7045 0.497891
0.7055 0.497479
0.7065 0.498664
0.7075 0.500389
0.7085 0.501342
0.7095 0.501354
0.7105 0.500488
0.7115 0.499778
0.7125 0.499875
0.7135 0.501361
0.7145 0.502728
0.7155 0.50267
0.7165 0.501063
0.7175 0.499378
0.7185 0.499206
0.7195 0.500147
0.7205 0.500988
0.7215 0.500711
0.7225 0.498778
0.7235 0.496993
0.7245 0.496977
0.7255 0.498705
0.7265 0.500587
0.7275 0.500782
0.7285 0.499619
0.7295 0.498341
0.7305 0.498398
0.7315 0.499528
0.7325 0.500947
0.7335 0.501546
0.7345 0.5017
0.7355 0.50159
0.7365 0.501492
0.7375 0.501549
0.7385 0.50171
0.7395 0.501815
0.7405 0.501728
0.7415 0.501138
0.7425 0.500486
0.7435 0.500181
0.7445 0.499884
0.7455 0.499558
0.7465 0.499143
0.7475 0.498523
0.7485 0.498072
0.7495 0.49803
0.7505 0.498509
0.7515 0.499085
0.7525 0.499205
0.7535 0.499044
0.7545 0.498922
0.7555 0.499105
0.7565 0.500021
0.7575 0.501015
0.7585 0.501324
0.7595 0.50144
0.7605 0.501445
0.7615 0.501442
0.7625 0.501523
0.7635 0.501579
0.7645 0.501482
0.7655 0.501234
0.7665 0.500843
0.7675 0.500477
0.7685 0.500061
0.7695 0.499728
0.7705 0.499498
0.7715 0.499028
0.7725 0.498575
0.7735 0.498442
0.7745 0.498427
0.7755 0.498543
0.7765 0.498721
0.7775 0.49886
0.7785 0.499045
0.7795 0.499239
0.7805 0.499454
0.7815 0.499984
0.7825 0.500507
0.7835 0.500798
0.7845 0.501093
0.7855 0.501242
0.7865 0.501344
0.7875 0.501383
0.7885 0.501345
0.7895 0.50122
0.7905 0.500827
0.7915 0.500451
0.7925 0.50028
0.7935 0.500116
0.7945 0.499936
0.7955 0.499694
0.7965 0.499152
0.7975 0.498687
0.7985 0.49856
0.7995 0.498577
0.8005 0.49881
0.8015 0.499068
0.8025 0.499201
0.8035 0.499425
0.8045 0.499657
0.8055 0.499801
0.8065 0.500095
0.8075 0.500406
0.8085 0.500569
0.8095 0.500692
0.8105 0.500759
0.8115 0.500794
0.8125 0.500795
0.8135 0.500768
0.8145 0.500718
0.8155 0.500595
0.8165 0.500458
0.8175 0.500349
0.8185 0.500213
0.8195 0.500055
0.8205 0.49977
0.8215 0.49945
0.8225 0.499266
0.8235 0.499184
0.8245 0.49919
0.8255 0.499272
0.8265 0.499395
0.8275 0.499494
0.8285 0.499649
0.8295 0.499815
0.8305 0.500063
0.8315 0.500316
0.8325 0.500398
0.8335 0.500427
0.8345 0.500409
0.8355 0.500381
0.8365 0.50038
0.8375 0.500414
0.8385 0.500452
0.8395 0.500452
0.8405 0.500422
0.8415 0.500356
0.8425 0.50021
0.8435 0.499996
0.8445 0.499595
0.8455 0.498946
0.8465 0.49782
0.8475 0.495275
0.8485 0.489575
0.8495 0.477318
0.8505 0.452401
0.8515 0.40483
0.8525 0.31963
0.8535 0.204207
0.8545 0.119696
0.8555 0.0710763
0.8565 0.0393612
0.8575 0.00554362
0.8585 -0.00542404
0.8595 -0.00745277
0.8605 -0.00170679
0.8615 0.0178583
0.8625 0.00947233
0.8635 -0.000616695
0.8645 -0.00574716
0.8655 -0.010989
0.8665 -0.00241437
0.8675 0.00723708
0.8685 0.0109503
0.8695 0.000883839
0.8705 -0.00699981
0.8715 -0.0081529
0.8725 -0.00353499
0.8735 0.0048244
0.8745 0.00900697
0.8755 0.00225166
0.8765 -0.00709842
0.8775 -0.00744354
0.8785 -0.0029941
0.8795 0.00333504
0.8805 0.00613032
0.8815 0.00379994
0.8825 -0.00107329
0.8835 -0.00399925
0.8845 -0.00278698
0.8855 0.000868427
0.8865 0.00377015
0.8875 0.00384825
0.8885 -0.000482122
0.8895 -0.00447928
0.8905 -0.00463239
0.8915 -0.00181978
0.8925 0.00154638
0.8935 0.0021507
0.8945 -0.000315962
0.8955 -0.00290407
0.8965 -0.00277315
0.8975 -0.00039696
0.8985 0.00227403
0.8995 0.00245733
0.9005 0.000491121
0.9015 -0.00213554
0.9025 -0.00268772
0.9035 -0.000494673
0.9045 0.00237076
0.9055 0.00295313
0.9065 0.00207233
0.9075 0.000683025
0.9085 -0.000146713
0.9095 -6.39177e-05
0.9105 0.000850527
0.9115 0.00157772
0.9125 0.00146335
0.9135 -0.000181765
0.9145 -0.00176724
0.9155 -0.00182633
0.9165 -0.000483653
0.9175 0.000902953
0.9185 0.000936696
0.9195 -0.000220479
0.9205 -0.00125207
0.9215 -0.00107842
0.9225 0.000656792
0.9235 0.00227775
0.9245 0.00224311
0.9255 0.000482696
0.9265 -0.00135875
0.9275 -0.00149474
0.9285 -0.000160831
0.9295 0.00134351
0.9305 0.00143376
0.9315 0.000619011
0.9325 -0.000441524
0.9335 -0.000844431
0.9345 -0.000823397
0.9355 -0.000497787
0.9365 -0.000223878
0.9375 -0.000174494
0.9385 -0.000398175
0.9395 -0.000643774
0.9405 -0.000674018
0.9415 -0.000541955
0.9425 -0.000390042
0.9435 -0.000354948
0.9445 -0.000317074
0.9455 -0.000191398
0.9465 8.14478e-05
0.9475 0.000609606
0.9485 0.00102097
0.9495 0.00106069
0.9505 0.000619692
0.9515 0.00013114
0.9525 9.60087e-05
0.9535 0.000449866
0.9545 0.000784417
0.9555 0.000714087
0.9565 8.99833e-05
0.9575 -0.000586467
0.9585 -0.000732556
0.9595 -0.000692493
0.9605 -0.00056902
0.9615 -0.000479351
0.9625 -0.000473038
0.9635 -0.000525961
0.9645 -0.000570579
0.9655 -0.000571366
0.9665 -0.000498113
0.9675 -0.00039845
0.9685 -0.000325234
0.9695 -0.000209015
0.9705 -2.54784e-05
0.9715 0.000477699
0.9725 0.00101304
0.9735 0.00120775
0.9745 0.00129702
0.9755 0.00128055
0.9765 0.00116174
0.9775 0.000967842
0.9785 0.000641271
0.9795 0.000343254
0.9805 0.000151358
0.9815 -0.000216692
0.9825 -0.000574072
0.9835 -0.000774873
0.9845 -0.000927864
0.9855 -0.000995789
0.9865 -0.00100407
0.9875 -0.000947929
0.9885 -0.000819462
0.9895 -0.000636885
0.9905 -0.000239872
0.9915 0.000143859
0.9925 0.000335128
0.9935 0.000475424
0.9945 0.000540728
0.9955 0.000548698
0.9965 0.00050433
0.9975 0.000397307
0.9985 0.000268751
0.9995 0.00019743

# time= 1
0.0005 0.000332144
0.0015 0.000325811
0.0025 0.000312644
0.0035 0.000290545
0.0045 0.000258426
0.0055 0.000209593
0.0065 0.000144423
0.0075 4.73458e-05
0.0085 -7.37286e-05
0.0095 -0.000236005
0.0105 -0.000370619
0.0115 -0.000435108
0.0125 -0.000477089
0.0135 -0.000494028
0.0145 -0.000483944
0.0155 -0.000446414
0.0165 -0.000383914
0.0175 -0.000264652
0.0185 -0.000120201
0.0195 9.8322e-05
0.0205 0.000307863
0.0215 0.000441963
0.0225 0.000549615
0.0235 0.000603008
0.0245 0.000629441
0.0255 0.000626646
0.0265 0.000593341
0.0275 0.000527314
0.0285 0.000431445
0.0295 0.000291373
0.0305 8.46998e-05
0.0315 -8.70236e-05
0.0325 -0.000197137
0.0335 -0.000278703
0.0345 -0.0003367
0.0355 -0.000372934
0.0365 -0.000392242
0.0375 -0.000396085
0.0385 -0.00038573
0.0395 -0.000361153
0.0405 -0.000323499
0.0415 -0.000248384
0.0425 -0.000157485
0.0435 -2.26256e-05
0.0445 0.000112749
0.0455 0.000203751
0.0465 0.000278599
0.0475 0.000315139
0.0485 0.000336668
0.0495 0.000341831
0.0505 0.000330395
0.0515 0.000302999
0.0525 0.000246391
0.0535 0.000173889
0.0545 5.03721e-05
0.0555 -8.58084e-05
0.0565 -0.000178745
0.0575 -0.000254843
0.0585 -0.00029823
0.0595 -0.000328759
0.0605 -0.000344852
0.0615 -0.000349027
0.0625 -0.000341861
0.0635 -0.000324214
0.0645 -0.00028715
0.0655 -0.000240029
0.0665 -0.000161399
0.0675 -8.18277e-05
0.0685 -3.21599e-05
0.0695 2.82795e-05
0.0705 0.000111203
0.0715 0.000177262
0.0725 0.000213364
0.0735 0.000241409
0.0745 0.000256163
0.0755 0.000258587
0.0765 0.000247643
0.0775 0.000223266
0.0785 0.000186761
0.0795 9.56741e-05
0.0805 5.29066e-06
0.0815 -2.883e-05
0.0825 -4.71571e-05
0.0835 -4.62389e-05
0.0845 -2.44075e-05
0.0855 2.06537e-05
0.0865 8.57402e-05
0.0875 0.000239086
0.0885 0.000399611
0.0895 0.000496664
0.0905 0.000572936
0.0915 0.000609303
0.0925 0.00062403
0.0935 0.000617733
0.0945 0.000592646
0.0955 0.000537644
0.0965 0.000465727
0.0975 0.000341508
0.0985 0.000202807
0.0995 0.000127499
0.1005 -2.69825e-05
0.1015 -0.000178452
0.1025 -0.000254917
0.1035 -0.000409636
0.1045 -0.000557605
0.1055 -0.000622226
0.1065 -0.000666229
0.1075 -0.000681946
0.1085 -0.000668242
0.1095 -0.000625187
0.1105 -0.000555818
0.1115 -0.000376162
0.1125 -0.00018764
0.1135 -6.97537e-05
0.1145 2.46762e-05
0.1155 7.17286e-05
0.1165 9.73158e-05
0.1175 0.000100851
0.1185 8.33992e-05
0.1195 4.75714e-05
0.1205 -5.29747e-05
0.1215 -0.000162849
0.1225 -0.000236403
0.1235 -0.000296184
0.1245 -0.000324384
0.1255 -0.000338396
0.1265 -0.000337704
0.1275 -0.000323533
0.1285 -0.000292008
0.1295 -0.000241296
0.1305 -0.000185471
0.1315 -8.1983e-05
0.1325 5.35713e-05
0.1335 0.000137383
0.1345 0.000285393
0.1355 0.000435331
0.1365 0.000500119
0.1375 0.000544133
0.1385 0.000561288
0.1395 0.000551301
0.1405 0.000514838
0.1415 0.000460078
0.1425 0.000341796
0.1435 0.000199714
0.1445 2.47613e-05
0.1455 -0.000166975
0.1465 -0.000315247
0.1475 -0.000426613
0.1485 -0.000486748
0.1495 -0.000527402
0.1505 -0.00054274
0.1515 -0.000535996
0.1525 -0.000508151
0.1535 -0.000452551
0.1545 -0.000372657
0.1555 -0.000229301
0.1565 -6.97109e-05
0.1575 0.000120445
0.1585 0.000340489
0.1595 0.000539418
0.1605 0.000669437
0.1615 0.000742473
0.1625 0.000762723
0.1635 0.000726925
0.1645 0.000655838
0.1655 0.00049847
0.1665 0.00033651
0.1675 0.00012949
0.1685 -7.25377e-05
0.1695 -0.000178105
0.1705 -0.000390002
0.1715 -0.000586824
0.1725 -0.000664762
0.1735 -0.000716264
0.1745 -0.000737215
0.1755 -0.000726258
0.1765 -0.00068459
0.1775 -0.000591339
0.1785 -0.000471492
0.1795 -0.000269067
0.1805 -5.00979e-05
0.1815 8.70244e-05
0.1825 0.000242367
0.1835 0.000538815
0.1845 0.000844092
0.1855 0.000983531
0.1865 0.00107099
0.1875 0.00107459
0.1885 0.00100061
0.1895 0.000729048
0.1905 0.000431714
0.1915 0.000237411
0.1925 -1.15532e-05
0.1935 -0.000194834
0.1945 -0.000334225
0.1955 -0.000578247
0.1965 -0.000821817
0.1975 -0.000918918
0.1985 -0.000982308
0.1995 -0.00100809
0.2005 -0.000996876
0.2015 -0.000950539
0.2025 -0.000862487
0.2035 -0.000735427
0.2045 -0.000479439
0.2055 -0.000185771
0.2065 -3.72025e-08
0.2075 0.000239716
0.2085 0.000652631
0.2095 0.001068
0.2105 0.00129792
0.2115 0.00143041
0.2125 0.00143783
0.2135 0.00132616
0.2145 0.000895919
0.2155 0.000467507
0.2165 0.00023686
0.2175 -3.90814e-05
0.2185 -0.000280504
0.2195 -0.000457203
0.2205 -0.0007893
0.2215 -0.00112086
0.2225 -0.0012228
0.2235 -0.00125365
0.2245 -0.00122873
0.2255 -0.00114925
0.2265 -0.00101205
0.2275 -0.000853412
0.2285 -0.000701321
0.2295 -0.00042981
0.2305 -0.000110885
0.2315 0.000116082
0.2325 0.000392022
0.2335 0.000702401
0.2345 0.00117565
0.2355 0.00158568
0.2365 0.00178175
0.2375 0.0018226
0.2385 0.00164577
0.2395 0.000981976
0.2405 0.000327427
0.2415 0.000129565
0.2425 1.01885e-05
0.2435 -9.27887e-05
0.2445 -0.000254604
0.2455 -0.000778564
0.2465 -0.00125105
0.2475 -0.00134529
0.2485 -0.00131253
0.2495 -0.00113866
0.2505 -0.000979187
0.2515 -0.000868923
0.2525 -0.000728336
0.2535 -0.000588522
0.2545 -0.000249231
0.2555 0.000111538
0.2565 0.000305905
0.2575 0.00057907
0.2585 0.000880998
0.2595 0.0011922
0.2605 0.00171826
0.2615 0.00215234
0.2625 0.00214506
0.2635 0.00181562
0.2645 0.000712429
0.2655 -0.000267108
0.2665 -0.000440474
0.2675 -0.000129125
0.2685 0.000207633
0.2695 8.89035e-05
0.2705 -0.000718563
0.2715 -0.00147826
0.2725 -0.00151649
0.2735 -0.00110488
0.2745 -0.000572068
0.2755 -0.000363738
0.2765 -0.00035187
0.2775 -0.000403266
0.2785 -0.000352573
0.2795 -2.35559e-05
0.2805 0.000376685
0.2815 0.000537787
0.2825 0.00061286
0.2835 0.000708051
0.2845 0.000907129
0.2855 0.00153441
0.2865 0.0021219
0.2875 0.00207155
0.2885 0.00151083
0.2895 -0.000236041
0.2905 -0.00171217
0.2915 -0.00181787
0.2925 -0.000541236
0.2935 0.000762909
0.2945 0.000739996
0.2955 -0.000667308
0.2965 -0.00210664
0.2975 -0.00213514
0.2985 -0.000942242
0.2995 0.000447324
0.3005 0.000690919
0.3015 0.000231195
0.3025 -0.00038942
0.3035 -0.000483795
0.3045 7.90742e-05
0.3055 0.000732323
0.3065 0.000789189
0.3075 0.000453034
0.3085 5.60984e-05
0.3095 0.000152042
0.3105 0.000814573
0.3115 0.00174494
0.3125 0.00221207
0.3135 0.00157793
0.3145 -0.00126426
0.3155 -0.00365736
0.3165 -0.0035676
0.3175 -0.000386278
0.3185 0.00273696
0.3195 0.00279839
0.3205 -9.08672e-05
0.3215 -0.00310813
0.3225 -0.00320783
0.3235 -0.000517775
0.3245 0.00240017
0.3255 0.00265433
0.3265 0.000907295
0.3275 -0.00111283
0.3285 -0.00128426
0.3295 -0.000187043
0.3305 0.00115037
0.3315 0.00119741
0.3325 6.59247e-05
0.3335 -0.00157586
0.3345 -0.00242975
0.3355 -0.00156849
0.3365 0.00141287
0.3375 0.00364716
0.3385 0.0029837
0.3395 -0.00228901
0.3405 -0.00681315
0.3415 -0.00636377
0.3425 0.000409784
0.3435 0.00704342
0.3445 0.00721773
0.3455 0.00125879
0.3465 -0.00486501
0.3475 -0.00503721
0.3485 0.000429215
0.3495 0.00607081
0.3505 0.00597423
0.3515 0.00191269
0.3525 -0.00294723
0.3535 -0.00374903
0.3545 -0.000986466
0.3555 0.00314615
0.3565 0.00464277
0.3575 0.00137394
0.3585 -0.00444912
0.3595 -0.00794516
0.3605 -0.00605835
0.3615 0.0014538
0.3625 0.00728575
0.3635 0.00671909
0.3645 -0.00377724
0.3655 -0.0132053
0.3665 -0.0125867
0.3675 0.000349874
0.3685 0.0137739
0.3695 0.01402
0.3705 0.00137833
0.3715 -0.0116908
0.3725 -0.0107649
0.3735 -0.000401347
0.3745 0.0123562
0.3755 0.0147761
0.3765 0.00483507
0.3775 -0.00919279
0.3785 -0.0160969
0.3795 -0.00875387
0.3805 0.0102074
0.3815 0.0176733
0.3825 0.00767299
0.3835 -0.0132112
0.3845 -0.0290976
0.3855 -0.0218439
0.3865 0.000700429
0.3875 0.0161527
0.3885 0.0134282
0.3895 -0.00858512
0.3905 -0.0409983
0.3915 -0.0190946
0.3925 0.0201872
0.3935 0.0557758
0.3945 0.0910827
0.3955 0.134102
0.3965 0.200966
0.3975 0.298953
0.3985 0.396875
0.3995 0.468866
0.4005 0.531321
0.4015 0.603266
0.4025 0.701055
0.4035 0.798951
0.4045 0.865799
0.4055 0.908757
0.4065 0.943986
0.4075 0.97946
0.4085 1.01872
0.4095 1.04024
0.4105 1.00741
0.4115 0.985418
0.4125 0.982224
0.4135 0.99745
0.4145 1.02098
0.4155 1.02901
0.4165 1.01332
0.4175 0.992825
0.4185 0.983041
0.4195 0.990994
0.4205 1.01054
0.4215 1.01799
0.4225 1.01111
0.4235 0.997043
0.4245 0.986958
0.4255 0.989218
0.4265 1.00179
0.4275 1.01197
0.4285 1.0127
0.4295 0.999218
0.4305 0.986206
0.4315 0.986244
0.4325 0.999077
0.4335 1.01133
0.4345 1.01183
0.4355 1.00194
0.4365 0.991164
0.4375 0.990881
0.4385 0.996862
0.4395 1.00466
0.4405 1.00715
0.4415 1.0042
0.4425 0.998774
0.4435 0.995853
0.4445 0.997728
0.4455 1.00228
0.4465 1.00543
0.4475 1.00488
0.4485 0.999802
0.4495 0.995431
0.4505 0.995246
0.4515 1.00062
0.4525 1.00579
0.4535 1.00542
0.4545 0.998824
0.4555 0.992397
0.4565 0.992348
0.4575 0.998541
0.4585 1.00486
0.4595 1.00518
0.4605 1.00004
0.4615 0.994411
0.4625 0.994086
0.4635 0.996953
0.4645 1.00072
0.4655 1.00214
0.4665 1.00174
0.4675 1.0004
0.4685 0.999442
0.4695 0.999648
0.4705 1.0015
0.4715 1.00309
0.4725 1.00302
0.4735 1.00065
0.4745 0.998437
0.4755 0.998628
0.4765 1.00131
0.4775 1.00361
0.4785 1.00321
0.4795 0.999224
0.4805 0.99547
0.4815 0.995382
0.4825 0.998812
0.4835 1.00257
0.4845 1.00287
0.4855 1.0009
0.4865 0.99843
0.4875 0.997832
0.4885 0.998364
0.4895 0.99943
0.4905 1.0002
0.4915 1.00022
0.4925 0.999385
0.4935 0.998731
0.4945 0.999048
0.4955 1.00059
0.4965 1.00182
0.4975 1.00156
0.4985 0.998924
0.4995 0.996504
0.5005 0.996504
0.5015 0.998924
0.5025 1.00156
0.5035 1.00182
0.5045 1.00059
0.5055 0.999048
0.5065 0.998731
0.5075 0.999385
0.5085 1.00022
0.5095 1.0002
0.5105 0.99943
0.5115 0.998364
0.5125 0.997832
0.5135 0.99843
0.5145 1.0009
0.5155 1.00287
0.5165 1.00257
0.5175 0.998812
0.5185 0.995382
0.5195 0.99547
0.5205 0.999224
0.5215 1.00321
0.5225 1.00361
0.5235 1.00131
0.5245 0.998628
0.5255 0.998437
0.5265 1.00065
0.5275 1.00302
0.5285 1.00309
0.5295 1.0015
0.5305 0.999648
0.5315 0.999442
0.5325 1.0004
0.5335 1.00174
0.5345 1.00214
0.5355 1.00072
0.5365 0.996953
0.5375 0.994086
0.5385 0.994411
0.5395 1.00004
0.5405 1.00518
0.5415 1.00486
0.5425 0.998541
0.5435 0.992348
0.5445 0.992397
0.5455 0.998824
0.5465 1.00542
0.5475 1.00579
0.5485 1.00062
0.5495 0.995246
0.5505 0.995431
0.5515 0.999802
0.5525 1.00488
0.5535 1.00543
0.5545 1.00228
0.5555 0.997728
0.5565 0.995853
0.5575 0.998774
0.5585 1.0042
0.5595 1.00715
0.5605 1.00466
0.5615 0.996862
0.5625 0.990881
0.5635 0.991164
0.5645 1.00194
0.5655 1.01183
0.5665 1.01133
0.5675 0.999077
0.5685 0.986244
0.5695 0.986206
0.5705 0.999218
0.5715 1.0127
0.5725 1.01197
0.5735 1.00179
0.5745 0.989218
0.5755 0.986958
0.5765 0.997043
0.5775 1.01111
0.5785 1.01799
0.5795 1.01054
0.5805 0.990994
0.5815 0.983041
0.5825 0.992825
0.5835 1.01332
0.5845 1.02901
0.5855 1.02098
0.5865 0.99745
0.5875 0.982224
0.5885 0.985418
0.5895 1.00741
0.5905 1.04024
0.5915 1.01872
0.5925 0.97946
0.5935 0.943986
0.5945 0.908757
0.5955 0.865799
0.5965 0.798951
0.5975 0.701055
0.5985 0.603266
0.5995 0.531321
0.6005 0.468866
0.6015 0.396875
0.6025 0.298953
0.6035 0.200966
0.6045 0.134102
0.6055 0.0910827
0.6065 0.0557758
0.6075 0.0201872
0.6085 -0.0190946
0.6095 -0.0409983
0.6105 -0.00858512
0.6115 0.0134282
0.6125 0.0161527
0.6135 0.000700429
0.6145 -0.0218439
0.6155 -0.0290976
0.6165 -0.0132112
0.6175 0.00767299
0.6185 0.0176733
0.6195 0.0102074
0.6205 -0.00875387
0.6215 -0.0160969
0.6225 -0.00919279
0.6235 0.00483507
0.6245 0.0147761
0.6255 0.0123562
0.6265 -0.000401347
0.6275 -0.0107649
0.6285 -0.0116908
0.6295 0.00137833
0.6305 0.01402
0.6315 0.0137739
0.6325 0.000349874
0.6335 -0.0125867
0.6345 -0.0132053
0.6355 -0.00377724
0.6365 0.00671909
0.6375 0.00728575
0.6385 0.0014538
0.6395 -0.00605835
0.6405 -0.00794516
0.6415 -0.00444912
0.6425 0.00137394
0.6435 0.00464277
0.6445 0.00314615
0.6455 -0.000986466
0.6465 -0.00374903
0.6475 -0.00294723
0.6485 0.00191269
0.6495 0.00597423
0.6505 0.00607081
0.6515 0.000429215
0.6525 -0.00503721
0.6535 -0.00486501
0.6545 0.00125879
0.6555 0.00721773
0.6565 0.00704342
0.6575 0.000409784
0.6585 -0.00636377
0.6595 -0.00681315
0.6605 -0.00228901
0.6615 0.0029837
0.6625 0.00364716
0.6635 0.00141287
0.6645 -0.00156849
0.6655 -0.00242975
0.6665 -0.00157586
0.6675 6.59247e-05
0.6685 0.00119741
0.6695 0.00115037
0.6705 -0.000187043
0.6715 -0.00128426
0.6725 -0.00111283
0.6735 0.000907295
0.6745 0.00265433
0.6755 0.00240017
0.6765 -0.000517775
0.6775 -0.00320783
0.6785 -0.00310813
0.6795 -9.08672e-05
0.6805 0.00279839
0.6815 0.00273696
0.6825 -0.000386278
0.6835 -0.0035676
0.6845 -0.00365736
0.6855 -0.00126426
0.6865 0.00157793
0.6875 0.00221207
0.6885 0.00174494
0.6895 0.000814573
0.6905 0.000152042
0.6915 5.60984e-05
0.6925 0.000453034
0.6935 0.000789189
0.6945 0.000732323
0.6955 7.90742e-05
0.6965 -0.000483795
0.6975 -0.00038942
0.6985 0.000231195
0.6995 0.000690919
0.7005 0.000447324
0.7015 -0.000942242
0.7025 -0.00213514
0.7035 -0.00210664
0.7045 -0.000667308
0.7055 0.000739996
0.7065 0.000762909
0.7075 -0.000541236
0.7085 -0.00181787
0.7095 -0.00171217
0.7105 -0.000236041
0.7115 0.00151083
0.7125 0.00207155
0.7135 0.0021219
0.7145 0.00153441
0.7155 0.000907129
0.7165 0.000708051
0.7175 0.00061286
0.7185 0.000537787
0.7195 0.000376685
0.7205 -2.35559e-05
0.7215 -0.000352573
0.7225 -0.000403266
0.7235 -0.00035187
0.7245 -0.000363738
0.7255 -0.000572068
0.7265 -0.00110488
0.7275 -0.00151649
0.7285 -0.00147826
0.7295 -0.000718563
0.7305 8.89035e-05
0.7315 0.000207633
0.7325 -0.000129125
0.7335 -0.000440474
0.7345 -0.000267108
0.7355 0.000712429
0.7365 0.00181562
0.7375 0.00214506
0.7385 0.00215234
0.7395 0.00171826
0.7405 0.0011922
0.7415 0.000880998
0.7425 0.00057907
0.7435 0.000305905
0.7445 0.000111538
0.7455 -0.000249231
0.7465 -0.000588522
0.7475 -0.000728336
0.7485 -0.000868923
0.7495 -0.000979187
0.7505 -0.00113866
0.7515 -0.00131253
0.7525 -0.00134529
0.7535 -0.00125105
0.7545 -0.000778564
0.7555 -0.000254604
0.7565 -9.27887e-05
0.7575 1.01885e-05
0.7585 0.000129565
0.7595 0.000327427
0.7605 0.000981976
0.7615 0.00164577
0.7625 0.0018226
0.7635 0.00178175
0.7645 0.00158568
0.7655 0.00117565
0.7665 0.000702401
0.7675 0.000392022
0.7685 0.000116082
0.7695 -0.000110885
0.7705 -0.00042981
0.7715 -0.000701321
0.7725 -0.000853412
0.7735 -0.00101205
0.7745 -0.00114925
0.7755 -0.00122873
0.7765 -0.00125365
0.7775 -0.0012228
0.7785 -0.00112086
0.7795 -0.0007893
0.7805 -0.000457203
0.7815 -0.000280504
0.7825 -3.90814e-05
0.7835 0.00023686
0.7845 0.000467507
0.7855 0.000895919
0.7865 0.00132616
0.7875 0.00143783
0.7885 0.00143041
0.7895 0.00129792
0.7905 0.001068
0.7915 0.000652631
0.7925 0.000239716
0.7935 -3.72025e-08
0.7945 -0.000185771
0.7955 -0.000479439
0.7965 -0.000735427
0.7975 -0.000862487
0.7985 -0.000950539
0.7995 -0.000996876
0.8005 -0.00100809
0.8015 -0.000982308
0.8025 -0.000918918
0.8035 -0.000821817
0.8045 -0.000578247
0.8055 -0.000334225
0.8065 -0.000194834
0.8075 -1.15532e-05
0.8085 0.000237411
0.8095 0.000431714
0.8105 0.000729048
0.8115 0.00100061
0.8125 0.00107459
0.8135 0.00107099
0.8145 0.000983531
0.8155 0.000844092
0.8165 0.000538815
0.8175 0.000242367
0.8185 8.70244e-05
0.8195 -5.00979e-05
0.8205 -0.000269067
0.8215 -0.000471492
0.8225 -0.000591339
0.8235 -0.00068459
0.8245 -0.000726258
0.8255 -0.000737215
0.8265 -0.000716264
0.8275 -0.000664762
0.8285 -0.000586824
0.8295 -0.000390002
0.8305 -0.000178105
0.8315 -7.25377e-05
0.8325 0.00012949
0.8335 0.00033651
0.8345 0.00049847
0.8355 0.000655838
0.8365 0.000726925
0.8375 0.000762723
0.8385 0.000742473
0.8395 0.000669437
0.8405 0.000539418
0.8415 0.000340489
0.8425 0.000120445
0.8435 -6.97109e-05
0.8445 -0.000229301
0.8455 -0.000372657
0.8465 -0.000452551
0.8475 -0.000508151
0.8485 -0.000535996
0.8495 -0.00054274
0.8505 -0.000527402
0.8515 -0.000486748
0.8525 -0.000426613
0.8535 -0.000315247
0.8545 -0.000166975
0.8555 2.47613e-05
0.8565 0.000199714
0.8575 0.000341796
0.8585 0.000460078
0.8595 0.000514838
0.8605 0.000551301
0.8615 0.000561288
0.8625 0.000544133
0.8635 0.000500119
0.8645 0.000435331
0.8655 0.000285393
0.8665 0.000137383
0.8675 5.35713e-05
0.8685 -8.1983e-05
0.8695 -0.000185471
0.8705 -0.000241296
0.8715 -0.000292008
0.8725 -0.000323533
0.8735 -0.000337704
0.8745 -0.000338396
0.8755 -0.000324384
0.8765 -0.000296184
0.8775 -0.000236403
0.8785 -0.000162849
0.8795 -5.29747e-05
0.8805 4.75714e-05
0.8815 8.33992e-05
0.8825 0.000100851
0.8835 9.73158e-05
0.8845 7.17286e-05
0.8855 2.46762e-05
0.8865 -6.97537e-05
0.8875 -0.00018764
0.8885 -0.000376162
0.8895 -0.000555818
0.8905 -0.000625187
0.8915 -0.000668242
0.8925 -0.000681946
0.8935 -0.000666229
0.8945 -0.000622226
0.8955 -0.000557605
0.8965 -0.000409636
0.8975 -0.000254917
0.8985 -0.000178452
0.8995 -2.69825e-05
0.9005 0.000127499
0.9015 0.000202807
0.9025 0.000341508
0.9035 0.000465727
0.9045 0.000537644
0.9055 0.000592646
0.9065 0.000617733
0.9075 0.00062403
0.9085 0.000609303
0.9095 0.000572936
0.9105 0.000496664
0.9115 0.000399611
0.9125 0.000239086
0.9135 8.57402e-05
0.9145 2.06537e-05
0.9155 -2.44075e-05
0.9165 -4.62389e-05
0.9175 -4.71571e-05
0.9185 -2.883e-05
0.9195 5.29066e-06
0.9205 9.56741e-05
0.9215 0.000186761
0.9225 0.000223266
0.9235 0.000247643
0.9245 0.000258587
0.9255 0.000256163
0.9265 0.000241409
0.9275 0.000213364
0.9285 0.000177262
0.9295 0.000111203
0.9305 2.82795e-05
0.9315 -3.21599e-05
0.9325 -8.18277e-05
0.9335 -0.000161399
0.9345 -0.000240029
0.9355 -0.00028715
0.9365 -0.000324214
0.9375 -0.000341861
0.9385 -0.000349027
0.9395 -0.000344852
0.9405 -0.000328759
0.9415 -0.00029823
0.9425 -0.000254843
0.9435 -0.000178745
0.9445 -8.58084e-05
0.9455 5.03721e-05
0.9465 0.000173889
0.9475 0.000246391
0.9485 0.000302999
0.9495 0.000330395
0.9505 0.000341831
0.9515 0.000336668
0.9525 0.000315139
0.9535 0.000278599
0.9545 0.000203751
0.9555 0.000112749
0.9565 -2.26256e-05
0.9575 -0.000157485
0.9585 -0.000248384
0.9595 -0.000323499
0.9605 -0.000361153
0.9615 -0.00038573
0.9625 -0.000396085
0.9635 -0.000392242
0.9645 -0.000372934
0.9655 -0.0003367
0.9665 -0.000278703
0.9675 -0.000197137
0.9685 -8.70236e-05
0.9695 8.46998e-05
0.9705 0.000291373
0.9715 0.000431445
0.9725 0.000527314
0.9735 0.000593341
0.9745 0.000626646
0.9755 0.000629441
0.9765 0.000603008
0.9775 0.000549615
0.9785 0.000441963
0.9795 0.000307863
0.9805 9.8322e-05
0.9815 -0.000120201
0.9825 -0.000264652
0.9835 -0.000383914
0.9845 -0.000446414
0.9855 -0.000483944
0.9865 -0.000494028
0.9875 -0.000477089
0.9885 -0.000435108
0.9895 -0.000370619
0.9905 -0.000236005
0.9915 -7.37286e-05
0.9925 4.73458e-05
0.9935 0.000144423
0.9945 0.000209593
0.9955 0.000258426
0.9965 0.000290545
0.9975 0.000312644
0.9985 0.000325811
0.9995 0.000332144
