
# time= 0
0.0005 0.00314159
0.0015 0.00942464
0.0025 0.0157073
0.0035 0.0219894
0.0045 0.0282706
0.0055 0.0345506
0.0065 0.0408294
0.0075 0.0471065
0.0085 0.0533817
0.0095 0.0596548
0.0105 0.0659256
0.0115 0.0721938
0.0125 0.0784591
0.0135 0.0847213
0.0145 0.0909802
0.0155 0.0972355
0.0165 0.103487
0.0175 0.109734
0.0185 0.115977
0.0195 0.122216
0.0205 0.128449
0.0215 0.134678
0.0225 0.140901
0.0235 0.147119
0.0245 0.153331
0.0255 0.159537
0.0265 0.165736
0.0275 0.171929
0.0285 0.178115
0.0295 0.184294
0.0305 0.190466
0.0315 0.196631
0.0325 0.202787
0.0335 0.208936
0.0345 0.215076
0.0355 0.221208
0.0365 0.227331
0.0375 0.233445
0.0385 0.23955
0.0395 0.245646
0.0405 0.251732
0.0415 0.257807
0.0425 0.263873
0.0435 0.269928
0.0445 0.275973
0.0455 0.282007
0.0465 0.288029
0.0475 0.29404
0.0485 0.30004
0.0495 0.306028
0.0505 0.312003
0.0515 0.317967
0.0525 0.323917
0.0535 0.329855
0.0545 0.33578
0.0555 0.341692
0.0565 0.34759
0.0575 0.353475
0.0585 0.359345
0.0595 0.365202
0.0605 0.371044
0.0615 0.376871
0.0625 0.382683
0.0635 0.388481
0.0645 0.394263
0.0655 0.400029
0.0665 0.40578
0.0675 0.411514
0.0685 0.417233
0.0695 0.422935
0.0705 0.42862
0.0715 0.434288
0.0725 0.439939
0.0735 0.445573
0.0745 0.451189
0.0755 0.456787
0.0765 0.462368
0.0775 0.46793
0.0785 0.473473
0.0795 0.478998
0.0805 0.484504
0.0815 0.489991
0.0825 0.495459
0.0835 0.500907
0.0845 0.506335
0.0855 0.511743
0.0865 0.517131
0.0875 0.522499
0.0885 0.527846
0.0895 0.533172
0.0905 0.538477
0.0915 0.54376
0.0925 0.549023
0.0935 0.554263
0.0945 0.559482
0.0955 0.564679
0.0965 0.569853
0.0975 0.575005
0.0985 0.580134
0.0995 0.585241
0.1005 0.590324
0.1015 0.595384
0.1025 0.60042
0.1035 0.605433
0.1045 0.610422
0.1055 0.615386
0.1065 0.620327
0.1075 0.625243
0.1085 0.630134
0.1095 0.635
0.1105 0.639841
0.1115 0.644657
0.1125 0.649448
0.1135 0.654213
0.1145 0.658952
0.1155 0.663665
0.1165 0.668352
0.1175 0.673013
0.1185 0.677646
0.1195 0.682254
0.1205 0.686834
0.1215 0.691387
0.1225 0.695913
0.1235 0.700411
0.1245 0.704882
0.1255 0.709325
0.1265 0.71374
0.1275 0.718126
0.1285 0.722485
0.1295 0.726814
0.1305 0.731116
0.1315 0.735388
0.1325 0.739631
0.1335 0.743845
0.1345 0.74803
0.1355 0.752185
0.1365 0.75631
0.1375 0.760406
0.1385 0.764472
0.1395 0.768507
0.1405 0.772512
0.1415 0.776487
0.1425 0.78043
0.1435 0.784343
0.1445 0.788226
0.1455 0.792077
0.1465 0.795896
0.1475 0.799685
0.1485 0.803441
0.1495 0.807166
0.1505 0.81086
0.1515 0.814521
0.1525 0.81815
0.1535 0.821746
0.1545 0.825311
0.1555 0.828842
0.1565 0.832341
0.1575 0.835807
0.1585 0.83924
0.1595 0.84264
0.1605 0.846007
0.1615 0.84934
0.1625 0.85264
0.1635 0.855906
0.1645 0.859139
0.1655 0.862337
0.1665 0.865501
0.1675 0.868632
0.1685 0.871727
0.1695 0.874789
0.1705 0.877816
0.1715 0.880808
0.1725 0.883766
0.1735 0.886688
0.1745 0.889576
0.1755 0.892428
0.1765 0.895246
0.1775 0.898028
0.1785 0.900774
0.1795 0.903485
0.1805 0.90616
0.1815 0.9088
0.1825 0.911403
0.1835 0.913971
0.1845 0.916502
0.1855 0.918998
0.1865 0.921457
0.1875 0.92388
0.1885 0.926266
0.1895 0.928615
0.1905 0.930928
0.1915 0.933205
0.1925 0.935444
0.1935 0.937646
0.1945 0.939812
0.1955 0.94194
0.1965 0.944031
0.1975 0.946085
0.1985 0.948102
0.1995 0.950081
0.2005 0.952023
0.2015 0.953927
0.2025 0.955793
0.2035 0.957622
0.2045 0.959412
0.2055 0.961165
0.2065 0.96288
0.2075 0.964557
0.2085 0.966196
0.2095 0.967797
0.2105 0.96936
0.2115 0.970884
0.2125 0.97237
0.2135 0.973817
0.2145 0.975227
0.2155 0.976597
0.2165 0.977929
0.2175 0.979223
0.2185 0.980478
0.2195 0.981694
0.2205 0.982871
0.2215 0.98401
0.2225 0.985109
0.2235 0.98617
0.2245 0.987192
0.2255 0.988175
0.2265 0.989119
0.2275 0.990024
0.2285 0.990889
0.2295 0.991716
0.2305 0.992504
0.2315 0.993252
0.2325 0.993961
0.2335 0.994631
0.2345 0.995261
0.2355 0.995853
0.2365 0.996405
0.2375 0.996917
0.2385 0.997391
0.2395 0.997825
0.2405 0.998219
0.2415 0.998574
0.2425 0.99889
0.2435 0.999166
0.2445 0.999403
0.2455 0.9996
0.2465 0.999758
0.2475 0.999877
0.2485 0.999956
0.2495 0.999995
0.2505 0.999995
0.2515 0.999956
0.2525 0.999877
0.2535 0.999758
0.2545 0.9996
0.2555 0.999403
0.2565 0.999166
0.2575 0.99889
0.2585 0.998574
0.2595 0.998219
0.2605 0.997825
0.2615 0.997391
0.2625 0.996917
0.2635 0.996405
0.2645 0.995853
0.2655 0.995261
0.2665 0.994631
0.2675 0.993961
0.2685 0.993252
0.2695 0.992504
0.2705 0.991716
0.2715 0.990889
0.2725 0.990024
0.2735 0.989119
0.2745 0.988175
0.2755 0.987192
0.2765 0.98617
0.2775 0.985109
0.2785 0.98401
0.2795 0.982871
0.2805 0.981694
0.2815 0.980478
0.2825 0.979223
0.2835 0.977929
0.2845 0.976597
0.2855 0.975227
0.2865 0.973817
0.2875 0.97237
0.2885 0.970884
0.2895 0.96936
0.2905 0.967797
0.2915 0.966196
0.2925 0.964557
0.2935 0.96288
0.2945 0.961165
0.2955 0.959412
0.2965 0.957622
0.2975 0.955793
0.2985 0.953927
0.2995 0.952023
0.3005 0.950081
0.3015 0.948102
0.3025 0.946085
0.3035 0.944031
0.3045 0.94194
0.3055 0.939812
0.3065 0.937646
0.3075 0.935444
0.3085 0.933205
0.3095 0.930928
0.3105 0.928615
0.3115 0.926266
0.3125 0.92388
0.3135 0.921457
0.3145 0.918998
0.3155 0.916502
0.3165 0.913971
0.3175 0.911403
0.3185 0.9088
0.3195 0.90616
0.3205 0.903485
0.3215 0.900774
0.3225 0.898028
0.3235 0.895246
0.3245 0.892428
0.3255 0.889576
0.3265 0.886688
0.3275 0.883766
0.3285 0.880808
0.3295 0.877816
0.3305 0.874789
0.3315 0.871727
0.3325 0.868632
0.3335 0.865501
0.3345 0.862337
0.3355 0.859139
0.3365 0.855906
0.3375 0.85264
0.3385 0.84934
0.3395 0.846007
0.3405 0.84264
0.3415 0.83924
0.3425 0.835807
0.3435 0.832341
0.3445 0.828842
0.3455 0.825311
0.3465 0.821746
0.3475 0.81815
0.3485 0.814521
0.3495 0.81086
0.3505 0.807166
0.3515 0.803441
0.3525 0.799685
0.3535 0.795896
0.3545 0.792077
0.3555 0.788226
0.3565 0.784343
0.3575 0.78043
0.3585 0.776487
0.3595 0.772512
0.3605 0.768507
0.3615 0.764472
0.3625 0.760406
0.3635 0.75631
0.3645 0.752185
0.3655 0.74803
0.3665 0.743845
0.3675 0.739631
0.3685 0.735388
0.3695 0.731116
0.3705 0.726814
0.3715 0.722485
0.3725 0.718126
0.3735 0.71374
0.3745 0.709325
0.3755 0.704882
0.3765 0.700411
0.3775 0.695913
0.3785 0.691387
0.3795 0.686834
0.3805 0.682254
0.3815 0.677646
0.3825 0.673013
0.3835 0.668352
0.3845 0.663665
0.3855 0.658952
0.3865 0.654213
0.3875 0.649448
0.3885 0.644657
0.3895 0.639841
0.3905 0.635
0.3915 0.630134
0.3925 0.625243
0.3935 0.620327
0.3945 0.615386
0.3955 0.610422
0.3965 0.605433
0.3975 0.60042
0.3985 0.595384
0.3995 0.590324
0.4005 0.585241
0.4015 0.580134
0.4025 0.575005
0.4035 0.569853
0.4045 0.564679
0.4055 0.559482
0.4065 0.554263
0.4075 0.549023
0.4085 0.54376
0.4095 0.538477
0.4105 0.533172
0.4115 0.527846
0.4125 0.522499
0.4135 0.517131
0.4145 0.511743
0.4155 0.506335
0.4165 0.500907
0.4175 0.495459
0.4185 0.489991
0.4195 0.484504
0.4205 0.478998
0.4215 0.473473
0.4225 0.46793
0.4235 0.462368
0.4245 0.456787
0.4255 0.451189
0.4265 0.445573
0.4275 0.439939
0.4285 0.434288
0.4295 0.42862
0.4305 0.422935
0.4315 0.417233
0.4325 0.411514
0.4335 0.40578
0.4345 0.400029
0.4355 0.394263
0.4365 0.388481
0.4375 0.382683
0.4385 0.376871
0.4395 0.371044
0.4405 0.365202
0.4415 0.359345
0.4425 0.353475
0.4435 0.34759
0.4445 0.341692
0.4455 0.33578
0.4465 0.329855
0.4475 0.323917
0.4485 0.317967
0.4495 0.312003
0.4505 0.306028
0.4515 0.30004
0.4525 0.29404
0.4535 0.288029
0.4545 0.282007
0.4555 0.275973
0.4565 0.269928
0.4575 0.263873
0.4585 0.257807
0.4595 0.251732
0.4605 0.245646
0.4615 0.23955
0.4625 0.233445
0.4635 0.227331
0.4645 0.221208
0.4655 0.215076
0.4665 0.208936
0.4675 0.202787
0.4685 0.196631
0.4695 0.190466
0.4705 0.184294
0.4715 0.178115
0.4725 0.171929
0.4735 0.165736
0.4745 0.159537
0.4755 0.153331
0.4765 0.147119
0.4775 0.140901
0.4785 0.134678
0.4795 0.128449
0.4805 0.122216
0.4815 0.115977
0.4825 0.109734
0.4835 0.103487
0.4845 0.0972355
0.4855 0.0909802
0.4865 0.0847213
0.4875 0.0784591
0.4885 0.0721938
0.4895 0.0659256
0.4905 0.0596548
0.4915 0.0533817
0.4925 0.0471065
0.4935 0.0408294
0.4945 0.0345506
0.4955 0.0282706
0.4965 0.0219894
0.4975 0.0157073
0.4985 0.00942464
0.4995 0.00314159
0.5005 -0.00314159
0.5015 -0.00942464
0.5025 -0.0157073
0.5035 -0.0219894
0.5045 -0.0282706
0.5055 -0.0345506
0.5065 -0.0408294
0.5075 -0.0471065
0.5085 -0.0533817
0.5095 -0.0596548
0.5105 -0.0659256
0.5115 -0.0721938
0.5125 -0.0784591
0.5135 -0.0847213
0.5145 -0.0909802
0.5155 -0.0972355
0.5165 -0.103487
0.5175 -0.109734
0.5185 -0.115977
0.5195 -0.122216
0.5205 -0.128449
0.5215 -0.134678
0.5225 -0.140901
0.5235 -0.147119
0.5245 -0.153331
0.5255 -0.159537
0.5265 -0.165736
0.5275 -0.171929
0.5285 -0.178115
0.5295 -0.184294
0.5305 -0.190466
0.5315 -0.196631
0.5325 -0.202787
0.5335 -0.208936
0.5345 -0.215076
0.5355 -0.221208
0.5365 -0.227331
0.5375 -0.233445
0.5385 -0.23955
0.5395 -0.245646
0.5405 -0.251732
0.5415 -0.257807
0.5425 -0.263873
0.5435 -0.269928
0.5445 -0.275973
0.5455 -0.282007
0.5465 -0.288029
0.5475 -0.29404
0.5485 -0.30004
0.5495 -0.306028
0.5505 -0.312003
0.5515 -0.317967
0.5525 -0.323917
0.5535 -0.329855
0.5545 -0.33578
0.5555 -0.341692
0.5565 -0.34759
0.5575 -0.353475
0.5585 -0.359345
0.5595 -0.365202
0.5605 -0.371044
0.5615 -0.376871
0.5625 -0.382683
0.5635 -0.388481
0.5645 -0.394263
0.5655 -0.400029
0.5665 -0.40578
0.5675 -0.411514
0.5685 -0.417233
0.5695 -0.422935
0.5705 -0.42862
0.5715 -0.434288
0.5725 -0.439939
0.5735 -0.445573
0.5745 -0.451189
0.5755 -0.456787
0.5765 -0.462368
0.5775 -0.46793
0.5785 -0.473473
0.5795 -0.478998
0.5805 -0.484504
0.5815 -0.489991
0.5825 -0.495459
0.5835 -0.500907
0.5845 -0.506335
0.5855 -0.511743
0.5865 -0.517131
0.5875 -0.522499
0.5885 -0.527846
0.5895 -0.533172
0.5905 -0.538477
0.5915 -0.54376
0.5925 -0.549023
0.5935 -0.554263
0.5945 -0.559482
0.5955 -0.564679
0.5965 -0.569853
0.5975 -0.575005
0.5985 -0.580134
0.5995 -0.585241
0.6005 -0.590324
0.6015 -0.595384
0.6025 -0.60042
0.6035 -0.605433
0.6045 -0.610422
0.6055 -0.615386
0.6065 -0.620327
0.6075 -0.625243
0.6085 -0.630134
0.6095 -0.635
0.6105 -0.639841
0.6115 -0.644657
0.6125 -0.649448
0.6135 -0.654213
0.6145 -0.658952
0.6155 -0.663665
0.6165 -0.668352
0.6175 -0.673013
0.6185 -0.677646
0.6195 -0.682254
0.6205 -0.686834
0.6215 -0.691387
0.6225 -0.695913
0.6235 -0.700411
0.6245 -0.704882
0.6255 -0.709325
0.6265 -0.71374
0.6275 -0.718126
0.6285 -0.722485
0.6295 -0.726814
0.6305 -0.731116
0.6315 -0.735388
0.6325 -0.739631
0.6335 -0.743845
0.6345 -0.74803
0.6355 -0.752185
0.6365 -0.75631
0.6375 -0.760406
0.6385 -0.764472
0.6395 -0.768507
0.6405 -0.772512
0.6415 -0.776487
0.6425 -0.78043
0.6435 -0.784343
0.6445 -0.788226
0.6455 -0.792077
0.6465 -0.795896
0.6475 -0.799685
0.6485 -0.803441
0.6495 -0.807166
0.6505 -0.81086
0.6515 -0.814521
0.6525 -0.81815
0.6535 -0.821746
0.6545 -0.825311
0.6555 -0.828842
0.6565 -0.832341
0.6575 -0.835807
0.6585 -0.83924
0.6595 -0.84264
0.6605 -0.846007
0.6615 -0.84934
0.6625 -0.85264
0.6635 -0.855906
0.6645 -0.859139
0.6655 -0.862337
0.6665 -0.865501
0.6675 -0.868632
0.6685 -0.871727
0.6695 -0.874789
0.6705 -0.877816
0.6715 -0.880808
0.6725 -0.883766
0.6735 -0.886688
0.6745 -0.889576
0.6755 -0.892428
0.6765 -0.895246
0.6775 -0.898028
0.6785 -0.900774
0.6795 -0.903485
0.6805 -0.90616
0.6815 -0.9088
0.6825 -0.911403
0.6835 -0.913971
0.6845 -0.916502
0.6855 -0.918998
0.6865 -0.921457
0.6875 -0.92388
0.6885 -0.926266
0.6895 -0.928615
0.6905 -0.930928
0.6915 -0.933205
0.6925 -0.935444
0.6935 -0.937646
0.6945 -0.939812
0.6955 -0.94194
0.6965 -0.944031
0.6975 -0.946085
0.6985 -0.948102
0.6995 -0.950081
0.7005 -0.952023
0.7015 -0.953927
0.7025 -0.955793
0.7035 -0.957622
0.7045 -0.959412
0.7055 -0.961165
0.7065 -0.96288
0.7075 -0.964557
0.7085 -0.966196
0.7095 -0.967797
0.7105 -0.96936
0.7115 -0.970884
0.7125 -0.97237
0.7135 -0.973817
0.7145 -0.975227
0.7155 -0.976597
0.7165 -0.977929
0.7175 -0.979223
0.7185 -0.980478
0.7195 -0.981694
0.7205 -0.982871
0.7215 -0.98401
0.7225 -0.985109
0.7235 -0.98617
0.7245 -0.987192
0.7255 -0.988175
0.7265 -0.989119
0.7275 -0.990024
0.7285 -0.990889
0.7295 -0.991716
0.7305 -0.992504
0.7315 -0.993252
0.7325 -0.993961
0.7335 -0.994631
0.7345 -0.995261
0.7355 -0.995853
0.7365 -0.996405
0.7375 -0.996917
0.7385 -0.997391
0.7395 -0.997825
0.7405 -0.998219
0.7415 -0.998574
0.7425 -0.99889
0.7435 -0.999166
0.7445 -0.999403
0.7455 -0.9996
0.7465 -0.999758
0.7475 -0.999877
0.7485 -0.999956
0.7495 -0.999995
0.7505 -0.999995
0.7515 -0.999956
0.7525 -0.999877
0.7535 -0.999758
0.7545 -0.9996
0.7555 -0.999403
0.7565 -0.999166
0.7575 -0.99889
0.7585 -0.998574
0.7595 -0.998219
0.7605 -0.997825
0.7615 -0.997391
0.7625 -0.996917
0.7635 -0.996405
0.7645 -0.995853
0.7655 -0.995261
0.7665 -0.994631
0.7675 -0.993961
0.7685 -0.993252
0.7695 -0.992504
0.7705 -0.991716
0.7715 -0.990889
0.7725 -0.990024
0.7735 -0.989119
0.7745 -0.988175
0.7755 -0.987192
0.7765 -0.98617
0.7775 -0.985109
0.7785 -0.98401
0.7795 -0.982871
0.7805 -0.981694
0.7815 -0.980478
0.7825 -0.979223
0.7835 -0.977929
0.7845 -0.976597
0.7855 -0.975227
0.7865 -0.973817
0.7875 -0.97237
0.7885 -0.970884
0.7895 -0.96936
0.7905 -0.967797
0.7915 -0.966196
0.7925 -0.964557
0.7935 -0.96288
0.7945 -0.961165
0.7955 -0.959412
0.7965 -0.957622
0.7975 -0.955793
0.7985 -0.953927
0.7995 -0.952023
0.8005 -0.950081
0.8015 -0.948102
0.8025 -0.946085
0.8035 -0.944031
0.8045 -0.94194
0.8055 -0.939812
0.8065 -0.937646
0.8075 -0.935444
0.8085 -0.933205
0.8095 -0.930928
0.8105 -0.928615
0.8115 -0.926266
0.8125 -0.92388
0.8135 -0.921457
0.8145 -0.918998
0.8155 -0.916502
0.8165 -0.913971
0.8175 -0.911403
0.8185 -0.9088
0.8195 -0.90616
0.8205 -0.903485
0.8215 -0.900774
0.8225 -0.898028
0.8235 -0.895246
0.8245 -0.892428
0.8255 -0.889576
0.8265 -0.886688
0.8275 -0.883766
0.8285 -0.880808
0.8295 -0.877816
0.8305 -0.874789
0.8315 -0.871727
0.8325 -0.868632
0.8335 -0.865501
0.8345 -0.862337
0.8355 -0.859139
0.8365 -0.855906
0.8375 -0.85264
0.8385 -0.84934
0.8395 -0.846007
0.8405 -0.84264
0.8415 -0.83924
0.8425 -0.835807
0.8435 -0.832341
0.8445 -0.828842
0.8455 -0.825311
0.8465 -0.821746
0.8475 -0.81815
0.8485 -0.814521
0.8495 -0.81086
0.8505 -0.807166
0.8515 -0.803441
0.8525 -0.799685
0.8535 -0.795896
0.8545 -0.792077
0.8555 -0.788226
0.8565 -0.784343
0.8575 -0.78043
0.8585 -0.776487
0.8595 -0.772512
0.8605 -0.768507
0.8615 -0.764472
0.8625 -0.760406
0.8635 -0.75631
0.8645 -0.752185
0.8655 -0.74803
0.8665 -0.743845
0.8675 -0.739631
0.8685 -0.735388
0.8695 -0.731116
0.8705 -0.726814
0.8715 -0.722485
0.8725 -0.718126
0.8735 -0.71374
0.8745 -0.709325
0.8755 -0.704882
0.8765 -0.700411
0.8775 -0.695913
0.8785 -0.691387
0.8795 -0.686834
0.8805 -0.682254
0.8815 -0.677646
0.8825 -0.673013
0.8835 -0.668352
0.8845 -0.663665
0.8855 -0.658952
0.8865 -0.654213
0.8875 -0.649448
0.8885 -0.644657
0.8895 -0.639841
0.8905 -0.635
0.8915 -0.630134
0.8925 -0.625243
0.8935 -0.620327
0.8945 -0.615386
0.8955 -0.610422
0.8965 -0.605433
0.8975 -0.60042
0.8985 -0.595384
0.8995 -0.590324
0.9005 -0.585241
0.9015 -0.580134
0.9025 -0.575005
0.9035 -0.569853
0.9045 -0.564679
0.9055 -0.559482
0.9065 -0.554263
0.9075 -0.549023
0.9085 -0.54376
0.9095 -0.538477
0.9105 -0.533172
0.9115 -0.527846
0.9125 -0.522499
0.9135 -0.517131
0.9145 -0.511743
0.9155 -0.506335
0.9165 -0.500907
0.9175 -0.495459
0.9185 -0.489991
0.9195 -0.484504
0.9205 -0.478998
0.9215 -0.473473
0.9225 -0.46793
0.9235 -0.462368
0.9245 -0.456787
0.9255 -0.451189
0.9265 -0.445573
0.9275 -0.439939
0.9285 -0.434288
0.9295 -0.42862
0.9305 -0.422935
0.9315 -0.417233
0.9325 -0.411514
0.9335 -0.40578
0.9345 -0.400029
0.9355 -0.394263
0.9365 -0.388481
0.9375 -0.382683
0.9385 -0.376871
0.9395 -0.371044
0.9405 -0.365202
0.9415 -0.359345
0.9425 -0.353475
0.9435 -0.34759
0.9445 -0.341692
0.9455 -0.33578
0.9465 -0.329855
0.9475 -0.323917
0.9485 -0.317967
0.9495 -0.312003
0.9505 -0.306028
0.9515 -0.30004
0.9525 -0.29404
0.9535 -0.288029
0.9545 -0.282007
0.9555 -0.275973
0.9565 -0.269928
0.9575 -0.263873
0.9585 -0.257807
0.9595 -0.251732
0.9605 -0.245646
0.9615 -0.23955
0.9625 -0.233445
0.9635 -0.227331
0.9645 -0.221208
0.9655 -0.215076
0.9665 -0.208936
0.9675 -0.202787
0.9685 -0.196631
0.9695 -0.190466
0.9705 -0.184294
0.9715 -0.178115
0.9725 -0.171929
0.9735 -0.165736
0.9745 -0.159537
0.9755 -0.153331
0.9765 -0.147119
0.9775 -0.140901
0.9785 -0.134678
0.9795 -0.128449
0.9805 -0.122216
0.9815 -0.115977
0.9825 -0.109734
0.9835 -0.103487
0.9845 -0.0972355
0.9855 -0.0909802
0.9865 -0.0847213
0.9875 -0.0784591
0.9885 -0.0721938
0.9895 -0.0659256
0.9905 -0.0596548
0.9915 -0.0533817
0.9925 -0.0471065
0.9935 -0.0408294
0.9945 -0.0345506
0.9955 -0.0282706
0.9965 -0.0219894
0.9975 -0.0157073
0.9985 -0.00942464
0.9995 -0.00314159

# time= 0.2496
0.0005 3.44903e-16
0.0015 1.58007e-05
0.0025 3.15987e-05
0.0035 4.73939e-05
0.0045 6.31863e-05
0.0055 7.89758e-05
0.0065 9.47618e-05
0.0075 0.000110544
0.0085 0.000126322
0.0095 0.000142094
0.0105 0.000157861
0.0115 0.000173622
0.0125 0.000189376
0.0135 0.000205122
0.0145 0.000220861
0.0155 0.00023659
0.0165 0.000252311
0.0175 0.000268021
0.0185 0.000283721
0.0195 0.000299409
0.0205 0.000315086
0.0215 0.00033075
0.0225 0.000346401
0.0235 0.000362039
0.0245 0.000377662
0.0255 0.000393271
0.0265 0.000408863
0.0275 0.00042444
0.0285 0.00044
0.0295 0.000455543
0.0305 0.000471067
0.0315 0.000486573
0.0325 0.00050206
0.0335 0.000517527
0.0345 0.000532973
0.0355 0.000548399
0.0365 0.000563803
0.0375 0.000579184
0.0385 0.000594543
0.0395 0.000609878
0.0405 0.000625189
0.0415 0.000640476
0.0425 0.000655737
0.0435 0.000670972
0.0445 0.000686181
0.0455 0.000701363
0.0465 0.000716517
0.0475 0.000731642
0.0485 0.000746739
0.0495 0.000761807
0.0505 0.000776844
0.0515 0.000791851
0.0525 0.000806826
0.0535 0.00082177
0.0545 0.000836681
0.0555 0.000851559
0.0565 0.000866403
0.0575 0.000881213
0.0585 0.000895989
0.0595 0.000910729
0.0605 0.000925433
0.0615 0.000940101
0.0625 0.000954731
0.0635 0.000969324
0.0645 0.000983878
0.0655 0.000998394
0.0665 0.00101287
0.0675 0.00102731
0.0685 0.0010417
0.0695 0.00105606
0.0705 0.00107037
0.0715 0.00108464
0.0725 0.00109887
0.0735 0.00111305
0.0745 0.00112719
0.0755 0.00114129
0.0765 0.00115534
0.0775 0.00116935
0.0785 0.0011833
0.0795 0.00119722
0.0805 0.00121108
0.0815 0.0012249
0.0825 0.00123867
0.0835 0.00125239
0.0845 0.00126606
0.0855 0.00127968
0.0865 0.00129325
0.0875 0.00130677
0.0885 0.00132024
0.0895 0.00133365
0.0905 0.00134701
0.0915 0.00136032
0.0925 0.00137358
0.0935 0.00138678
0.0945 0.00139993
0.0955 0.00141302
0.0965 0.00142606
0.0975 0.00143904
0.0985 0.00145196
0.0995 0.00146482
0.1005 0.00147763
0.1015 0.00149038
0.1025 0.00150307
0.1035 0.0015157
0.1045 0.00152827
0.1055 0.00154078
0.1065 0.00155323
0.1075 0.00156562
0.1085 0.00157795
0.1095 0.00159021
0.1105 0.00160242
0.1115 0.00161456
0.1125 0.00162663
0.1135 0.00163864
0.1145 0.00165059
0.1155 0.00166247
0.1165 0.00167428
0.1175 0.00168603
0.1185 0.00169771
0.1195 0.00170933
0.1205 0.00172088
0.1215 0.00173236
0.1225 0.00174377
0.1235 0.00175511
0.1245 0.00176639
0.1255 0.00177759
0.1265 0.00178872
0.1275 0.00179979
0.1285 0.00181078
0.1295 0.0018217
0.1305 0.00183255
0.1315 0.00184332
0.1325 0.00185403
0.1335 0.00186466
0.1345 0.00187521
0.1355 0.0018857
0.1365 0.00189611
0.1375 0.00190644
0.1385 0.0019167
0.1395 0.00192688
0.1405 0.00193699
0.1415 0.00194701
0.1425 0.00195697
0.1435 0.00196684
0.1445 0.00197664
0.1455 0.00198636
0.1465 0.001996
0.1475 0.00200557
0.1485 0.00201505
0.1495 0.00202445
0.1505 0.00203378
0.1515 0.00204302
0.1525 0.00205219
0.1535 0.00206127
0.1545 0.00207027
0.1555 0.00207919
0.1565 0.00208802
0.1575 0.00209678
0.1585 0.00210545
0.1595 0.00211404
0.1605 0.00212254
0.1615 0.00213097
0.1625 0.0021393
0.1635 0.00214756
0.1645 0.00215572
0.1655 0.00216381
0.1665 0.00217181
0.1675 0.00217972
0.1685 0.00218754
0.1695 0.00219528
0.1705 0.00220293
0.1715 0.0022105
0.1725 0.00221798
0.1735 0.00222537
0.1745 0.00223267
0.1755 0.00223989
0.1765 0.00224701
0.1775 0.00225405
0.1785 0.002261
0.1795 0.00226786
0.1805 0.00227463
0.1815 0.00228131
0.1825 0.0022879
0.1835 0.0022944
0.1845 0.00230081
0.1855 0.00230713
0.1865 0.00231336
0.1875 0.00231949
0.1885 0.00232554
0.1895 0.00233149
0.1905 0.00233735
0.1915 0.00234312
0.1925 0.00234879
0.1935 0.00235438
0.1945 0.00235987
0.1955 0.00236526
0.1965 0.00237057
0.1975 0.00237578
0.1985 0.00238089
0.1995 0.00238592
0.2005 0.00239084
0.2015 0.00239568
0.2025 0.00240042
0.2035 0.00240506
0.2045 0.00240961
0.2055 0.00241406
0.2065 0.00241842
0.2075 0.00242269
0.2085 0.00242686
0.2095 0.00243093
0.2105 0.0024349
0.2115 0.00243878
0.2125 0.00244257
0.2135 0.00244626
0.2145 0.00244985
0.2155 0.00245334
0.2165 0.00245673
0.2175 0.00246004
0.2185 0.00246324
0.2195 0.00246635
0.2205 0.00246935
0.2215 0.00247226
0.2225 0.00247507
0.2235 0.00247779
0.2245 0.00248042
0.2255 0.00248293
0.2265 0.00248535
0.2275 0.00248766
0.2285 0.00248988
0.2295 0.00249202
0.2305 0.00249408
0.2315 0.00249604
0.2325 0.00249787
0.2335 0.00249958
0.2345 0.00250115
0.2355 0.00250262
0.2365 0.00250402
0.2375 0.00250537
0.2385 0.00250669
0.2395 0.00250795
0.2405 0.00250912
0.2415 0.00251016
0.2425 0.00251104
0.2435 0.00251174
0.2445 0.00251224
0.2455 0.00251257
0.2465 0.00251276
0.2475 0.00251285
0.2485 0.00251289
0.2495 0.00251289
0.2505 0.00251289
0.2515 0.00251289
0.2525 0.00251289
0.2535 0.00251285
0.2545 0.00251276
0.2555 0.00251257
0.2565 0.00251224
0.2575 0.00251174
0.2585 0.00251104
0.2595 0.00251016
0.2605 0.00250912
0.2615 0.00250795
0.2625 0.00250669
0.2635 0.00250537
0.2645 0.00250402
0.2655 0.00250262
0.2665 0.00250115
0.2675 0.00249958
0.2685 0.00249787
0.2695 0.00249604
0.2705 0.00249408
0.2715 0.00249202
0.2725 0.00248988
0.2735 0.00248766
0.2745 0.00248535
0.2755 0.00248293
0.2765 0.00248042
0.2775 0.00247779
0.2785 0.00247507
0.2795 0.00247226
0.2805 0.00246935
0.2815 0.00246635
0.2825 0.00246324
0.2835 0.00246004
0.2845 0.00245673
0.2855 0.00245334
0.2865 0.00244985
0.2875 0.00244626
0.2885 0.00244257
0.2895 0.00243878
0.2905 0.0024349
0.2915 0.00243093
0.2925 0.00242686
0.2935 0.00242269
0.2945 0.00241842
0.2955 0.00241406
0.2965 0.00240961
0.2975 0.00240506
0.2985 0.00240042
0.2995 0.00239568
0.3005 0.00239084
0.3015 0.00238592
0.3025 0.00238089
0.3035 0.00237578
0.3045 0.00237057
0.3055 0.00236526
0.3065 0.00235987
0.3075 0.00235438
0.3085 0.00234879
0.3095 0.00234312
0.3105 0.00233735
0.3115 0.00233149
0.3125 0.00232554
0.3135 0.00231949
0.3145 0.00231336
0.3155 0.00230713
0.3165 0.00230081
0.3175 0.0022944
0.3185 0.0022879
0.3195 0.00228131
0.3205 0.00227463
0.3215 0.00226786
0.3225 0.002261
0.3235 0.00225405
0.3245 0.00224701
0.3255 0.00223989
0.3265 0.00223267
0.3275 0.00222537
0.3285 0.00221798
0.3295 0.0022105
0.3305 0.00220293
0.3315 0.00219528
0.3325 0.00218754
0.3335 0.00217972
0.3345 0.00217181
0.3355 0.00216381
0.3365 0.00215572
0.3375 0.00214756
0.3385 0.0021393
0.3395 0.00213097
0.3405 0.00212254
0.3415 0.00211404
0.3425 0.00210545
0.3435 0.00209678
0.3445 0.00208802
0.3455 0.00207919
0.3465 0.00207027
0.3475 0.00206127
0.3485 0.00205219
0.3495 0.00204302
0.3505 0.00203378
0.3515 0.00202445
0.3525 0.00201505
0.3535 0.00200557
0.3545 0.001996
0.3555 0.00198636
0.3565 0.00197664
0.3575 0.00196684
0.3585 0.00195697
0.3595 0.00194701
0.3605 0.00193699
0.3615 0.00192688
0.3625 0.0019167
0.3635 0.00190644
0.3645 0.00189611
0.3655 0.0018857
0.3665 0.00187521
0.3675 0.00186466
0.3685 0.00185403
0.3695 0.00184332
0.3705 0.00183255
0.3715 0.0018217
0.3725 0.00181078
0.3735 0.00179979
0.3745 0.00178872
0.3755 0.00177759
0.3765 0.00176639
0.3775 0.00175511
0.3785 0.00174377
0.3795 0.00173236
0.3805 0.00172088
0.3815 0.00170933
0.3825 0.00169771
0.3835 0.00168603
0.3845 0.00167428
0.3855 0.00166247
0.3865 0.00165059
0.3875 0.00163864
0.3885 0.00162663
0.3895 0.00161456
0.3905 0.00160242
0.3915 0.00159021
0.3925 0.00157795
0.3935 0.00156562
0.3945 0.00155323
0.3955 0.00154078
0.3965 0.00152827
0.3975 0.0015157
0.3985 0.00150307
0.3995 0.00149038
0.4005 0.00147763
0.4015 0.00146482
0.4025 0.00145196
0.4035 0.00143904
0.4045 0.00142606
0.4055 0.00141302
0.4065 0.00139993
0.4075 0.00138678
0.4085 0.00137358
0.4095 0.00136032
0.4105 0.00134701
0.4115 0.00133365
0.4125 0.00132024
0.4135 0.00130677
0.4145 0.00129325
0.4155 0.00127968
0.4165 0.00126606
0.4175 0.00125239
0.4185 0.00123867
0.4195 0.0012249
0.4205 0.00121108
0.4215 0.00119722
0.4225 0.0011833
0.4235 0.00116935
0.4245 0.00115534
0.4255 0.00114129
0.4265 0.00112719
0.4275 0.00111305
0.4285 0.00109887
0.4295 0.00108464
0.4305 0.00107037
0.4315 0.00105606
0.4325 0.0010417
0.4335 0.00102731
0.4345 0.00101287
0.4355 0.000998394
0.4365 0.000983878
0.4375 0.000969324
0.4385 0.000954731
0.4395 0.000940101
0.4405 0.000925433
0.4415 0.000910729
0.4425 0.000895989
0.4435 0.000881213
0.4445 0.000866403
0.4455 0.000851559
0.4465 0.000836681
0.4475 0.00082177
0.4485 0.000806826
0.4495 0.000791851
0.4505 0.000776844
0.4515 0.000761807
0.4525 0.000746739
0.4535 0.000731642
0.4545 0.000716517
0.4555 0.000701363
0.4565 0.000686181
0.4575 0.000670972
0.4585 0.000655737
0.4595 0.000640476
0.4605 0.000625189
0.4615 0.000609878
0.4625 0.000594543
0.4635 0.000579184
0.4645 0.000563803
0.4655 0.000548399
0.4665 0.000532973
0.4675 0.000517527
0.4685 0.00050206
0.4695 0.000486573
0.4705 0.000471067
0.4715 0.000455543
0.4725 0.00044
0.4735 0.00042444
0.4745 0.000408863
0.4755 0.000393271
0.4765 0.000377662
0.4775 0.000362039
0.4785 0.000346401
0.4795 0.00033075
0.4805 0.000315086
0.4815 0.000299409
0.4825 0.000283721
0.4835 0.000268021
0.4845 0.000252311
0.4855 0.00023659
0.4865 0.000220861
0.4875 0.000205122
0.4885 0.000189376
0.4895 0.000173622
0.4905 0.000157861
0.4915 0.000142094
0.4925 0.000126322
0.4935 0.000110544
0.4945 9.47618e-05
0.4955 7.89758e-05
0.4965 6.31863e-05
0.4975 4.73939e-05
0.4985 3.15987e-05
0.4995 1.58007e-05
0.5005 -4.6405e-17
0.5015 -1.58007e-05
0.5025 -3.15987e-05
0.5035 -4.73939e-05
0.5045 -6.31863e-05
0.5055 -7.89758e-05
0.5065 -9.47618e-05
0.5075 -0.000110544
0.5085 -0.000126322
0.5095 -0.000142094
0.5105 -0.000157861
0.5115 -0.000173622
0.5125 -0.000189376
0.5135 -0.000205122
0.5145 -0.000220861
0.5155 -0.00023659
0.5165 -0.000252311
0.5175 -0.000268021
0.5185 -0.000283721
0.5195 -0.000299409
0.5205 -0.000315086
0.5215 -0.00033075
0.5225 -0.000346401
0.5235 -0.000362039
0.5245 -0.000377662
0.5255 -0.000393271
0.5265 -0.000408863
0.5275 -0.00042444
0.5285 -0.00044
0.5295 -0.000455543
0.5305 -0.000471067
0.5315 -0.000486573
0.5325 -0.00050206
0.5335 -0.000517527
0.5345 -0.000532973
0.5355 -0.000548399
0.5365 -0.000563803
0.5375 -0.000579184
0.5385 -0.000594543
0.5395 -0.000609878
0.5405 -0.000625189
0.5415 -0.000640476
0.5425 -0.000655737
0.5435 -0.000670972
0.5445 -0.000686181
0.5455 -0.000701363
0.5465 -0.000716517
0.5475 -0.000731642
0.5485 -0.000746739
0.5495 -0.000761807
0.5505 -0.000776844
0.5515 -0.000791851
0.5525 -0.000806826
0.5535 -0.00082177
0.5545 -0.000836681
0.5555 -0.000851559
0.5565 -0.000866403
0.5575 -0.000881213
0.5585 -0.000895989
0.5595 -0.000910729
0.5605 -0.000925433
0.5615 -0.000940101
0.5625 -0.000954731
0.5635 -0.000969324
0.5645 -0.000983878
0.5655 -0.000998394
0.5665 -0.00101287
0.5675 -0.00102731
0.5685 -0.0010417
0.5695 -0.00105606
0.5705 -0.00107037
0.5715 -0.00108464
0.5725 -0.00109887
0.5735 -0.00111305
0.5745 -0.00112719
0.5755 -0.00114129
0.5765 -0.00115534
0.5775 -0.00116935
0.5785 -0.0011833
0.5795 -0.00119722
0.5805 -0.00121108
0.5815 -0.0012249
0.5825 -0.00123867
0.5835 -0.00125239
0.5845 -0.00126606
0.5855 -0.00127968
0.5865 -0.00129325
0.5875 -0.00130677
0.5885 -0.00132024
0.5895 -0.00133365
0.5905 -0.00134701
0.5915 -0.00136032
0.5925 -0.00137358
0.5935 -0.00138678
0.5945 -0.00139993
0.5955 -0.00141302
0.5965 -0.00142606
0.5975 -0.00143904
0.5985 -0.00145196
0.5995 -0.00146482
0.6005 -0.00147763
0.6015 -0.00149038
0.6025 -0.00150307
0.6035 -0.0015157
0.6045 -0.00152827
0.6055 -0.00154078
0.6065 -0.00155323
0.6075 -0.00156562
0.6085 -0.00157795
0.6095 -0.00159021
0.6105 -0.00160242
0.6115 -0.00161456
0.6125 -0.00162663
0.6135 -0.00163864
0.6145 -0.00165059
0.6155 -0.00166247
0.6165 -0.00167428
0.6175 -0.00168603
0.6185 -0.00169771
0.6195 -0.00170933
0.6205 -0.00172088
0.6215 -0.00173236
0.6225 -0.00174377
0.6235 -0.00175511
0.6245 -0.00176639
0.6255 -0.00177759
0.6265 -0.00178872
0.6275 -0.00179979
0.6285 -0.00181078
0.6295 -0.0018217
0.6305 -0.00183255
0.6315 -0.00184332
0.6325 -0.00185403
0.6335 -0.00186466
0.6345 -0.00187521
0.6355 -0.0018857
0.6365 -0.00189611
0.6375 -0.00190644
0.6385 -0.0019167
0.6395 -0.00192688
0.6405 -0.00193699
0.6415 -0.00194701
0.6425 -0.00195697
0.6435 -0.00196684
0.6445 -0.00197664
0.6455 -0.00198636
0.6465 -0.001996
0.6475 -0.00200557
0.6485 -0.00201505
0.6495 -0.00202445
0.6505 -0.00203378
0.6515 -0.00204302
0.6525 -0.00205219
0.6535 -0.00206127
0.6545 -0.00207027
0.6555 -0.00207919
0.6565 -0.00208802
0.6575 -0.00209678
0.6585 -0.00210545
0.6595 -0.00211404
0.6605 -0.00212254
0.6615 -0.00213097
0.6625 -0.0021393
0.6635 -0.00214756
0.6645 -0.00215572
0.6655 -0.00216381
0.6665 -0.00217181
0.6675 -0.00217972
0.6685 -0.00218754
0.6695 -0.00219528
0.6705 -0.00220293
0.6715 -0.0022105
0.6725 -0.00221798
0.6735 -0.00222537
0.6745 -0.00223267
0.6755 -0.00223989
0.6765 -0.00224701
0.6775 -0.00225405
0.6785 -0.002261
0.6795 -0.00226786
0.6805 -0.00227463
0.6815 -0.00228131
0.6825 -0.0022879
0.6835 -0.0022944
0.6845 -0.00230081
0.6855 -0.00230713
0.6865 -0.00231336
0.6875 -0.00231949
0.6885 -0.00232554
0.6895 -0.00233149
0.6905 -0.00233735
0.6915 -0.00234312
0.6925 -0.00234879
0.6935 -0.00235438
0.6945 -0.00235987
0.6955 -0.00236526
0.6965 -0.00237057
0.6975 -0.00237578
0.6985 -0.00238089
0.6995 -0.00238592
0.7005 -0.00239084
0.7015 -0.00239568
0.7025 -0.00240042
0.7035 -0.00240506
0.7045 -0.00240961
0.7055 -0.00241406
0.7065 -0.00241842
0.7075 -0.00242269
0.7085 -0.00242686
0.7095 -0.00243093
0.7105 -0.0024349
0.7115 -0.00243878
0.7125 -0.00244257
0.7135 -0.00244626
0.7145 -0.00244985
0.7155 -0.00245334
0.7165 -0.00245673
0.7175 -0.00246004
0.7185 -0.00246324
0.7195 -0.00246635
0.7205 -0.00246935
0.7215 -0.00247226
0.7225 -0.00247507
0.7235 -0.00247779
0.7245 -0.00248042
0.7255 -0.00248293
0.7265 -0.00248535
0.7275 -0.00248766
0.7285 -0.00248988
0.7295 -0.00249202
0.7305 -0.00249408
0.7315 -0.00249604
0.7325 -0.00249787
0.7335 -0.00249958
0.7345 -0.00250115
0.7355 -0.00250262
0.7365 -0.00250402
0.7375 -0.00250537
0.7385 -0.00250669
0.7395 -0.00250795
0.7405 -0.00250912
0.7415 -0.00251016
0.7425 -0.00251104
0.7435 -0.00251174
0.7445 -0.00251224
0.7455 -0.00251257
0.7465 -0.00251276
0.7475 -0.00251285
0.7485 -0.00251289
0.7495 -0.00251289
0.7505 -0.00251289
0.7515 -0.00251289
0.7525 -0.00251289
0.7535 -0.00251285
0.7545 -0.00251276
0.7555 -0.00251257
0.7565 -0.00251224
0.7575 -0.00251174
0.7585 -0.00251104
0.7595 -0.00251016
0.7605 -0.00250912
0.7615 -0.00250795
0.7625 -0.00250669
0.7635 -0.00250537
0.7645 -0.00250402
0.7655 -0.00250262
0.7665 -0.00250115
0.7675 -0.00249958
0.7685 -0.00249787
0.7695 -0.00249604
0.7705 -0.00249408
0.7715 -0.00249202
0.7725 -0.00248988
0.7735 -0.00248766
0.7745 -0.00248535
0.7755 -0.00248293
0.7765 -0.00248042
0.7775 -0.00247779
0.7785 -0.00247507
0.7795 -0.00247226
0.7805 -0.00246935
0.7815 -0.00246635
0.7825 -0.00246324
0.7835 -0.00246004
0.7845 -0.00245673
0.7855 -0.00245334
0.7865 -0.00244985
0.7875 -0.00244626
0.7885 -0.00244257
0.7895 -0.00243878
0.7905 -0.0024349
0.7915 -0.00243093
0.7925 -0.00242686
0.7935 -0.00242269
0.7945 -0.00241842
0.7955 -0.00241406
0.7965 -0.00240961
0.7975 -0.00240506
0.7985 -0.00240042
0.7995 -0.00239568
0.8005 -0.00239084
0.8015 -0.00238592
0.8025 -0.00238089
0.8035 -0.00237578
0.8045 -0.00237057
0.8055 -0.00236526
0.8065 -0.00235987
0.8075 -0.00235438
0.8085 -0.00234879
0.8095 -0.00234312
0.8105 -0.00233735
0.8115 -0.00233149
0.8125 -0.00232554
0.8135 -0.00231949
0.8145 -0.00231336
0.8155 -0.00230713
0.8165 -0.00230081
0.8175 -0.0022944
0.8185 -0.0022879
0.8195 -0.00228131
0.8205 -0.00227463
0.8215 -0.00226786
0.8225 -0.002261
0.8235 -0.00225405
0.8245 -0.00224701
0.8255 -0.00223989
0.8265 -0.00223267
0.8275 -0.00222537
0.8285 -0.00221798
0.8295 -0.0022105
0.8305 -0.00220293
0.8315 -0.00219528
0.8325 -0.00218754
0.8335 -0.00217972
0.8345 -0.00217181
0.8355 -0.00216381
0.8365 -0.00215572
0.8375 -0.00214756
0.8385 -0.0021393
0.8395 -0.00213097
0.8405 -0.00212254
0.8415 -0.00211404
0.8425 -0.00210545
0.8435 -0.00209678
0.8445 -0.00208802
0.8455 -0.00207919
0.8465 -0.00207027
0.8475 -0.00206127
0.8485 -0.00205219
0.8495 -0.00204302
0.8505 -0.00203378
0.8515 -0.00202445
0.8525 -0.00201505
0.8535 -0.00200557
0.8545 -0.001996
0.8555 -0.00198636
0.8565 -0.00197664
0.8575 -0.00196684
0.8585 -0.00195697
0.8595 -0.00194701
0.8605 -0.00193699
0.8615 -0.00192688
0.8625 -0.0019167
0.8635 -0.00190644
0.8645 -0.00189611
0.8655 -0.0018857
0.8665 -0.00187521
0.8675 -0.00186466
0.8685 -0.00185403
0.8695 -0.00184332
0.8705 -0.00183255
0.8715 -0.0018217
0.8725 -0.00181078
0.8735 -0.00179979
0.8745 -0.00178872
0.8755 -0.00177759
0.8765 -0.00176639
0.8775 -0.00175511
0.8785 -0.00174377
0.8795 -0.00173236
0.8805 -0.00172088
0.8815 -0.00170933
0.8825 -0.00169771
0.8835 -0.00168603
0.8845 -0.00167428
0.8855 -0.00166247
0.8865 -0.00165059
0.8875 -0.00163864
0.8885 -0.00162663
0.8895 -0.00161456
0.8905 -0.00160242
0.8915 -0.00159021
0.8925 -0.00157795
0.8935 -0.00156562
0.8945 -0.00155323
0.8955 -0.00154078
0.8965 -0.00152827
0.8975 -0.0015157
0.8985 -0.00150307
0.8995 -0.00149038
0.9005 -0.00147763
0.9015 -0.00146482
0.9025 -0.00145196
0.9035 -0.00143904
0.9045 -0.00142606
0.9055 -0.00141302
0.9065 -0.00139993
0.9075 -0.00138678
0.9085 -0.00137358
0.9095 -0.00136032
0.9105 -0.00134701
0.9115 -0.00133365
0.9125 -0.00132024
0.9135 -0.00130677
0.9145 -0.00129325
0.9155 -0.00127968
0.9165 -0.00126606
0.9175 -0.00125239
0.9185 -0.00123867
0.9195 -0.0012249
0.9205 -0.00121108
0.9215 -0.00119722
0.9225 -0.0011833
0.9235 -0.00116935
0.9245 -0.00115534
0.9255 -0.00114129
0.9265 -0.00112719
0.9275 -0.00111305
0.9285 -0.00109887
0.9295 -0.00108464
0.9305 -0.00107037
0.9315 -0.00105606
0.9325 -0.0010417
0.9335 -0.00102731
0.9345 -0.00101287
0.9355 -0.000998394
0.9365 -0.000983878
0.9375 -0.000969324
0.9385 -0.000954731
0.9395 -0.000940101
0.9405 -0.000925433
0.9415 -0.000910729
0.9425 -0.000895989
0.9435 -0.000881213
0.9445 -0.000866403
0.9455 -0.000851559
0.9465 -0.000836681
0.9475 -0.00082177
0.9485 -0.000806826
0.9495 -0.000791851
0.9505 -0.000776844
0.9515 -0.000761807
0.9525 -0.000746739
0.9535 -0.000731642
0.9545 -0.000716517
0.9555 -0.000701363
0.9565 -0.000686181
0.9575 -0.000670972
0.9585 -0.000655737
0.9595 -0.000640476
0.9605 -0.000625189
0.9615 -0.000609878
0.9625 -0.000594543
0.9635 -0.000579184
0.9645 -0.000563803
0.9655 -0.000548399
0.9665 -0.000532973
0.9675 -0.000517527
0.9685 -0.00050206
0.9695 -0.000486573
0.9705 -0.000471067
0.9715 -0.000455543
0.9725 -0.00044
0.9735 -0.00042444
0.9745 -0.000408863
0.9755 -0.000393271
0.9765 -0.000377662
0.9775 -0.000362039
0.9785 -0.000346401
0.9795 -0.00033075
0.9805 -0.000315086
0.9815 -0.000299409
0.9825 -0.000283721
0.9835 -0.000268021
0.9845 -0.000252311
0.9855 -0.00023659
0.9865 -0.000220861
0.9875 -0.000205122
0.9885 -0.000189376
0.9895 -0.000173622
0.9905 -0.000157861
0.9915 -0.000142094
0.9925 -0.000126322
0.9935 -0.000110544
0.9945 -9.47618e-05
0.9955 -7.89758e-05
0.9965 -6.31863e-05
0.9975 -4.73939e-05
0.9985 -3.15987e-05
0.9995 -1.58007e-05

# time= 0.4992
0.0005 6.25558e-16
0.0015 -0.006281
0.0025 -0.0125619
0.0035 -0.0188427
0.0045 -0.0251231
0.0055 -0.0314029
0.0065 -0.0376819
0.0075 -0.0439597
0.0085 -0.050236
0.0095 -0.0565104
0.0105 -0.0627827
0.0115 -0.0690524
0.0125 -0.0753194
0.0135 -0.0815832
0.0145 -0.0878437
0.0155 -0.0941007
0.0165 -0.100354
0.0175 -0.106603
0.0185 -0.112848
0.0195 -0.119089
0.0205 -0.125325
0.0215 -0.131556
0.0225 -0.137782
0.0235 -0.144002
0.0245 -0.150217
0.0255 -0.156426
0.0265 -0.162628
0.0275 -0.168824
0.0285 -0.175014
0.0295 -0.181196
0.0305 -0.187372
0.0315 -0.19354
0.0325 -0.1997
0.0335 -0.205853
0.0345 -0.211997
0.0355 -0.218133
0.0365 -0.224261
0.0375 -0.230379
0.0385 -0.236489
0.0395 -0.242589
0.0405 -0.24868
0.0415 -0.25476
0.0425 -0.260831
0.0435 -0.266891
0.0445 -0.272941
0.0455 -0.27898
0.0465 -0.285008
0.0475 -0.291025
0.0485 -0.29703
0.0495 -0.303024
0.0505 -0.309006
0.0515 -0.314975
0.0525 -0.320932
0.0535 -0.326876
0.0545 -0.332808
0.0555 -0.338726
0.0565 -0.344631
0.0575 -0.350522
0.0585 -0.3564
0.0595 -0.362263
0.0605 -0.368112
0.0615 -0.373947
0.0625 -0.379767
0.0635 -0.385571
0.0645 -0.391361
0.0655 -0.397135
0.0665 -0.402894
0.0675 -0.408636
0.0685 -0.414363
0.0695 -0.420073
0.0705 -0.425766
0.0715 -0.431443
0.0725 -0.437103
0.0735 -0.442745
0.0745 -0.44837
0.0755 -0.453977
0.0765 -0.459566
0.0775 -0.465137
0.0785 -0.47069
0.0795 -0.476224
0.0805 -0.48174
0.0815 -0.487236
0.0825 -0.492713
0.0835 -0.498171
0.0845 -0.503609
0.0855 -0.509027
0.0865 -0.514425
0.0875 -0.519803
0.0885 -0.52516
0.0895 -0.530497
0.0905 -0.535812
0.0915 -0.541107
0.0925 -0.54638
0.0935 -0.551631
0.0945 -0.556861
0.0955 -0.562068
0.0965 -0.567254
0.0975 -0.572417
0.0985 -0.577557
0.0995 -0.582675
0.1005 -0.58777
0.1015 -0.592841
0.1025 -0.59789
0.1035 -0.602914
0.1045 -0.607915
0.1055 -0.612891
0.1065 -0.617844
0.1075 -0.622772
0.1085 -0.627676
0.1095 -0.632554
0.1105 -0.637408
0.1115 -0.642237
0.1125 -0.64704
0.1135 -0.651818
0.1145 -0.65657
0.1155 -0.661296
0.1165 -0.665996
0.1175 -0.670669
0.1185 -0.675316
0.1195 -0.679937
0.1205 -0.684531
0.1215 -0.689097
0.1225 -0.693637
0.1235 -0.698149
0.1245 -0.702633
0.1255 -0.70709
0.1265 -0.711519
0.1275 -0.71592
0.1285 -0.720292
0.1295 -0.724636
0.1305 -0.728952
0.1315 -0.733238
0.1325 -0.737496
0.1335 -0.741725
0.1345 -0.745924
0.1355 -0.750094
0.1365 -0.754234
0.1375 -0.758345
0.1385 -0.762425
0.1395 -0.766476
0.1405 -0.770496
0.1415 -0.774486
0.1425 -0.778445
0.1435 -0.782373
0.1445 -0.786271
0.1455 -0.790137
0.1465 -0.793973
0.1475 -0.797777
0.1485 -0.801549
0.1495 -0.80529
0.1505 -0.808999
0.1515 -0.812676
0.1525 -0.816321
0.1535 -0.819934
0.1545 -0.823515
0.1555 -0.827063
0.1565 -0.830578
0.1575 -0.83406
0.1585 -0.83751
0.1595 -0.840926
0.1605 -0.84431
0.1615 -0.84766
0.1625 -0.850976
0.1635 -0.854259
0.1645 -0.857508
0.1655 -0.860724
0.1665 -0.863905
0.1675 -0.867052
0.1685 -0.870165
0.1695 -0.873244
0.1705 -0.876288
0.1715 -0.879298
0.1725 -0.882273
0.1735 -0.885213
0.1745 -0.888118
0.1755 -0.890988
0.1765 -0.893823
0.1775 -0.896623
0.1785 -0.899387
0.1795 -0.902115
0.1805 -0.904809
0.1815 -0.907466
0.1825 -0.910087
0.1835 -0.912673
0.1845 -0.915223
0.1855 -0.917736
0.1865 -0.920213
0.1875 -0.922654
0.1885 -0.925059
0.1895 -0.927427
0.1905 -0.929758
0.1915 -0.932052
0.1925 -0.93431
0.1935 -0.936531
0.1945 -0.938715
0.1955 -0.940862
0.1965 -0.942972
0.1975 -0.945044
0.1985 -0.94708
0.1995 -0.949077
0.2005 -0.951038
0.2015 -0.952961
0.2025 -0.954846
0.2035 -0.956693
0.2045 -0.958503
0.2055 -0.960275
0.2065 -0.962009
0.2075 -0.963705
0.2085 -0.965363
0.2095 -0.966983
0.2105 -0.968565
0.2115 -0.970108
0.2125 -0.971613
0.2135 -0.97308
0.2145 -0.974508
0.2155 -0.975898
0.2165 -0.97725
0.2175 -0.978562
0.2185 -0.979837
0.2195 -0.981072
0.2205 -0.982269
0.2215 -0.983427
0.2225 -0.984546
0.2235 -0.985626
0.2245 -0.986668
0.2255 -0.98767
0.2265 -0.988633
0.2275 -0.989558
0.2285 -0.990443
0.2295 -0.991289
0.2305 -0.992096
0.2315 -0.992864
0.2325 -0.993593
0.2335 -0.994283
0.2345 -0.994933
0.2355 -0.995544
0.2365 -0.996116
0.2375 -0.996648
0.2385 -0.997141
0.2395 -0.997595
0.2405 -0.998009
0.2415 -0.998384
0.2425 -0.998719
0.2435 -0.999015
0.2445 -0.999272
0.2455 -0.999489
0.2465 -0.999666
0.2475 -0.999805
0.2485 -0.999903
0.2495 -0.999963
0.2505 -0.999982
0.2515 -0.999963
0.2525 -0.999903
0.2535 -0.999805
0.2545 -0.999666
0.2555 -0.999489
0.2565 -0.999272
0.2575 -0.999015
0.2585 -0.998719
0.2595 -0.998384
0.2605 -0.998009
0.2615 -0.997595
0.2625 -0.997141
0.2635 -0.996648
0.2645 -0.996116
0.2655 -0.995544
0.2665 -0.994933
0.2675 -0.994283
0.2685 -0.993593
0.2695 -0.992864
0.2705 -0.992096
0.2715 -0.991289
0.2725 -0.990443
0.2735 -0.989558
0.2745 -0.988633
0.2755 -0.98767
0.2765 -0.986668
0.2775 -0.985626
0.2785 -0.984546
0.2795 -0.983427
0.2805 -0.982269
0.2815 -0.981072
0.2825 -0.979837
0.2835 -0.978562
0.2845 -0.97725
0.2855 -0.975898
0.2865 -0.974508
0.2875 -0.97308
0.2885 -0.971613
0.2895 -0.970108
0.2905 -0.968565
0.2915 -0.966983
0.2925 -0.965363
0.2935 -0.963705
0.2945 -0.962009
0.2955 -0.960275
0.2965 -0.958503
0.2975 -0.956693
0.2985 -0.954846
0.2995 -0.952961
0.3005 -0.951038
0.3015 -0.949077
0.3025 -0.94708
0.3035 -0.945044
0.3045 -0.942972
0.3055 -0.940862
0.3065 -0.938715
0.3075 -0.936531
0.3085 -0.93431
0.3095 -0.932052
0.3105 -0.929758
0.3115 -0.927427
0.3125 -0.925059
0.3135 -0.922654
0.3145 -0.920213
0.3155 -0.917736
0.3165 -0.915223
0.3175 -0.912673
0.3185 -0.910087
0.3195 -0.907466
0.3205 -0.904809
0.3215 -0.902115
0.3225 -0.899387
0.3235 -0.896623
0.3245 -0.893823
0.3255 -0.890988
0.3265 -0.888118
0.3275 -0.885213
0.3285 -0.882273
0.3295 -0.879298
0.3305 -0.876288
0.3315 -0.873244
0.3325 -0.870165
0.3335 -0.867052
0.3345 -0.863905
0.3355 -0.860724
0.3365 -0.857508
0.3375 -0.854259
0.3385 -0.850976
0.3395 -0.84766
0.3405 -0.84431
0.3415 -0.840926
0.3425 -0.83751
0.3435 -0.83406
0.3445 -0.830578
0.3455 -0.827063
0.3465 -0.823515
0.3475 -0.819934
0.3485 -0.816321
0.3495 -0.812676
0.3505 -0.808999
0.3515 -0.80529
0.3525 -0.801549
0.3535 -0.797777
0.3545 -0.793973
0.3555 -0.790137
0.3565 -0.786271
0.3575 -0.782373
0.3585 -0.778445
0.3595 -0.774486
0.3605 -0.770496
0.3615 -0.766476
0.3625 -0.762425
0.3635 -0.758345
0.3645 -0.754234
0.3655 -0.750094
0.3665 -0.745924
0.3675 -0.741725
0.3685 -0.737496
0.3695 -0.733238
0.3705 -0.728952
0.3715 -0.724636
0.3725 -0.720292
0.3735 -0.71592
0.3745 -0.711519
0.3755 -0.70709
0.3765 -0.702633
0.3775 -0.698149
0.3785 -0.693637
0.3795 -0.689097
0.3805 -0.684531
0.3815 -0.679937
0.3825 -0.675316
0.3835 -0.670669
0.3845 -0.665996
0.3855 -0.661296
0.3865 -0.65657
0.3875 -0.651818
0.3885 -0.64704
0.3895 -0.642237
0.3905 -0.637408
0.3915 -0.632554
0.3925 -0.627676
0.3935 -0.622772
0.3945 -0.617844
0.3955 -0.612891
0.3965 -0.607915
0.3975 -0.602914
0.3985 -0.59789
0.3995 -0.592841
0.4005 -0.58777
0.4015 -0.582675
0.4025 -0.577557
0.4035 -0.572417
0.4045 -0.567254
0.4055 -0.562068
0.4065 -0.556861
0.4075 -0.551631
0.4085 -0.54638
0.4095 -0.541107
0.4105 -0.535812
0.4115 -0.530497
0.4125 -0.52516
0.4135 -0.519803
0.4145 -0.514425
0.4155 -0.509027
0.4165 -0.503609
0.4175 -0.498171
0.4185 -0.492713
0.4195 -0.487236
0.4205 -0.48174
0.4215 -0.476224
0.4225 -0.47069
0.4235 -0.465137
0.4245 -0.459566
0.4255 -0.453977
0.4265 -0.44837
0.4275 -0.442745
0.4285 -0.437103
0.4295 -0.431443
0.4305 -0.425766
0.4315 -0.420073
0.4325 -0.414363
0.4335 -0.408636
0.4345 -0.402894
0.4355 -0.397135
0.4365 -0.391361
0.4375 -0.385571
0.4385 -0.379767
0.4395 -0.373947
0.4405 -0.368112
0.4415 -0.362263
0.4425 -0.3564
0.4435 -0.350522
0.4445 -0.344631
0.4455 -0.338726
0.4465 -0.332808
0.4475 -0.326876
0.4485 -0.320932
0.4495 -0.314975
0.4505 -0.309006
0.4515 -0.303024
0.4525 -0.29703
0.4535 -0.291025
0.4545 -0.285008
0.4555 -0.27898
0.4565 -0.272941
0.4575 -0.266891
0.4585 -0.260831
0.4595 -0.25476
0.4605 -0.24868
0.4615 -0.242589
0.4625 -0.236489
0.4635 -0.230379
0.4645 -0.224261
0.4655 -0.218133
0.4665 -0.211997
0.4675 -0.205853
0.4685 -0.1997
0.4695 -0.19354
0.4705 -0.187372
0.4715 -0.181196
0.4725 -0.175014
0.4735 -0.168824
0.4745 -0.162628
0.4755 -0.156426
0.4765 -0.150217
0.4775 -0.144002
0.4785 -0.137782
0.4795 -0.131556
0.4805 -0.125325
0.4815 -0.119089
0.4825 -0.112848
0.4835 -0.106603
0.4845 -0.100354
0.4855 -0.0941007
0.4865 -0.0878437
0.4875 -0.0815832
0.4885 -0.0753194
0.4895 -0.0690524
0.4905 -0.0627827
0.4915 -0.0565104
0.4925 -0.050236
0.4935 -0.0439597
0.4945 -0.0376819
0.4955 -0.0314029
0.4965 -0.0251231
0.4975 -0.0188427
0.4985 -0.0125619
0.4995 -0.006281
0.5005 -5.58913e-17
0.5015 0.006281
0.5025 0.0125619
0.5035 0.0188427
0.5045 0.0251231
0.5055 0.0314029
0.5065 0.0376819
0.5075 0.0439597
0.5085 0.050236
0.5095 0.0565104
0.5105 0.0627827
0.5115 0.0690524
0.5125 0.0753194
0.5135 0.0815832
0.5145 0.0878437
0.5155 0.0941007
0.5165 0.100354
0.5175 0.106603
0.5185 0.112848
0.5195 0.119089
0.5205 0.125325
0.5215 0.131556
0.5225 0.137782
0.5235 0.144002
0.5245 0.150217
0.5255 0.156426
0.5265 0.162628
0.5275 0.168824
0.5285 0.175014
0.5295 0.181196
0.5305 0.187372
0.5315 0.19354
0.5325 0.1997
0.5335 0.205853
0.5345 0.211997
0.5355 0.218133
0.5365 0.224261
0.5375 0.230379
0.5385 0.236489
0.5395 0.242589
0.5405 0.24868
0.5415 0.25476
0.5425 0.260831
0.5435 0.266891
0.5445 0.272941
0.5455 0.27898
0.5465 0.285008
0.5475 0.291025
0.5485 0.29703
0.5495 0.303024
0.5505 0.309006
0.5515 0.314975
0.5525 0.320932
0.5535 0.326876
0.5545 0.332808
0.5555 0.338726
0.5565 0.344631
0.5575 0.350522
0.5585 0.3564
0.5595 0.362263
0.5605 0.368112
0.5615 0.373947
0.5625 0.379767
0.5635 0.385571
0.5645 0.391361
0.5655 0.397135
0.5665 0.402894
0.5675 0.408636
0.5685 0.414363
0.5695 0.420073
0.5705 0.425766
0.5715 0.431443
0.5725 0.437103
0.5735 0.442745
0.5745 0.44837
0.5755 0.453977
0.5765 0.459566
0.5775 0.465137
0.5785 0.47069
0.5795 0.476224
0.5805 0.48174
0.5815 0.487236
0.5825 0.492713
0.5835 0.498171
0.5845 0.503609
0.5855 0.509027
0.5865 0.514425
0.5875 0.519803
0.5885 0.52516
0.5895 0.530497
0.5905 0.535812
0.5915 0.541107
0.5925 0.54638
0.5935 0.551631
0.5945 0.556861
0.5955 0.562068
0.5965 0.567254
0.5975 0.572417
0.5985 0.577557
0.5995 0.582675
0.6005 0.58777
0.6015 0.592841
0.6025 0.59789
0.6035 0.602914
0.6045 0.607915
0.6055 0.612891
0.6065 0.617844
0.6075 0.622772
0.6085 0.627676
0.6095 0.632554
0.6105 0.637408
0.6115 0.642237
0.6125 0.64704
0.6135 0.651818
0.6145 0.65657
0.6155 0.661296
0.6165 0.665996
0.6175 0.670669
0.6185 0.675316
0.6195 0.679937
0.6205 0.684531
0.6215 0.689097
0.6225 0.693637
0.6235 0.698149
0.6245 0.702633
0.6255 0.70709
0.6265 0.711519
0.6275 0.71592
0.6285 0.720292
0.6295 0.724636
0.6305 0.728952
0.6315 0.733238
0.6325 0.737496
0.6335 0.741725
0.6345 0.745924
0.6355 0.750094
0.6365 0.754234
0.6375 0.758345
0.6385 0.762425
0.6395 0.766476
0.6405 0.770496
0.6415 0.774486
0.6425 0.778445
0.6435 0.782373
0.6445 0.786271
0.6455 0.790137
0.6465 0.793973
0.6475 0.797777
0.6485 0.801549
0.6495 0.80529
0.6505 0.808999
0.6515 0.812676
0.6525 0.816321
0.6535 0.819934
0.6545 0.823515
0.6555 0.827063
0.6565 0.830578
0.6575 0.83406
0.6585 0.83751
0.6595 0.840926
0.6605 0.84431
0.6615 0.84766
0.6625 0.850976
0.6635 0.854259
0.6645 0.857508
0.6655 0.860724
0.6665 0.863905
0.6675 0.867052
0.6685 0.870165
0.6695 0.873244
0.6705 0.876288
0.6715 0.879298
0.6725 0.882273
0.6735 0.885213
0.6745 0.888118
0.6755 0.890988
0.6765 0.893823
0.6775 0.896623
0.6785 0.899387
0.6795 0.902115
0.6805 0.904809
0.6815 0.907466
0.6825 0.910087
0.6835 0.912673
0.6845 0.915223
0.6855 0.917736
0.6865 0.920213
0.6875 0.922654
0.6885 0.925059
0.6895 0.927427
0.6905 0.929758
0.6915 0.932052
0.6925 0.93431
0.6935 0.936531
0.6945 0.938715
0.6955 0.940862
0.6965 0.942972
0.6975 0.945044
0.6985 0.94708
0.6995 0.949077
0.7005 0.951038
0.7015 0.952961
0.7025 0.954846
0.7035 0.956693
0.7045 0.958503
0.7055 0.960275
0.7065 0.962009
0.7075 0.963705
0.7085 0.965363
0.7095 0.966983
0.7105 0.968565
0.7115 0.970108
0.7125 0.971613
0.7135 0.97308
0.7145 0.974508
0.7155 0.975898
0.7165 0.97725
0.7175 0.978562
0.7185 0.979837
0.7195 0.981072
0.7205 0.982269
0.7215 0.983427
0.7225 0.984546
0.7235 0.985626
0.7245 0.986668
0.7255 0.98767
0.7265 0.988633
0.7275 0.989558
0.7285 0.990443
0.7295 0.991289
0.7305 0.992096
0.7315 0.992864
0.7325 0.993593
0.7335 0.994283
0.7345 0.994933
0.7355 0.995544
0.7365 0.996116
0.7375 0.996648
0.7385 0.997141
0.7395 0.997595
0.7405 0.998009
0.7415 0.998384
0.7425 0.998719
0.7435 0.999015
0.7445 0.999272
0.7455 0.999489
0.7465 0.999666
0.7475 0.999805
0.7485 0.999903
0.7495 0.999963
0.7505 0.999982
0.7515 0.999963
0.7525 0.999903
0.7535 0.999805
0.7545 0.999666
0.7555 0.999489
0.7565 0.999272
0.7575 0.999015
0.7585 0.998719
0.7595 0.998384
0.7605 0.998009
0.7615 0.997595
0.7625 0.997141
0.7635 0.996648
0.7645 0.996116
0.7655 0.995544
0.7665 0.994933
0.7675 0.994283
0.7685 0.993593
0.7695 0.992864
0.7705 0.992096
0.7715 0.991289
0.7725 0.990443
0.7735 0.989558
0.7745 0.988633
0.7755 0.98767
0.7765 0.986668
0.7775 0.985626
0.7785 0.984546
0.7795 0.983427
0.7805 0.982269
0.7815 0.981072
0.7825 0.979837
0.7835 0.978562
0.7845 0.97725
0.7855 0.975898
0.7865 0.974508
0.7875 0.97308
0.7885 0.971613
0.7895 0.970108
0.7905 0.968565
0.7915 0.966983
0.7925 0.965363
0.7935 0.963705
0.7945 0.962009
0.7955 0.960275
0.7965 0.958503
0.7975 0.956693
0.7985 0.954846
0.7995 0.952961
0.8005 0.951038
0.8015 0.949077
0.8025 0.94708
0.8035 0.945044
0.8045 0.942972
0.8055 0.940862
0.8065 0.938715
0.8075 0.936531
0.8085 0.93431
0.8095 0.932052
0.8105 0.929758
0.8115 0.927427
0.8125 0.925059
0.8135 0.922654
0.8145 0.920213
0.8155 0.917736
0.8165 0.915223
0.8175 0.912673
0.8185 0.910087
0.8195 0.907466
0.8205 0.904809
0.8215 0.902115
0.8225 0.899387
0.8235 0.896623
0.8245 0.893823
0.8255 0.890988
0.8265 0.888118
0.8275 0.885213
0.8285 0.882273
0.8295 0.879298
0.8305 0.876288
0.8315 0.873244
0.8325 0.870165
0.8335 0.867052
0.8345 0.863905
0.8355 0.860724
0.8365 0.857508
0.8375 0.854259
0.8385 0.850976
0.8395 0.84766
0.8405 0.84431
0.8415 0.840926
0.8425 0.83751
0.8435 0.83406
0.8445 0.830578
0.8455 0.827063
0.8465 0.823515
0.8475 0.819934
0.8485 0.816321
0.8495 0.812676
0.8505 0.808999
0.8515 0.80529
0.8525 0.801549
0.8535 0.797777
0.8545 0.793973
0.8555 0.790137
0.8565 0.786271
0.8575 0.782373
0.8585 0.778445
0.8595 0.774486
0.8605 0.770496
0.8615 0.766476
0.8625 0.762425
0.8635 0.758345
0.8645 0.754234
0.8655 0.750094
0.8665 0.745924
0.8675 0.741725
0.8685 0.737496
0.8695 0.733238
0.8705 0.728952
0.8715 0.724636
0.8725 0.720292
0.8735 0.71592
0.8745 0.711519
0.8755 0.70709
0.8765 0.702633
0.8775 0.698149
0.8785 0.693637
0.8795 0.689097
0.8805 0.684531
0.8815 0.679937
0.8825 0.675316
0.8835 0.670669
0.8845 0.665996
0.8855 0.661296
0.8865 0.65657
0.8875 0.651818
0.8885 0.64704
0.8895 0.642237
0.8905 0.637408
0.8915 0.632554
0.8925 0.627676
0.8935 0.622772
0.8945 0.617844
0.8955 0.612891
0.8965 0.607915
0.8975 0.602914
0.8985 0.59789
0.8995 0.592841
0.9005 0.58777
0.9015 0.582675
0.9025 0.577557
0.9035 0.572417
0.9045 0.567254
0.9055 0.562068
0.9065 0.556861
0.9075 0.551631
0.9085 0.54638
0.9095 0.541107
0.9105 0.535812
0.9115 0.530497
0.9125 0.52516
0.9135 0.519803
0.9145 0.514425
0.9155 0.509027
0.9165 0.503609
0.9175 0.498171
0.9185 0.492713
0.9195 0.487236
0.9205 0.48174
0.9215 0.476224
0.9225 0.47069
0.9235 0.465137
0.9245 0.459566
0.9255 0.453977
0.9265 0.44837
0.9275 0.442745
0.9285 0.437103
0.9295 0.431443
0.9305 0.425766
0.9315 0.420073
0.9325 0.414363
0.9335 0.408636
0.9345 0.402894
0.9355 0.397135
0.9365 0.391361
0.9375 0.385571
0.9385 0.379767
0.9395 0.373947
0.9405 0.368112
0.9415 0.362263
0.9425 0.3564
0.9435 0.350522
0.9445 0.344631
0.9455 0.338726
0.9465 0.332808
0.9475 0.326876
0.9485 0.320932
0.9495 0.314975
0.9505 0.309006
0.9515 0.303024
0.9525 0.29703
0.9535 0.291025
0.9545 0.285008
0.9555 0.27898
0.9565 0.272941
0.9575 0.266891
0.9585 0.260831
0.9595 0.25476
0.9605 0.24868
0.9615 0.242589
0.9625 0.236489
0.9635 0.230379
0.9645 0.224261
0.9655 0.218133
0.9665 0.211997
0.9675 0.205853
0.9685 0.1997
0.9695 0.19354
0.9705 0.187372
0.9715 0.181196
0.9725 0.175014
0.9735 0.168824
0.9745 0.162628
0.9755 0.156426
0.9765 0.150217
0.9775 0.144002
0.9785 0.137782
0.9795 0.131556
0.9805 0.125325
0.9815 0.119089
0.9825 0.112848
0.9835 0.106603
0.9845 0.100354
0.9855 0.0941007
0.9865 0.0878437
0.9875 0.0815832
0.9885 0.0753194
0.9895 0.0690524
0.9905 0.0627827
0.9915 0.0565104
0.9925 0.050236
0.9935 0.0439597
0.9945 0.0376819
0.9955 0.0314029
0.9965 0.0251231
0.9975 0.0188427
0.9985 0.0125619
0.9995 0.006281

# time= 0.7488
0.0005 4.70432e-16
0.0015 -4.74088e-05
0.0025 -9.4812e-05
0.0035 -0.000142206
0.0045 -0.000189589
0.0055 -0.000236961
0.0065 -0.000284323
0.0075 -0.000331671
0.0085 -0.000379005
0.0095 -0.000426324
0.0105 -0.000473625
0.0115 -0.000520908
0.0125 -0.000568169
0.0135 -0.000615408
0.0145 -0.000662623
0.0155 -0.000709812
0.0165 -0.000756972
0.0175 -0.000804103
0.0185 -0.000851201
0.0195 -0.000898267
0.0205 -0.000945296
0.0215 -0.000992289
0.0225 -0.00103924
0.0235 -0.00108615
0.0245 -0.00113302
0.0255 -0.00117985
0.0265 -0.00122663
0.0275 -0.00127336
0.0285 -0.00132003
0.0295 -0.00136666
0.0305 -0.00141324
0.0315 -0.00145975
0.0325 -0.00150621
0.0335 -0.00155261
0.0345 -0.00159895
0.0355 -0.00164523
0.0365 -0.00169144
0.0375 -0.00173758
0.0385 -0.00178366
0.0395 -0.00182966
0.0405 -0.0018756
0.0415 -0.00192146
0.0425 -0.00196724
0.0435 -0.00201294
0.0445 -0.00205857
0.0455 -0.00210412
0.0465 -0.00214958
0.0475 -0.00219495
0.0485 -0.00224024
0.0495 -0.00228545
0.0505 -0.00233056
0.0515 -0.00237558
0.0525 -0.0024205
0.0535 -0.00246533
0.0545 -0.00251006
0.0555 -0.0025547
0.0565 -0.00259923
0.0575 -0.00264366
0.0585 -0.00268799
0.0595 -0.00273221
0.0605 -0.00277632
0.0615 -0.00282032
0.0625 -0.00286421
0.0635 -0.00290799
0.0645 -0.00295165
0.0655 -0.0029952
0.0665 -0.00303863
0.0675 -0.00308194
0.0685 -0.00312512
0.0695 -0.00316819
0.0705 -0.00321112
0.0715 -0.00325394
0.0725 -0.00329662
0.0735 -0.00333917
0.0745 -0.00338159
0.0755 -0.00342388
0.0765 -0.00346603
0.0775 -0.00350805
0.0785 -0.00354992
0.0795 -0.00359166
0.0805 -0.00363326
0.0815 -0.00367471
0.0825 -0.00371601
0.0835 -0.00375717
0.0845 -0.00379819
0.0855 -0.00383905
0.0865 -0.00387976
0.0875 -0.00392031
0.0885 -0.00396072
0.0895 -0.00400096
0.0905 -0.00404105
0.0915 -0.00408098
0.0925 -0.00412074
0.0935 -0.00416035
0.0945 -0.00419979
0.0955 -0.00423906
0.0965 -0.00427817
0.0975 -0.00431711
0.0985 -0.00435588
0.0995 -0.00439447
0.1005 -0.00443289
0.1015 -0.00447114
0.1025 -0.00450921
0.1035 -0.00454711
0.1045 -0.00458482
0.1055 -0.00462235
0.1065 -0.0046597
0.1075 -0.00469687
0.1085 -0.00473385
0.1095 -0.00477064
0.1105 -0.00480725
0.1115 -0.00484366
0.1125 -0.00487989
0.1135 -0.00491592
0.1145 -0.00495175
0.1155 -0.0049874
0.1165 -0.00502284
0.1175 -0.00505809
0.1185 -0.00509313
0.1195 -0.00512798
0.1205 -0.00516262
0.1215 -0.00519706
0.1225 -0.0052313
0.1235 -0.00526533
0.1245 -0.00529915
0.1255 -0.00533276
0.1265 -0.00536616
0.1275 -0.00539935
0.1285 -0.00543232
0.1295 -0.00546508
0.1305 -0.00549763
0.1315 -0.00552996
0.1325 -0.00556207
0.1335 -0.00559396
0.1345 -0.00562563
0.1355 -0.00565707
0.1365 -0.0056883
0.1375 -0.0057193
0.1385 -0.00575007
0.1395 -0.00578062
0.1405 -0.00581094
0.1415 -0.00584103
0.1425 -0.00587088
0.1435 -0.00590051
0.1445 -0.0059299
0.1455 -0.00595906
0.1465 -0.00598799
0.1475 -0.00601668
0.1485 -0.00604513
0.1495 -0.00607334
0.1505 -0.00610131
0.1515 -0.00612904
0.1525 -0.00615653
0.1535 -0.00618378
0.1545 -0.00621078
0.1555 -0.00623754
0.1565 -0.00626405
0.1575 -0.00629031
0.1585 -0.00631632
0.1595 -0.00634209
0.1605 -0.00636761
0.1615 -0.00639287
0.1625 -0.00641788
0.1635 -0.00644264
0.1645 -0.00646714
0.1655 -0.00649139
0.1665 -0.00651538
0.1675 -0.00653912
0.1685 -0.0065626
0.1695 -0.00658581
0.1705 -0.00660877
0.1715 -0.00663147
0.1725 -0.0066539
0.1735 -0.00667608
0.1745 -0.00669798
0.1755 -0.00671963
0.1765 -0.00674101
0.1775 -0.00676212
0.1785 -0.00678297
0.1795 -0.00680354
0.1805 -0.00682385
0.1815 -0.0068439
0.1825 -0.00686367
0.1835 -0.00688316
0.1845 -0.00690239
0.1855 -0.00692134
0.1865 -0.00694003
0.1875 -0.00695844
0.1885 -0.00697657
0.1895 -0.00699443
0.1905 -0.00701201
0.1915 -0.00702931
0.1925 -0.00704633
0.1935 -0.00706308
0.1945 -0.00707956
0.1955 -0.00709575
0.1965 -0.00711167
0.1975 -0.0071273
0.1985 -0.00714264
0.1995 -0.0071577
0.2005 -0.00717248
0.2015 -0.00718698
0.2025 -0.0072012
0.2035 -0.00721514
0.2045 -0.00722879
0.2055 -0.00724216
0.2065 -0.00725523
0.2075 -0.00726801
0.2085 -0.00728051
0.2095 -0.00729272
0.2105 -0.00730466
0.2115 -0.00731631
0.2125 -0.00732767
0.2135 -0.00733874
0.2145 -0.0073495
0.2155 -0.00735996
0.2165 -0.00737011
0.2175 -0.00737998
0.2185 -0.00738958
0.2195 -0.00739891
0.2205 -0.00740799
0.2215 -0.0074168
0.2225 -0.00742532
0.2235 -0.00743353
0.2245 -0.00744141
0.2255 -0.00744892
0.2265 -0.00745608
0.2275 -0.00746288
0.2285 -0.00746938
0.2295 -0.00747559
0.2305 -0.00748157
0.2315 -0.00748735
0.2325 -0.00749296
0.2335 -0.00749838
0.2345 -0.00750359
0.2355 -0.00750857
0.2365 -0.00751325
0.2375 -0.00751757
0.2385 -0.00752149
0.2395 -0.00752495
0.2405 -0.00752793
0.2415 -0.00753043
0.2425 -0.00753244
0.2435 -0.00753401
0.2445 -0.00753517
0.2455 -0.00753599
0.2465 -0.00753652
0.2475 -0.00753684
0.2485 -0.007537
0.2495 -0.00753707
0.2505 -0.00753708
0.2515 -0.00753707
0.2525 -0.007537
0.2535 -0.00753684
0.2545 -0.00753652
0.2555 -0.00753599
0.2565 -0.00753517
0.2575 -0.00753401
0.2585 -0.00753244
0.2595 -0.00753043
0.2605 -0.00752793
0.2615 -0.00752495
0.2625 -0.00752149
0.2635 -0.00751757
0.2645 -0.00751325
0.2655 -0.00750857
0.2665 -0.00750359
0.2675 -0.00749838
0.2685 -0.00749296
0.2695 -0.00748735
0.2705 -0.00748157
0.2715 -0.00747559
0.2725 -0.00746938
0.2735 -0.00746288
0.2745 -0.00745608
0.2755 -0.00744892
0.2765 -0.00744141
0.2775 -0.00743353
0.2785 -0.00742532
0.2795 -0.0074168
0.2805 -0.00740799
0.2815 -0.00739891
0.2825 -0.00738958
0.2835 -0.00737998
0.2845 -0.00737011
0.2855 -0.00735996
0.2865 -0.0073495
0.2875 -0.00733874
0.2885 -0.00732767
0.2895 -0.00731631
0.2905 -0.00730466
0.2915 -0.00729272
0.2925 -0.00728051
0.2935 -0.00726801
0.2945 -0.00725523
0.2955 -0.00724216
0.2965 -0.00722879
0.2975 -0.00721514
0.2985 -0.0072012
0.2995 -0.00718698
0.3005 -0.00717248
0.3015 -0.0071577
0.3025 -0.00714264
0.3035 -0.0071273
0.3045 -0.00711167
0.3055 -0.00709575
0.3065 -0.00707956
0.3075 -0.00706308
0.3085 -0.00704633
0.3095 -0.00702931
0.3105 -0.00701201
0.3115 -0.00699443
0.3125 -0.00697657
0.3135 -0.00695844
0.3145 -0.00694003
0.3155 -0.00692134
0.3165 -0.00690239
0.3175 -0.00688316
0.3185 -0.00686367
0.3195 -0.0068439
0.3205 -0.00682385
0.3215 -0.00680354
0.3225 -0.00678297
0.3235 -0.00676212
0.3245 -0.00674101
0.3255 -0.00671963
0.3265 -0.00669798
0.3275 -0.00667608
0.3285 -0.0066539
0.3295 -0.00663147
0.3305 -0.00660877
0.3315 -0.00658581
0.3325 -0.0065626
0.3335 -0.00653912
0.3345 -0.00651538
0.3355 -0.00649139
0.3365 -0.00646714
0.3375 -0.00644264
0.3385 -0.00641788
0.3395 -0.00639287
0.3405 -0.00636761
0.3415 -0.00634209
0.3425 -0.00631632
0.3435 -0.00629031
0.3445 -0.00626405
0.3455 -0.00623754
0.3465 -0.00621078
0.3475 -0.00618378
0.3485 -0.00615653
0.3495 -0.00612904
0.3505 -0.00610131
0.3515 -0.00607334
0.3525 -0.00604513
0.3535 -0.00601668
0.3545 -0.00598799
0.3555 -0.00595906
0.3565 -0.0059299
0.3575 -0.00590051
0.3585 -0.00587088
0.3595 -0.00584103
0.3605 -0.00581094
0.3615 -0.00578062
0.3625 -0.00575007
0.3635 -0.0057193
0.3645 -0.0056883
0.3655 -0.00565707
0.3665 -0.00562563
0.3675 -0.00559396
0.3685 -0.00556207
0.3695 -0.00552996
0.3705 -0.00549763
0.3715 -0.00546508
0.3725 -0.00543232
0.3735 -0.00539935
0.3745 -0.00536616
0.3755 -0.00533276
0.3765 -0.00529915
0.3775 -0.00526533
0.3785 -0.0052313
0.3795 -0.00519706
0.3805 -0.00516262
0.3815 -0.00512798
0.3825 -0.00509313
0.3835 -0.00505809
0.3845 -0.00502284
0.3855 -0.0049874
0.3865 -0.00495175
0.3875 -0.00491592
0.3885 -0.00487989
0.3895 -0.00484366
0.3905 -0.00480725
0.3915 -0.00477064
0.3925 -0.00473385
0.3935 -0.00469687
0.3945 -0.0046597
0.3955 -0.00462235
0.3965 -0.00458482
0.3975 -0.00454711
0.3985 -0.00450921
0.3995 -0.00447114
0.4005 -0.00443289
0.4015 -0.00439447
0.4025 -0.00435588
0.4035 -0.00431711
0.4045 -0.00427817
0.4055 -0.00423906
0.4065 -0.00419979
0.4075 -0.00416035
0.4085 -0.00412074
0.4095 -0.00408098
0.4105 -0.00404105
0.4115 -0.00400096
0.4125 -0.00396072
0.4135 -0.00392031
0.4145 -0.00387976
0.4155 -0.00383905
0.4165 -0.00379819
0.4175 -0.00375717
0.4185 -0.00371601
0.4195 -0.00367471
0.4205 -0.00363326
0.4215 -0.00359166
0.4225 -0.00354992
0.4235 -0.00350805
0.4245 -0.00346603
0.4255 -0.00342388
0.4265 -0.00338159
0.4275 -0.00333917
0.4285 -0.00329662
0.4295 -0.00325394
0.4305 -0.00321112
0.4315 -0.00316819
0.4325 -0.00312512
0.4335 -0.00308194
0.4345 -0.00303863
0.4355 -0.0029952
0.4365 -0.00295165
0.4375 -0.00290799
0.4385 -0.00286421
0.4395 -0.00282032
0.4405 -0.00277632
0.4415 -0.00273221
0.4425 -0.00268799
0.4435 -0.00264366
0.4445 -0.00259923
0.4455 -0.0025547
0.4465 -0.00251006
0.4475 -0.00246533
0.4485 -0.0024205
0.4495 -0.00237558
0.4505 -0.00233056
0.4515 -0.00228545
0.4525 -0.00224024
0.4535 -0.00219495
0.4545 -0.00214958
0.4555 -0.00210412
0.4565 -0.00205857
0.4575 -0.00201294
0.4585 -0.00196724
0.4595 -0.00192146
0.4605 -0.0018756
0.4615 -0.00182966
0.4625 -0.00178366
0.4635 -0.00173758
0.4645 -0.00169144
0.4655 -0.00164523
0.4665 -0.00159895
0.4675 -0.00155261
0.4685 -0.00150621
0.4695 -0.00145975
0.4705 -0.00141324
0.4715 -0.00136666
0.4725 -0.00132003
0.4735 -0.00127336
0.4745 -0.00122663
0.4755 -0.00117985
0.4765 -0.00113302
0.4775 -0.00108615
0.4785 -0.00103924
0.4795 -0.000992289
0.4805 -0.000945296
0.4815 -0.000898267
0.4825 -0.000851201
0.4835 -0.000804103
0.4845 -0.000756972
0.4855 -0.000709812
0.4865 -0.000662623
0.4875 -0.000615408
0.4885 -0.000568169
0.4895 -0.000520908
0.4905 -0.000473625
0.4915 -0.000426324
0.4925 -0.000379005
0.4935 -0.000331671
0.4945 -0.000284323
0.4955 -0.000236961
0.4965 -0.000189589
0.4975 -0.000142206
0.4985 -9.4812e-05
0.4995 -4.74088e-05
0.5005 -2.38955e-17
0.5015 4.74088e-05
0.5025 9.4812e-05
0.5035 0.000142206
0.5045 0.000189589
0.5055 0.000236961
0.5065 0.000284323
0.5075 0.000331671
0.5085 0.000379005
0.5095 0.000426324
0.5105 0.000473625
0.5115 0.000520908
0.5125 0.000568169
0.5135 0.000615408
0.5145 0.000662623
0.5155 0.000709812
0.5165 0.000756972
0.5175 0.000804103
0.5185 0.000851201
0.5195 0.000898267
0.5205 0.000945296
0.5215 0.000992289
0.5225 0.00103924
0.5235 0.00108615
0.5245 0.00113302
0.5255 0.00117985
0.5265 0.00122663
0.5275 0.00127336
0.5285 0.00132003
0.5295 0.00136666
0.5305 0.00141324
0.5315 0.00145975
0.5325 0.00150621
0.5335 0.00155261
0.5345 0.00159895
0.5355 0.00164523
0.5365 0.00169144
0.5375 0.00173758
0.5385 0.00178366
0.5395 0.00182966
0.5405 0.0018756
0.5415 0.00192146
0.5425 0.00196724
0.5435 0.00201294
0.5445 0.00205857
0.5455 0.00210412
0.5465 0.00214958
0.5475 0.00219495
0.5485 0.00224024
0.5495 0.00228545
0.5505 0.00233056
0.5515 0.00237558
0.5525 0.0024205
0.5535 0.00246533
0.5545 0.00251006
0.5555 0.0025547
0.5565 0.00259923
0.5575 0.00264366
0.5585 0.00268799
0.5595 0.00273221
0.5605 0.00277632
0.5615 0.00282032
0.5625 0.00286421
0.5635 0.00290799
0.5645 0.00295165
0.5655 0.0029952
0.5665 0.00303863
0.5675 0.00308194
0.5685 0.00312512
0.5695 0.00316819
0.5705 0.00321112
0.5715 0.00325394
0.5725 0.00329662
0.5735 0.00333917
0.5745 0.00338159
0.5755 0.00342388
0.5765 0.00346603
0.5775 0.00350805
0.5785 0.00354992
0.5795 0.00359166
0.5805 0.00363326
0.5815 0.00367471
0.5825 0.00371601
0.5835 0.00375717
0.5845 0.00379819
0.5855 0.00383905
0.5865 0.00387976
0.5875 0.00392031
0.5885 0.00396072
0.5895 0.00400096
0.5905 0.00404105
0.5915 0.00408098
0.5925 0.00412074
0.5935 0.00416035
0.5945 0.00419979
0.5955 0.00423906
0.5965 0.00427817
0.5975 0.00431711
0.5985 0.00435588
0.5995 0.00439447
0.6005 0.00443289
0.6015 0.00447114
0.6025 0.00450921
0.6035 0.00454711
0.6045 0.00458482
0.6055 0.00462235
0.6065 0.0046597
0.6075 0.00469687
0.6085 0.00473385
0.6095 0.00477064
0.6105 0.00480725
0.6115 0.00484366
0.6125 0.00487989
0.6135 0.00491592
0.6145 0.00495175
0.6155 0.0049874
0.6165 0.00502284
0.6175 0.00505809
0.6185 0.00509313
0.6195 0.00512798
0.6205 0.00516262
0.6215 0.00519706
0.6225 0.0052313
0.6235 0.00526533
0.6245 0.00529915
0.6255 0.00533276
0.6265 0.00536616
0.6275 0.00539935
0.6285 0.00543232
0.6295 0.00546508
0.6305 0.00549763
0.6315 0.00552996
0.6325 0.00556207
0.6335 0.00559396
0.6345 0.00562563
0.6355 0.00565707
0.6365 0.0056883
0.6375 0.0057193
0.6385 0.00575007
0.6395 0.00578062
0.6405 0.00581094
0.6415 0.00584103
0.6425 0.00587088
0.6435 0.00590051
0.6445 0.0059299
0.6455 0.00595906
0.6465 0.00598799
0.6475 0.00601668
0.6485 0.00604513
0.6495 0.00607334
0.6505 0.00610131
0.6515 0.00612904
0.6525 0.00615653
0.6535 0.00618378
0.6545 0.00621078
0.6555 0.00623754
0.6565 0.00626405
0.6575 0.00629031
0.6585 0.00631632
0.6595 0.00634209
0.6605 0.00636761
0.6615 0.00639287
0.6625 0.00641788
0.6635 0.00644264
0.6645 0.00646714
0.6655 0.00649139
0.6665 0.00651538
0.6675 0.00653912
0.6685 0.0065626
0.6695 0.00658581
0.6705 0.00660877
0.6715 0.00663147
0.6725 0.0066539
0.6735 0.00667608
0.6745 0.00669798
0.6755 0.00671963
0.6765 0.00674101
0.6775 0.00676212
0.6785 0.00678297
0.6795 0.00680354
0.6805 0.00682385
0.6815 0.0068439
0.6825 0.00686367
0.6835 0.00688316
0.6845 0.00690239
0.6855 0.00692134
0.6865 0.00694003
0.6875 0.00695844
0.6885 0.00697657
0.6895 0.00699443
0.6905 0.00701201
0.6915 0.00702931
0.6925 0.00704633
0.6935 0.00706308
0.6945 0.00707956
0.6955 0.00709575
0.6965 0.00711167
0.6975 0.0071273
0.6985 0.00714264
0.6995 0.0071577
0.7005 0.00717248
0.7015 0.00718698
0.7025 0.0072012
0.7035 0.00721514
0.7045 0.00722879
0.7055 0.00724216
0.7065 0.00725523
0.7075 0.00726801
0.7085 0.00728051
0.7095 0.00729272
0.7105 0.00730466
0.7115 0.00731631
0.7125 0.00732767
0.7135 0.00733874
0.7145 0.0073495
0.7155 0.00735996
0.7165 0.00737011
0.7175 0.00737998
0.7185 0.00738958
0.7195 0.00739891
0.7205 0.00740799
0.7215 0.0074168
0.7225 0.00742532
0.7235 0.00743353
0.7245 0.00744141
0.7255 0.00744892
0.7265 0.00745608
0.7275 0.00746288
0.7285 0.00746938
0.7295 0.00747559
0.7305 0.00748157
0.7315 0.00748735
0.7325 0.00749296
0.7335 0.00749838
0.7345 0.00750359
0.7355 0.00750857
0.7365 0.00751325
0.7375 0.00751757
0.7385 0.00752149
0.7395 0.00752495
0.7405 0.00752793
0.7415 0.00753043
0.7425 0.00753244
0.7435 0.00753401
0.7445 0.00753517
0.7455 0.00753599
0.7465 0.00753652
0.7475 0.00753684
0.7485 0.007537
0.7495 0.00753707
0.7505 0.00753708
0.7515 0.00753707
0.7525 0.007537
0.7535 0.00753684
0.7545 0.00753652
0.7555 0.00753599
0.7565 0.00753517
0.7575 0.00753401
0.7585 0.00753244
0.7595 0.00753043
0.7605 0.00752793
0.7615 0.00752495
0.7625 0.00752149
0.7635 0.00751757
0.7645 0.00751325
0.7655 0.00750857
0.7665 0.00750359
0.7675 0.00749838
0.7685 0.00749296
0.7695 0.00748735
0.7705 0.00748157
0.7715 0.00747559
0.7725 0.00746938
0.7735 0.00746288
0.7745 0.00745608
0.7755 0.00744892
0.7765 0.00744141
0.7775 0.00743353
0.7785 0.00742532
0.7795 0.0074168
0.7805 0.00740799
0.7815 0.00739891
0.7825 0.00738958
0.7835 0.00737998
0.7845 0.00737011
0.7855 0.00735996
0.7865 0.0073495
0.7875 0.00733874
0.7885 0.00732767
0.7895 0.00731631
0.7905 0.00730466
0.7915 0.00729272
0.7925 0.00728051
0.7935 0.00726801
0.7945 0.00725523
0.7955 0.00724216
0.7965 0.00722879
0.7975 0.00721514
0.7985 0.0072012
0.7995 0.00718698
0.8005 0.00717248
0.8015 0.0071577
0.8025 0.00714264
0.8035 0.0071273
0.8045 0.00711167
0.8055 0.00709575
0.8065 0.00707956
0.8075 0.00706308
0.8085 0.00704633
0.8095 0.00702931
0.8105 0.00701201
0.8115 0.00699443
0.8125 0.00697657
0.8135 0.00695844
0.8145 0.00694003
0.8155 0.00692134
0.8165 0.00690239
0.8175 0.00688316
0.8185 0.00686367
0.8195 0.0068439
0.8205 0.00682385
0.8215 0.00680354
0.8225 0.00678297
0.8235 0.00676212
0.8245 0.00674101
0.8255 0.00671963
0.8265 0.00669798
0.8275 0.00667608
0.8285 0.0066539
0.8295 0.00663147
0.8305 0.00660877
0.8315 0.00658581
0.8325 0.0065626
0.8335 0.00653912
0.8345 0.00651538
0.8355 0.00649139
0.8365 0.00646714
0.8375 0.00644264
0.8385 0.00641788
0.8395 0.00639287
0.8405 0.00636761
0.8415 0.00634209
0.8425 0.00631632
0.8435 0.00629031
0.8445 0.00626405
0.8455 0.00623754
0.8465 0.00621078
0.8475 0.00618378
0.8485 0.00615653
0.8495 0.00612904
0.8505 0.00610131
0.8515 0.00607334
0.8525 0.00604513
0.8535 0.00601668
0.8545 0.00598799
0.8555 0.00595906
0.8565 0.0059299
0.8575 0.00590051
0.8585 0.00587088
0.8595 0.00584103
0.8605 0.00581094
0.8615 0.00578062
0.8625 0.00575007
0.8635 0.0057193
0.8645 0.0056883
0.8655 0.00565707
0.8665 0.00562563
0.8675 0.00559396
0.8685 0.00556207
0.8695 0.00552996
0.8705 0.00549763
0.8715 0.00546508
0.8725 0.00543232
0.8735 0.00539935
0.8745 0.00536616
0.8755 0.00533276
0.8765 0.00529915
0.8775 0.00526533
0.8785 0.0052313
0.8795 0.00519706
0.8805 0.00516262
0.8815 0.00512798
0.8825 0.00509313
0.8835 0.00505809
0.8845 0.00502284
0.8855 0.0049874
0.8865 0.00495175
0.8875 0.00491592
0.8885 0.00487989
0.8895 0.00484366
0.8905 0.00480725
0.8915 0.00477064
0.8925 0.00473385
0.8935 0.00469687
0.8945 0.0046597
0.8955 0.00462235
0.8965 0.00458482
0.8975 0.00454711
0.8985 0.00450921
0.8995 0.00447114
0.9005 0.00443289
0.9015 0.00439447
0.9025 0.00435588
0.9035 0.00431711
0.9045 0.00427817
0.9055 0.00423906
0.9065 0.00419979
0.9075 0.00416035
0.9085 0.00412074
0.9095 0.00408098
0.9105 0.00404105
0.9115 0.00400096
0.9125 0.00396072
0.9135 0.00392031
0.9145 0.00387976
0.9155 0.00383905
0.9165 0.00379819
0.9175 0.00375717
0.9185 0.00371601
0.9195 0.00367471
0.9205 0.00363326
0.9215 0.00359166
0.9225 0.00354992
0.9235 0.00350805
0.9245 0.00346603
0.9255 0.00342388
0.9265 0.00338159
0.9275 0.00333917
0.9285 0.00329662
0.9295 0.00325394
0.9305 0.00321112
0.9315 0.00316819
0.9325 0.00312512
0.9335 0.00308194
0.9345 0.00303863
0.9355 0.0029952
0.9365 0.00295165
0.9375 0.00290799
0.9385 0.00286421
0.9395 0.00282032
0.9405 0.00277632
0.9415 0.00273221
0.9425 0.00268799
0.9435 0.00264366
0.9445 0.00259923
0.9455 0.0025547
0.9465 0.00251006
0.9475 0.00246533
0.9485 0.0024205
0.9495 0.00237558
0.9505 0.00233056
0.9515 0.00228545
0.9525 0.00224024
0.9535 0.00219495
0.9545 0.00214958
0.9555 0.00210412
0.9565 0.00205857
0.9575 0.00201294
0.9585 0.00196724
0.9595 0.00192146
0.9605 0.0018756
0.9615 0.00182966
0.9625 0.00178366
0.9635 0.00173758
0.9645 0.00169144
0.9655 0.00164523
0.9665 0.00159895
0.9675 0.00155261
0.9685 0.00150621
0.9695 0.00145975
0.9705 0.00141324
0.9715 0.00136666
0.9725 0.00132003
0.9735 0.00127336
0.9745 0.00122663
0.9755 0.00117985
0.9765 0.00113302
0.9775 0.00108615
0.9785 0.00103924
0.9795 0.000992289
0.9805 0.000945296
0.9815 0.000898267
0.9825 0.000851201
0.9835 0.000804103
0.9845 0.000756972
0.9855 0.000709812
0.9865 0.000662623
0.9875 0.000615408
0.9885 0.000568169
0.9895 0.000520908
0.9905 0.000473625
0.9915 0.000426324
0.9925 0.000379005
0.9935 0.000331671
0.9945 0.000284323
0.9955 0.000236961
0.9965 0.000189589
0.9975 0.000142206
0.9985 9.4812e-05
0.9995 4.74088e-05

# time= 0.9984
0.0005 1.12724e-15
0.0015 0.00627967
0.0025 0.0125593
0.0035 0.0188387
0.0045 0.0251178
0.0055 0.0313964
0.0065 0.0376742
0.0075 0.043951
0.0085 0.0502265
0.0095 0.0565004
0.0105 0.0627723
0.0115 0.0690419
0.0125 0.0753088
0.0135 0.0815728
0.0145 0.0878335
0.0155 0.0940907
0.0165 0.100344
0.0175 0.106593
0.0185 0.112838
0.0195 0.119079
0.0205 0.125314
0.0215 0.131545
0.0225 0.137771
0.0235 0.143991
0.0245 0.150205
0.0255 0.156414
0.0265 0.162616
0.0275 0.168812
0.0285 0.175001
0.0295 0.181183
0.0305 0.187359
0.0315 0.193526
0.0325 0.199687
0.0335 0.205839
0.0345 0.211983
0.0355 0.218119
0.0365 0.224246
0.0375 0.230365
0.0385 0.236474
0.0395 0.242574
0.0405 0.248664
0.0415 0.254745
0.0425 0.260815
0.0435 0.266875
0.0445 0.272925
0.0455 0.278964
0.0465 0.284992
0.0475 0.291008
0.0485 0.297013
0.0495 0.303007
0.0505 0.308988
0.0515 0.314957
0.0525 0.320914
0.0535 0.326858
0.0545 0.332789
0.0555 0.338707
0.0565 0.344612
0.0575 0.350503
0.0585 0.356381
0.0595 0.362244
0.0605 0.368093
0.0615 0.373927
0.0625 0.379747
0.0635 0.385551
0.0645 0.391341
0.0655 0.397114
0.0665 0.402873
0.0675 0.408615
0.0685 0.414341
0.0695 0.420051
0.0705 0.425744
0.0715 0.431421
0.0725 0.43708
0.0735 0.442723
0.0745 0.448347
0.0755 0.453954
0.0765 0.459543
0.0775 0.465114
0.0785 0.470667
0.0795 0.476201
0.0805 0.481716
0.0815 0.487212
0.0825 0.492689
0.0835 0.498147
0.0845 0.503585
0.0855 0.509002
0.0865 0.5144
0.0875 0.519778
0.0885 0.525135
0.0895 0.530471
0.0905 0.535787
0.0915 0.541081
0.0925 0.546354
0.0935 0.551605
0.0945 0.556834
0.0955 0.562042
0.0965 0.567227
0.0975 0.57239
0.0985 0.577531
0.0995 0.582648
0.1005 0.587743
0.1015 0.592814
0.1025 0.597862
0.1035 0.602886
0.1045 0.607887
0.1055 0.612863
0.1065 0.617816
0.1075 0.622744
0.1085 0.627647
0.1095 0.632525
0.1105 0.637379
0.1115 0.642208
0.1125 0.647011
0.1135 0.651788
0.1145 0.65654
0.1155 0.661266
0.1165 0.665966
0.1175 0.670639
0.1185 0.675286
0.1195 0.679907
0.1205 0.6845
0.1215 0.689067
0.1225 0.693606
0.1235 0.698118
0.1245 0.702602
0.1255 0.707059
0.1265 0.711487
0.1275 0.715888
0.1285 0.72026
0.1295 0.724604
0.1305 0.72892
0.1315 0.733206
0.1325 0.737464
0.1335 0.741692
0.1345 0.745891
0.1355 0.750061
0.1365 0.754201
0.1375 0.758312
0.1385 0.762392
0.1395 0.766442
0.1405 0.770463
0.1415 0.774452
0.1425 0.778411
0.1435 0.78234
0.1445 0.786237
0.1455 0.790104
0.1465 0.793939
0.1475 0.797743
0.1485 0.801515
0.1495 0.805256
0.1505 0.808965
0.1515 0.812642
0.1525 0.816287
0.1535 0.819899
0.1545 0.82348
0.1555 0.827028
0.1565 0.830543
0.1575 0.834025
0.1585 0.837475
0.1595 0.840891
0.1605 0.844274
0.1615 0.847624
0.1625 0.850941
0.1635 0.854224
0.1645 0.857473
0.1655 0.860688
0.1665 0.863869
0.1675 0.867016
0.1685 0.870129
0.1695 0.873208
0.1705 0.876252
0.1715 0.879262
0.1725 0.882236
0.1735 0.885176
0.1745 0.888081
0.1755 0.890951
0.1765 0.893786
0.1775 0.896586
0.1785 0.89935
0.1795 0.902079
0.1805 0.904772
0.1815 0.907429
0.1825 0.91005
0.1835 0.912636
0.1845 0.915185
0.1855 0.917699
0.1865 0.920176
0.1875 0.922617
0.1885 0.925021
0.1895 0.927389
0.1905 0.92972
0.1915 0.932015
0.1925 0.934273
0.1935 0.936494
0.1945 0.938677
0.1955 0.940824
0.1965 0.942934
0.1975 0.945007
0.1985 0.947042
0.1995 0.94904
0.2005 0.951
0.2015 0.952923
0.2025 0.954808
0.2035 0.956655
0.2045 0.958465
0.2055 0.960237
0.2065 0.961971
0.2075 0.963667
0.2085 0.965325
0.2095 0.966945
0.2105 0.968526
0.2115 0.97007
0.2125 0.971575
0.2135 0.973042
0.2145 0.97447
0.2155 0.97586
0.2165 0.977211
0.2175 0.978524
0.2185 0.979798
0.2195 0.981034
0.2205 0.98223
0.2215 0.983388
0.2225 0.984508
0.2235 0.985588
0.2245 0.986629
0.2255 0.987632
0.2265 0.988595
0.2275 0.989519
0.2285 0.990405
0.2295 0.991251
0.2305 0.992058
0.2315 0.992826
0.2325 0.993555
0.2335 0.994244
0.2345 0.994895
0.2355 0.995506
0.2365 0.996077
0.2375 0.99661
0.2385 0.997103
0.2395 0.997556
0.2405 0.997971
0.2415 0.998345
0.2425 0.998681
0.2435 0.998977
0.2445 0.999233
0.2455 0.999451
0.2465 0.999628
0.2475 0.999767
0.2485 0.999865
0.2495 0.999924
0.2505 0.999944
0.2515 0.999924
0.2525 0.999865
0.2535 0.999767
0.2545 0.999628
0.2555 0.999451
0.2565 0.999233
0.2575 0.998977
0.2585 0.998681
0.2595 0.998345
0.2605 0.997971
0.2615 0.997556
0.2625 0.997103
0.2635 0.99661
0.2645 0.996077
0.2655 0.995506
0.2665 0.994895
0.2675 0.994244
0.2685 0.993555
0.2695 0.992826
0.2705 0.992058
0.2715 0.991251
0.2725 0.990405
0.2735 0.989519
0.2745 0.988595
0.2755 0.987632
0.2765 0.986629
0.2775 0.985588
0.2785 0.984508
0.2795 0.983388
0.2805 0.98223
0.2815 0.981034
0.2825 0.979798
0.2835 0.978524
0.2845 0.977211
0.2855 0.97586
0.2865 0.97447
0.2875 0.973042
0.2885 0.971575
0.2895 0.97007
0.2905 0.968526
0.2915 0.966945
0.2925 0.965325
0.2935 0.963667
0.2945 0.961971
0.2955 0.960237
0.2965 0.958465
0.2975 0.956655
0.2985 0.954808
0.2995 0.952923
0.3005 0.951
0.3015 0.94904
0.3025 0.947042
0.3035 0.945007
0.3045 0.942934
0.3055 0.940824
0.3065 0.938677
0.3075 0.936494
0.3085 0.934273
0.3095 0.932015
0.3105 0.92972
0.3115 0.927389
0.3125 0.925021
0.3135 0.922617
0.3145 0.920176
0.3155 0.917699
0.3165 0.915185
0.3175 0.912636
0.3185 0.91005
0.3195 0.907429
0.3205 0.904772
0.3215 0.902079
0.3225 0.89935
0.3235 0.896586
0.3245 0.893786
0.3255 0.890951
0.3265 0.888081
0.3275 0.885176
0.3285 0.882236
0.3295 0.879262
0.3305 0.876252
0.3315 0.873208
0.3325 0.870129
0.3335 0.867016
0.3345 0.863869
0.3355 0.860688
0.3365 0.857473
0.3375 0.854224
0.3385 0.850941
0.3395 0.847624
0.3405 0.844274
0.3415 0.840891
0.3425 0.837475
0.3435 0.834025
0.3445 0.830543
0.3455 0.827028
0.3465 0.82348
0.3475 0.819899
0.3485 0.816287
0.3495 0.812642
0.3505 0.808965
0.3515 0.805256
0.3525 0.801515
0.3535 0.797743
0.3545 0.793939
0.3555 0.790104
0.3565 0.786237
0.3575 0.78234
0.3585 0.778411
0.3595 0.774452
0.3605 0.770463
0.3615 0.766442
0.3625 0.762392
0.3635 0.758312
0.3645 0.754201
0.3655 0.750061
0.3665 0.745891
0.3675 0.741692
0.3685 0.737464
0.3695 0.733206
0.3705 0.72892
0.3715 0.724604
0.3725 0.72026
0.3735 0.715888
0.3745 0.711487
0.3755 0.707059
0.3765 0.702602
0.3775 0.698118
0.3785 0.693606
0.3795 0.689067
0.3805 0.6845
0.3815 0.679907
0.3825 0.675286
0.3835 0.670639
0.3845 0.665966
0.3855 0.661266
0.3865 0.65654
0.3875 0.651788
0.3885 0.647011
0.3895 0.642208
0.3905 0.637379
0.3915 0.632525
0.3925 0.627647
0.3935 0.622744
0.3945 0.617816
0.3955 0.612863
0.3965 0.607887
0.3975 0.602886
0.3985 0.597862
0.3995 0.592814
0.4005 0.587743
0.4015 0.582648
0.4025 0.577531
0.4035 0.57239
0.4045 0.567227
0.4055 0.562042
0.4065 0.556834
0.4075 0.551605
0.4085 0.546354
0.4095 0.541081
0.4105 0.535787
0.4115 0.530471
0.4125 0.525135
0.4135 0.519778
0.4145 0.5144
0.4155 0.509002
0.4165 0.503585
0.4175 0.498147
0.4185 0.492689
0.4195 0.487212
0.4205 0.481716
0.4215 0.476201
0.4225 0.470667
0.4235 0.465114
0.4245 0.459543
0.4255 0.453954
0.4265 0.448347
0.4275 0.442723
0.4285 0.43708
0.4295 0.431421
0.4305 0.425744
0.4315 0.420051
0.4325 0.414341
0.4335 0.408615
0.4345 0.402873
0.4355 0.397114
0.4365 0.391341
0.4375 0.385551
0.4385 0.379747
0.4395 0.373927
0.4405 0.368093
0.4415 0.362244
0.4425 0.356381
0.4435 0.350503
0.4445 0.344612
0.4455 0.338707
0.4465 0.332789
0.4475 0.326858
0.4485 0.320914
0.4495 0.314957
0.4505 0.308988
0.4515 0.303007
0.4525 0.297013
0.4535 0.291008
0.4545 0.284992
0.4555 0.278964
0.4565 0.272925
0.4575 0.266875
0.4585 0.260815
0.4595 0.254745
0.4605 0.248664
0.4615 0.242574
0.4625 0.236474
0.4635 0.230365
0.4645 0.224246
0.4655 0.218119
0.4665 0.211983
0.4675 0.205839
0.4685 0.199687
0.4695 0.193526
0.4705 0.187359
0.4715 0.181183
0.4725 0.175001
0.4735 0.168812
0.4745 0.162616
0.4755 0.156414
0.4765 0.150205
0.4775 0.143991
0.4785 0.137771
0.4795 0.131545
0.4805 0.125314
0.4815 0.119079
0.4825 0.112838
0.4835 0.106593
0.4845 0.100344
0.4855 0.0940907
0.4865 0.0878335
0.4875 0.0815728
0.4885 0.0753088
0.4895 0.0690419
0.4905 0.0627723
0.4915 0.0565004
0.4925 0.0502265
0.4935 0.043951
0.4945 0.0376742
0.4955 0.0313964
0.4965 0.0251178
0.4975 0.0188387
0.4985 0.0125593
0.4995 0.00627967
0.5005 -6.08686e-17
0.5015 -0.00627967
0.5025 -0.0125593
0.5035 -0.0188387
0.5045 -0.0251178
0.5055 -0.0313964
0.5065 -0.0376742
0.5075 -0.043951
0.5085 -0.0502265
0.5095 -0.0565004
0.5105 -0.0627723
0.5115 -0.0690419
0.5125 -0.0753088
0.5135 -0.0815728
0.5145 -0.0878335
0.5155 -0.0940907
0.5165 -0.100344
0.5175 -0.106593
0.5185 -0.112838
0.5195 -0.119079
0.5205 -0.125314
0.5215 -0.131545
0.5225 -0.137771
0.5235 -0.143991
0.5245 -0.150205
0.5255 -0.156414
0.5265 -0.162616
0.5275 -0.168812
0.5285 -0.175001
0.5295 -0.181183
0.5305 -0.187359
0.5315 -0.193526
0.5325 -0.199687
0.5335 -0.205839
0.5345 -0.211983
0.5355 -0.218119
0.5365 -0.224246
0.5375 -0.230365
0.5385 -0.236474
0.5395 -0.242574
0.5405 -0.248664
0.5415 -0.254745
0.5425 -0.260815
0.5435 -0.266875
0.5445 -0.272925
0.5455 -0.278964
0.5465 -0.284992
0.5475 -0.291008
0.5485 -0.297013
0.5495 -0.303007
0.5505 -0.308988
0.5515 -0.314957
0.5525 -0.320914
0.5535 -0.326858
0.5545 -0.332789
0.5555 -0.338707
0.5565 -0.344612
0.5575 -0.350503
0.5585 -0.356381
0.5595 -0.362244
0.5605 -0.368093
0.5615 -0.373927
0.5625 -0.379747
0.5635 -0.385551
0.5645 -0.391341
0.5655 -0.397114
0.5665 -0.402873
0.5675 -0.408615
0.5685 -0.414341
0.5695 -0.420051
0.5705 -0.425744
0.5715 -0.431421
0.5725 -0.43708
0.5735 -0.442723
0.5745 -0.448347
0.5755 -0.453954
0.5765 -0.459543
0.5775 -0.465114
0.5785 -0.470667
0.5795 -0.476201
0.5805 -0.481716
0.5815 -0.487212
0.5825 -0.492689
0.5835 -0.498147
0.5845 -0.503585
0.5855 -0.509002
0.5865 -0.5144
0.5875 -0.519778
0.5885 -0.525135
0.5895 -0.530471
0.5905 -0.535787
0.5915 -0.541081
0.5925 -0.546354
0.5935 -0.551605
0.5945 -0.556834
0.5955 -0.562042
0.5965 -0.567227
0.5975 -0.57239
0.5985 -0.577531
0.5995 -0.582648
0.6005 -0.587743
0.6015 -0.592814
0.6025 -0.597862
0.6035 -0.602886
0.6045 -0.607887
0.6055 -0.612863
0.6065 -0.617816
0.6075 -0.622744
0.6085 -0.627647
0.6095 -0.632525
0.6105 -0.637379
0.6115 -0.642208
0.6125 -0.647011
0.6135 -0.651788
0.6145 -0.65654
0.6155 -0.661266
0.6165 -0.665966
0.6175 -0.670639
0.6185 -0.675286
0.6195 -0.679907
0.6205 -0.6845
0.6215 -0.689067
0.6225 -0.693606
0.6235 -0.698118
0.6245 -0.702602
0.6255 -0.707059
0.6265 -0.711487
0.6275 -0.715888
0.6285 -0.72026
0.6295 -0.724604
0.6305 -0.72892
0.6315 -0.733206
0.6325 -0.737464
0.6335 -0.741692
0.6345 -0.745891
0.6355 -0.750061
0.6365 -0.754201
0.6375 -0.758312
0.6385 -0.762392
0.6395 -0.766442
0.6405 -0.770463
0.6415 -0.774452
0.6425 -0.778411
0.6435 -0.78234
0.6445 -0.786237
0.6455 -0.790104
0.6465 -0.793939
0.6475 -0.797743
0.6485 -0.801515
0.6495 -0.805256
0.6505 -0.808965
0.6515 -0.812642
0.6525 -0.816287
0.6535 -0.819899
0.6545 -0.82348
0.6555 -0.827028
0.6565 -0.830543
0.6575 -0.834025
0.6585 -0.837475
0.6595 -0.840891
0.6605 -0.844274
0.6615 -0.847624
0.6625 -0.850941
0.6635 -0.854224
0.6645 -0.857473
0.6655 -0.860688
0.6665 -0.863869
0.6675 -0.867016
0.6685 -0.870129
0.6695 -0.873208
0.6705 -0.876252
0.6715 -0.879262
0.6725 -0.882236
0.6735 -0.885176
0.6745 -0.888081
0.6755 -0.890951
0.6765 -0.893786
0.6775 -0.896586
0.6785 -0.89935
0.6795 -0.902079
0.6805 -0.904772
0.6815 -0.907429
0.6825 -0.91005
0.6835 -0.912636
0.6845 -0.915185
0.6855 -0.917699
0.6865 -0.920176
0.6875 -0.922617
0.6885 -0.925021
0.6895 -0.927389
0.6905 -0.92972
0.6915 -0.932015
0.6925 -0.934273
0.6935 -0.936494
0.6945 -0.938677
0.6955 -0.940824
0.6965 -0.942934
0.6975 -0.945007
0.6985 -0.947042
0.6995 -0.94904
0.7005 -0.951
0.7015 -0.952923
0.7025 -0.954808
0.7035 -0.956655
0.7045 -0.958465
0.7055 -0.960237
0.7065 -0.961971
0.7075 -0.963667
0.7085 -0.965325
0.7095 -0.966945
0.7105 -0.968526
0.7115 -0.97007
0.7125 -0.971575
0.7135 -0.973042
0.7145 -0.97447
0.7155 -0.97586
0.7165 -0.977211
0.7175 -0.978524
0.7185 -0.979798
0.7195 -0.981034
0.7205 -0.98223
0.7215 -0.983388
0.7225 -0.984508
0.7235 -0.985588
0.7245 -0.986629
0.7255 -0.987632
0.7265 -0.988595
0.7275 -0.989519
0.7285 -0.990405
0.7295 -0.991251
0.7305 -0.992058
0.7315 -0.992826
0.7325 -0.993555
0.7335 -0.994244
0.7345 -0.994895
0.7355 -0.995506
0.7365 -0.996077
0.7375 -0.99661
0.7385 -0.997103
0.7395 -0.997556
0.7405 -0.997971
0.7415 -0.998345
0.7425 -0.998681
0.7435 -0.998977
0.7445 -0.999233
0.7455 -0.999451
0.7465 -0.999628
0.7475 -0.999767
0.7485 -0.999865
0.7495 -0.999924
0.7505 -0.999944
0.7515 -0.999924
0.7525 -0.999865
0.7535 -0.999767
0.7545 -0.999628
0.7555 -0.999451
0.7565 -0.999233
0.7575 -0.998977
0.7585 -0.998681
0.7595 -0.998345
0.7605 -0.997971
0.7615 -0.997556
0.7625 -0.997103
0.7635 -0.99661
0.7645 -0.996077
0.7655 -0.995506
0.7665 -0.994895
0.7675 -0.994244
0.7685 -0.993555
0.7695 -0.992826
0.7705 -0.992058
0.7715 -0.991251
0.7725 -0.990405
0.7735 -0.989519
0.7745 -0.988595
0.7755 -0.987632
0.7765 -0.986629
0.7775 -0.985588
0.7785 -0.984508
0.7795 -0.983388
0.7805 -0.98223
0.7815 -0.981034
0.7825 -0.979798
0.7835 -0.978524
0.7845 -0.977211
0.7855 -0.97586
0.7865 -0.97447
0.7875 -0.973042
0.7885 -0.971575
0.7895 -0.97007
0.7905 -0.968526
0.7915 -0.966945
0.7925 -0.965325
0.7935 -0.963667
0.7945 -0.961971
0.7955 -0.960237
0.7965 -0.958465
0.7975 -0.956655
0.7985 -0.954808
0.7995 -0.952923
0.8005 -0.951
0.8015 -0.94904
0.8025 -0.947042
0.8035 -0.945007
0.8045 -0.942934
0.8055 -0.940824
0.8065 -0.938677
0.8075 -0.936494
0.8085 -0.934273
0.8095 -0.932015
0.8105 -0.92972
0.8115 -0.927389
0.8125 -0.925021
0.8135 -0.922617
0.8145 -0.920176
0.8155 -0.917699
0.8165 -0.915185
0.8175 -0.912636
0.8185 -0.91005
0.8195 -0.907429
0.8205 -0.904772
0.8215 -0.902079
0.8225 -0.89935
0.8235 -0.896586
0.8245 -0.893786
0.8255 -0.890951
0.8265 -0.888081
0.8275 -0.885176
0.8285 -0.882236
0.8295 -0.879262
0.8305 -0.876252
0.8315 -0.873208
0.8325 -0.870129
0.8335 -0.867016
0.8345 -0.863869
0.8355 -0.860688
0.8365 -0.857473
0.8375 -0.854224
0.8385 -0.850941
0.8395 -0.847624
0.8405 -0.844274
0.8415 -0.840891
0.8425 -0.837475
0.8435 -0.834025
0.8445 -0.830543
0.8455 -0.827028
0.8465 -0.82348
0.8475 -0.819899
0.8485 -0.816287
0.8495 -0.812642
0.8505 -0.808965
0.8515 -0.805256
0.8525 -0.801515
0.8535 -0.797743
0.8545 -0.793939
0.8555 -0.790104
0.8565 -0.786237
0.8575 -0.78234
0.8585 -0.778411
0.8595 -0.774452
0.8605 -0.770463
0.8615 -0.766442
0.8625 -0.762392
0.8635 -0.758312
0.8645 -0.754201
0.8655 -0.750061
0.8665 -0.745891
0.8675 -0.741692
0.8685 -0.737464
0.8695 -0.733206
0.8705 -0.72892
0.8715 -0.724604
0.8725 -0.72026
0.8735 -0.715888
0.8745 -0.711487
0.8755 -0.707059
0.8765 -0.702602
0.8775 -0.698118
0.8785 -0.693606
0.8795 -0.689067
0.8805 -0.6845
0.8815 -0.679907
0.8825 -0.675286
0.8835 -0.670639
0.8845 -0.665966
0.8855 -0.661266
0.8865 -0.65654
0.8875 -0.651788
0.8885 -0.647011
0.8895 -0.642208
0.8905 -0.637379
0.8915 -0.632525
0.8925 -0.627647
0.8935 -0.622744
0.8945 -0.617816
0.8955 -0.612863
0.8965 -0.607887
0.8975 -0.602886
0.8985 -0.597862
0.8995 -0.592814
0.9005 -0.587743
0.9015 -0.582648
0.9025 -0.577531
0.9035 -0.57239
0.9045 -0.567227
0.9055 -0.562042
0.9065 -0.556834
0.9075 -0.551605
0.9085 -0.546354
0.9095 -0.541081
0.9105 -0.535787
0.9115 -0.530471
0.9125 -0.525135
0.9135 -0.519778
0.9145 -0.5144
0.9155 -0.509002
0.9165 -0.503585
0.9175 -0.498147
0.9185 -0.492689
0.9195 -0.487212
0.9205 -0.481716
0.9215 -0.476201
0.9225 -0.470667
0.9235 -0.465114
0.9245 -0.459543
0.9255 -0.453954
0.9265 -0.448347
0.9275 -0.442723
0.9285 -0.43708
0.9295 -0.431421
0.9305 -0.425744
0.9315 -0.420051
0.9325 -0.414341
0.9335 -0.408615
0.9345 -0.402873
0.9355 -0.397114
0.9365 -0.391341
0.9375 -0.385551
0.9385 -0.379747
0.9395 -0.373927
0.9405 -0.368093
0.9415 -0.362244
0.9425 -0.356381
0.9435 -0.350503
0.9445 -0.344612
0.9455 -0.338707
0.9465 -0.332789
0.9475 -0.326858
0.9485 -0.320914
0.9495 -0.314957
0.9505 -0.308988
0.9515 -0.303007
0.9525 -0.297013
0.9535 -0.291008
0.9545 -0.284992
0.9555 -0.278964
0.9565 -0.272925
0.9575 -0.266875
0.9585 -0.260815
0.9595 -0.254745
0.9605 -0.248664
0.9615 -0.242574
0.9625 -0.236474
0.9635 -0.230365
0.9645 -0.224246
0.9655 -0.218119
0.9665 -0.211983
0.9675 -0.205839
0.9685 -0.199687
0.9695 -0.193526
0.9705 -0.187359
0.9715 -0.181183
0.9725 -0.175001
0.9735 -0.168812
0.9745 -0.162616
0.9755 -0.156414
0.9765 -0.150205
0.9775 -0.143991
0.9785 -0.137771
0.9795 -0.131545
0.9805 -0.125314
0.9815 -0.119079
0.9825 -0.112838
0.9835 -0.106593
0.9845 -0.100344
0.9855 -0.0940907
0.9865 -0.0878335
0.9875 -0.0815728
0.9885 -0.0753088
0.9895 -0.0690419
0.9905 -0.0627723
0.9915 -0.0565004
0.9925 -0.0502265
0.9935 -0.043951
0.9945 -0.0376742
0.9955 -0.0313964
0.9965 -0.0251178
0.9975 -0.0188387
0.9985 -0.0125593
0.9995 -0.00627967
