
# time= 0
0.0005 0
0.0015 0
0.0025 0
0.0035 0
0.0045 0
0.0055 0
0.0065 0
0.0075 0
0.0085 0
0.0095 0
0.0105 0
0.0115 0
0.0125 0
0.0135 0
0.0145 0
0.0155 0
0.0165 0
0.0175 0
0.0185 0
0.0195 0
0.0205 0
0.0215 0
0.0225 0
0.0235 0
0.0245 0
0.0255 0
0.0265 0
0.0275 0
0.0285 0
0.0295 0
0.0305 0
0.0315 0
0.0325 0
0.0335 0
0.0345 0
0.0355 0
0.0365 0
0.0375 0
0.0385 0
0.0395 0
0.0405 0
0.0415 0
0.0425 0
0.0435 0
0.0445 0
0.0455 0
0.0465 0
0.0475 0
0.0485 0
0.0495 0
0.0505 0
0.0515 0
0.0525 0
0.0535 0
0.0545 0
0.0555 0
0.0565 0
0.0575 0
0.0585 0
0.0595 0
0.0605 0
0.0615 0
0.0625 0
0.0635 0
0.0645 0
0.0655 0
0.0665 0
0.0675 0
0.0685 0
0.0695 0
0.0705 0
0.0715 0
0.0725 0
0.0735 0
0.0745 0
0.0755 0
0.0765 0
0.0775 0
0.0785 0
0.0795 0
0.0805 0
0.0815 0
0.0825 0
0.0835 0
0.0845 0
0.0855 0
0.0865 0
0.0875 0
0.0885 0
0.0895 0
0.0905 0
0.0915 0
0.0925 0
0.0935 0
0.0945 0
0.0955 0
0.0965 0
0.0975 0
0.0985 0
0.0995 0
0.1005 0
0.1015 0
0.1025 0
0.1035 0
0.1045 0
0.1055 0
0.1065 0
0.1075 0
0.1085 0
0.1095 0
0.1105 0
0.1115 0
0.1125 0
0.1135 0
0.1145 0
0.1155 0
0.1165 0
0.1175 0
0.1185 0
0.1195 0
0.1205 0
0.1215 0
0.1225 0
0.1235 0
0.1245 0
0.1255 0
0.1265 0
0.1275 0
0.1285 0
0.1295 0
0.1305 0
0.1315 0
0.1325 0
0.1335 0
0.1345 0
0.1355 0
0.1365 0
0.1375 0
0.1385 0
0.1395 0
0.1405 0
0.1415 0
0.1425 0
0.1435 0
0.1445 0
0.1455 0
0.1465 0
0.1475 0
0.1485 0
0.1495 0
0.1505 0
0.1515 0
0.1525 0
0.1535 0
0.1545 0
0.1555 0
0.1565 0
0.1575 0
0.1585 0
0.1595 0
0.1605 0
0.1615 0
0.1625 0
0.1635 0
0.1645 0
0.1655 0
0.1665 0
0.1675 0
0.1685 0
0.1695 0
0.1705 0
0.1715 0
0.1725 0
0.1735 0
0.1745 0
0.1755 0
0.1765 0
0.1775 0
0.1785 0
0.1795 0
0.1805 0
0.1815 0
0.1825 0
0.1835 0
0.1845 0
0.1855 0
0.1865 0
0.1875 0
0.1885 0
0.1895 0
0.1905 0
0.1915 0
0.1925 0
0.1935 0
0.1945 0
0.1955 0
0.1965 0
0.1975 0
0.1985 0
0.1995 0
0.2005 0
0.2015 0
0.2025 0
0.2035 0
0.2045 0
0.2055 0
0.2065 0
0.2075 0
0.2085 0
0.2095 0
0.2105 0
0.2115 0
0.2125 0
0.2135 0
0.2145 0
0.2155 0
0.2165 0
0.2175 0
0.2185 0
0.2195 0
0.2205 0
0.2215 0
0.2225 0
0.2235 0
0.2245 0
0.2255 0
0.2265 0
0.2275 0
0.2285 0
0.2295 0
0.2305 0
0.2315 0
0.2325 0
0.2335 0
0.2345 0
0.2355 0
0.2365 0
0.2375 0
0.2385 0
0.2395 0
0.2405 0
0.2415 0
0.2425 0
0.2435 0
0.2445 0
0.2455 0
0.2465 0
0.2475 0
0.2485 0
0.2495 0
0.2505 0
0.2515 0
0.2525 0
0.2535 0
0.2545 0
0.2555 0
0.2565 0
0.2575 0
0.2585 0
0.2595 0
0.2605 0
0.2615 0
0.2625 0
0.2635 0
0.2645 0
0.2655 0
0.2665 0
0.2675 0
0.2685 0
0.2695 0
0.2705 0
0.2715 0
0.2725 0
0.2735 0
0.2745 0
0.2755 0
0.2765 0
0.2775 0
0.2785 0
0.2795 0
0.2805 0
0.2815 0
0.2825 0
0.2835 0
0.2845 0
0.2855 0
0.2865 0
0.2875 0
0.2885 0
0.2895 0
0.2905 0
0.2915 0
0.2925 0
0.2935 0
0.2945 0
0.2955 0
0.2965 0
0.2975 0
0.2985 0
0.2995 0
0.3005 0
0.3015 0
0.3025 0
0.3035 0
0.3045 0
0.3055 0
0.3065 0
0.3075 0
0.3085 0
0.3095 0
0.3105 0
0.3115 0
0.3125 0
0.3135 0
0.3145 0
0.3155 0
0.3165 0
0.3175 0
0.3185 0
0.3195 0
0.3205 0
0.3215 0
0.3225 0
0.3235 0
0.3245 0
0.3255 0
0.3265 0
0.3275 0
0.3285 0
0.3295 0
0.3305 0
0.3315 0
0.3325 0
0.3335 0
0.3345 0
0.3355 0
0.3365 0
0.3375 0
0.3385 0
0.3395 0
0.3405 0
0.3415 0
0.3425 0
0.3435 0
0.3445 0
0.3455 0
0.3465 0
0.3475 0
0.3485 0
0.3495 0
0.3505 0
0.3515 0
0.3525 0
0.3535 0
0.3545 0
0.3555 0
0.3565 0
0.3575 0
0.3585 0
0.3595 0
0.3605 0
0.3615 0
0.3625 0
0.3635 0
0.3645 0
0.3655 0
0.3665 0
0.3675 0
0.3685 0
0.3695 0
0.3705 0
0.3715 0
0.3725 0
0.3735 0
0.3745 0
0.3755 0
0.3765 0
0.3775 0
0.3785 0
0.3795 0
0.3805 0
0.3815 0
0.3825 0
0.3835 0
0.3845 0
0.3855 0
0.3865 0
0.3875 0
0.3885 0
0.3895 0
0.3905 0
0.3915 0
0.3925 0
0.3935 0
0.3945 0
0.3955 0
0.3965 0
0.3975 0
0.3985 0
0.3995 0
0.4005 1
0.4015 1
0.4025 1
0.4035 1
0.4045 1
0.4055 1
0.4065 1
0.4075 1
0.4085 1
0.4095 1
0.4105 1
0.4115 1
0.4125 1
0.4135 1
0.4145 1
0.4155 1
0.4165 1
0.4175 1
0.4185 1
0.4195 1
0.4205 1
0.4215 1
0.4225 1
0.4235 1
0.4245 1
0.4255 1
0.4265 1
0.4275 1
0.4285 1
0.4295 1
0.4305 1
0.4315 1
0.4325 1
0.4335 1
0.4345 1
0.4355 1
0.4365 1
0.4375 1
0.4385 1
0.4395 1
0.4405 1
0.4415 1
0.4425 1
0.4435 1
0.4445 1
0.4455 1
0.4465 1
0.4475 1
0.4485 1
0.4495 1
0.4505 1
0.4515 1
0.4525 1
0.4535 1
0.4545 1
0.4555 1
0.4565 1
0.4575 1
0.4585 1
0.4595 1
0.4605 1
0.4615 1
0.4625 1
0.4635 1
0.4645 1
0.4655 1
0.4665 1
0.4675 1
0.4685 1
0.4695 1
0.4705 1
0.4715 1
0.4725 1
0.4735 1
0.4745 1
0.4755 1
0.4765 1
0.4775 1
0.4785 1
0.4795 1
0.4805 1
0.4815 1
0.4825 1
0.4835 1
0.4845 1
0.4855 1
0.4865 1
0.4875 1
0.4885 1
0.4895 1
0.4905 1
0.4915 1
0.4925 1
0.4935 1
0.4945 1
0.4955 1
0.4965 1
0.4975 1
0.4985 1
0.4995 1
0.5005 1
0.5015 1
0.5025 1
0.5035 1
0.5045 1
0.5055 1
0.5065 1
0.5075 1
0.5085 1
0.5095 1
0.5105 1
0.5115 1
0.5125 1
0.5135 1
0.5145 1
0.5155 1
0.5165 1
0.5175 1
0.5185 1
0.5195 1
0.5205 1
0.5215 1
0.5225 1
0.5235 1
0.5245 1
0.5255 1
0.5265 1
0.5275 1
0.5285 1
0.5295 1
0.5305 1
0.5315 1
0.5325 1
0.5335 1
0.5345 1
0.5355 1
0.5365 1
0.5375 1
0.5385 1
0.5395 1
0.5405 1
0.5415 1
0.5425 1
0.5435 1
0.5445 1
0.5455 1
0.5465 1
0.5475 1
0.5485 1
0.5495 1
0.5505 1
0.5515 1
0.5525 1
0.5535 1
0.5545 1
0.5555 1
0.5565 1
0.5575 1
0.5585 1
0.5595 1
0.5605 1
0.5615 1
0.5625 1
0.5635 1
0.5645 1
0.5655 1
0.5665 1
0.5675 1
0.5685 1
0.5695 1
0.5705 1
0.5715 1
0.5725 1
0.5735 1
0.5745 1
0.5755 1
0.5765 1
0.5775 1
0.5785 1
0.5795 1
0.5805 1
0.5815 1
0.5825 1
0.5835 1
0.5845 1
0.5855 1
0.5865 1
0.5875 1
0.5885 1
0.5895 1
0.5905 1
0.5915 1
0.5925 1
0.5935 1
0.5945 1
0.5955 1
0.5965 1
0.5975 1
0.5985 1
0.5995 1
0.6005 0
0.6015 0
0.6025 0
0.6035 0
0.6045 0
0.6055 0
0.6065 0
0.6075 0
0.6085 0
0.6095 0
0.6105 0
0.6115 0
0.6125 0
0.6135 0
0.6145 0
0.6155 0
0.6165 0
0.6175 0
0.6185 0
0.6195 0
0.6205 0
0.6215 0
0.6225 0
0.6235 0
0.6245 0
0.6255 0
0.6265 0
0.6275 0
0.6285 0
0.6295 0
0.6305 0
0.6315 0
0.6325 0
0.6335 0
0.6345 0
0.6355 0
0.6365 0
0.6375 0
0.6385 0
0.6395 0
0.6405 0
0.6415 0
0.6425 0
0.6435 0
0.6445 0
0.6455 0
0.6465 0
0.6475 0
0.6485 0
0.6495 0
0.6505 0
0.6515 0
0.6525 0
0.6535 0
0.6545 0
0.6555 0
0.6565 0
0.6575 0
0.6585 0
0.6595 0
0.6605 0
0.6615 0
0.6625 0
0.6635 0
0.6645 0
0.6655 0
0.6665 0
0.6675 0
0.6685 0
0.6695 0
0.6705 0
0.6715 0
0.6725 0
0.6735 0
0.6745 0
0.6755 0
0.6765 0
0.6775 0
0.6785 0
0.6795 0
0.6805 0
0.6815 0
0.6825 0
0.6835 0
0.6845 0
0.6855 0
0.6865 0
0.6875 0
0.6885 0
0.6895 0
0.6905 0
0.6915 0
0.6925 0
0.6935 0
0.6945 0
0.6955 0
0.6965 0
0.6975 0
0.6985 0
0.6995 0
0.7005 0
0.7015 0
0.7025 0
0.7035 0
0.7045 0
0.7055 0
0.7065 0
0.7075 0
0.7085 0
0.7095 0
0.7105 0
0.7115 0
0.7125 0
0.7135 0
0.7145 0
0.7155 0
0.7165 0
0.7175 0
0.7185 0
0.7195 0
0.7205 0
0.7215 0
0.7225 0
0.7235 0
0.7245 0
0.7255 0
0.7265 0
0.7275 0
0.7285 0
0.7295 0
0.7305 0
0.7315 0
0.7325 0
0.7335 0
0.7345 0
0.7355 0
0.7365 0
0.7375 0
0.7385 0
0.7395 0
0.7405 0
0.7415 0
0.7425 0
0.7435 0
0.7445 0
0.7455 0
0.7465 0
0.7475 0
0.7485 0
0.7495 0
0.7505 0
0.7515 0
0.7525 0
0.7535 0
0.7545 0
0.7555 0
0.7565 0
0.7575 0
0.7585 0
0.7595 0
0.7605 0
0.7615 0
0.7625 0
0.7635 0
0.7645 0
0.7655 0
0.7665 0
0.7675 0
0.7685 0
0.7695 0
0.7705 0
0.7715 0
0.7725 0
0.7735 0
0.7745 0
0.7755 0
0.7765 0
0.7775 0
0.7785 0
0.7795 0
0.7805 0
0.7815 0
0.7825 0
0.7835 0
0.7845 0
0.7855 0
0.7865 0
0.7875 0
0.7885 0
0.7895 0
0.7905 0
0.7915 0
0.7925 0
0.7935 0
0.7945 0
0.7955 0
0.7965 0
0.7975 0
0.7985 0
0.7995 0
0.8005 0
0.8015 0
0.8025 0
0.8035 0
0.8045 0
0.8055 0
0.8065 0
0.8075 0
0.8085 0
0.8095 0
0.8105 0
0.8115 0
0.8125 0
0.8135 0
0.8145 0
0.8155 0
0.8165 0
0.8175 0
0.8185 0
0.8195 0
0.8205 0
0.8215 0
0.8225 0
0.8235 0
0.8245 0
0.8255 0
0.8265 0
0.8275 0
0.8285 0
0.8295 0
0.8305 0
0.8315 0
0.8325 0
0.8335 0
0.8345 0
0.8355 0
0.8365 0
0.8375 0
0.8385 0
0.8395 0
0.8405 0
0.8415 0
0.8425 0
0.8435 0
0.8445 0
0.8455 0
0.8465 0
0.8475 0
0.8485 0
0.8495 0
0.8505 0
0.8515 0
0.8525 0
0.8535 0
0.8545 0
0.8555 0
0.8565 0
0.8575 0
0.8585 0
0.8595 0
0.8605 0
0.8615 0
0.8625 0
0.8635 0
0.8645 0
0.8655 0
0.8665 0
0.8675 0
0.8685 0
0.8695 0
0.8705 0
0.8715 0
0.8725 0
0.8735 0
0.8745 0
0.8755 0
0.8765 0
0.8775 0
0.8785 0
0.8795 0
0.8805 0
0.8815 0
0.8825 0
0.8835 0
0.8845 0
0.8855 0
0.8865 0
0.8875 0
0.8885 0
0.8895 0
0.8905 0
0.8915 0
0.8925 0
0.8935 0
0.8945 0
0.8955 0
0.8965 0
0.8975 0
0.8985 0
0.8995 0
0.9005 0
0.9015 0
0.9025 0
0.9035 0
0.9045 0
0.9055 0
0.9065 0
0.9075 0
0.9085 0
0.9095 0
0.9105 0
0.9115 0
0.9125 0
0.9135 0
0.9145 0
0.9155 0
0.9165 0
0.9175 0
0.9185 0
0.9195 0
0.9205 0
0.9215 0
0.9225 0
0.9235 0
0.9245 0
0.9255 0
0.9265 0
0.9275 0
0.9285 0
0.9295 0
0.9305 0
0.9315 0
0.9325 0
0.9335 0
0.9345 0
0.9355 0
0.9365 0
0.9375 0
0.9385 0
0.9395 0
0.9405 0
0.9415 0
0.9425 0
0.9435 0
0.9445 0
0.9455 0
0.9465 0
0.9475 0
0.9485 0
0.9495 0
0.9505 0
0.9515 0
0.9525 0
0.9535 0
0.9545 0
0.9555 0
0.9565 0
0.9575 0
0.9585 0
0.9595 0
0.9605 0
0.9615 0
0.9625 0
0.9635 0
0.9645 0
0.9655 0
0.9665 0
0.9675 0
0.9685 0
0.9695 0
0.9705 0
0.9715 0
0.9725 0
0.9735 0
0.9745 0
0.9755 0
0.9765 0
0.9775 0
0.9785 0
0.9795 0
0.9805 0
0.9815 0
0.9825 0
0.9835 0
0.9845 0
0.9855 0
0.9865 0
0.9875 0
0.9885 0
0.9895 0
0.9905 0
0.9915 0
0.9925 0
0.9935 0
0.9945 0
0.9955 0
0.9965 0
0.9975 0
0.9985 0
0.9995 0

# time= 0.2496
0.0005 4.996e-16
0.0015 4.996e-16
0.0025 4.996e-16
0.0035 4.996e-16
0.0045 4.996e-16
0.0055 4.996e-16
0.0065 4.996e-16
0.0075 4.996e-16
0.0085 4.996e-16
0.0095 4.996e-16
0.0105 4.996e-16
0.0115 4.996e-16
0.0125 4.996e-16
0.0135 4.996e-16
0.0145 4.996e-16
0.0155 4.996e-16
0.0165 4.996e-16
0.0175 4.996e-16
0.0185 4.996e-16
0.0195 4.996e-16
0.0205 4.996e-16
0.0215 4.996e-16
0.0225 4.996e-16
0.0235 4.996e-16
0.0245 4.996e-16
0.0255 4.996e-16
0.0265 4.996e-16
0.0275 4.996e-16
0.0285 4.996e-16
0.0295 4.996e-16
0.0305 4.996e-16
0.0315 4.996e-16
0.0325 4.996e-16
0.0335 4.996e-16
0.0345 4.996e-16
0.0355 4.996e-16
0.0365 4.996e-16
0.0375 4.996e-16
0.0385 4.996e-16
0.0395 4.996e-16
0.0405 4.996e-16
0.0415 4.996e-16
0.0425 4.996e-16
0.0435 4.996e-16
0.0445 4.996e-16
0.0455 4.996e-16
0.0465 4.996e-16
0.0475 4.996e-16
0.0485 4.996e-16
0.0495 4.996e-16
0.0505 4.996e-16
0.0515 4.996e-16
0.0525 4.996e-16
0.0535 4.996e-16
0.0545 4.996e-16
0.0555 4.996e-16
0.0565 4.996e-16
0.0575 4.996e-16
0.0585 4.996e-16
0.0595 4.996e-16
0.0605 4.996e-16
0.0615 4.996e-16
0.0625 4.996e-16
0.0635 4.996e-16
0.0645 4.996e-16
0.0655 4.996e-16
0.0665 4.996e-16
0.0675 4.996e-16
0.0685 4.996e-16
0.0695 4.996e-16
0.0705 4.996e-16
0.0715 4.996e-16
0.0725 4.996e-16
0.0735 4.996e-16
0.0745 4.996e-16
0.0755 4.996e-16
0.0765 4.996e-16
0.0775 4.996e-16
0.0785 4.996e-16
0.0795 4.996e-16
0.0805 4.996e-16
0.0815 4.996e-16
0.0825 4.996e-16
0.0835 4.996e-16
0.0845 4.996e-16
0.0855 4.996e-16
0.0865 4.996e-16
0.0875 4.996e-16
0.0885 4.996e-16
0.0895 4.996e-16
0.0905 4.996e-16
0.0915 4.996e-16
0.0925 4.996e-16
0.0935 4.996e-16
0.0945 4.996e-16
0.0955 4.996e-16
0.0965 4.996e-16
0.0975 4.996e-16
0.0985 4.996e-16
0.0995 4.996e-16
0.1005 4.996e-16
0.1015 4.996e-16
0.1025 4.996e-16
0.1035 4.996e-16
0.1045 4.996e-16
0.1055 4.996e-16
0.1065 4.99601e-16
0.1075 4.99602e-16
0.1085 4.99613e-16
0.1095 4.99686e-16
0.1105 5.00139e-16
0.1115 5.02815e-16
0.1125 5.17856e-16
0.1135 5.98343e-16
0.1145 1.00912e-15
0.1155 3.01123e-15
0.1165 1.23416e-14
0.1175 5.39649e-14
0.1185 2.31896e-13
0.1195 9.61453e-13
0.1205 3.83316e-12
0.1215 1.46935e-11
0.1225 5.41843e-11
0.1235 1.92345e-10
0.1245 6.57694e-10
0.1255 2.16752e-09
0.1265 6.88864e-09
0.1275 2.1123e-08
0.1285 6.25212e-08
0.1295 1.78701e-07
0.1305 4.93424e-07
0.1315 1.31658e-06
0.1325 3.3958e-06
0.1335 8.46861e-06
0.1345 2.04246e-05
0.1355 4.76481e-05
0.1365 0.000107535
0.1375 0.000234808
0.1385 0.000496093
0.1395 0.00101418
0.1405 0.00200612
0.1415 0.00383943
0.1425 0.00710887
0.1435 0.012732
0.1445 0.0220528
0.1455 0.0369312
0.1465 0.0597767
0.1475 0.0933214
0.1485 0.136252
0.1495 0.18424
0.1505 0.234013
0.1515 0.283892
0.1525 0.332818
0.1535 0.378771
0.1545 0.418944
0.1555 0.450238
0.1565 0.470794
0.1575 0.483368
0.1585 0.490803
0.1595 0.495057
0.1605 0.497416
0.1615 0.498684
0.1625 0.499348
0.1635 0.499685
0.1645 0.499851
0.1655 0.499932
0.1665 0.499969
0.1675 0.499986
0.1685 0.499994
0.1695 0.499998
0.1705 0.499999
0.1715 0.5
0.1725 0.5
0.1735 0.5
0.1745 0.5
0.1755 0.5
0.1765 0.5
0.1775 0.5
0.1785 0.5
0.1795 0.5
0.1805 0.5
0.1815 0.5
0.1825 0.5
0.1835 0.5
0.1845 0.5
0.1855 0.5
0.1865 0.5
0.1875 0.5
0.1885 0.5
0.1895 0.5
0.1905 0.5
0.1915 0.5
0.1925 0.5
0.1935 0.5
0.1945 0.5
0.1955 0.5
0.1965 0.5
0.1975 0.5
0.1985 0.5
0.1995 0.5
0.2005 0.5
0.2015 0.5
0.2025 0.5
0.2035 0.5
0.2045 0.5
0.2055 0.5
0.2065 0.5
0.2075 0.5
0.2085 0.5
0.2095 0.5
0.2105 0.5
0.2115 0.5
0.2125 0.5
0.2135 0.5
0.2145 0.5
0.2155 0.5
0.2165 0.5
0.2175 0.5
0.2185 0.5
0.2195 0.5
0.2205 0.5
0.2215 0.5
0.2225 0.5
0.2235 0.5
0.2245 0.5
0.2255 0.5
0.2265 0.5
0.2275 0.5
0.2285 0.5
0.2295 0.5
0.2305 0.5
0.2315 0.5
0.2325 0.5
0.2335 0.5
0.2345 0.5
0.2355 0.5
0.2365 0.5
0.2375 0.5
0.2385 0.5
0.2395 0.5
0.2405 0.5
0.2415 0.5
0.2425 0.5
0.2435 0.5
0.2445 0.5
0.2455 0.5
0.2465 0.5
0.2475 0.5
0.2485 0.5
0.2495 0.5
0.2505 0.5
0.2515 0.5
0.2525 0.5
0.2535 0.5
0.2545 0.5
0.2555 0.5
0.2565 0.5
0.2575 0.5
0.2585 0.5
0.2595 0.5
0.2605 0.5
0.2615 0.5
0.2625 0.5
0.2635 0.5
0.2645 0.5
0.2655 0.5
0.2665 0.5
0.2675 0.5
0.2685 0.5
0.2695 0.5
0.2705 0.5
0.2715 0.5
0.2725 0.5
0.2735 0.5
0.2745 0.5
0.2755 0.5
0.2765 0.5
0.2775 0.5
0.2785 0.5
0.2795 0.5
0.2805 0.5
0.2815 0.5
0.2825 0.5
0.2835 0.5
0.2845 0.5
0.2855 0.5
0.2865 0.5
0.2875 0.5
0.2885 0.5
0.2895 0.5
0.2905 0.5
0.2915 0.5
0.2925 0.5
0.2935 0.5
0.2945 0.5
0.2955 0.5
0.2965 0.5
0.2975 0.5
0.2985 0.5
0.2995 0.5
0.3005 0.5
0.3015 0.5
0.3025 0.5
0.3035 0.5
0.3045 0.5
0.3055 0.5
0.3065 0.5
0.3075 0.5
0.3085 0.5
0.3095 0.5
0.3105 0.5
0.3115 0.5
0.3125 0.5
0.3135 0.5
0.3145 0.5
0.3155 0.5
0.3165 0.5
0.3175 0.5
0.3185 0.5
0.3195 0.5
0.3205 0.5
0.3215 0.5
0.3225 0.5
0.3235 0.5
0.3245 0.5
0.3255 0.5
0.3265 0.5
0.3275 0.5
0.3285 0.5
0.3295 0.5
0.3305 0.5
0.3315 0.499999
0.3325 0.499997
0.3335 0.499992
0.3345 0.49998
0.3355 0.499952
0.3365 0.499892
0.3375 0.499765
0.3385 0.499504
0.3395 0.498986
0.3405 0.497994
0.3415 0.496161
0.3425 0.492891
0.3435 0.487268
0.3445 0.477947
0.3455 0.463069
0.3465 0.440223
0.3475 0.406679
0.3485 0.363748
0.3495 0.31576
0.3505 0.265987
0.3515 0.216108
0.3525 0.167182
0.3535 0.121229
0.3545 0.0810558
0.3555 0.0497618
0.3565 0.029206
0.3575 0.0166321
0.3585 0.00919694
0.3595 0.00494307
0.3605 0.00258449
0.3615 0.00131558
0.3625 0.000652434
0.3635 0.000315446
0.3645 0.000148782
0.3655 6.84962e-05
0.3665 3.07966e-05
0.3675 1.35294e-05
0.3685 5.81032e-06
0.3695 2.44037e-06
0.3705 1.00284e-06
0.3715 4.03356e-07
0.3725 1.58853e-07
0.3735 6.12771e-08
0.3745 2.31602e-08
0.3755 8.57956e-09
0.3765 3.11597e-09
0.3775 1.10981e-09
0.3785 3.87751e-10
0.3795 1.32927e-10
0.3805 4.47235e-11
0.3815 1.47716e-11
0.3825 4.79069e-12
0.3835 1.52608e-12
0.3845 4.77725e-13
0.3855 1.47132e-13
0.3865 4.47361e-14
0.3875 1.35785e-14
0.3885 4.26271e-15
0.3895 1.52536e-15
0.3905 7.34733e-16
0.3915 5.10231e-16
0.3925 4.47548e-16
0.3935 4.30337e-16
0.3945 4.25688e-16
0.3955 4.24453e-16
0.3965 4.2413e-16
0.3975 4.24047e-16
0.3985 4.24026e-16
0.3995 4.24021e-16
0.4005 4.2402e-16
0.4015 4.2402e-16
0.4025 4.24019e-16
0.4035 4.24019e-16
0.4045 4.24019e-16
0.4055 4.24019e-16
0.4065 4.24019e-16
0.4075 4.24019e-16
0.4085 4.24019e-16
0.4095 4.24019e-16
0.4105 4.24019e-16
0.4115 4.24019e-16
0.4125 4.24019e-16
0.4135 4.24019e-16
0.4145 4.24019e-16
0.4155 4.24019e-16
0.4165 4.24019e-16
0.4175 4.24019e-16
0.4185 4.24019e-16
0.4195 4.24019e-16
0.4205 4.24019e-16
0.4215 4.24019e-16
0.4225 4.24019e-16
0.4235 4.24019e-16
0.4245 4.24019e-16
0.4255 4.24019e-16
0.4265 4.24019e-16
0.4275 4.24019e-16
0.4285 4.24019e-16
0.4295 4.24019e-16
0.4305 4.24019e-16
0.4315 4.24019e-16
0.4325 4.24019e-16
0.4335 4.24019e-16
0.4345 4.24019e-16
0.4355 4.24019e-16
0.4365 4.24019e-16
0.4375 4.24019e-16
0.4385 4.24019e-16
0.4395 4.24019e-16
0.4405 4.24019e-16
0.4415 4.24019e-16
0.4425 4.24019e-16
0.4435 4.24019e-16
0.4445 4.24019e-16
0.4455 4.24019e-16
0.4465 4.24019e-16
0.4475 4.24019e-16
0.4485 4.24019e-16
0.4495 4.24019e-16
0.4505 4.24019e-16
0.4515 4.24019e-16
0.4525 4.24019e-16
0.4535 4.24019e-16
0.4545 4.24019e-16
0.4555 4.24019e-16
0.4565 4.24019e-16
0.4575 4.24019e-16
0.4585 4.24019e-16
0.4595 4.24019e-16
0.4605 4.24019e-16
0.4615 4.24019e-16
0.4625 4.24019e-16
0.4635 4.24019e-16
0.4645 4.24019e-16
0.4655 4.24019e-16
0.4665 4.24019e-16
0.4675 4.24019e-16
0.4685 4.24019e-16
0.4695 4.24019e-16
0.4705 4.24019e-16
0.4715 4.24019e-16
0.4725 4.24019e-16
0.4735 4.24019e-16
0.4745 4.24019e-16
0.4755 4.24019e-16
0.4765 4.24019e-16
0.4775 4.24019e-16
0.4785 4.24019e-16
0.4795 4.24019e-16
0.4805 4.24019e-16
0.4815 4.24019e-16
0.4825 4.24019e-16
0.4835 4.24019e-16
0.4845 4.24019e-16
0.4855 4.24019e-16
0.4865 4.24019e-16
0.4875 4.24019e-16
0.4885 4.24019e-16
0.4895 4.24019e-16
0.4905 4.24019e-16
0.4915 4.24019e-16
0.4925 4.24019e-16
0.4935 4.24019e-16
0.4945 4.24019e-16
0.4955 4.24019e-16
0.4965 4.24019e-16
0.4975 4.24019e-16
0.4985 4.24019e-16
0.4995 4.24019e-16
0.5005 4.24019e-16
0.5015 4.24019e-16
0.5025 4.24019e-16
0.5035 4.24019e-16
0.5045 4.24019e-16
0.5055 4.24019e-16
0.5065 4.24019e-16
0.5075 4.24019e-16
0.5085 4.24019e-16
0.5095 4.24019e-16
0.5105 4.24019e-16
0.5115 4.24019e-16
0.5125 4.24019e-16
0.5135 4.24019e-16
0.5145 4.24019e-16
0.5155 4.24019e-16
0.5165 4.24019e-16
0.5175 4.24019e-16
0.5185 4.24019e-16
0.5195 4.24019e-16
0.5205 4.24019e-16
0.5215 4.24019e-16
0.5225 4.24019e-16
0.5235 4.24019e-16
0.5245 4.24019e-16
0.5255 4.24019e-16
0.5265 4.24019e-16
0.5275 4.24019e-16
0.5285 4.24019e-16
0.5295 4.24019e-16
0.5305 4.24019e-16
0.5315 4.24019e-16
0.5325 4.24019e-16
0.5335 4.24019e-16
0.5345 4.24019e-16
0.5355 4.24019e-16
0.5365 4.24019e-16
0.5375 4.24019e-16
0.5385 4.24019e-16
0.5395 4.24019e-16
0.5405 4.24019e-16
0.5415 4.24019e-16
0.5425 4.24019e-16
0.5435 4.24019e-16
0.5445 4.24019e-16
0.5455 4.24019e-16
0.5465 4.24019e-16
0.5475 4.24019e-16
0.5485 4.24019e-16
0.5495 4.24019e-16
0.5505 4.24019e-16
0.5515 4.24019e-16
0.5525 4.24019e-16
0.5535 4.24019e-16
0.5545 4.24019e-16
0.5555 4.24019e-16
0.5565 4.24019e-16
0.5575 4.24019e-16
0.5585 4.24019e-16
0.5595 4.24019e-16
0.5605 4.24019e-16
0.5615 4.24019e-16
0.5625 4.24019e-16
0.5635 4.24019e-16
0.5645 4.24019e-16
0.5655 4.24019e-16
0.5665 4.24019e-16
0.5675 4.24019e-16
0.5685 4.24019e-16
0.5695 4.24019e-16
0.5705 4.24019e-16
0.5715 4.24019e-16
0.5725 4.24019e-16
0.5735 4.24019e-16
0.5745 4.24019e-16
0.5755 4.24019e-16
0.5765 4.24019e-16
0.5775 4.24019e-16
0.5785 4.24019e-16
0.5795 4.24019e-16
0.5805 4.24019e-16
0.5815 4.24019e-16
0.5825 4.24019e-16
0.5835 4.24019e-16
0.5845 4.24019e-16
0.5855 4.24019e-16
0.5865 4.24019e-16
0.5875 4.24019e-16
0.5885 4.24019e-16
0.5895 4.24019e-16
0.5905 4.24019e-16
0.5915 4.24019e-16
0.5925 4.24019e-16
0.5935 4.24019e-16
0.5945 4.24019e-16
0.5955 4.24019e-16
0.5965 4.24019e-16
0.5975 4.24019e-16
0.5985 4.24019e-16
0.5995 4.2402e-16
0.6005 4.2402e-16
0.6015 4.24021e-16
0.6025 4.24026e-16
0.6035 4.24047e-16
0.6045 4.2413e-16
0.6055 4.24453e-16
0.6065 4.25688e-16
0.6075 4.30337e-16
0.6085 4.47548e-16
0.6095 5.10231e-16
0.6105 7.34733e-16
0.6115 1.52536e-15
0.6125 4.26271e-15
0.6135 1.35785e-14
0.6145 4.47361e-14
0.6155 1.47132e-13
0.6165 4.77725e-13
0.6175 1.52608e-12
0.6185 4.79069e-12
0.6195 1.47716e-11
0.6205 4.47235e-11
0.6215 1.32927e-10
0.6225 3.87751e-10
0.6235 1.10981e-09
0.6245 3.11597e-09
0.6255 8.57956e-09
0.6265 2.31602e-08
0.6275 6.12771e-08
0.6285 1.58853e-07
0.6295 4.03356e-07
0.6305 1.00284e-06
0.6315 2.44037e-06
0.6325 5.81032e-06
0.6335 1.35294e-05
0.6345 3.07966e-05
0.6355 6.84962e-05
0.6365 0.000148782
0.6375 0.000315446
0.6385 0.000652434
0.6395 0.00131558
0.6405 0.00258449
0.6415 0.00494307
0.6425 0.00919694
0.6435 0.0166321
0.6445 0.029206
0.6455 0.0497618
0.6465 0.0810558
0.6475 0.121229
0.6485 0.167182
0.6495 0.216108
0.6505 0.265987
0.6515 0.31576
0.6525 0.363748
0.6535 0.406679
0.6545 0.440223
0.6555 0.463069
0.6565 0.477947
0.6575 0.487268
0.6585 0.492891
0.6595 0.496161
0.6605 0.497994
0.6615 0.498986
0.6625 0.499504
0.6635 0.499765
0.6645 0.499892
0.6655 0.499952
0.6665 0.49998
0.6675 0.499992
0.6685 0.499997
0.6695 0.499999
0.6705 0.5
0.6715 0.5
0.6725 0.5
0.6735 0.5
0.6745 0.5
0.6755 0.5
0.6765 0.5
0.6775 0.5
0.6785 0.5
0.6795 0.5
0.6805 0.5
0.6815 0.5
0.6825 0.5
0.6835 0.5
0.6845 0.5
0.6855 0.5
0.6865 0.5
0.6875 0.5
0.6885 0.5
0.6895 0.5
0.6905 0.5
0.6915 0.5
0.6925 0.5
0.6935 0.5
0.6945 0.5
0.6955 0.5
0.6965 0.5
0.6975 0.5
0.6985 0.5
0.6995 0.5
0.7005 0.5
0.7015 0.5
0.7025 0.5
0.7035 0.5
0.7045 0.5
0.7055 0.5
0.7065 0.5
0.7075 0.5
0.7085 0.5
0.7095 0.5
0.7105 0.5
0.7115 0.5
0.7125 0.5
0.7135 0.5
0.7145 0.5
0.7155 0.5
0.7165 0.5
0.7175 0.5
0.7185 0.5
0.7195 0.5
0.7205 0.5
0.7215 0.5
0.7225 0.5
0.7235 0.5
0.7245 0.5
0.7255 0.5
0.7265 0.5
0.7275 0.5
0.7285 0.5
0.7295 0.5
0.7305 0.5
0.7315 0.5
0.7325 0.5
0.7335 0.5
0.7345 0.5
0.7355 0.5
0.7365 0.5
0.7375 0.5
0.7385 0.5
0.7395 0.5
0.7405 0.5
0.7415 0.5
0.7425 0.5
0.7435 0.5
0.7445 0.5
0.7455 0.5
0.7465 0.5
0.7475 0.5
0.7485 0.5
0.7495 0.5
0.7505 0.5
0.7515 0.5
0.7525 0.5
0.7535 0.5
0.7545 0.5
0.7555 0.5
0.7565 0.5
0.7575 0.5
0.7585 0.5
0.7595 0.5
0.7605 0.5
0.7615 0.5
0.7625 0.5
0.7635 0.5
0.7645 0.5
0.7655 0.5
0.7665 0.5
0.7675 0.5
0.7685 0.5
0.7695 0.5
0.7705 0.5
0.7715 0.5
0.7725 0.5
0.7735 0.5
0.7745 0.5
0.7755 0.5
0.7765 0.5
0.7775 0.5
0.7785 0.5
0.7795 0.5
0.7805 0.5
0.7815 0.5
0.7825 0.5
0.7835 0.5
0.7845 0.5
0.7855 0.5
0.7865 0.5
0.7875 0.5
0.7885 0.5
0.7895 0.5
0.7905 0.5
0.7915 0.5
0.7925 0.5
0.7935 0.5
0.7945 0.5
0.7955 0.5
0.7965 0.5
0.7975 0.5
0.7985 0.5
0.7995 0.5
0.8005 0.5
0.8015 0.5
0.8025 0.5
0.8035 0.5
0.8045 0.5
0.8055 0.5
0.8065 0.5
0.8075 0.5
0.8085 0.5
0.8095 0.5
0.8105 0.5
0.8115 0.5
0.8125 0.5
0.8135 0.5
0.8145 0.5
0.8155 0.5
0.8165 0.5
0.8175 0.5
0.8185 0.5
0.8195 0.5
0.8205 0.5
0.8215 0.5
0.8225 0.5
0.8235 0.5
0.8245 0.5
0.8255 0.5
0.8265 0.5
0.8275 0.5
0.8285 0.5
0.8295 0.5
0.8305 0.499999
0.8315 0.499998
0.8325 0.499994
0.8335 0.499986
0.8345 0.499969
0.8355 0.499932
0.8365 0.499851
0.8375 0.499685
0.8385 0.499348
0.8395 0.498684
0.8405 0.497416
0.8415 0.495057
0.8425 0.490803
0.8435 0.483368
0.8445 0.470794
0.8455 0.450238
0.8465 0.418944
0.8475 0.378771
0.8485 0.332818
0.8495 0.283892
0.8505 0.234013
0.8515 0.18424
0.8525 0.136252
0.8535 0.0933214
0.8545 0.0597767
0.8555 0.0369312
0.8565 0.0220528
0.8575 0.012732
0.8585 0.00710887
0.8595 0.00383943
0.8605 0.00200612
0.8615 0.00101418
0.8625 0.000496093
0.8635 0.000234808
0.8645 0.000107535
0.8655 4.76481e-05
0.8665 2.04246e-05
0.8675 8.46861e-06
0.8685 3.3958e-06
0.8695 1.31658e-06
0.8705 4.93424e-07
0.8715 1.78701e-07
0.8725 6.25212e-08
0.8735 2.1123e-08
0.8745 6.88864e-09
0.8755 2.16752e-09
0.8765 6.57694e-10
0.8775 1.92345e-10
0.8785 5.41843e-11
0.8795 1.46936e-11
0.8805 3.83317e-12
0.8815 9.6146e-13
0.8825 2.31903e-13
0.8835 5.39724e-14
0.8845 1.2349e-14
0.8855 3.01866e-15
0.8865 1.01655e-15
0.8875 6.05767e-16
0.8885 5.25279e-16
0.8895 5.10239e-16
0.8905 5.07563e-16
0.8915 5.0711e-16
0.8925 5.07037e-16
0.8935 5.07026e-16
0.8945 5.07024e-16
0.8955 5.07024e-16
0.8965 5.07024e-16
0.8975 5.07024e-16
0.8985 5.07024e-16
0.8995 5.07024e-16
0.9005 5.07024e-16
0.9015 5.07024e-16
0.9025 5.07024e-16
0.9035 5.07024e-16
0.9045 5.07024e-16
0.9055 5.07024e-16
0.9065 5.07024e-16
0.9075 5.07024e-16
0.9085 5.07024e-16
0.9095 5.07024e-16
0.9105 5.07024e-16
0.9115 5.07024e-16
0.9125 5.07024e-16
0.9135 5.07024e-16
0.9145 5.07024e-16
0.9155 5.07024e-16
0.9165 5.07024e-16
0.9175 5.07024e-16
0.9185 5.07024e-16
0.9195 5.07024e-16
0.9205 5.07024e-16
0.9215 5.07024e-16
0.9225 5.07024e-16
0.9235 5.07024e-16
0.9245 5.07024e-16
0.9255 5.07024e-16
0.9265 5.07024e-16
0.9275 5.07024e-16
0.9285 5.07024e-16
0.9295 5.07024e-16
0.9305 5.07024e-16
0.9315 5.07024e-16
0.9325 5.07024e-16
0.9335 5.07024e-16
0.9345 5.07024e-16
0.9355 5.07024e-16
0.9365 5.07024e-16
0.9375 5.07024e-16
0.9385 5.07024e-16
0.9395 5.07024e-16
0.9405 5.07024e-16
0.9415 5.07024e-16
0.9425 5.07024e-16
0.9435 5.07024e-16
0.9445 5.07024e-16
0.9455 5.07024e-16
0.9465 5.07024e-16
0.9475 5.07024e-16
0.9485 5.07024e-16
0.9495 5.07024e-16
0.9505 5.07024e-16
0.9515 5.07024e-16
0.9525 5.07024e-16
0.9535 5.07024e-16
0.9545 5.07024e-16
0.9555 5.07024e-16
0.9565 5.07024e-16
0.9575 5.07024e-16
0.9585 5.07024e-16
0.9595 5.07024e-16
0.9605 5.07024e-16
0.9615 5.07024e-16
0.9625 5.07024e-16
0.9635 5.07024e-16
0.9645 5.07024e-16
0.9655 5.07024e-16
0.9665 5.07024e-16
0.9675 5.07024e-16
0.9685 5.07024e-16
0.9695 5.07024e-16
0.9705 5.07024e-16
0.9715 5.07024e-16
0.9725 5.07024e-16
0.9735 5.07024e-16
0.9745 5.07024e-16
0.9755 5.07024e-16
0.9765 5.07024e-16
0.9775 5.07024e-16
0.9785 5.07024e-16
0.9795 5.07024e-16
0.9805 5.07024e-16
0.9815 5.07024e-16
0.9825 5.07024e-16
0.9835 5.07024e-16
0.9845 5.07024e-16
0.9855 5.07024e-16
0.9865 5.07024e-16
0.9875 5.07024e-16
0.9885 5.07024e-16
0.9895 5.07024e-16
0.9905 5.07024e-16
0.9915 5.07024e-16
0.9925 5.07024e-16
0.9935 5.07024e-16
0.9945 5.07024e-16
0.9955 5.07024e-16
0.9965 5.07024e-16
0.9975 5.07024e-16
0.9985 5.07024e-16
0.9995 5.07024e-16

# time= 0.4992
0.0005 1
0.0015 1
0.0025 1
0.0035 1
0.0045 1
0.0055 1
0.0065 1
0.0075 1
0.0085 1
0.0095 1
0.0105 1
0.0115 1
0.0125 1
0.0135 1
0.0145 1
0.0155 1
0.0165 1
0.0175 1
0.0185 1
0.0195 1
0.0205 1
0.0215 1
0.0225 1
0.0235 1
0.0245 1
0.0255 1
0.0265 1
0.0275 1
0.0285 1
0.0295 1
0.0305 1
0.0315 1
0.0325 1
0.0335 1
0.0345 1
0.0355 1
0.0365 1
0.0375 1
0.0385 1
0.0395 1
0.0405 1
0.0415 1
0.0425 1
0.0435 1
0.0445 1
0.0455 1
0.0465 1
0.0475 1
0.0485 1
0.0495 1
0.0505 1
0.0515 1
0.0525 1
0.0535 1
0.0545 1
0.0555 1
0.0565 1
0.0575 1
0.0585 1
0.0595 1
0.0605 1
0.0615 1
0.0625 1
0.0635 1
0.0645 1
0.0655 1
0.0665 1
0.0675 1
0.0685 1
0.0695 1
0.0705 1
0.0715 1
0.0725 1
0.0735 0.999999
0.0745 0.999999
0.0755 0.999997
0.0765 0.999995
0.0775 0.99999
0.0785 0.99998
0.0795 0.999961
0.0805 0.999926
0.0815 0.999861
0.0825 0.999745
0.0835 0.999538
0.0845 0.999175
0.0855 0.998553
0.0865 0.997504
0.0875 0.995766
0.0885 0.99294
0.0895 0.98843
0.0905 0.981374
0.0915 0.970552
0.0925 0.954294
0.0935 0.93039
0.0945 0.896161
0.0955 0.850675
0.0965 0.794082
0.0975 0.727526
0.0985 0.654433
0.0995 0.577866
0.1005 0.5
0.1015 0.422134
0.1025 0.345567
0.1035 0.272474
0.1045 0.205918
0.1055 0.149325
0.1065 0.103839
0.1075 0.0696104
0.1085 0.0457059
0.1095 0.029448
0.1105 0.0186262
0.1115 0.0115699
0.1125 0.00706035
0.1135 0.00423394
0.1145 0.0024958
0.1155 0.00144658
0.1165 0.000824604
0.1175 0.000462408
0.1185 0.000255139
0.1195 0.000138545
0.1205 7.40555e-05
0.1215 3.89727e-05
0.1225 2.01969e-05
0.1235 1.03089e-05
0.1245 5.18352e-06
0.1255 2.56807e-06
0.1265 1.25384e-06
0.1275 6.03417e-07
0.1285 2.86301e-07
0.1295 1.33952e-07
0.1305 6.18157e-08
0.1315 2.81428e-08
0.1325 1.26433e-08
0.1335 5.60649e-09
0.1345 2.45455e-09
0.1355 1.06126e-09
0.1365 4.53274e-10
0.1375 1.91301e-10
0.1385 7.98029e-11
0.1395 3.29147e-11
0.1405 1.34265e-11
0.1415 5.41831e-12
0.1425 2.16385e-12
0.1435 8.55461e-13
0.1445 3.34949e-13
0.1455 1.29985e-13
0.1465 5.00781e-14
0.1475 1.92287e-14
0.1485 7.4322e-15
0.1495 2.96363e-15
0.1505 1.28653e-15
0.1515 6.6284e-16
0.1525 4.32996e-16
0.1535 3.49055e-16
0.1545 3.18673e-16
0.1555 3.07775e-16
0.1565 3.03901e-16
0.1575 3.02536e-16
0.1585 3.02059e-16
0.1595 3.01895e-16
0.1605 3.01838e-16
0.1615 3.01819e-16
0.1625 3.01812e-16
0.1635 3.0181e-16
0.1645 3.01809e-16
0.1655 3.01809e-16
0.1665 3.01809e-16
0.1675 3.01809e-16
0.1685 3.01809e-16
0.1695 3.01809e-16
0.1705 3.01809e-16
0.1715 3.01809e-16
0.1725 3.01809e-16
0.1735 3.01809e-16
0.1745 3.01809e-16
0.1755 3.01809e-16
0.1765 3.01809e-16
0.1775 3.01809e-16
0.1785 3.01809e-16
0.1795 3.01809e-16
0.1805 3.01809e-16
0.1815 3.01809e-16
0.1825 3.01809e-16
0.1835 3.01809e-16
0.1845 3.01809e-16
0.1855 3.01809e-16
0.1865 3.01809e-16
0.1875 3.01809e-16
0.1885 3.01809e-16
0.1895 3.01809e-16
0.1905 3.01809e-16
0.1915 3.01809e-16
0.1925 3.01809e-16
0.1935 3.01809e-16
0.1945 3.01809e-16
0.1955 3.01809e-16
0.1965 3.01809e-16
0.1975 3.01809e-16
0.1985 3.01809e-16
0.1995 3.01809e-16
0.2005 3.01809e-16
0.2015 3.01809e-16
0.2025 3.01809e-16
0.2035 3.01809e-16
0.2045 3.01809e-16
0.2055 3.01809e-16
0.2065 3.01809e-16
0.2075 3.01809e-16
0.2085 3.01809e-16
0.2095 3.01809e-16
0.2105 3.01809e-16
0.2115 3.01809e-16
0.2125 3.01809e-16
0.2135 3.01809e-16
0.2145 3.01809e-16
0.2155 3.01809e-16
0.2165 3.01809e-16
0.2175 3.01809e-16
0.2185 3.01809e-16
0.2195 3.01809e-16
0.2205 3.01809e-16
0.2215 3.01809e-16
0.2225 3.01809e-16
0.2235 3.01809e-16
0.2245 3.01809e-16
0.2255 3.01809e-16
0.2265 3.01809e-16
0.2275 3.01809e-16
0.2285 3.01809e-16
0.2295 3.01809e-16
0.2305 3.01809e-16
0.2315 3.01809e-16
0.2325 3.01809e-16
0.2335 3.01809e-16
0.2345 3.01809e-16
0.2355 3.01809e-16
0.2365 3.01809e-16
0.2375 3.01809e-16
0.2385 3.01809e-16
0.2395 3.01809e-16
0.2405 3.01809e-16
0.2415 3.01809e-16
0.2425 3.01809e-16
0.2435 3.01809e-16
0.2445 3.01809e-16
0.2455 3.01809e-16
0.2465 3.01809e-16
0.2475 3.01809e-16
0.2485 3.01809e-16
0.2495 3.01809e-16
0.2505 3.01809e-16
0.2515 3.01809e-16
0.2525 3.01809e-16
0.2535 3.01809e-16
0.2545 3.01809e-16
0.2555 3.01809e-16
0.2565 3.01809e-16
0.2575 3.01809e-16
0.2585 3.01809e-16
0.2595 3.01809e-16
0.2605 3.01809e-16
0.2615 3.01809e-16
0.2625 3.01809e-16
0.2635 3.01809e-16
0.2645 3.01809e-16
0.2655 3.01809e-16
0.2665 3.01809e-16
0.2675 3.01809e-16
0.2685 3.01809e-16
0.2695 3.01809e-16
0.2705 3.01809e-16
0.2715 3.01809e-16
0.2725 3.01809e-16
0.2735 3.01809e-16
0.2745 3.01809e-16
0.2755 3.01809e-16
0.2765 3.01809e-16
0.2775 3.01809e-16
0.2785 3.01809e-16
0.2795 3.01809e-16
0.2805 3.01809e-16
0.2815 3.01809e-16
0.2825 3.01809e-16
0.2835 3.01809e-16
0.2845 3.01809e-16
0.2855 3.01809e-16
0.2865 3.01809e-16
0.2875 3.01809e-16
0.2885 3.01809e-16
0.2895 3.01809e-16
0.2905 3.01809e-16
0.2915 3.01809e-16
0.2925 3.01809e-16
0.2935 3.01809e-16
0.2945 3.01809e-16
0.2955 3.01809e-16
0.2965 3.01809e-16
0.2975 3.01809e-16
0.2985 3.01809e-16
0.2995 3.01809e-16
0.3005 3.01809e-16
0.3015 3.01809e-16
0.3025 3.01809e-16
0.3035 3.01809e-16
0.3045 3.01809e-16
0.3055 3.01809e-16
0.3065 3.01809e-16
0.3075 3.01809e-16
0.3085 3.01809e-16
0.3095 3.01809e-16
0.3105 3.01809e-16
0.3115 3.01809e-16
0.3125 3.01809e-16
0.3135 3.01809e-16
0.3145 3.01809e-16
0.3155 3.01809e-16
0.3165 3.01809e-16
0.3175 3.01809e-16
0.3185 3.01809e-16
0.3195 3.01809e-16
0.3205 3.01809e-16
0.3215 3.01809e-16
0.3225 3.01809e-16
0.3235 3.01809e-16
0.3245 3.01809e-16
0.3255 3.01809e-16
0.3265 3.01809e-16
0.3275 3.01809e-16
0.3285 3.01809e-16
0.3295 3.01809e-16
0.3305 3.01809e-16
0.3315 3.01809e-16
0.3325 3.01809e-16
0.3335 3.01809e-16
0.3345 3.01809e-16
0.3355 3.01809e-16
0.3365 3.01809e-16
0.3375 3.01809e-16
0.3385 3.01809e-16
0.3395 3.01809e-16
0.3405 3.01809e-16
0.3415 3.01809e-16
0.3425 3.01809e-16
0.3435 3.01809e-16
0.3445 3.01809e-16
0.3455 3.01809e-16
0.3465 3.01809e-16
0.3475 3.01809e-16
0.3485 3.01809e-16
0.3495 3.01809e-16
0.3505 3.01809e-16
0.3515 3.01809e-16
0.3525 3.01809e-16
0.3535 3.01809e-16
0.3545 3.01809e-16
0.3555 3.01809e-16
0.3565 3.01809e-16
0.3575 3.01809e-16
0.3585 3.01809e-16
0.3595 3.01809e-16
0.3605 3.01809e-16
0.3615 3.01809e-16
0.3625 3.01809e-16
0.3635 3.01809e-16
0.3645 3.01809e-16
0.3655 3.01809e-16
0.3665 3.01809e-16
0.3675 3.01809e-16
0.3685 3.01809e-16
0.3695 3.01809e-16
0.3705 3.01809e-16
0.3715 3.01809e-16
0.3725 3.01809e-16
0.3735 3.01809e-16
0.3745 3.01809e-16
0.3755 3.01809e-16
0.3765 3.01809e-16
0.3775 3.01809e-16
0.3785 3.01809e-16
0.3795 3.01809e-16
0.3805 3.01809e-16
0.3815 3.01809e-16
0.3825 3.01809e-16
0.3835 3.01809e-16
0.3845 3.01809e-16
0.3855 3.01809e-16
0.3865 3.01809e-16
0.3875 3.01809e-16
0.3885 3.01809e-16
0.3895 3.01809e-16
0.3905 3.01809e-16
0.3915 3.01809e-16
0.3925 3.01809e-16
0.3935 3.01809e-16
0.3945 3.01809e-16
0.3955 3.01809e-16
0.3965 3.01809e-16
0.3975 3.01809e-16
0.3985 3.01809e-16
0.3995 3.01809e-16
0.4005 3.01809e-16
0.4015 3.01809e-16
0.4025 3.01809e-16
0.4035 3.01809e-16
0.4045 3.01809e-16
0.4055 3.01809e-16
0.4065 3.01809e-16
0.4075 3.01809e-16
0.4085 3.01809e-16
0.4095 3.01809e-16
0.4105 3.01809e-16
0.4115 3.01809e-16
0.4125 3.01809e-16
0.4135 3.01809e-16
0.4145 3.01809e-16
0.4155 3.01809e-16
0.4165 3.01809e-16
0.4175 3.01809e-16
0.4185 3.01809e-16
0.4195 3.01809e-16
0.4205 3.01809e-16
0.4215 3.01809e-16
0.4225 3.01809e-16
0.4235 3.01809e-16
0.4245 3.01809e-16
0.4255 3.01809e-16
0.4265 3.01809e-16
0.4275 3.01809e-16
0.4285 3.01809e-16
0.4295 3.01809e-16
0.4305 3.01809e-16
0.4315 3.01809e-16
0.4325 3.01809e-16
0.4335 3.01809e-16
0.4345 3.01809e-16
0.4355 3.01809e-16
0.4365 3.01809e-16
0.4375 3.01809e-16
0.4385 3.01809e-16
0.4395 3.01809e-16
0.4405 3.01809e-16
0.4415 3.01809e-16
0.4425 3.01809e-16
0.4435 3.01809e-16
0.4445 3.01809e-16
0.4455 3.01809e-16
0.4465 3.01809e-16
0.4475 3.01809e-16
0.4485 3.01809e-16
0.4495 3.01809e-16
0.4505 3.01809e-16
0.4515 3.01809e-16
0.4525 3.01809e-16
0.4535 3.01809e-16
0.4545 3.01809e-16
0.4555 3.01809e-16
0.4565 3.01809e-16
0.4575 3.01809e-16
0.4585 3.01809e-16
0.4595 3.01809e-16
0.4605 3.01809e-16
0.4615 3.01809e-16
0.4625 3.01809e-16
0.4635 3.01809e-16
0.4645 3.01809e-16
0.4655 3.01809e-16
0.4665 3.01809e-16
0.4675 3.01809e-16
0.4685 3.01809e-16
0.4695 3.01809e-16
0.4705 3.01809e-16
0.4715 3.01809e-16
0.4725 3.01809e-16
0.4735 3.01809e-16
0.4745 3.01809e-16
0.4755 3.01809e-16
0.4765 3.01809e-16
0.4775 3.01809e-16
0.4785 3.01809e-16
0.4795 3.01809e-16
0.4805 3.01809e-16
0.4815 3.01809e-16
0.4825 3.01809e-16
0.4835 3.01809e-16
0.4845 3.01809e-16
0.4855 3.01809e-16
0.4865 3.01809e-16
0.4875 3.01809e-16
0.4885 3.01809e-16
0.4895 3.01809e-16
0.4905 3.01809e-16
0.4915 3.01809e-16
0.4925 3.01809e-16
0.4935 3.01809e-16
0.4945 3.01809e-16
0.4955 3.01809e-16
0.4965 3.01809e-16
0.4975 3.01809e-16
0.4985 3.01809e-16
0.4995 3.01809e-16
0.5005 3.01809e-16
0.5015 3.01809e-16
0.5025 3.01809e-16
0.5035 3.01809e-16
0.5045 3.01809e-16
0.5055 3.01809e-16
0.5065 3.01809e-16
0.5075 3.01809e-16
0.5085 3.01809e-16
0.5095 3.01809e-16
0.5105 3.01809e-16
0.5115 3.01809e-16
0.5125 3.01809e-16
0.5135 3.01809e-16
0.5145 3.01809e-16
0.5155 3.01809e-16
0.5165 3.01809e-16
0.5175 3.01809e-16
0.5185 3.01809e-16
0.5195 3.01809e-16
0.5205 3.01809e-16
0.5215 3.01809e-16
0.5225 3.01809e-16
0.5235 3.01809e-16
0.5245 3.01809e-16
0.5255 3.01809e-16
0.5265 3.01809e-16
0.5275 3.01809e-16
0.5285 3.01809e-16
0.5295 3.01809e-16
0.5305 3.01809e-16
0.5315 3.01809e-16
0.5325 3.01809e-16
0.5335 3.01809e-16
0.5345 3.01809e-16
0.5355 3.01809e-16
0.5365 3.01809e-16
0.5375 3.01809e-16
0.5385 3.01809e-16
0.5395 3.01809e-16
0.5405 3.01809e-16
0.5415 3.01809e-16
0.5425 3.01809e-16
0.5435 3.01809e-16
0.5445 3.01809e-16
0.5455 3.01809e-16
0.5465 3.01809e-16
0.5475 3.01809e-16
0.5485 3.01809e-16
0.5495 3.01809e-16
0.5505 3.01809e-16
0.5515 3.01809e-16
0.5525 3.01809e-16
0.5535 3.01809e-16
0.5545 3.01809e-16
0.5555 3.01809e-16
0.5565 3.01809e-16
0.5575 3.01809e-16
0.5585 3.01809e-16
0.5595 3.01809e-16
0.5605 3.01809e-16
0.5615 3.01809e-16
0.5625 3.01809e-16
0.5635 3.01809e-16
0.5645 3.01809e-16
0.5655 3.01809e-16
0.5665 3.01809e-16
0.5675 3.01809e-16
0.5685 3.01809e-16
0.5695 3.01809e-16
0.5705 3.01809e-16
0.5715 3.01809e-16
0.5725 3.01809e-16
0.5735 3.01809e-16
0.5745 3.01809e-16
0.5755 3.01809e-16
0.5765 3.01809e-16
0.5775 3.01809e-16
0.5785 3.01809e-16
0.5795 3.01809e-16
0.5805 3.01809e-16
0.5815 3.01809e-16
0.5825 3.01809e-16
0.5835 3.01809e-16
0.5845 3.01809e-16
0.5855 3.01809e-16
0.5865 3.01809e-16
0.5875 3.01809e-16
0.5885 3.01809e-16
0.5895 3.01809e-16
0.5905 3.01809e-16
0.5915 3.01809e-16
0.5925 3.01809e-16
0.5935 3.01809e-16
0.5945 3.01809e-16
0.5955 3.01809e-16
0.5965 3.01809e-16
0.5975 3.01809e-16
0.5985 3.01809e-16
0.5995 3.01809e-16
0.6005 3.01809e-16
0.6015 3.01809e-16
0.6025 3.01809e-16
0.6035 3.01809e-16
0.6045 3.01809e-16
0.6055 3.01809e-16
0.6065 3.01809e-16
0.6075 3.01809e-16
0.6085 3.01809e-16
0.6095 3.01809e-16
0.6105 3.01809e-16
0.6115 3.01809e-16
0.6125 3.01809e-16
0.6135 3.01809e-16
0.6145 3.01809e-16
0.6155 3.01809e-16
0.6165 3.01809e-16
0.6175 3.01809e-16
0.6185 3.01809e-16
0.6195 3.01809e-16
0.6205 3.01809e-16
0.6215 3.01809e-16
0.6225 3.01809e-16
0.6235 3.01809e-16
0.6245 3.01809e-16
0.6255 3.01809e-16
0.6265 3.01809e-16
0.6275 3.01809e-16
0.6285 3.01809e-16
0.6295 3.01809e-16
0.6305 3.01809e-16
0.6315 3.01809e-16
0.6325 3.01809e-16
0.6335 3.01809e-16
0.6345 3.01809e-16
0.6355 3.01809e-16
0.6365 3.01809e-16
0.6375 3.01809e-16
0.6385 3.01809e-16
0.6395 3.01809e-16
0.6405 3.01809e-16
0.6415 3.01809e-16
0.6425 3.01809e-16
0.6435 3.01809e-16
0.6445 3.01809e-16
0.6455 3.01809e-16
0.6465 3.01809e-16
0.6475 3.01809e-16
0.6485 3.01809e-16
0.6495 3.01809e-16
0.6505 3.01809e-16
0.6515 3.01809e-16
0.6525 3.01809e-16
0.6535 3.01809e-16
0.6545 3.01809e-16
0.6555 3.01809e-16
0.6565 3.01809e-16
0.6575 3.01809e-16
0.6585 3.01809e-16
0.6595 3.01809e-16
0.6605 3.01809e-16
0.6615 3.01809e-16
0.6625 3.01809e-16
0.6635 3.01809e-16
0.6645 3.01809e-16
0.6655 3.01809e-16
0.6665 3.01809e-16
0.6675 3.01809e-16
0.6685 3.01809e-16
0.6695 3.01809e-16
0.6705 3.01809e-16
0.6715 3.01809e-16
0.6725 3.01809e-16
0.6735 3.01809e-16
0.6745 3.01809e-16
0.6755 3.01809e-16
0.6765 3.01809e-16
0.6775 3.01809e-16
0.6785 3.01809e-16
0.6795 3.01809e-16
0.6805 3.01809e-16
0.6815 3.01809e-16
0.6825 3.01809e-16
0.6835 3.01809e-16
0.6845 3.01809e-16
0.6855 3.01809e-16
0.6865 3.01809e-16
0.6875 3.01809e-16
0.6885 3.01809e-16
0.6895 3.01809e-16
0.6905 3.01809e-16
0.6915 3.01809e-16
0.6925 3.01809e-16
0.6935 3.01809e-16
0.6945 3.01809e-16
0.6955 3.01809e-16
0.6965 3.01809e-16
0.6975 3.01809e-16
0.6985 3.01809e-16
0.6995 3.01809e-16
0.7005 3.01809e-16
0.7015 3.01809e-16
0.7025 3.01809e-16
0.7035 3.01809e-16
0.7045 3.01809e-16
0.7055 3.01809e-16
0.7065 3.01809e-16
0.7075 3.01809e-16
0.7085 3.01809e-16
0.7095 3.01809e-16
0.7105 3.01809e-16
0.7115 3.01809e-16
0.7125 3.01809e-16
0.7135 3.01809e-16
0.7145 3.01809e-16
0.7155 3.01809e-16
0.7165 3.01809e-16
0.7175 3.01809e-16
0.7185 3.01809e-16
0.7195 3.01809e-16
0.7205 3.01809e-16
0.7215 3.01809e-16
0.7225 3.01809e-16
0.7235 3.01809e-16
0.7245 3.01809e-16
0.7255 3.01809e-16
0.7265 3.01809e-16
0.7275 3.01809e-16
0.7285 3.01809e-16
0.7295 3.01809e-16
0.7305 3.01809e-16
0.7315 3.01809e-16
0.7325 3.01809e-16
0.7335 3.01809e-16
0.7345 3.01809e-16
0.7355 3.01809e-16
0.7365 3.01809e-16
0.7375 3.01809e-16
0.7385 3.01809e-16
0.7395 3.01809e-16
0.7405 3.01809e-16
0.7415 3.01809e-16
0.7425 3.01809e-16
0.7435 3.01809e-16
0.7445 3.01809e-16
0.7455 3.01809e-16
0.7465 3.01809e-16
0.7475 3.01809e-16
0.7485 3.01809e-16
0.7495 3.01809e-16
0.7505 3.01809e-16
0.7515 3.01809e-16
0.7525 3.01809e-16
0.7535 3.01809e-16
0.7545 3.01809e-16
0.7555 3.01809e-16
0.7565 3.01809e-16
0.7575 3.01809e-16
0.7585 3.01809e-16
0.7595 3.01809e-16
0.7605 3.01809e-16
0.7615 3.01809e-16
0.7625 3.01809e-16
0.7635 3.01809e-16
0.7645 3.01809e-16
0.7655 3.01809e-16
0.7665 3.01809e-16
0.7675 3.01809e-16
0.7685 3.01809e-16
0.7695 3.01809e-16
0.7705 3.01809e-16
0.7715 3.01809e-16
0.7725 3.01809e-16
0.7735 3.01809e-16
0.7745 3.01809e-16
0.7755 3.01809e-16
0.7765 3.01809e-16
0.7775 3.01809e-16
0.7785 3.01809e-16
0.7795 3.01809e-16
0.7805 3.01809e-16
0.7815 3.01809e-16
0.7825 3.01809e-16
0.7835 3.01809e-16
0.7845 3.01809e-16
0.7855 3.01809e-16
0.7865 3.01809e-16
0.7875 3.01809e-16
0.7885 3.01809e-16
0.7895 3.01809e-16
0.7905 3.01809e-16
0.7915 3.01809e-16
0.7925 3.01809e-16
0.7935 3.01809e-16
0.7945 3.01809e-16
0.7955 3.01809e-16
0.7965 3.01809e-16
0.7975 3.01809e-16
0.7985 3.01809e-16
0.7995 3.01809e-16
0.8005 3.01809e-16
0.8015 3.01809e-16
0.8025 3.01809e-16
0.8035 3.01809e-16
0.8045 3.01809e-16
0.8055 3.01809e-16
0.8065 3.01809e-16
0.8075 3.01809e-16
0.8085 3.01809e-16
0.8095 3.01809e-16
0.8105 3.01809e-16
0.8115 3.01809e-16
0.8125 3.01809e-16
0.8135 3.01809e-16
0.8145 3.01809e-16
0.8155 3.01809e-16
0.8165 3.01809e-16
0.8175 3.01809e-16
0.8185 3.01809e-16
0.8195 3.01809e-16
0.8205 3.01809e-16
0.8215 3.01809e-16
0.8225 3.01809e-16
0.8235 3.01809e-16
0.8245 3.01809e-16
0.8255 3.01809e-16
0.8265 3.01809e-16
0.8275 3.01809e-16
0.8285 3.01809e-16
0.8295 3.01809e-16
0.8305 3.01809e-16
0.8315 3.01809e-16
0.8325 3.01809e-16
0.8335 3.01809e-16
0.8345 3.01809e-16
0.8355 3.01809e-16
0.8365 3.01809e-16
0.8375 3.0181e-16
0.8385 3.01812e-16
0.8395 3.01819e-16
0.8405 3.01838e-16
0.8415 3.01895e-16
0.8425 3.02059e-16
0.8435 3.02536e-16
0.8445 3.03901e-16
0.8455 3.07775e-16
0.8465 3.18673e-16
0.8475 3.49055e-16
0.8485 4.32996e-16
0.8495 6.6284e-16
0.8505 1.28653e-15
0.8515 2.96363e-15
0.8525 7.4322e-15
0.8535 1.92287e-14
0.8545 5.00781e-14
0.8555 1.29985e-13
0.8565 3.34949e-13
0.8575 8.55461e-13
0.8585 2.16385e-12
0.8595 5.41831e-12
0.8605 1.34265e-11
0.8615 3.29147e-11
0.8625 7.98029e-11
0.8635 1.91301e-10
0.8645 4.53274e-10
0.8655 1.06126e-09
0.8665 2.45455e-09
0.8675 5.60649e-09
0.8685 1.26433e-08
0.8695 2.81428e-08
0.8705 6.18157e-08
0.8715 1.33952e-07
0.8725 2.86301e-07
0.8735 6.03417e-07
0.8745 1.25384e-06
0.8755 2.56807e-06
0.8765 5.18352e-06
0.8775 1.03089e-05
0.8785 2.01969e-05
0.8795 3.89727e-05
0.8805 7.40555e-05
0.8815 0.000138545
0.8825 0.000255139
0.8835 0.000462408
0.8845 0.000824604
0.8855 0.00144658
0.8865 0.0024958
0.8875 0.00423394
0.8885 0.00706035
0.8895 0.0115699
0.8905 0.0186262
0.8915 0.029448
0.8925 0.0457059
0.8935 0.0696104
0.8945 0.103839
0.8955 0.149325
0.8965 0.205918
0.8975 0.272474
0.8985 0.345567
0.8995 0.422134
0.9005 0.5
0.9015 0.577866
0.9025 0.654433
0.9035 0.727526
0.9045 0.794082
0.9055 0.850675
0.9065 0.896161
0.9075 0.93039
0.9085 0.954294
0.9095 0.970552
0.9105 0.981374
0.9115 0.98843
0.9125 0.99294
0.9135 0.995766
0.9145 0.997504
0.9155 0.998553
0.9165 0.999175
0.9175 0.999538
0.9185 0.999745
0.9195 0.999861
0.9205 0.999926
0.9215 0.999961
0.9225 0.99998
0.9235 0.99999
0.9245 0.999995
0.9255 0.999997
0.9265 0.999999
0.9275 0.999999
0.9285 1
0.9295 1
0.9305 1
0.9315 1
0.9325 1
0.9335 1
0.9345 1
0.9355 1
0.9365 1
0.9375 1
0.9385 1
0.9395 1
0.9405 1
0.9415 1
0.9425 1
0.9435 1
0.9445 1
0.9455 1
0.9465 1
0.9475 1
0.9485 1
0.9495 1
0.9505 1
0.9515 1
0.9525 1
0.9535 1
0.9545 1
0.9555 1
0.9565 1
0.9575 1
0.9585 1
0.9595 1
0.9605 1
0.9615 1
0.9625 1
0.9635 1
0.9645 1
0.9655 1
0.9665 1
0.9675 1
0.9685 1
0.9695 1
0.9705 1
0.9715 1
0.9725 1
0.9735 1
0.9745 1
0.9755 1
0.9765 1
0.9775 1
0.9785 1
0.9795 1
0.9805 1
0.9815 1
0.9825 1
0.9835 1
0.9845 1
0.9855 1
0.9865 1
0.9875 1
0.9885 1
0.9895 1
0.9905 1
0.9915 1
0.9925 1
0.9935 1
0.9945 1
0.9955 1
0.9965 1
0.9975 1
0.9985 1
0.9995 1

# time= 0.7488
0.0005 5.55112e-17
0.0015 5.55112e-17
0.0025 5.55112e-17
0.0035 5.55112e-17
0.0045 5.55112e-17
0.0055 5.55112e-17
0.0065 5.55112e-17
0.0075 5.55112e-17
0.0085 5.55112e-17
0.0095 5.55112e-17
0.0105 5.55112e-17
0.0115 5.55112e-17
0.0125 5.55112e-17
0.0135 5.55112e-17
0.0145 5.55112e-17
0.0155 5.55112e-17
0.0165 5.55112e-17
0.0175 5.55112e-17
0.0185 5.55112e-17
0.0195 5.55112e-17
0.0205 5.55112e-17
0.0215 5.55112e-17
0.0225 5.55112e-17
0.0235 5.55112e-17
0.0245 5.55112e-17
0.0255 5.55112e-17
0.0265 5.55112e-17
0.0275 5.55112e-17
0.0285 5.55112e-17
0.0295 5.55112e-17
0.0305 5.55112e-17
0.0315 5.55112e-17
0.0325 5.55112e-17
0.0335 5.55112e-17
0.0345 5.55112e-17
0.0355 5.55112e-17
0.0365 5.55112e-17
0.0375 5.55112e-17
0.0385 5.55112e-17
0.0395 5.55112e-17
0.0405 5.55112e-17
0.0415 5.55112e-17
0.0425 5.55112e-17
0.0435 5.55112e-17
0.0445 5.55112e-17
0.0455 5.55112e-17
0.0465 5.55112e-17
0.0475 5.55112e-17
0.0485 5.55112e-17
0.0495 5.55112e-17
0.0505 5.55112e-17
0.0515 5.55112e-17
0.0525 5.55112e-17
0.0535 5.55112e-17
0.0545 5.55112e-17
0.0555 5.55112e-17
0.0565 5.55112e-17
0.0575 5.55112e-17
0.0585 5.55112e-17
0.0595 5.55112e-17
0.0605 5.55112e-17
0.0615 5.55112e-17
0.0625 5.55112e-17
0.0635 5.55112e-17
0.0645 5.55112e-17
0.0655 5.55112e-17
0.0665 5.55112e-17
0.0675 5.55112e-17
0.0685 5.55112e-17
0.0695 5.55112e-17
0.0705 5.55112e-17
0.0715 5.55112e-17
0.0725 5.55112e-17
0.0735 5.55112e-17
0.0745 5.55112e-17
0.0755 5.55113e-17
0.0765 5.55115e-17
0.0775 5.5512e-17
0.0785 5.55133e-17
0.0795 5.55167e-17
0.0805 5.55255e-17
0.0815 5.5548e-17
0.0825 5.56054e-17
0.0835 5.57503e-17
0.0845 5.61137e-17
0.0855 5.70183e-17
0.0865 5.92536e-17
0.0875 6.47361e-17
0.0885 7.80837e-17
0.0895 1.10336e-16
0.0905 1.8768e-16
0.0915 3.71753e-16
0.0925 8.0648e-16
0.0935 1.82527e-15
0.0945 4.1943e-15
0.0955 9.65998e-15
0.0965 2.21706e-14
0.0975 5.05793e-14
0.0985 1.14572e-13
0.0995 2.57554e-13
0.1005 5.74426e-13
0.1015 1.27089e-12
0.1025 2.78899e-12
0.1035 6.07035e-12
0.1045 1.3103e-11
0.1055 2.80472e-11
0.1065 5.95298e-11
0.1075 1.25277e-10
0.1085 2.61375e-10
0.1095 5.40604e-10
0.1105 1.10836e-09
0.1115 2.2523e-09
0.1125 4.53607e-09
0.1135 9.05315e-09
0.1145 1.79038e-08
0.1155 3.5081e-08
0.1165 6.8098e-08
0.1175 1.30945e-07
0.1185 2.49393e-07
0.1195 4.70405e-07
0.1205 8.78618e-07
0.1215 1.62486e-06
0.1225 2.97483e-06
0.1235 5.39114e-06
0.1245 9.66969e-06
0.1255 1.7163e-05
0.1265 3.0141e-05
0.1275 5.23645e-05
0.1285 8.99828e-05
0.1295 0.000152915
0.1305 0.000256939
0.1315 0.000426791
0.1325 0.000700683
0.1335 0.00113673
0.1345 0.00182189
0.1355 0.00288416
0.1365 0.00450858
0.1375 0.00695778
0.1385 0.0105972
0.1395 0.0159248
0.1405 0.0236039
0.1415 0.0344956
0.1425 0.0496949
0.1435 0.0701356
0.1445 0.0951611
0.1455 0.123733
0.1465 0.154817
0.1475 0.187484
0.1485 0.220981
0.1495 0.254781
0.1505 0.288605
0.1515 0.322152
0.1525 0.354751
0.1535 0.385379
0.1545 0.412723
0.1555 0.435325
0.1565 0.452794
0.1575 0.466036
0.1585 0.475908
0.1595 0.483148
0.1605 0.488374
0.1615 0.492087
0.1625 0.494687
0.1635 0.49648
0.1645 0.497698
0.1655 0.498514
0.1665 0.499053
0.1675 0.499405
0.1685 0.49963
0.1695 0.499773
0.1705 0.499863
0.1715 0.499918
0.1725 0.499951
0.1735 0.499972
0.1745 0.499984
0.1755 0.499991
0.1765 0.499995
0.1775 0.499997
0.1785 0.499998
0.1795 0.499999
0.1805 0.5
0.1815 0.5
0.1825 0.5
0.1835 0.5
0.1845 0.5
0.1855 0.5
0.1865 0.5
0.1875 0.5
0.1885 0.5
0.1895 0.5
0.1905 0.5
0.1915 0.5
0.1925 0.5
0.1935 0.5
0.1945 0.5
0.1955 0.5
0.1965 0.5
0.1975 0.5
0.1985 0.5
0.1995 0.5
0.2005 0.5
0.2015 0.5
0.2025 0.5
0.2035 0.5
0.2045 0.5
0.2055 0.5
0.2065 0.5
0.2075 0.5
0.2085 0.5
0.2095 0.5
0.2105 0.5
0.2115 0.5
0.2125 0.5
0.2135 0.5
0.2145 0.5
0.2155 0.5
0.2165 0.5
0.2175 0.5
0.2185 0.5
0.2195 0.5
0.2205 0.5
0.2215 0.5
0.2225 0.5
0.2235 0.5
0.2245 0.5
0.2255 0.5
0.2265 0.5
0.2275 0.5
0.2285 0.5
0.2295 0.5
0.2305 0.5
0.2315 0.5
0.2325 0.5
0.2335 0.5
0.2345 0.5
0.2355 0.5
0.2365 0.5
0.2375 0.5
0.2385 0.5
0.2395 0.5
0.2405 0.5
0.2415 0.5
0.2425 0.5
0.2435 0.5
0.2445 0.5
0.2455 0.5
0.2465 0.5
0.2475 0.5
0.2485 0.5
0.2495 0.5
0.2505 0.5
0.2515 0.5
0.2525 0.5
0.2535 0.5
0.2545 0.5
0.2555 0.5
0.2565 0.5
0.2575 0.5
0.2585 0.5
0.2595 0.5
0.2605 0.5
0.2615 0.5
0.2625 0.5
0.2635 0.5
0.2645 0.5
0.2655 0.5
0.2665 0.5
0.2675 0.5
0.2685 0.5
0.2695 0.5
0.2705 0.5
0.2715 0.5
0.2725 0.5
0.2735 0.5
0.2745 0.5
0.2755 0.5
0.2765 0.5
0.2775 0.5
0.2785 0.5
0.2795 0.5
0.2805 0.5
0.2815 0.5
0.2825 0.5
0.2835 0.5
0.2845 0.5
0.2855 0.5
0.2865 0.5
0.2875 0.5
0.2885 0.5
0.2895 0.5
0.2905 0.5
0.2915 0.5
0.2925 0.5
0.2935 0.5
0.2945 0.5
0.2955 0.5
0.2965 0.5
0.2975 0.5
0.2985 0.5
0.2995 0.5
0.3005 0.5
0.3015 0.5
0.3025 0.5
0.3035 0.5
0.3045 0.5
0.3055 0.5
0.3065 0.5
0.3075 0.5
0.3085 0.5
0.3095 0.5
0.3105 0.5
0.3115 0.5
0.3125 0.5
0.3135 0.5
0.3145 0.5
0.3155 0.5
0.3165 0.5
0.3175 0.5
0.3185 0.5
0.3195 0.5
0.3205 0.499999
0.3215 0.499998
0.3225 0.499997
0.3235 0.499995
0.3245 0.49999
0.3255 0.499983
0.3265 0.49997
0.3275 0.499948
0.3285 0.49991
0.3295 0.499847
0.3305 0.499743
0.3315 0.499573
0.3325 0.499299
0.3335 0.498863
0.3345 0.498178
0.3355 0.497116
0.3365 0.495491
0.3375 0.493042
0.3385 0.489403
0.3395 0.484075
0.3405 0.476396
0.3415 0.465504
0.3425 0.450305
0.3435 0.429864
0.3445 0.404839
0.3455 0.376267
0.3465 0.345183
0.3475 0.312516
0.3485 0.279019
0.3495 0.245219
0.3505 0.211395
0.3515 0.177848
0.3525 0.145249
0.3535 0.114621
0.3545 0.0872773
0.3555 0.0646753
0.3565 0.0472064
0.3575 0.0339635
0.3585 0.0240917
0.3595 0.016852
0.3605 0.0116264
0.3615 0.00791257
0.3625 0.00531302
0.3635 0.0035203
0.3645 0.00230194
0.3655 0.00148573
0.3665 0.000946604
0.3675 0.000595431
0.3685 0.000369806
0.3695 0.000226798
0.3705 0.000137362
0.3715 8.21667e-05
0.3725 4.85468e-05
0.3735 2.83331e-05
0.3745 1.63353e-05
0.3755 9.30442e-06
0.3765 5.23607e-06
0.3775 2.91139e-06
0.3785 1.59955e-06
0.3795 8.68396e-07
0.3805 4.65888e-07
0.3815 2.47005e-07
0.3825 1.29422e-07
0.3835 6.70195e-08
0.3845 3.43006e-08
0.3855 1.73508e-08
0.3865 8.67497e-09
0.3875 4.28703e-09
0.3885 2.09408e-09
0.3895 1.01108e-09
0.3905 4.82547e-10
0.3915 2.27647e-10
0.3925 1.06159e-10
0.3935 4.89359e-11
0.3945 2.22985e-11
0.3955 1.00439e-11
0.3965 4.47203e-12
0.3975 1.96825e-12
0.3985 8.56274e-13
0.3995 3.68193e-13
0.4005 1.56458e-13
0.4015 6.56776e-14
0.4025 2.721e-14
0.4035 1.11e-14
0.4045 4.43212e-15
0.4055 1.70456e-15
0.4065 6.01883e-16
0.4075 1.6133e-16
0.4085 -1.26187e-17
0.4095 -8.04941e-17
0.4105 -1.06667e-16
0.4115 -1.16641e-16
0.4125 -1.20397e-16
0.4135 -1.21794e-16
0.4145 -1.22308e-16
0.4155 -1.22495e-16
0.4165 -1.22562e-16
0.4175 -1.22586e-16
0.4185 -1.22594e-16
0.4195 -1.22597e-16
0.4205 -1.22598e-16
0.4215 -1.22598e-16
0.4225 -1.22598e-16
0.4235 -1.22598e-16
0.4245 -1.22598e-16
0.4255 -1.22598e-16
0.4265 -1.22598e-16
0.4275 -1.22598e-16
0.4285 -1.22598e-16
0.4295 -1.22598e-16
0.4305 -1.22598e-16
0.4315 -1.22598e-16
0.4325 -1.22598e-16
0.4335 -1.22598e-16
0.4345 -1.22598e-16
0.4355 -1.22598e-16
0.4365 -1.22598e-16
0.4375 -1.22598e-16
0.4385 -1.22598e-16
0.4395 -1.22598e-16
0.4405 -1.22598e-16
0.4415 -1.22598e-16
0.4425 -1.22598e-16
0.4435 -1.22598e-16
0.4445 -1.22598e-16
0.4455 -1.22598e-16
0.4465 -1.22598e-16
0.4475 -1.22598e-16
0.4485 -1.22598e-16
0.4495 -1.22598e-16
0.4505 -1.22598e-16
0.4515 -1.22598e-16
0.4525 -1.22598e-16
0.4535 -1.22598e-16
0.4545 -1.22598e-16
0.4555 -1.22598e-16
0.4565 -1.22598e-16
0.4575 -1.22598e-16
0.4585 -1.22598e-16
0.4595 -1.22598e-16
0.4605 -1.22598e-16
0.4615 -1.22598e-16
0.4625 -1.22598e-16
0.4635 -1.22598e-16
0.4645 -1.22598e-16
0.4655 -1.22598e-16
0.4665 -1.22598e-16
0.4675 -1.22598e-16
0.4685 -1.22598e-16
0.4695 -1.22598e-16
0.4705 -1.22598e-16
0.4715 -1.22598e-16
0.4725 -1.22598e-16
0.4735 -1.22598e-16
0.4745 -1.22598e-16
0.4755 -1.22598e-16
0.4765 -1.22598e-16
0.4775 -1.22598e-16
0.4785 -1.22598e-16
0.4795 -1.22598e-16
0.4805 -1.22598e-16
0.4815 -1.22598e-16
0.4825 -1.22598e-16
0.4835 -1.22598e-16
0.4845 -1.22598e-16
0.4855 -1.22598e-16
0.4865 -1.22598e-16
0.4875 -1.22598e-16
0.4885 -1.22598e-16
0.4895 -1.22598e-16
0.4905 -1.22598e-16
0.4915 -1.22598e-16
0.4925 -1.22598e-16
0.4935 -1.22598e-16
0.4945 -1.22598e-16
0.4955 -1.22598e-16
0.4965 -1.22598e-16
0.4975 -1.22598e-16
0.4985 -1.22598e-16
0.4995 -1.22598e-16
0.5005 -1.22598e-16
0.5015 -1.22598e-16
0.5025 -1.22598e-16
0.5035 -1.22598e-16
0.5045 -1.22598e-16
0.5055 -1.22598e-16
0.5065 -1.22598e-16
0.5075 -1.22598e-16
0.5085 -1.22598e-16
0.5095 -1.22598e-16
0.5105 -1.22598e-16
0.5115 -1.22598e-16
0.5125 -1.22598e-16
0.5135 -1.22598e-16
0.5145 -1.22598e-16
0.5155 -1.22598e-16
0.5165 -1.22598e-16
0.5175 -1.22598e-16
0.5185 -1.22598e-16
0.5195 -1.22598e-16
0.5205 -1.22598e-16
0.5215 -1.22598e-16
0.5225 -1.22598e-16
0.5235 -1.22598e-16
0.5245 -1.22598e-16
0.5255 -1.22598e-16
0.5265 -1.22598e-16
0.5275 -1.22598e-16
0.5285 -1.22598e-16
0.5295 -1.22598e-16
0.5305 -1.22598e-16
0.5315 -1.22598e-16
0.5325 -1.22598e-16
0.5335 -1.22598e-16
0.5345 -1.22598e-16
0.5355 -1.22598e-16
0.5365 -1.22598e-16
0.5375 -1.22598e-16
0.5385 -1.22598e-16
0.5395 -1.22598e-16
0.5405 -1.22598e-16
0.5415 -1.22598e-16
0.5425 -1.22598e-16
0.5435 -1.22598e-16
0.5445 -1.22598e-16
0.5455 -1.22598e-16
0.5465 -1.22598e-16
0.5475 -1.22598e-16
0.5485 -1.22598e-16
0.5495 -1.22598e-16
0.5505 -1.22598e-16
0.5515 -1.22598e-16
0.5525 -1.22598e-16
0.5535 -1.22598e-16
0.5545 -1.22598e-16
0.5555 -1.22598e-16
0.5565 -1.22598e-16
0.5575 -1.22598e-16
0.5585 -1.22598e-16
0.5595 -1.22598e-16
0.5605 -1.22598e-16
0.5615 -1.22598e-16
0.5625 -1.22598e-16
0.5635 -1.22598e-16
0.5645 -1.22598e-16
0.5655 -1.22598e-16
0.5665 -1.22598e-16
0.5675 -1.22598e-16
0.5685 -1.22598e-16
0.5695 -1.22598e-16
0.5705 -1.22598e-16
0.5715 -1.22598e-16
0.5725 -1.22598e-16
0.5735 -1.22598e-16
0.5745 -1.22598e-16
0.5755 -1.22598e-16
0.5765 -1.22598e-16
0.5775 -1.22598e-16
0.5785 -1.22598e-16
0.5795 -1.22598e-16
0.5805 -1.22598e-16
0.5815 -1.22597e-16
0.5825 -1.22594e-16
0.5835 -1.22586e-16
0.5845 -1.22562e-16
0.5855 -1.22495e-16
0.5865 -1.22308e-16
0.5875 -1.21794e-16
0.5885 -1.20397e-16
0.5895 -1.16641e-16
0.5905 -1.06667e-16
0.5915 -8.04941e-17
0.5925 -1.26187e-17
0.5935 1.6133e-16
0.5945 6.01883e-16
0.5955 1.70456e-15
0.5965 4.43212e-15
0.5975 1.11e-14
0.5985 2.721e-14
0.5995 6.56776e-14
0.6005 1.56458e-13
0.6015 3.68193e-13
0.6025 8.56274e-13
0.6035 1.96825e-12
0.6045 4.47203e-12
0.6055 1.00439e-11
0.6065 2.22985e-11
0.6075 4.89359e-11
0.6085 1.06159e-10
0.6095 2.27647e-10
0.6105 4.82547e-10
0.6115 1.01108e-09
0.6125 2.09408e-09
0.6135 4.28703e-09
0.6145 8.67497e-09
0.6155 1.73508e-08
0.6165 3.43006e-08
0.6175 6.70195e-08
0.6185 1.29422e-07
0.6195 2.47005e-07
0.6205 4.65888e-07
0.6215 8.68396e-07
0.6225 1.59955e-06
0.6235 2.91139e-06
0.6245 5.23607e-06
0.6255 9.30442e-06
0.6265 1.63353e-05
0.6275 2.83331e-05
0.6285 4.85468e-05
0.6295 8.21667e-05
0.6305 0.000137362
0.6315 0.000226798
0.6325 0.000369806
0.6335 0.000595431
0.6345 0.000946604
0.6355 0.00148573
0.6365 0.00230194
0.6375 0.0035203
0.6385 0.00531302
0.6395 0.00791257
0.6405 0.0116264
0.6415 0.016852
0.6425 0.0240917
0.6435 0.0339635
0.6445 0.0472064
0.6455 0.0646753
0.6465 0.0872773
0.6475 0.114621
0.6485 0.145249
0.6495 0.177848
0.6505 0.211395
0.6515 0.245219
0.6525 0.279019
0.6535 0.312516
0.6545 0.345183
0.6555 0.376267
0.6565 0.404839
0.6575 0.429864
0.6585 0.450305
0.6595 0.465504
0.6605 0.476396
0.6615 0.484075
0.6625 0.489403
0.6635 0.493042
0.6645 0.495491
0.6655 0.497116
0.6665 0.498178
0.6675 0.498863
0.6685 0.499299
0.6695 0.499573
0.6705 0.499743
0.6715 0.499847
0.6725 0.49991
0.6735 0.499948
0.6745 0.49997
0.6755 0.499983
0.6765 0.49999
0.6775 0.499995
0.6785 0.499997
0.6795 0.499998
0.6805 0.499999
0.6815 0.5
0.6825 0.5
0.6835 0.5
0.6845 0.5
0.6855 0.5
0.6865 0.5
0.6875 0.5
0.6885 0.5
0.6895 0.5
0.6905 0.5
0.6915 0.5
0.6925 0.5
0.6935 0.5
0.6945 0.5
0.6955 0.5
0.6965 0.5
0.6975 0.5
0.6985 0.5
0.6995 0.5
0.7005 0.5
0.7015 0.5
0.7025 0.5
0.7035 0.5
0.7045 0.5
0.7055 0.5
0.7065 0.5
0.7075 0.5
0.7085 0.5
0.7095 0.5
0.7105 0.5
0.7115 0.5
0.7125 0.5
0.7135 0.5
0.7145 0.5
0.7155 0.5
0.7165 0.5
0.7175 0.5
0.7185 0.5
0.7195 0.5
0.7205 0.5
0.7215 0.5
0.7225 0.5
0.7235 0.5
0.7245 0.5
0.7255 0.5
0.7265 0.5
0.7275 0.5
0.7285 0.5
0.7295 0.5
0.7305 0.5
0.7315 0.5
0.7325 0.5
0.7335 0.5
0.7345 0.5
0.7355 0.5
0.7365 0.5
0.7375 0.5
0.7385 0.5
0.7395 0.5
0.7405 0.5
0.7415 0.5
0.7425 0.5
0.7435 0.5
0.7445 0.5
0.7455 0.5
0.7465 0.5
0.7475 0.5
0.7485 0.5
0.7495 0.5
0.7505 0.5
0.7515 0.5
0.7525 0.5
0.7535 0.5
0.7545 0.5
0.7555 0.5
0.7565 0.5
0.7575 0.5
0.7585 0.5
0.7595 0.5
0.7605 0.5
0.7615 0.5
0.7625 0.5
0.7635 0.5
0.7645 0.5
0.7655 0.5
0.7665 0.5
0.7675 0.5
0.7685 0.5
0.7695 0.5
0.7705 0.5
0.7715 0.5
0.7725 0.5
0.7735 0.5
0.7745 0.5
0.7755 0.5
0.7765 0.5
0.7775 0.5
0.7785 0.5
0.7795 0.5
0.7805 0.5
0.7815 0.5
0.7825 0.5
0.7835 0.5
0.7845 0.5
0.7855 0.5
0.7865 0.5
0.7875 0.5
0.7885 0.5
0.7895 0.5
0.7905 0.5
0.7915 0.5
0.7925 0.5
0.7935 0.5
0.7945 0.5
0.7955 0.5
0.7965 0.5
0.7975 0.5
0.7985 0.5
0.7995 0.5
0.8005 0.5
0.8015 0.5
0.8025 0.5
0.8035 0.5
0.8045 0.5
0.8055 0.5
0.8065 0.5
0.8075 0.5
0.8085 0.5
0.8095 0.5
0.8105 0.5
0.8115 0.5
0.8125 0.5
0.8135 0.5
0.8145 0.5
0.8155 0.5
0.8165 0.5
0.8175 0.5
0.8185 0.5
0.8195 0.5
0.8205 0.5
0.8215 0.499999
0.8225 0.499998
0.8235 0.499997
0.8245 0.499995
0.8255 0.499991
0.8265 0.499984
0.8275 0.499972
0.8285 0.499951
0.8295 0.499918
0.8305 0.499863
0.8315 0.499773
0.8325 0.49963
0.8335 0.499405
0.8345 0.499053
0.8355 0.498514
0.8365 0.497698
0.8375 0.49648
0.8385 0.494687
0.8395 0.492087
0.8405 0.488374
0.8415 0.483148
0.8425 0.475908
0.8435 0.466036
0.8445 0.452794
0.8455 0.435325
0.8465 0.412723
0.8475 0.385379
0.8485 0.354751
0.8495 0.322152
0.8505 0.288605
0.8515 0.254781
0.8525 0.220981
0.8535 0.187484
0.8545 0.154817
0.8555 0.123733
0.8565 0.0951611
0.8575 0.0701356
0.8585 0.0496949
0.8595 0.0344956
0.8605 0.0236039
0.8615 0.0159248
0.8625 0.0105972
0.8635 0.00695778
0.8645 0.00450858
0.8655 0.00288416
0.8665 0.00182189
0.8675 0.00113673
0.8685 0.000700683
0.8695 0.000426791
0.8705 0.000256939
0.8715 0.000152915
0.8725 8.99828e-05
0.8735 5.23645e-05
0.8745 3.0141e-05
0.8755 1.7163e-05
0.8765 9.66969e-06
0.8775 5.39114e-06
0.8785 2.97483e-06
0.8795 1.62486e-06
0.8805 8.78618e-07
0.8815 4.70405e-07
0.8825 2.49393e-07
0.8835 1.30945e-07
0.8845 6.8098e-08
0.8855 3.5081e-08
0.8865 1.79038e-08
0.8875 9.05315e-09
0.8885 4.53607e-09
0.8895 2.2523e-09
0.8905 1.10836e-09
0.8915 5.40604e-10
0.8925 2.61375e-10
0.8935 1.25277e-10
0.8945 5.95298e-11
0.8955 2.80472e-11
0.8965 1.3103e-11
0.8975 6.07035e-12
0.8985 2.789e-12
0.8995 1.2709e-12
0.9005 5.74431e-13
0.9015 2.57559e-13
0.9025 1.14577e-13
0.9035 5.05844e-14
0.9045 2.21757e-14
0.9055 9.66503e-15
0.9065 4.19935e-15
0.9075 1.83032e-15
0.9085 8.11532e-16
0.9095 3.76805e-16
0.9105 1.92732e-16
0.9115 1.15388e-16
0.9125 8.3136e-17
0.9135 6.97885e-17
0.9145 6.43059e-17
0.9155 6.20706e-17
0.9165 6.11661e-17
0.9175 6.08027e-17
0.9185 6.06577e-17
0.9195 6.06004e-17
0.9205 6.05778e-17
0.9215 6.0569e-17
0.9225 6.05656e-17
0.9235 6.05643e-17
0.9245 6.05638e-17
0.9255 6.05636e-17
0.9265 6.05635e-17
0.9275 6.05635e-17
0.9285 6.05635e-17
0.9295 6.05635e-17
0.9305 6.05635e-17
0.9315 6.05635e-17
0.9325 6.05635e-17
0.9335 6.05635e-17
0.9345 6.05635e-17
0.9355 6.05635e-17
0.9365 6.05635e-17
0.9375 6.05635e-17
0.9385 6.05635e-17
0.9395 6.05635e-17
0.9405 6.05635e-17
0.9415 6.05635e-17
0.9425 6.05635e-17
0.9435 6.05635e-17
0.9445 6.05635e-17
0.9455 6.05635e-17
0.9465 6.05635e-17
0.9475 6.05635e-17
0.9485 6.05635e-17
0.9495 6.05635e-17
0.9505 6.05635e-17
0.9515 6.05635e-17
0.9525 6.05635e-17
0.9535 6.05635e-17
0.9545 6.05635e-17
0.9555 6.05635e-17
0.9565 6.05635e-17
0.9575 6.05635e-17
0.9585 6.05635e-17
0.9595 6.05635e-17
0.9605 6.05635e-17
0.9615 6.05635e-17
0.9625 6.05635e-17
0.9635 6.05635e-17
0.9645 6.05635e-17
0.9655 6.05635e-17
0.9665 6.05635e-17
0.9675 6.05635e-17
0.9685 6.05635e-17
0.9695 6.05635e-17
0.9705 6.05635e-17
0.9715 6.05635e-17
0.9725 6.05635e-17
0.9735 6.05635e-17
0.9745 6.05635e-17
0.9755 6.05635e-17
0.9765 6.05635e-17
0.9775 6.05635e-17
0.9785 6.05635e-17
0.9795 6.05635e-17
0.9805 6.05635e-17
0.9815 6.05635e-17
0.9825 6.05635e-17
0.9835 6.05635e-17
0.9845 6.05635e-17
0.9855 6.05635e-17
0.9865 6.05635e-17
0.9875 6.05635e-17
0.9885 6.05635e-17
0.9895 6.05635e-17
0.9905 6.05635e-17
0.9915 6.05635e-17
0.9925 6.05635e-17
0.9935 6.05635e-17
0.9945 6.05635e-17
0.9955 6.05635e-17
0.9965 6.05635e-17
0.9975 6.05635e-17
0.9985 6.05635e-17
0.9995 6.05635e-17

# time= 0.9984
0.0005 0
0.0015 1.85063e-236
0.0025 1.93706e-235
0.0035 1.65445e-234
0.0045 1.37729e-233
0.0055 1.13971e-232
0.0065 9.39679e-232
0.0075 7.72143e-231
0.0085 6.32362e-230
0.0095 5.1616e-229
0.0105 4.19908e-228
0.0115 3.40467e-227
0.0125 2.75136e-226
0.0135 2.216e-225
0.0145 1.77886e-224
0.0155 1.4232e-223
0.0165 1.13485e-222
0.0175 9.01902e-222
0.0185 7.14383e-221
0.0195 5.63964e-220
0.0205 4.43732e-219
0.0215 3.47968e-218
0.0225 2.7196e-217
0.0235 2.11845e-216
0.0245 1.64468e-215
0.0255 1.27259e-214
0.0265 9.814e-214
0.0275 7.54309e-213
0.0285 5.77827e-212
0.0295 4.41157e-211
0.0305 3.35686e-210
0.0315 2.54577e-209
0.0325 1.9242e-208
0.0335 1.44952e-207
0.0345 1.08829e-206
0.0355 8.14342e-206
0.0365 6.07313e-205
0.0375 4.514e-204
0.0385 3.34389e-203
0.0395 2.4688e-202
0.0405 1.8166e-201
0.0415 1.33222e-200
0.0425 9.73711e-200
0.0435 7.09292e-199
0.0445 5.14944e-198
0.0455 3.72592e-197
0.0465 2.68687e-196
0.0475 1.93106e-195
0.0485 1.3832e-194
0.0495 9.87433e-194
0.0505 7.02535e-193
0.0515 4.98154e-192
0.0525 3.52042e-191
0.0535 2.47948e-190
0.0545 1.74044e-189
0.0555 1.21757e-188
0.0565 8.48902e-188
0.0575 5.89868e-187
0.0585 4.08492e-186
0.0595 2.81931e-185
0.0605 1.93924e-184
0.0615 1.32938e-183
0.0625 9.08232e-183
0.0635 6.18404e-182
0.0645 4.19638e-181
0.0655 2.83794e-180
0.0665 1.91275e-179
0.0675 1.28481e-178
0.0685 8.60086e-178
0.0695 5.73811e-177
0.0705 3.81522e-176
0.0715 2.52809e-175
0.0725 1.6695e-174
0.0735 1.09875e-173
0.0745 7.20664e-173
0.0755 4.71069e-172
0.0765 3.0687e-171
0.0775 1.99224e-170
0.0785 1.28898e-169
0.0795 8.31121e-169
0.0805 5.34069e-168
0.0815 3.42014e-167
0.0825 2.18274e-166
0.0835 1.38827e-165
0.0845 8.79945e-165
0.0855 5.55837e-164
0.0865 3.49903e-163
0.0875 2.19511e-162
0.0885 1.37237e-161
0.0895 8.55052e-161
0.0905 5.30907e-160
0.0915 3.2851e-159
0.0925 2.02573e-158
0.0935 1.24485e-157
0.0945 7.62347e-157
0.0955 4.65252e-156
0.0965 2.82958e-155
0.0975 1.71496e-154
0.0985 1.03582e-153
0.0995 6.23456e-153
0.1005 3.73959e-152
0.1015 2.2353e-151
0.1025 1.33149e-150
0.1035 7.90373e-150
0.1045 4.67537e-149
0.1055 2.75605e-148
0.1065 1.619e-147
0.1075 9.47747e-147
0.1085 5.52869e-146
0.1095 3.21393e-145
0.1105 1.8618e-144
0.1115 1.07475e-143
0.1125 6.18253e-143
0.1135 3.54406e-142
0.1145 2.02448e-141
0.1155 1.1524e-140
0.1165 6.53681e-140
0.1175 3.69489e-139
0.1185 2.08118e-138
0.1195 1.16812e-137
0.1205 6.53334e-137
0.1215 3.64125e-136
0.1225 2.02223e-135
0.1235 1.11912e-134
0.1245 6.17144e-134
0.1255 3.39123e-133
0.1265 1.8569e-132
0.1275 1.01316e-131
0.1285 5.50843e-131
0.1295 2.98422e-130
0.1305 1.61098e-129
0.1315 8.66563e-129
0.1325 4.64475e-128
0.1335 2.4807e-127
0.1345 1.32018e-126
0.1355 7.00066e-126
0.1365 3.69905e-125
0.1375 1.94753e-124
0.1385 1.02169e-123
0.1395 5.34065e-123
0.1405 2.78168e-122
0.1415 1.44363e-121
0.1425 7.46518e-121
0.1435 3.84643e-120
0.1445 1.97472e-119
0.1455 1.01014e-118
0.1465 5.14858e-118
0.1475 2.61468e-117
0.1485 1.32304e-116
0.1495 6.67037e-116
0.1505 3.35078e-115
0.1515 1.67711e-114
0.1525 8.36359e-114
0.1535 4.15565e-113
0.1545 2.0573e-112
0.1555 1.01477e-111
0.1565 4.98705e-111
0.1575 2.4419e-110
0.1585 1.19129e-109
0.1595 5.7904e-109
0.1605 2.80414e-108
0.1615 1.35298e-107
0.1625 6.50395e-107
0.1635 3.115e-106
0.1645 1.48638e-105
0.1655 7.06633e-105
0.1665 3.34691e-104
0.1675 1.57936e-103
0.1685 7.42507e-103
0.1695 3.47777e-102
0.1705 1.62286e-101
0.1715 7.54462e-101
0.1725 3.49436e-100
0.1735 1.61239e-99
0.1745 7.41213e-99
0.1755 3.39455e-98
0.1765 1.54877e-97
0.1775 7.0397e-97
0.1785 3.18773e-96
0.1795 1.43802e-95
0.1805 6.46259e-95
0.1815 2.89334e-94
0.1825 1.29045e-93
0.1835 5.73367e-93
0.1845 2.53786e-92
0.1855 1.11904e-91
0.1865 4.91546e-91
0.1875 2.15089e-90
0.1885 9.37581e-90
0.1895 4.07127e-89
0.1905 1.76109e-88
0.1915 7.58853e-88
0.1925 3.2573e-87
0.1935 1.39277e-86
0.1945 5.93225e-86
0.1955 2.51695e-85
0.1965 1.06375e-84
0.1975 4.47834e-84
0.1985 1.87802e-83
0.1995 7.84489e-83
0.2005 3.26418e-82
0.2015 1.35288e-81
0.2025 5.58518e-81
0.2035 2.29672e-80
0.2045 9.40732e-80
0.2055 3.83804e-79
0.2065 1.55968e-78
0.2075 6.31307e-78
0.2085 2.54519e-77
0.2095 1.02205e-76
0.2105 4.08785e-76
0.2115 1.62848e-75
0.2125 6.46149e-75
0.2135 2.55353e-74
0.2145 1.00509e-73
0.2155 3.94024e-73
0.2165 1.53847e-72
0.2175 5.98273e-72
0.2185 2.31713e-71
0.2195 8.93803e-71
0.2205 3.43373e-70
0.2215 1.31378e-69
0.2225 5.00615e-69
0.2235 1.89981e-68
0.2245 7.18018e-68
0.2255 2.70257e-67
0.2265 1.01305e-66
0.2275 3.78174e-66
0.2285 1.40591e-65
0.2295 5.20501e-65
0.2305 1.91904e-64
0.2315 7.04591e-64
0.2325 2.5762e-63
0.2335 9.38004e-63
0.2345 3.40103e-62
0.2355 1.22798e-61
0.2365 4.41512e-61
0.2375 1.58075e-60
0.2385 5.63565e-60
0.2395 2.00071e-59
0.2405 7.07257e-59
0.2415 2.48955e-58
0.2425 8.72586e-58
0.2435 3.04534e-57
0.2445 1.05828e-56
0.2455 3.66179e-56
0.2465 1.26158e-55
0.2475 4.32769e-55
0.2485 1.47814e-54
0.2495 5.02672e-54
0.2505 1.70201e-53
0.2515 5.73773e-53
0.2525 1.92582e-52
0.2535 6.43549e-52
0.2545 2.14109e-51
0.2555 7.092e-51
0.2565 2.33872e-50
0.2575 7.6782e-50
0.2585 2.5096e-49
0.2595 8.16602e-49
0.2605 2.64527e-48
0.2615 8.53057e-48
0.2625 2.7386e-47
0.2635 8.7522e-47
0.2645 2.78443e-46
0.2655 8.81824e-46
0.2665 2.78001e-45
0.2675 8.7242e-45
0.2685 2.72528e-44
0.2695 8.47421e-44
0.2705 2.6229e-43
0.2715 8.0808e-43
0.2725 2.47804e-42
0.2735 7.56379e-42
0.2745 2.29795e-41
0.2755 6.94872e-41
0.2765 2.09134e-40
0.2775 6.26464e-40
0.2785 1.86771e-39
0.2795 5.54193e-39
0.2805 1.6366e-38
0.2815 4.81e-38
0.2825 1.40691e-37
0.2835 4.09538e-37
0.2845 1.18638e-36
0.2855 3.4202e-36
0.2865 9.81221e-36
0.2875 2.80132e-35
0.2885 7.95857e-35
0.2895 2.24996e-34
0.2905 6.32961e-34
0.2915 1.77188e-33
0.2925 4.93559e-33
0.2935 1.368e-32
0.2945 3.77287e-32
0.2955 1.03535e-31
0.2965 2.82701e-31
0.2975 7.68046e-31
0.2985 2.07617e-30
0.2995 5.58402e-30
0.3005 1.4943e-29
0.3015 3.97859e-29
0.3025 1.05394e-28
0.3035 2.77779e-28
0.3045 7.28403e-28
0.3055 1.90034e-27
0.3065 4.93256e-27
0.3075 1.27378e-26
0.3085 3.27262e-26
0.3095 8.3651e-26
0.3105 2.12725e-25
0.3115 5.38186e-25
0.3125 1.3546e-24
0.3135 3.39197e-24
0.3145 8.44982e-24
0.3155 2.09408e-23
0.3165 5.16279e-23
0.3175 1.26623e-22
0.3185 3.08936e-22
0.3195 7.49801e-22
0.3205 1.81022e-21
0.3215 4.34725e-21
0.3225 1.03844e-20
0.3235 2.46727e-20
0.3245 5.83046e-20
0.3255 1.37032e-19
0.3265 3.203e-19
0.3275 7.4453e-19
0.3285 1.72098e-18
0.3295 3.95561e-18
0.3305 9.04002e-18
0.3315 2.05407e-17
0.3325 4.64004e-17
0.3335 1.04198e-16
0.3345 2.32593e-16
0.3355 5.16064e-16
0.3365 1.13801e-15
0.3375 2.49396e-15
0.3385 5.43129e-15
0.3395 1.1753e-14
0.3405 2.52695e-14
0.3415 5.39772e-14
0.3425 1.14539e-13
0.3435 2.41433e-13
0.3445 5.05477e-13
0.3455 1.05108e-12
0.3465 2.17052e-12
0.3475 4.45098e-12
0.3485 9.0631e-12
0.3495 1.83229e-11
0.3505 3.67771e-11
0.3515 7.32815e-11
0.3525 1.44948e-10
0.3535 2.84579e-10
0.3545 5.54542e-10
0.3555 1.07245e-09
0.3565 2.05825e-09
0.3575 3.91987e-09
0.3585 7.40739e-09
0.3595 1.38883e-08
0.3605 2.58343e-08
0.3615 4.76731e-08
0.3625 8.72675e-08
0.3635 1.58454e-07
0.3645 2.85359e-07
0.3655 5.0967e-07
0.3665 9.0274e-07
0.3675 1.58555e-06
0.3685 2.76126e-06
0.3695 4.7677e-06
0.3705 8.16114e-06
0.3715 1.38482e-05
0.3725 2.32917e-05
0.3735 3.8827e-05
0.3745 6.41427e-05
0.3755 0.000105003
0.3765 0.000170313
0.3775 0.000273678
0.3785 0.000435642
0.3795 0.000686854
0.3805 0.00107248
0.3815 0.00165822
0.3825 0.00253845
0.3835 0.00384681
0.3845 0.00576994
0.3855 0.00856463
0.3865 0.0125787
0.3875 0.0182758
0.3885 0.0262628
0.3895 0.0373201
0.3905 0.0524305
0.3915 0.0728124
0.3925 0.0994562
0.3935 0.13228
0.3945 0.171086
0.3955 0.215757
0.3965 0.266196
0.3975 0.321248
0.3985 0.379358
0.3995 0.439255
0.4005 0.5
0.4015 0.560745
0.4025 0.620642
0.4035 0.678752
0.4045 0.733804
0.4055 0.784243
0.4065 0.828914
0.4075 0.86772
0.4085 0.900544
0.4095 0.927188
0.4105 0.947569
0.4115 0.96268
0.4125 0.973737
0.4135 0.981724
0.4145 0.987421
0.4155 0.991435
0.4165 0.99423
0.4175 0.996153
0.4185 0.997462
0.4195 0.998342
0.4205 0.998928
0.4215 0.999313
0.4225 0.999564
0.4235 0.999726
0.4245 0.99983
0.4255 0.999895
0.4265 0.999936
0.4275 0.999961
0.4285 0.999977
0.4295 0.999986
0.4305 0.999992
0.4315 0.999995
0.4325 0.999997
0.4335 0.999998
0.4345 0.999999
0.4355 0.999999
0.4365 1
0.4375 1
0.4385 1
0.4395 1
0.4405 1
0.4415 1
0.4425 1
0.4435 1
0.4445 1
0.4455 1
0.4465 1
0.4475 1
0.4485 1
0.4495 1
0.4505 1
0.4515 1
0.4525 1
0.4535 1
0.4545 1
0.4555 1
0.4565 1
0.4575 1
0.4585 1
0.4595 1
0.4605 1
0.4615 1
0.4625 1
0.4635 1
0.4645 1
0.4655 1
0.4665 1
0.4675 1
0.4685 1
0.4695 1
0.4705 1
0.4715 1
0.4725 1
0.4735 1
0.4745 1
0.4755 1
0.4765 1
0.4775 1
0.4785 1
0.4795 1
0.4805 1
0.4815 1
0.4825 1
0.4835 1
0.4845 1
0.4855 1
0.4865 1
0.4875 1
0.4885 1
0.4895 1
0.4905 1
0.4915 1
0.4925 1
0.4935 1
0.4945 1
0.4955 1
0.4965 1
0.4975 1
0.4985 1
0.4995 1
0.5005 1
0.5015 1
0.5025 1
0.5035 1
0.5045 1
0.5055 1
0.5065 1
0.5075 1
0.5085 1
0.5095 1
0.5105 1
0.5115 1
0.5125 1
0.5135 1
0.5145 1
0.5155 1
0.5165 1
0.5175 1
0.5185 1
0.5195 1
0.5205 1
0.5215 1
0.5225 1
0.5235 1
0.5245 1
0.5255 1
0.5265 1
0.5275 1
0.5285 1
0.5295 1
0.5305 1
0.5315 1
0.5325 1
0.5335 1
0.5345 1
0.5355 1
0.5365 1
0.5375 1
0.5385 1
0.5395 1
0.5405 1
0.5415 1
0.5425 1
0.5435 1
0.5445 1
0.5455 1
0.5465 1
0.5475 1
0.5485 1
0.5495 1
0.5505 1
0.5515 1
0.5525 1
0.5535 1
0.5545 1
0.5555 1
0.5565 1
0.5575 1
0.5585 1
0.5595 1
0.5605 1
0.5615 1
0.5625 1
0.5635 1
0.5645 1
0.5655 0.999999
0.5665 0.999999
0.5675 0.999998
0.5685 0.999997
0.5695 0.999995
0.5705 0.999992
0.5715 0.999986
0.5725 0.999977
0.5735 0.999961
0.5745 0.999936
0.5755 0.999895
0.5765 0.99983
0.5775 0.999726
0.5785 0.999564
0.5795 0.999313
0.5805 0.998928
0.5815 0.998342
0.5825 0.997462
0.5835 0.996153
0.5845 0.99423
0.5855 0.991435
0.5865 0.987421
0.5875 0.981724
0.5885 0.973737
0.5895 0.96268
0.5905 0.947569
0.5915 0.927188
0.5925 0.900544
0.5935 0.86772
0.5945 0.828914
0.5955 0.784243
0.5965 0.733804
0.5975 0.678752
0.5985 0.620642
0.5995 0.560745
0.6005 0.5
0.6015 0.439255
0.6025 0.379358
0.6035 0.321248
0.6045 0.266196
0.6055 0.215757
0.6065 0.171086
0.6075 0.13228
0.6085 0.0994562
0.6095 0.0728124
0.6105 0.0524305
0.6115 0.0373201
0.6125 0.0262628
0.6135 0.0182758
0.6145 0.0125787
0.6155 0.00856463
0.6165 0.00576994
0.6175 0.00384681
0.6185 0.00253845
0.6195 0.00165822
0.6205 0.00107248
0.6215 0.000686854
0.6225 0.000435642
0.6235 0.000273678
0.6245 0.000170313
0.6255 0.000105003
0.6265 6.41427e-05
0.6275 3.8827e-05
0.6285 2.32917e-05
0.6295 1.38482e-05
0.6305 8.16114e-06
0.6315 4.7677e-06
0.6325 2.76126e-06
0.6335 1.58555e-06
0.6345 9.0274e-07
0.6355 5.0967e-07
0.6365 2.85359e-07
0.6375 1.58454e-07
0.6385 8.72675e-08
0.6395 4.76731e-08
0.6405 2.58343e-08
0.6415 1.38883e-08
0.6425 7.40739e-09
0.6435 3.91987e-09
0.6445 2.05825e-09
0.6455 1.07245e-09
0.6465 5.54542e-10
0.6475 2.84579e-10
0.6485 1.44948e-10
0.6495 7.32815e-11
0.6505 3.67771e-11
0.6515 1.83229e-11
0.6525 9.06307e-12
0.6535 4.45096e-12
0.6545 2.1705e-12
0.6555 1.05106e-12
0.6565 5.05454e-13
0.6575 2.4141e-13
0.6585 1.14517e-13
0.6595 5.39543e-14
0.6605 2.52466e-14
0.6615 1.17301e-14
0.6625 5.40835e-15
0.6635 2.47102e-15
0.6645 1.11507e-15
0.6655 4.93126e-16
0.6665 2.09655e-16
0.6675 8.12598e-17
0.6685 2.34622e-17
0.6695 -2.39751e-18
0.6705 -1.38982e-17
0.6715 -1.89826e-17
0.6725 -2.12172e-17
0.6735 -2.21937e-17
0.6745 -2.26179e-17
0.6755 -2.28012e-17
0.6765 -2.28799e-17
0.6775 -2.29135e-17
0.6785 -2.29278e-17
0.6795 -2.29338e-17
0.6805 -2.29364e-17
0.6815 -2.29374e-17
0.6825 -2.29379e-17
0.6835 -2.29381e-17
0.6845 -2.29381e-17
0.6855 -2.29382e-17
0.6865 -2.29382e-17
0.6875 -2.29382e-17
0.6885 -2.29382e-17
0.6895 -2.29382e-17
0.6905 -2.29382e-17
0.6915 -2.29382e-17
0.6925 -2.29382e-17
0.6935 -2.29382e-17
0.6945 -2.29382e-17
0.6955 -2.29382e-17
0.6965 -2.29382e-17
0.6975 -2.29382e-17
0.6985 -2.29382e-17
0.6995 -2.29382e-17
0.7005 -2.29382e-17
0.7015 -2.29382e-17
0.7025 -2.29382e-17
0.7035 -2.29382e-17
0.7045 -2.29382e-17
0.7055 -2.29382e-17
0.7065 -2.29382e-17
0.7075 -2.29382e-17
0.7085 -2.29382e-17
0.7095 -2.29382e-17
0.7105 -2.29382e-17
0.7115 -2.29382e-17
0.7125 -2.29382e-17
0.7135 -2.29382e-17
0.7145 -2.29382e-17
0.7155 -2.29382e-17
0.7165 -2.29382e-17
0.7175 -2.29382e-17
0.7185 -2.29382e-17
0.7195 -2.29382e-17
0.7205 -2.29382e-17
0.7215 -2.29382e-17
0.7225 -2.29382e-17
0.7235 -2.29382e-17
0.7245 -2.29382e-17
0.7255 -2.29382e-17
0.7265 -2.29382e-17
0.7275 -2.29382e-17
0.7285 -2.29382e-17
0.7295 -2.29382e-17
0.7305 -2.29382e-17
0.7315 -2.29382e-17
0.7325 -2.29382e-17
0.7335 -2.29382e-17
0.7345 -2.29382e-17
0.7355 -2.29382e-17
0.7365 -2.29382e-17
0.7375 -2.29382e-17
0.7385 -2.29382e-17
0.7395 -2.29382e-17
0.7405 -2.29382e-17
0.7415 -2.29382e-17
0.7425 -2.29382e-17
0.7435 -2.29382e-17
0.7445 -2.29382e-17
0.7455 -2.29382e-17
0.7465 -2.29382e-17
0.7475 -2.29382e-17
0.7485 -2.29382e-17
0.7495 -2.29382e-17
0.7505 -2.29382e-17
0.7515 -2.29382e-17
0.7525 -2.29382e-17
0.7535 -2.29382e-17
0.7545 -2.29382e-17
0.7555 -2.29382e-17
0.7565 -2.29382e-17
0.7575 -2.29382e-17
0.7585 -2.29382e-17
0.7595 -2.29382e-17
0.7605 -2.29382e-17
0.7615 -2.29382e-17
0.7625 -2.29382e-17
0.7635 -2.29382e-17
0.7645 -2.29382e-17
0.7655 -2.29382e-17
0.7665 -2.29382e-17
0.7675 -2.29382e-17
0.7685 -2.29382e-17
0.7695 -2.29382e-17
0.7705 -2.29382e-17
0.7715 -2.29382e-17
0.7725 -2.29382e-17
0.7735 -2.29382e-17
0.7745 -2.29382e-17
0.7755 -2.29382e-17
0.7765 -2.29382e-17
0.7775 -2.29382e-17
0.7785 -2.29382e-17
0.7795 -2.29382e-17
0.7805 -2.29382e-17
0.7815 -2.29382e-17
0.7825 -2.29382e-17
0.7835 -2.29382e-17
0.7845 -2.29382e-17
0.7855 -2.29382e-17
0.7865 -2.29382e-17
0.7875 -2.29382e-17
0.7885 -2.29382e-17
0.7895 -2.29382e-17
0.7905 -2.29382e-17
0.7915 -2.29382e-17
0.7925 -2.29382e-17
0.7935 -2.29382e-17
0.7945 -2.29382e-17
0.7955 -2.29382e-17
0.7965 -2.29382e-17
0.7975 -2.29382e-17
0.7985 -2.29382e-17
0.7995 -2.29382e-17
0.8005 -2.29382e-17
0.8015 -2.29382e-17
0.8025 -2.29382e-17
0.8035 -2.29382e-17
0.8045 -2.29382e-17
0.8055 -2.29382e-17
0.8065 -2.29382e-17
0.8075 -2.29382e-17
0.8085 -2.29382e-17
0.8095 -2.29382e-17
0.8105 -2.29382e-17
0.8115 -2.29382e-17
0.8125 -2.29382e-17
0.8135 -2.29382e-17
0.8145 -2.29382e-17
0.8155 -2.29382e-17
0.8165 -2.29382e-17
0.8175 -2.29382e-17
0.8185 -2.29382e-17
0.8195 -2.29382e-17
0.8205 -2.29382e-17
0.8215 -2.29382e-17
0.8225 -2.29382e-17
0.8235 -2.29382e-17
0.8245 -2.29382e-17
0.8255 -2.29382e-17
0.8265 -2.29382e-17
0.8275 -2.29382e-17
0.8285 -2.29382e-17
0.8295 -2.29382e-17
0.8305 -2.29382e-17
0.8315 -2.29382e-17
0.8325 -2.29382e-17
0.8335 -2.29382e-17
0.8345 -2.29382e-17
0.8355 -2.29382e-17
0.8365 -2.29382e-17
0.8375 -2.29382e-17
0.8385 -2.29382e-17
0.8395 -2.29382e-17
0.8405 -2.29382e-17
0.8415 -2.29382e-17
0.8425 -2.29382e-17
0.8435 -2.29382e-17
0.8445 -2.29382e-17
0.8455 -2.29382e-17
0.8465 -2.29382e-17
0.8475 -2.29382e-17
0.8485 -2.29382e-17
0.8495 -2.29382e-17
0.8505 -2.29382e-17
0.8515 -2.29382e-17
0.8525 -2.29382e-17
0.8535 -2.29382e-17
0.8545 -2.29382e-17
0.8555 -2.29382e-17
0.8565 -2.29382e-17
0.8575 -2.29382e-17
0.8585 -2.29382e-17
0.8595 -2.29382e-17
0.8605 -2.29382e-17
0.8615 -2.29382e-17
0.8625 -2.29382e-17
0.8635 -2.29382e-17
0.8645 -2.29382e-17
0.8655 -2.29382e-17
0.8665 -2.29382e-17
0.8675 -2.29382e-17
0.8685 -2.29382e-17
0.8695 -2.29382e-17
0.8705 -2.29382e-17
0.8715 -2.29382e-17
0.8725 -2.29382e-17
0.8735 -2.29382e-17
0.8745 -2.29382e-17
0.8755 -2.29382e-17
0.8765 -2.29382e-17
0.8775 -2.29382e-17
0.8785 -2.29382e-17
0.8795 -2.29382e-17
0.8805 -2.29382e-17
0.8815 -2.29382e-17
0.8825 -2.29382e-17
0.8835 -2.29382e-17
0.8845 -2.29382e-17
0.8855 -2.29382e-17
0.8865 -2.29382e-17
0.8875 -2.29382e-17
0.8885 -2.29382e-17
0.8895 -2.29382e-17
0.8905 -2.29382e-17
0.8915 -2.29382e-17
0.8925 -2.29382e-17
0.8935 -2.29382e-17
0.8945 -2.29382e-17
0.8955 -2.29382e-17
0.8965 -2.29382e-17
0.8975 -2.29382e-17
0.8985 -2.29382e-17
0.8995 -2.29382e-17
0.9005 -2.29382e-17
0.9015 -2.29382e-17
0.9025 -2.29382e-17
0.9035 -2.29382e-17
0.9045 -2.29382e-17
0.9055 -2.29382e-17
0.9065 -2.29382e-17
0.9075 -2.29382e-17
0.9085 -2.29382e-17
0.9095 -2.29382e-17
0.9105 -2.29382e-17
0.9115 -2.29382e-17
0.9125 -2.29382e-17
0.9135 -2.29382e-17
0.9145 -2.29382e-17
0.9155 -2.29382e-17
0.9165 -2.29382e-17
0.9175 -2.29382e-17
0.9185 -2.29382e-17
0.9195 -2.29382e-17
0.9205 -2.29382e-17
0.9215 -2.29382e-17
0.9225 -2.29382e-17
0.9235 -2.29382e-17
0.9245 -2.29382e-17
0.9255 -2.29382e-17
0.9265 -2.29382e-17
0.9275 -2.29382e-17
0.9285 -2.29382e-17
0.9295 -2.29382e-17
0.9305 -2.29382e-17
0.9315 -2.29382e-17
0.9325 -2.29382e-17
0.9335 -2.29382e-17
0.9345 -2.29382e-17
0.9355 -2.29382e-17
0.9365 -2.29382e-17
0.9375 -2.29382e-17
0.9385 -2.29382e-17
0.9395 -2.29382e-17
0.9405 -2.29382e-17
0.9415 -2.29382e-17
0.9425 -2.29382e-17
0.9435 -2.29382e-17
0.9445 -2.29382e-17
0.9455 -2.29382e-17
0.9465 -2.29382e-17
0.9475 -2.29382e-17
0.9485 -2.29382e-17
0.9495 -2.29382e-17
0.9505 -2.29382e-17
0.9515 -2.29382e-17
0.9525 -2.29382e-17
0.9535 -2.29382e-17
0.9545 -2.29382e-17
0.9555 -2.29382e-17
0.9565 -2.29382e-17
0.9575 -2.29382e-17
0.9585 -2.29382e-17
0.9595 -2.29382e-17
0.9605 -2.29382e-17
0.9615 -2.29382e-17
0.9625 -2.29382e-17
0.9635 -2.29382e-17
0.9645 -2.29382e-17
0.9655 -2.29382e-17
0.9665 -2.29382e-17
0.9675 -2.29382e-17
0.9685 -2.29382e-17
0.9695 -2.29382e-17
0.9705 -2.29382e-17
0.9715 -2.29382e-17
0.9725 -2.29382e-17
0.9735 -2.29382e-17
0.9745 -2.29382e-17
0.9755 -2.29382e-17
0.9765 -2.29382e-17
0.9775 -2.29382e-17
0.9785 -2.29382e-17
0.9795 -2.29382e-17
0.9805 -2.29382e-17
0.9815 -2.29382e-17
0.9825 -2.29382e-17
0.9835 -2.29382e-17
0.9845 -2.29382e-17
0.9855 -2.29382e-17
0.9865 -2.29382e-17
0.9875 -2.29382e-17
0.9885 -2.29382e-17
0.9895 -2.29382e-17
0.9905 -2.29382e-17
0.9915 -2.29382e-17
0.9925 -2.29382e-17
0.9935 -2.29382e-17
0.9945 -2.29382e-17
0.9955 -2.29382e-17
0.9965 -2.29382e-17
0.9975 -2.29382e-17
0.9985 -2.29382e-17
0.9995 -2.29382e-17
