
# time= 0
0.0005 0
0.0015 0
0.0025 0
0.0035 0
0.0045 0
0.0055 0
0.0065 0
0.0075 0
0.0085 0
0.0095 0
0.0105 0
0.0115 0
0.0125 0
0.0135 0
0.0145 0
0.0155 0
0.0165 0
0.0175 0
0.0185 0
0.0195 0
0.0205 0
0.0215 0
0.0225 0
0.0235 0
0.0245 0
0.0255 0
0.0265 0
0.0275 0
0.0285 0
0.0295 0
0.0305 0
0.0315 0
0.0325 0
0.0335 0
0.0345 0
0.0355 0
0.0365 0
0.0375 0
0.0385 0
0.0395 0
0.0405 0
0.0415 0
0.0425 0
0.0435 0
0.0445 0
0.0455 0
0.0465 0
0.0475 0
0.0485 0
0.0495 0
0.0505 0
0.0515 0
0.0525 0
0.0535 0
0.0545 0
0.0555 0
0.0565 0
0.0575 0
0.0585 0
0.0595 0
0.0605 0
0.0615 0
0.0625 0
0.0635 0
0.0645 0
0.0655 0
0.0665 0
0.0675 0
0.0685 0
0.0695 0
0.0705 0
0.0715 0
0.0725 0
0.0735 0
0.0745 0
0.0755 0
0.0765 0
0.0775 0
0.0785 0
0.0795 0
0.0805 0
0.0815 0
0.0825 0
0.0835 0
0.0845 0
0.0855 0
0.0865 0
0.0875 0
0.0885 0
0.0895 0
0.0905 0
0.0915 0
0.0925 0
0.0935 0
0.0945 0
0.0955 0
0.0965 0
0.0975 0
0.0985 0
0.0995 0
0.1005 0
0.1015 0
0.1025 0
0.1035 0
0.1045 0
0.1055 0
0.1065 0
0.1075 0
0.1085 0
0.1095 0
0.1105 0
0.1115 0
0.1125 0
0.1135 0
0.1145 0
0.1155 0
0.1165 0
0.1175 0
0.1185 0
0.1195 0
0.1205 0
0.1215 0
0.1225 0
0.1235 0
0.1245 0
0.1255 0
0.1265 0
0.1275 0
0.1285 0
0.1295 0
0.1305 0
0.1315 0
0.1325 0
0.1335 0
0.1345 0
0.1355 0
0.1365 0
0.1375 0
0.1385 0
0.1395 0
0.1405 0
0.1415 0
0.1425 0
0.1435 0
0.1445 0
0.1455 0
0.1465 0
0.1475 0
0.1485 0
0.1495 0
0.1505 0
0.1515 0
0.1525 0
0.1535 0
0.1545 0
0.1555 0
0.1565 0
0.1575 0
0.1585 0
0.1595 0
0.1605 0
0.1615 0
0.1625 0
0.1635 0
0.1645 0
0.1655 0
0.1665 0
0.1675 0
0.1685 0
0.1695 0
0.1705 0
0.1715 0
0.1725 0
0.1735 0
0.1745 0
0.1755 0
0.1765 0
0.1775 0
0.1785 0
0.1795 0
0.1805 0
0.1815 0
0.1825 0
0.1835 0
0.1845 0
0.1855 0
0.1865 0
0.1875 0
0.1885 0
0.1895 0
0.1905 0
0.1915 0
0.1925 0
0.1935 0
0.1945 0
0.1955 0
0.1965 0
0.1975 0
0.1985 0
0.1995 0
0.2005 0
0.2015 0
0.2025 0
0.2035 0
0.2045 0
0.2055 0
0.2065 0
0.2075 0
0.2085 0
0.2095 0
0.2105 0
0.2115 0
0.2125 0
0.2135 0
0.2145 0
0.2155 0
0.2165 0
0.2175 0
0.2185 0
0.2195 0
0.2205 0
0.2215 0
0.2225 0
0.2235 0
0.2245 0
0.2255 0
0.2265 0
0.2275 0
0.2285 0
0.2295 0
0.2305 0
0.2315 0
0.2325 0
0.2335 0
0.2345 0
0.2355 0
0.2365 0
0.2375 0
0.2385 0
0.2395 0
0.2405 0
0.2415 0
0.2425 0
0.2435 0
0.2445 0
0.2455 0
0.2465 0
0.2475 0
0.2485 0
0.2495 0
0.2505 0
0.2515 0
0.2525 0
0.2535 0
0.2545 0
0.2555 0
0.2565 0
0.2575 0
0.2585 0
0.2595 0
0.2605 0
0.2615 0
0.2625 0
0.2635 0
0.2645 0
0.2655 0
0.2665 0
0.2675 0
0.2685 0
0.2695 0
0.2705 0
0.2715 0
0.2725 0
0.2735 0
0.2745 0
0.2755 0
0.2765 0
0.2775 0
0.2785 0
0.2795 0
0.2805 0
0.2815 0
0.2825 0
0.2835 0
0.2845 0
0.2855 0
0.2865 0
0.2875 0
0.2885 0
0.2895 0
0.2905 0
0.2915 0
0.2925 0
0.2935 0
0.2945 0
0.2955 0
0.2965 0
0.2975 0
0.2985 0
0.2995 0
0.3005 0
0.3015 0
0.3025 0
0.3035 0
0.3045 0
0.3055 0
0.3065 0
0.3075 0
0.3085 0
0.3095 0
0.3105 0
0.3115 0
0.3125 0
0.3135 0
0.3145 0
0.3155 0
0.3165 0
0.3175 0
0.3185 0
0.3195 0
0.3205 0
0.3215 0
0.3225 0
0.3235 0
0.3245 0
0.3255 0
0.3265 0
0.3275 0
0.3285 0
0.3295 0
0.3305 0
0.3315 0
0.3325 0
0.3335 0
0.3345 0
0.3355 0
0.3365 0
0.3375 0
0.3385 0
0.3395 0
0.3405 0
0.3415 0
0.3425 0
0.3435 0
0.3445 0
0.3455 0
0.3465 0
0.3475 0
0.3485 0
0.3495 0
0.3505 0
0.3515 0
0.3525 0
0.3535 0
0.3545 0
0.3555 0
0.3565 0
0.3575 0
0.3585 0
0.3595 0
0.3605 0
0.3615 0
0.3625 0
0.3635 0
0.3645 0
0.3655 0
0.3665 0
0.3675 0
0.3685 0
0.3695 0
0.3705 0
0.3715 0
0.3725 0
0.3735 0
0.3745 0
0.3755 0
0.3765 0
0.3775 0
0.3785 0
0.3795 0
0.3805 0
0.3815 0
0.3825 0
0.3835 0
0.3845 0
0.3855 0
0.3865 0
0.3875 0
0.3885 0
0.3895 0
0.3905 0
0.3915 0
0.3925 0
0.3935 0
0.3945 0
0.3955 0
0.3965 0
0.3975 0
0.3985 0
0.3995 0
0.4005 1
0.4015 1
0.4025 1
0.4035 1
0.4045 1
0.4055 1
0.4065 1
0.4075 1
0.4085 1
0.4095 1
0.4105 1
0.4115 1
0.4125 1
0.4135 1
0.4145 1
0.4155 1
0.4165 1
0.4175 1
0.4185 1
0.4195 1
0.4205 1
0.4215 1
0.4225 1
0.4235 1
0.4245 1
0.4255 1
0.4265 1
0.4275 1
0.4285 1
0.4295 1
0.4305 1
0.4315 1
0.4325 1
0.4335 1
0.4345 1
0.4355 1
0.4365 1
0.4375 1
0.4385 1
0.4395 1
0.4405 1
0.4415 1
0.4425 1
0.4435 1
0.4445 1
0.4455 1
0.4465 1
0.4475 1
0.4485 1
0.4495 1
0.4505 1
0.4515 1
0.4525 1
0.4535 1
0.4545 1
0.4555 1
0.4565 1
0.4575 1
0.4585 1
0.4595 1
0.4605 1
0.4615 1
0.4625 1
0.4635 1
0.4645 1
0.4655 1
0.4665 1
0.4675 1
0.4685 1
0.4695 1
0.4705 1
0.4715 1
0.4725 1
0.4735 1
0.4745 1
0.4755 1
0.4765 1
0.4775 1
0.4785 1
0.4795 1
0.4805 1
0.4815 1
0.4825 1
0.4835 1
0.4845 1
0.4855 1
0.4865 1
0.4875 1
0.4885 1
0.4895 1
0.4905 1
0.4915 1
0.4925 1
0.4935 1
0.4945 1
0.4955 1
0.4965 1
0.4975 1
0.4985 1
0.4995 1
0.5005 1
0.5015 1
0.5025 1
0.5035 1
0.5045 1
0.5055 1
0.5065 1
0.5075 1
0.5085 1
0.5095 1
0.5105 1
0.5115 1
0.5125 1
0.5135 1
0.5145 1
0.5155 1
0.5165 1
0.5175 1
0.5185 1
0.5195 1
0.5205 1
0.5215 1
0.5225 1
0.5235 1
0.5245 1
0.5255 1
0.5265 1
0.5275 1
0.5285 1
0.5295 1
0.5305 1
0.5315 1
0.5325 1
0.5335 1
0.5345 1
0.5355 1
0.5365 1
0.5375 1
0.5385 1
0.5395 1
0.5405 1
0.5415 1
0.5425 1
0.5435 1
0.5445 1
0.5455 1
0.5465 1
0.5475 1
0.5485 1
0.5495 1
0.5505 1
0.5515 1
0.5525 1
0.5535 1
0.5545 1
0.5555 1
0.5565 1
0.5575 1
0.5585 1
0.5595 1
0.5605 1
0.5615 1
0.5625 1
0.5635 1
0.5645 1
0.5655 1
0.5665 1
0.5675 1
0.5685 1
0.5695 1
0.5705 1
0.5715 1
0.5725 1
0.5735 1
0.5745 1
0.5755 1
0.5765 1
0.5775 1
0.5785 1
0.5795 1
0.5805 1
0.5815 1
0.5825 1
0.5835 1
0.5845 1
0.5855 1
0.5865 1
0.5875 1
0.5885 1
0.5895 1
0.5905 1
0.5915 1
0.5925 1
0.5935 1
0.5945 1
0.5955 1
0.5965 1
0.5975 1
0.5985 1
0.5995 1
0.6005 0
0.6015 0
0.6025 0
0.6035 0
0.6045 0
0.6055 0
0.6065 0
0.6075 0
0.6085 0
0.6095 0
0.6105 0
0.6115 0
0.6125 0
0.6135 0
0.6145 0
0.6155 0
0.6165 0
0.6175 0
0.6185 0
0.6195 0
0.6205 0
0.6215 0
0.6225 0
0.6235 0
0.6245 0
0.6255 0
0.6265 0
0.6275 0
0.6285 0
0.6295 0
0.6305 0
0.6315 0
0.6325 0
0.6335 0
0.6345 0
0.6355 0
0.6365 0
0.6375 0
0.6385 0
0.6395 0
0.6405 0
0.6415 0
0.6425 0
0.6435 0
0.6445 0
0.6455 0
0.6465 0
0.6475 0
0.6485 0
0.6495 0
0.6505 0
0.6515 0
0.6525 0
0.6535 0
0.6545 0
0.6555 0
0.6565 0
0.6575 0
0.6585 0
0.6595 0
0.6605 0
0.6615 0
0.6625 0
0.6635 0
0.6645 0
0.6655 0
0.6665 0
0.6675 0
0.6685 0
0.6695 0
0.6705 0
0.6715 0
0.6725 0
0.6735 0
0.6745 0
0.6755 0
0.6765 0
0.6775 0
0.6785 0
0.6795 0
0.6805 0
0.6815 0
0.6825 0
0.6835 0
0.6845 0
0.6855 0
0.6865 0
0.6875 0
0.6885 0
0.6895 0
0.6905 0
0.6915 0
0.6925 0
0.6935 0
0.6945 0
0.6955 0
0.6965 0
0.6975 0
0.6985 0
0.6995 0
0.7005 0
0.7015 0
0.7025 0
0.7035 0
0.7045 0
0.7055 0
0.7065 0
0.7075 0
0.7085 0
0.7095 0
0.7105 0
0.7115 0
0.7125 0
0.7135 0
0.7145 0
0.7155 0
0.7165 0
0.7175 0
0.7185 0
0.7195 0
0.7205 0
0.7215 0
0.7225 0
0.7235 0
0.7245 0
0.7255 0
0.7265 0
0.7275 0
0.7285 0
0.7295 0
0.7305 0
0.7315 0
0.7325 0
0.7335 0
0.7345 0
0.7355 0
0.7365 0
0.7375 0
0.7385 0
0.7395 0
0.7405 0
0.7415 0
0.7425 0
0.7435 0
0.7445 0
0.7455 0
0.7465 0
0.7475 0
0.7485 0
0.7495 0
0.7505 0
0.7515 0
0.7525 0
0.7535 0
0.7545 0
0.7555 0
0.7565 0
0.7575 0
0.7585 0
0.7595 0
0.7605 0
0.7615 0
0.7625 0
0.7635 0
0.7645 0
0.7655 0
0.7665 0
0.7675 0
0.7685 0
0.7695 0
0.7705 0
0.7715 0
0.7725 0
0.7735 0
0.7745 0
0.7755 0
0.7765 0
0.7775 0
0.7785 0
0.7795 0
0.7805 0
0.7815 0
0.7825 0
0.7835 0
0.7845 0
0.7855 0
0.7865 0
0.7875 0
0.7885 0
0.7895 0
0.7905 0
0.7915 0
0.7925 0
0.7935 0
0.7945 0
0.7955 0
0.7965 0
0.7975 0
0.7985 0
0.7995 0
0.8005 0
0.8015 0
0.8025 0
0.8035 0
0.8045 0
0.8055 0
0.8065 0
0.8075 0
0.8085 0
0.8095 0
0.8105 0
0.8115 0
0.8125 0
0.8135 0
0.8145 0
0.8155 0
0.8165 0
0.8175 0
0.8185 0
0.8195 0
0.8205 0
0.8215 0
0.8225 0
0.8235 0
0.8245 0
0.8255 0
0.8265 0
0.8275 0
0.8285 0
0.8295 0
0.8305 0
0.8315 0
0.8325 0
0.8335 0
0.8345 0
0.8355 0
0.8365 0
0.8375 0
0.8385 0
0.8395 0
0.8405 0
0.8415 0
0.8425 0
0.8435 0
0.8445 0
0.8455 0
0.8465 0
0.8475 0
0.8485 0
0.8495 0
0.8505 0
0.8515 0
0.8525 0
0.8535 0
0.8545 0
0.8555 0
0.8565 0
0.8575 0
0.8585 0
0.8595 0
0.8605 0
0.8615 0
0.8625 0
0.8635 0
0.8645 0
0.8655 0
0.8665 0
0.8675 0
0.8685 0
0.8695 0
0.8705 0
0.8715 0
0.8725 0
0.8735 0
0.8745 0
0.8755 0
0.8765 0
0.8775 0
0.8785 0
0.8795 0
0.8805 0
0.8815 0
0.8825 0
0.8835 0
0.8845 0
0.8855 0
0.8865 0
0.8875 0
0.8885 0
0.8895 0
0.8905 0
0.8915 0
0.8925 0
0.8935 0
0.8945 0
0.8955 0
0.8965 0
0.8975 0
0.8985 0
0.8995 0
0.9005 0
0.9015 0
0.9025 0
0.9035 0
0.9045 0
0.9055 0
0.9065 0
0.9075 0
0.9085 0
0.9095 0
0.9105 0
0.9115 0
0.9125 0
0.9135 0
0.9145 0
0.9155 0
0.9165 0
0.9175 0
0.9185 0
0.9195 0
0.9205 0
0.9215 0
0.9225 0
0.9235 0
0.9245 0
0.9255 0
0.9265 0
0.9275 0
0.9285 0
0.9295 0
0.9305 0
0.9315 0
0.9325 0
0.9335 0
0.9345 0
0.9355 0
0.9365 0
0.9375 0
0.9385 0
0.9395 0
0.9405 0
0.9415 0
0.9425 0
0.9435 0
0.9445 0
0.9455 0
0.9465 0
0.9475 0
0.9485 0
0.9495 0
0.9505 0
0.9515 0
0.9525 0
0.9535 0
0.9545 0
0.9555 0
0.9565 0
0.9575 0
0.9585 0
0.9595 0
0.9605 0
0.9615 0
0.9625 0
0.9635 0
0.9645 0
0.9655 0
0.9665 0
0.9675 0
0.9685 0
0.9695 0
0.9705 0
0.9715 0
0.9725 0
0.9735 0
0.9745 0
0.9755 0
0.9765 0
0.9775 0
0.9785 0
0.9795 0
0.9805 0
0.9815 0
0.9825 0
0.9835 0
0.9845 0
0.9855 0
0.9865 0
0.9875 0
0.9885 0
0.9895 0
0.9905 0
0.9915 0
0.9925 0
0.9935 0
0.9945 0
0.9955 0
0.9965 0
0.9975 0
0.9985 0
0.9995 0

# time= 0.25
0.0005 -2.97542e-17
0.0015 -2.97542e-17
0.0025 -2.97542e-17
0.0035 -2.97542e-17
0.0045 -2.97542e-17
0.0055 -2.97542e-17
0.0065 -2.97542e-17
0.0075 -2.97542e-17
0.0085 -2.97542e-17
0.0095 -2.97542e-17
0.0105 -2.97542e-17
0.0115 -2.97542e-17
0.0125 -2.97542e-17
0.0135 -2.97542e-17
0.0145 -2.97542e-17
0.0155 -2.97542e-17
0.0165 -2.97542e-17
0.0175 -2.97542e-17
0.0185 -2.97542e-17
0.0195 -2.97542e-17
0.0205 -2.97542e-17
0.0215 -2.97542e-17
0.0225 -2.97542e-17
0.0235 -2.97542e-17
0.0245 -2.97542e-17
0.0255 -2.97542e-17
0.0265 -2.97542e-17
0.0275 -2.97542e-17
0.0285 -2.97542e-17
0.0295 -2.97542e-17
0.0305 -2.97542e-17
0.0315 -2.97542e-17
0.0325 -2.97542e-17
0.0335 -2.97542e-17
0.0345 -2.97542e-17
0.0355 -2.97542e-17
0.0365 -2.97542e-17
0.0375 -2.97542e-17
0.0385 -2.97542e-17
0.0395 -2.97542e-17
0.0405 -2.97542e-17
0.0415 -2.97542e-17
0.0425 -2.97542e-17
0.0435 -2.97542e-17
0.0445 -2.97542e-17
0.0455 -2.97542e-17
0.0465 -2.97542e-17
0.0475 -2.97542e-17
0.0485 -2.97542e-17
0.0495 -2.97542e-17
0.0505 -2.97542e-17
0.0515 -2.97542e-17
0.0525 -2.97542e-17
0.0535 -2.97542e-17
0.0545 -2.97542e-17
0.0555 -2.97542e-17
0.0565 -2.97542e-17
0.0575 -2.97542e-17
0.0585 -2.97542e-17
0.0595 -2.97542e-17
0.0605 -2.97542e-17
0.0615 -2.97542e-17
0.0625 -2.97542e-17
0.0635 -2.97542e-17
0.0645 -2.97542e-17
0.0655 -2.97542e-17
0.0665 -2.97542e-17
0.0675 -2.97542e-17
0.0685 -2.97542e-17
0.0695 -2.97542e-17
0.0705 -2.97542e-17
0.0715 -2.97542e-17
0.0725 -2.97542e-17
0.0735 -2.97542e-17
0.0745 -2.97542e-17
0.0755 -2.97542e-17
0.0765 -2.97542e-17
0.0775 -2.97542e-17
0.0785 -2.97542e-17
0.0795 -2.97542e-17
0.0805 -2.97542e-17
0.0815 -2.97542e-17
0.0825 -2.97542e-17
0.0835 -2.97542e-17
0.0845 -2.97542e-17
0.0855 -2.97542e-17
0.0865 -2.97542e-17
0.0875 -2.97542e-17
0.0885 -2.97542e-17
0.0895 -2.97542e-17
0.0905 -2.97542e-17
0.0915 -2.97542e-17
0.0925 -2.97542e-17
0.0935 -2.97542e-17
0.0945 -2.97542e-17
0.0955 -2.97542e-17
0.0965 -2.97542e-17
0.0975 -2.97542e-17
0.0985 -2.97542e-17
0.0995 -2.97542e-17
0.1005 -2.97542e-17
0.1015 -2.97542e-17
0.1025 -2.97542e-17
0.1035 -2.97542e-17
0.1045 -2.97542e-17
0.1055 -2.97542e-17
0.1065 -2.97542e-17
0.1075 -2.97542e-17
0.1085 -2.97542e-17
0.1095 -2.97542e-17
0.1105 -2.97542e-17
0.1115 -2.97542e-17
0.1125 -2.97542e-17
0.1135 -2.97542e-17
0.1145 -2.97535e-17
0.1155 -2.97464e-17
0.1165 -2.96783e-17
0.1175 -2.90664e-17
0.1185 -2.39363e-17
0.1195 1.62919e-17
0.1205 3.12014e-16
0.1215 2.3539e-15
0.1225 1.56193e-14
0.1235 9.6832e-14
0.1245 5.66e-13
0.1255 3.12669e-12
0.1265 1.6345e-11
0.1275 8.09372e-11
0.1285 3.79975e-10
0.1295 1.6925e-09
0.1305 7.15738e-09
0.1315 2.87519e-08
0.1325 1.09765e-07
0.1335 3.98387e-07
0.1345 1.37502e-06
0.1355 4.51394e-06
0.1365 1.40957e-05
0.1375 4.18698e-05
0.1385 0.000118292
0.1395 0.000317812
0.1405 0.000811733
0.1415 0.00197023
0.1425 0.00454224
0.1435 0.00994051
0.1445 0.0206344
0.1455 0.0405837
0.1465 0.0755133
0.1475 0.126508
0.1485 0.186684
0.1495 0.25
0.1505 0.313316
0.1515 0.373492
0.1525 0.424487
0.1535 0.459416
0.1545 0.479366
0.1555 0.490059
0.1565 0.495458
0.1575 0.49803
0.1585 0.499188
0.1595 0.499682
0.1605 0.499882
0.1615 0.499958
0.1625 0.499986
0.1635 0.499995
0.1645 0.499999
0.1655 0.5
0.1665 0.5
0.1675 0.5
0.1685 0.5
0.1695 0.5
0.1705 0.5
0.1715 0.5
0.1725 0.5
0.1735 0.5
0.1745 0.5
0.1755 0.5
0.1765 0.5
0.1775 0.5
0.1785 0.5
0.1795 0.5
0.1805 0.5
0.1815 0.5
0.1825 0.5
0.1835 0.5
0.1845 0.5
0.1855 0.5
0.1865 0.5
0.1875 0.5
0.1885 0.5
0.1895 0.5
0.1905 0.5
0.1915 0.5
0.1925 0.5
0.1935 0.5
0.1945 0.5
0.1955 0.5
0.1965 0.5
0.1975 0.5
0.1985 0.5
0.1995 0.5
0.2005 0.5
0.2015 0.5
0.2025 0.5
0.2035 0.5
0.2045 0.5
0.2055 0.5
0.2065 0.5
0.2075 0.5
0.2085 0.5
0.2095 0.5
0.2105 0.5
0.2115 0.5
0.2125 0.5
0.2135 0.5
0.2145 0.5
0.2155 0.5
0.2165 0.5
0.2175 0.5
0.2185 0.5
0.2195 0.5
0.2205 0.5
0.2215 0.5
0.2225 0.5
0.2235 0.5
0.2245 0.5
0.2255 0.5
0.2265 0.5
0.2275 0.5
0.2285 0.5
0.2295 0.5
0.2305 0.5
0.2315 0.5
0.2325 0.5
0.2335 0.5
0.2345 0.5
0.2355 0.5
0.2365 0.5
0.2375 0.5
0.2385 0.5
0.2395 0.5
0.2405 0.5
0.2415 0.5
0.2425 0.5
0.2435 0.5
0.2445 0.5
0.2455 0.5
0.2465 0.5
0.2475 0.5
0.2485 0.5
0.2495 0.5
0.2505 0.5
0.2515 0.5
0.2525 0.5
0.2535 0.5
0.2545 0.5
0.2555 0.5
0.2565 0.5
0.2575 0.5
0.2585 0.5
0.2595 0.5
0.2605 0.5
0.2615 0.5
0.2625 0.5
0.2635 0.5
0.2645 0.5
0.2655 0.5
0.2665 0.5
0.2675 0.5
0.2685 0.5
0.2695 0.5
0.2705 0.5
0.2715 0.5
0.2725 0.5
0.2735 0.5
0.2745 0.5
0.2755 0.5
0.2765 0.5
0.2775 0.5
0.2785 0.5
0.2795 0.5
0.2805 0.5
0.2815 0.5
0.2825 0.5
0.2835 0.5
0.2845 0.5
0.2855 0.5
0.2865 0.5
0.2875 0.5
0.2885 0.5
0.2895 0.5
0.2905 0.5
0.2915 0.5
0.2925 0.5
0.2935 0.5
0.2945 0.5
0.2955 0.5
0.2965 0.5
0.2975 0.5
0.2985 0.5
0.2995 0.5
0.3005 0.5
0.3015 0.5
0.3025 0.5
0.3035 0.5
0.3045 0.5
0.3055 0.5
0.3065 0.5
0.3075 0.5
0.3085 0.5
0.3095 0.5
0.3105 0.5
0.3115 0.5
0.3125 0.5
0.3135 0.5
0.3145 0.5
0.3155 0.5
0.3165 0.5
0.3175 0.5
0.3185 0.5
0.3195 0.5
0.3205 0.5
0.3215 0.5
0.3225 0.5
0.3235 0.5
0.3245 0.5
0.3255 0.5
0.3265 0.5
0.3275 0.5
0.3285 0.5
0.3295 0.5
0.3305 0.5
0.3315 0.5
0.3325 0.5
0.3335 0.5
0.3345 0.499999
0.3355 0.499995
0.3365 0.499986
0.3375 0.499958
0.3385 0.499882
0.3395 0.499682
0.3405 0.499188
0.3415 0.49803
0.3425 0.495458
0.3435 0.490059
0.3445 0.479366
0.3455 0.459416
0.3465 0.424487
0.3475 0.373492
0.3485 0.313316
0.3495 0.25
0.3505 0.186684
0.3515 0.126508
0.3525 0.0755133
0.3535 0.0405837
0.3545 0.0206344
0.3555 0.00994051
0.3565 0.00454224
0.3575 0.00197023
0.3585 0.000811733
0.3595 0.000317812
0.3605 0.000118292
0.3615 4.18698e-05
0.3625 1.40957e-05
0.3635 4.51394e-06
0.3645 1.37502e-06
0.3655 3.98387e-07
0.3665 1.09765e-07
0.3675 2.87519e-08
0.3685 7.15738e-09
0.3695 1.6925e-09
0.3705 3.79975e-10
0.3715 8.09372e-11
0.3725 1.6345e-11
0.3735 3.1267e-12
0.3745 5.66002e-13
0.3755 9.6834e-14
0.3765 1.56213e-14
0.3775 2.3559e-15
0.3785 3.14013e-16
0.3795 1.82906e-17
0.3805 -2.19376e-17
0.3815 -2.70677e-17
0.3825 -2.76797e-17
0.3835 -2.77478e-17
0.3845 -2.77548e-17
0.3855 -2.77555e-17
0.3865 -2.77556e-17
0.3875 -2.77556e-17
0.3885 -2.77556e-17
0.3895 -2.77556e-17
0.3905 -2.77556e-17
0.3915 -2.77556e-17
0.3925 -2.77556e-17
0.3935 -2.77556e-17
0.3945 -2.77556e-17
0.3955 -2.77556e-17
0.3965 -2.77556e-17
0.3975 -2.77556e-17
0.3985 -2.77556e-17
0.3995 -2.77556e-17
0.4005 -2.77556e-17
0.4015 -2.77556e-17
0.4025 -2.77556e-17
0.4035 -2.77556e-17
0.4045 -2.77556e-17
0.4055 -2.77556e-17
0.4065 -2.77556e-17
0.4075 -2.77556e-17
0.4085 -2.77556e-17
0.4095 -2.77556e-17
0.4105 -2.77556e-17
0.4115 -2.77556e-17
0.4125 -2.77556e-17
0.4135 -2.77556e-17
0.4145 -2.77556e-17
0.4155 -2.77556e-17
0.4165 -2.77556e-17
0.4175 -2.77556e-17
0.4185 -2.77556e-17
0.4195 -2.77556e-17
0.4205 -2.77556e-17
0.4215 -2.77556e-17
0.4225 -2.77556e-17
0.4235 -2.77556e-17
0.4245 -2.77556e-17
0.4255 -2.77556e-17
0.4265 -2.77556e-17
0.4275 -2.77556e-17
0.4285 -2.77556e-17
0.4295 -2.77556e-17
0.4305 -2.77556e-17
0.4315 -2.77556e-17
0.4325 -2.77556e-17
0.4335 -2.77556e-17
0.4345 -2.77556e-17
0.4355 -2.77556e-17
0.4365 -2.77556e-17
0.4375 -2.77556e-17
0.4385 -2.77556e-17
0.4395 -2.77556e-17
0.4405 -2.77556e-17
0.4415 -2.77556e-17
0.4425 -2.77556e-17
0.4435 -2.77556e-17
0.4445 -2.77556e-17
0.4455 -2.77556e-17
0.4465 -2.77556e-17
0.4475 -2.77556e-17
0.4485 -2.77556e-17
0.4495 -2.77556e-17
0.4505 -2.77556e-17
0.4515 -2.77556e-17
0.4525 -2.77556e-17
0.4535 -2.77556e-17
0.4545 -2.77556e-17
0.4555 -2.77556e-17
0.4565 -2.77556e-17
0.4575 -2.77556e-17
0.4585 -2.77556e-17
0.4595 -2.77556e-17
0.4605 -2.77556e-17
0.4615 -2.77556e-17
0.4625 -2.77556e-17
0.4635 -2.77556e-17
0.4645 -2.77556e-17
0.4655 -2.77556e-17
0.4665 -2.77556e-17
0.4675 -2.77556e-17
0.4685 -2.77556e-17
0.4695 -2.77556e-17
0.4705 -2.77556e-17
0.4715 -2.77556e-17
0.4725 -2.77556e-17
0.4735 -2.77556e-17
0.4745 -2.77556e-17
0.4755 -2.77556e-17
0.4765 -2.77556e-17
0.4775 -2.77556e-17
0.4785 -2.77556e-17
0.4795 -2.77556e-17
0.4805 -2.77556e-17
0.4815 -2.77556e-17
0.4825 -2.77556e-17
0.4835 -2.77556e-17
0.4845 -2.77556e-17
0.4855 -2.77556e-17
0.4865 -2.77556e-17
0.4875 -2.77556e-17
0.4885 -2.77556e-17
0.4895 -2.77556e-17
0.4905 -2.77556e-17
0.4915 -2.77556e-17
0.4925 -2.77556e-17
0.4935 -2.77556e-17
0.4945 -2.77556e-17
0.4955 -2.77556e-17
0.4965 -2.77556e-17
0.4975 -2.77556e-17
0.4985 -2.77556e-17
0.4995 -2.77556e-17
0.5005 -2.77556e-17
0.5015 -2.77556e-17
0.5025 -2.77556e-17
0.5035 -2.77556e-17
0.5045 -2.77556e-17
0.5055 -2.77556e-17
0.5065 -2.77556e-17
0.5075 -2.77556e-17
0.5085 -2.77556e-17
0.5095 -2.77556e-17
0.5105 -2.77556e-17
0.5115 -2.77556e-17
0.5125 -2.77556e-17
0.5135 -2.77556e-17
0.5145 -2.77556e-17
0.5155 -2.77556e-17
0.5165 -2.77556e-17
0.5175 -2.77556e-17
0.5185 -2.77556e-17
0.5195 -2.77556e-17
0.5205 -2.77556e-17
0.5215 -2.77556e-17
0.5225 -2.77556e-17
0.5235 -2.77556e-17
0.5245 -2.77556e-17
0.5255 -2.77556e-17
0.5265 -2.77556e-17
0.5275 -2.77556e-17
0.5285 -2.77556e-17
0.5295 -2.77556e-17
0.5305 -2.77556e-17
0.5315 -2.77556e-17
0.5325 -2.77556e-17
0.5335 -2.77556e-17
0.5345 -2.77556e-17
0.5355 -2.77556e-17
0.5365 -2.77556e-17
0.5375 -2.77556e-17
0.5385 -2.77556e-17
0.5395 -2.77556e-17
0.5405 -2.77556e-17
0.5415 -2.77556e-17
0.5425 -2.77556e-17
0.5435 -2.77556e-17
0.5445 -2.77556e-17
0.5455 -2.77556e-17
0.5465 -2.77556e-17
0.5475 -2.77556e-17
0.5485 -2.77556e-17
0.5495 -2.77556e-17
0.5505 -2.77556e-17
0.5515 -2.77556e-17
0.5525 -2.77556e-17
0.5535 -2.77556e-17
0.5545 -2.77556e-17
0.5555 -2.77556e-17
0.5565 -2.77556e-17
0.5575 -2.77556e-17
0.5585 -2.77556e-17
0.5595 -2.77556e-17
0.5605 -2.77556e-17
0.5615 -2.77556e-17
0.5625 -2.77556e-17
0.5635 -2.77556e-17
0.5645 -2.77556e-17
0.5655 -2.77556e-17
0.5665 -2.77556e-17
0.5675 -2.77556e-17
0.5685 -2.77556e-17
0.5695 -2.77556e-17
0.5705 -2.77556e-17
0.5715 -2.77556e-17
0.5725 -2.77556e-17
0.5735 -2.77556e-17
0.5745 -2.77556e-17
0.5755 -2.77556e-17
0.5765 -2.77556e-17
0.5775 -2.77556e-17
0.5785 -2.77556e-17
0.5795 -2.77556e-17
0.5805 -2.77556e-17
0.5815 -2.77556e-17
0.5825 -2.77556e-17
0.5835 -2.77556e-17
0.5845 -2.77556e-17
0.5855 -2.77556e-17
0.5865 -2.77556e-17
0.5875 -2.77556e-17
0.5885 -2.77556e-17
0.5895 -2.77556e-17
0.5905 -2.77556e-17
0.5915 -2.77556e-17
0.5925 -2.77556e-17
0.5935 -2.77556e-17
0.5945 -2.77556e-17
0.5955 -2.77556e-17
0.5965 -2.77556e-17
0.5975 -2.77556e-17
0.5985 -2.77556e-17
0.5995 -2.77556e-17
0.6005 -2.77556e-17
0.6015 -2.77556e-17
0.6025 -2.77556e-17
0.6035 -2.77556e-17
0.6045 -2.77556e-17
0.6055 -2.77556e-17
0.6065 -2.77556e-17
0.6075 -2.77556e-17
0.6085 -2.77556e-17
0.6095 -2.77556e-17
0.6105 -2.77556e-17
0.6115 -2.77556e-17
0.6125 -2.77556e-17
0.6135 -2.77556e-17
0.6145 -2.77555e-17
0.6155 -2.77548e-17
0.6165 -2.77478e-17
0.6175 -2.76797e-17
0.6185 -2.70677e-17
0.6195 -2.19376e-17
0.6205 1.82906e-17
0.6215 3.14013e-16
0.6225 2.3559e-15
0.6235 1.56213e-14
0.6245 9.6834e-14
0.6255 5.66002e-13
0.6265 3.1267e-12
0.6275 1.6345e-11
0.6285 8.09372e-11
0.6295 3.79975e-10
0.6305 1.6925e-09
0.6315 7.15738e-09
0.6325 2.87519e-08
0.6335 1.09765e-07
0.6345 3.98387e-07
0.6355 1.37502e-06
0.6365 4.51394e-06
0.6375 1.40957e-05
0.6385 4.18698e-05
0.6395 0.000118292
0.6405 0.000317812
0.6415 0.000811733
0.6425 0.00197023
0.6435 0.00454224
0.6445 0.00994051
0.6455 0.0206344
0.6465 0.0405837
0.6475 0.0755133
0.6485 0.126508
0.6495 0.186684
0.6505 0.25
0.6515 0.313316
0.6525 0.373492
0.6535 0.424487
0.6545 0.459416
0.6555 0.479366
0.6565 0.490059
0.6575 0.495458
0.6585 0.49803
0.6595 0.499188
0.6605 0.499682
0.6615 0.499882
0.6625 0.499958
0.6635 0.499986
0.6645 0.499995
0.6655 0.499999
0.6665 0.5
0.6675 0.5
0.6685 0.5
0.6695 0.5
0.6705 0.5
0.6715 0.5
0.6725 0.5
0.6735 0.5
0.6745 0.5
0.6755 0.5
0.6765 0.5
0.6775 0.5
0.6785 0.5
0.6795 0.5
0.6805 0.5
0.6815 0.5
0.6825 0.5
0.6835 0.5
0.6845 0.5
0.6855 0.5
0.6865 0.5
0.6875 0.5
0.6885 0.5
0.6895 0.5
0.6905 0.5
0.6915 0.5
0.6925 0.5
0.6935 0.5
0.6945 0.5
0.6955 0.5
0.6965 0.5
0.6975 0.5
0.6985 0.5
0.6995 0.5
0.7005 0.5
0.7015 0.5
0.7025 0.5
0.7035 0.5
0.7045 0.5
0.7055 0.5
0.7065 0.5
0.7075 0.5
0.7085 0.5
0.7095 0.5
0.7105 0.5
0.7115 0.5
0.7125 0.5
0.7135 0.5
0.7145 0.5
0.7155 0.5
0.7165 0.5
0.7175 0.5
0.7185 0.5
0.7195 0.5
0.7205 0.5
0.7215 0.5
0.7225 0.5
0.7235 0.5
0.7245 0.5
0.7255 0.5
0.7265 0.5
0.7275 0.5
0.7285 0.5
0.7295 0.5
0.7305 0.5
0.7315 0.5
0.7325 0.5
0.7335 0.5
0.7345 0.5
0.7355 0.5
0.7365 0.5
0.7375 0.5
0.7385 0.5
0.7395 0.5
0.7405 0.5
0.7415 0.5
0.7425 0.5
0.7435 0.5
0.7445 0.5
0.7455 0.5
0.7465 0.5
0.7475 0.5
0.7485 0.5
0.7495 0.5
0.7505 0.5
0.7515 0.5
0.7525 0.5
0.7535 0.5
0.7545 0.5
0.7555 0.5
0.7565 0.5
0.7575 0.5
0.7585 0.5
0.7595 0.5
0.7605 0.5
0.7615 0.5
0.7625 0.5
0.7635 0.5
0.7645 0.5
0.7655 0.5
0.7665 0.5
0.7675 0.5
0.7685 0.5
0.7695 0.5
0.7705 0.5
0.7715 0.5
0.7725 0.5
0.7735 0.5
0.7745 0.5
0.7755 0.5
0.7765 0.5
0.7775 0.5
0.7785 0.5
0.7795 0.5
0.7805 0.5
0.7815 0.5
0.7825 0.5
0.7835 0.5
0.7845 0.5
0.7855 0.5
0.7865 0.5
0.7875 0.5
0.7885 0.5
0.7895 0.5
0.7905 0.5
0.7915 0.5
0.7925 0.5
0.7935 0.5
0.7945 0.5
0.7955 0.5
0.7965 0.5
0.7975 0.5
0.7985 0.5
0.7995 0.5
0.8005 0.5
0.8015 0.5
0.8025 0.5
0.8035 0.5
0.8045 0.5
0.8055 0.5
0.8065 0.5
0.8075 0.5
0.8085 0.5
0.8095 0.5
0.8105 0.5
0.8115 0.5
0.8125 0.5
0.8135 0.5
0.8145 0.5
0.8155 0.5
0.8165 0.5
0.8175 0.5
0.8185 0.5
0.8195 0.5
0.8205 0.5
0.8215 0.5
0.8225 0.5
0.8235 0.5
0.8245 0.5
0.8255 0.5
0.8265 0.5
0.8275 0.5
0.8285 0.5
0.8295 0.5
0.8305 0.5
0.8315 0.5
0.8325 0.5
0.8335 0.5
0.8345 0.5
0.8355 0.499999
0.8365 0.499995
0.8375 0.499986
0.8385 0.499958
0.8395 0.499882
0.8405 0.499682
0.8415 0.499188
0.8425 0.49803
0.8435 0.495458
0.8445 0.490059
0.8455 0.479366
0.8465 0.459416
0.8475 0.424487
0.8485 0.373492
0.8495 0.313316
0.8505 0.25
0.8515 0.186684
0.8525 0.126508
0.8535 0.0755133
0.8545 0.0405837
0.8555 0.0206344
0.8565 0.00994051
0.8575 0.00454224
0.8585 0.00197023
0.8595 0.000811733
0.8605 0.000317812
0.8615 0.000118292
0.8625 4.18698e-05
0.8635 1.40957e-05
0.8645 4.51394e-06
0.8655 1.37502e-06
0.8665 3.98387e-07
0.8675 1.09765e-07
0.8685 2.87519e-08
0.8695 7.15738e-09
0.8705 1.6925e-09
0.8715 3.79975e-10
0.8725 8.09372e-11
0.8735 1.6345e-11
0.8745 3.12669e-12
0.8755 5.66e-13
0.8765 9.6832e-14
0.8775 1.56193e-14
0.8785 2.3539e-15
0.8795 3.12014e-16
0.8805 1.62919e-17
0.8815 -2.39363e-17
0.8825 -2.90664e-17
0.8835 -2.96783e-17
0.8845 -2.97464e-17
0.8855 -2.97535e-17
0.8865 -2.97542e-17
0.8875 -2.97542e-17
0.8885 -2.97542e-17
0.8895 -2.97542e-17
0.8905 -2.97542e-17
0.8915 -2.97542e-17
0.8925 -2.97542e-17
0.8935 -2.97542e-17
0.8945 -2.97542e-17
0.8955 -2.97542e-17
0.8965 -2.97542e-17
0.8975 -2.97542e-17
0.8985 -2.97542e-17
0.8995 -2.97542e-17
0.9005 -2.97542e-17
0.9015 -2.97542e-17
0.9025 -2.97542e-17
0.9035 -2.97542e-17
0.9045 -2.97542e-17
0.9055 -2.97542e-17
0.9065 -2.97542e-17
0.9075 -2.97542e-17
0.9085 -2.97542e-17
0.9095 -2.97542e-17
0.9105 -2.97542e-17
0.9115 -2.97542e-17
0.9125 -2.97542e-17
0.9135 -2.97542e-17
0.9145 -2.97542e-17
0.9155 -2.97542e-17
0.9165 -2.97542e-17
0.9175 -2.97542e-17
0.9185 -2.97542e-17
0.9195 -2.97542e-17
0.9205 -2.97542e-17
0.9215 -2.97542e-17
0.9225 -2.97542e-17
0.9235 -2.97542e-17
0.9245 -2.97542e-17
0.9255 -2.97542e-17
0.9265 -2.97542e-17
0.9275 -2.97542e-17
0.9285 -2.97542e-17
0.9295 -2.97542e-17
0.9305 -2.97542e-17
0.9315 -2.97542e-17
0.9325 -2.97542e-17
0.9335 -2.97542e-17
0.9345 -2.97542e-17
0.9355 -2.97542e-17
0.9365 -2.97542e-17
0.9375 -2.97542e-17
0.9385 -2.97542e-17
0.9395 -2.97542e-17
0.9405 -2.97542e-17
0.9415 -2.97542e-17
0.9425 -2.97542e-17
0.9435 -2.97542e-17
0.9445 -2.97542e-17
0.9455 -2.97542e-17
0.9465 -2.97542e-17
0.9475 -2.97542e-17
0.9485 -2.97542e-17
0.9495 -2.97542e-17
0.9505 -2.97542e-17
0.9515 -2.97542e-17
0.9525 -2.97542e-17
0.9535 -2.97542e-17
0.9545 -2.97542e-17
0.9555 -2.97542e-17
0.9565 -2.97542e-17
0.9575 -2.97542e-17
0.9585 -2.97542e-17
0.9595 -2.97542e-17
0.9605 -2.97542e-17
0.9615 -2.97542e-17
0.9625 -2.97542e-17
0.9635 -2.97542e-17
0.9645 -2.97542e-17
0.9655 -2.97542e-17
0.9665 -2.97542e-17
0.9675 -2.97542e-17
0.9685 -2.97542e-17
0.9695 -2.97542e-17
0.9705 -2.97542e-17
0.9715 -2.97542e-17
0.9725 -2.97542e-17
0.9735 -2.97542e-17
0.9745 -2.97542e-17
0.9755 -2.97542e-17
0.9765 -2.97542e-17
0.9775 -2.97542e-17
0.9785 -2.97542e-17
0.9795 -2.97542e-17
0.9805 -2.97542e-17
0.9815 -2.97542e-17
0.9825 -2.97542e-17
0.9835 -2.97542e-17
0.9845 -2.97542e-17
0.9855 -2.97542e-17
0.9865 -2.97542e-17
0.9875 -2.97542e-17
0.9885 -2.97542e-17
0.9895 -2.97542e-17
0.9905 -2.97542e-17
0.9915 -2.97542e-17
0.9925 -2.97542e-17
0.9935 -2.97542e-17
0.9945 -2.97542e-17
0.9955 -2.97542e-17
0.9965 -2.97542e-17
0.9975 -2.97542e-17
0.9985 -2.97542e-17
0.9995 -2.97542e-17

# time= 0.5
0.0005 1.001
0.0015 1.001
0.0025 1.001
0.0035 1.001
0.0045 1.001
0.0055 1.001
0.0065 1.001
0.0075 1.001
0.0085 1.001
0.0095 1.001
0.0105 1.001
0.0115 1.001
0.0125 1.001
0.0135 1.001
0.0145 1.001
0.0155 1.001
0.0165 1.001
0.0175 1.001
0.0185 1.001
0.0195 1.001
0.0205 1.001
0.0215 1.001
0.0225 1.001
0.0235 1.001
0.0245 1.001
0.0255 1.001
0.0265 1.001
0.0275 1.001
0.0285 1.001
0.0295 1.001
0.0305 1.001
0.0315 1.001
0.0325 1.001
0.0335 1.001
0.0345 1.001
0.0355 1.001
0.0365 1.001
0.0375 1.001
0.0385 1.001
0.0395 1.001
0.0405 1.001
0.0415 1.001
0.0425 1.001
0.0435 1.001
0.0445 1.001
0.0455 1.001
0.0465 1.001
0.0475 1.001
0.0485 1.001
0.0495 1.001
0.0505 1.001
0.0515 1.001
0.0525 1.001
0.0535 1.001
0.0545 1.001
0.0555 1.001
0.0565 1.001
0.0575 1.001
0.0585 1.001
0.0595 1.001
0.0605 1.001
0.0615 1.001
0.0625 1.001
0.0635 1.001
0.0645 1.001
0.0655 1.001
0.0665 1.001
0.0675 1.001
0.0685 1.001
0.0695 1.001
0.0705 1.001
0.0715 1.001
0.0725 1.001
0.0735 1.001
0.0745 1.001
0.0755 1.001
0.0765 1.001
0.0775 1.001
0.0785 1.001
0.0795 1.001
0.0805 1.001
0.0815 1.00099
0.0825 1.00098
0.0835 1.00095
0.0845 1.00088
0.0855 1.00073
0.0865 1.00042
0.0875 0.999803
0.0885 0.99859
0.0895 0.996285
0.0905 0.992042
0.0915 0.984482
0.0925 0.971454
0.0935 0.949763
0.0945 0.914911
0.0955 0.860968
0.0965 0.786048
0.0975 0.696835
0.0985 0.600155
0.0995 0.501
0.1005 0.401845
0.1015 0.305165
0.1025 0.215952
0.1035 0.141032
0.1045 0.0870891
0.1055 0.0522375
0.1065 0.0305459
0.1075 0.0175181
0.1085 0.00995821
0.1095 0.00571523
0.1105 0.00340996
0.1115 0.00219656
0.1125 0.00157736
0.1135 0.00127084
0.1145 0.00112356
0.1155 0.00105483
0.1165 0.00102368
0.1175 0.00100995
0.1185 0.00100407
0.1195 0.00100162
0.1205 0.00100063
0.1215 0.00100024
0.1225 0.00100009
0.1235 0.00100003
0.1245 0.00100001
0.1255 0.001
0.1265 0.001
0.1275 0.001
0.1285 0.001
0.1295 0.001
0.1305 0.001
0.1315 0.001
0.1325 0.001
0.1335 0.001
0.1345 0.001
0.1355 0.001
0.1365 0.001
0.1375 0.001
0.1385 0.001
0.1395 0.001
0.1405 0.001
0.1415 0.001
0.1425 0.001
0.1435 0.001
0.1445 0.001
0.1455 0.001
0.1465 0.001
0.1475 0.001
0.1485 0.001
0.1495 0.001
0.1505 0.001
0.1515 0.001
0.1525 0.001
0.1535 0.001
0.1545 0.001
0.1555 0.001
0.1565 0.001
0.1575 0.001
0.1585 0.001
0.1595 0.001
0.1605 0.001
0.1615 0.001
0.1625 0.001
0.1635 0.001
0.1645 0.001
0.1655 0.001
0.1665 0.001
0.1675 0.001
0.1685 0.001
0.1695 0.001
0.1705 0.001
0.1715 0.001
0.1725 0.001
0.1735 0.001
0.1745 0.001
0.1755 0.001
0.1765 0.001
0.1775 0.001
0.1785 0.001
0.1795 0.001
0.1805 0.001
0.1815 0.001
0.1825 0.001
0.1835 0.001
0.1845 0.001
0.1855 0.001
0.1865 0.001
0.1875 0.001
0.1885 0.001
0.1895 0.001
0.1905 0.001
0.1915 0.001
0.1925 0.001
0.1935 0.001
0.1945 0.001
0.1955 0.001
0.1965 0.001
0.1975 0.001
0.1985 0.001
0.1995 0.001
0.2005 0.001
0.2015 0.001
0.2025 0.001
0.2035 0.001
0.2045 0.001
0.2055 0.001
0.2065 0.001
0.2075 0.001
0.2085 0.001
0.2095 0.001
0.2105 0.001
0.2115 0.001
0.2125 0.001
0.2135 0.001
0.2145 0.001
0.2155 0.001
0.2165 0.001
0.2175 0.001
0.2185 0.001
0.2195 0.001
0.2205 0.001
0.2215 0.001
0.2225 0.001
0.2235 0.001
0.2245 0.001
0.2255 0.001
0.2265 0.001
0.2275 0.001
0.2285 0.001
0.2295 0.001
0.2305 0.001
0.2315 0.001
0.2325 0.001
0.2335 0.001
0.2345 0.001
0.2355 0.001
0.2365 0.001
0.2375 0.001
0.2385 0.001
0.2395 0.001
0.2405 0.001
0.2415 0.001
0.2425 0.001
0.2435 0.001
0.2445 0.001
0.2455 0.001
0.2465 0.001
0.2475 0.001
0.2485 0.001
0.2495 0.001
0.2505 0.001
0.2515 0.001
0.2525 0.001
0.2535 0.001
0.2545 0.001
0.2555 0.001
0.2565 0.001
0.2575 0.001
0.2585 0.001
0.2595 0.001
0.2605 0.001
0.2615 0.001
0.2625 0.001
0.2635 0.001
0.2645 0.001
0.2655 0.001
0.2665 0.001
0.2675 0.001
0.2685 0.001
0.2695 0.001
0.2705 0.001
0.2715 0.001
0.2725 0.001
0.2735 0.001
0.2745 0.001
0.2755 0.001
0.2765 0.001
0.2775 0.001
0.2785 0.001
0.2795 0.001
0.2805 0.001
0.2815 0.001
0.2825 0.001
0.2835 0.001
0.2845 0.001
0.2855 0.001
0.2865 0.001
0.2875 0.001
0.2885 0.001
0.2895 0.001
0.2905 0.001
0.2915 0.001
0.2925 0.001
0.2935 0.001
0.2945 0.001
0.2955 0.001
0.2965 0.001
0.2975 0.001
0.2985 0.001
0.2995 0.001
0.3005 0.001
0.3015 0.001
0.3025 0.001
0.3035 0.001
0.3045 0.001
0.3055 0.001
0.3065 0.001
0.3075 0.001
0.3085 0.001
0.3095 0.001
0.3105 0.001
0.3115 0.001
0.3125 0.001
0.3135 0.001
0.3145 0.001
0.3155 0.001
0.3165 0.001
0.3175 0.001
0.3185 0.001
0.3195 0.001
0.3205 0.001
0.3215 0.001
0.3225 0.001
0.3235 0.001
0.3245 0.001
0.3255 0.001
0.3265 0.001
0.3275 0.001
0.3285 0.001
0.3295 0.001
0.3305 0.001
0.3315 0.001
0.3325 0.001
0.3335 0.001
0.3345 0.001
0.3355 0.001
0.3365 0.001
0.3375 0.001
0.3385 0.001
0.3395 0.001
0.3405 0.001
0.3415 0.001
0.3425 0.001
0.3435 0.001
0.3445 0.001
0.3455 0.001
0.3465 0.001
0.3475 0.001
0.3485 0.001
0.3495 0.001
0.3505 0.001
0.3515 0.001
0.3525 0.001
0.3535 0.001
0.3545 0.001
0.3555 0.001
0.3565 0.001
0.3575 0.001
0.3585 0.001
0.3595 0.001
0.3605 0.001
0.3615 0.001
0.3625 0.001
0.3635 0.001
0.3645 0.001
0.3655 0.001
0.3665 0.001
0.3675 0.001
0.3685 0.001
0.3695 0.001
0.3705 0.001
0.3715 0.001
0.3725 0.001
0.3735 0.001
0.3745 0.001
0.3755 0.001
0.3765 0.001
0.3775 0.001
0.3785 0.001
0.3795 0.001
0.3805 0.001
0.3815 0.001
0.3825 0.001
0.3835 0.001
0.3845 0.001
0.3855 0.001
0.3865 0.001
0.3875 0.001
0.3885 0.001
0.3895 0.001
0.3905 0.001
0.3915 0.001
0.3925 0.001
0.3935 0.001
0.3945 0.001
0.3955 0.001
0.3965 0.001
0.3975 0.001
0.3985 0.001
0.3995 0.001
0.4005 0.001
0.4015 0.001
0.4025 0.001
0.4035 0.001
0.4045 0.001
0.4055 0.001
0.4065 0.001
0.4075 0.001
0.4085 0.001
0.4095 0.001
0.4105 0.001
0.4115 0.001
0.4125 0.001
0.4135 0.001
0.4145 0.001
0.4155 0.001
0.4165 0.001
0.4175 0.001
0.4185 0.001
0.4195 0.001
0.4205 0.001
0.4215 0.001
0.4225 0.001
0.4235 0.001
0.4245 0.001
0.4255 0.001
0.4265 0.001
0.4275 0.001
0.4285 0.001
0.4295 0.001
0.4305 0.001
0.4315 0.001
0.4325 0.001
0.4335 0.001
0.4345 0.001
0.4355 0.001
0.4365 0.001
0.4375 0.001
0.4385 0.001
0.4395 0.001
0.4405 0.001
0.4415 0.001
0.4425 0.001
0.4435 0.001
0.4445 0.001
0.4455 0.001
0.4465 0.001
0.4475 0.001
0.4485 0.001
0.4495 0.001
0.4505 0.001
0.4515 0.001
0.4525 0.001
0.4535 0.001
0.4545 0.001
0.4555 0.001
0.4565 0.001
0.4575 0.001
0.4585 0.001
0.4595 0.001
0.4605 0.001
0.4615 0.001
0.4625 0.001
0.4635 0.001
0.4645 0.001
0.4655 0.001
0.4665 0.001
0.4675 0.001
0.4685 0.001
0.4695 0.001
0.4705 0.001
0.4715 0.001
0.4725 0.001
0.4735 0.001
0.4745 0.001
0.4755 0.001
0.4765 0.001
0.4775 0.001
0.4785 0.001
0.4795 0.001
0.4805 0.001
0.4815 0.001
0.4825 0.001
0.4835 0.001
0.4845 0.001
0.4855 0.001
0.4865 0.001
0.4875 0.001
0.4885 0.001
0.4895 0.001
0.4905 0.001
0.4915 0.001
0.4925 0.001
0.4935 0.001
0.4945 0.001
0.4955 0.001
0.4965 0.001
0.4975 0.001
0.4985 0.001
0.4995 0.001
0.5005 0.001
0.5015 0.001
0.5025 0.001
0.5035 0.001
0.5045 0.001
0.5055 0.001
0.5065 0.001
0.5075 0.001
0.5085 0.001
0.5095 0.001
0.5105 0.001
0.5115 0.001
0.5125 0.001
0.5135 0.001
0.5145 0.001
0.5155 0.001
0.5165 0.001
0.5175 0.001
0.5185 0.001
0.5195 0.001
0.5205 0.001
0.5215 0.001
0.5225 0.001
0.5235 0.001
0.5245 0.001
0.5255 0.001
0.5265 0.001
0.5275 0.001
0.5285 0.001
0.5295 0.001
0.5305 0.001
0.5315 0.001
0.5325 0.001
0.5335 0.001
0.5345 0.001
0.5355 0.001
0.5365 0.001
0.5375 0.001
0.5385 0.001
0.5395 0.001
0.5405 0.001
0.5415 0.001
0.5425 0.001
0.5435 0.001
0.5445 0.001
0.5455 0.001
0.5465 0.001
0.5475 0.001
0.5485 0.001
0.5495 0.001
0.5505 0.001
0.5515 0.001
0.5525 0.001
0.5535 0.001
0.5545 0.001
0.5555 0.001
0.5565 0.001
0.5575 0.001
0.5585 0.001
0.5595 0.001
0.5605 0.001
0.5615 0.001
0.5625 0.001
0.5635 0.001
0.5645 0.001
0.5655 0.001
0.5665 0.001
0.5675 0.001
0.5685 0.001
0.5695 0.001
0.5705 0.001
0.5715 0.001
0.5725 0.001
0.5735 0.001
0.5745 0.001
0.5755 0.001
0.5765 0.001
0.5775 0.001
0.5785 0.001
0.5795 0.001
0.5805 0.001
0.5815 0.001
0.5825 0.001
0.5835 0.001
0.5845 0.001
0.5855 0.001
0.5865 0.001
0.5875 0.001
0.5885 0.001
0.5895 0.001
0.5905 0.001
0.5915 0.001
0.5925 0.001
0.5935 0.001
0.5945 0.001
0.5955 0.001
0.5965 0.001
0.5975 0.001
0.5985 0.001
0.5995 0.001
0.6005 0.001
0.6015 0.001
0.6025 0.001
0.6035 0.001
0.6045 0.001
0.6055 0.001
0.6065 0.001
0.6075 0.001
0.6085 0.001
0.6095 0.001
0.6105 0.001
0.6115 0.001
0.6125 0.001
0.6135 0.001
0.6145 0.001
0.6155 0.001
0.6165 0.001
0.6175 0.001
0.6185 0.001
0.6195 0.001
0.6205 0.001
0.6215 0.001
0.6225 0.001
0.6235 0.001
0.6245 0.001
0.6255 0.001
0.6265 0.001
0.6275 0.001
0.6285 0.001
0.6295 0.001
0.6305 0.001
0.6315 0.001
0.6325 0.001
0.6335 0.001
0.6345 0.001
0.6355 0.001
0.6365 0.001
0.6375 0.001
0.6385 0.001
0.6395 0.001
0.6405 0.001
0.6415 0.001
0.6425 0.001
0.6435 0.001
0.6445 0.001
0.6455 0.001
0.6465 0.001
0.6475 0.001
0.6485 0.001
0.6495 0.001
0.6505 0.001
0.6515 0.001
0.6525 0.001
0.6535 0.001
0.6545 0.001
0.6555 0.001
0.6565 0.001
0.6575 0.001
0.6585 0.001
0.6595 0.001
0.6605 0.001
0.6615 0.001
0.6625 0.001
0.6635 0.001
0.6645 0.001
0.6655 0.001
0.6665 0.001
0.6675 0.001
0.6685 0.001
0.6695 0.001
0.6705 0.001
0.6715 0.001
0.6725 0.001
0.6735 0.001
0.6745 0.001
0.6755 0.001
0.6765 0.001
0.6775 0.001
0.6785 0.001
0.6795 0.001
0.6805 0.001
0.6815 0.001
0.6825 0.001
0.6835 0.001
0.6845 0.001
0.6855 0.001
0.6865 0.001
0.6875 0.001
0.6885 0.001
0.6895 0.001
0.6905 0.001
0.6915 0.001
0.6925 0.001
0.6935 0.001
0.6945 0.001
0.6955 0.001
0.6965 0.001
0.6975 0.001
0.6985 0.001
0.6995 0.001
0.7005 0.001
0.7015 0.001
0.7025 0.001
0.7035 0.001
0.7045 0.001
0.7055 0.001
0.7065 0.001
0.7075 0.001
0.7085 0.001
0.7095 0.001
0.7105 0.001
0.7115 0.001
0.7125 0.001
0.7135 0.001
0.7145 0.001
0.7155 0.001
0.7165 0.001
0.7175 0.001
0.7185 0.001
0.7195 0.001
0.7205 0.001
0.7215 0.001
0.7225 0.001
0.7235 0.001
0.7245 0.001
0.7255 0.001
0.7265 0.001
0.7275 0.001
0.7285 0.001
0.7295 0.001
0.7305 0.001
0.7315 0.001
0.7325 0.001
0.7335 0.001
0.7345 0.001
0.7355 0.001
0.7365 0.001
0.7375 0.001
0.7385 0.001
0.7395 0.001
0.7405 0.001
0.7415 0.001
0.7425 0.001
0.7435 0.001
0.7445 0.001
0.7455 0.001
0.7465 0.001
0.7475 0.001
0.7485 0.001
0.7495 0.001
0.7505 0.001
0.7515 0.001
0.7525 0.001
0.7535 0.001
0.7545 0.001
0.7555 0.001
0.7565 0.001
0.7575 0.001
0.7585 0.001
0.7595 0.001
0.7605 0.001
0.7615 0.001
0.7625 0.001
0.7635 0.001
0.7645 0.001
0.7655 0.001
0.7665 0.001
0.7675 0.001
0.7685 0.001
0.7695 0.001
0.7705 0.001
0.7715 0.001
0.7725 0.001
0.7735 0.001
0.7745 0.001
0.7755 0.001
0.7765 0.001
0.7775 0.001
0.7785 0.001
0.7795 0.001
0.7805 0.001
0.7815 0.001
0.7825 0.001
0.7835 0.001
0.7845 0.001
0.7855 0.001
0.7865 0.001
0.7875 0.001
0.7885 0.001
0.7895 0.001
0.7905 0.001
0.7915 0.001
0.7925 0.001
0.7935 0.001
0.7945 0.001
0.7955 0.001
0.7965 0.001
0.7975 0.001
0.7985 0.001
0.7995 0.001
0.8005 0.001
0.8015 0.001
0.8025 0.001
0.8035 0.001
0.8045 0.001
0.8055 0.001
0.8065 0.001
0.8075 0.001
0.8085 0.001
0.8095 0.001
0.8105 0.001
0.8115 0.001
0.8125 0.001
0.8135 0.001
0.8145 0.001
0.8155 0.001
0.8165 0.001
0.8175 0.001
0.8185 0.001
0.8195 0.001
0.8205 0.001
0.8215 0.001
0.8225 0.001
0.8235 0.001
0.8245 0.001
0.8255 0.001
0.8265 0.001
0.8275 0.001
0.8285 0.001
0.8295 0.001
0.8305 0.001
0.8315 0.001
0.8325 0.001
0.8335 0.001
0.8345 0.001
0.8355 0.001
0.8365 0.001
0.8375 0.001
0.8385 0.001
0.8395 0.001
0.8405 0.001
0.8415 0.001
0.8425 0.001
0.8435 0.001
0.8445 0.001
0.8455 0.001
0.8465 0.001
0.8475 0.001
0.8485 0.001
0.8495 0.001
0.8505 0.001
0.8515 0.001
0.8525 0.001
0.8535 0.001
0.8545 0.001
0.8555 0.001
0.8565 0.001
0.8575 0.001
0.8585 0.001
0.8595 0.001
0.8605 0.001
0.8615 0.001
0.8625 0.001
0.8635 0.001
0.8645 0.001
0.8655 0.001
0.8665 0.001
0.8675 0.001
0.8685 0.001
0.8695 0.001
0.8705 0.001
0.8715 0.001
0.8725 0.001
0.8735 0.001
0.8745 0.001
0.8755 0.00100001
0.8765 0.00100003
0.8775 0.00100009
0.8785 0.00100024
0.8795 0.00100063
0.8805 0.00100162
0.8815 0.00100407
0.8825 0.00100995
0.8835 0.00102368
0.8845 0.00105483
0.8855 0.00112356
0.8865 0.00127084
0.8875 0.00157736
0.8885 0.00219656
0.8895 0.00340996
0.8905 0.00571523
0.8915 0.00995821
0.8925 0.0175181
0.8935 0.0305459
0.8945 0.0522375
0.8955 0.0870891
0.8965 0.141032
0.8975 0.215952
0.8985 0.305165
0.8995 0.401845
0.9005 0.501
0.9015 0.600155
0.9025 0.696835
0.9035 0.786048
0.9045 0.860968
0.9055 0.914911
0.9065 0.949763
0.9075 0.971454
0.9085 0.984482
0.9095 0.992042
0.9105 0.996285
0.9115 0.99859
0.9125 0.999803
0.9135 1.00042
0.9145 1.00073
0.9155 1.00088
0.9165 1.00095
0.9175 1.00098
0.9185 1.00099
0.9195 1.001
0.9205 1.001
0.9215 1.001
0.9225 1.001
0.9235 1.001
0.9245 1.001
0.9255 1.001
0.9265 1.001
0.9275 1.001
0.9285 1.001
0.9295 1.001
0.9305 1.001
0.9315 1.001
0.9325 1.001
0.9335 1.001
0.9345 1.001
0.9355 1.001
0.9365 1.001
0.9375 1.001
0.9385 1.001
0.9395 1.001
0.9405 1.001
0.9415 1.001
0.9425 1.001
0.9435 1.001
0.9445 1.001
0.9455 1.001
0.9465 1.001
0.9475 1.001
0.9485 1.001
0.9495 1.001
0.9505 1.001
0.9515 1.001
0.9525 1.001
0.9535 1.001
0.9545 1.001
0.9555 1.001
0.9565 1.001
0.9575 1.001
0.9585 1.001
0.9595 1.001
0.9605 1.001
0.9615 1.001
0.9625 1.001
0.9635 1.001
0.9645 1.001
0.9655 1.001
0.9665 1.001
0.9675 1.001
0.9685 1.001
0.9695 1.001
0.9705 1.001
0.9715 1.001
0.9725 1.001
0.9735 1.001
0.9745 1.001
0.9755 1.001
0.9765 1.001
0.9775 1.001
0.9785 1.001
0.9795 1.001
0.9805 1.001
0.9815 1.001
0.9825 1.001
0.9835 1.001
0.9845 1.001
0.9855 1.001
0.9865 1.001
0.9875 1.001
0.9885 1.001
0.9895 1.001
0.9905 1.001
0.9915 1.001
0.9925 1.001
0.9935 1.001
0.9945 1.001
0.9955 1.001
0.9965 1.001
0.9975 1.001
0.9985 1.001
0.9995 1.001

# time= 0.75
0.0005 -1.47124e-17
0.0015 -1.47124e-17
0.0025 -1.47124e-17
0.0035 -1.47124e-17
0.0045 -1.47124e-17
0.0055 -1.47124e-17
0.0065 -1.47124e-17
0.0075 -1.47124e-17
0.0085 -1.47124e-17
0.0095 -1.47124e-17
0.0105 -1.47124e-17
0.0115 -1.47124e-17
0.0125 -1.47124e-17
0.0135 -1.47124e-17
0.0145 -1.47124e-17
0.0155 -1.47124e-17
0.0165 -1.47124e-17
0.0175 -1.47124e-17
0.0185 -1.47124e-17
0.0195 -1.47124e-17
0.0205 -1.47124e-17
0.0215 -1.47124e-17
0.0225 -1.47124e-17
0.0235 -1.47124e-17
0.0245 -1.47124e-17
0.0255 -1.47124e-17
0.0265 -1.47124e-17
0.0275 -1.47124e-17
0.0285 -1.47124e-17
0.0295 -1.47124e-17
0.0305 -1.47124e-17
0.0315 -1.47124e-17
0.0325 -1.47124e-17
0.0335 -1.47124e-17
0.0345 -1.47124e-17
0.0355 -1.47124e-17
0.0365 -1.47124e-17
0.0375 -1.47124e-17
0.0385 -1.47124e-17
0.0395 -1.47124e-17
0.0405 -1.47124e-17
0.0415 -1.47124e-17
0.0425 -1.47124e-17
0.0435 -1.47124e-17
0.0445 -1.47124e-17
0.0455 -1.47124e-17
0.0465 -1.47124e-17
0.0475 -1.47124e-17
0.0485 -1.47124e-17
0.0495 -1.47124e-17
0.0505 -1.47124e-17
0.0515 -1.47124e-17
0.0525 -1.47124e-17
0.0535 -1.47124e-17
0.0545 -1.47124e-17
0.0555 -1.47124e-17
0.0565 -1.47124e-17
0.0575 -1.47124e-17
0.0585 -1.47124e-17
0.0595 -1.47124e-17
0.0605 -1.47124e-17
0.0615 -1.47124e-17
0.0625 -1.47124e-17
0.0635 -1.47124e-17
0.0645 -1.47124e-17
0.0655 -1.47124e-17
0.0665 -1.47124e-17
0.0675 -1.47124e-17
0.0685 -1.47124e-17
0.0695 -1.47124e-17
0.0705 -1.47124e-17
0.0715 -1.47124e-17
0.0725 -1.47124e-17
0.0735 -1.47124e-17
0.0745 -1.47124e-17
0.0755 -1.47124e-17
0.0765 -1.47124e-17
0.0775 -1.47124e-17
0.0785 -1.47124e-17
0.0795 -1.47124e-17
0.0805 -1.47124e-17
0.0815 -1.47124e-17
0.0825 -1.47124e-17
0.0835 -1.47124e-17
0.0845 -1.47124e-17
0.0855 -1.47124e-17
0.0865 -1.47124e-17
0.0875 -1.47124e-17
0.0885 -1.47124e-17
0.0895 -1.47124e-17
0.0905 -1.47123e-17
0.0915 -1.47123e-17
0.0925 -1.47123e-17
0.0935 -1.47121e-17
0.0945 -1.47114e-17
0.0955 -1.47088e-17
0.0965 -1.4699e-17
0.0975 -1.46623e-17
0.0985 -1.45289e-17
0.0995 -1.40508e-17
0.1005 -1.23686e-17
0.1015 -6.55163e-18
0.1025 1.32121e-17
0.1035 7.91924e-17
0.1045 2.95629e-16
0.1055 9.9324e-16
0.1065 3.20255e-15
0.1075 1.00772e-14
0.1085 3.10952e-14
0.1095 9.42282e-14
0.1105 2.80539e-13
0.1115 8.2069e-13
0.1125 2.35909e-12
0.1135 6.66314e-12
0.1145 1.84912e-11
0.1155 5.04175e-11
0.1165 1.35053e-10
0.1175 3.55391e-10
0.1185 9.18669e-10
0.1195 2.33254e-09
0.1205 5.81674e-09
0.1215 1.42454e-08
0.1225 3.42586e-08
0.1235 8.08947e-08
0.1245 1.87533e-07
0.1255 4.26764e-07
0.1265 9.53225e-07
0.1275 2.08948e-06
0.1285 4.49415e-06
0.1295 9.48322e-06
0.1305 1.96284e-05
0.1315 3.98431e-05
0.1325 7.92996e-05
0.1335 0.000154719
0.1345 0.000295849
0.1355 0.000554292
0.1365 0.00101726
0.1375 0.0018282
0.1385 0.00321644
0.1395 0.00553786
0.1405 0.00932745
0.1415 0.0153625
0.1425 0.0247308
0.1435 0.0388923
0.1445 0.0597125
0.1455 0.0888753
0.1465 0.124698
0.1475 0.164775
0.1485 0.20703
0.1495 0.25
0.1505 0.29297
0.1515 0.335225
0.1525 0.375302
0.1535 0.411125
0.1545 0.440287
0.1555 0.461108
0.1565 0.475269
0.1575 0.484638
0.1585 0.490673
0.1595 0.494462
0.1605 0.496784
0.1615 0.498172
0.1625 0.498983
0.1635 0.499446
0.1645 0.499704
0.1655 0.499845
0.1665 0.499921
0.1675 0.49996
0.1685 0.49998
0.1695 0.499991
0.1705 0.499996
0.1715 0.499998
0.1725 0.499999
0.1735 0.5
0.1745 0.5
0.1755 0.5
0.1765 0.5
0.1775 0.5
0.1785 0.5
0.1795 0.5
0.1805 0.5
0.1815 0.5
0.1825 0.5
0.1835 0.5
0.1845 0.5
0.1855 0.5
0.1865 0.5
0.1875 0.5
0.1885 0.5
0.1895 0.5
0.1905 0.5
0.1915 0.5
0.1925 0.5
0.1935 0.5
0.1945 0.5
0.1955 0.5
0.1965 0.5
0.1975 0.5
0.1985 0.5
0.1995 0.5
0.2005 0.5
0.2015 0.5
0.2025 0.5
0.2035 0.5
0.2045 0.5
0.2055 0.5
0.2065 0.5
0.2075 0.5
0.2085 0.5
0.2095 0.5
0.2105 0.5
0.2115 0.5
0.2125 0.5
0.2135 0.5
0.2145 0.5
0.2155 0.5
0.2165 0.5
0.2175 0.5
0.2185 0.5
0.2195 0.5
0.2205 0.5
0.2215 0.5
0.2225 0.5
0.2235 0.5
0.2245 0.5
0.2255 0.5
0.2265 0.5
0.2275 0.5
0.2285 0.5
0.2295 0.5
0.2305 0.5
0.2315 0.5
0.2325 0.5
0.2335 0.5
0.2345 0.5
0.2355 0.5
0.2365 0.5
0.2375 0.5
0.2385 0.5
0.2395 0.5
0.2405 0.5
0.2415 0.5
0.2425 0.5
0.2435 0.5
0.2445 0.5
0.2455 0.5
0.2465 0.5
0.2475 0.5
0.2485 0.5
0.2495 0.5
0.2505 0.5
0.2515 0.5
0.2525 0.5
0.2535 0.5
0.2545 0.5
0.2555 0.5
0.2565 0.5
0.2575 0.5
0.2585 0.5
0.2595 0.5
0.2605 0.5
0.2615 0.5
0.2625 0.5
0.2635 0.5
0.2645 0.5
0.2655 0.5
0.2665 0.5
0.2675 0.5
0.2685 0.5
0.2695 0.5
0.2705 0.5
0.2715 0.5
0.2725 0.5
0.2735 0.5
0.2745 0.5
0.2755 0.5
0.2765 0.5
0.2775 0.5
0.2785 0.5
0.2795 0.5
0.2805 0.5
0.2815 0.5
0.2825 0.5
0.2835 0.5
0.2845 0.5
0.2855 0.5
0.2865 0.5
0.2875 0.5
0.2885 0.5
0.2895 0.5
0.2905 0.5
0.2915 0.5
0.2925 0.5
0.2935 0.5
0.2945 0.5
0.2955 0.5
0.2965 0.5
0.2975 0.5
0.2985 0.5
0.2995 0.5
0.3005 0.5
0.3015 0.5
0.3025 0.5
0.3035 0.5
0.3045 0.5
0.3055 0.5
0.3065 0.5
0.3075 0.5
0.3085 0.5
0.3095 0.5
0.3105 0.5
0.3115 0.5
0.3125 0.5
0.3135 0.5
0.3145 0.5
0.3155 0.5
0.3165 0.5
0.3175 0.5
0.3185 0.5
0.3195 0.5
0.3205 0.5
0.3215 0.5
0.3225 0.5
0.3235 0.5
0.3245 0.5
0.3255 0.5
0.3265 0.499999
0.3275 0.499998
0.3285 0.499996
0.3295 0.499991
0.3305 0.49998
0.3315 0.49996
0.3325 0.499921
0.3335 0.499845
0.3345 0.499704
0.3355 0.499446
0.3365 0.498983
0.3375 0.498172
0.3385 0.496784
0.3395 0.494462
0.3405 0.490673
0.3415 0.484638
0.3425 0.475269
0.3435 0.461108
0.3445 0.440287
0.3455 0.411125
0.3465 0.375302
0.3475 0.335225
0.3485 0.29297
0.3495 0.25
0.3505 0.20703
0.3515 0.164775
0.3525 0.124698
0.3535 0.0888753
0.3545 0.0597125
0.3555 0.0388923
0.3565 0.0247308
0.3575 0.0153625
0.3585 0.00932745
0.3595 0.00553786
0.3605 0.00321644
0.3615 0.0018282
0.3625 0.00101726
0.3635 0.000554292
0.3645 0.000295849
0.3655 0.000154719
0.3665 7.92996e-05
0.3675 3.98431e-05
0.3685 1.96284e-05
0.3695 9.48322e-06
0.3705 4.49415e-06
0.3715 2.08948e-06
0.3725 9.53225e-07
0.3735 4.26764e-07
0.3745 1.87533e-07
0.3755 8.08947e-08
0.3765 3.42586e-08
0.3775 1.42454e-08
0.3785 5.81674e-09
0.3795 2.33254e-09
0.3805 9.18669e-10
0.3815 3.55391e-10
0.3825 1.35053e-10
0.3835 5.04176e-11
0.3845 1.84913e-11
0.3855 6.66324e-12
0.3865 2.35919e-12
0.3875 8.20788e-13
0.3885 2.80637e-13
0.3895 9.43262e-14
0.3905 3.11931e-14
0.3915 1.01752e-14
0.3925 3.30053e-15
0.3935 1.09122e-15
0.3945 3.93608e-16
0.3955 1.77171e-16
0.3965 1.11191e-16
0.3975 9.14275e-17
0.3985 8.56105e-17
0.3995 8.39283e-17
0.4005 8.34502e-17
0.4015 8.33167e-17
0.4025 8.32801e-17
0.4035 8.32703e-17
0.4045 8.32676e-17
0.4055 8.3267e-17
0.4065 8.32668e-17
0.4075 8.32667e-17
0.4085 8.32667e-17
0.4095 8.32667e-17
0.4105 8.32667e-17
0.4115 8.32667e-17
0.4125 8.32667e-17
0.4135 8.32667e-17
0.4145 8.32667e-17
0.4155 8.32667e-17
0.4165 8.32667e-17
0.4175 8.32667e-17
0.4185 8.32667e-17
0.4195 8.32667e-17
0.4205 8.32667e-17
0.4215 8.32667e-17
0.4225 8.32667e-17
0.4235 8.32667e-17
0.4245 8.32667e-17
0.4255 8.32667e-17
0.4265 8.32667e-17
0.4275 8.32667e-17
0.4285 8.32667e-17
0.4295 8.32667e-17
0.4305 8.32667e-17
0.4315 8.32667e-17
0.4325 8.32667e-17
0.4335 8.32667e-17
0.4345 8.32667e-17
0.4355 8.32667e-17
0.4365 8.32667e-17
0.4375 8.32667e-17
0.4385 8.32667e-17
0.4395 8.32667e-17
0.4405 8.32667e-17
0.4415 8.32667e-17
0.4425 8.32667e-17
0.4435 8.32667e-17
0.4445 8.32667e-17
0.4455 8.32667e-17
0.4465 8.32667e-17
0.4475 8.32667e-17
0.4485 8.32667e-17
0.4495 8.32667e-17
0.4505 8.32667e-17
0.4515 8.32667e-17
0.4525 8.32667e-17
0.4535 8.32667e-17
0.4545 8.32667e-17
0.4555 8.32667e-17
0.4565 8.32667e-17
0.4575 8.32667e-17
0.4585 8.32667e-17
0.4595 8.32667e-17
0.4605 8.32667e-17
0.4615 8.32667e-17
0.4625 8.32667e-17
0.4635 8.32667e-17
0.4645 8.32667e-17
0.4655 8.32667e-17
0.4665 8.32667e-17
0.4675 8.32667e-17
0.4685 8.32667e-17
0.4695 8.32667e-17
0.4705 8.32667e-17
0.4715 8.32667e-17
0.4725 8.32667e-17
0.4735 8.32667e-17
0.4745 8.32667e-17
0.4755 8.32667e-17
0.4765 8.32667e-17
0.4775 8.32667e-17
0.4785 8.32667e-17
0.4795 8.32667e-17
0.4805 8.32667e-17
0.4815 8.32667e-17
0.4825 8.32667e-17
0.4835 8.32667e-17
0.4845 8.32667e-17
0.4855 8.32667e-17
0.4865 8.32667e-17
0.4875 8.32667e-17
0.4885 8.32667e-17
0.4895 8.32667e-17
0.4905 8.32667e-17
0.4915 8.32667e-17
0.4925 8.32667e-17
0.4935 8.32667e-17
0.4945 8.32667e-17
0.4955 8.32667e-17
0.4965 8.32667e-17
0.4975 8.32667e-17
0.4985 8.32667e-17
0.4995 8.32667e-17
0.5005 8.32667e-17
0.5015 8.32667e-17
0.5025 8.32667e-17
0.5035 8.32667e-17
0.5045 8.32667e-17
0.5055 8.32667e-17
0.5065 8.32667e-17
0.5075 8.32667e-17
0.5085 8.32667e-17
0.5095 8.32667e-17
0.5105 8.32667e-17
0.5115 8.32667e-17
0.5125 8.32667e-17
0.5135 8.32667e-17
0.5145 8.32667e-17
0.5155 8.32667e-17
0.5165 8.32667e-17
0.5175 8.32667e-17
0.5185 8.32667e-17
0.5195 8.32667e-17
0.5205 8.32667e-17
0.5215 8.32667e-17
0.5225 8.32667e-17
0.5235 8.32667e-17
0.5245 8.32667e-17
0.5255 8.32667e-17
0.5265 8.32667e-17
0.5275 8.32667e-17
0.5285 8.32667e-17
0.5295 8.32667e-17
0.5305 8.32667e-17
0.5315 8.32667e-17
0.5325 8.32667e-17
0.5335 8.32667e-17
0.5345 8.32667e-17
0.5355 8.32667e-17
0.5365 8.32667e-17
0.5375 8.32667e-17
0.5385 8.32667e-17
0.5395 8.32667e-17
0.5405 8.32667e-17
0.5415 8.32667e-17
0.5425 8.32667e-17
0.5435 8.32667e-17
0.5445 8.32667e-17
0.5455 8.32667e-17
0.5465 8.32667e-17
0.5475 8.32667e-17
0.5485 8.32667e-17
0.5495 8.32667e-17
0.5505 8.32667e-17
0.5515 8.32667e-17
0.5525 8.32667e-17
0.5535 8.32667e-17
0.5545 8.32667e-17
0.5555 8.32667e-17
0.5565 8.32667e-17
0.5575 8.32667e-17
0.5585 8.32667e-17
0.5595 8.32667e-17
0.5605 8.32667e-17
0.5615 8.32667e-17
0.5625 8.32667e-17
0.5635 8.32667e-17
0.5645 8.32667e-17
0.5655 8.32667e-17
0.5665 8.32667e-17
0.5675 8.32667e-17
0.5685 8.32667e-17
0.5695 8.32667e-17
0.5705 8.32667e-17
0.5715 8.32667e-17
0.5725 8.32667e-17
0.5735 8.32667e-17
0.5745 8.32667e-17
0.5755 8.32667e-17
0.5765 8.32667e-17
0.5775 8.32667e-17
0.5785 8.32667e-17
0.5795 8.32667e-17
0.5805 8.32667e-17
0.5815 8.32667e-17
0.5825 8.32667e-17
0.5835 8.32667e-17
0.5845 8.32667e-17
0.5855 8.32667e-17
0.5865 8.32667e-17
0.5875 8.32667e-17
0.5885 8.32667e-17
0.5895 8.32667e-17
0.5905 8.32667e-17
0.5915 8.32667e-17
0.5925 8.32667e-17
0.5935 8.32668e-17
0.5945 8.3267e-17
0.5955 8.32676e-17
0.5965 8.32703e-17
0.5975 8.32801e-17
0.5985 8.33167e-17
0.5995 8.34502e-17
0.6005 8.39283e-17
0.6015 8.56105e-17
0.6025 9.14275e-17
0.6035 1.11191e-16
0.6045 1.77171e-16
0.6055 3.93608e-16
0.6065 1.09122e-15
0.6075 3.30053e-15
0.6085 1.01752e-14
0.6095 3.11931e-14
0.6105 9.43262e-14
0.6115 2.80637e-13
0.6125 8.20788e-13
0.6135 2.35919e-12
0.6145 6.66324e-12
0.6155 1.84913e-11
0.6165 5.04176e-11
0.6175 1.35053e-10
0.6185 3.55391e-10
0.6195 9.18669e-10
0.6205 2.33254e-09
0.6215 5.81674e-09
0.6225 1.42454e-08
0.6235 3.42586e-08
0.6245 8.08947e-08
0.6255 1.87533e-07
0.6265 4.26764e-07
0.6275 9.53225e-07
0.6285 2.08948e-06
0.6295 4.49415e-06
0.6305 9.48322e-06
0.6315 1.96284e-05
0.6325 3.98431e-05
0.6335 7.92996e-05
0.6345 0.000154719
0.6355 0.000295849
0.6365 0.000554292
0.6375 0.00101726
0.6385 0.0018282
0.6395 0.00321644
0.6405 0.00553786
0.6415 0.00932745
0.6425 0.0153625
0.6435 0.0247308
0.6445 0.0388923
0.6455 0.0597125
0.6465 0.0888753
0.6475 0.124698
0.6485 0.164775
0.6495 0.20703
0.6505 0.25
0.6515 0.29297
0.6525 0.335225
0.6535 0.375302
0.6545 0.411125
0.6555 0.440287
0.6565 0.461108
0.6575 0.475269
0.6585 0.484638
0.6595 0.490673
0.6605 0.494462
0.6615 0.496784
0.6625 0.498172
0.6635 0.498983
0.6645 0.499446
0.6655 0.499704
0.6665 0.499845
0.6675 0.499921
0.6685 0.49996
0.6695 0.49998
0.6705 0.499991
0.6715 0.499996
0.6725 0.499998
0.6735 0.499999
0.6745 0.5
0.6755 0.5
0.6765 0.5
0.6775 0.5
0.6785 0.5
0.6795 0.5
0.6805 0.5
0.6815 0.5
0.6825 0.5
0.6835 0.5
0.6845 0.5
0.6855 0.5
0.6865 0.5
0.6875 0.5
0.6885 0.5
0.6895 0.5
0.6905 0.5
0.6915 0.5
0.6925 0.5
0.6935 0.5
0.6945 0.5
0.6955 0.5
0.6965 0.5
0.6975 0.5
0.6985 0.5
0.6995 0.5
0.7005 0.5
0.7015 0.5
0.7025 0.5
0.7035 0.5
0.7045 0.5
0.7055 0.5
0.7065 0.5
0.7075 0.5
0.7085 0.5
0.7095 0.5
0.7105 0.5
0.7115 0.5
0.7125 0.5
0.7135 0.5
0.7145 0.5
0.7155 0.5
0.7165 0.5
0.7175 0.5
0.7185 0.5
0.7195 0.5
0.7205 0.5
0.7215 0.5
0.7225 0.5
0.7235 0.5
0.7245 0.5
0.7255 0.5
0.7265 0.5
0.7275 0.5
0.7285 0.5
0.7295 0.5
0.7305 0.5
0.7315 0.5
0.7325 0.5
0.7335 0.5
0.7345 0.5
0.7355 0.5
0.7365 0.5
0.7375 0.5
0.7385 0.5
0.7395 0.5
0.7405 0.5
0.7415 0.5
0.7425 0.5
0.7435 0.5
0.7445 0.5
0.7455 0.5
0.7465 0.5
0.7475 0.5
0.7485 0.5
0.7495 0.5
0.7505 0.5
0.7515 0.5
0.7525 0.5
0.7535 0.5
0.7545 0.5
0.7555 0.5
0.7565 0.5
0.7575 0.5
0.7585 0.5
0.7595 0.5
0.7605 0.5
0.7615 0.5
0.7625 0.5
0.7635 0.5
0.7645 0.5
0.7655 0.5
0.7665 0.5
0.7675 0.5
0.7685 0.5
0.7695 0.5
0.7705 0.5
0.7715 0.5
0.7725 0.5
0.7735 0.5
0.7745 0.5
0.7755 0.5
0.7765 0.5
0.7775 0.5
0.7785 0.5
0.7795 0.5
0.7805 0.5
0.7815 0.5
0.7825 0.5
0.7835 0.5
0.7845 0.5
0.7855 0.5
0.7865 0.5
0.7875 0.5
0.7885 0.5
0.7895 0.5
0.7905 0.5
0.7915 0.5
0.7925 0.5
0.7935 0.5
0.7945 0.5
0.7955 0.5
0.7965 0.5
0.7975 0.5
0.7985 0.5
0.7995 0.5
0.8005 0.5
0.8015 0.5
0.8025 0.5
0.8035 0.5
0.8045 0.5
0.8055 0.5
0.8065 0.5
0.8075 0.5
0.8085 0.5
0.8095 0.5
0.8105 0.5
0.8115 0.5
0.8125 0.5
0.8135 0.5
0.8145 0.5
0.8155 0.5
0.8165 0.5
0.8175 0.5
0.8185 0.5
0.8195 0.5
0.8205 0.5
0.8215 0.5
0.8225 0.5
0.8235 0.5
0.8245 0.5
0.8255 0.5
0.8265 0.5
0.8275 0.499999
0.8285 0.499998
0.8295 0.499996
0.8305 0.499991
0.8315 0.49998
0.8325 0.49996
0.8335 0.499921
0.8345 0.499845
0.8355 0.499704
0.8365 0.499446
0.8375 0.498983
0.8385 0.498172
0.8395 0.496784
0.8405 0.494462
0.8415 0.490673
0.8425 0.484638
0.8435 0.475269
0.8445 0.461108
0.8455 0.440287
0.8465 0.411125
0.8475 0.375302
0.8485 0.335225
0.8495 0.29297
0.8505 0.25
0.8515 0.20703
0.8525 0.164775
0.8535 0.124698
0.8545 0.0888753
0.8555 0.0597125
0.8565 0.0388923
0.8575 0.0247308
0.8585 0.0153625
0.8595 0.00932745
0.8605 0.00553786
0.8615 0.00321644
0.8625 0.0018282
0.8635 0.00101726
0.8645 0.000554292
0.8655 0.000295849
0.8665 0.000154719
0.8675 7.92996e-05
0.8685 3.98431e-05
0.8695 1.96284e-05
0.8705 9.48322e-06
0.8715 4.49415e-06
0.8725 2.08948e-06
0.8735 9.53225e-07
0.8745 4.26764e-07
0.8755 1.87533e-07
0.8765 8.08947e-08
0.8775 3.42586e-08
0.8785 1.42454e-08
0.8795 5.81674e-09
0.8805 2.33254e-09
0.8815 9.18669e-10
0.8825 3.55391e-10
0.8835 1.35053e-10
0.8845 5.04175e-11
0.8855 1.84912e-11
0.8865 6.66314e-12
0.8875 2.35909e-12
0.8885 8.2069e-13
0.8895 2.80539e-13
0.8905 9.42282e-14
0.8915 3.10952e-14
0.8925 1.00772e-14
0.8935 3.20255e-15
0.8945 9.9324e-16
0.8955 2.95629e-16
0.8965 7.91924e-17
0.8975 1.32121e-17
0.8985 -6.55163e-18
0.8995 -1.23686e-17
0.9005 -1.40508e-17
0.9015 -1.45289e-17
0.9025 -1.46623e-17
0.9035 -1.4699e-17
0.9045 -1.47088e-17
0.9055 -1.47114e-17
0.9065 -1.47121e-17
0.9075 -1.47123e-17
0.9085 -1.47123e-17
0.9095 -1.47123e-17
0.9105 -1.47124e-17
0.9115 -1.47124e-17
0.9125 -1.47124e-17
0.9135 -1.47124e-17
0.9145 -1.47124e-17
0.9155 -1.47124e-17
0.9165 -1.47124e-17
0.9175 -1.47124e-17
0.9185 -1.47124e-17
0.9195 -1.47124e-17
0.9205 -1.47124e-17
0.9215 -1.47124e-17
0.9225 -1.47124e-17
0.9235 -1.47124e-17
0.9245 -1.47124e-17
0.9255 -1.47124e-17
0.9265 -1.47124e-17
0.9275 -1.47124e-17
0.9285 -1.47124e-17
0.9295 -1.47124e-17
0.9305 -1.47124e-17
0.9315 -1.47124e-17
0.9325 -1.47124e-17
0.9335 -1.47124e-17
0.9345 -1.47124e-17
0.9355 -1.47124e-17
0.9365 -1.47124e-17
0.9375 -1.47124e-17
0.9385 -1.47124e-17
0.9395 -1.47124e-17
0.9405 -1.47124e-17
0.9415 -1.47124e-17
0.9425 -1.47124e-17
0.9435 -1.47124e-17
0.9445 -1.47124e-17
0.9455 -1.47124e-17
0.9465 -1.47124e-17
0.9475 -1.47124e-17
0.9485 -1.47124e-17
0.9495 -1.47124e-17
0.9505 -1.47124e-17
0.9515 -1.47124e-17
0.9525 -1.47124e-17
0.9535 -1.47124e-17
0.9545 -1.47124e-17
0.9555 -1.47124e-17
0.9565 -1.47124e-17
0.9575 -1.47124e-17
0.9585 -1.47124e-17
0.9595 -1.47124e-17
0.9605 -1.47124e-17
0.9615 -1.47124e-17
0.9625 -1.47124e-17
0.9635 -1.47124e-17
0.9645 -1.47124e-17
0.9655 -1.47124e-17
0.9665 -1.47124e-17
0.9675 -1.47124e-17
0.9685 -1.47124e-17
0.9695 -1.47124e-17
0.9705 -1.47124e-17
0.9715 -1.47124e-17
0.9725 -1.47124e-17
0.9735 -1.47124e-17
0.9745 -1.47124e-17
0.9755 -1.47124e-17
0.9765 -1.47124e-17
0.9775 -1.47124e-17
0.9785 -1.47124e-17
0.9795 -1.47124e-17
0.9805 -1.47124e-17
0.9815 -1.47124e-17
0.9825 -1.47124e-17
0.9835 -1.47124e-17
0.9845 -1.47124e-17
0.9855 -1.47124e-17
0.9865 -1.47124e-17
0.9875 -1.47124e-17
0.9885 -1.47124e-17
0.9895 -1.47124e-17
0.9905 -1.47124e-17
0.9915 -1.47124e-17
0.9925 -1.47124e-17
0.9935 -1.47124e-17
0.9945 -1.47124e-17
0.9955 -1.47124e-17
0.9965 -1.47124e-17
0.9975 -1.47124e-17
0.9985 -1.47124e-17
0.9995 -1.47124e-17

# time= 1
0.0005 -0.001
0.0015 -0.001
0.0025 -0.001
0.0035 -0.001
0.0045 -0.001
0.0055 -0.001
0.0065 -0.001
0.0075 -0.001
0.0085 -0.001
0.0095 -0.001
0.0105 -0.001
0.0115 -0.001
0.0125 -0.001
0.0135 -0.001
0.0145 -0.001
0.0155 -0.001
0.0165 -0.001
0.0175 -0.001
0.0185 -0.001
0.0195 -0.001
0.0205 -0.001
0.0215 -0.001
0.0225 -0.001
0.0235 -0.001
0.0245 -0.001
0.0255 -0.001
0.0265 -0.001
0.0275 -0.001
0.0285 -0.001
0.0295 -0.001
0.0305 -0.001
0.0315 -0.001
0.0325 -0.001
0.0335 -0.001
0.0345 -0.001
0.0355 -0.001
0.0365 -0.001
0.0375 -0.001
0.0385 -0.001
0.0395 -0.001
0.0405 -0.001
0.0415 -0.001
0.0425 -0.001
0.0435 -0.001
0.0445 -0.001
0.0455 -0.001
0.0465 -0.001
0.0475 -0.001
0.0485 -0.001
0.0495 -0.001
0.0505 -0.001
0.0515 -0.001
0.0525 -0.001
0.0535 -0.001
0.0545 -0.001
0.0555 -0.001
0.0565 -0.001
0.0575 -0.001
0.0585 -0.001
0.0595 -0.001
0.0605 -0.001
0.0615 -0.001
0.0625 -0.001
0.0635 -0.001
0.0645 -0.001
0.0655 -0.001
0.0665 -0.001
0.0675 -0.001
0.0685 -0.001
0.0695 -0.001
0.0705 -0.001
0.0715 -0.001
0.0725 -0.001
0.0735 -0.001
0.0745 -0.001
0.0755 -0.001
0.0765 -0.001
0.0775 -0.001
0.0785 -0.001
0.0795 -0.001
0.0805 -0.001
0.0815 -0.001
0.0825 -0.001
0.0835 -0.001
0.0845 -0.001
0.0855 -0.001
0.0865 -0.001
0.0875 -0.001
0.0885 -0.001
0.0895 -0.001
0.0905 -0.001
0.0915 -0.001
0.0925 -0.001
0.0935 -0.001
0.0945 -0.001
0.0955 -0.001
0.0965 -0.001
0.0975 -0.001
0.0985 -0.001
0.0995 -0.001
0.1005 -0.001
0.1015 -0.001
0.1025 -0.001
0.1035 -0.001
0.1045 -0.001
0.1055 -0.001
0.1065 -0.001
0.1075 -0.001
0.1085 -0.001
0.1095 -0.001
0.1105 -0.001
0.1115 -0.001
0.1125 -0.001
0.1135 -0.001
0.1145 -0.001
0.1155 -0.001
0.1165 -0.001
0.1175 -0.001
0.1185 -0.001
0.1195 -0.001
0.1205 -0.001
0.1215 -0.001
0.1225 -0.001
0.1235 -0.001
0.1245 -0.001
0.1255 -0.001
0.1265 -0.001
0.1275 -0.001
0.1285 -0.001
0.1295 -0.001
0.1305 -0.001
0.1315 -0.001
0.1325 -0.001
0.1335 -0.001
0.1345 -0.001
0.1355 -0.001
0.1365 -0.001
0.1375 -0.001
0.1385 -0.001
0.1395 -0.001
0.1405 -0.001
0.1415 -0.001
0.1425 -0.001
0.1435 -0.001
0.1445 -0.001
0.1455 -0.001
0.1465 -0.001
0.1475 -0.001
0.1485 -0.001
0.1495 -0.001
0.1505 -0.001
0.1515 -0.001
0.1525 -0.001
0.1535 -0.001
0.1545 -0.001
0.1555 -0.001
0.1565 -0.001
0.1575 -0.001
0.1585 -0.001
0.1595 -0.001
0.1605 -0.001
0.1615 -0.001
0.1625 -0.001
0.1635 -0.001
0.1645 -0.001
0.1655 -0.001
0.1665 -0.001
0.1675 -0.001
0.1685 -0.001
0.1695 -0.001
0.1705 -0.001
0.1715 -0.001
0.1725 -0.001
0.1735 -0.001
0.1745 -0.001
0.1755 -0.001
0.1765 -0.001
0.1775 -0.001
0.1785 -0.001
0.1795 -0.001
0.1805 -0.001
0.1815 -0.001
0.1825 -0.001
0.1835 -0.001
0.1845 -0.001
0.1855 -0.001
0.1865 -0.001
0.1875 -0.001
0.1885 -0.001
0.1895 -0.001
0.1905 -0.001
0.1915 -0.001
0.1925 -0.001
0.1935 -0.001
0.1945 -0.001
0.1955 -0.001
0.1965 -0.001
0.1975 -0.001
0.1985 -0.001
0.1995 -0.001
0.2005 -0.001
0.2015 -0.001
0.2025 -0.001
0.2035 -0.001
0.2045 -0.001
0.2055 -0.001
0.2065 -0.001
0.2075 -0.001
0.2085 -0.001
0.2095 -0.001
0.2105 -0.001
0.2115 -0.001
0.2125 -0.001
0.2135 -0.001
0.2145 -0.001
0.2155 -0.001
0.2165 -0.001
0.2175 -0.001
0.2185 -0.001
0.2195 -0.001
0.2205 -0.001
0.2215 -0.001
0.2225 -0.001
0.2235 -0.001
0.2245 -0.001
0.2255 -0.001
0.2265 -0.001
0.2275 -0.001
0.2285 -0.001
0.2295 -0.001
0.2305 -0.001
0.2315 -0.001
0.2325 -0.001
0.2335 -0.001
0.2345 -0.001
0.2355 -0.001
0.2365 -0.001
0.2375 -0.001
0.2385 -0.001
0.2395 -0.001
0.2405 -0.001
0.2415 -0.001
0.2425 -0.001
0.2435 -0.001
0.2445 -0.001
0.2455 -0.001
0.2465 -0.001
0.2475 -0.001
0.2485 -0.001
0.2495 -0.001
0.2505 -0.001
0.2515 -0.001
0.2525 -0.001
0.2535 -0.001
0.2545 -0.001
0.2555 -0.001
0.2565 -0.001
0.2575 -0.001
0.2585 -0.001
0.2595 -0.001
0.2605 -0.001
0.2615 -0.001
0.2625 -0.001
0.2635 -0.001
0.2645 -0.001
0.2655 -0.001
0.2665 -0.001
0.2675 -0.001
0.2685 -0.001
0.2695 -0.001
0.2705 -0.001
0.2715 -0.001
0.2725 -0.001
0.2735 -0.001
0.2745 -0.001
0.2755 -0.001
0.2765 -0.001
0.2775 -0.001
0.2785 -0.001
0.2795 -0.001
0.2805 -0.001
0.2815 -0.001
0.2825 -0.001
0.2835 -0.001
0.2845 -0.001
0.2855 -0.001
0.2865 -0.001
0.2875 -0.001
0.2885 -0.001
0.2895 -0.001
0.2905 -0.001
0.2915 -0.001
0.2925 -0.001
0.2935 -0.001
0.2945 -0.001
0.2955 -0.001
0.2965 -0.001
0.2975 -0.001
0.2985 -0.001
0.2995 -0.001
0.3005 -0.001
0.3015 -0.001
0.3025 -0.001
0.3035 -0.001
0.3045 -0.001
0.3055 -0.001
0.3065 -0.001
0.3075 -0.001
0.3085 -0.001
0.3095 -0.001
0.3105 -0.001
0.3115 -0.001
0.3125 -0.001
0.3135 -0.001
0.3145 -0.001
0.3155 -0.001
0.3165 -0.001
0.3175 -0.001
0.3185 -0.001
0.3195 -0.001
0.3205 -0.001
0.3215 -0.001
0.3225 -0.001
0.3235 -0.001
0.3245 -0.001
0.3255 -0.001
0.3265 -0.001
0.3275 -0.001
0.3285 -0.001
0.3295 -0.001
0.3305 -0.001
0.3315 -0.001
0.3325 -0.001
0.3335 -0.001
0.3345 -0.001
0.3355 -0.001
0.3365 -0.001
0.3375 -0.001
0.3385 -0.001
0.3395 -0.001
0.3405 -0.001
0.3415 -0.001
0.3425 -0.001
0.3435 -0.001
0.3445 -0.001
0.3455 -0.001
0.3465 -0.001
0.3475 -0.001
0.3485 -0.001
0.3495 -0.001
0.3505 -0.001
0.3515 -0.001
0.3525 -0.001
0.3535 -0.001
0.3545 -0.001
0.3555 -0.001
0.3565 -0.001
0.3575 -0.001
0.3585 -0.001
0.3595 -0.001
0.3605 -0.001
0.3615 -0.001
0.3625 -0.001
0.3635 -0.001
0.3645 -0.000999999
0.3655 -0.000999997
0.3665 -0.000999994
0.3675 -0.000999986
0.3685 -0.000999969
0.3695 -0.000999932
0.3705 -0.000999853
0.3715 -0.000999687
0.3725 -0.000999343
0.3735 -0.000998642
0.3745 -0.000997232
0.3755 -0.000994443
0.3765 -0.000989011
0.3775 -0.000978596
0.3785 -0.000958945
0.3795 -0.000922462
0.3805 -0.000855833
0.3815 -0.000736158
0.3825 -0.000524806
0.3835 -0.00015791
0.3845 0.000467968
0.3855 0.0015168
0.3865 0.00324277
0.3875 0.00603091
0.3885 0.0104503
0.3895 0.0173204
0.3905 0.0277895
0.3915 0.0434179
0.3925 0.0662566
0.3935 0.0989002
0.3945 0.144485
0.3955 0.203026
0.3965 0.270906
0.3975 0.344639
0.3985 0.421335
0.3995 0.499
0.4005 0.576665
0.4015 0.653361
0.4025 0.727094
0.4035 0.794974
0.4045 0.853515
0.4055 0.8991
0.4065 0.931743
0.4075 0.954582
0.4085 0.97021
0.4095 0.98068
0.4105 0.98755
0.4115 0.991969
0.4125 0.994757
0.4135 0.996483
0.4145 0.997532
0.4155 0.998158
0.4165 0.998525
0.4175 0.998736
0.4185 0.998856
0.4195 0.998922
0.4205 0.998959
0.4215 0.998979
0.4225 0.998989
0.4235 0.998994
0.4245 0.998997
0.4255 0.998999
0.4265 0.998999
0.4275 0.999
0.4285 0.999
0.4295 0.999
0.4305 0.999
0.4315 0.999
0.4325 0.999
0.4335 0.999
0.4345 0.999
0.4355 0.999
0.4365 0.999
0.4375 0.999
0.4385 0.999
0.4395 0.999
0.4405 0.999
0.4415 0.999
0.4425 0.999
0.4435 0.999
0.4445 0.999
0.4455 0.999
0.4465 0.999
0.4475 0.999
0.4485 0.999
0.4495 0.999
0.4505 0.999
0.4515 0.999
0.4525 0.999
0.4535 0.999
0.4545 0.999
0.4555 0.999
0.4565 0.999
0.4575 0.999
0.4585 0.999
0.4595 0.999
0.4605 0.999
0.4615 0.999
0.4625 0.999
0.4635 0.999
0.4645 0.999
0.4655 0.999
0.4665 0.999
0.4675 0.999
0.4685 0.999
0.4695 0.999
0.4705 0.999
0.4715 0.999
0.4725 0.999
0.4735 0.999
0.4745 0.999
0.4755 0.999
0.4765 0.999
0.4775 0.999
0.4785 0.999
0.4795 0.999
0.4805 0.999
0.4815 0.999
0.4825 0.999
0.4835 0.999
0.4845 0.999
0.4855 0.999
0.4865 0.999
0.4875 0.999
0.4885 0.999
0.4895 0.999
0.4905 0.999
0.4915 0.999
0.4925 0.999
0.4935 0.999
0.4945 0.999
0.4955 0.999
0.4965 0.999
0.4975 0.999
0.4985 0.999
0.4995 0.999
0.5005 0.999
0.5015 0.999
0.5025 0.999
0.5035 0.999
0.5045 0.999
0.5055 0.999
0.5065 0.999
0.5075 0.999
0.5085 0.999
0.5095 0.999
0.5105 0.999
0.5115 0.999
0.5125 0.999
0.5135 0.999
0.5145 0.999
0.5155 0.999
0.5165 0.999
0.5175 0.999
0.5185 0.999
0.5195 0.999
0.5205 0.999
0.5215 0.999
0.5225 0.999
0.5235 0.999
0.5245 0.999
0.5255 0.999
0.5265 0.999
0.5275 0.999
0.5285 0.999
0.5295 0.999
0.5305 0.999
0.5315 0.999
0.5325 0.999
0.5335 0.999
0.5345 0.999
0.5355 0.999
0.5365 0.999
0.5375 0.999
0.5385 0.999
0.5395 0.999
0.5405 0.999
0.5415 0.999
0.5425 0.999
0.5435 0.999
0.5445 0.999
0.5455 0.999
0.5465 0.999
0.5475 0.999
0.5485 0.999
0.5495 0.999
0.5505 0.999
0.5515 0.999
0.5525 0.999
0.5535 0.999
0.5545 0.999
0.5555 0.999
0.5565 0.999
0.5575 0.999
0.5585 0.999
0.5595 0.999
0.5605 0.999
0.5615 0.999
0.5625 0.999
0.5635 0.999
0.5645 0.999
0.5655 0.999
0.5665 0.999
0.5675 0.999
0.5685 0.999
0.5695 0.999
0.5705 0.999
0.5715 0.999
0.5725 0.999
0.5735 0.998999
0.5745 0.998999
0.5755 0.998997
0.5765 0.998994
0.5775 0.998989
0.5785 0.998979
0.5795 0.998959
0.5805 0.998922
0.5815 0.998856
0.5825 0.998736
0.5835 0.998525
0.5845 0.998158
0.5855 0.997532
0.5865 0.996483
0.5875 0.994757
0.5885 0.991969
0.5895 0.98755
0.5905 0.98068
0.5915 0.97021
0.5925 0.954582
0.5935 0.931743
0.5945 0.8991
0.5955 0.853515
0.5965 0.794974
0.5975 0.727094
0.5985 0.653361
0.5995 0.576665
0.6005 0.499
0.6015 0.421335
0.6025 0.344639
0.6035 0.270906
0.6045 0.203026
0.6055 0.144485
0.6065 0.0989002
0.6075 0.0662566
0.6085 0.0434179
0.6095 0.0277895
0.6105 0.0173204
0.6115 0.0104503
0.6125 0.00603091
0.6135 0.00324277
0.6145 0.0015168
0.6155 0.000467968
0.6165 -0.00015791
0.6175 -0.000524806
0.6185 -0.000736158
0.6195 -0.000855833
0.6205 -0.000922462
0.6215 -0.000958945
0.6225 -0.000978596
0.6235 -0.000989011
0.6245 -0.000994443
0.6255 -0.000997232
0.6265 -0.000998642
0.6275 -0.000999343
0.6285 -0.000999687
0.6295 -0.000999853
0.6305 -0.000999932
0.6315 -0.000999969
0.6325 -0.000999986
0.6335 -0.000999994
0.6345 -0.000999997
0.6355 -0.000999999
0.6365 -0.001
0.6375 -0.001
0.6385 -0.001
0.6395 -0.001
0.6405 -0.001
0.6415 -0.001
0.6425 -0.001
0.6435 -0.001
0.6445 -0.001
0.6455 -0.001
0.6465 -0.001
0.6475 -0.001
0.6485 -0.001
0.6495 -0.001
0.6505 -0.001
0.6515 -0.001
0.6525 -0.001
0.6535 -0.001
0.6545 -0.001
0.6555 -0.001
0.6565 -0.001
0.6575 -0.001
0.6585 -0.001
0.6595 -0.001
0.6605 -0.001
0.6615 -0.001
0.6625 -0.001
0.6635 -0.001
0.6645 -0.001
0.6655 -0.001
0.6665 -0.001
0.6675 -0.001
0.6685 -0.001
0.6695 -0.001
0.6705 -0.001
0.6715 -0.001
0.6725 -0.001
0.6735 -0.001
0.6745 -0.001
0.6755 -0.001
0.6765 -0.001
0.6775 -0.001
0.6785 -0.001
0.6795 -0.001
0.6805 -0.001
0.6815 -0.001
0.6825 -0.001
0.6835 -0.001
0.6845 -0.001
0.6855 -0.001
0.6865 -0.001
0.6875 -0.001
0.6885 -0.001
0.6895 -0.001
0.6905 -0.001
0.6915 -0.001
0.6925 -0.001
0.6935 -0.001
0.6945 -0.001
0.6955 -0.001
0.6965 -0.001
0.6975 -0.001
0.6985 -0.001
0.6995 -0.001
0.7005 -0.001
0.7015 -0.001
0.7025 -0.001
0.7035 -0.001
0.7045 -0.001
0.7055 -0.001
0.7065 -0.001
0.7075 -0.001
0.7085 -0.001
0.7095 -0.001
0.7105 -0.001
0.7115 -0.001
0.7125 -0.001
0.7135 -0.001
0.7145 -0.001
0.7155 -0.001
0.7165 -0.001
0.7175 -0.001
0.7185 -0.001
0.7195 -0.001
0.7205 -0.001
0.7215 -0.001
0.7225 -0.001
0.7235 -0.001
0.7245 -0.001
0.7255 -0.001
0.7265 -0.001
0.7275 -0.001
0.7285 -0.001
0.7295 -0.001
0.7305 -0.001
0.7315 -0.001
0.7325 -0.001
0.7335 -0.001
0.7345 -0.001
0.7355 -0.001
0.7365 -0.001
0.7375 -0.001
0.7385 -0.001
0.7395 -0.001
0.7405 -0.001
0.7415 -0.001
0.7425 -0.001
0.7435 -0.001
0.7445 -0.001
0.7455 -0.001
0.7465 -0.001
0.7475 -0.001
0.7485 -0.001
0.7495 -0.001
0.7505 -0.001
0.7515 -0.001
0.7525 -0.001
0.7535 -0.001
0.7545 -0.001
0.7555 -0.001
0.7565 -0.001
0.7575 -0.001
0.7585 -0.001
0.7595 -0.001
0.7605 -0.001
0.7615 -0.001
0.7625 -0.001
0.7635 -0.001
0.7645 -0.001
0.7655 -0.001
0.7665 -0.001
0.7675 -0.001
0.7685 -0.001
0.7695 -0.001
0.7705 -0.001
0.7715 -0.001
0.7725 -0.001
0.7735 -0.001
0.7745 -0.001
0.7755 -0.001
0.7765 -0.001
0.7775 -0.001
0.7785 -0.001
0.7795 -0.001
0.7805 -0.001
0.7815 -0.001
0.7825 -0.001
0.7835 -0.001
0.7845 -0.001
0.7855 -0.001
0.7865 -0.001
0.7875 -0.001
0.7885 -0.001
0.7895 -0.001
0.7905 -0.001
0.7915 -0.001
0.7925 -0.001
0.7935 -0.001
0.7945 -0.001
0.7955 -0.001
0.7965 -0.001
0.7975 -0.001
0.7985 -0.001
0.7995 -0.001
0.8005 -0.001
0.8015 -0.001
0.8025 -0.001
0.8035 -0.001
0.8045 -0.001
0.8055 -0.001
0.8065 -0.001
0.8075 -0.001
0.8085 -0.001
0.8095 -0.001
0.8105 -0.001
0.8115 -0.001
0.8125 -0.001
0.8135 -0.001
0.8145 -0.001
0.8155 -0.001
0.8165 -0.001
0.8175 -0.001
0.8185 -0.001
0.8195 -0.001
0.8205 -0.001
0.8215 -0.001
0.8225 -0.001
0.8235 -0.001
0.8245 -0.001
0.8255 -0.001
0.8265 -0.001
0.8275 -0.001
0.8285 -0.001
0.8295 -0.001
0.8305 -0.001
0.8315 -0.001
0.8325 -0.001
0.8335 -0.001
0.8345 -0.001
0.8355 -0.001
0.8365 -0.001
0.8375 -0.001
0.8385 -0.001
0.8395 -0.001
0.8405 -0.001
0.8415 -0.001
0.8425 -0.001
0.8435 -0.001
0.8445 -0.001
0.8455 -0.001
0.8465 -0.001
0.8475 -0.001
0.8485 -0.001
0.8495 -0.001
0.8505 -0.001
0.8515 -0.001
0.8525 -0.001
0.8535 -0.001
0.8545 -0.001
0.8555 -0.001
0.8565 -0.001
0.8575 -0.001
0.8585 -0.001
0.8595 -0.001
0.8605 -0.001
0.8615 -0.001
0.8625 -0.001
0.8635 -0.001
0.8645 -0.001
0.8655 -0.001
0.8665 -0.001
0.8675 -0.001
0.8685 -0.001
0.8695 -0.001
0.8705 -0.001
0.8715 -0.001
0.8725 -0.001
0.8735 -0.001
0.8745 -0.001
0.8755 -0.001
0.8765 -0.001
0.8775 -0.001
0.8785 -0.001
0.8795 -0.001
0.8805 -0.001
0.8815 -0.001
0.8825 -0.001
0.8835 -0.001
0.8845 -0.001
0.8855 -0.001
0.8865 -0.001
0.8875 -0.001
0.8885 -0.001
0.8895 -0.001
0.8905 -0.001
0.8915 -0.001
0.8925 -0.001
0.8935 -0.001
0.8945 -0.001
0.8955 -0.001
0.8965 -0.001
0.8975 -0.001
0.8985 -0.001
0.8995 -0.001
0.9005 -0.001
0.9015 -0.001
0.9025 -0.001
0.9035 -0.001
0.9045 -0.001
0.9055 -0.001
0.9065 -0.001
0.9075 -0.001
0.9085 -0.001
0.9095 -0.001
0.9105 -0.001
0.9115 -0.001
0.9125 -0.001
0.9135 -0.001
0.9145 -0.001
0.9155 -0.001
0.9165 -0.001
0.9175 -0.001
0.9185 -0.001
0.9195 -0.001
0.9205 -0.001
0.9215 -0.001
0.9225 -0.001
0.9235 -0.001
0.9245 -0.001
0.9255 -0.001
0.9265 -0.001
0.9275 -0.001
0.9285 -0.001
0.9295 -0.001
0.9305 -0.001
0.9315 -0.001
0.9325 -0.001
0.9335 -0.001
0.9345 -0.001
0.9355 -0.001
0.9365 -0.001
0.9375 -0.001
0.9385 -0.001
0.9395 -0.001
0.9405 -0.001
0.9415 -0.001
0.9425 -0.001
0.9435 -0.001
0.9445 -0.001
0.9455 -0.001
0.9465 -0.001
0.9475 -0.001
0.9485 -0.001
0.9495 -0.001
0.9505 -0.001
0.9515 -0.001
0.9525 -0.001
0.9535 -0.001
0.9545 -0.001
0.9555 -0.001
0.9565 -0.001
0.9575 -0.001
0.9585 -0.001
0.9595 -0.001
0.9605 -0.001
0.9615 -0.001
0.9625 -0.001
0.9635 -0.001
0.9645 -0.001
0.9655 -0.001
0.9665 -0.001
0.9675 -0.001
0.9685 -0.001
0.9695 -0.001
0.9705 -0.001
0.9715 -0.001
0.9725 -0.001
0.9735 -0.001
0.9745 -0.001
0.9755 -0.001
0.9765 -0.001
0.9775 -0.001
0.9785 -0.001
0.9795 -0.001
0.9805 -0.001
0.9815 -0.001
0.9825 -0.001
0.9835 -0.001
0.9845 -0.001
0.9855 -0.001
0.9865 -0.001
0.9875 -0.001
0.9885 -0.001
0.9895 -0.001
0.9905 -0.001
0.9915 -0.001
0.9925 -0.001
0.9935 -0.001
0.9945 -0.001
0.9955 -0.001
0.9965 -0.001
0.9975 -0.001
0.9985 -0.001
0.9995 -0.001
