
# time= 0
0.0005 0
0.0015 0
0.0025 0
0.0035 0
0.0045 0
0.0055 0
0.0065 0
0.0075 0
0.0085 0
0.0095 0
0.0105 0
0.0115 0
0.0125 0
0.0135 0
0.0145 0
0.0155 0
0.0165 0
0.0175 0
0.0185 0
0.0195 0
0.0205 0
0.0215 0
0.0225 0
0.0235 0
0.0245 0
0.0255 0
0.0265 0
0.0275 0
0.0285 0
0.0295 0
0.0305 0
0.0315 0
0.0325 0
0.0335 0
0.0345 0
0.0355 0
0.0365 0
0.0375 0
0.0385 0
0.0395 0
0.0405 0
0.0415 0
0.0425 0
0.0435 0
0.0445 0
0.0455 0
0.0465 0
0.0475 0
0.0485 0
0.0495 0
0.0505 0
0.0515 0
0.0525 0
0.0535 0
0.0545 0
0.0555 0
0.0565 0
0.0575 0
0.0585 0
0.0595 0
0.0605 0
0.0615 0
0.0625 0
0.0635 0
0.0645 0
0.0655 0
0.0665 0
0.0675 0
0.0685 0
0.0695 0
0.0705 0
0.0715 0
0.0725 0
0.0735 0
0.0745 0
0.0755 0
0.0765 0
0.0775 0
0.0785 0
0.0795 0
0.0805 0
0.0815 0
0.0825 0
0.0835 0
0.0845 0
0.0855 0
0.0865 0
0.0875 0
0.0885 0
0.0895 0
0.0905 0
0.0915 0
0.0925 0
0.0935 0
0.0945 0
0.0955 0
0.0965 0
0.0975 0
0.0985 0
0.0995 0
0.1005 0
0.1015 0
0.1025 0
0.1035 0
0.1045 0
0.1055 0
0.1065 0
0.1075 0
0.1085 0
0.1095 0
0.1105 0
0.1115 0
0.1125 0
0.1135 0
0.1145 0
0.1155 0
0.1165 0
0.1175 0
0.1185 0
0.1195 0
0.1205 0
0.1215 0
0.1225 0
0.1235 0
0.1245 0
0.1255 0
0.1265 0
0.1275 0
0.1285 0
0.1295 0
0.1305 0
0.1315 0
0.1325 0
0.1335 0
0.1345 0
0.1355 0
0.1365 0
0.1375 0
0.1385 0
0.1395 0
0.1405 0
0.1415 0
0.1425 0
0.1435 0
0.1445 0
0.1455 0
0.1465 0
0.1475 0
0.1485 0
0.1495 0
0.1505 0
0.1515 0
0.1525 0
0.1535 0
0.1545 0
0.1555 0
0.1565 0
0.1575 0
0.1585 0
0.1595 0
0.1605 0
0.1615 0
0.1625 0
0.1635 0
0.1645 0
0.1655 0
0.1665 0
0.1675 0
0.1685 0
0.1695 0
0.1705 0
0.1715 0
0.1725 0
0.1735 0
0.1745 0
0.1755 0
0.1765 0
0.1775 0
0.1785 0
0.1795 0
0.1805 0
0.1815 0
0.1825 0
0.1835 0
0.1845 0
0.1855 0
0.1865 0
0.1875 0
0.1885 0
0.1895 0
0.1905 0
0.1915 0
0.1925 0
0.1935 0
0.1945 0
0.1955 0
0.1965 0
0.1975 0
0.1985 0
0.1995 0
0.2005 0
0.2015 0
0.2025 0
0.2035 0
0.2045 0
0.2055 0
0.2065 0
0.2075 0
0.2085 0
0.2095 0
0.2105 0
0.2115 0
0.2125 0
0.2135 0
0.2145 0
0.2155 0
0.2165 0
0.2175 0
0.2185 0
0.2195 0
0.2205 0
0.2215 0
0.2225 0
0.2235 0
0.2245 0
0.2255 0
0.2265 0
0.2275 0
0.2285 0
0.2295 0
0.2305 0
0.2315 0
0.2325 0
0.2335 0
0.2345 0
0.2355 0
0.2365 0
0.2375 0
0.2385 0
0.2395 0
0.2405 0
0.2415 0
0.2425 0
0.2435 0
0.2445 0
0.2455 0
0.2465 0
0.2475 0
0.2485 0
0.2495 0
0.2505 0
0.2515 0
0.2525 0
0.2535 0
0.2545 0
0.2555 0
0.2565 0
0.2575 0
0.2585 0
0.2595 0
0.2605 0
0.2615 0
0.2625 0
0.2635 0
0.2645 0
0.2655 0
0.2665 0
0.2675 0
0.2685 0
0.2695 0
0.2705 0
0.2715 0
0.2725 0
0.2735 0
0.2745 0
0.2755 0
0.2765 0
0.2775 0
0.2785 0
0.2795 0
0.2805 0
0.2815 0
0.2825 0
0.2835 0
0.2845 0
0.2855 0
0.2865 0
0.2875 0
0.2885 0
0.2895 0
0.2905 0
0.2915 0
0.2925 0
0.2935 0
0.2945 0
0.2955 0
0.2965 0
0.2975 0
0.2985 0
0.2995 0
0.3005 0
0.3015 0
0.3025 0
0.3035 0
0.3045 0
0.3055 0
0.3065 0
0.3075 0
0.3085 0
0.3095 0
0.3105 0
0.3115 0
0.3125 0
0.3135 0
0.3145 0
0.3155 0
0.3165 0
0.3175 0
0.3185 0
0.3195 0
0.3205 0
0.3215 0
0.3225 0
0.3235 0
0.3245 0
0.3255 0
0.3265 0
0.3275 0
0.3285 0
0.3295 0
0.3305 0
0.3315 0
0.3325 0
0.3335 0
0.3345 0
0.3355 0
0.3365 0
0.3375 0
0.3385 0
0.3395 0
0.3405 0
0.3415 0
0.3425 0
0.3435 0
0.3445 0
0.3455 0
0.3465 0
0.3475 0
0.3485 0
0.3495 0
0.3505 0
0.3515 0
0.3525 0
0.3535 0
0.3545 0
0.3555 0
0.3565 0
0.3575 0
0.3585 0
0.3595 0
0.3605 0
0.3615 0
0.3625 0
0.3635 0
0.3645 0
0.3655 0
0.3665 0
0.3675 0
0.3685 0
0.3695 0
0.3705 0
0.3715 0
0.3725 0
0.3735 0
0.3745 0
0.3755 0
0.3765 0
0.3775 0
0.3785 0
0.3795 0
0.3805 0
0.3815 0
0.3825 0
0.3835 0
0.3845 0
0.3855 0
0.3865 0
0.3875 0
0.3885 0
0.3895 0
0.3905 0
0.3915 0
0.3925 0
0.3935 0
0.3945 0
0.3955 0
0.3965 0
0.3975 0
0.3985 0
0.3995 0
0.4005 1
0.4015 1
0.4025 1
0.4035 1
0.4045 1
0.4055 1
0.4065 1
0.4075 1
0.4085 1
0.4095 1
0.4105 1
0.4115 1
0.4125 1
0.4135 1
0.4145 1
0.4155 1
0.4165 1
0.4175 1
0.4185 1
0.4195 1
0.4205 1
0.4215 1
0.4225 1
0.4235 1
0.4245 1
0.4255 1
0.4265 1
0.4275 1
0.4285 1
0.4295 1
0.4305 1
0.4315 1
0.4325 1
0.4335 1
0.4345 1
0.4355 1
0.4365 1
0.4375 1
0.4385 1
0.4395 1
0.4405 1
0.4415 1
0.4425 1
0.4435 1
0.4445 1
0.4455 1
0.4465 1
0.4475 1
0.4485 1
0.4495 1
0.4505 1
0.4515 1
0.4525 1
0.4535 1
0.4545 1
0.4555 1
0.4565 1
0.4575 1
0.4585 1
0.4595 1
0.4605 1
0.4615 1
0.4625 1
0.4635 1
0.4645 1
0.4655 1
0.4665 1
0.4675 1
0.4685 1
0.4695 1
0.4705 1
0.4715 1
0.4725 1
0.4735 1
0.4745 1
0.4755 1
0.4765 1
0.4775 1
0.4785 1
0.4795 1
0.4805 1
0.4815 1
0.4825 1
0.4835 1
0.4845 1
0.4855 1
0.4865 1
0.4875 1
0.4885 1
0.4895 1
0.4905 1
0.4915 1
0.4925 1
0.4935 1
0.4945 1
0.4955 1
0.4965 1
0.4975 1
0.4985 1
0.4995 1
0.5005 1
0.5015 1
0.5025 1
0.5035 1
0.5045 1
0.5055 1
0.5065 1
0.5075 1
0.5085 1
0.5095 1
0.5105 1
0.5115 1
0.5125 1
0.5135 1
0.5145 1
0.5155 1
0.5165 1
0.5175 1
0.5185 1
0.5195 1
0.5205 1
0.5215 1
0.5225 1
0.5235 1
0.5245 1
0.5255 1
0.5265 1
0.5275 1
0.5285 1
0.5295 1
0.5305 1
0.5315 1
0.5325 1
0.5335 1
0.5345 1
0.5355 1
0.5365 1
0.5375 1
0.5385 1
0.5395 1
0.5405 1
0.5415 1
0.5425 1
0.5435 1
0.5445 1
0.5455 1
0.5465 1
0.5475 1
0.5485 1
0.5495 1
0.5505 1
0.5515 1
0.5525 1
0.5535 1
0.5545 1
0.5555 1
0.5565 1
0.5575 1
0.5585 1
0.5595 1
0.5605 1
0.5615 1
0.5625 1
0.5635 1
0.5645 1
0.5655 1
0.5665 1
0.5675 1
0.5685 1
0.5695 1
0.5705 1
0.5715 1
0.5725 1
0.5735 1
0.5745 1
0.5755 1
0.5765 1
0.5775 1
0.5785 1
0.5795 1
0.5805 1
0.5815 1
0.5825 1
0.5835 1
0.5845 1
0.5855 1
0.5865 1
0.5875 1
0.5885 1
0.5895 1
0.5905 1
0.5915 1
0.5925 1
0.5935 1
0.5945 1
0.5955 1
0.5965 1
0.5975 1
0.5985 1
0.5995 1
0.6005 0
0.6015 0
0.6025 0
0.6035 0
0.6045 0
0.6055 0
0.6065 0
0.6075 0
0.6085 0
0.6095 0
0.6105 0
0.6115 0
0.6125 0
0.6135 0
0.6145 0
0.6155 0
0.6165 0
0.6175 0
0.6185 0
0.6195 0
0.6205 0
0.6215 0
0.6225 0
0.6235 0
0.6245 0
0.6255 0
0.6265 0
0.6275 0
0.6285 0
0.6295 0
0.6305 0
0.6315 0
0.6325 0
0.6335 0
0.6345 0
0.6355 0
0.6365 0
0.6375 0
0.6385 0
0.6395 0
0.6405 0
0.6415 0
0.6425 0
0.6435 0
0.6445 0
0.6455 0
0.6465 0
0.6475 0
0.6485 0
0.6495 0
0.6505 0
0.6515 0
0.6525 0
0.6535 0
0.6545 0
0.6555 0
0.6565 0
0.6575 0
0.6585 0
0.6595 0
0.6605 0
0.6615 0
0.6625 0
0.6635 0
0.6645 0
0.6655 0
0.6665 0
0.6675 0
0.6685 0
0.6695 0
0.6705 0
0.6715 0
0.6725 0
0.6735 0
0.6745 0
0.6755 0
0.6765 0
0.6775 0
0.6785 0
0.6795 0
0.6805 0
0.6815 0
0.6825 0
0.6835 0
0.6845 0
0.6855 0
0.6865 0
0.6875 0
0.6885 0
0.6895 0
0.6905 0
0.6915 0
0.6925 0
0.6935 0
0.6945 0
0.6955 0
0.6965 0
0.6975 0
0.6985 0
0.6995 0
0.7005 0
0.7015 0
0.7025 0
0.7035 0
0.7045 0
0.7055 0
0.7065 0
0.7075 0
0.7085 0
0.7095 0
0.7105 0
0.7115 0
0.7125 0
0.7135 0
0.7145 0
0.7155 0
0.7165 0
0.7175 0
0.7185 0
0.7195 0
0.7205 0
0.7215 0
0.7225 0
0.7235 0
0.7245 0
0.7255 0
0.7265 0
0.7275 0
0.7285 0
0.7295 0
0.7305 0
0.7315 0
0.7325 0
0.7335 0
0.7345 0
0.7355 0
0.7365 0
0.7375 0
0.7385 0
0.7395 0
0.7405 0
0.7415 0
0.7425 0
0.7435 0
0.7445 0
0.7455 0
0.7465 0
0.7475 0
0.7485 0
0.7495 0
0.7505 0
0.7515 0
0.7525 0
0.7535 0
0.7545 0
0.7555 0
0.7565 0
0.7575 0
0.7585 0
0.7595 0
0.7605 0
0.7615 0
0.7625 0
0.7635 0
0.7645 0
0.7655 0
0.7665 0
0.7675 0
0.7685 0
0.7695 0
0.7705 0
0.7715 0
0.7725 0
0.7735 0
0.7745 0
0.7755 0
0.7765 0
0.7775 0
0.7785 0
0.7795 0
0.7805 0
0.7815 0
0.7825 0
0.7835 0
0.7845 0
0.7855 0
0.7865 0
0.7875 0
0.7885 0
0.7895 0
0.7905 0
0.7915 0
0.7925 0
0.7935 0
0.7945 0
0.7955 0
0.7965 0
0.7975 0
0.7985 0
0.7995 0
0.8005 0
0.8015 0
0.8025 0
0.8035 0
0.8045 0
0.8055 0
0.8065 0
0.8075 0
0.8085 0
0.8095 0
0.8105 0
0.8115 0
0.8125 0
0.8135 0
0.8145 0
0.8155 0
0.8165 0
0.8175 0
0.8185 0
0.8195 0
0.8205 0
0.8215 0
0.8225 0
0.8235 0
0.8245 0
0.8255 0
0.8265 0
0.8275 0
0.8285 0
0.8295 0
0.8305 0
0.8315 0
0.8325 0
0.8335 0
0.8345 0
0.8355 0
0.8365 0
0.8375 0
0.8385 0
0.8395 0
0.8405 0
0.8415 0
0.8425 0
0.8435 0
0.8445 0
0.8455 0
0.8465 0
0.8475 0
0.8485 0
0.8495 0
0.8505 0
0.8515 0
0.8525 0
0.8535 0
0.8545 0
0.8555 0
0.8565 0
0.8575 0
0.8585 0
0.8595 0
0.8605 0
0.8615 0
0.8625 0
0.8635 0
0.8645 0
0.8655 0
0.8665 0
0.8675 0
0.8685 0
0.8695 0
0.8705 0
0.8715 0
0.8725 0
0.8735 0
0.8745 0
0.8755 0
0.8765 0
0.8775 0
0.8785 0
0.8795 0
0.8805 0
0.8815 0
0.8825 0
0.8835 0
0.8845 0
0.8855 0
0.8865 0
0.8875 0
0.8885 0
0.8895 0
0.8905 0
0.8915 0
0.8925 0
0.8935 0
0.8945 0
0.8955 0
0.8965 0
0.8975 0
0.8985 0
0.8995 0
0.9005 0
0.9015 0
0.9025 0
0.9035 0
0.9045 0
0.9055 0
0.9065 0
0.9075 0
0.9085 0
0.9095 0
0.9105 0
0.9115 0
0.9125 0
0.9135 0
0.9145 0
0.9155 0
0.9165 0
0.9175 0
0.9185 0
0.9195 0
0.9205 0
0.9215 0
0.9225 0
0.9235 0
0.9245 0
0.9255 0
0.9265 0
0.9275 0
0.9285 0
0.9295 0
0.9305 0
0.9315 0
0.9325 0
0.9335 0
0.9345 0
0.9355 0
0.9365 0
0.9375 0
0.9385 0
0.9395 0
0.9405 0
0.9415 0
0.9425 0
0.9435 0
0.9445 0
0.9455 0
0.9465 0
0.9475 0
0.9485 0
0.9495 0
0.9505 0
0.9515 0
0.9525 0
0.9535 0
0.9545 0
0.9555 0
0.9565 0
0.9575 0
0.9585 0
0.9595 0
0.9605 0
0.9615 0
0.9625 0
0.9635 0
0.9645 0
0.9655 0
0.9665 0
0.9675 0
0.9685 0
0.9695 0
0.9705 0
0.9715 0
0.9725 0
0.9735 0
0.9745 0
0.9755 0
0.9765 0
0.9775 0
0.9785 0
0.9795 0
0.9805 0
0.9815 0
0.9825 0
0.9835 0
0.9845 0
0.9855 0
0.9865 0
0.9875 0
0.9885 0
0.9895 0
0.9905 0
0.9915 0
0.9925 0
0.9935 0
0.9945 0
0.9955 0
0.9965 0
0.9975 0
0.9985 0
0.9995 0

# time= 0.2484
0.0005 1.80488e-16
0.0015 1.80488e-16
0.0025 1.80488e-16
0.0035 1.80488e-16
0.0045 1.80488e-16
0.0055 1.80488e-16
0.0065 1.80488e-16
0.0075 1.80488e-16
0.0085 1.80488e-16
0.0095 1.80488e-16
0.0105 1.80488e-16
0.0115 1.80488e-16
0.0125 1.80488e-16
0.0135 1.80488e-16
0.0145 1.80488e-16
0.0155 1.80488e-16
0.0165 1.80488e-16
0.0175 1.80488e-16
0.0185 1.80488e-16
0.0195 1.80488e-16
0.0205 1.80488e-16
0.0215 1.80488e-16
0.0225 1.80488e-16
0.0235 1.80488e-16
0.0245 1.80488e-16
0.0255 1.80488e-16
0.0265 1.80488e-16
0.0275 1.80488e-16
0.0285 1.80488e-16
0.0295 1.80488e-16
0.0305 1.80488e-16
0.0315 1.80488e-16
0.0325 1.80488e-16
0.0335 1.80488e-16
0.0345 1.80488e-16
0.0355 1.80488e-16
0.0365 1.80488e-16
0.0375 1.80488e-16
0.0385 1.80488e-16
0.0395 1.80488e-16
0.0405 1.80488e-16
0.0415 1.80488e-16
0.0425 1.80488e-16
0.0435 1.80488e-16
0.0445 1.80488e-16
0.0455 1.80488e-16
0.0465 1.80488e-16
0.0475 1.80488e-16
0.0485 1.80488e-16
0.0495 1.80488e-16
0.0505 1.80488e-16
0.0515 1.80488e-16
0.0525 1.80488e-16
0.0535 1.80488e-16
0.0545 1.80488e-16
0.0555 1.80488e-16
0.0565 1.80488e-16
0.0575 1.80488e-16
0.0585 1.80488e-16
0.0595 1.80488e-16
0.0605 1.80488e-16
0.0615 1.80488e-16
0.0625 1.80488e-16
0.0635 1.80488e-16
0.0645 1.80488e-16
0.0655 1.80488e-16
0.0665 1.80488e-16
0.0675 1.80488e-16
0.0685 1.80488e-16
0.0695 1.80488e-16
0.0705 1.80488e-16
0.0715 1.80488e-16
0.0725 1.80488e-16
0.0735 1.80488e-16
0.0745 1.80488e-16
0.0755 1.80488e-16
0.0765 1.80488e-16
0.0775 1.80488e-16
0.0785 1.80488e-16
0.0795 1.80488e-16
0.0805 1.80488e-16
0.0815 1.80488e-16
0.0825 1.80488e-16
0.0835 1.80488e-16
0.0845 1.80488e-16
0.0855 1.80488e-16
0.0865 1.80488e-16
0.0875 1.80488e-16
0.0885 1.80488e-16
0.0895 1.80488e-16
0.0905 1.80488e-16
0.0915 1.80488e-16
0.0925 1.80488e-16
0.0935 1.80488e-16
0.0945 1.80488e-16
0.0955 1.80488e-16
0.0965 1.80488e-16
0.0975 1.80488e-16
0.0985 1.80488e-16
0.0995 1.80488e-16
0.1005 1.80488e-16
0.1015 1.80488e-16
0.1025 1.80488e-16
0.1035 1.80488e-16
0.1045 1.80488e-16
0.1055 1.80488e-16
0.1065 1.80488e-16
0.1075 1.80488e-16
0.1085 1.80488e-16
0.1095 1.80488e-16
0.1105 1.80488e-16
0.1115 1.80488e-16
0.1125 1.80488e-16
0.1135 1.80488e-16
0.1145 1.80488e-16
0.1155 1.80488e-16
0.1165 1.80488e-16
0.1175 1.80488e-16
0.1185 1.80488e-16
0.1195 1.80488e-16
0.1205 1.80488e-16
0.1215 1.80488e-16
0.1225 1.80488e-16
0.1235 1.80494e-16
0.1245 1.80955e-16
0.1255 1.97107e-16
0.1265 5.69299e-16
0.1275 6.90952e-15
0.1285 9.20474e-14
0.1295 1.03044e-12
0.1305 9.75927e-12
0.1315 7.96794e-11
0.1325 5.69419e-10
0.1335 3.6049e-09
0.1345 2.04131e-08
0.1355 1.04205e-07
0.1365 4.82671e-07
0.1375 2.03962e-06
0.1385 7.89882e-06
0.1395 2.81429e-05
0.1405 9.25525e-05
0.1415 0.000281725
0.1425 0.000795603
0.1435 0.00208857
0.1445 0.00510488
0.1455 0.0116325
0.1465 0.0247361
0.1475 0.049122
0.1485 0.0910621
0.1495 0.149681
0.1505 0.215462
0.1515 0.282293
0.1525 0.347189
0.1535 0.405017
0.1545 0.449009
0.1555 0.474811
0.1565 0.488191
0.1575 0.494738
0.1585 0.497767
0.1595 0.499096
0.1605 0.49965
0.1615 0.49987
0.1625 0.499954
0.1635 0.499984
0.1645 0.499995
0.1655 0.499998
0.1665 0.5
0.1675 0.5
0.1685 0.5
0.1695 0.5
0.1705 0.5
0.1715 0.5
0.1725 0.5
0.1735 0.5
0.1745 0.5
0.1755 0.5
0.1765 0.5
0.1775 0.5
0.1785 0.5
0.1795 0.5
0.1805 0.5
0.1815 0.5
0.1825 0.5
0.1835 0.5
0.1845 0.5
0.1855 0.5
0.1865 0.5
0.1875 0.5
0.1885 0.5
0.1895 0.5
0.1905 0.5
0.1915 0.5
0.1925 0.5
0.1935 0.5
0.1945 0.5
0.1955 0.5
0.1965 0.5
0.1975 0.5
0.1985 0.5
0.1995 0.5
0.2005 0.5
0.2015 0.5
0.2025 0.5
0.2035 0.5
0.2045 0.5
0.2055 0.5
0.2065 0.5
0.2075 0.5
0.2085 0.5
0.2095 0.5
0.2105 0.5
0.2115 0.5
0.2125 0.5
0.2135 0.5
0.2145 0.5
0.2155 0.5
0.2165 0.5
0.2175 0.5
0.2185 0.5
0.2195 0.5
0.2205 0.5
0.2215 0.5
0.2225 0.5
0.2235 0.5
0.2245 0.5
0.2255 0.5
0.2265 0.5
0.2275 0.5
0.2285 0.5
0.2295 0.5
0.2305 0.5
0.2315 0.5
0.2325 0.5
0.2335 0.5
0.2345 0.5
0.2355 0.5
0.2365 0.5
0.2375 0.5
0.2385 0.5
0.2395 0.5
0.2405 0.5
0.2415 0.5
0.2425 0.5
0.2435 0.5
0.2445 0.5
0.2455 0.5
0.2465 0.5
0.2475 0.5
0.2485 0.5
0.2495 0.5
0.2505 0.5
0.2515 0.5
0.2525 0.5
0.2535 0.5
0.2545 0.5
0.2555 0.5
0.2565 0.5
0.2575 0.5
0.2585 0.5
0.2595 0.5
0.2605 0.5
0.2615 0.5
0.2625 0.5
0.2635 0.5
0.2645 0.5
0.2655 0.5
0.2665 0.5
0.2675 0.5
0.2685 0.5
0.2695 0.5
0.2705 0.5
0.2715 0.5
0.2725 0.5
0.2735 0.5
0.2745 0.5
0.2755 0.5
0.2765 0.5
0.2775 0.5
0.2785 0.5
0.2795 0.5
0.2805 0.5
0.2815 0.5
0.2825 0.5
0.2835 0.5
0.2845 0.5
0.2855 0.5
0.2865 0.5
0.2875 0.5
0.2885 0.5
0.2895 0.5
0.2905 0.5
0.2915 0.5
0.2925 0.5
0.2935 0.5
0.2945 0.5
0.2955 0.5
0.2965 0.5
0.2975 0.5
0.2985 0.5
0.2995 0.5
0.3005 0.5
0.3015 0.5
0.3025 0.5
0.3035 0.5
0.3045 0.5
0.3055 0.5
0.3065 0.5
0.3075 0.5
0.3085 0.5
0.3095 0.5
0.3105 0.5
0.3115 0.5
0.3125 0.5
0.3135 0.5
0.3145 0.5
0.3155 0.5
0.3165 0.5
0.3175 0.5
0.3185 0.5
0.3195 0.5
0.3205 0.5
0.3215 0.5
0.3225 0.5
0.3235 0.5
0.3245 0.5
0.3255 0.5
0.3265 0.5
0.3275 0.5
0.3285 0.5
0.3295 0.5
0.3305 0.5
0.3315 0.5
0.3325 0.5
0.3335 0.5
0.3345 0.5
0.3355 0.5
0.3365 0.5
0.3375 0.499998
0.3385 0.499992
0.3395 0.499972
0.3405 0.499907
0.3415 0.499718
0.3425 0.499204
0.3435 0.497911
0.3445 0.494895
0.3455 0.488368
0.3465 0.475264
0.3475 0.450878
0.3485 0.408938
0.3495 0.350319
0.3505 0.284538
0.3515 0.217707
0.3525 0.152811
0.3535 0.0949829
0.3545 0.0509906
0.3555 0.0251886
0.3565 0.0118092
0.3575 0.00526186
0.3585 0.00223307
0.3595 0.000904189
0.3605 0.000349853
0.3615 0.000129537
0.3625 4.59553e-05
0.3635 1.56391e-05
0.3645 5.1107e-06
0.3655 1.6053e-06
0.3665 4.85089e-07
0.3675 1.41133e-07
0.3685 3.95636e-08
0.3695 1.06936e-08
0.3705 2.78857e-09
0.3715 7.01983e-10
0.3725 1.70683e-10
0.3735 4.01042e-11
0.3745 9.11019e-12
0.3755 2.00172e-12
0.3765 4.25653e-13
0.3775 8.76984e-14
0.3785 1.75845e-14
0.3795 3.50545e-15
0.3805 7.68234e-16
0.3815 2.52828e-16
0.3825 1.58809e-16
0.3835 1.42189e-16
0.3845 1.39341e-16
0.3855 1.38868e-16
0.3865 1.38792e-16
0.3875 1.3878e-16
0.3885 1.38778e-16
0.3895 1.38778e-16
0.3905 1.38778e-16
0.3915 1.38778e-16
0.3925 1.38778e-16
0.3935 1.38778e-16
0.3945 1.38778e-16
0.3955 1.38778e-16
0.3965 1.38778e-16
0.3975 1.38778e-16
0.3985 1.38778e-16
0.3995 1.38778e-16
0.4005 1.38778e-16
0.4015 1.38778e-16
0.4025 1.38778e-16
0.4035 1.38778e-16
0.4045 1.38778e-16
0.4055 1.38778e-16
0.4065 1.38778e-16
0.4075 1.38778e-16
0.4085 1.38778e-16
0.4095 1.38778e-16
0.4105 1.38778e-16
0.4115 1.38778e-16
0.4125 1.38778e-16
0.4135 1.38778e-16
0.4145 1.38778e-16
0.4155 1.38778e-16
0.4165 1.38778e-16
0.4175 1.38778e-16
0.4185 1.38778e-16
0.4195 1.38778e-16
0.4205 1.38778e-16
0.4215 1.38778e-16
0.4225 1.38778e-16
0.4235 1.38778e-16
0.4245 1.38778e-16
0.4255 1.38778e-16
0.4265 1.38778e-16
0.4275 1.38778e-16
0.4285 1.38778e-16
0.4295 1.38778e-16
0.4305 1.38778e-16
0.4315 1.38778e-16
0.4325 1.38778e-16
0.4335 1.38778e-16
0.4345 1.38778e-16
0.4355 1.38778e-16
0.4365 1.38778e-16
0.4375 1.38778e-16
0.4385 1.38778e-16
0.4395 1.38778e-16
0.4405 1.38778e-16
0.4415 1.38778e-16
0.4425 1.38778e-16
0.4435 1.38778e-16
0.4445 1.38778e-16
0.4455 1.38778e-16
0.4465 1.38778e-16
0.4475 1.38778e-16
0.4485 1.38778e-16
0.4495 1.38778e-16
0.4505 1.38778e-16
0.4515 1.38778e-16
0.4525 1.38778e-16
0.4535 1.38778e-16
0.4545 1.38778e-16
0.4555 1.38778e-16
0.4565 1.38778e-16
0.4575 1.38778e-16
0.4585 1.38778e-16
0.4595 1.38778e-16
0.4605 1.38778e-16
0.4615 1.38778e-16
0.4625 1.38778e-16
0.4635 1.38778e-16
0.4645 1.38778e-16
0.4655 1.38778e-16
0.4665 1.38778e-16
0.4675 1.38778e-16
0.4685 1.38778e-16
0.4695 1.38778e-16
0.4705 1.38778e-16
0.4715 1.38778e-16
0.4725 1.38778e-16
0.4735 1.38778e-16
0.4745 1.38778e-16
0.4755 1.38778e-16
0.4765 1.38778e-16
0.4775 1.38778e-16
0.4785 1.38778e-16
0.4795 1.38778e-16
0.4805 1.38778e-16
0.4815 1.38778e-16
0.4825 1.38778e-16
0.4835 1.38778e-16
0.4845 1.38778e-16
0.4855 1.38778e-16
0.4865 1.38778e-16
0.4875 1.38778e-16
0.4885 1.38778e-16
0.4895 1.38778e-16
0.4905 1.38778e-16
0.4915 1.38778e-16
0.4925 1.38778e-16
0.4935 1.38778e-16
0.4945 1.38778e-16
0.4955 1.38778e-16
0.4965 1.38778e-16
0.4975 1.38778e-16
0.4985 1.38778e-16
0.4995 1.38778e-16
0.5005 1.38778e-16
0.5015 1.38778e-16
0.5025 1.38778e-16
0.5035 1.38778e-16
0.5045 1.38778e-16
0.5055 1.38778e-16
0.5065 1.38778e-16
0.5075 1.38778e-16
0.5085 1.38778e-16
0.5095 1.38778e-16
0.5105 1.38778e-16
0.5115 1.38778e-16
0.5125 1.38778e-16
0.5135 1.38778e-16
0.5145 1.38778e-16
0.5155 1.38778e-16
0.5165 1.38778e-16
0.5175 1.38778e-16
0.5185 1.38778e-16
0.5195 1.38778e-16
0.5205 1.38778e-16
0.5215 1.38778e-16
0.5225 1.38778e-16
0.5235 1.38778e-16
0.5245 1.38778e-16
0.5255 1.38778e-16
0.5265 1.38778e-16
0.5275 1.38778e-16
0.5285 1.38778e-16
0.5295 1.38778e-16
0.5305 1.38778e-16
0.5315 1.38778e-16
0.5325 1.38778e-16
0.5335 1.38778e-16
0.5345 1.38778e-16
0.5355 1.38778e-16
0.5365 1.38778e-16
0.5375 1.38778e-16
0.5385 1.38778e-16
0.5395 1.38778e-16
0.5405 1.38778e-16
0.5415 1.38778e-16
0.5425 1.38778e-16
0.5435 1.38778e-16
0.5445 1.38778e-16
0.5455 1.38778e-16
0.5465 1.38778e-16
0.5475 1.38778e-16
0.5485 1.38778e-16
0.5495 1.38778e-16
0.5505 1.38778e-16
0.5515 1.38778e-16
0.5525 1.38778e-16
0.5535 1.38778e-16
0.5545 1.38778e-16
0.5555 1.38778e-16
0.5565 1.38778e-16
0.5575 1.38778e-16
0.5585 1.38778e-16
0.5595 1.38778e-16
0.5605 1.38778e-16
0.5615 1.38778e-16
0.5625 1.38778e-16
0.5635 1.38778e-16
0.5645 1.38778e-16
0.5655 1.38778e-16
0.5665 1.38778e-16
0.5675 1.38778e-16
0.5685 1.38778e-16
0.5695 1.38778e-16
0.5705 1.38778e-16
0.5715 1.38778e-16
0.5725 1.38778e-16
0.5735 1.38778e-16
0.5745 1.38778e-16
0.5755 1.38778e-16
0.5765 1.38778e-16
0.5775 1.38778e-16
0.5785 1.38778e-16
0.5795 1.38778e-16
0.5805 1.38778e-16
0.5815 1.38778e-16
0.5825 1.38778e-16
0.5835 1.38778e-16
0.5845 1.38778e-16
0.5855 1.38778e-16
0.5865 1.38778e-16
0.5875 1.38778e-16
0.5885 1.38778e-16
0.5895 1.38778e-16
0.5905 1.38778e-16
0.5915 1.38778e-16
0.5925 1.38778e-16
0.5935 1.38778e-16
0.5945 1.38778e-16
0.5955 1.38778e-16
0.5965 1.38778e-16
0.5975 1.38778e-16
0.5985 1.38778e-16
0.5995 1.38778e-16
0.6005 1.38778e-16
0.6015 1.38778e-16
0.6025 1.38778e-16
0.6035 1.38778e-16
0.6045 1.38778e-16
0.6055 1.38778e-16
0.6065 1.38778e-16
0.6075 1.38778e-16
0.6085 1.38778e-16
0.6095 1.38778e-16
0.6105 1.38778e-16
0.6115 1.38778e-16
0.6125 1.3878e-16
0.6135 1.38792e-16
0.6145 1.38868e-16
0.6155 1.39341e-16
0.6165 1.42189e-16
0.6175 1.58809e-16
0.6185 2.52828e-16
0.6195 7.68234e-16
0.6205 3.50545e-15
0.6215 1.75845e-14
0.6225 8.76984e-14
0.6235 4.25653e-13
0.6245 2.00172e-12
0.6255 9.11019e-12
0.6265 4.01042e-11
0.6275 1.70683e-10
0.6285 7.01983e-10
0.6295 2.78857e-09
0.6305 1.06936e-08
0.6315 3.95636e-08
0.6325 1.41133e-07
0.6335 4.85089e-07
0.6345 1.6053e-06
0.6355 5.1107e-06
0.6365 1.56391e-05
0.6375 4.59553e-05
0.6385 0.000129537
0.6395 0.000349853
0.6405 0.000904189
0.6415 0.00223307
0.6425 0.00526186
0.6435 0.0118092
0.6445 0.0251886
0.6455 0.0509906
0.6465 0.0949829
0.6475 0.152811
0.6485 0.217707
0.6495 0.284538
0.6505 0.350319
0.6515 0.408938
0.6525 0.450878
0.6535 0.475264
0.6545 0.488368
0.6555 0.494895
0.6565 0.497911
0.6575 0.499204
0.6585 0.499718
0.6595 0.499907
0.6605 0.499972
0.6615 0.499992
0.6625 0.499998
0.6635 0.5
0.6645 0.5
0.6655 0.5
0.6665 0.5
0.6675 0.5
0.6685 0.5
0.6695 0.5
0.6705 0.5
0.6715 0.5
0.6725 0.5
0.6735 0.5
0.6745 0.5
0.6755 0.5
0.6765 0.5
0.6775 0.5
0.6785 0.5
0.6795 0.5
0.6805 0.5
0.6815 0.5
0.6825 0.5
0.6835 0.5
0.6845 0.5
0.6855 0.5
0.6865 0.5
0.6875 0.5
0.6885 0.5
0.6895 0.5
0.6905 0.5
0.6915 0.5
0.6925 0.5
0.6935 0.5
0.6945 0.5
0.6955 0.5
0.6965 0.5
0.6975 0.5
0.6985 0.5
0.6995 0.5
0.7005 0.5
0.7015 0.5
0.7025 0.5
0.7035 0.5
0.7045 0.5
0.7055 0.5
0.7065 0.5
0.7075 0.5
0.7085 0.5
0.7095 0.5
0.7105 0.5
0.7115 0.5
0.7125 0.5
0.7135 0.5
0.7145 0.5
0.7155 0.5
0.7165 0.5
0.7175 0.5
0.7185 0.5
0.7195 0.5
0.7205 0.5
0.7215 0.5
0.7225 0.5
0.7235 0.5
0.7245 0.5
0.7255 0.5
0.7265 0.5
0.7275 0.5
0.7285 0.5
0.7295 0.5
0.7305 0.5
0.7315 0.5
0.7325 0.5
0.7335 0.5
0.7345 0.5
0.7355 0.5
0.7365 0.5
0.7375 0.5
0.7385 0.5
0.7395 0.5
0.7405 0.5
0.7415 0.5
0.7425 0.5
0.7435 0.5
0.7445 0.5
0.7455 0.5
0.7465 0.5
0.7475 0.5
0.7485 0.5
0.7495 0.5
0.7505 0.5
0.7515 0.5
0.7525 0.5
0.7535 0.5
0.7545 0.5
0.7555 0.5
0.7565 0.5
0.7575 0.5
0.7585 0.5
0.7595 0.5
0.7605 0.5
0.7615 0.5
0.7625 0.5
0.7635 0.5
0.7645 0.5
0.7655 0.5
0.7665 0.5
0.7675 0.5
0.7685 0.5
0.7695 0.5
0.7705 0.5
0.7715 0.5
0.7725 0.5
0.7735 0.5
0.7745 0.5
0.7755 0.5
0.7765 0.5
0.7775 0.5
0.7785 0.5
0.7795 0.5
0.7805 0.5
0.7815 0.5
0.7825 0.5
0.7835 0.5
0.7845 0.5
0.7855 0.5
0.7865 0.5
0.7875 0.5
0.7885 0.5
0.7895 0.5
0.7905 0.5
0.7915 0.5
0.7925 0.5
0.7935 0.5
0.7945 0.5
0.7955 0.5
0.7965 0.5
0.7975 0.5
0.7985 0.5
0.7995 0.5
0.8005 0.5
0.8015 0.5
0.8025 0.5
0.8035 0.5
0.8045 0.5
0.8055 0.5
0.8065 0.5
0.8075 0.5
0.8085 0.5
0.8095 0.5
0.8105 0.5
0.8115 0.5
0.8125 0.5
0.8135 0.5
0.8145 0.5
0.8155 0.5
0.8165 0.5
0.8175 0.5
0.8185 0.5
0.8195 0.5
0.8205 0.5
0.8215 0.5
0.8225 0.5
0.8235 0.5
0.8245 0.5
0.8255 0.5
0.8265 0.5
0.8275 0.5
0.8285 0.5
0.8295 0.5
0.8305 0.5
0.8315 0.5
0.8325 0.5
0.8335 0.5
0.8345 0.499998
0.8355 0.499995
0.8365 0.499984
0.8375 0.499954
0.8385 0.49987
0.8395 0.49965
0.8405 0.499096
0.8415 0.497767
0.8425 0.494738
0.8435 0.488191
0.8445 0.474811
0.8455 0.449009
0.8465 0.405017
0.8475 0.347189
0.8485 0.282293
0.8495 0.215462
0.8505 0.149681
0.8515 0.0910621
0.8525 0.049122
0.8535 0.0247361
0.8545 0.0116325
0.8555 0.00510488
0.8565 0.00208857
0.8575 0.000795603
0.8585 0.000281725
0.8595 9.25525e-05
0.8605 2.81429e-05
0.8615 7.89882e-06
0.8625 2.03962e-06
0.8635 4.82671e-07
0.8645 1.04205e-07
0.8655 2.04131e-08
0.8665 3.6049e-09
0.8675 5.69419e-10
0.8685 7.96794e-11
0.8695 9.75927e-12
0.8705 1.03044e-12
0.8715 9.20474e-14
0.8725 6.90952e-15
0.8735 5.69299e-16
0.8745 1.97107e-16
0.8755 1.80955e-16
0.8765 1.80494e-16
0.8775 1.80488e-16
0.8785 1.80488e-16
0.8795 1.80488e-16
0.8805 1.80488e-16
0.8815 1.80488e-16
0.8825 1.80488e-16
0.8835 1.80488e-16
0.8845 1.80488e-16
0.8855 1.80488e-16
0.8865 1.80488e-16
0.8875 1.80488e-16
0.8885 1.80488e-16
0.8895 1.80488e-16
0.8905 1.80488e-16
0.8915 1.80488e-16
0.8925 1.80488e-16
0.8935 1.80488e-16
0.8945 1.80488e-16
0.8955 1.80488e-16
0.8965 1.80488e-16
0.8975 1.80488e-16
0.8985 1.80488e-16
0.8995 1.80488e-16
0.9005 1.80488e-16
0.9015 1.80488e-16
0.9025 1.80488e-16
0.9035 1.80488e-16
0.9045 1.80488e-16
0.9055 1.80488e-16
0.9065 1.80488e-16
0.9075 1.80488e-16
0.9085 1.80488e-16
0.9095 1.80488e-16
0.9105 1.80488e-16
0.9115 1.80488e-16
0.9125 1.80488e-16
0.9135 1.80488e-16
0.9145 1.80488e-16
0.9155 1.80488e-16
0.9165 1.80488e-16
0.9175 1.80488e-16
0.9185 1.80488e-16
0.9195 1.80488e-16
0.9205 1.80488e-16
0.9215 1.80488e-16
0.9225 1.80488e-16
0.9235 1.80488e-16
0.9245 1.80488e-16
0.9255 1.80488e-16
0.9265 1.80488e-16
0.9275 1.80488e-16
0.9285 1.80488e-16
0.9295 1.80488e-16
0.9305 1.80488e-16
0.9315 1.80488e-16
0.9325 1.80488e-16
0.9335 1.80488e-16
0.9345 1.80488e-16
0.9355 1.80488e-16
0.9365 1.80488e-16
0.9375 1.80488e-16
0.9385 1.80488e-16
0.9395 1.80488e-16
0.9405 1.80488e-16
0.9415 1.80488e-16
0.9425 1.80488e-16
0.9435 1.80488e-16
0.9445 1.80488e-16
0.9455 1.80488e-16
0.9465 1.80488e-16
0.9475 1.80488e-16
0.9485 1.80488e-16
0.9495 1.80488e-16
0.9505 1.80488e-16
0.9515 1.80488e-16
0.9525 1.80488e-16
0.9535 1.80488e-16
0.9545 1.80488e-16
0.9555 1.80488e-16
0.9565 1.80488e-16
0.9575 1.80488e-16
0.9585 1.80488e-16
0.9595 1.80488e-16
0.9605 1.80488e-16
0.9615 1.80488e-16
0.9625 1.80488e-16
0.9635 1.80488e-16
0.9645 1.80488e-16
0.9655 1.80488e-16
0.9665 1.80488e-16
0.9675 1.80488e-16
0.9685 1.80488e-16
0.9695 1.80488e-16
0.9705 1.80488e-16
0.9715 1.80488e-16
0.9725 1.80488e-16
0.9735 1.80488e-16
0.9745 1.80488e-16
0.9755 1.80488e-16
0.9765 1.80488e-16
0.9775 1.80488e-16
0.9785 1.80488e-16
0.9795 1.80488e-16
0.9805 1.80488e-16
0.9815 1.80488e-16
0.9825 1.80488e-16
0.9835 1.80488e-16
0.9845 1.80488e-16
0.9855 1.80488e-16
0.9865 1.80488e-16
0.9875 1.80488e-16
0.9885 1.80488e-16
0.9895 1.80488e-16
0.9905 1.80488e-16
0.9915 1.80488e-16
0.9925 1.80488e-16
0.9935 1.80488e-16
0.9945 1.80488e-16
0.9955 1.80488e-16
0.9965 1.80488e-16
0.9975 1.80488e-16
0.9985 1.80488e-16
0.9995 1.80488e-16

# time= 0.4968
0.0005 1.001
0.0015 1.001
0.0025 1.001
0.0035 1.001
0.0045 1.001
0.0055 1.001
0.0065 1.001
0.0075 1.001
0.0085 1.001
0.0095 1.001
0.0105 1.001
0.0115 1.001
0.0125 1.001
0.0135 1.001
0.0145 1.001
0.0155 1.001
0.0165 1.001
0.0175 1.001
0.0185 1.001
0.0195 1.001
0.0205 1.001
0.0215 1.001
0.0225 1.001
0.0235 1.001
0.0245 1.001
0.0255 1.001
0.0265 1.001
0.0275 1.001
0.0285 1.001
0.0295 1.001
0.0305 1.001
0.0315 1.001
0.0325 1.001
0.0335 1.001
0.0345 1.001
0.0355 1.001
0.0365 1.001
0.0375 1.001
0.0385 1.001
0.0395 1.001
0.0405 1.001
0.0415 1.001
0.0425 1.001
0.0435 1.001
0.0445 1.001
0.0455 1.001
0.0465 1.001
0.0475 1.001
0.0485 1.001
0.0495 1.001
0.0505 1.001
0.0515 1.001
0.0525 1.001
0.0535 1.001
0.0545 1.001
0.0555 1.001
0.0565 1.001
0.0575 1.001
0.0585 1.001
0.0595 1.001
0.0605 1.001
0.0615 1.001
0.0625 1.001
0.0635 1.001
0.0645 1.001
0.0655 1.001
0.0665 1.001
0.0675 1.001
0.0685 1.001
0.0695 1.001
0.0705 1.001
0.0715 1.001
0.0725 1.001
0.0735 1.001
0.0745 1.001
0.0755 1.001
0.0765 1.001
0.0775 1.001
0.0785 1.001
0.0795 1.00099
0.0805 1.00099
0.0815 1.00096
0.0825 1.00092
0.0835 1.00082
0.0845 1.00061
0.0855 1.00017
0.0865 0.999288
0.0875 0.997571
0.0885 0.994329
0.0895 0.988405
0.0905 0.977946
0.0915 0.960129
0.0925 0.931098
0.0935 0.89043
0.0945 0.840928
0.0955 0.78497
0.0965 0.723664
0.0975 0.656362
0.0985 0.581986
0.0995 0.501
0.1005 0.420014
0.1015 0.345638
0.1025 0.278336
0.1035 0.21703
0.1045 0.161072
0.1055 0.11157
0.1065 0.070902
0.1075 0.0418709
0.1085 0.0240544
0.1095 0.0135952
0.1105 0.00767133
0.1115 0.00442905
0.1125 0.00271184
0.1135 0.00183067
0.1145 0.00139209
0.1155 0.00118015
0.1165 0.00108062
0.1175 0.00103516
0.1185 0.00101495
0.1195 0.0010062
0.1205 0.00100251
0.1215 0.00100099
0.1225 0.00100038
0.1235 0.00100015
0.1245 0.00100005
0.1255 0.00100002
0.1265 0.00100001
0.1275 0.001
0.1285 0.001
0.1295 0.001
0.1305 0.001
0.1315 0.001
0.1325 0.001
0.1335 0.001
0.1345 0.001
0.1355 0.001
0.1365 0.001
0.1375 0.001
0.1385 0.001
0.1395 0.001
0.1405 0.001
0.1415 0.001
0.1425 0.001
0.1435 0.001
0.1445 0.001
0.1455 0.001
0.1465 0.001
0.1475 0.001
0.1485 0.001
0.1495 0.001
0.1505 0.001
0.1515 0.001
0.1525 0.001
0.1535 0.001
0.1545 0.001
0.1555 0.001
0.1565 0.001
0.1575 0.001
0.1585 0.001
0.1595 0.001
0.1605 0.001
0.1615 0.001
0.1625 0.001
0.1635 0.001
0.1645 0.001
0.1655 0.001
0.1665 0.001
0.1675 0.001
0.1685 0.001
0.1695 0.001
0.1705 0.001
0.1715 0.001
0.1725 0.001
0.1735 0.001
0.1745 0.001
0.1755 0.001
0.1765 0.001
0.1775 0.001
0.1785 0.001
0.1795 0.001
0.1805 0.001
0.1815 0.001
0.1825 0.001
0.1835 0.001
0.1845 0.001
0.1855 0.001
0.1865 0.001
0.1875 0.001
0.1885 0.001
0.1895 0.001
0.1905 0.001
0.1915 0.001
0.1925 0.001
0.1935 0.001
0.1945 0.001
0.1955 0.001
0.1965 0.001
0.1975 0.001
0.1985 0.001
0.1995 0.001
0.2005 0.001
0.2015 0.001
0.2025 0.001
0.2035 0.001
0.2045 0.001
0.2055 0.001
0.2065 0.001
0.2075 0.001
0.2085 0.001
0.2095 0.001
0.2105 0.001
0.2115 0.001
0.2125 0.001
0.2135 0.001
0.2145 0.001
0.2155 0.001
0.2165 0.001
0.2175 0.001
0.2185 0.001
0.2195 0.001
0.2205 0.001
0.2215 0.001
0.2225 0.001
0.2235 0.001
0.2245 0.001
0.2255 0.001
0.2265 0.001
0.2275 0.001
0.2285 0.001
0.2295 0.001
0.2305 0.001
0.2315 0.001
0.2325 0.001
0.2335 0.001
0.2345 0.001
0.2355 0.001
0.2365 0.001
0.2375 0.001
0.2385 0.001
0.2395 0.001
0.2405 0.001
0.2415 0.001
0.2425 0.001
0.2435 0.001
0.2445 0.001
0.2455 0.001
0.2465 0.001
0.2475 0.001
0.2485 0.001
0.2495 0.001
0.2505 0.001
0.2515 0.001
0.2525 0.001
0.2535 0.001
0.2545 0.001
0.2555 0.001
0.2565 0.001
0.2575 0.001
0.2585 0.001
0.2595 0.001
0.2605 0.001
0.2615 0.001
0.2625 0.001
0.2635 0.001
0.2645 0.001
0.2655 0.001
0.2665 0.001
0.2675 0.001
0.2685 0.001
0.2695 0.001
0.2705 0.001
0.2715 0.001
0.2725 0.001
0.2735 0.001
0.2745 0.001
0.2755 0.001
0.2765 0.001
0.2775 0.001
0.2785 0.001
0.2795 0.001
0.2805 0.001
0.2815 0.001
0.2825 0.001
0.2835 0.001
0.2845 0.001
0.2855 0.001
0.2865 0.001
0.2875 0.001
0.2885 0.001
0.2895 0.001
0.2905 0.001
0.2915 0.001
0.2925 0.001
0.2935 0.001
0.2945 0.001
0.2955 0.001
0.2965 0.001
0.2975 0.001
0.2985 0.001
0.2995 0.001
0.3005 0.001
0.3015 0.001
0.3025 0.001
0.3035 0.001
0.3045 0.001
0.3055 0.001
0.3065 0.001
0.3075 0.001
0.3085 0.001
0.3095 0.001
0.3105 0.001
0.3115 0.001
0.3125 0.001
0.3135 0.001
0.3145 0.001
0.3155 0.001
0.3165 0.001
0.3175 0.001
0.3185 0.001
0.3195 0.001
0.3205 0.001
0.3215 0.001
0.3225 0.001
0.3235 0.001
0.3245 0.001
0.3255 0.001
0.3265 0.001
0.3275 0.001
0.3285 0.001
0.3295 0.001
0.3305 0.001
0.3315 0.001
0.3325 0.001
0.3335 0.001
0.3345 0.001
0.3355 0.001
0.3365 0.001
0.3375 0.001
0.3385 0.001
0.3395 0.001
0.3405 0.001
0.3415 0.001
0.3425 0.001
0.3435 0.001
0.3445 0.001
0.3455 0.001
0.3465 0.001
0.3475 0.001
0.3485 0.001
0.3495 0.001
0.3505 0.001
0.3515 0.001
0.3525 0.001
0.3535 0.001
0.3545 0.001
0.3555 0.001
0.3565 0.001
0.3575 0.001
0.3585 0.001
0.3595 0.001
0.3605 0.001
0.3615 0.001
0.3625 0.001
0.3635 0.001
0.3645 0.001
0.3655 0.001
0.3665 0.001
0.3675 0.001
0.3685 0.001
0.3695 0.001
0.3705 0.001
0.3715 0.001
0.3725 0.001
0.3735 0.001
0.3745 0.001
0.3755 0.001
0.3765 0.001
0.3775 0.001
0.3785 0.001
0.3795 0.001
0.3805 0.001
0.3815 0.001
0.3825 0.001
0.3835 0.001
0.3845 0.001
0.3855 0.001
0.3865 0.001
0.3875 0.001
0.3885 0.001
0.3895 0.001
0.3905 0.001
0.3915 0.001
0.3925 0.001
0.3935 0.001
0.3945 0.001
0.3955 0.001
0.3965 0.001
0.3975 0.001
0.3985 0.001
0.3995 0.001
0.4005 0.001
0.4015 0.001
0.4025 0.001
0.4035 0.001
0.4045 0.001
0.4055 0.001
0.4065 0.001
0.4075 0.001
0.4085 0.001
0.4095 0.001
0.4105 0.001
0.4115 0.001
0.4125 0.001
0.4135 0.001
0.4145 0.001
0.4155 0.001
0.4165 0.001
0.4175 0.001
0.4185 0.001
0.4195 0.001
0.4205 0.001
0.4215 0.001
0.4225 0.001
0.4235 0.001
0.4245 0.001
0.4255 0.001
0.4265 0.001
0.4275 0.001
0.4285 0.001
0.4295 0.001
0.4305 0.001
0.4315 0.001
0.4325 0.001
0.4335 0.001
0.4345 0.001
0.4355 0.001
0.4365 0.001
0.4375 0.001
0.4385 0.001
0.4395 0.001
0.4405 0.001
0.4415 0.001
0.4425 0.001
0.4435 0.001
0.4445 0.001
0.4455 0.001
0.4465 0.001
0.4475 0.001
0.4485 0.001
0.4495 0.001
0.4505 0.001
0.4515 0.001
0.4525 0.001
0.4535 0.001
0.4545 0.001
0.4555 0.001
0.4565 0.001
0.4575 0.001
0.4585 0.001
0.4595 0.001
0.4605 0.001
0.4615 0.001
0.4625 0.001
0.4635 0.001
0.4645 0.001
0.4655 0.001
0.4665 0.001
0.4675 0.001
0.4685 0.001
0.4695 0.001
0.4705 0.001
0.4715 0.001
0.4725 0.001
0.4735 0.001
0.4745 0.001
0.4755 0.001
0.4765 0.001
0.4775 0.001
0.4785 0.001
0.4795 0.001
0.4805 0.001
0.4815 0.001
0.4825 0.001
0.4835 0.001
0.4845 0.001
0.4855 0.001
0.4865 0.001
0.4875 0.001
0.4885 0.001
0.4895 0.001
0.4905 0.001
0.4915 0.001
0.4925 0.001
0.4935 0.001
0.4945 0.001
0.4955 0.001
0.4965 0.001
0.4975 0.001
0.4985 0.001
0.4995 0.001
0.5005 0.001
0.5015 0.001
0.5025 0.001
0.5035 0.001
0.5045 0.001
0.5055 0.001
0.5065 0.001
0.5075 0.001
0.5085 0.001
0.5095 0.001
0.5105 0.001
0.5115 0.001
0.5125 0.001
0.5135 0.001
0.5145 0.001
0.5155 0.001
0.5165 0.001
0.5175 0.001
0.5185 0.001
0.5195 0.001
0.5205 0.001
0.5215 0.001
0.5225 0.001
0.5235 0.001
0.5245 0.001
0.5255 0.001
0.5265 0.001
0.5275 0.001
0.5285 0.001
0.5295 0.001
0.5305 0.001
0.5315 0.001
0.5325 0.001
0.5335 0.001
0.5345 0.001
0.5355 0.001
0.5365 0.001
0.5375 0.001
0.5385 0.001
0.5395 0.001
0.5405 0.001
0.5415 0.001
0.5425 0.001
0.5435 0.001
0.5445 0.001
0.5455 0.001
0.5465 0.001
0.5475 0.001
0.5485 0.001
0.5495 0.001
0.5505 0.001
0.5515 0.001
0.5525 0.001
0.5535 0.001
0.5545 0.001
0.5555 0.001
0.5565 0.001
0.5575 0.001
0.5585 0.001
0.5595 0.001
0.5605 0.001
0.5615 0.001
0.5625 0.001
0.5635 0.001
0.5645 0.001
0.5655 0.001
0.5665 0.001
0.5675 0.001
0.5685 0.001
0.5695 0.001
0.5705 0.001
0.5715 0.001
0.5725 0.001
0.5735 0.001
0.5745 0.001
0.5755 0.001
0.5765 0.001
0.5775 0.001
0.5785 0.001
0.5795 0.001
0.5805 0.001
0.5815 0.001
0.5825 0.001
0.5835 0.001
0.5845 0.001
0.5855 0.001
0.5865 0.001
0.5875 0.001
0.5885 0.001
0.5895 0.001
0.5905 0.001
0.5915 0.001
0.5925 0.001
0.5935 0.001
0.5945 0.001
0.5955 0.001
0.5965 0.001
0.5975 0.001
0.5985 0.001
0.5995 0.001
0.6005 0.001
0.6015 0.001
0.6025 0.001
0.6035 0.001
0.6045 0.001
0.6055 0.001
0.6065 0.001
0.6075 0.001
0.6085 0.001
0.6095 0.001
0.6105 0.001
0.6115 0.001
0.6125 0.001
0.6135 0.001
0.6145 0.001
0.6155 0.001
0.6165 0.001
0.6175 0.001
0.6185 0.001
0.6195 0.001
0.6205 0.001
0.6215 0.001
0.6225 0.001
0.6235 0.001
0.6245 0.001
0.6255 0.001
0.6265 0.001
0.6275 0.001
0.6285 0.001
0.6295 0.001
0.6305 0.001
0.6315 0.001
0.6325 0.001
0.6335 0.001
0.6345 0.001
0.6355 0.001
0.6365 0.001
0.6375 0.001
0.6385 0.001
0.6395 0.001
0.6405 0.001
0.6415 0.001
0.6425 0.001
0.6435 0.001
0.6445 0.001
0.6455 0.001
0.6465 0.001
0.6475 0.001
0.6485 0.001
0.6495 0.001
0.6505 0.001
0.6515 0.001
0.6525 0.001
0.6535 0.001
0.6545 0.001
0.6555 0.001
0.6565 0.001
0.6575 0.001
0.6585 0.001
0.6595 0.001
0.6605 0.001
0.6615 0.001
0.6625 0.001
0.6635 0.001
0.6645 0.001
0.6655 0.001
0.6665 0.001
0.6675 0.001
0.6685 0.001
0.6695 0.001
0.6705 0.001
0.6715 0.001
0.6725 0.001
0.6735 0.001
0.6745 0.001
0.6755 0.001
0.6765 0.001
0.6775 0.001
0.6785 0.001
0.6795 0.001
0.6805 0.001
0.6815 0.001
0.6825 0.001
0.6835 0.001
0.6845 0.001
0.6855 0.001
0.6865 0.001
0.6875 0.001
0.6885 0.001
0.6895 0.001
0.6905 0.001
0.6915 0.001
0.6925 0.001
0.6935 0.001
0.6945 0.001
0.6955 0.001
0.6965 0.001
0.6975 0.001
0.6985 0.001
0.6995 0.001
0.7005 0.001
0.7015 0.001
0.7025 0.001
0.7035 0.001
0.7045 0.001
0.7055 0.001
0.7065 0.001
0.7075 0.001
0.7085 0.001
0.7095 0.001
0.7105 0.001
0.7115 0.001
0.7125 0.001
0.7135 0.001
0.7145 0.001
0.7155 0.001
0.7165 0.001
0.7175 0.001
0.7185 0.001
0.7195 0.001
0.7205 0.001
0.7215 0.001
0.7225 0.001
0.7235 0.001
0.7245 0.001
0.7255 0.001
0.7265 0.001
0.7275 0.001
0.7285 0.001
0.7295 0.001
0.7305 0.001
0.7315 0.001
0.7325 0.001
0.7335 0.001
0.7345 0.001
0.7355 0.001
0.7365 0.001
0.7375 0.001
0.7385 0.001
0.7395 0.001
0.7405 0.001
0.7415 0.001
0.7425 0.001
0.7435 0.001
0.7445 0.001
0.7455 0.001
0.7465 0.001
0.7475 0.001
0.7485 0.001
0.7495 0.001
0.7505 0.001
0.7515 0.001
0.7525 0.001
0.7535 0.001
0.7545 0.001
0.7555 0.001
0.7565 0.001
0.7575 0.001
0.7585 0.001
0.7595 0.001
0.7605 0.001
0.7615 0.001
0.7625 0.001
0.7635 0.001
0.7645 0.001
0.7655 0.001
0.7665 0.001
0.7675 0.001
0.7685 0.001
0.7695 0.001
0.7705 0.001
0.7715 0.001
0.7725 0.001
0.7735 0.001
0.7745 0.001
0.7755 0.001
0.7765 0.001
0.7775 0.001
0.7785 0.001
0.7795 0.001
0.7805 0.001
0.7815 0.001
0.7825 0.001
0.7835 0.001
0.7845 0.001
0.7855 0.001
0.7865 0.001
0.7875 0.001
0.7885 0.001
0.7895 0.001
0.7905 0.001
0.7915 0.001
0.7925 0.001
0.7935 0.001
0.7945 0.001
0.7955 0.001
0.7965 0.001
0.7975 0.001
0.7985 0.001
0.7995 0.001
0.8005 0.001
0.8015 0.001
0.8025 0.001
0.8035 0.001
0.8045 0.001
0.8055 0.001
0.8065 0.001
0.8075 0.001
0.8085 0.001
0.8095 0.001
0.8105 0.001
0.8115 0.001
0.8125 0.001
0.8135 0.001
0.8145 0.001
0.8155 0.001
0.8165 0.001
0.8175 0.001
0.8185 0.001
0.8195 0.001
0.8205 0.001
0.8215 0.001
0.8225 0.001
0.8235 0.001
0.8245 0.001
0.8255 0.001
0.8265 0.001
0.8275 0.001
0.8285 0.001
0.8295 0.001
0.8305 0.001
0.8315 0.001
0.8325 0.001
0.8335 0.001
0.8345 0.001
0.8355 0.001
0.8365 0.001
0.8375 0.001
0.8385 0.001
0.8395 0.001
0.8405 0.001
0.8415 0.001
0.8425 0.001
0.8435 0.001
0.8445 0.001
0.8455 0.001
0.8465 0.001
0.8475 0.001
0.8485 0.001
0.8495 0.001
0.8505 0.001
0.8515 0.001
0.8525 0.001
0.8535 0.001
0.8545 0.001
0.8555 0.001
0.8565 0.001
0.8575 0.001
0.8585 0.001
0.8595 0.001
0.8605 0.001
0.8615 0.001
0.8625 0.001
0.8635 0.001
0.8645 0.001
0.8655 0.001
0.8665 0.001
0.8675 0.001
0.8685 0.001
0.8695 0.001
0.8705 0.001
0.8715 0.001
0.8725 0.001
0.8735 0.00100001
0.8745 0.00100002
0.8755 0.00100005
0.8765 0.00100015
0.8775 0.00100038
0.8785 0.00100099
0.8795 0.00100251
0.8805 0.0010062
0.8815 0.00101495
0.8825 0.00103516
0.8835 0.00108062
0.8845 0.00118015
0.8855 0.00139209
0.8865 0.00183067
0.8875 0.00271184
0.8885 0.00442905
0.8895 0.00767133
0.8905 0.0135952
0.8915 0.0240544
0.8925 0.0418709
0.8935 0.070902
0.8945 0.11157
0.8955 0.161072
0.8965 0.21703
0.8975 0.278336
0.8985 0.345638
0.8995 0.420014
0.9005 0.501
0.9015 0.581986
0.9025 0.656362
0.9035 0.723664
0.9045 0.78497
0.9055 0.840928
0.9065 0.89043
0.9075 0.931098
0.9085 0.960129
0.9095 0.977946
0.9105 0.988405
0.9115 0.994329
0.9125 0.997571
0.9135 0.999288
0.9145 1.00017
0.9155 1.00061
0.9165 1.00082
0.9175 1.00092
0.9185 1.00096
0.9195 1.00099
0.9205 1.00099
0.9215 1.001
0.9225 1.001
0.9235 1.001
0.9245 1.001
0.9255 1.001
0.9265 1.001
0.9275 1.001
0.9285 1.001
0.9295 1.001
0.9305 1.001
0.9315 1.001
0.9325 1.001
0.9335 1.001
0.9345 1.001
0.9355 1.001
0.9365 1.001
0.9375 1.001
0.9385 1.001
0.9395 1.001
0.9405 1.001
0.9415 1.001
0.9425 1.001
0.9435 1.001
0.9445 1.001
0.9455 1.001
0.9465 1.001
0.9475 1.001
0.9485 1.001
0.9495 1.001
0.9505 1.001
0.9515 1.001
0.9525 1.001
0.9535 1.001
0.9545 1.001
0.9555 1.001
0.9565 1.001
0.9575 1.001
0.9585 1.001
0.9595 1.001
0.9605 1.001
0.9615 1.001
0.9625 1.001
0.9635 1.001
0.9645 1.001
0.9655 1.001
0.9665 1.001
0.9675 1.001
0.9685 1.001
0.9695 1.001
0.9705 1.001
0.9715 1.001
0.9725 1.001
0.9735 1.001
0.9745 1.001
0.9755 1.001
0.9765 1.001
0.9775 1.001
0.9785 1.001
0.9795 1.001
0.9805 1.001
0.9815 1.001
0.9825 1.001
0.9835 1.001
0.9845 1.001
0.9855 1.001
0.9865 1.001
0.9875 1.001
0.9885 1.001
0.9895 1.001
0.9905 1.001
0.9915 1.001
0.9925 1.001
0.9935 1.001
0.9945 1.001
0.9955 1.001
0.9965 1.001
0.9975 1.001
0.9985 1.001
0.9995 1.001

# time= 0.7452
0.0005 4.63563e-16
0.0015 4.63563e-16
0.0025 4.63563e-16
0.0035 4.63563e-16
0.0045 4.63563e-16
0.0055 4.63563e-16
0.0065 4.63563e-16
0.0075 4.63563e-16
0.0085 4.63563e-16
0.0095 4.63563e-16
0.0105 4.63563e-16
0.0115 4.63563e-16
0.0125 4.63563e-16
0.0135 4.63563e-16
0.0145 4.63563e-16
0.0155 4.63563e-16
0.0165 4.63563e-16
0.0175 4.63563e-16
0.0185 4.63563e-16
0.0195 4.63563e-16
0.0205 4.63563e-16
0.0215 4.63563e-16
0.0225 4.63563e-16
0.0235 4.63563e-16
0.0245 4.63563e-16
0.0255 4.63563e-16
0.0265 4.63563e-16
0.0275 4.63563e-16
0.0285 4.63563e-16
0.0295 4.63563e-16
0.0305 4.63563e-16
0.0315 4.63563e-16
0.0325 4.63563e-16
0.0335 4.63563e-16
0.0345 4.63563e-16
0.0355 4.63563e-16
0.0365 4.63563e-16
0.0375 4.63563e-16
0.0385 4.63563e-16
0.0395 4.63563e-16
0.0405 4.63563e-16
0.0415 4.63563e-16
0.0425 4.63563e-16
0.0435 4.63563e-16
0.0445 4.63563e-16
0.0455 4.63563e-16
0.0465 4.63563e-16
0.0475 4.63563e-16
0.0485 4.63563e-16
0.0495 4.63563e-16
0.0505 4.63563e-16
0.0515 4.63563e-16
0.0525 4.63563e-16
0.0535 4.63563e-16
0.0545 4.63563e-16
0.0555 4.63563e-16
0.0565 4.63563e-16
0.0575 4.63563e-16
0.0585 4.63563e-16
0.0595 4.63563e-16
0.0605 4.63563e-16
0.0615 4.63563e-16
0.0625 4.63563e-16
0.0635 4.63563e-16
0.0645 4.63563e-16
0.0655 4.63563e-16
0.0665 4.63563e-16
0.0675 4.63563e-16
0.0685 4.63563e-16
0.0695 4.63563e-16
0.0705 4.63563e-16
0.0715 4.63563e-16
0.0725 4.63563e-16
0.0735 4.63563e-16
0.0745 4.63563e-16
0.0755 4.63563e-16
0.0765 4.63563e-16
0.0775 4.63563e-16
0.0785 4.63563e-16
0.0795 4.63563e-16
0.0805 4.63563e-16
0.0815 4.63563e-16
0.0825 4.63563e-16
0.0835 4.63563e-16
0.0845 4.63563e-16
0.0855 4.63563e-16
0.0865 4.63563e-16
0.0875 4.63563e-16
0.0885 4.63563e-16
0.0895 4.63563e-16
0.0905 4.63564e-16
0.0915 4.63566e-16
0.0925 4.63573e-16
0.0935 4.63599e-16
0.0945 4.63688e-16
0.0955 4.63992e-16
0.0965 4.65015e-16
0.0975 4.68417e-16
0.0985 4.79583e-16
0.0995 5.15738e-16
0.1005 6.31226e-16
0.1015 9.95133e-16
0.1025 2.12613e-15
0.1035 5.59262e-15
0.1045 1.60693e-14
0.1055 4.72872e-14
0.1065 1.38986e-13
0.1075 4.04469e-13
0.1085 1.16193e-12
0.1095 3.29137e-12
0.1105 9.18895e-12
0.1115 2.52773e-11
0.1125 6.84988e-11
0.1135 1.82828e-10
0.1145 4.80536e-10
0.1155 1.24352e-09
0.1165 3.16765e-09
0.1175 7.94128e-09
0.1185 1.95893e-08
0.1195 4.75362e-08
0.1205 1.1345e-07
0.1215 2.66229e-07
0.1225 6.14131e-07
0.1235 1.39221e-06
0.1245 3.10072e-06
0.1255 6.78271e-06
0.1265 1.45676e-05
0.1275 3.07095e-05
0.1285 6.35184e-05
0.1295 0.000128857
0.1305 0.000256282
0.1315 0.000499515
0.1325 0.000953673
0.1335 0.00178262
0.1345 0.00326061
0.1355 0.00583278
0.1365 0.0101982
0.1375 0.0174165
0.1385 0.0290319
0.1395 0.0471962
0.1405 0.074221
0.1415 0.109019
0.1425 0.149247
0.1435 0.192675
0.1445 0.237518
0.1455 0.282674
0.1465 0.32744
0.1475 0.370233
0.1485 0.40842
0.1495 0.438718
0.1505 0.460154
0.1515 0.474785
0.1525 0.484465
0.1535 0.490679
0.1545 0.494552
0.1555 0.496897
0.1565 0.498278
0.1575 0.499069
0.1585 0.499509
0.1595 0.499748
0.1605 0.499874
0.1615 0.499938
0.1625 0.499971
0.1635 0.499986
0.1645 0.499994
0.1655 0.499997
0.1665 0.499999
0.1675 0.5
0.1685 0.5
0.1695 0.5
0.1705 0.5
0.1715 0.5
0.1725 0.5
0.1735 0.5
0.1745 0.5
0.1755 0.5
0.1765 0.5
0.1775 0.5
0.1785 0.5
0.1795 0.5
0.1805 0.5
0.1815 0.5
0.1825 0.5
0.1835 0.5
0.1845 0.5
0.1855 0.5
0.1865 0.5
0.1875 0.5
0.1885 0.5
0.1895 0.5
0.1905 0.5
0.1915 0.5
0.1925 0.5
0.1935 0.5
0.1945 0.5
0.1955 0.5
0.1965 0.5
0.1975 0.5
0.1985 0.5
0.1995 0.5
0.2005 0.5
0.2015 0.5
0.2025 0.5
0.2035 0.5
0.2045 0.5
0.2055 0.5
0.2065 0.5
0.2075 0.5
0.2085 0.5
0.2095 0.5
0.2105 0.5
0.2115 0.5
0.2125 0.5
0.2135 0.5
0.2145 0.5
0.2155 0.5
0.2165 0.5
0.2175 0.5
0.2185 0.5
0.2195 0.5
0.2205 0.5
0.2215 0.5
0.2225 0.5
0.2235 0.5
0.2245 0.5
0.2255 0.5
0.2265 0.5
0.2275 0.5
0.2285 0.5
0.2295 0.5
0.2305 0.5
0.2315 0.5
0.2325 0.5
0.2335 0.5
0.2345 0.5
0.2355 0.5
0.2365 0.5
0.2375 0.5
0.2385 0.5
0.2395 0.5
0.2405 0.5
0.2415 0.5
0.2425 0.5
0.2435 0.5
0.2445 0.5
0.2455 0.5
0.2465 0.5
0.2475 0.5
0.2485 0.5
0.2495 0.5
0.2505 0.5
0.2515 0.5
0.2525 0.5
0.2535 0.5
0.2545 0.5
0.2555 0.5
0.2565 0.5
0.2575 0.5
0.2585 0.5
0.2595 0.5
0.2605 0.5
0.2615 0.5
0.2625 0.5
0.2635 0.5
0.2645 0.5
0.2655 0.5
0.2665 0.5
0.2675 0.5
0.2685 0.5
0.2695 0.5
0.2705 0.5
0.2715 0.5
0.2725 0.5
0.2735 0.5
0.2745 0.5
0.2755 0.5
0.2765 0.5
0.2775 0.5
0.2785 0.5
0.2795 0.5
0.2805 0.5
0.2815 0.5
0.2825 0.5
0.2835 0.5
0.2845 0.5
0.2855 0.5
0.2865 0.5
0.2875 0.5
0.2885 0.5
0.2895 0.5
0.2905 0.5
0.2915 0.5
0.2925 0.5
0.2935 0.5
0.2945 0.5
0.2955 0.5
0.2965 0.5
0.2975 0.5
0.2985 0.5
0.2995 0.5
0.3005 0.5
0.3015 0.5
0.3025 0.5
0.3035 0.5
0.3045 0.5
0.3055 0.5
0.3065 0.5
0.3075 0.5
0.3085 0.5
0.3095 0.5
0.3105 0.5
0.3115 0.5
0.3125 0.5
0.3135 0.5
0.3145 0.5
0.3155 0.5
0.3165 0.5
0.3175 0.5
0.3185 0.5
0.3195 0.5
0.3205 0.5
0.3215 0.5
0.3225 0.499999
0.3235 0.499999
0.3245 0.499997
0.3255 0.499993
0.3265 0.499985
0.3275 0.499969
0.3285 0.499936
0.3295 0.499871
0.3305 0.499744
0.3315 0.4995
0.3325 0.499046
0.3335 0.498217
0.3345 0.496739
0.3355 0.494167
0.3365 0.489802
0.3375 0.482583
0.3385 0.470968
0.3395 0.452804
0.3405 0.425779
0.3415 0.390981
0.3425 0.350753
0.3435 0.307325
0.3445 0.262482
0.3455 0.217326
0.3465 0.17256
0.3475 0.129767
0.3485 0.0915799
0.3495 0.0612819
0.3505 0.0398459
0.3515 0.0252152
0.3525 0.0155353
0.3535 0.00932133
0.3545 0.00544811
0.3555 0.00310252
0.3565 0.00172171
0.3575 0.000931218
0.3585 0.000490954
0.3595 0.000252332
0.3605 0.000126439
0.3615 6.17712e-05
0.3625 2.94242e-05
0.3635 1.3666e-05
0.3645 6.18856e-06
0.3655 2.73237e-06
0.3665 1.17617e-06
0.3675 4.93577e-07
0.3685 2.01908e-07
0.3695 8.05058e-08
0.3705 3.12839e-08
0.3715 1.18461e-08
0.3725 4.37045e-09
0.3735 1.57072e-09
0.3745 5.49803e-10
0.3755 1.87398e-10
0.3765 6.21833e-11
0.3775 2.0083e-11
0.3785 6.31126e-12
0.3795 1.92943e-12
0.3805 5.73687e-13
0.3815 1.65911e-13
0.3825 4.67153e-14
0.3835 1.28663e-14
0.3845 3.53108e-15
0.3855 1.03174e-15
0.3865 3.82396e-16
0.3875 2.1876e-16
0.3885 1.78781e-16
0.3895 1.69316e-16
0.3905 1.67145e-16
0.3915 1.66664e-16
0.3925 1.6656e-16
0.3935 1.66539e-16
0.3945 1.66534e-16
0.3955 1.66534e-16
0.3965 1.66533e-16
0.3975 1.66533e-16
0.3985 1.66533e-16
0.3995 1.66533e-16
0.4005 1.66533e-16
0.4015 1.66533e-16
0.4025 1.66533e-16
0.4035 1.66533e-16
0.4045 1.66533e-16
0.4055 1.66533e-16
0.4065 1.66533e-16
0.4075 1.66533e-16
0.4085 1.66533e-16
0.4095 1.66533e-16
0.4105 1.66533e-16
0.4115 1.66533e-16
0.4125 1.66533e-16
0.4135 1.66533e-16
0.4145 1.66533e-16
0.4155 1.66533e-16
0.4165 1.66533e-16
0.4175 1.66533e-16
0.4185 1.66533e-16
0.4195 1.66533e-16
0.4205 1.66533e-16
0.4215 1.66533e-16
0.4225 1.66533e-16
0.4235 1.66533e-16
0.4245 1.66533e-16
0.4255 1.66533e-16
0.4265 1.66533e-16
0.4275 1.66533e-16
0.4285 1.66533e-16
0.4295 1.66533e-16
0.4305 1.66533e-16
0.4315 1.66533e-16
0.4325 1.66533e-16
0.4335 1.66533e-16
0.4345 1.66533e-16
0.4355 1.66533e-16
0.4365 1.66533e-16
0.4375 1.66533e-16
0.4385 1.66533e-16
0.4395 1.66533e-16
0.4405 1.66533e-16
0.4415 1.66533e-16
0.4425 1.66533e-16
0.4435 1.66533e-16
0.4445 1.66533e-16
0.4455 1.66533e-16
0.4465 1.66533e-16
0.4475 1.66533e-16
0.4485 1.66533e-16
0.4495 1.66533e-16
0.4505 1.66533e-16
0.4515 1.66533e-16
0.4525 1.66533e-16
0.4535 1.66533e-16
0.4545 1.66533e-16
0.4555 1.66533e-16
0.4565 1.66533e-16
0.4575 1.66533e-16
0.4585 1.66533e-16
0.4595 1.66533e-16
0.4605 1.66533e-16
0.4615 1.66533e-16
0.4625 1.66533e-16
0.4635 1.66533e-16
0.4645 1.66533e-16
0.4655 1.66533e-16
0.4665 1.66533e-16
0.4675 1.66533e-16
0.4685 1.66533e-16
0.4695 1.66533e-16
0.4705 1.66533e-16
0.4715 1.66533e-16
0.4725 1.66533e-16
0.4735 1.66533e-16
0.4745 1.66533e-16
0.4755 1.66533e-16
0.4765 1.66533e-16
0.4775 1.66533e-16
0.4785 1.66533e-16
0.4795 1.66533e-16
0.4805 1.66533e-16
0.4815 1.66533e-16
0.4825 1.66533e-16
0.4835 1.66533e-16
0.4845 1.66533e-16
0.4855 1.66533e-16
0.4865 1.66533e-16
0.4875 1.66533e-16
0.4885 1.66533e-16
0.4895 1.66533e-16
0.4905 1.66533e-16
0.4915 1.66533e-16
0.4925 1.66533e-16
0.4935 1.66533e-16
0.4945 1.66533e-16
0.4955 1.66533e-16
0.4965 1.66533e-16
0.4975 1.66533e-16
0.4985 1.66533e-16
0.4995 1.66533e-16
0.5005 1.66533e-16
0.5015 1.66533e-16
0.5025 1.66533e-16
0.5035 1.66533e-16
0.5045 1.66533e-16
0.5055 1.66533e-16
0.5065 1.66533e-16
0.5075 1.66533e-16
0.5085 1.66533e-16
0.5095 1.66533e-16
0.5105 1.66533e-16
0.5115 1.66533e-16
0.5125 1.66533e-16
0.5135 1.66533e-16
0.5145 1.66533e-16
0.5155 1.66533e-16
0.5165 1.66533e-16
0.5175 1.66533e-16
0.5185 1.66533e-16
0.5195 1.66533e-16
0.5205 1.66533e-16
0.5215 1.66533e-16
0.5225 1.66533e-16
0.5235 1.66533e-16
0.5245 1.66533e-16
0.5255 1.66533e-16
0.5265 1.66533e-16
0.5275 1.66533e-16
0.5285 1.66533e-16
0.5295 1.66533e-16
0.5305 1.66533e-16
0.5315 1.66533e-16
0.5325 1.66533e-16
0.5335 1.66533e-16
0.5345 1.66533e-16
0.5355 1.66533e-16
0.5365 1.66533e-16
0.5375 1.66533e-16
0.5385 1.66533e-16
0.5395 1.66533e-16
0.5405 1.66533e-16
0.5415 1.66533e-16
0.5425 1.66533e-16
0.5435 1.66533e-16
0.5445 1.66533e-16
0.5455 1.66533e-16
0.5465 1.66533e-16
0.5475 1.66533e-16
0.5485 1.66533e-16
0.5495 1.66533e-16
0.5505 1.66533e-16
0.5515 1.66533e-16
0.5525 1.66533e-16
0.5535 1.66533e-16
0.5545 1.66533e-16
0.5555 1.66533e-16
0.5565 1.66533e-16
0.5575 1.66533e-16
0.5585 1.66533e-16
0.5595 1.66533e-16
0.5605 1.66533e-16
0.5615 1.66533e-16
0.5625 1.66533e-16
0.5635 1.66533e-16
0.5645 1.66533e-16
0.5655 1.66533e-16
0.5665 1.66533e-16
0.5675 1.66533e-16
0.5685 1.66533e-16
0.5695 1.66533e-16
0.5705 1.66533e-16
0.5715 1.66533e-16
0.5725 1.66533e-16
0.5735 1.66533e-16
0.5745 1.66533e-16
0.5755 1.66533e-16
0.5765 1.66533e-16
0.5775 1.66533e-16
0.5785 1.66533e-16
0.5795 1.66533e-16
0.5805 1.66533e-16
0.5815 1.66533e-16
0.5825 1.66533e-16
0.5835 1.66533e-16
0.5845 1.66533e-16
0.5855 1.66533e-16
0.5865 1.66533e-16
0.5875 1.66533e-16
0.5885 1.66533e-16
0.5895 1.66533e-16
0.5905 1.66533e-16
0.5915 1.66533e-16
0.5925 1.66533e-16
0.5935 1.66533e-16
0.5945 1.66533e-16
0.5955 1.66533e-16
0.5965 1.66533e-16
0.5975 1.66533e-16
0.5985 1.66533e-16
0.5995 1.66533e-16
0.6005 1.66533e-16
0.6015 1.66533e-16
0.6025 1.66533e-16
0.6035 1.66533e-16
0.6045 1.66534e-16
0.6055 1.66534e-16
0.6065 1.66539e-16
0.6075 1.6656e-16
0.6085 1.66664e-16
0.6095 1.67145e-16
0.6105 1.69316e-16
0.6115 1.78781e-16
0.6125 2.1876e-16
0.6135 3.82396e-16
0.6145 1.03174e-15
0.6155 3.53108e-15
0.6165 1.28663e-14
0.6175 4.67153e-14
0.6185 1.65911e-13
0.6195 5.73687e-13
0.6205 1.92943e-12
0.6215 6.31126e-12
0.6225 2.0083e-11
0.6235 6.21833e-11
0.6245 1.87398e-10
0.6255 5.49803e-10
0.6265 1.57072e-09
0.6275 4.37045e-09
0.6285 1.18461e-08
0.6295 3.12839e-08
0.6305 8.05058e-08
0.6315 2.01908e-07
0.6325 4.93577e-07
0.6335 1.17617e-06
0.6345 2.73237e-06
0.6355 6.18856e-06
0.6365 1.3666e-05
0.6375 2.94242e-05
0.6385 6.17712e-05
0.6395 0.000126439
0.6405 0.000252332
0.6415 0.000490954
0.6425 0.000931218
0.6435 0.00172171
0.6445 0.00310252
0.6455 0.00544811
0.6465 0.00932133
0.6475 0.0155353
0.6485 0.0252152
0.6495 0.0398459
0.6505 0.0612819
0.6515 0.0915799
0.6525 0.129767
0.6535 0.17256
0.6545 0.217326
0.6555 0.262482
0.6565 0.307325
0.6575 0.350753
0.6585 0.390981
0.6595 0.425779
0.6605 0.452804
0.6615 0.470968
0.6625 0.482583
0.6635 0.489802
0.6645 0.494167
0.6655 0.496739
0.6665 0.498217
0.6675 0.499046
0.6685 0.4995
0.6695 0.499744
0.6705 0.499871
0.6715 0.499936
0.6725 0.499969
0.6735 0.499985
0.6745 0.499993
0.6755 0.499997
0.6765 0.499999
0.6775 0.499999
0.6785 0.5
0.6795 0.5
0.6805 0.5
0.6815 0.5
0.6825 0.5
0.6835 0.5
0.6845 0.5
0.6855 0.5
0.6865 0.5
0.6875 0.5
0.6885 0.5
0.6895 0.5
0.6905 0.5
0.6915 0.5
0.6925 0.5
0.6935 0.5
0.6945 0.5
0.6955 0.5
0.6965 0.5
0.6975 0.5
0.6985 0.5
0.6995 0.5
0.7005 0.5
0.7015 0.5
0.7025 0.5
0.7035 0.5
0.7045 0.5
0.7055 0.5
0.7065 0.5
0.7075 0.5
0.7085 0.5
0.7095 0.5
0.7105 0.5
0.7115 0.5
0.7125 0.5
0.7135 0.5
0.7145 0.5
0.7155 0.5
0.7165 0.5
0.7175 0.5
0.7185 0.5
0.7195 0.5
0.7205 0.5
0.7215 0.5
0.7225 0.5
0.7235 0.5
0.7245 0.5
0.7255 0.5
0.7265 0.5
0.7275 0.5
0.7285 0.5
0.7295 0.5
0.7305 0.5
0.7315 0.5
0.7325 0.5
0.7335 0.5
0.7345 0.5
0.7355 0.5
0.7365 0.5
0.7375 0.5
0.7385 0.5
0.7395 0.5
0.7405 0.5
0.7415 0.5
0.7425 0.5
0.7435 0.5
0.7445 0.5
0.7455 0.5
0.7465 0.5
0.7475 0.5
0.7485 0.5
0.7495 0.5
0.7505 0.5
0.7515 0.5
0.7525 0.5
0.7535 0.5
0.7545 0.5
0.7555 0.5
0.7565 0.5
0.7575 0.5
0.7585 0.5
0.7595 0.5
0.7605 0.5
0.7615 0.5
0.7625 0.5
0.7635 0.5
0.7645 0.5
0.7655 0.5
0.7665 0.5
0.7675 0.5
0.7685 0.5
0.7695 0.5
0.7705 0.5
0.7715 0.5
0.7725 0.5
0.7735 0.5
0.7745 0.5
0.7755 0.5
0.7765 0.5
0.7775 0.5
0.7785 0.5
0.7795 0.5
0.7805 0.5
0.7815 0.5
0.7825 0.5
0.7835 0.5
0.7845 0.5
0.7855 0.5
0.7865 0.5
0.7875 0.5
0.7885 0.5
0.7895 0.5
0.7905 0.5
0.7915 0.5
0.7925 0.5
0.7935 0.5
0.7945 0.5
0.7955 0.5
0.7965 0.5
0.7975 0.5
0.7985 0.5
0.7995 0.5
0.8005 0.5
0.8015 0.5
0.8025 0.5
0.8035 0.5
0.8045 0.5
0.8055 0.5
0.8065 0.5
0.8075 0.5
0.8085 0.5
0.8095 0.5
0.8105 0.5
0.8115 0.5
0.8125 0.5
0.8135 0.5
0.8145 0.5
0.8155 0.5
0.8165 0.5
0.8175 0.5
0.8185 0.5
0.8195 0.5
0.8205 0.5
0.8215 0.5
0.8225 0.5
0.8235 0.5
0.8245 0.5
0.8255 0.5
0.8265 0.5
0.8275 0.5
0.8285 0.5
0.8295 0.5
0.8305 0.5
0.8315 0.5
0.8325 0.5
0.8335 0.499999
0.8345 0.499997
0.8355 0.499994
0.8365 0.499986
0.8375 0.499971
0.8385 0.499938
0.8395 0.499874
0.8405 0.499748
0.8415 0.499509
0.8425 0.499069
0.8435 0.498278
0.8445 0.496897
0.8455 0.494552
0.8465 0.490679
0.8475 0.484465
0.8485 0.474785
0.8495 0.460154
0.8505 0.438718
0.8515 0.40842
0.8525 0.370233
0.8535 0.32744
0.8545 0.282674
0.8555 0.237518
0.8565 0.192675
0.8575 0.149247
0.8585 0.109019
0.8595 0.074221
0.8605 0.0471962
0.8615 0.0290319
0.8625 0.0174165
0.8635 0.0101982
0.8645 0.00583278
0.8655 0.00326061
0.8665 0.00178262
0.8675 0.000953673
0.8685 0.000499515
0.8695 0.000256282
0.8705 0.000128857
0.8715 6.35184e-05
0.8725 3.07095e-05
0.8735 1.45676e-05
0.8745 6.78271e-06
0.8755 3.10072e-06
0.8765 1.39221e-06
0.8775 6.14131e-07
0.8785 2.66229e-07
0.8795 1.1345e-07
0.8805 4.75362e-08
0.8815 1.95893e-08
0.8825 7.94128e-09
0.8835 3.16765e-09
0.8845 1.24352e-09
0.8855 4.80536e-10
0.8865 1.82828e-10
0.8875 6.84988e-11
0.8885 2.52773e-11
0.8895 9.18895e-12
0.8905 3.29137e-12
0.8915 1.16193e-12
0.8925 4.04469e-13
0.8935 1.38986e-13
0.8945 4.72872e-14
0.8955 1.60693e-14
0.8965 5.59262e-15
0.8975 2.12613e-15
0.8985 9.95133e-16
0.8995 6.31226e-16
0.9005 5.15738e-16
0.9015 4.79583e-16
0.9025 4.68417e-16
0.9035 4.65015e-16
0.9045 4.63992e-16
0.9055 4.63688e-16
0.9065 4.63599e-16
0.9075 4.63573e-16
0.9085 4.63566e-16
0.9095 4.63564e-16
0.9105 4.63563e-16
0.9115 4.63563e-16
0.9125 4.63563e-16
0.9135 4.63563e-16
0.9145 4.63563e-16
0.9155 4.63563e-16
0.9165 4.63563e-16
0.9175 4.63563e-16
0.9185 4.63563e-16
0.9195 4.63563e-16
0.9205 4.63563e-16
0.9215 4.63563e-16
0.9225 4.63563e-16
0.9235 4.63563e-16
0.9245 4.63563e-16
0.9255 4.63563e-16
0.9265 4.63563e-16
0.9275 4.63563e-16
0.9285 4.63563e-16
0.9295 4.63563e-16
0.9305 4.63563e-16
0.9315 4.63563e-16
0.9325 4.63563e-16
0.9335 4.63563e-16
0.9345 4.63563e-16
0.9355 4.63563e-16
0.9365 4.63563e-16
0.9375 4.63563e-16
0.9385 4.63563e-16
0.9395 4.63563e-16
0.9405 4.63563e-16
0.9415 4.63563e-16
0.9425 4.63563e-16
0.9435 4.63563e-16
0.9445 4.63563e-16
0.9455 4.63563e-16
0.9465 4.63563e-16
0.9475 4.63563e-16
0.9485 4.63563e-16
0.9495 4.63563e-16
0.9505 4.63563e-16
0.9515 4.63563e-16
0.9525 4.63563e-16
0.9535 4.63563e-16
0.9545 4.63563e-16
0.9555 4.63563e-16
0.9565 4.63563e-16
0.9575 4.63563e-16
0.9585 4.63563e-16
0.9595 4.63563e-16
0.9605 4.63563e-16
0.9615 4.63563e-16
0.9625 4.63563e-16
0.9635 4.63563e-16
0.9645 4.63563e-16
0.9655 4.63563e-16
0.9665 4.63563e-16
0.9675 4.63563e-16
0.9685 4.63563e-16
0.9695 4.63563e-16
0.9705 4.63563e-16
0.9715 4.63563e-16
0.9725 4.63563e-16
0.9735 4.63563e-16
0.9745 4.63563e-16
0.9755 4.63563e-16
0.9765 4.63563e-16
0.9775 4.63563e-16
0.9785 4.63563e-16
0.9795 4.63563e-16
0.9805 4.63563e-16
0.9815 4.63563e-16
0.9825 4.63563e-16
0.9835 4.63563e-16
0.9845 4.63563e-16
0.9855 4.63563e-16
0.9865 4.63563e-16
0.9875 4.63563e-16
0.9885 4.63563e-16
0.9895 4.63563e-16
0.9905 4.63563e-16
0.9915 4.63563e-16
0.9925 4.63563e-16
0.9935 4.63563e-16
0.9945 4.63563e-16
0.9955 4.63563e-16
0.9965 4.63563e-16
0.9975 4.63563e-16
0.9985 4.63563e-16
0.9995 4.63563e-16

# time= 0.9936
0.0005 -0.001
0.0015 -0.001
0.0025 -0.001
0.0035 -0.001
0.0045 -0.001
0.0055 -0.001
0.0065 -0.001
0.0075 -0.001
0.0085 -0.001
0.0095 -0.001
0.0105 -0.001
0.0115 -0.001
0.0125 -0.001
0.0135 -0.001
0.0145 -0.001
0.0155 -0.001
0.0165 -0.001
0.0175 -0.001
0.0185 -0.001
0.0195 -0.001
0.0205 -0.001
0.0215 -0.001
0.0225 -0.001
0.0235 -0.001
0.0245 -0.001
0.0255 -0.001
0.0265 -0.001
0.0275 -0.001
0.0285 -0.001
0.0295 -0.001
0.0305 -0.001
0.0315 -0.001
0.0325 -0.001
0.0335 -0.001
0.0345 -0.001
0.0355 -0.001
0.0365 -0.001
0.0375 -0.001
0.0385 -0.001
0.0395 -0.001
0.0405 -0.001
0.0415 -0.001
0.0425 -0.001
0.0435 -0.001
0.0445 -0.001
0.0455 -0.001
0.0465 -0.001
0.0475 -0.001
0.0485 -0.001
0.0495 -0.001
0.0505 -0.001
0.0515 -0.001
0.0525 -0.001
0.0535 -0.001
0.0545 -0.001
0.0555 -0.001
0.0565 -0.001
0.0575 -0.001
0.0585 -0.001
0.0595 -0.001
0.0605 -0.001
0.0615 -0.001
0.0625 -0.001
0.0635 -0.001
0.0645 -0.001
0.0655 -0.001
0.0665 -0.001
0.0675 -0.001
0.0685 -0.001
0.0695 -0.001
0.0705 -0.001
0.0715 -0.001
0.0725 -0.001
0.0735 -0.001
0.0745 -0.001
0.0755 -0.001
0.0765 -0.001
0.0775 -0.001
0.0785 -0.001
0.0795 -0.001
0.0805 -0.001
0.0815 -0.001
0.0825 -0.001
0.0835 -0.001
0.0845 -0.001
0.0855 -0.001
0.0865 -0.001
0.0875 -0.001
0.0885 -0.001
0.0895 -0.001
0.0905 -0.001
0.0915 -0.001
0.0925 -0.001
0.0935 -0.001
0.0945 -0.001
0.0955 -0.001
0.0965 -0.001
0.0975 -0.001
0.0985 -0.001
0.0995 -0.001
0.1005 -0.001
0.1015 -0.001
0.1025 -0.001
0.1035 -0.001
0.1045 -0.001
0.1055 -0.001
0.1065 -0.001
0.1075 -0.001
0.1085 -0.001
0.1095 -0.001
0.1105 -0.001
0.1115 -0.001
0.1125 -0.001
0.1135 -0.001
0.1145 -0.001
0.1155 -0.001
0.1165 -0.001
0.1175 -0.001
0.1185 -0.001
0.1195 -0.001
0.1205 -0.001
0.1215 -0.001
0.1225 -0.001
0.1235 -0.001
0.1245 -0.001
0.1255 -0.001
0.1265 -0.001
0.1275 -0.001
0.1285 -0.001
0.1295 -0.001
0.1305 -0.001
0.1315 -0.001
0.1325 -0.001
0.1335 -0.001
0.1345 -0.001
0.1355 -0.001
0.1365 -0.001
0.1375 -0.001
0.1385 -0.001
0.1395 -0.001
0.1405 -0.001
0.1415 -0.001
0.1425 -0.001
0.1435 -0.001
0.1445 -0.001
0.1455 -0.001
0.1465 -0.001
0.1475 -0.001
0.1485 -0.001
0.1495 -0.001
0.1505 -0.001
0.1515 -0.001
0.1525 -0.001
0.1535 -0.001
0.1545 -0.001
0.1555 -0.001
0.1565 -0.001
0.1575 -0.001
0.1585 -0.001
0.1595 -0.001
0.1605 -0.001
0.1615 -0.001
0.1625 -0.001
0.1635 -0.001
0.1645 -0.001
0.1655 -0.001
0.1665 -0.001
0.1675 -0.001
0.1685 -0.001
0.1695 -0.001
0.1705 -0.001
0.1715 -0.001
0.1725 -0.001
0.1735 -0.001
0.1745 -0.001
0.1755 -0.001
0.1765 -0.001
0.1775 -0.001
0.1785 -0.001
0.1795 -0.001
0.1805 -0.001
0.1815 -0.001
0.1825 -0.001
0.1835 -0.001
0.1845 -0.001
0.1855 -0.001
0.1865 -0.001
0.1875 -0.001
0.1885 -0.001
0.1895 -0.001
0.1905 -0.001
0.1915 -0.001
0.1925 -0.001
0.1935 -0.001
0.1945 -0.001
0.1955 -0.001
0.1965 -0.001
0.1975 -0.001
0.1985 -0.001
0.1995 -0.001
0.2005 -0.001
0.2015 -0.001
0.2025 -0.001
0.2035 -0.001
0.2045 -0.001
0.2055 -0.001
0.2065 -0.001
0.2075 -0.001
0.2085 -0.001
0.2095 -0.001
0.2105 -0.001
0.2115 -0.001
0.2125 -0.001
0.2135 -0.001
0.2145 -0.001
0.2155 -0.001
0.2165 -0.001
0.2175 -0.001
0.2185 -0.001
0.2195 -0.001
0.2205 -0.001
0.2215 -0.001
0.2225 -0.001
0.2235 -0.001
0.2245 -0.001
0.2255 -0.001
0.2265 -0.001
0.2275 -0.001
0.2285 -0.001
0.2295 -0.001
0.2305 -0.001
0.2315 -0.001
0.2325 -0.001
0.2335 -0.001
0.2345 -0.001
0.2355 -0.001
0.2365 -0.001
0.2375 -0.001
0.2385 -0.001
0.2395 -0.001
0.2405 -0.001
0.2415 -0.001
0.2425 -0.001
0.2435 -0.001
0.2445 -0.001
0.2455 -0.001
0.2465 -0.001
0.2475 -0.001
0.2485 -0.001
0.2495 -0.001
0.2505 -0.001
0.2515 -0.001
0.2525 -0.001
0.2535 -0.001
0.2545 -0.001
0.2555 -0.001
0.2565 -0.001
0.2575 -0.001
0.2585 -0.001
0.2595 -0.001
0.2605 -0.001
0.2615 -0.001
0.2625 -0.001
0.2635 -0.001
0.2645 -0.001
0.2655 -0.001
0.2665 -0.001
0.2675 -0.001
0.2685 -0.001
0.2695 -0.001
0.2705 -0.001
0.2715 -0.001
0.2725 -0.001
0.2735 -0.001
0.2745 -0.001
0.2755 -0.001
0.2765 -0.001
0.2775 -0.001
0.2785 -0.001
0.2795 -0.001
0.2805 -0.001
0.2815 -0.001
0.2825 -0.001
0.2835 -0.001
0.2845 -0.001
0.2855 -0.001
0.2865 -0.001
0.2875 -0.001
0.2885 -0.001
0.2895 -0.001
0.2905 -0.001
0.2915 -0.001
0.2925 -0.001
0.2935 -0.001
0.2945 -0.001
0.2955 -0.001
0.2965 -0.001
0.2975 -0.001
0.2985 -0.001
0.2995 -0.001
0.3005 -0.001
0.3015 -0.001
0.3025 -0.001
0.3035 -0.001
0.3045 -0.001
0.3055 -0.001
0.3065 -0.001
0.3075 -0.001
0.3085 -0.001
0.3095 -0.001
0.3105 -0.001
0.3115 -0.001
0.3125 -0.001
0.3135 -0.001
0.3145 -0.001
0.3155 -0.001
0.3165 -0.001
0.3175 -0.001
0.3185 -0.001
0.3195 -0.001
0.3205 -0.001
0.3215 -0.001
0.3225 -0.001
0.3235 -0.001
0.3245 -0.001
0.3255 -0.001
0.3265 -0.001
0.3275 -0.001
0.3285 -0.001
0.3295 -0.001
0.3305 -0.001
0.3315 -0.001
0.3325 -0.001
0.3335 -0.001
0.3345 -0.001
0.3355 -0.001
0.3365 -0.001
0.3375 -0.001
0.3385 -0.001
0.3395 -0.001
0.3405 -0.001
0.3415 -0.001
0.3425 -0.001
0.3435 -0.001
0.3445 -0.001
0.3455 -0.001
0.3465 -0.001
0.3475 -0.001
0.3485 -0.001
0.3495 -0.001
0.3505 -0.001
0.3515 -0.001
0.3525 -0.001
0.3535 -0.001
0.3545 -0.001
0.3555 -0.001
0.3565 -0.001
0.3575 -0.001
0.3585 -0.001
0.3595 -0.001
0.3605 -0.000999999
0.3615 -0.000999998
0.3625 -0.000999995
0.3635 -0.000999989
0.3645 -0.000999975
0.3655 -0.000999943
0.3665 -0.000999876
0.3675 -0.000999732
0.3685 -0.000999427
0.3695 -0.000998795
0.3705 -0.000997502
0.3715 -0.000994895
0.3725 -0.000989724
0.3735 -0.000979624
0.3745 -0.000960214
0.3755 -0.000923525
0.3765 -0.000855327
0.3775 -0.000730728
0.3785 -0.000507059
0.3795 -0.000112742
0.3805 0.000569636
0.3815 0.00172819
0.3825 0.00365691
0.3835 0.0068033
0.3845 0.0118296
0.3855 0.0196862
0.3865 0.0316914
0.3875 0.0496205
0.3885 0.0749933
0.3895 0.106683
0.3905 0.142962
0.3915 0.182206
0.3925 0.22312
0.3935 0.2649
0.3945 0.307286
0.3955 0.349861
0.3965 0.391587
0.3975 0.430973
0.3985 0.466467
0.3995 0.499
0.4005 0.531533
0.4015 0.567027
0.4025 0.606413
0.4035 0.648139
0.4045 0.690714
0.4055 0.7331
0.4065 0.77488
0.4075 0.815794
0.4085 0.855038
0.4095 0.891317
0.4105 0.923007
0.4115 0.94838
0.4125 0.966309
0.4135 0.978314
0.4145 0.98617
0.4155 0.991197
0.4165 0.994343
0.4175 0.996272
0.4185 0.99743
0.4195 0.998113
0.4205 0.998507
0.4215 0.998731
0.4225 0.998855
0.4235 0.998924
0.4245 0.99896
0.4255 0.99898
0.4265 0.99899
0.4275 0.998995
0.4285 0.998998
0.4295 0.998999
0.4305 0.998999
0.4315 0.999
0.4325 0.999
0.4335 0.999
0.4345 0.999
0.4355 0.999
0.4365 0.999
0.4375 0.999
0.4385 0.999
0.4395 0.999
0.4405 0.999
0.4415 0.999
0.4425 0.999
0.4435 0.999
0.4445 0.999
0.4455 0.999
0.4465 0.999
0.4475 0.999
0.4485 0.999
0.4495 0.999
0.4505 0.999
0.4515 0.999
0.4525 0.999
0.4535 0.999
0.4545 0.999
0.4555 0.999
0.4565 0.999
0.4575 0.999
0.4585 0.999
0.4595 0.999
0.4605 0.999
0.4615 0.999
0.4625 0.999
0.4635 0.999
0.4645 0.999
0.4655 0.999
0.4665 0.999
0.4675 0.999
0.4685 0.999
0.4695 0.999
0.4705 0.999
0.4715 0.999
0.4725 0.999
0.4735 0.999
0.4745 0.999
0.4755 0.999
0.4765 0.999
0.4775 0.999
0.4785 0.999
0.4795 0.999
0.4805 0.999
0.4815 0.999
0.4825 0.999
0.4835 0.999
0.4845 0.999
0.4855 0.999
0.4865 0.999
0.4875 0.999
0.4885 0.999
0.4895 0.999
0.4905 0.999
0.4915 0.999
0.4925 0.999
0.4935 0.999
0.4945 0.999
0.4955 0.999
0.4965 0.999
0.4975 0.999
0.4985 0.999
0.4995 0.999
0.5005 0.999
0.5015 0.999
0.5025 0.999
0.5035 0.999
0.5045 0.999
0.5055 0.999
0.5065 0.999
0.5075 0.999
0.5085 0.999
0.5095 0.999
0.5105 0.999
0.5115 0.999
0.5125 0.999
0.5135 0.999
0.5145 0.999
0.5155 0.999
0.5165 0.999
0.5175 0.999
0.5185 0.999
0.5195 0.999
0.5205 0.999
0.5215 0.999
0.5225 0.999
0.5235 0.999
0.5245 0.999
0.5255 0.999
0.5265 0.999
0.5275 0.999
0.5285 0.999
0.5295 0.999
0.5305 0.999
0.5315 0.999
0.5325 0.999
0.5335 0.999
0.5345 0.999
0.5355 0.999
0.5365 0.999
0.5375 0.999
0.5385 0.999
0.5395 0.999
0.5405 0.999
0.5415 0.999
0.5425 0.999
0.5435 0.999
0.5445 0.999
0.5455 0.999
0.5465 0.999
0.5475 0.999
0.5485 0.999
0.5495 0.999
0.5505 0.999
0.5515 0.999
0.5525 0.999
0.5535 0.999
0.5545 0.999
0.5555 0.999
0.5565 0.999
0.5575 0.999
0.5585 0.999
0.5595 0.999
0.5605 0.999
0.5615 0.999
0.5625 0.999
0.5635 0.999
0.5645 0.999
0.5655 0.999
0.5665 0.999
0.5675 0.999
0.5685 0.999
0.5695 0.998999
0.5705 0.998999
0.5715 0.998998
0.5725 0.998995
0.5735 0.99899
0.5745 0.99898
0.5755 0.99896
0.5765 0.998924
0.5775 0.998855
0.5785 0.998731
0.5795 0.998507
0.5805 0.998113
0.5815 0.99743
0.5825 0.996272
0.5835 0.994343
0.5845 0.991197
0.5855 0.98617
0.5865 0.978314
0.5875 0.966309
0.5885 0.94838
0.5895 0.923007
0.5905 0.891317
0.5915 0.855038
0.5925 0.815794
0.5935 0.77488
0.5945 0.7331
0.5955 0.690714
0.5965 0.648139
0.5975 0.606413
0.5985 0.567027
0.5995 0.531533
0.6005 0.499
0.6015 0.466467
0.6025 0.430973
0.6035 0.391587
0.6045 0.349861
0.6055 0.307286
0.6065 0.2649
0.6075 0.22312
0.6085 0.182206
0.6095 0.142962
0.6105 0.106683
0.6115 0.0749933
0.6125 0.0496205
0.6135 0.0316914
0.6145 0.0196862
0.6155 0.0118296
0.6165 0.0068033
0.6175 0.00365691
0.6185 0.00172819
0.6195 0.000569636
0.6205 -0.000112742
0.6215 -0.000507059
0.6225 -0.000730728
0.6235 -0.000855327
0.6245 -0.000923525
0.6255 -0.000960214
0.6265 -0.000979624
0.6275 -0.000989724
0.6285 -0.000994895
0.6295 -0.000997502
0.6305 -0.000998795
0.6315 -0.000999427
0.6325 -0.000999732
0.6335 -0.000999876
0.6345 -0.000999943
0.6355 -0.000999975
0.6365 -0.000999989
0.6375 -0.000999995
0.6385 -0.000999998
0.6395 -0.000999999
0.6405 -0.001
0.6415 -0.001
0.6425 -0.001
0.6435 -0.001
0.6445 -0.001
0.6455 -0.001
0.6465 -0.001
0.6475 -0.001
0.6485 -0.001
0.6495 -0.001
0.6505 -0.001
0.6515 -0.001
0.6525 -0.001
0.6535 -0.001
0.6545 -0.001
0.6555 -0.001
0.6565 -0.001
0.6575 -0.001
0.6585 -0.001
0.6595 -0.001
0.6605 -0.001
0.6615 -0.001
0.6625 -0.001
0.6635 -0.001
0.6645 -0.001
0.6655 -0.001
0.6665 -0.001
0.6675 -0.001
0.6685 -0.001
0.6695 -0.001
0.6705 -0.001
0.6715 -0.001
0.6725 -0.001
0.6735 -0.001
0.6745 -0.001
0.6755 -0.001
0.6765 -0.001
0.6775 -0.001
0.6785 -0.001
0.6795 -0.001
0.6805 -0.001
0.6815 -0.001
0.6825 -0.001
0.6835 -0.001
0.6845 -0.001
0.6855 -0.001
0.6865 -0.001
0.6875 -0.001
0.6885 -0.001
0.6895 -0.001
0.6905 -0.001
0.6915 -0.001
0.6925 -0.001
0.6935 -0.001
0.6945 -0.001
0.6955 -0.001
0.6965 -0.001
0.6975 -0.001
0.6985 -0.001
0.6995 -0.001
0.7005 -0.001
0.7015 -0.001
0.7025 -0.001
0.7035 -0.001
0.7045 -0.001
0.7055 -0.001
0.7065 -0.001
0.7075 -0.001
0.7085 -0.001
0.7095 -0.001
0.7105 -0.001
0.7115 -0.001
0.7125 -0.001
0.7135 -0.001
0.7145 -0.001
0.7155 -0.001
0.7165 -0.001
0.7175 -0.001
0.7185 -0.001
0.7195 -0.001
0.7205 -0.001
0.7215 -0.001
0.7225 -0.001
0.7235 -0.001
0.7245 -0.001
0.7255 -0.001
0.7265 -0.001
0.7275 -0.001
0.7285 -0.001
0.7295 -0.001
0.7305 -0.001
0.7315 -0.001
0.7325 -0.001
0.7335 -0.001
0.7345 -0.001
0.7355 -0.001
0.7365 -0.001
0.7375 -0.001
0.7385 -0.001
0.7395 -0.001
0.7405 -0.001
0.7415 -0.001
0.7425 -0.001
0.7435 -0.001
0.7445 -0.001
0.7455 -0.001
0.7465 -0.001
0.7475 -0.001
0.7485 -0.001
0.7495 -0.001
0.7505 -0.001
0.7515 -0.001
0.7525 -0.001
0.7535 -0.001
0.7545 -0.001
0.7555 -0.001
0.7565 -0.001
0.7575 -0.001
0.7585 -0.001
0.7595 -0.001
0.7605 -0.001
0.7615 -0.001
0.7625 -0.001
0.7635 -0.001
0.7645 -0.001
0.7655 -0.001
0.7665 -0.001
0.7675 -0.001
0.7685 -0.001
0.7695 -0.001
0.7705 -0.001
0.7715 -0.001
0.7725 -0.001
0.7735 -0.001
0.7745 -0.001
0.7755 -0.001
0.7765 -0.001
0.7775 -0.001
0.7785 -0.001
0.7795 -0.001
0.7805 -0.001
0.7815 -0.001
0.7825 -0.001
0.7835 -0.001
0.7845 -0.001
0.7855 -0.001
0.7865 -0.001
0.7875 -0.001
0.7885 -0.001
0.7895 -0.001
0.7905 -0.001
0.7915 -0.001
0.7925 -0.001
0.7935 -0.001
0.7945 -0.001
0.7955 -0.001
0.7965 -0.001
0.7975 -0.001
0.7985 -0.001
0.7995 -0.001
0.8005 -0.001
0.8015 -0.001
0.8025 -0.001
0.8035 -0.001
0.8045 -0.001
0.8055 -0.001
0.8065 -0.001
0.8075 -0.001
0.8085 -0.001
0.8095 -0.001
0.8105 -0.001
0.8115 -0.001
0.8125 -0.001
0.8135 -0.001
0.8145 -0.001
0.8155 -0.001
0.8165 -0.001
0.8175 -0.001
0.8185 -0.001
0.8195 -0.001
0.8205 -0.001
0.8215 -0.001
0.8225 -0.001
0.8235 -0.001
0.8245 -0.001
0.8255 -0.001
0.8265 -0.001
0.8275 -0.001
0.8285 -0.001
0.8295 -0.001
0.8305 -0.001
0.8315 -0.001
0.8325 -0.001
0.8335 -0.001
0.8345 -0.001
0.8355 -0.001
0.8365 -0.001
0.8375 -0.001
0.8385 -0.001
0.8395 -0.001
0.8405 -0.001
0.8415 -0.001
0.8425 -0.001
0.8435 -0.001
0.8445 -0.001
0.8455 -0.001
0.8465 -0.001
0.8475 -0.001
0.8485 -0.001
0.8495 -0.001
0.8505 -0.001
0.8515 -0.001
0.8525 -0.001
0.8535 -0.001
0.8545 -0.001
0.8555 -0.001
0.8565 -0.001
0.8575 -0.001
0.8585 -0.001
0.8595 -0.001
0.8605 -0.001
0.8615 -0.001
0.8625 -0.001
0.8635 -0.001
0.8645 -0.001
0.8655 -0.001
0.8665 -0.001
0.8675 -0.001
0.8685 -0.001
0.8695 -0.001
0.8705 -0.001
0.8715 -0.001
0.8725 -0.001
0.8735 -0.001
0.8745 -0.001
0.8755 -0.001
0.8765 -0.001
0.8775 -0.001
0.8785 -0.001
0.8795 -0.001
0.8805 -0.001
0.8815 -0.001
0.8825 -0.001
0.8835 -0.001
0.8845 -0.001
0.8855 -0.001
0.8865 -0.001
0.8875 -0.001
0.8885 -0.001
0.8895 -0.001
0.8905 -0.001
0.8915 -0.001
0.8925 -0.001
0.8935 -0.001
0.8945 -0.001
0.8955 -0.001
0.8965 -0.001
0.8975 -0.001
0.8985 -0.001
0.8995 -0.001
0.9005 -0.001
0.9015 -0.001
0.9025 -0.001
0.9035 -0.001
0.9045 -0.001
0.9055 -0.001
0.9065 -0.001
0.9075 -0.001
0.9085 -0.001
0.9095 -0.001
0.9105 -0.001
0.9115 -0.001
0.9125 -0.001
0.9135 -0.001
0.9145 -0.001
0.9155 -0.001
0.9165 -0.001
0.9175 -0.001
0.9185 -0.001
0.9195 -0.001
0.9205 -0.001
0.9215 -0.001
0.9225 -0.001
0.9235 -0.001
0.9245 -0.001
0.9255 -0.001
0.9265 -0.001
0.9275 -0.001
0.9285 -0.001
0.9295 -0.001
0.9305 -0.001
0.9315 -0.001
0.9325 -0.001
0.9335 -0.001
0.9345 -0.001
0.9355 -0.001
0.9365 -0.001
0.9375 -0.001
0.9385 -0.001
0.9395 -0.001
0.9405 -0.001
0.9415 -0.001
0.9425 -0.001
0.9435 -0.001
0.9445 -0.001
0.9455 -0.001
0.9465 -0.001
0.9475 -0.001
0.9485 -0.001
0.9495 -0.001
0.9505 -0.001
0.9515 -0.001
0.9525 -0.001
0.9535 -0.001
0.9545 -0.001
0.9555 -0.001
0.9565 -0.001
0.9575 -0.001
0.9585 -0.001
0.9595 -0.001
0.9605 -0.001
0.9615 -0.001
0.9625 -0.001
0.9635 -0.001
0.9645 -0.001
0.9655 -0.001
0.9665 -0.001
0.9675 -0.001
0.9685 -0.001
0.9695 -0.001
0.9705 -0.001
0.9715 -0.001
0.9725 -0.001
0.9735 -0.001
0.9745 -0.001
0.9755 -0.001
0.9765 -0.001
0.9775 -0.001
0.9785 -0.001
0.9795 -0.001
0.9805 -0.001
0.9815 -0.001
0.9825 -0.001
0.9835 -0.001
0.9845 -0.001
0.9855 -0.001
0.9865 -0.001
0.9875 -0.001
0.9885 -0.001
0.9895 -0.001
0.9905 -0.001
0.9915 -0.001
0.9925 -0.001
0.9935 -0.001
0.9945 -0.001
0.9955 -0.001
0.9965 -0.001
0.9975 -0.001
0.9985 -0.001
0.9995 -0.001
