
# time= 0
0.0005 1
0.0015 1
0.0025 1
0.0035 1
0.0045 1
0.0055 1
0.0065 1
0.0075 1
0.0085 1
0.0095 1
0.0105 1
0.0115 1
0.0125 1
0.0135 1
0.0145 1
0.0155 1
0.0165 1
0.0175 1
0.0185 1
0.0195 1
0.0205 1
0.0215 1
0.0225 1
0.0235 1
0.0245 1
0.0255 1
0.0265 1
0.0275 1
0.0285 1
0.0295 1
0.0305 1
0.0315 1
0.0325 1
0.0335 1
0.0345 1
0.0355 1
0.0365 1
0.0375 1
0.0385 1
0.0395 1
0.0405 1
0.0415 1
0.0425 1
0.0435 1
0.0445 1
0.0455 1
0.0465 1
0.0475 1
0.0485 1
0.0495 1
0.0505 1
0.0515 1
0.0525 1
0.0535 1
0.0545 1
0.0555 1
0.0565 1
0.0575 1
0.0585 1
0.0595 1
0.0605 1
0.0615 1
0.0625 1
0.0635 1
0.0645 1
0.0655 1
0.0665 1
0.0675 1
0.0685 1
0.0695 1
0.0705 1
0.0715 1
0.0725 1
0.0735 1
0.0745 1
0.0755 1
0.0765 1
0.0775 1
0.0785 1
0.0795 1
0.0805 1
0.0815 1
0.0825 1
0.0835 1
0.0845 1
0.0855 1
0.0865 1
0.0875 1
0.0885 1
0.0895 1
0.0905 1
0.0915 1
0.0925 1
0.0935 1
0.0945 1
0.0955 1
0.0965 1
0.0975 1
0.0985 1
0.0995 1
0.1005 1
0.1015 1
0.1025 1
0.1035 1
0.1045 1
0.1055 1
0.1065 1
0.1075 1
0.1085 1
0.1095 1
0.1105 1
0.1115 1
0.1125 1
0.1135 1
0.1145 1
0.1155 1
0.1165 1
0.1175 1
0.1185 1
0.1195 1
0.1205 1
0.1215 1
0.1225 1
0.1235 1
0.1245 1
0.1255 1
0.1265 1
0.1275 1
0.1285 1
0.1295 1
0.1305 1
0.1315 1
0.1325 1
0.1335 1
0.1345 1
0.1355 1
0.1365 1
0.1375 1
0.1385 1
0.1395 1
0.1405 1
0.1415 1
0.1425 1
0.1435 1
0.1445 1
0.1455 1
0.1465 1
0.1475 1
0.1485 1
0.1495 1
0.1505 1
0.1515 1
0.1525 1
0.1535 1
0.1545 1
0.1555 1
0.1565 1
0.1575 1
0.1585 1
0.1595 1
0.1605 1
0.1615 1
0.1625 1
0.1635 1
0.1645 1
0.1655 1
0.1665 1
0.1675 1
0.1685 1
0.1695 1
0.1705 1
0.1715 1
0.1725 1
0.1735 1
0.1745 1
0.1755 1
0.1765 1
0.1775 1
0.1785 1
0.1795 1
0.1805 1
0.1815 1
0.1825 1
0.1835 1
0.1845 1
0.1855 1
0.1865 1
0.1875 1
0.1885 1
0.1895 1
0.1905 1
0.1915 1
0.1925 1
0.1935 1
0.1945 1
0.1955 1
0.1965 1
0.1975 1
0.1985 1
0.1995 1
0.2005 1
0.2015 1
0.2025 1
0.2035 1
0.2045 1
0.2055 1
0.2065 1
0.2075 1
0.2085 1
0.2095 1
0.2105 1
0.2115 1
0.2125 1
0.2135 1
0.2145 1
0.2155 1
0.2165 1
0.2175 1
0.2185 1
0.2195 1
0.2205 1
0.2215 1
0.2225 1
0.2235 1
0.2245 1
0.2255 1
0.2265 1
0.2275 1
0.2285 1
0.2295 1
0.2305 1
0.2315 1
0.2325 1
0.2335 1
0.2345 1
0.2355 1
0.2365 1
0.2375 1
0.2385 1
0.2395 1
0.2405 1
0.2415 1
0.2425 1
0.2435 1
0.2445 1
0.2455 1
0.2465 1
0.2475 1
0.2485 1
0.2495 1
0.2505 1
0.2515 1
0.2525 1
0.2535 1
0.2545 1
0.2555 1
0.2565 1
0.2575 1
0.2585 1
0.2595 1
0.2605 1
0.2615 1
0.2625 1
0.2635 1
0.2645 1
0.2655 1
0.2665 1
0.2675 1
0.2685 1
0.2695 1
0.2705 1
0.2715 1
0.2725 1
0.2735 1
0.2745 1
0.2755 1
0.2765 1
0.2775 1
0.2785 1
0.2795 1
0.2805 1
0.2815 1
0.2825 1
0.2835 1
0.2845 1
0.2855 1
0.2865 1
0.2875 1
0.2885 1
0.2895 1
0.2905 1
0.2915 1
0.2925 1
0.2935 1
0.2945 1
0.2955 1
0.2965 1
0.2975 1
0.2985 1
0.2995 1
0.3005 0.5
0.3015 0.5
0.3025 0.5
0.3035 0.5
0.3045 0.5
0.3055 0.5
0.3065 0.5
0.3075 0.5
0.3085 0.5
0.3095 0.5
0.3105 0.5
0.3115 0.5
0.3125 0.5
0.3135 0.5
0.3145 0.5
0.3155 0.5
0.3165 0.5
0.3175 0.5
0.3185 0.5
0.3195 0.5
0.3205 0.5
0.3215 0.5
0.3225 0.5
0.3235 0.5
0.3245 0.5
0.3255 0.5
0.3265 0.5
0.3275 0.5
0.3285 0.5
0.3295 0.5
0.3305 0.5
0.3315 0.5
0.3325 0.5
0.3335 0.5
0.3345 0.5
0.3355 0.5
0.3365 0.5
0.3375 0.5
0.3385 0.5
0.3395 0.5
0.3405 0.5
0.3415 0.5
0.3425 0.5
0.3435 0.5
0.3445 0.5
0.3455 0.5
0.3465 0.5
0.3475 0.5
0.3485 0.5
0.3495 0.5
0.3505 0.5
0.3515 0.5
0.3525 0.5
0.3535 0.5
0.3545 0.5
0.3555 0.5
0.3565 0.5
0.3575 0.5
0.3585 0.5
0.3595 0.5
0.3605 0.5
0.3615 0.5
0.3625 0.5
0.3635 0.5
0.3645 0.5
0.3655 0.5
0.3665 0.5
0.3675 0.5
0.3685 0.5
0.3695 0.5
0.3705 0.5
0.3715 0.5
0.3725 0.5
0.3735 0.5
0.3745 0.5
0.3755 0.5
0.3765 0.5
0.3775 0.5
0.3785 0.5
0.3795 0.5
0.3805 0.5
0.3815 0.5
0.3825 0.5
0.3835 0.5
0.3845 0.5
0.3855 0.5
0.3865 0.5
0.3875 0.5
0.3885 0.5
0.3895 0.5
0.3905 0.5
0.3915 0.5
0.3925 0.5
0.3935 0.5
0.3945 0.5
0.3955 0.5
0.3965 0.5
0.3975 0.5
0.3985 0.5
0.3995 0.5
0.4005 0.5
0.4015 0.5
0.4025 0.5
0.4035 0.5
0.4045 0.5
0.4055 0.5
0.4065 0.5
0.4075 0.5
0.4085 0.5
0.4095 0.5
0.4105 0.5
0.4115 0.5
0.4125 0.5
0.4135 0.5
0.4145 0.5
0.4155 0.5
0.4165 0.5
0.4175 0.5
0.4185 0.5
0.4195 0.5
0.4205 0.5
0.4215 0.5
0.4225 0.5
0.4235 0.5
0.4245 0.5
0.4255 0.5
0.4265 0.5
0.4275 0.5
0.4285 0.5
0.4295 0.5
0.4305 0.5
0.4315 0.5
0.4325 0.5
0.4335 0.5
0.4345 0.5
0.4355 0.5
0.4365 0.5
0.4375 0.5
0.4385 0.5
0.4395 0.5
0.4405 0.5
0.4415 0.5
0.4425 0.5
0.4435 0.5
0.4445 0.5
0.4455 0.5
0.4465 0.5
0.4475 0.5
0.4485 0.5
0.4495 0.5
0.4505 0.5
0.4515 0.5
0.4525 0.5
0.4535 0.5
0.4545 0.5
0.4555 0.5
0.4565 0.5
0.4575 0.5
0.4585 0.5
0.4595 0.5
0.4605 0.5
0.4615 0.5
0.4625 0.5
0.4635 0.5
0.4645 0.5
0.4655 0.5
0.4665 0.5
0.4675 0.5
0.4685 0.5
0.4695 0.5
0.4705 0.5
0.4715 0.5
0.4725 0.5
0.4735 0.5
0.4745 0.5
0.4755 0.5
0.4765 0.5
0.4775 0.5
0.4785 0.5
0.4795 0.5
0.4805 0.5
0.4815 0.5
0.4825 0.5
0.4835 0.5
0.4845 0.5
0.4855 0.5
0.4865 0.5
0.4875 0.5
0.4885 0.5
0.4895 0.5
0.4905 0.5
0.4915 0.5
0.4925 0.5
0.4935 0.5
0.4945 0.5
0.4955 0.5
0.4965 0.5
0.4975 0.5
0.4985 0.5
0.4995 0.5
0.5005 0.5
0.5015 0.5
0.5025 0.5
0.5035 0.5
0.5045 0.5
0.5055 0.5
0.5065 0.5
0.5075 0.5
0.5085 0.5
0.5095 0.5
0.5105 0.5
0.5115 0.5
0.5125 0.5
0.5135 0.5
0.5145 0.5
0.5155 0.5
0.5165 0.5
0.5175 0.5
0.5185 0.5
0.5195 0.5
0.5205 0.5
0.5215 0.5
0.5225 0.5
0.5235 0.5
0.5245 0.5
0.5255 0.5
0.5265 0.5
0.5275 0.5
0.5285 0.5
0.5295 0.5
0.5305 0.5
0.5315 0.5
0.5325 0.5
0.5335 0.5
0.5345 0.5
0.5355 0.5
0.5365 0.5
0.5375 0.5
0.5385 0.5
0.5395 0.5
0.5405 0.5
0.5415 0.5
0.5425 0.5
0.5435 0.5
0.5445 0.5
0.5455 0.5
0.5465 0.5
0.5475 0.5
0.5485 0.5
0.5495 0.5
0.5505 0.5
0.5515 0.5
0.5525 0.5
0.5535 0.5
0.5545 0.5
0.5555 0.5
0.5565 0.5
0.5575 0.5
0.5585 0.5
0.5595 0.5
0.5605 0.5
0.5615 0.5
0.5625 0.5
0.5635 0.5
0.5645 0.5
0.5655 0.5
0.5665 0.5
0.5675 0.5
0.5685 0.5
0.5695 0.5
0.5705 0.5
0.5715 0.5
0.5725 0.5
0.5735 0.5
0.5745 0.5
0.5755 0.5
0.5765 0.5
0.5775 0.5
0.5785 0.5
0.5795 0.5
0.5805 0.5
0.5815 0.5
0.5825 0.5
0.5835 0.5
0.5845 0.5
0.5855 0.5
0.5865 0.5
0.5875 0.5
0.5885 0.5
0.5895 0.5
0.5905 0.5
0.5915 0.5
0.5925 0.5
0.5935 0.5
0.5945 0.5
0.5955 0.5
0.5965 0.5
0.5975 0.5
0.5985 0.5
0.5995 0.5
0.6005 0
0.6015 0
0.6025 0
0.6035 0
0.6045 0
0.6055 0
0.6065 0
0.6075 0
0.6085 0
0.6095 0
0.6105 0
0.6115 0
0.6125 0
0.6135 0
0.6145 0
0.6155 0
0.6165 0
0.6175 0
0.6185 0
0.6195 0
0.6205 0
0.6215 0
0.6225 0
0.6235 0
0.6245 0
0.6255 0
0.6265 0
0.6275 0
0.6285 0
0.6295 0
0.6305 0
0.6315 0
0.6325 0
0.6335 0
0.6345 0
0.6355 0
0.6365 0
0.6375 0
0.6385 0
0.6395 0
0.6405 0
0.6415 0
0.6425 0
0.6435 0
0.6445 0
0.6455 0
0.6465 0
0.6475 0
0.6485 0
0.6495 0
0.6505 0
0.6515 0
0.6525 0
0.6535 0
0.6545 0
0.6555 0
0.6565 0
0.6575 0
0.6585 0
0.6595 0
0.6605 0
0.6615 0
0.6625 0
0.6635 0
0.6645 0
0.6655 0
0.6665 0
0.6675 0
0.6685 0
0.6695 0
0.6705 0
0.6715 0
0.6725 0
0.6735 0
0.6745 0
0.6755 0
0.6765 0
0.6775 0
0.6785 0
0.6795 0
0.6805 0
0.6815 0
0.6825 0
0.6835 0
0.6845 0
0.6855 0
0.6865 0
0.6875 0
0.6885 0
0.6895 0
0.6905 0
0.6915 0
0.6925 0
0.6935 0
0.6945 0
0.6955 0
0.6965 0
0.6975 0
0.6985 0
0.6995 0
0.7005 0
0.7015 0
0.7025 0
0.7035 0
0.7045 0
0.7055 0
0.7065 0
0.7075 0
0.7085 0
0.7095 0
0.7105 0
0.7115 0
0.7125 0
0.7135 0
0.7145 0
0.7155 0
0.7165 0
0.7175 0
0.7185 0
0.7195 0
0.7205 0
0.7215 0
0.7225 0
0.7235 0
0.7245 0
0.7255 0
0.7265 0
0.7275 0
0.7285 0
0.7295 0
0.7305 0
0.7315 0
0.7325 0
0.7335 0
0.7345 0
0.7355 0
0.7365 0
0.7375 0
0.7385 0
0.7395 0
0.7405 0
0.7415 0
0.7425 0
0.7435 0
0.7445 0
0.7455 0
0.7465 0
0.7475 0
0.7485 0
0.7495 0
0.7505 0
0.7515 0
0.7525 0
0.7535 0
0.7545 0
0.7555 0
0.7565 0
0.7575 0
0.7585 0
0.7595 0
0.7605 0
0.7615 0
0.7625 0
0.7635 0
0.7645 0
0.7655 0
0.7665 0
0.7675 0
0.7685 0
0.7695 0
0.7705 0
0.7715 0
0.7725 0
0.7735 0
0.7745 0
0.7755 0
0.7765 0
0.7775 0
0.7785 0
0.7795 0
0.7805 0
0.7815 0
0.7825 0
0.7835 0
0.7845 0
0.7855 0
0.7865 0
0.7875 0
0.7885 0
0.7895 0
0.7905 0
0.7915 0
0.7925 0
0.7935 0
0.7945 0
0.7955 0
0.7965 0
0.7975 0
0.7985 0
0.7995 0
0.8005 0
0.8015 0
0.8025 0
0.8035 0
0.8045 0
0.8055 0
0.8065 0
0.8075 0
0.8085 0
0.8095 0
0.8105 0
0.8115 0
0.8125 0
0.8135 0
0.8145 0
0.8155 0
0.8165 0
0.8175 0
0.8185 0
0.8195 0
0.8205 0
0.8215 0
0.8225 0
0.8235 0
0.8245 0
0.8255 0
0.8265 0
0.8275 0
0.8285 0
0.8295 0
0.8305 0
0.8315 0
0.8325 0
0.8335 0
0.8345 0
0.8355 0
0.8365 0
0.8375 0
0.8385 0
0.8395 0
0.8405 0
0.8415 0
0.8425 0
0.8435 0
0.8445 0
0.8455 0
0.8465 0
0.8475 0
0.8485 0
0.8495 0
0.8505 0
0.8515 0
0.8525 0
0.8535 0
0.8545 0
0.8555 0
0.8565 0
0.8575 0
0.8585 0
0.8595 0
0.8605 0
0.8615 0
0.8625 0
0.8635 0
0.8645 0
0.8655 0
0.8665 0
0.8675 0
0.8685 0
0.8695 0
0.8705 0
0.8715 0
0.8725 0
0.8735 0
0.8745 0
0.8755 0
0.8765 0
0.8775 0
0.8785 0
0.8795 0
0.8805 0
0.8815 0
0.8825 0
0.8835 0
0.8845 0
0.8855 0
0.8865 0
0.8875 0
0.8885 0
0.8895 0
0.8905 0
0.8915 0
0.8925 0
0.8935 0
0.8945 0
0.8955 0
0.8965 0
0.8975 0
0.8985 0
0.8995 0
0.9005 0
0.9015 0
0.9025 0
0.9035 0
0.9045 0
0.9055 0
0.9065 0
0.9075 0
0.9085 0
0.9095 0
0.9105 0
0.9115 0
0.9125 0
0.9135 0
0.9145 0
0.9155 0
0.9165 0
0.9175 0
0.9185 0
0.9195 0
0.9205 0
0.9215 0
0.9225 0
0.9235 0
0.9245 0
0.9255 0
0.9265 0
0.9275 0
0.9285 0
0.9295 0
0.9305 0
0.9315 0
0.9325 0
0.9335 0
0.9345 0
0.9355 0
0.9365 0
0.9375 0
0.9385 0
0.9395 0
0.9405 0
0.9415 0
0.9425 0
0.9435 0
0.9445 0
0.9455 0
0.9465 0
0.9475 0
0.9485 0
0.9495 0
0.9505 0
0.9515 0
0.9525 0
0.9535 0
0.9545 0
0.9555 0
0.9565 0
0.9575 0
0.9585 0
0.9595 0
0.9605 0
0.9615 0
0.9625 0
0.9635 0
0.9645 0
0.9655 0
0.9665 0
0.9675 0
0.9685 0
0.9695 0
0.9705 0
0.9715 0
0.9725 0
0.9735 0
0.9745 0
0.9755 0
0.9765 0
0.9775 0
0.9785 0
0.9795 0
0.9805 0
0.9815 0
0.9825 0
0.9835 0
0.9845 0
0.9855 0
0.9865 0
0.9875 0
0.9885 0
0.9895 0
0.9905 0
0.9915 0
0.9925 0
0.9935 0
0.9945 0
0.9955 0
0.9965 0
0.9975 0
0.9985 0
0.9995 0

# time= 0.25
0.0005 0.5
0.0015 0.5
0.0025 0.5
0.0035 0.5
0.0045 0.5
0.0055 0.5
0.0065 0.5
0.0075 0.5
0.0085 0.5
0.0095 0.5
0.0105 0.5
0.0115 0.5
0.0125 0.5
0.0135 0.5
0.0145 0.5
0.0155 0.5
0.0165 0.5
0.0175 0.5
0.0185 0.5
0.0195 0.5
0.0205 0.5
0.0215 0.5
0.0225 0.5
0.0235 0.5
0.0245 0.5
0.0255 0.5
0.0265 0.5
0.0275 0.5
0.0285 0.5
0.0295 0.5
0.0305 0.5
0.0315 0.5
0.0325 0.5
0.0335 0.5
0.0345 0.5
0.0355 0.5
0.0365 0.5
0.0375 0.5
0.0385 0.5
0.0395 0.5
0.0405 0.5
0.0415 0.5
0.0425 0.5
0.0435 0.5
0.0445 0.5
0.0455 0.5
0.0465 0.5
0.0475 0.5
0.0485 0.5
0.0495 0.4375
0.0505 0.3125
0.0515 0.25
0.0525 0.25
0.0535 0.25
0.0545 0.25
0.0555 0.25
0.0565 0.25
0.0575 0.25
0.0585 0.25
0.0595 0.25
0.0605 0.25
0.0615 0.25
0.0625 0.25
0.0635 0.25
0.0645 0.25
0.0655 0.25
0.0665 0.25
0.0675 0.25
0.0685 0.25
0.0695 0.25
0.0705 0.25
0.0715 0.25
0.0725 0.25
0.0735 0.25
0.0745 0.25
0.0755 0.25
0.0765 0.25
0.0775 0.25
0.0785 0.25
0.0795 0.25
0.0805 0.25
0.0815 0.25
0.0825 0.25
0.0835 0.25
0.0845 0.25
0.0855 0.25
0.0865 0.25
0.0875 0.25
0.0885 0.25
0.0895 0.25
0.0905 0.25
0.0915 0.25
0.0925 0.25
0.0935 0.25
0.0945 0.25
0.0955 0.25
0.0965 0.25
0.0975 0.25
0.0985 0.25
0.0995 0.25
0.1005 0.25
0.1015 0.25
0.1025 0.25
0.1035 0.25
0.1045 0.25
0.1055 0.25
0.1065 0.25
0.1075 0.25
0.1085 0.25
0.1095 0.25
0.1105 0.25
0.1115 0.25
0.1125 0.25
0.1135 0.25
0.1145 0.25
0.1155 0.25
0.1165 0.25
0.1175 0.25
0.1185 0.25
0.1195 0.25
0.1205 0.25
0.1215 0.25
0.1225 0.25
0.1235 0.25
0.1245 0.25
0.1255 0.25
0.1265 0.25
0.1275 0.25
0.1285 0.25
0.1295 0.25
0.1305 0.25
0.1315 0.25
0.1325 0.25
0.1335 0.25
0.1345 0.25
0.1355 0.25
0.1365 0.25
0.1375 0.25
0.1385 0.25
0.1395 0.25
0.1405 0.25
0.1415 0.25
0.1425 0.25
0.1435 0.25
0.1445 0.25
0.1455 0.25
0.1465 0.25
0.1475 0.25
0.1485 0.25
0.1495 0.25
0.1505 0.25
0.1515 0.25
0.1525 0.25
0.1535 0.25
0.1545 0.25
0.1555 0.25
0.1565 0.25
0.1575 0.25
0.1585 0.25
0.1595 0.25
0.1605 0.25
0.1615 0.25
0.1625 0.25
0.1635 0.25
0.1645 0.25
0.1655 0.25
0.1665 0.25
0.1675 0.25
0.1685 0.25
0.1695 0.25
0.1705 0.25
0.1715 0.25
0.1725 0.25
0.1735 0.25
0.1745 0.25
0.1755 0.25
0.1765 0.25
0.1775 0.25
0.1785 0.25
0.1795 0.25
0.1805 0.25
0.1815 0.25
0.1825 0.25
0.1835 0.25
0.1845 0.25
0.1855 0.25
0.1865 0.25
0.1875 0.25
0.1885 0.25
0.1895 0.25
0.1905 0.25
0.1915 0.25
0.1925 0.25
0.1935 0.25
0.1945 0.25
0.1955 0.25
0.1965 0.25
0.1975 0.25
0.1985 0.25
0.1995 0.25
0.2005 0.25
0.2015 0.25
0.2025 0.25
0.2035 0.25
0.2045 0.25
0.2055 0.25
0.2065 0.25
0.2075 0.25
0.2085 0.25
0.2095 0.25
0.2105 0.25
0.2115 0.25
0.2125 0.25
0.2135 0.25
0.2145 0.25
0.2155 0.25
0.2165 0.25
0.2175 0.25
0.2185 0.25
0.2195 0.25
0.2205 0.25
0.2215 0.25
0.2225 0.25
0.2235 0.25
0.2245 0.25
0.2255 0.25
0.2265 0.25
0.2275 0.25
0.2285 0.25
0.2295 0.25
0.2305 0.25
0.2315 0.25
0.2325 0.25
0.2335 0.25
0.2345 0.25
0.2355 0.25
0.2365 0.25
0.2375 0.25
0.2385 0.25
0.2395 0.25
0.2405 0.25
0.2415 0.25
0.2425 0.25
0.2435 0.25
0.2445 0.25
0.2455 0.25
0.2465 0.25
0.2475 0.25
0.2485 0.25
0.2495 0.375
0.2505 0.625
0.2515 0.75
0.2525 0.75
0.2535 0.75
0.2545 0.75
0.2555 0.75
0.2565 0.75
0.2575 0.75
0.2585 0.75
0.2595 0.75
0.2605 0.75
0.2615 0.75
0.2625 0.75
0.2635 0.75
0.2645 0.75
0.2655 0.75
0.2665 0.75
0.2675 0.75
0.2685 0.75
0.2695 0.75
0.2705 0.75
0.2715 0.75
0.2725 0.75
0.2735 0.75
0.2745 0.75
0.2755 0.75
0.2765 0.75
0.2775 0.75
0.2785 0.75
0.2795 0.75
0.2805 0.75
0.2815 0.75
0.2825 0.75
0.2835 0.75
0.2845 0.75
0.2855 0.75
0.2865 0.75
0.2875 0.75
0.2885 0.75
0.2895 0.75
0.2905 0.75
0.2915 0.75
0.2925 0.75
0.2935 0.75
0.2945 0.75
0.2955 0.75
0.2965 0.75
0.2975 0.75
0.2985 0.75
0.2995 0.75
0.3005 0.75
0.3015 0.75
0.3025 0.75
0.3035 0.75
0.3045 0.75
0.3055 0.75
0.3065 0.75
0.3075 0.75
0.3085 0.75
0.3095 0.75
0.3105 0.75
0.3115 0.75
0.3125 0.75
0.3135 0.75
0.3145 0.75
0.3155 0.75
0.3165 0.75
0.3175 0.75
0.3185 0.75
0.3195 0.75
0.3205 0.75
0.3215 0.75
0.3225 0.75
0.3235 0.75
0.3245 0.75
0.3255 0.75
0.3265 0.75
0.3275 0.75
0.3285 0.75
0.3295 0.75
0.3305 0.75
0.3315 0.75
0.3325 0.75
0.3335 0.75
0.3345 0.75
0.3355 0.75
0.3365 0.75
0.3375 0.75
0.3385 0.75
0.3395 0.75
0.3405 0.75
0.3415 0.75
0.3425 0.75
0.3435 0.75
0.3445 0.75
0.3455 0.75
0.3465 0.75
0.3475 0.75
0.3485 0.75
0.3495 0.6875
0.3505 0.5625
0.3515 0.5
0.3525 0.5
0.3535 0.5
0.3545 0.5
0.3555 0.5
0.3565 0.5
0.3575 0.5
0.3585 0.5
0.3595 0.5
0.3605 0.5
0.3615 0.5
0.3625 0.5
0.3635 0.5
0.3645 0.5
0.3655 0.5
0.3665 0.5
0.3675 0.5
0.3685 0.5
0.3695 0.5
0.3705 0.5
0.3715 0.5
0.3725 0.5
0.3735 0.5
0.3745 0.5
0.3755 0.5
0.3765 0.5
0.3775 0.5
0.3785 0.5
0.3795 0.5
0.3805 0.5
0.3815 0.5
0.3825 0.5
0.3835 0.5
0.3845 0.5
0.3855 0.5
0.3865 0.5
0.3875 0.5
0.3885 0.5
0.3895 0.5
0.3905 0.5
0.3915 0.5
0.3925 0.5
0.3935 0.5
0.3945 0.5
0.3955 0.5
0.3965 0.5
0.3975 0.5
0.3985 0.5
0.3995 0.5
0.4005 0.5
0.4015 0.5
0.4025 0.5
0.4035 0.5
0.4045 0.5
0.4055 0.5
0.4065 0.5
0.4075 0.5
0.4085 0.5
0.4095 0.5
0.4105 0.5
0.4115 0.5
0.4125 0.5
0.4135 0.5
0.4145 0.5
0.4155 0.5
0.4165 0.5
0.4175 0.5
0.4185 0.5
0.4195 0.5
0.4205 0.5
0.4215 0.5
0.4225 0.5
0.4235 0.5
0.4245 0.5
0.4255 0.5
0.4265 0.5
0.4275 0.5
0.4285 0.5
0.4295 0.5
0.4305 0.5
0.4315 0.5
0.4325 0.5
0.4335 0.5
0.4345 0.5
0.4355 0.5
0.4365 0.5
0.4375 0.5
0.4385 0.5
0.4395 0.5
0.4405 0.5
0.4415 0.5
0.4425 0.5
0.4435 0.5
0.4445 0.5
0.4455 0.5
0.4465 0.5
0.4475 0.5
0.4485 0.5
0.4495 0.5
0.4505 0.5
0.4515 0.5
0.4525 0.5
0.4535 0.5
0.4545 0.5
0.4555 0.5
0.4565 0.5
0.4575 0.5
0.4585 0.5
0.4595 0.5
0.4605 0.5
0.4615 0.5
0.4625 0.5
0.4635 0.5
0.4645 0.5
0.4655 0.5
0.4665 0.5
0.4675 0.5
0.4685 0.5
0.4695 0.5
0.4705 0.5
0.4715 0.5
0.4725 0.5
0.4735 0.5
0.4745 0.5
0.4755 0.5
0.4765 0.5
0.4775 0.5
0.4785 0.5
0.4795 0.5
0.4805 0.5
0.4815 0.5
0.4825 0.5
0.4835 0.5
0.4845 0.5
0.4855 0.5
0.4865 0.5
0.4875 0.5
0.4885 0.5
0.4895 0.5
0.4905 0.5
0.4915 0.5
0.4925 0.5
0.4935 0.5
0.4945 0.5
0.4955 0.5
0.4965 0.5
0.4975 0.5
0.4985 0.5
0.4995 0.5
0.5005 0.5
0.5015 0.5
0.5025 0.5
0.5035 0.5
0.5045 0.5
0.5055 0.5
0.5065 0.5
0.5075 0.5
0.5085 0.5
0.5095 0.5
0.5105 0.5
0.5115 0.5
0.5125 0.5
0.5135 0.5
0.5145 0.5
0.5155 0.5
0.5165 0.5
0.5175 0.5
0.5185 0.5
0.5195 0.5
0.5205 0.5
0.5215 0.5
0.5225 0.5
0.5235 0.5
0.5245 0.5
0.5255 0.5
0.5265 0.5
0.5275 0.5
0.5285 0.5
0.5295 0.5
0.5305 0.5
0.5315 0.5
0.5325 0.5
0.5335 0.5
0.5345 0.5
0.5355 0.5
0.5365 0.5
0.5375 0.5
0.5385 0.5
0.5395 0.5
0.5405 0.5
0.5415 0.5
0.5425 0.5
0.5435 0.5
0.5445 0.5
0.5455 0.5
0.5465 0.5
0.5475 0.5
0.5485 0.5
0.5495 0.4375
0.5505 0.3125
0.5515 0.25
0.5525 0.25
0.5535 0.25
0.5545 0.25
0.5555 0.25
0.5565 0.25
0.5575 0.25
0.5585 0.25
0.5595 0.25
0.5605 0.25
0.5615 0.25
0.5625 0.25
0.5635 0.25
0.5645 0.25
0.5655 0.25
0.5665 0.25
0.5675 0.25
0.5685 0.25
0.5695 0.25
0.5705 0.25
0.5715 0.25
0.5725 0.25
0.5735 0.25
0.5745 0.25
0.5755 0.25
0.5765 0.25
0.5775 0.25
0.5785 0.25
0.5795 0.25
0.5805 0.25
0.5815 0.25
0.5825 0.25
0.5835 0.25
0.5845 0.25
0.5855 0.25
0.5865 0.25
0.5875 0.25
0.5885 0.25
0.5895 0.25
0.5905 0.25
0.5915 0.25
0.5925 0.25
0.5935 0.25
0.5945 0.25
0.5955 0.25
0.5965 0.25
0.5975 0.25
0.5985 0.25
0.5995 0.25
0.6005 0.25
0.6015 0.25
0.6025 0.25
0.6035 0.25
0.6045 0.25
0.6055 0.25
0.6065 0.25
0.6075 0.25
0.6085 0.25
0.6095 0.25
0.6105 0.25
0.6115 0.25
0.6125 0.25
0.6135 0.25
0.6145 0.25
0.6155 0.25
0.6165 0.25
0.6175 0.25
0.6185 0.25
0.6195 0.25
0.6205 0.25
0.6215 0.25
0.6225 0.25
0.6235 0.25
0.6245 0.25
0.6255 0.25
0.6265 0.25
0.6275 0.25
0.6285 0.25
0.6295 0.25
0.6305 0.25
0.6315 0.25
0.6325 0.25
0.6335 0.25
0.6345 0.25
0.6355 0.25
0.6365 0.25
0.6375 0.25
0.6385 0.25
0.6395 0.25
0.6405 0.25
0.6415 0.25
0.6425 0.25
0.6435 0.25
0.6445 0.25
0.6455 0.25
0.6465 0.25
0.6475 0.25
0.6485 0.25
0.6495 0.25
0.6505 0.25
0.6515 0.25
0.6525 0.25
0.6535 0.25
0.6545 0.25
0.6555 0.25
0.6565 0.25
0.6575 0.25
0.6585 0.25
0.6595 0.25
0.6605 0.25
0.6615 0.25
0.6625 0.25
0.6635 0.25
0.6645 0.25
0.6655 0.25
0.6665 0.25
0.6675 0.25
0.6685 0.25
0.6695 0.25
0.6705 0.25
0.6715 0.25
0.6725 0.25
0.6735 0.25
0.6745 0.25
0.6755 0.25
0.6765 0.25
0.6775 0.25
0.6785 0.25
0.6795 0.25
0.6805 0.25
0.6815 0.25
0.6825 0.25
0.6835 0.25
0.6845 0.25
0.6855 0.25
0.6865 0.25
0.6875 0.25
0.6885 0.25
0.6895 0.25
0.6905 0.25
0.6915 0.25
0.6925 0.25
0.6935 0.25
0.6945 0.25
0.6955 0.25
0.6965 0.25
0.6975 0.25
0.6985 0.25
0.6995 0.25
0.7005 0.25
0.7015 0.25
0.7025 0.25
0.7035 0.25
0.7045 0.25
0.7055 0.25
0.7065 0.25
0.7075 0.25
0.7085 0.25
0.7095 0.25
0.7105 0.25
0.7115 0.25
0.7125 0.25
0.7135 0.25
0.7145 0.25
0.7155 0.25
0.7165 0.25
0.7175 0.25
0.7185 0.25
0.7195 0.25
0.7205 0.25
0.7215 0.25
0.7225 0.25
0.7235 0.25
0.7245 0.25
0.7255 0.25
0.7265 0.25
0.7275 0.25
0.7285 0.25
0.7295 0.25
0.7305 0.25
0.7315 0.25
0.7325 0.25
0.7335 0.25
0.7345 0.25
0.7355 0.25
0.7365 0.25
0.7375 0.25
0.7385 0.25
0.7395 0.25
0.7405 0.25
0.7415 0.25
0.7425 0.25
0.7435 0.25
0.7445 0.25
0.7455 0.25
0.7465 0.25
0.7475 0.25
0.7485 0.25
0.7495 0.375
0.7505 0.625
0.7515 0.75
0.7525 0.75
0.7535 0.75
0.7545 0.75
0.7555 0.75
0.7565 0.75
0.7575 0.75
0.7585 0.75
0.7595 0.75
0.7605 0.75
0.7615 0.75
0.7625 0.75
0.7635 0.75
0.7645 0.75
0.7655 0.75
0.7665 0.75
0.7675 0.75
0.7685 0.75
0.7695 0.75
0.7705 0.75
0.7715 0.75
0.7725 0.75
0.7735 0.75
0.7745 0.75
0.7755 0.75
0.7765 0.75
0.7775 0.75
0.7785 0.75
0.7795 0.75
0.7805 0.75
0.7815 0.75
0.7825 0.75
0.7835 0.75
0.7845 0.75
0.7855 0.75
0.7865 0.75
0.7875 0.75
0.7885 0.75
0.7895 0.75
0.7905 0.75
0.7915 0.75
0.7925 0.75
0.7935 0.75
0.7945 0.75
0.7955 0.75
0.7965 0.75
0.7975 0.75
0.7985 0.75
0.7995 0.75
0.8005 0.75
0.8015 0.75
0.8025 0.75
0.8035 0.75
0.8045 0.75
0.8055 0.75
0.8065 0.75
0.8075 0.75
0.8085 0.75
0.8095 0.75
0.8105 0.75
0.8115 0.75
0.8125 0.75
0.8135 0.75
0.8145 0.75
0.8155 0.75
0.8165 0.75
0.8175 0.75
0.8185 0.75
0.8195 0.75
0.8205 0.75
0.8215 0.75
0.8225 0.75
0.8235 0.75
0.8245 0.75
0.8255 0.75
0.8265 0.75
0.8275 0.75
0.8285 0.75
0.8295 0.75
0.8305 0.75
0.8315 0.75
0.8325 0.75
0.8335 0.75
0.8345 0.75
0.8355 0.75
0.8365 0.75
0.8375 0.75
0.8385 0.75
0.8395 0.75
0.8405 0.75
0.8415 0.75
0.8425 0.75
0.8435 0.75
0.8445 0.75
0.8455 0.75
0.8465 0.75
0.8475 0.75
0.8485 0.75
0.8495 0.6875
0.8505 0.5625
0.8515 0.5
0.8525 0.5
0.8535 0.5
0.8545 0.5
0.8555 0.5
0.8565 0.5
0.8575 0.5
0.8585 0.5
0.8595 0.5
0.8605 0.5
0.8615 0.5
0.8625 0.5
0.8635 0.5
0.8645 0.5
0.8655 0.5
0.8665 0.5
0.8675 0.5
0.8685 0.5
0.8695 0.5
0.8705 0.5
0.8715 0.5
0.8725 0.5
0.8735 0.5
0.8745 0.5
0.8755 0.5
0.8765 0.5
0.8775 0.5
0.8785 0.5
0.8795 0.5
0.8805 0.5
0.8815 0.5
0.8825 0.5
0.8835 0.5
0.8845 0.5
0.8855 0.5
0.8865 0.5
0.8875 0.5
0.8885 0.5
0.8895 0.5
0.8905 0.5
0.8915 0.5
0.8925 0.5
0.8935 0.5
0.8945 0.5
0.8955 0.5
0.8965 0.5
0.8975 0.5
0.8985 0.5
0.8995 0.5
0.9005 0.5
0.9015 0.5
0.9025 0.5
0.9035 0.5
0.9045 0.5
0.9055 0.5
0.9065 0.5
0.9075 0.5
0.9085 0.5
0.9095 0.5
0.9105 0.5
0.9115 0.5
0.9125 0.5
0.9135 0.5
0.9145 0.5
0.9155 0.5
0.9165 0.5
0.9175 0.5
0.9185 0.5
0.9195 0.5
0.9205 0.5
0.9215 0.5
0.9225 0.5
0.9235 0.5
0.9245 0.5
0.9255 0.5
0.9265 0.5
0.9275 0.5
0.9285 0.5
0.9295 0.5
0.9305 0.5
0.9315 0.5
0.9325 0.5
0.9335 0.5
0.9345 0.5
0.9355 0.5
0.9365 0.5
0.9375 0.5
0.9385 0.5
0.9395 0.5
0.9405 0.5
0.9415 0.5
0.9425 0.5
0.9435 0.5
0.9445 0.5
0.9455 0.5
0.9465 0.5
0.9475 0.5
0.9485 0.5
0.9495 0.5
0.9505 0.5
0.9515 0.5
0.9525 0.5
0.9535 0.5
0.9545 0.5
0.9555 0.5
0.9565 0.5
0.9575 0.5
0.9585 0.5
0.9595 0.5
0.9605 0.5
0.9615 0.5
0.9625 0.5
0.9635 0.5
0.9645 0.5
0.9655 0.5
0.9665 0.5
0.9675 0.5
0.9685 0.5
0.9695 0.5
0.9705 0.5
0.9715 0.5
0.9725 0.5
0.9735 0.5
0.9745 0.5
0.9755 0.5
0.9765 0.5
0.9775 0.5
0.9785 0.5
0.9795 0.5
0.9805 0.5
0.9815 0.5
0.9825 0.5
0.9835 0.5
0.9845 0.5
0.9855 0.5
0.9865 0.5
0.9875 0.5
0.9885 0.5
0.9895 0.5
0.9905 0.5
0.9915 0.5
0.9925 0.5
0.9935 0.5
0.9945 0.5
0.9955 0.5
0.9965 0.5
0.9975 0.5
0.9985 0.5
0.9995 0.5

# time= 0.5
0.0005 0.5
0.0015 0.5
0.0025 0.5
0.0035 0.5
0.0045 0.5
0.0055 0.5
0.0065 0.5
0.0075 0.5
0.0085 0.5
0.0095 0.5
0.0105 0.5
0.0115 0.5
0.0125 0.5
0.0135 0.5
0.0145 0.5
0.0155 0.5
0.0165 0.5
0.0175 0.5
0.0185 0.5
0.0195 0.5
0.0205 0.5
0.0215 0.5
0.0225 0.5
0.0235 0.5
0.0245 0.5
0.0255 0.5
0.0265 0.5
0.0275 0.5
0.0285 0.5
0.0295 0.5
0.0305 0.5
0.0315 0.5
0.0325 0.5
0.0335 0.5
0.0345 0.5
0.0355 0.5
0.0365 0.5
0.0375 0.5
0.0385 0.5
0.0395 0.5
0.0405 0.5
0.0415 0.5
0.0425 0.5
0.0435 0.5
0.0445 0.5
0.0455 0.5
0.0465 0.5
0.0475 0.5
0.0485 0.5
0.0495 0.5
0.0505 0.5
0.0515 0.5
0.0525 0.5
0.0535 0.5
0.0545 0.5
0.0555 0.5
0.0565 0.5
0.0575 0.5
0.0585 0.5
0.0595 0.5
0.0605 0.5
0.0615 0.5
0.0625 0.5
0.0635 0.5
0.0645 0.5
0.0655 0.5
0.0665 0.5
0.0675 0.5
0.0685 0.5
0.0695 0.5
0.0705 0.5
0.0715 0.5
0.0725 0.5
0.0735 0.5
0.0745 0.5
0.0755 0.5
0.0765 0.5
0.0775 0.5
0.0785 0.5
0.0795 0.5
0.0805 0.5
0.0815 0.5
0.0825 0.5
0.0835 0.5
0.0845 0.5
0.0855 0.5
0.0865 0.5
0.0875 0.5
0.0885 0.5
0.0895 0.5
0.0905 0.5
0.0915 0.5
0.0925 0.5
0.0935 0.5
0.0945 0.5
0.0955 0.5
0.0965 0.5
0.0975 0.5
0.0985 0.5
0.0995 0.375
0.1005 0.125
0.1015 -7.80626e-18
0.1025 -7.80626e-18
0.1035 -7.80626e-18
0.1045 -7.80626e-18
0.1055 -7.80626e-18
0.1065 -7.80626e-18
0.1075 -7.80626e-18
0.1085 -7.80626e-18
0.1095 -7.80626e-18
0.1105 -7.80626e-18
0.1115 -7.80626e-18
0.1125 -7.80626e-18
0.1135 -7.80626e-18
0.1145 -7.80626e-18
0.1155 -7.80626e-18
0.1165 -7.80626e-18
0.1175 -7.80626e-18
0.1185 -7.80626e-18
0.1195 -7.80626e-18
0.1205 -7.80626e-18
0.1215 -7.80626e-18
0.1225 -7.80626e-18
0.1235 -7.80626e-18
0.1245 -7.80626e-18
0.1255 -7.80626e-18
0.1265 -7.80626e-18
0.1275 -7.80626e-18
0.1285 -7.80626e-18
0.1295 -7.80626e-18
0.1305 -7.80626e-18
0.1315 -7.80626e-18
0.1325 -7.80626e-18
0.1335 -7.80626e-18
0.1345 -7.80626e-18
0.1355 -7.80626e-18
0.1365 -7.80626e-18
0.1375 -7.80626e-18
0.1385 -7.80626e-18
0.1395 -7.80626e-18
0.1405 -7.80626e-18
0.1415 -7.80626e-18
0.1425 -7.80626e-18
0.1435 -7.80626e-18
0.1445 -7.80626e-18
0.1455 -7.80626e-18
0.1465 -7.80626e-18
0.1475 -7.80626e-18
0.1485 -7.80626e-18
0.1495 -7.80626e-18
0.1505 -7.80626e-18
0.1515 -7.80626e-18
0.1525 -7.80626e-18
0.1535 -7.80626e-18
0.1545 -7.80626e-18
0.1555 -7.80626e-18
0.1565 -7.80626e-18
0.1575 -7.80626e-18
0.1585 -7.80626e-18
0.1595 -7.80626e-18
0.1605 -7.80626e-18
0.1615 -7.80626e-18
0.1625 -7.80626e-18
0.1635 -7.80626e-18
0.1645 -7.80626e-18
0.1655 -7.80626e-18
0.1665 -7.80626e-18
0.1675 -7.80626e-18
0.1685 -7.80626e-18
0.1695 -7.80626e-18
0.1705 -7.80626e-18
0.1715 -7.80626e-18
0.1725 -7.80626e-18
0.1735 -7.80626e-18
0.1745 -7.80626e-18
0.1755 -7.80626e-18
0.1765 -7.80626e-18
0.1775 -7.80626e-18
0.1785 -7.80626e-18
0.1795 -7.80626e-18
0.1805 -7.80626e-18
0.1815 -7.80626e-18
0.1825 -7.80626e-18
0.1835 -7.80626e-18
0.1845 -7.80626e-18
0.1855 -7.80626e-18
0.1865 -7.80626e-18
0.1875 -7.80626e-18
0.1885 -7.80626e-18
0.1895 -7.80626e-18
0.1905 -7.80626e-18
0.1915 -7.80626e-18
0.1925 -7.80626e-18
0.1935 -7.80626e-18
0.1945 -7.80626e-18
0.1955 -7.80626e-18
0.1965 -7.80626e-18
0.1975 -7.80626e-18
0.1985 -7.80626e-18
0.1995 -7.80626e-18
0.2005 -7.80626e-18
0.2015 -7.80626e-18
0.2025 -7.80626e-18
0.2035 -7.80626e-18
0.2045 -7.80626e-18
0.2055 -7.80626e-18
0.2065 -7.80626e-18
0.2075 -7.80626e-18
0.2085 -7.80626e-18
0.2095 -7.80626e-18
0.2105 -7.80626e-18
0.2115 -7.80626e-18
0.2125 -7.80626e-18
0.2135 -7.80626e-18
0.2145 -7.80626e-18
0.2155 -7.80626e-18
0.2165 -7.80626e-18
0.2175 -7.80626e-18
0.2185 -7.80626e-18
0.2195 -7.80626e-18
0.2205 -7.80626e-18
0.2215 -7.80626e-18
0.2225 -7.80626e-18
0.2235 -7.80626e-18
0.2245 -7.80626e-18
0.2255 -7.80626e-18
0.2265 -7.80626e-18
0.2275 -7.80626e-18
0.2285 -7.80626e-18
0.2295 -7.80626e-18
0.2305 -7.80626e-18
0.2315 -7.80626e-18
0.2325 -7.80626e-18
0.2335 -7.80626e-18
0.2345 -7.80626e-18
0.2355 -7.80626e-18
0.2365 -7.80626e-18
0.2375 -7.80626e-18
0.2385 -7.80626e-18
0.2395 -7.80626e-18
0.2405 -7.80626e-18
0.2415 -7.80626e-18
0.2425 -7.80626e-18
0.2435 -7.80626e-18
0.2445 -7.80626e-18
0.2455 -7.80626e-18
0.2465 -7.80626e-18
0.2475 -7.80626e-18
0.2485 -7.80626e-18
0.2495 -7.80626e-18
0.2505 -7.80626e-18
0.2515 -7.80626e-18
0.2525 -7.80626e-18
0.2535 -7.80626e-18
0.2545 -7.80626e-18
0.2555 -7.80626e-18
0.2565 -7.80626e-18
0.2575 -7.80626e-18
0.2585 -7.80626e-18
0.2595 -7.80626e-18
0.2605 -7.80626e-18
0.2615 -7.80626e-18
0.2625 -7.80626e-18
0.2635 -7.80626e-18
0.2645 -7.80626e-18
0.2655 -7.80626e-18
0.2665 -7.80626e-18
0.2675 -7.80626e-18
0.2685 -7.80626e-18
0.2695 -7.80626e-18
0.2705 -7.80626e-18
0.2715 -7.80626e-18
0.2725 -7.80626e-18
0.2735 -7.80626e-18
0.2745 -7.80626e-18
0.2755 -7.80626e-18
0.2765 -7.80626e-18
0.2775 -7.80626e-18
0.2785 -7.80626e-18
0.2795 -7.80626e-18
0.2805 -7.80626e-18
0.2815 -7.80626e-18
0.2825 -7.80626e-18
0.2835 -7.80626e-18
0.2845 -7.80626e-18
0.2855 -7.80626e-18
0.2865 -7.80626e-18
0.2875 -7.80626e-18
0.2885 -7.80626e-18
0.2895 -7.80626e-18
0.2905 -7.80626e-18
0.2915 -7.80626e-18
0.2925 -7.80626e-18
0.2935 -7.80626e-18
0.2945 -7.80626e-18
0.2955 -7.80626e-18
0.2965 -7.80626e-18
0.2975 -7.80626e-18
0.2985 -7.80626e-18
0.2995 -7.80626e-18
0.3005 -7.80626e-18
0.3015 -7.80626e-18
0.3025 -7.80626e-18
0.3035 -7.80626e-18
0.3045 -7.80626e-18
0.3055 -7.80626e-18
0.3065 -7.80626e-18
0.3075 -7.80626e-18
0.3085 -7.80626e-18
0.3095 -7.80626e-18
0.3105 -7.80626e-18
0.3115 -7.80626e-18
0.3125 -7.80626e-18
0.3135 -7.80626e-18
0.3145 -7.80626e-18
0.3155 -7.80626e-18
0.3165 -7.80626e-18
0.3175 -7.80626e-18
0.3185 -7.80626e-18
0.3195 -7.80626e-18
0.3205 -7.80626e-18
0.3215 -7.80626e-18
0.3225 -7.80626e-18
0.3235 -7.80626e-18
0.3245 -7.80626e-18
0.3255 -7.80626e-18
0.3265 -7.80626e-18
0.3275 -7.80626e-18
0.3285 -7.80626e-18
0.3295 -7.80626e-18
0.3305 -7.80626e-18
0.3315 -7.80626e-18
0.3325 -7.80626e-18
0.3335 -7.80626e-18
0.3345 -7.80626e-18
0.3355 -7.80626e-18
0.3365 -7.80626e-18
0.3375 -7.80626e-18
0.3385 -7.80626e-18
0.3395 -7.80626e-18
0.3405 -7.80626e-18
0.3415 -7.80626e-18
0.3425 -7.80626e-18
0.3435 -7.80626e-18
0.3445 -7.80626e-18
0.3455 -7.80626e-18
0.3465 -7.80626e-18
0.3475 -7.80626e-18
0.3485 -7.80626e-18
0.3495 -7.80626e-18
0.3505 -7.80626e-18
0.3515 -7.80626e-18
0.3525 -7.80626e-18
0.3535 -7.80626e-18
0.3545 -7.80626e-18
0.3555 -7.80626e-18
0.3565 -7.80626e-18
0.3575 -7.80626e-18
0.3585 -7.80626e-18
0.3595 -7.80626e-18
0.3605 -7.80626e-18
0.3615 -7.80626e-18
0.3625 -7.80626e-18
0.3635 -7.80626e-18
0.3645 -7.80626e-18
0.3655 -7.80626e-18
0.3665 -7.80626e-18
0.3675 -7.80626e-18
0.3685 -7.80626e-18
0.3695 -7.80626e-18
0.3705 -7.80626e-18
0.3715 -7.80626e-18
0.3725 -7.80626e-18
0.3735 -7.80626e-18
0.3745 -7.80626e-18
0.3755 -7.80626e-18
0.3765 -7.80626e-18
0.3775 -7.80626e-18
0.3785 -7.80626e-18
0.3795 -7.80626e-18
0.3805 -7.80626e-18
0.3815 -7.80626e-18
0.3825 -7.80626e-18
0.3835 -7.80626e-18
0.3845 -7.80626e-18
0.3855 -7.80626e-18
0.3865 -7.80626e-18
0.3875 -7.80626e-18
0.3885 -7.80626e-18
0.3895 -7.80626e-18
0.3905 -7.80626e-18
0.3915 -7.80626e-18
0.3925 -7.80626e-18
0.3935 -7.80626e-18
0.3945 -7.80626e-18
0.3955 -7.80626e-18
0.3965 -7.80626e-18
0.3975 -7.80626e-18
0.3985 -7.80626e-18
0.3995 -7.80626e-18
0.4005 -7.80626e-18
0.4015 -7.80626e-18
0.4025 -7.80626e-18
0.4035 -7.80626e-18
0.4045 -7.80626e-18
0.4055 -7.80626e-18
0.4065 -7.80626e-18
0.4075 -7.80626e-18
0.4085 -7.80626e-18
0.4095 -7.80626e-18
0.4105 -7.80626e-18
0.4115 -7.80626e-18
0.4125 -7.80626e-18
0.4135 -7.80626e-18
0.4145 -7.80626e-18
0.4155 -7.80626e-18
0.4165 -7.80626e-18
0.4175 -7.80626e-18
0.4185 -7.80626e-18
0.4195 -7.80626e-18
0.4205 -7.80626e-18
0.4215 -7.80626e-18
0.4225 -7.80626e-18
0.4235 -7.80626e-18
0.4245 -7.80626e-18
0.4255 -7.80626e-18
0.4265 -7.80626e-18
0.4275 -7.80626e-18
0.4285 -7.80626e-18
0.4295 -7.80626e-18
0.4305 -7.80626e-18
0.4315 -7.80626e-18
0.4325 -7.80626e-18
0.4335 -7.80626e-18
0.4345 -7.80626e-18
0.4355 -7.80626e-18
0.4365 -7.80626e-18
0.4375 -7.80626e-18
0.4385 -7.80626e-18
0.4395 -7.80626e-18
0.4405 -7.80626e-18
0.4415 -7.80626e-18
0.4425 -7.80626e-18
0.4435 -7.80626e-18
0.4445 -7.80626e-18
0.4455 -7.80626e-18
0.4465 -7.80626e-18
0.4475 -7.80626e-18
0.4485 -7.80626e-18
0.4495 -7.80626e-18
0.4505 -7.80626e-18
0.4515 -7.80626e-18
0.4525 -7.80626e-18
0.4535 -7.80626e-18
0.4545 -7.80626e-18
0.4555 -7.80626e-18
0.4565 -7.80626e-18
0.4575 -7.80626e-18
0.4585 -7.80626e-18
0.4595 -7.80626e-18
0.4605 -7.80626e-18
0.4615 -7.80626e-18
0.4625 -7.80626e-18
0.4635 -7.80626e-18
0.4645 -7.80626e-18
0.4655 -7.80626e-18
0.4665 -7.80626e-18
0.4675 -7.80626e-18
0.4685 -7.80626e-18
0.4695 -7.80626e-18
0.4705 -7.80626e-18
0.4715 -7.80626e-18
0.4725 -7.80626e-18
0.4735 -7.80626e-18
0.4745 -7.80626e-18
0.4755 -7.80626e-18
0.4765 -7.80626e-18
0.4775 -7.80626e-18
0.4785 -7.80626e-18
0.4795 -7.80626e-18
0.4805 -7.80626e-18
0.4815 -7.80626e-18
0.4825 -7.80626e-18
0.4835 -7.80626e-18
0.4845 -7.80626e-18
0.4855 -7.80626e-18
0.4865 -7.80626e-18
0.4875 -7.80626e-18
0.4885 -7.80626e-18
0.4895 -7.80626e-18
0.4905 -7.80626e-18
0.4915 -7.80626e-18
0.4925 -7.80626e-18
0.4935 -7.80626e-18
0.4945 -7.80626e-18
0.4955 -7.80626e-18
0.4965 -7.80626e-18
0.4975 -7.80626e-18
0.4985 -7.80626e-18
0.4995 0.25
0.5005 0.75
0.5015 1
0.5025 1
0.5035 1
0.5045 1
0.5055 1
0.5065 1
0.5075 1
0.5085 1
0.5095 1
0.5105 1
0.5115 1
0.5125 1
0.5135 1
0.5145 1
0.5155 1
0.5165 1
0.5175 1
0.5185 1
0.5195 1
0.5205 1
0.5215 1
0.5225 1
0.5235 1
0.5245 1
0.5255 1
0.5265 1
0.5275 1
0.5285 1
0.5295 1
0.5305 1
0.5315 1
0.5325 1
0.5335 1
0.5345 1
0.5355 1
0.5365 1
0.5375 1
0.5385 1
0.5395 1
0.5405 1
0.5415 1
0.5425 1
0.5435 1
0.5445 1
0.5455 1
0.5465 1
0.5475 1
0.5485 1
0.5495 1
0.5505 1
0.5515 1
0.5525 1
0.5535 1
0.5545 1
0.5555 1
0.5565 1
0.5575 1
0.5585 1
0.5595 1
0.5605 1
0.5615 1
0.5625 1
0.5635 1
0.5645 1
0.5655 1
0.5665 1
0.5675 1
0.5685 1
0.5695 1
0.5705 1
0.5715 1
0.5725 1
0.5735 1
0.5745 1
0.5755 1
0.5765 1
0.5775 1
0.5785 1
0.5795 1
0.5805 1
0.5815 1
0.5825 1
0.5835 1
0.5845 1
0.5855 1
0.5865 1
0.5875 1
0.5885 1
0.5895 1
0.5905 1
0.5915 1
0.5925 1
0.5935 1
0.5945 1
0.5955 1
0.5965 1
0.5975 1
0.5985 1
0.5995 1
0.6005 1
0.6015 1
0.6025 1
0.6035 1
0.6045 1
0.6055 1
0.6065 1
0.6075 1
0.6085 1
0.6095 1
0.6105 1
0.6115 1
0.6125 1
0.6135 1
0.6145 1
0.6155 1
0.6165 1
0.6175 1
0.6185 1
0.6195 1
0.6205 1
0.6215 1
0.6225 1
0.6235 1
0.6245 1
0.6255 1
0.6265 1
0.6275 1
0.6285 1
0.6295 1
0.6305 1
0.6315 1
0.6325 1
0.6335 1
0.6345 1
0.6355 1
0.6365 1
0.6375 1
0.6385 1
0.6395 1
0.6405 1
0.6415 1
0.6425 1
0.6435 1
0.6445 1
0.6455 1
0.6465 1
0.6475 1
0.6485 1
0.6495 1
0.6505 1
0.6515 1
0.6525 1
0.6535 1
0.6545 1
0.6555 1
0.6565 1
0.6575 1
0.6585 1
0.6595 1
0.6605 1
0.6615 1
0.6625 1
0.6635 1
0.6645 1
0.6655 1
0.6665 1
0.6675 1
0.6685 1
0.6695 1
0.6705 1
0.6715 1
0.6725 1
0.6735 1
0.6745 1
0.6755 1
0.6765 1
0.6775 1
0.6785 1
0.6795 1
0.6805 1
0.6815 1
0.6825 1
0.6835 1
0.6845 1
0.6855 1
0.6865 1
0.6875 1
0.6885 1
0.6895 1
0.6905 1
0.6915 1
0.6925 1
0.6935 1
0.6945 1
0.6955 1
0.6965 1
0.6975 1
0.6985 1
0.6995 1
0.7005 1
0.7015 1
0.7025 1
0.7035 1
0.7045 1
0.7055 1
0.7065 1
0.7075 1
0.7085 1
0.7095 1
0.7105 1
0.7115 1
0.7125 1
0.7135 1
0.7145 1
0.7155 1
0.7165 1
0.7175 1
0.7185 1
0.7195 1
0.7205 1
0.7215 1
0.7225 1
0.7235 1
0.7245 1
0.7255 1
0.7265 1
0.7275 1
0.7285 1
0.7295 1
0.7305 1
0.7315 1
0.7325 1
0.7335 1
0.7345 1
0.7355 1
0.7365 1
0.7375 1
0.7385 1
0.7395 1
0.7405 1
0.7415 1
0.7425 1
0.7435 1
0.7445 1
0.7455 1
0.7465 1
0.7475 1
0.7485 1
0.7495 1
0.7505 1
0.7515 1
0.7525 1
0.7535 1
0.7545 1
0.7555 1
0.7565 1
0.7575 1
0.7585 1
0.7595 1
0.7605 1
0.7615 1
0.7625 1
0.7635 1
0.7645 1
0.7655 1
0.7665 1
0.7675 1
0.7685 1
0.7695 1
0.7705 1
0.7715 1
0.7725 1
0.7735 1
0.7745 1
0.7755 1
0.7765 1
0.7775 1
0.7785 1
0.7795 1
0.7805 1
0.7815 1
0.7825 1
0.7835 1
0.7845 1
0.7855 1
0.7865 1
0.7875 1
0.7885 1
0.7895 1
0.7905 1
0.7915 1
0.7925 1
0.7935 1
0.7945 1
0.7955 1
0.7965 1
0.7975 1
0.7985 1
0.7995 0.875
0.8005 0.625
0.8015 0.5
0.8025 0.5
0.8035 0.5
0.8045 0.5
0.8055 0.5
0.8065 0.5
0.8075 0.5
0.8085 0.5
0.8095 0.5
0.8105 0.5
0.8115 0.5
0.8125 0.5
0.8135 0.5
0.8145 0.5
0.8155 0.5
0.8165 0.5
0.8175 0.5
0.8185 0.5
0.8195 0.5
0.8205 0.5
0.8215 0.5
0.8225 0.5
0.8235 0.5
0.8245 0.5
0.8255 0.5
0.8265 0.5
0.8275 0.5
0.8285 0.5
0.8295 0.5
0.8305 0.5
0.8315 0.5
0.8325 0.5
0.8335 0.5
0.8345 0.5
0.8355 0.5
0.8365 0.5
0.8375 0.5
0.8385 0.5
0.8395 0.5
0.8405 0.5
0.8415 0.5
0.8425 0.5
0.8435 0.5
0.8445 0.5
0.8455 0.5
0.8465 0.5
0.8475 0.5
0.8485 0.5
0.8495 0.5
0.8505 0.5
0.8515 0.5
0.8525 0.5
0.8535 0.5
0.8545 0.5
0.8555 0.5
0.8565 0.5
0.8575 0.5
0.8585 0.5
0.8595 0.5
0.8605 0.5
0.8615 0.5
0.8625 0.5
0.8635 0.5
0.8645 0.5
0.8655 0.5
0.8665 0.5
0.8675 0.5
0.8685 0.5
0.8695 0.5
0.8705 0.5
0.8715 0.5
0.8725 0.5
0.8735 0.5
0.8745 0.5
0.8755 0.5
0.8765 0.5
0.8775 0.5
0.8785 0.5
0.8795 0.5
0.8805 0.5
0.8815 0.5
0.8825 0.5
0.8835 0.5
0.8845 0.5
0.8855 0.5
0.8865 0.5
0.8875 0.5
0.8885 0.5
0.8895 0.5
0.8905 0.5
0.8915 0.5
0.8925 0.5
0.8935 0.5
0.8945 0.5
0.8955 0.5
0.8965 0.5
0.8975 0.5
0.8985 0.5
0.8995 0.5
0.9005 0.5
0.9015 0.5
0.9025 0.5
0.9035 0.5
0.9045 0.5
0.9055 0.5
0.9065 0.5
0.9075 0.5
0.9085 0.5
0.9095 0.5
0.9105 0.5
0.9115 0.5
0.9125 0.5
0.9135 0.5
0.9145 0.5
0.9155 0.5
0.9165 0.5
0.9175 0.5
0.9185 0.5
0.9195 0.5
0.9205 0.5
0.9215 0.5
0.9225 0.5
0.9235 0.5
0.9245 0.5
0.9255 0.5
0.9265 0.5
0.9275 0.5
0.9285 0.5
0.9295 0.5
0.9305 0.5
0.9315 0.5
0.9325 0.5
0.9335 0.5
0.9345 0.5
0.9355 0.5
0.9365 0.5
0.9375 0.5
0.9385 0.5
0.9395 0.5
0.9405 0.5
0.9415 0.5
0.9425 0.5
0.9435 0.5
0.9445 0.5
0.9455 0.5
0.9465 0.5
0.9475 0.5
0.9485 0.5
0.9495 0.5
0.9505 0.5
0.9515 0.5
0.9525 0.5
0.9535 0.5
0.9545 0.5
0.9555 0.5
0.9565 0.5
0.9575 0.5
0.9585 0.5
0.9595 0.5
0.9605 0.5
0.9615 0.5
0.9625 0.5
0.9635 0.5
0.9645 0.5
0.9655 0.5
0.9665 0.5
0.9675 0.5
0.9685 0.5
0.9695 0.5
0.9705 0.5
0.9715 0.5
0.9725 0.5
0.9735 0.5
0.9745 0.5
0.9755 0.5
0.9765 0.5
0.9775 0.5
0.9785 0.5
0.9795 0.5
0.9805 0.5
0.9815 0.5
0.9825 0.5
0.9835 0.5
0.9845 0.5
0.9855 0.5
0.9865 0.5
0.9875 0.5
0.9885 0.5
0.9895 0.5
0.9905 0.5
0.9915 0.5
0.9925 0.5
0.9935 0.5
0.9945 0.5
0.9955 0.5
0.9965 0.5
0.9975 0.5
0.9985 0.5
0.9995 0.5

# time= 0.75
0.0005 0.5
0.0015 0.5
0.0025 0.5
0.0035 0.5
0.0045 0.5
0.0055 0.5
0.0065 0.5
0.0075 0.5
0.0085 0.5
0.0095 0.5
0.0105 0.5
0.0115 0.5
0.0125 0.5
0.0135 0.5
0.0145 0.5
0.0155 0.5
0.0165 0.5
0.0175 0.5
0.0185 0.5
0.0195 0.5
0.0205 0.5
0.0215 0.5
0.0225 0.5
0.0235 0.5
0.0245 0.5
0.0255 0.5
0.0265 0.5
0.0275 0.5
0.0285 0.5
0.0295 0.5
0.0305 0.5
0.0315 0.5
0.0325 0.5
0.0335 0.5
0.0345 0.5
0.0355 0.5
0.0365 0.5
0.0375 0.5
0.0385 0.5
0.0395 0.5
0.0405 0.5
0.0415 0.5
0.0425 0.5
0.0435 0.5
0.0445 0.5
0.0455 0.5
0.0465 0.5
0.0475 0.5
0.0485 0.5
0.0495 0.4375
0.0505 0.3125
0.0515 0.25
0.0525 0.25
0.0535 0.25
0.0545 0.25
0.0555 0.25
0.0565 0.25
0.0575 0.25
0.0585 0.25
0.0595 0.25
0.0605 0.25
0.0615 0.25
0.0625 0.25
0.0635 0.25
0.0645 0.25
0.0655 0.25
0.0665 0.25
0.0675 0.25
0.0685 0.25
0.0695 0.25
0.0705 0.25
0.0715 0.25
0.0725 0.25
0.0735 0.25
0.0745 0.25
0.0755 0.25
0.0765 0.25
0.0775 0.25
0.0785 0.25
0.0795 0.25
0.0805 0.25
0.0815 0.25
0.0825 0.25
0.0835 0.25
0.0845 0.25
0.0855 0.25
0.0865 0.25
0.0875 0.25
0.0885 0.25
0.0895 0.25
0.0905 0.25
0.0915 0.25
0.0925 0.25
0.0935 0.25
0.0945 0.25
0.0955 0.25
0.0965 0.25
0.0975 0.25
0.0985 0.25
0.0995 0.25
0.1005 0.25
0.1015 0.25
0.1025 0.25
0.1035 0.25
0.1045 0.25
0.1055 0.25
0.1065 0.25
0.1075 0.25
0.1085 0.25
0.1095 0.25
0.1105 0.25
0.1115 0.25
0.1125 0.25
0.1135 0.25
0.1145 0.25
0.1155 0.25
0.1165 0.25
0.1175 0.25
0.1185 0.25
0.1195 0.25
0.1205 0.25
0.1215 0.25
0.1225 0.25
0.1235 0.25
0.1245 0.25
0.1255 0.25
0.1265 0.25
0.1275 0.25
0.1285 0.25
0.1295 0.25
0.1305 0.25
0.1315 0.25
0.1325 0.25
0.1335 0.25
0.1345 0.25
0.1355 0.25
0.1365 0.25
0.1375 0.25
0.1385 0.25
0.1395 0.25
0.1405 0.25
0.1415 0.25
0.1425 0.25
0.1435 0.25
0.1445 0.25
0.1455 0.25
0.1465 0.25
0.1475 0.25
0.1485 0.25
0.1495 0.25
0.1505 0.25
0.1515 0.25
0.1525 0.25
0.1535 0.25
0.1545 0.25
0.1555 0.25
0.1565 0.25
0.1575 0.25
0.1585 0.25
0.1595 0.25
0.1605 0.25
0.1615 0.25
0.1625 0.25
0.1635 0.25
0.1645 0.25
0.1655 0.25
0.1665 0.25
0.1675 0.25
0.1685 0.25
0.1695 0.25
0.1705 0.25
0.1715 0.25
0.1725 0.25
0.1735 0.25
0.1745 0.25
0.1755 0.25
0.1765 0.25
0.1775 0.25
0.1785 0.25
0.1795 0.25
0.1805 0.25
0.1815 0.25
0.1825 0.25
0.1835 0.25
0.1845 0.25
0.1855 0.25
0.1865 0.25
0.1875 0.25
0.1885 0.25
0.1895 0.25
0.1905 0.25
0.1915 0.25
0.1925 0.25
0.1935 0.25
0.1945 0.25
0.1955 0.25
0.1965 0.25
0.1975 0.25
0.1985 0.25
0.1995 0.25
0.2005 0.25
0.2015 0.25
0.2025 0.25
0.2035 0.25
0.2045 0.25
0.2055 0.25
0.2065 0.25
0.2075 0.25
0.2085 0.25
0.2095 0.25
0.2105 0.25
0.2115 0.25
0.2125 0.25
0.2135 0.25
0.2145 0.25
0.2155 0.25
0.2165 0.25
0.2175 0.25
0.2185 0.25
0.2195 0.25
0.2205 0.25
0.2215 0.25
0.2225 0.25
0.2235 0.25
0.2245 0.25
0.2255 0.25
0.2265 0.25
0.2275 0.25
0.2285 0.25
0.2295 0.25
0.2305 0.25
0.2315 0.25
0.2325 0.25
0.2335 0.25
0.2345 0.25
0.2355 0.25
0.2365 0.25
0.2375 0.25
0.2385 0.25
0.2395 0.25
0.2405 0.25
0.2415 0.25
0.2425 0.25
0.2435 0.25
0.2445 0.25
0.2455 0.25
0.2465 0.25
0.2475 0.25
0.2485 0.25
0.2495 0.375
0.2505 0.625
0.2515 0.75
0.2525 0.75
0.2535 0.75
0.2545 0.75
0.2555 0.75
0.2565 0.75
0.2575 0.75
0.2585 0.75
0.2595 0.75
0.2605 0.75
0.2615 0.75
0.2625 0.75
0.2635 0.75
0.2645 0.75
0.2655 0.75
0.2665 0.75
0.2675 0.75
0.2685 0.75
0.2695 0.75
0.2705 0.75
0.2715 0.75
0.2725 0.75
0.2735 0.75
0.2745 0.75
0.2755 0.75
0.2765 0.75
0.2775 0.75
0.2785 0.75
0.2795 0.75
0.2805 0.75
0.2815 0.75
0.2825 0.75
0.2835 0.75
0.2845 0.75
0.2855 0.75
0.2865 0.75
0.2875 0.75
0.2885 0.75
0.2895 0.75
0.2905 0.75
0.2915 0.75
0.2925 0.75
0.2935 0.75
0.2945 0.75
0.2955 0.75
0.2965 0.75
0.2975 0.75
0.2985 0.75
0.2995 0.75
0.3005 0.75
0.3015 0.75
0.3025 0.75
0.3035 0.75
0.3045 0.75
0.3055 0.75
0.3065 0.75
0.3075 0.75
0.3085 0.75
0.3095 0.75
0.3105 0.75
0.3115 0.75
0.3125 0.75
0.3135 0.75
0.3145 0.75
0.3155 0.75
0.3165 0.75
0.3175 0.75
0.3185 0.75
0.3195 0.75
0.3205 0.75
0.3215 0.75
0.3225 0.75
0.3235 0.75
0.3245 0.75
0.3255 0.75
0.3265 0.75
0.3275 0.75
0.3285 0.75
0.3295 0.75
0.3305 0.75
0.3315 0.75
0.3325 0.75
0.3335 0.75
0.3345 0.75
0.3355 0.75
0.3365 0.75
0.3375 0.75
0.3385 0.75
0.3395 0.75
0.3405 0.75
0.3415 0.75
0.3425 0.75
0.3435 0.75
0.3445 0.75
0.3455 0.75
0.3465 0.75
0.3475 0.75
0.3485 0.75
0.3495 0.6875
0.3505 0.5625
0.3515 0.5
0.3525 0.5
0.3535 0.5
0.3545 0.5
0.3555 0.5
0.3565 0.5
0.3575 0.5
0.3585 0.5
0.3595 0.5
0.3605 0.5
0.3615 0.5
0.3625 0.5
0.3635 0.5
0.3645 0.5
0.3655 0.5
0.3665 0.5
0.3675 0.5
0.3685 0.5
0.3695 0.5
0.3705 0.5
0.3715 0.5
0.3725 0.5
0.3735 0.5
0.3745 0.5
0.3755 0.5
0.3765 0.5
0.3775 0.5
0.3785 0.5
0.3795 0.5
0.3805 0.5
0.3815 0.5
0.3825 0.5
0.3835 0.5
0.3845 0.5
0.3855 0.5
0.3865 0.5
0.3875 0.5
0.3885 0.5
0.3895 0.5
0.3905 0.5
0.3915 0.5
0.3925 0.5
0.3935 0.5
0.3945 0.5
0.3955 0.5
0.3965 0.5
0.3975 0.5
0.3985 0.5
0.3995 0.5
0.4005 0.5
0.4015 0.5
0.4025 0.5
0.4035 0.5
0.4045 0.5
0.4055 0.5
0.4065 0.5
0.4075 0.5
0.4085 0.5
0.4095 0.5
0.4105 0.5
0.4115 0.5
0.4125 0.5
0.4135 0.5
0.4145 0.5
0.4155 0.5
0.4165 0.5
0.4175 0.5
0.4185 0.5
0.4195 0.5
0.4205 0.5
0.4215 0.5
0.4225 0.5
0.4235 0.5
0.4245 0.5
0.4255 0.5
0.4265 0.5
0.4275 0.5
0.4285 0.5
0.4295 0.5
0.4305 0.5
0.4315 0.5
0.4325 0.5
0.4335 0.5
0.4345 0.5
0.4355 0.5
0.4365 0.5
0.4375 0.5
0.4385 0.5
0.4395 0.5
0.4405 0.5
0.4415 0.5
0.4425 0.5
0.4435 0.5
0.4445 0.5
0.4455 0.5
0.4465 0.5
0.4475 0.5
0.4485 0.5
0.4495 0.5
0.4505 0.5
0.4515 0.5
0.4525 0.5
0.4535 0.5
0.4545 0.5
0.4555 0.5
0.4565 0.5
0.4575 0.5
0.4585 0.5
0.4595 0.5
0.4605 0.5
0.4615 0.5
0.4625 0.5
0.4635 0.5
0.4645 0.5
0.4655 0.5
0.4665 0.5
0.4675 0.5
0.4685 0.5
0.4695 0.5
0.4705 0.5
0.4715 0.5
0.4725 0.5
0.4735 0.5
0.4745 0.5
0.4755 0.5
0.4765 0.5
0.4775 0.5
0.4785 0.5
0.4795 0.5
0.4805 0.5
0.4815 0.5
0.4825 0.5
0.4835 0.5
0.4845 0.5
0.4855 0.5
0.4865 0.5
0.4875 0.5
0.4885 0.5
0.4895 0.5
0.4905 0.5
0.4915 0.5
0.4925 0.5
0.4935 0.5
0.4945 0.5
0.4955 0.5
0.4965 0.5
0.4975 0.5
0.4985 0.5
0.4995 0.5
0.5005 0.5
0.5015 0.5
0.5025 0.5
0.5035 0.5
0.5045 0.5
0.5055 0.5
0.5065 0.5
0.5075 0.5
0.5085 0.5
0.5095 0.5
0.5105 0.5
0.5115 0.5
0.5125 0.5
0.5135 0.5
0.5145 0.5
0.5155 0.5
0.5165 0.5
0.5175 0.5
0.5185 0.5
0.5195 0.5
0.5205 0.5
0.5215 0.5
0.5225 0.5
0.5235 0.5
0.5245 0.5
0.5255 0.5
0.5265 0.5
0.5275 0.5
0.5285 0.5
0.5295 0.5
0.5305 0.5
0.5315 0.5
0.5325 0.5
0.5335 0.5
0.5345 0.5
0.5355 0.5
0.5365 0.5
0.5375 0.5
0.5385 0.5
0.5395 0.5
0.5405 0.5
0.5415 0.5
0.5425 0.5
0.5435 0.5
0.5445 0.5
0.5455 0.5
0.5465 0.5
0.5475 0.5
0.5485 0.5
0.5495 0.4375
0.5505 0.3125
0.5515 0.25
0.5525 0.25
0.5535 0.25
0.5545 0.25
0.5555 0.25
0.5565 0.25
0.5575 0.25
0.5585 0.25
0.5595 0.25
0.5605 0.25
0.5615 0.25
0.5625 0.25
0.5635 0.25
0.5645 0.25
0.5655 0.25
0.5665 0.25
0.5675 0.25
0.5685 0.25
0.5695 0.25
0.5705 0.25
0.5715 0.25
0.5725 0.25
0.5735 0.25
0.5745 0.25
0.5755 0.25
0.5765 0.25
0.5775 0.25
0.5785 0.25
0.5795 0.25
0.5805 0.25
0.5815 0.25
0.5825 0.25
0.5835 0.25
0.5845 0.25
0.5855 0.25
0.5865 0.25
0.5875 0.25
0.5885 0.25
0.5895 0.25
0.5905 0.25
0.5915 0.25
0.5925 0.25
0.5935 0.25
0.5945 0.25
0.5955 0.25
0.5965 0.25
0.5975 0.25
0.5985 0.25
0.5995 0.25
0.6005 0.25
0.6015 0.25
0.6025 0.25
0.6035 0.25
0.6045 0.25
0.6055 0.25
0.6065 0.25
0.6075 0.25
0.6085 0.25
0.6095 0.25
0.6105 0.25
0.6115 0.25
0.6125 0.25
0.6135 0.25
0.6145 0.25
0.6155 0.25
0.6165 0.25
0.6175 0.25
0.6185 0.25
0.6195 0.25
0.6205 0.25
0.6215 0.25
0.6225 0.25
0.6235 0.25
0.6245 0.25
0.6255 0.25
0.6265 0.25
0.6275 0.25
0.6285 0.25
0.6295 0.25
0.6305 0.25
0.6315 0.25
0.6325 0.25
0.6335 0.25
0.6345 0.25
0.6355 0.25
0.6365 0.25
0.6375 0.25
0.6385 0.25
0.6395 0.25
0.6405 0.25
0.6415 0.25
0.6425 0.25
0.6435 0.25
0.6445 0.25
0.6455 0.25
0.6465 0.25
0.6475 0.25
0.6485 0.25
0.6495 0.25
0.6505 0.25
0.6515 0.25
0.6525 0.25
0.6535 0.25
0.6545 0.25
0.6555 0.25
0.6565 0.25
0.6575 0.25
0.6585 0.25
0.6595 0.25
0.6605 0.25
0.6615 0.25
0.6625 0.25
0.6635 0.25
0.6645 0.25
0.6655 0.25
0.6665 0.25
0.6675 0.25
0.6685 0.25
0.6695 0.25
0.6705 0.25
0.6715 0.25
0.6725 0.25
0.6735 0.25
0.6745 0.25
0.6755 0.25
0.6765 0.25
0.6775 0.25
0.6785 0.25
0.6795 0.25
0.6805 0.25
0.6815 0.25
0.6825 0.25
0.6835 0.25
0.6845 0.25
0.6855 0.25
0.6865 0.25
0.6875 0.25
0.6885 0.25
0.6895 0.25
0.6905 0.25
0.6915 0.25
0.6925 0.25
0.6935 0.25
0.6945 0.25
0.6955 0.25
0.6965 0.25
0.6975 0.25
0.6985 0.25
0.6995 0.25
0.7005 0.25
0.7015 0.25
0.7025 0.25
0.7035 0.25
0.7045 0.25
0.7055 0.25
0.7065 0.25
0.7075 0.25
0.7085 0.25
0.7095 0.25
0.7105 0.25
0.7115 0.25
0.7125 0.25
0.7135 0.25
0.7145 0.25
0.7155 0.25
0.7165 0.25
0.7175 0.25
0.7185 0.25
0.7195 0.25
0.7205 0.25
0.7215 0.25
0.7225 0.25
0.7235 0.25
0.7245 0.25
0.7255 0.25
0.7265 0.25
0.7275 0.25
0.7285 0.25
0.7295 0.25
0.7305 0.25
0.7315 0.25
0.7325 0.25
0.7335 0.25
0.7345 0.25
0.7355 0.25
0.7365 0.25
0.7375 0.25
0.7385 0.25
0.7395 0.25
0.7405 0.25
0.7415 0.25
0.7425 0.25
0.7435 0.25
0.7445 0.25
0.7455 0.25
0.7465 0.25
0.7475 0.25
0.7485 0.25
0.7495 0.375
0.7505 0.625
0.7515 0.75
0.7525 0.75
0.7535 0.75
0.7545 0.75
0.7555 0.75
0.7565 0.75
0.7575 0.75
0.7585 0.75
0.7595 0.75
0.7605 0.75
0.7615 0.75
0.7625 0.75
0.7635 0.75
0.7645 0.75
0.7655 0.75
0.7665 0.75
0.7675 0.75
0.7685 0.75
0.7695 0.75
0.7705 0.75
0.7715 0.75
0.7725 0.75
0.7735 0.75
0.7745 0.75
0.7755 0.75
0.7765 0.75
0.7775 0.75
0.7785 0.75
0.7795 0.75
0.7805 0.75
0.7815 0.75
0.7825 0.75
0.7835 0.75
0.7845 0.75
0.7855 0.75
0.7865 0.75
0.7875 0.75
0.7885 0.75
0.7895 0.75
0.7905 0.75
0.7915 0.75
0.7925 0.75
0.7935 0.75
0.7945 0.75
0.7955 0.75
0.7965 0.75
0.7975 0.75
0.7985 0.75
0.7995 0.75
0.8005 0.75
0.8015 0.75
0.8025 0.75
0.8035 0.75
0.8045 0.75
0.8055 0.75
0.8065 0.75
0.8075 0.75
0.8085 0.75
0.8095 0.75
0.8105 0.75
0.8115 0.75
0.8125 0.75
0.8135 0.75
0.8145 0.75
0.8155 0.75
0.8165 0.75
0.8175 0.75
0.8185 0.75
0.8195 0.75
0.8205 0.75
0.8215 0.75
0.8225 0.75
0.8235 0.75
0.8245 0.75
0.8255 0.75
0.8265 0.75
0.8275 0.75
0.8285 0.75
0.8295 0.75
0.8305 0.75
0.8315 0.75
0.8325 0.75
0.8335 0.75
0.8345 0.75
0.8355 0.75
0.8365 0.75
0.8375 0.75
0.8385 0.75
0.8395 0.75
0.8405 0.75
0.8415 0.75
0.8425 0.75
0.8435 0.75
0.8445 0.75
0.8455 0.75
0.8465 0.75
0.8475 0.75
0.8485 0.75
0.8495 0.6875
0.8505 0.5625
0.8515 0.5
0.8525 0.5
0.8535 0.5
0.8545 0.5
0.8555 0.5
0.8565 0.5
0.8575 0.5
0.8585 0.5
0.8595 0.5
0.8605 0.5
0.8615 0.5
0.8625 0.5
0.8635 0.5
0.8645 0.5
0.8655 0.5
0.8665 0.5
0.8675 0.5
0.8685 0.5
0.8695 0.5
0.8705 0.5
0.8715 0.5
0.8725 0.5
0.8735 0.5
0.8745 0.5
0.8755 0.5
0.8765 0.5
0.8775 0.5
0.8785 0.5
0.8795 0.5
0.8805 0.5
0.8815 0.5
0.8825 0.5
0.8835 0.5
0.8845 0.5
0.8855 0.5
0.8865 0.5
0.8875 0.5
0.8885 0.5
0.8895 0.5
0.8905 0.5
0.8915 0.5
0.8925 0.5
0.8935 0.5
0.8945 0.5
0.8955 0.5
0.8965 0.5
0.8975 0.5
0.8985 0.5
0.8995 0.5
0.9005 0.5
0.9015 0.5
0.9025 0.5
0.9035 0.5
0.9045 0.5
0.9055 0.5
0.9065 0.5
0.9075 0.5
0.9085 0.5
0.9095 0.5
0.9105 0.5
0.9115 0.5
0.9125 0.5
0.9135 0.5
0.9145 0.5
0.9155 0.5
0.9165 0.5
0.9175 0.5
0.9185 0.5
0.9195 0.5
0.9205 0.5
0.9215 0.5
0.9225 0.5
0.9235 0.5
0.9245 0.5
0.9255 0.5
0.9265 0.5
0.9275 0.5
0.9285 0.5
0.9295 0.5
0.9305 0.5
0.9315 0.5
0.9325 0.5
0.9335 0.5
0.9345 0.5
0.9355 0.5
0.9365 0.5
0.9375 0.5
0.9385 0.5
0.9395 0.5
0.9405 0.5
0.9415 0.5
0.9425 0.5
0.9435 0.5
0.9445 0.5
0.9455 0.5
0.9465 0.5
0.9475 0.5
0.9485 0.5
0.9495 0.5
0.9505 0.5
0.9515 0.5
0.9525 0.5
0.9535 0.5
0.9545 0.5
0.9555 0.5
0.9565 0.5
0.9575 0.5
0.9585 0.5
0.9595 0.5
0.9605 0.5
0.9615 0.5
0.9625 0.5
0.9635 0.5
0.9645 0.5
0.9655 0.5
0.9665 0.5
0.9675 0.5
0.9685 0.5
0.9695 0.5
0.9705 0.5
0.9715 0.5
0.9725 0.5
0.9735 0.5
0.9745 0.5
0.9755 0.5
0.9765 0.5
0.9775 0.5
0.9785 0.5
0.9795 0.5
0.9805 0.5
0.9815 0.5
0.9825 0.5
0.9835 0.5
0.9845 0.5
0.9855 0.5
0.9865 0.5
0.9875 0.5
0.9885 0.5
0.9895 0.5
0.9905 0.5
0.9915 0.5
0.9925 0.5
0.9935 0.5
0.9945 0.5
0.9955 0.5
0.9965 0.5
0.9975 0.5
0.9985 0.5
0.9995 0.5

# time= 1
0.0005 0.75
0.0015 1
0.0025 1
0.0035 1
0.0045 1
0.0055 1
0.0065 1
0.0075 1
0.0085 1
0.0095 1
0.0105 1
0.0115 1
0.0125 1
0.0135 1
0.0145 1
0.0155 1
0.0165 1
0.0175 1
0.0185 1
0.0195 1
0.0205 1
0.0215 1
0.0225 1
0.0235 1
0.0245 1
0.0255 1
0.0265 1
0.0275 1
0.0285 1
0.0295 1
0.0305 1
0.0315 1
0.0325 1
0.0335 1
0.0345 1
0.0355 1
0.0365 1
0.0375 1
0.0385 1
0.0395 1
0.0405 1
0.0415 1
0.0425 1
0.0435 1
0.0445 1
0.0455 1
0.0465 1
0.0475 1
0.0485 1
0.0495 1
0.0505 1
0.0515 1
0.0525 1
0.0535 1
0.0545 1
0.0555 1
0.0565 1
0.0575 1
0.0585 1
0.0595 1
0.0605 1
0.0615 1
0.0625 1
0.0635 1
0.0645 1
0.0655 1
0.0665 1
0.0675 1
0.0685 1
0.0695 1
0.0705 1
0.0715 1
0.0725 1
0.0735 1
0.0745 1
0.0755 1
0.0765 1
0.0775 1
0.0785 1
0.0795 1
0.0805 1
0.0815 1
0.0825 1
0.0835 1
0.0845 1
0.0855 1
0.0865 1
0.0875 1
0.0885 1
0.0895 1
0.0905 1
0.0915 1
0.0925 1
0.0935 1
0.0945 1
0.0955 1
0.0965 1
0.0975 1
0.0985 1
0.0995 1
0.1005 1
0.1015 1
0.1025 1
0.1035 1
0.1045 1
0.1055 1
0.1065 1
0.1075 1
0.1085 1
0.1095 1
0.1105 1
0.1115 1
0.1125 1
0.1135 1
0.1145 1
0.1155 1
0.1165 1
0.1175 1
0.1185 1
0.1195 1
0.1205 1
0.1215 1
0.1225 1
0.1235 1
0.1245 1
0.1255 1
0.1265 1
0.1275 1
0.1285 1
0.1295 1
0.1305 1
0.1315 1
0.1325 1
0.1335 1
0.1345 1
0.1355 1
0.1365 1
0.1375 1
0.1385 1
0.1395 1
0.1405 1
0.1415 1
0.1425 1
0.1435 1
0.1445 1
0.1455 1
0.1465 1
0.1475 1
0.1485 1
0.1495 1
0.1505 1
0.1515 1
0.1525 1
0.1535 1
0.1545 1
0.1555 1
0.1565 1
0.1575 1
0.1585 1
0.1595 1
0.1605 1
0.1615 1
0.1625 1
0.1635 1
0.1645 1
0.1655 1
0.1665 1
0.1675 1
0.1685 1
0.1695 1
0.1705 1
0.1715 1
0.1725 1
0.1735 1
0.1745 1
0.1755 1
0.1765 1
0.1775 1
0.1785 1
0.1795 1
0.1805 1
0.1815 1
0.1825 1
0.1835 1
0.1845 1
0.1855 1
0.1865 1
0.1875 1
0.1885 1
0.1895 1
0.1905 1
0.1915 1
0.1925 1
0.1935 1
0.1945 1
0.1955 1
0.1965 1
0.1975 1
0.1985 1
0.1995 1
0.2005 1
0.2015 1
0.2025 1
0.2035 1
0.2045 1
0.2055 1
0.2065 1
0.2075 1
0.2085 1
0.2095 1
0.2105 1
0.2115 1
0.2125 1
0.2135 1
0.2145 1
0.2155 1
0.2165 1
0.2175 1
0.2185 1
0.2195 1
0.2205 1
0.2215 1
0.2225 1
0.2235 1
0.2245 1
0.2255 1
0.2265 1
0.2275 1
0.2285 1
0.2295 1
0.2305 1
0.2315 1
0.2325 1
0.2335 1
0.2345 1
0.2355 1
0.2365 1
0.2375 1
0.2385 1
0.2395 1
0.2405 1
0.2415 1
0.2425 1
0.2435 1
0.2445 1
0.2455 1
0.2465 1
0.2475 1
0.2485 1
0.2495 1
0.2505 1
0.2515 1
0.2525 1
0.2535 1
0.2545 1
0.2555 1
0.2565 1
0.2575 1
0.2585 1
0.2595 1
0.2605 1
0.2615 1
0.2625 1
0.2635 1
0.2645 1
0.2655 1
0.2665 1
0.2675 1
0.2685 1
0.2695 1
0.2705 1
0.2715 1
0.2725 1
0.2735 1
0.2745 1
0.2755 1
0.2765 1
0.2775 1
0.2785 1
0.2795 1
0.2805 1
0.2815 1
0.2825 1
0.2835 1
0.2845 1
0.2855 1
0.2865 1
0.2875 1
0.2885 1
0.2895 1
0.2905 1
0.2915 1
0.2925 1
0.2935 1
0.2945 1
0.2955 1
0.2965 1
0.2975 1
0.2985 1
0.2995 0.875
0.3005 0.625
0.3015 0.5
0.3025 0.5
0.3035 0.5
0.3045 0.5
0.3055 0.5
0.3065 0.5
0.3075 0.5
0.3085 0.5
0.3095 0.5
0.3105 0.5
0.3115 0.5
0.3125 0.5
0.3135 0.5
0.3145 0.5
0.3155 0.5
0.3165 0.5
0.3175 0.5
0.3185 0.5
0.3195 0.5
0.3205 0.5
0.3215 0.5
0.3225 0.5
0.3235 0.5
0.3245 0.5
0.3255 0.5
0.3265 0.5
0.3275 0.5
0.3285 0.5
0.3295 0.5
0.3305 0.5
0.3315 0.5
0.3325 0.5
0.3335 0.5
0.3345 0.5
0.3355 0.5
0.3365 0.5
0.3375 0.5
0.3385 0.5
0.3395 0.5
0.3405 0.5
0.3415 0.5
0.3425 0.5
0.3435 0.5
0.3445 0.5
0.3455 0.5
0.3465 0.5
0.3475 0.5
0.3485 0.5
0.3495 0.5
0.3505 0.5
0.3515 0.5
0.3525 0.5
0.3535 0.5
0.3545 0.5
0.3555 0.5
0.3565 0.5
0.3575 0.5
0.3585 0.5
0.3595 0.5
0.3605 0.5
0.3615 0.5
0.3625 0.5
0.3635 0.5
0.3645 0.5
0.3655 0.5
0.3665 0.5
0.3675 0.5
0.3685 0.5
0.3695 0.5
0.3705 0.5
0.3715 0.5
0.3725 0.5
0.3735 0.5
0.3745 0.5
0.3755 0.5
0.3765 0.5
0.3775 0.5
0.3785 0.5
0.3795 0.5
0.3805 0.5
0.3815 0.5
0.3825 0.5
0.3835 0.5
0.3845 0.5
0.3855 0.5
0.3865 0.5
0.3875 0.5
0.3885 0.5
0.3895 0.5
0.3905 0.5
0.3915 0.5
0.3925 0.5
0.3935 0.5
0.3945 0.5
0.3955 0.5
0.3965 0.5
0.3975 0.5
0.3985 0.5
0.3995 0.5
0.4005 0.5
0.4015 0.5
0.4025 0.5
0.4035 0.5
0.4045 0.5
0.4055 0.5
0.4065 0.5
0.4075 0.5
0.4085 0.5
0.4095 0.5
0.4105 0.5
0.4115 0.5
0.4125 0.5
0.4135 0.5
0.4145 0.5
0.4155 0.5
0.4165 0.5
0.4175 0.5
0.4185 0.5
0.4195 0.5
0.4205 0.5
0.4215 0.5
0.4225 0.5
0.4235 0.5
0.4245 0.5
0.4255 0.5
0.4265 0.5
0.4275 0.5
0.4285 0.5
0.4295 0.5
0.4305 0.5
0.4315 0.5
0.4325 0.5
0.4335 0.5
0.4345 0.5
0.4355 0.5
0.4365 0.5
0.4375 0.5
0.4385 0.5
0.4395 0.5
0.4405 0.5
0.4415 0.5
0.4425 0.5
0.4435 0.5
0.4445 0.5
0.4455 0.5
0.4465 0.5
0.4475 0.5
0.4485 0.5
0.4495 0.5
0.4505 0.5
0.4515 0.5
0.4525 0.5
0.4535 0.5
0.4545 0.5
0.4555 0.5
0.4565 0.5
0.4575 0.5
0.4585 0.5
0.4595 0.5
0.4605 0.5
0.4615 0.5
0.4625 0.5
0.4635 0.5
0.4645 0.5
0.4655 0.5
0.4665 0.5
0.4675 0.5
0.4685 0.5
0.4695 0.5
0.4705 0.5
0.4715 0.5
0.4725 0.5
0.4735 0.5
0.4745 0.5
0.4755 0.5
0.4765 0.5
0.4775 0.5
0.4785 0.5
0.4795 0.5
0.4805 0.5
0.4815 0.5
0.4825 0.5
0.4835 0.5
0.4845 0.5
0.4855 0.5
0.4865 0.5
0.4875 0.5
0.4885 0.5
0.4895 0.5
0.4905 0.5
0.4915 0.5
0.4925 0.5
0.4935 0.5
0.4945 0.5
0.4955 0.5
0.4965 0.5
0.4975 0.5
0.4985 0.5
0.4995 0.5
0.5005 0.5
0.5015 0.5
0.5025 0.5
0.5035 0.5
0.5045 0.5
0.5055 0.5
0.5065 0.5
0.5075 0.5
0.5085 0.5
0.5095 0.5
0.5105 0.5
0.5115 0.5
0.5125 0.5
0.5135 0.5
0.5145 0.5
0.5155 0.5
0.5165 0.5
0.5175 0.5
0.5185 0.5
0.5195 0.5
0.5205 0.5
0.5215 0.5
0.5225 0.5
0.5235 0.5
0.5245 0.5
0.5255 0.5
0.5265 0.5
0.5275 0.5
0.5285 0.5
0.5295 0.5
0.5305 0.5
0.5315 0.5
0.5325 0.5
0.5335 0.5
0.5345 0.5
0.5355 0.5
0.5365 0.5
0.5375 0.5
0.5385 0.5
0.5395 0.5
0.5405 0.5
0.5415 0.5
0.5425 0.5
0.5435 0.5
0.5445 0.5
0.5455 0.5
0.5465 0.5
0.5475 0.5
0.5485 0.5
0.5495 0.5
0.5505 0.5
0.5515 0.5
0.5525 0.5
0.5535 0.5
0.5545 0.5
0.5555 0.5
0.5565 0.5
0.5575 0.5
0.5585 0.5
0.5595 0.5
0.5605 0.5
0.5615 0.5
0.5625 0.5
0.5635 0.5
0.5645 0.5
0.5655 0.5
0.5665 0.5
0.5675 0.5
0.5685 0.5
0.5695 0.5
0.5705 0.5
0.5715 0.5
0.5725 0.5
0.5735 0.5
0.5745 0.5
0.5755 0.5
0.5765 0.5
0.5775 0.5
0.5785 0.5
0.5795 0.5
0.5805 0.5
0.5815 0.5
0.5825 0.5
0.5835 0.5
0.5845 0.5
0.5855 0.5
0.5865 0.5
0.5875 0.5
0.5885 0.5
0.5895 0.5
0.5905 0.5
0.5915 0.5
0.5925 0.5
0.5935 0.5
0.5945 0.5
0.5955 0.5
0.5965 0.5
0.5975 0.5
0.5985 0.5
0.5995 0.375
0.6005 0.125
0.6015 -7.80626e-18
0.6025 -7.80626e-18
0.6035 -7.80626e-18
0.6045 -7.80626e-18
0.6055 -7.80626e-18
0.6065 -7.80626e-18
0.6075 -7.80626e-18
0.6085 -7.80626e-18
0.6095 -7.80626e-18
0.6105 -7.80626e-18
0.6115 -7.80626e-18
0.6125 -7.80626e-18
0.6135 -7.80626e-18
0.6145 -7.80626e-18
0.6155 -7.80626e-18
0.6165 -7.80626e-18
0.6175 -7.80626e-18
0.6185 -7.80626e-18
0.6195 -7.80626e-18
0.6205 -7.80626e-18
0.6215 -7.80626e-18
0.6225 -7.80626e-18
0.6235 -7.80626e-18
0.6245 -7.80626e-18
0.6255 -7.80626e-18
0.6265 -7.80626e-18
0.6275 -7.80626e-18
0.6285 -7.80626e-18
0.6295 -7.80626e-18
0.6305 -7.80626e-18
0.6315 -7.80626e-18
0.6325 -7.80626e-18
0.6335 -7.80626e-18
0.6345 -7.80626e-18
0.6355 -7.80626e-18
0.6365 -7.80626e-18
0.6375 -7.80626e-18
0.6385 -7.80626e-18
0.6395 -7.80626e-18
0.6405 -7.80626e-18
0.6415 -7.80626e-18
0.6425 -7.80626e-18
0.6435 -7.80626e-18
0.6445 -7.80626e-18
0.6455 -7.80626e-18
0.6465 -7.80626e-18
0.6475 -7.80626e-18
0.6485 -7.80626e-18
0.6495 -7.80626e-18
0.6505 -7.80626e-18
0.6515 -7.80626e-18
0.6525 -7.80626e-18
0.6535 -7.80626e-18
0.6545 -7.80626e-18
0.6555 -7.80626e-18
0.6565 -7.80626e-18
0.6575 -7.80626e-18
0.6585 -7.80626e-18
0.6595 -7.80626e-18
0.6605 -7.80626e-18
0.6615 -7.80626e-18
0.6625 -7.80626e-18
0.6635 -7.80626e-18
0.6645 -7.80626e-18
0.6655 -7.80626e-18
0.6665 -7.80626e-18
0.6675 -7.80626e-18
0.6685 -7.80626e-18
0.6695 -7.80626e-18
0.6705 -7.80626e-18
0.6715 -7.80626e-18
0.6725 -7.80626e-18
0.6735 -7.80626e-18
0.6745 -7.80626e-18
0.6755 -7.80626e-18
0.6765 -7.80626e-18
0.6775 -7.80626e-18
0.6785 -7.80626e-18
0.6795 -7.80626e-18
0.6805 -7.80626e-18
0.6815 -7.80626e-18
0.6825 -7.80626e-18
0.6835 -7.80626e-18
0.6845 -7.80626e-18
0.6855 -7.80626e-18
0.6865 -7.80626e-18
0.6875 -7.80626e-18
0.6885 -7.80626e-18
0.6895 -7.80626e-18
0.6905 -7.80626e-18
0.6915 -7.80626e-18
0.6925 -7.80626e-18
0.6935 -7.80626e-18
0.6945 -7.80626e-18
0.6955 -7.80626e-18
0.6965 -7.80626e-18
0.6975 -7.80626e-18
0.6985 -7.80626e-18
0.6995 -7.80626e-18
0.7005 -7.80626e-18
0.7015 -7.80626e-18
0.7025 -7.80626e-18
0.7035 -7.80626e-18
0.7045 -7.80626e-18
0.7055 -7.80626e-18
0.7065 -7.80626e-18
0.7075 -7.80626e-18
0.7085 -7.80626e-18
0.7095 -7.80626e-18
0.7105 -7.80626e-18
0.7115 -7.80626e-18
0.7125 -7.80626e-18
0.7135 -7.80626e-18
0.7145 -7.80626e-18
0.7155 -7.80626e-18
0.7165 -7.80626e-18
0.7175 -7.80626e-18
0.7185 -7.80626e-18
0.7195 -7.80626e-18
0.7205 -7.80626e-18
0.7215 -7.80626e-18
0.7225 -7.80626e-18
0.7235 -7.80626e-18
0.7245 -7.80626e-18
0.7255 -7.80626e-18
0.7265 -7.80626e-18
0.7275 -7.80626e-18
0.7285 -7.80626e-18
0.7295 -7.80626e-18
0.7305 -7.80626e-18
0.7315 -7.80626e-18
0.7325 -7.80626e-18
0.7335 -7.80626e-18
0.7345 -7.80626e-18
0.7355 -7.80626e-18
0.7365 -7.80626e-18
0.7375 -7.80626e-18
0.7385 -7.80626e-18
0.7395 -7.80626e-18
0.7405 -7.80626e-18
0.7415 -7.80626e-18
0.7425 -7.80626e-18
0.7435 -7.80626e-18
0.7445 -7.80626e-18
0.7455 -7.80626e-18
0.7465 -7.80626e-18
0.7475 -7.80626e-18
0.7485 -7.80626e-18
0.7495 -7.80626e-18
0.7505 -7.80626e-18
0.7515 -7.80626e-18
0.7525 -7.80626e-18
0.7535 -7.80626e-18
0.7545 -7.80626e-18
0.7555 -7.80626e-18
0.7565 -7.80626e-18
0.7575 -7.80626e-18
0.7585 -7.80626e-18
0.7595 -7.80626e-18
0.7605 -7.80626e-18
0.7615 -7.80626e-18
0.7625 -7.80626e-18
0.7635 -7.80626e-18
0.7645 -7.80626e-18
0.7655 -7.80626e-18
0.7665 -7.80626e-18
0.7675 -7.80626e-18
0.7685 -7.80626e-18
0.7695 -7.80626e-18
0.7705 -7.80626e-18
0.7715 -7.80626e-18
0.7725 -7.80626e-18
0.7735 -7.80626e-18
0.7745 -7.80626e-18
0.7755 -7.80626e-18
0.7765 -7.80626e-18
0.7775 -7.80626e-18
0.7785 -7.80626e-18
0.7795 -7.80626e-18
0.7805 -7.80626e-18
0.7815 -7.80626e-18
0.7825 -7.80626e-18
0.7835 -7.80626e-18
0.7845 -7.80626e-18
0.7855 -7.80626e-18
0.7865 -7.80626e-18
0.7875 -7.80626e-18
0.7885 -7.80626e-18
0.7895 -7.80626e-18
0.7905 -7.80626e-18
0.7915 -7.80626e-18
0.7925 -7.80626e-18
0.7935 -7.80626e-18
0.7945 -7.80626e-18
0.7955 -7.80626e-18
0.7965 -7.80626e-18
0.7975 -7.80626e-18
0.7985 -7.80626e-18
0.7995 -7.80626e-18
0.8005 -7.80626e-18
0.8015 -7.80626e-18
0.8025 -7.80626e-18
0.8035 -7.80626e-18
0.8045 -7.80626e-18
0.8055 -7.80626e-18
0.8065 -7.80626e-18
0.8075 -7.80626e-18
0.8085 -7.80626e-18
0.8095 -7.80626e-18
0.8105 -7.80626e-18
0.8115 -7.80626e-18
0.8125 -7.80626e-18
0.8135 -7.80626e-18
0.8145 -7.80626e-18
0.8155 -7.80626e-18
0.8165 -7.80626e-18
0.8175 -7.80626e-18
0.8185 -7.80626e-18
0.8195 -7.80626e-18
0.8205 -7.80626e-18
0.8215 -7.80626e-18
0.8225 -7.80626e-18
0.8235 -7.80626e-18
0.8245 -7.80626e-18
0.8255 -7.80626e-18
0.8265 -7.80626e-18
0.8275 -7.80626e-18
0.8285 -7.80626e-18
0.8295 -7.80626e-18
0.8305 -7.80626e-18
0.8315 -7.80626e-18
0.8325 -7.80626e-18
0.8335 -7.80626e-18
0.8345 -7.80626e-18
0.8355 -7.80626e-18
0.8365 -7.80626e-18
0.8375 -7.80626e-18
0.8385 -7.80626e-18
0.8395 -7.80626e-18
0.8405 -7.80626e-18
0.8415 -7.80626e-18
0.8425 -7.80626e-18
0.8435 -7.80626e-18
0.8445 -7.80626e-18
0.8455 -7.80626e-18
0.8465 -7.80626e-18
0.8475 -7.80626e-18
0.8485 -7.80626e-18
0.8495 -7.80626e-18
0.8505 -7.80626e-18
0.8515 -7.80626e-18
0.8525 -7.80626e-18
0.8535 -7.80626e-18
0.8545 -7.80626e-18
0.8555 -7.80626e-18
0.8565 -7.80626e-18
0.8575 -7.80626e-18
0.8585 -7.80626e-18
0.8595 -7.80626e-18
0.8605 -7.80626e-18
0.8615 -7.80626e-18
0.8625 -7.80626e-18
0.8635 -7.80626e-18
0.8645 -7.80626e-18
0.8655 -7.80626e-18
0.8665 -7.80626e-18
0.8675 -7.80626e-18
0.8685 -7.80626e-18
0.8695 -7.80626e-18
0.8705 -7.80626e-18
0.8715 -7.80626e-18
0.8725 -7.80626e-18
0.8735 -7.80626e-18
0.8745 -7.80626e-18
0.8755 -7.80626e-18
0.8765 -7.80626e-18
0.8775 -7.80626e-18
0.8785 -7.80626e-18
0.8795 -7.80626e-18
0.8805 -7.80626e-18
0.8815 -7.80626e-18
0.8825 -7.80626e-18
0.8835 -7.80626e-18
0.8845 -7.80626e-18
0.8855 -7.80626e-18
0.8865 -7.80626e-18
0.8875 -7.80626e-18
0.8885 -7.80626e-18
0.8895 -7.80626e-18
0.8905 -7.80626e-18
0.8915 -7.80626e-18
0.8925 -7.80626e-18
0.8935 -7.80626e-18
0.8945 -7.80626e-18
0.8955 -7.80626e-18
0.8965 -7.80626e-18
0.8975 -7.80626e-18
0.8985 -7.80626e-18
0.8995 -7.80626e-18
0.9005 -7.80626e-18
0.9015 -7.80626e-18
0.9025 -7.80626e-18
0.9035 -7.80626e-18
0.9045 -7.80626e-18
0.9055 -7.80626e-18
0.9065 -7.80626e-18
0.9075 -7.80626e-18
0.9085 -7.80626e-18
0.9095 -7.80626e-18
0.9105 -7.80626e-18
0.9115 -7.80626e-18
0.9125 -7.80626e-18
0.9135 -7.80626e-18
0.9145 -7.80626e-18
0.9155 -7.80626e-18
0.9165 -7.80626e-18
0.9175 -7.80626e-18
0.9185 -7.80626e-18
0.9195 -7.80626e-18
0.9205 -7.80626e-18
0.9215 -7.80626e-18
0.9225 -7.80626e-18
0.9235 -7.80626e-18
0.9245 -7.80626e-18
0.9255 -7.80626e-18
0.9265 -7.80626e-18
0.9275 -7.80626e-18
0.9285 -7.80626e-18
0.9295 -7.80626e-18
0.9305 -7.80626e-18
0.9315 -7.80626e-18
0.9325 -7.80626e-18
0.9335 -7.80626e-18
0.9345 -7.80626e-18
0.9355 -7.80626e-18
0.9365 -7.80626e-18
0.9375 -7.80626e-18
0.9385 -7.80626e-18
0.9395 -7.80626e-18
0.9405 -7.80626e-18
0.9415 -7.80626e-18
0.9425 -7.80626e-18
0.9435 -7.80626e-18
0.9445 -7.80626e-18
0.9455 -7.80626e-18
0.9465 -7.80626e-18
0.9475 -7.80626e-18
0.9485 -7.80626e-18
0.9495 -7.80626e-18
0.9505 -7.80626e-18
0.9515 -7.80626e-18
0.9525 -7.80626e-18
0.9535 -7.80626e-18
0.9545 -7.80626e-18
0.9555 -7.80626e-18
0.9565 -7.80626e-18
0.9575 -7.80626e-18
0.9585 -7.80626e-18
0.9595 -7.80626e-18
0.9605 -7.80626e-18
0.9615 -7.80626e-18
0.9625 -7.80626e-18
0.9635 -7.80626e-18
0.9645 -7.80626e-18
0.9655 -7.80626e-18
0.9665 -7.80626e-18
0.9675 -7.80626e-18
0.9685 -7.80626e-18
0.9695 -7.80626e-18
0.9705 -7.80626e-18
0.9715 -7.80626e-18
0.9725 -7.80626e-18
0.9735 -7.80626e-18
0.9745 -7.80626e-18
0.9755 -7.80626e-18
0.9765 -7.80626e-18
0.9775 -7.80626e-18
0.9785 -7.80626e-18
0.9795 -7.80626e-18
0.9805 -7.80626e-18
0.9815 -7.80626e-18
0.9825 -7.80626e-18
0.9835 -7.80626e-18
0.9845 -7.80626e-18
0.9855 -7.80626e-18
0.9865 -7.80626e-18
0.9875 -7.80626e-18
0.9885 -7.80626e-18
0.9895 -7.80626e-18
0.9905 -7.80626e-18
0.9915 -7.80626e-18
0.9925 -7.80626e-18
0.9935 -7.80626e-18
0.9945 -7.80626e-18
0.9955 -7.80626e-18
0.9965 -7.80626e-18
0.9975 -7.80626e-18
0.9985 -7.80626e-18
0.9995 0.25
